0 0.517056 0.913074 0.0208406 0.0387373 0.684346
0 0.03832 0.816857 0.0225982 0.040045 0.68336
0 0.162891 0.474291 0.0241794 0.0437113 0.68261
0 0.669513 0.696812 0.0211282 0.0372317 0.677125
0 0.0538366 0.319494 0.0212663 0.0424782 0.674558
0 0.658567 0.914005 0.0207039 0.0348793 0.673184
0 0.394601 0.106796 0.0194099 0.0340665 0.667447
0 0.381405 0.247299 0.021147 0.0368072 0.661008
0 0.930173 0.0917025 0.0208876 0.0318443 0.659989
0 0.688158 0.908931 0.0178117 0.0321224 0.658725
0 0.297948 0.92812 0.0251813 0.0413201 0.657087
0 0.260475 0.281375 0.0203945 0.0366825 0.656343
0 0.732032 0.671733 0.0192897 0.035055 0.653032
0 0.431802 0.265898 0.015119 0.0301778 0.652053
0 0.282104 0.383804 0.0255384 0.0404063 0.651789
0 0.180721 0.42308 0.0230369 0.0412167 0.651292
0 0.483327 0.652223 0.0183775 0.0323849 0.651088
0 0.11405 0.178525 0.0179399 0.0366808 0.646824
0 0.203001 0.528652 0.019042 0.0398629 0.646032
0 0.705526 0.879387 0.0236149 0.0342699 0.645597
0 0.370851 0.153569 0.0149953 0.0290079 0.642864
0 0.713355 0.660786 0.0167864 0.0308824 0.641192
0 0.544408 0.963764 0.0214287 0.0390454 0.640534
0 0.428162 0.0293481 0.0228318 0.0348232 0.639953
0 0.99083 0.233962 0.0183393 0.0424434 0.638939
0 0.320666 0.0751644 0.0150457 0.0269622 0.638391
0 0.611852 0.0617625 0.0192806 0.0319034 0.636965
0 0.783848 0.799909 0.0216772 0.0414585 0.636572
0 0.106471 0.215716 0.016506 0.0356413 0.634733
0 0.625349 0.0999445 0.0182503 0.0344018 0.633337
0 0.519406 0.131459 0.0178524 0.0353136 0.63084
0 0.348619 0.484406 0.0217417 0.0336063 0.62996
0 0.104926 0.858306 0.0181164 0.0300155 0.629852
0 0.403504 0.220021 0.0176844 0.0384983 0.629844
0 0.841781 0.865723 0.0200844 0.0377385 0.629598
0 0.462249 0.386212 0.021849 0.0326182 0.628673
0 0.343271 0.778572 0.0149485 0.0298086 0.627765
0 0.409434 0.269814 0.0185858 0.0327809 0.625962
0 0.579637 0.979193 0.0172949 0.0369458 0.624936
0 0.596355 0.408125 0.0238829 0.0394887 0.624074
0 0.627859 0.930965 0.0183649 0.0355869 0.623995
0 0.150519 0.39395 0.0164838 0.034466 0.623298
0 0.417425 0.0606202 0.014419 0.0291435 0.622757
0 0.773254 0.216224 0.0164036 0.0318642 0.622499
0 0.127491 0.218526 0.0157339 0.0337959 0.621635
0 0.449469 0.227854 0.014868 0.0305 0.620813
0 0.956239 0.147785 0.0190216 0.034873 0.620546
0 0.751724 0.0312025 0.0237412 0.044985 0.619995
0 0.803396 0.068647 0.0215771 0.0347275 0.619869
0 0.31476 0.579241 0.0140225 0.0293328 0.617685
0 0.104243 0.746139 0.023607 0.0445667 0.617273
0 0.230457 0.514597 0.0170982 0.0335409 0.616696
0 0.258978 0.903484 0.0188448 0.0336463 0.616389
0 0.514771 0.723822 0.016387 0.0326593 0.613401
0 0.992076 0.281438 0.0158484 0.0349321 0.613183
0 0.70791 0.927544 0.0182257 0.0308312 0.612808
0 0.483984 0.275225 0.0167873 0.0281333 0.612681
0 0.82989 0.0305723 0.0149948 0.0311434 0.61135
0 0.0555305 0.580466 0.0164144 0.0335152 0.610123
0 0.892024 0.891642 0.016412 0.03113 0.609506
0 0.299583 0.33468 0.0218993 0.0431895 0.609258
0 0.0366101 0.0477353 0.0178366 0.0313189 0.609123
0 0.67998 0.146087 0.0189423 0.0313137 0.608494
0 0.247304 0.205523 0.0186223 0.0367929 0.607849
0 0.709144 0.0855461 0.0240037 0.038544 0.607838
0 0.504998 0.331265 0.0191763 0.031248 0.60771
0 0.695645 0.736518 0.0161736 0.0287771 0.607619
0 0.202246 0.650238 0.0138882 0.0263753 0.607177
0 0.383416 0.562481 0.0200089 0.0384395 0.607174
0 0.735971 0.967398 0.015069 0.0351553 0.60676
0 0.348358 0.0549912 0.0186317 0.031086 0.606716
0 0.267376 0.616099 0.0205063 0.0350781 0.606657
0 0.898103 0.675272 0.0158764 0.0272002 0.606398
0 0.331869 0.0165359 0.0131617 0.0289076 0.606098
0 0.470934 0.0738509 0.0169392 0.0310569 0.605816
0 0.553279 0.154282 0.0192869 0.0341615 0.605786
0 0.59563 0.707064 0.0210311 0.03809 0.603593
0 0.0830914 0.245787 0.022174 0.0364382 0.60358
0 0.768741 0.306895 0.0172998 0.0314346 0.602824
0 0.946118 0.611223 0.0173683 0.0369883 0.60151
0 0.98165 0.676065 0.0153954 0.0248233 0.601038
0 0.960086 0.530468 0.0170437 0.0307782 0.600732
0 0.886129 0.835585 0.0166035 0.0268592 0.600583
0 0.0556358 0.11796 0.0174999 0.0319849 0.59883
0 0.491162 0.378697 0.0283134 0.0492333 0.597868
0 0.377993 0.0638117 0.013718 0.0270102 0.596881
0 0.529352 0.0635471 0.0178688 0.03203 0.595628
0 0.0590461 0.40704 0.0254164 0.0489366 0.594382
0 0.7658 0.147168 0.0157963 0.0295959 0.593766
0 0.934858 0.674655 0.0168739 0.0377897 0.59371
0 0.653294 0.723663 0.0136368 0.0305669 0.593532
0 0.1884 0.469247 0.0240145 0.0388689 0.592105
0 0.0308727 0.307406 0.0212832 0.0290699 0.591624
0 0.984169 0.0899932 0.0172375 0.0309658 0.591263
0 0.217347 0.678747 0.0139137 0.0271244 0.590764
0 0.884325 0.933546 0.0244839 0.0431027 0.590432
0 0.56204 0.826504 0.0148479 0.0269324 0.590214
0 0.926036 0.789928 0.0152332 0.0251224 0.590045
0 0.657087 0.772887 0.0162642 0.0313541 0.59003
0 0.932004 0.51065 0.0139413 0.0272925 0.589724
0 0.545349 0.582788 0.0144424 0.0267773 0.589574
0 0.541172 0.90967 0.0198973 0.0391079 0.589477
0 0.167655 0.606865 0.0174797 0.0290428 0.589277
0 0.329469 0.57985 0.0156073 0.0352632 0.588987
0 0.0827777 0.914171 0.0149186 0.0279393 0.586747
0 0.443503 0.0606892 0.0160507 0.0312812 0.586724
0 0.836496 0.115444 0.0204063 0.0384716 0.585901
0 0.757275 0.818729 0.0181185 0.028914 0.584151
0 0.397191 0.723809 0.0159852 0.033293 0.583965
0 0.790335 0.248079 0.0141764 0.0259357 0.583566
0 0.855576 0.751304 0.0198528 0.0399424 0.583158
0 0.67529 0.748382 0.0183701 0.0317529 0.583124
0 0.768674 0.942498 0.0151991 0.0278457 0.5828
0 0.815554 0.161024 0.0201941 0.0350171 0.582671
0 0.435802 0.85011 0.0157791 0.0303474 0.582554
0 0.776875 0.0694294 0.0154145 0.0277974 0.582374
0 0.366487 0.400961 0.0174071 0.032279 0.581778
0 0.570817 0.087414 0.0199959 0.0333356 0.580942
0 0.422402 0.192725 0.0128828 0.0255023 0.580571
0 0.0150876 0.483689 0.0184581 0.0372567 0.580423
0 0.816305 0.928078 0.0208786 0.0429084 0.580306
0 0.12536 0.612455 0.0152638 0.0255992 0.578817
0 0.332271 0.353121 0.0147217 0.0306772 0.578677
0 0.612544 0.691365 0.0123485 0.0309719 0.578459
0 0.538546 0.609869 0.0145923 0.0265052 0.577667
0 0.0671453 0.728024 0.0196706 0.0335609 0.577132
0 0.687672 0.627319 0.0182868 0.0333821 0.575826
0 0.977388 0.60665 0.0163827 0.0287431 0.575743
0 0.957485 0.190808 0.0159014 0.0331901 0.574896
0 0.570611 0.597712 0.0138535 0.0270466 0.574872
0 0.603406 0.870588 0.0150706 0.0337002 0.573197
0 0.613754 0.176524 0.0155888 0.0273215 0.572549
0 0.205707 0.755846 0.0146424 0.0256276 0.572367
0 0.645478 0.111623 0.0167149 0.0280055 0.570945
0 0.474436 0.220508 0.0185139 0.0334803 0.56955
0 0.858765 0.0839341 0.0203217 0.0358913 0.569374
0 0.351394 0.445117 0.0123561 0.0234636 0.569275
0 0.908514 0.111578 0.0172501 0.0307326 0.569225
0 0.57558 0.52735 0.0141116 0.027373 0.568943
0 0.435914 0.982403 0.0148392 0.0325782 0.568626
0 0.953724 0.956101 0.0207506 0.0490833 0.56832
0 0.249617 0.941029 0.0138817 0.0272766 0.567599
0 0.487805 0.309527 0.0138836 0.0263823 0.566909
0 0.457011 0.874427 0.014537 0.0223175 0.566834
0 0.0964985 0.887996 0.0137999 0.0226808 0.566235
0 0.451833 0.268206 0.0145027 0.0246179 0.566162
0 0.056208 0.271402 0.0248896 0.0305848 0.563576
0 0.200088 0.786343 0.0122424 0.0306508 0.563498
0 0.776203 0.632709 0.0163315 0.032775 0.563409
0 0.95032 0.563882 0.0145309 0.0252575 0.563361
0 0.0737174 0.687351 0.0139303 0.0286934 0.563115
0 0.336051 0.140588 0.0130728 0.0233991 0.562601
0 0.453167 0.683592 0.0142248 0.0282866 0.562264
0 0.195415 0.0850239 0.0147828 0.0287503 0.562241
0 0.137979 0.362388 0.0150254 0.0270498 0.561916
0 0.25554 0.58537 0.0121866 0.0234447 0.561553
0 0.692805 0.672572 0.0191263 0.0336988 0.560688
0 0.471317 0.454231 0.0137827 0.0274245 0.559486
0 0.608179 0.450202 0.0251907 0.0425795 0.559299
0 0.124059 0.66861 0.0165008 0.0248121 0.557746
0 0.215802 0.825362 0.0117849 0.0243876 0.557413
0 0.359472 0.268406 0.0172644 0.0358165 0.556764
0 0.746537 0.728579 0.0171581 0.0310264 0.555916
0 0.207937 0.432114 0.0144916 0.0262449 0.555424
0 0.192585 0.8331 0.0187773 0.0386058 0.554814
0 0.901293 0.70757 0.0131837 0.0240436 0.554402
0 0.632586 0.751239 0.0161039 0.0346861 0.554132
0 0.551912 0.658964 0.014634 0.0245676 0.55208
0 0.62841 0.714579 0.0113053 0.0298663 0.551925
0 0.924731 0.46923 0.0173401 0.0354789 0.551837
0 0.44982 0.0171153 0.0185658 0.0315986 0.551187
0 0.218824 0.770522 0.0114954 0.0242594 0.551062
0 0.426669 0.761334 0.0189377 0.034787 0.550727
0 0.0790783 0.85782 0.0216976 0.0351637 0.55046
0 0.981846 0.0119003 0.0178078 0.0233765 0.549783
0 0.794845 0.212921 0.0146744 0.0295982 0.549291
0 0.182173 0.791183 0.0192222 0.0378191 0.549082
0 0.387965 0.769493 0.0157929 0.0309344 0.548931
0 0.812844 0.273999 0.0163746 0.0393875 0.548144
0 0.846776 0.0312733 0.0144173 0.0295286 0.547928
0 0.819384 0.549559 0.0163891 0.029878 0.547689
0 0.859472 0.917154 0.0158482 0.0358493 0.547508
0 0.281711 0.528139 0.0131124 0.0272897 0.547416
0 0.0323396 0.535873 0.0261706 0.0466406 0.547082
0 0.266616 0.945529 0.0171261 0.0312868 0.54632
0 0.846094 0.518712 0.0149361 0.0262394 0.545903
0 0.719341 0.430508 0.0175643 0.0340693 0.545655
0 0.762838 0.605131 0.0177184 0.0361954 0.545013
0 0.636789 0.308127 0.0210863 0.0361043 0.544805
0 0.651532 0.474261 0.0195309 0.0334535 0.543339
0 0.475946 0.833081 0.0206545 0.0439239 0.543318
0 0.16706 0.74036 0.0199183 0.0313707 0.542389
0 0.919378 0.139924 0.0183632 0.0351712 0.541309
0 0.776467 0.58632 0.0110813 0.0238083 0.541264
0 0.0670965 0.807442 0.021372 0.036869 0.540929
0 0.0151977 0.851694 0.0252504 0.041331 0.53842
0 0.162651 0.533027 0.0165362 0.0333938 0.538177
0 0.951661 0.689541 0.0138914 0.0210578 0.53772
0 0.169638 0.833988 0.0141736 0.0263923 0.536593
0 0.93677 0.12558 0.0177576 0.0326158 0.536564
0 0.784184 0.672766 0.0134563 0.0257031 0.535948
0 0.535072 0.344375 0.01453 0.0251944 0.535515
0 0.874046 0.662839 0.0146422 0.0242193 0.534878
0 0.361699 0.0863899 0.0149859 0.0276546 0.534126
0 0.00715616 0.0119574 0.0140844 0.0233134 0.53396
0 0.0195267 0.947176 0.0140322 0.0303107 0.533916
0 0.947097 0.0743355 0.0130207 0.0287134 0.533692
0 0.464451 0.941208 0.0171446 0.0317265 0.532485
0 0.360757 0.789494 0.0163317 0.0291402 0.531563
0 0.526259 0.0304797 0.0152743 0.0296025 0.53141
0 0.452184 0.165612 0.0122738 0.0263802 0.530228
0 0.542816 0.372147 0.0149458 0.0276996 0.530031
0 0.992429 0.0608235 0.0151427 0.0348363 0.529905
0 0.890229 0.756897 0.0221333 0.0289795 0.529893
0 0.975037 0.120924 0.0210299 0.0343719 0.528874
0 0.76407 0.851487 0.0146018 0.02703 0.528328
0 0.089463 0.669577 0.018101 0.0341908 0.528161
0 0.839923 0.154434 0.0145832 0.026818 0.527553
0 0.669673 0.518063 0.0128888 0.0282335 0.527392
0 0.559674 0.887965 0.0159061 0.0336785 0.527104
0 0.753669 0.761196 0.0162427 0.0259754 0.527086
0 0.599959 0.270679 0.0143257 0.0331368 0.524565
0 0.502581 0.741805 0.0130812 0.024314 0.524227
0 0.138891 0.638117 0.0146457 0.0303479 0.524075
0 0.680163 0.182553 0.0203438 0.0338691 0.524014
0 0.818678 0.386155 0.0191795 0.0341416 0.523568
0 0.236612 0.91075 0.0175819 0.0295678 0.523475
0 0.688036 0.45935 0.0174573 0.0316727 0.523142
0 0.421592 0.304239 0.0157789 0.0347175 0.522804
0 0.678566 0.103493 0.0150688 0.0365312 0.522346
0 0.187309 0.592167 0.0175127 0.0345232 0.522039
0 0.200052 0.931923 0.0188877 0.0291945 0.521999
0 0.384334 0.135851 0.011406 0.0220798 0.521971
0 0.898069 0.256463 0.0168472 0.0343651 0.521906
0 0.889687 0.126104 0.0153309 0.0268357 0.521536
0 0.109581 0.124259 0.0203214 0.0367805 0.52075
0 0.557891 0.78658 0.0121073 0.0215485 0.520594
0 0.717416 0.765264 0.0149435 0.0249066 0.520112
0 0.351743 0.115232 0.0119838 0.0252869 0.519833
0 0.00362137 0.188079 0.00719046 0.0325604 0.519702
0 0.427833 0.225285 0.0116722 0.024557 0.51928
0 0.719178 0.199065 0.0127719 0.0248633 0.517813
0 0.308712 0.114425 0.0128335 0.0282731 0.517019
0 0.0654623 0.0252305 0.0167635 0.0302407 0.516946
0 0.294246 0.0629708 0.0162095 0.0294212 0.516737
0 0.583623 0.662733 0.0147648 0.0326382 0.516655
0 0.548013 0.819325 0.0121169 0.02897 0.515936
0 0.296259 0.276556 0.0207315 0.0329205 0.515671
0 0.328146 0.867109 0.0198645 0.0309367 0.515633
0 0.475696 0.79018 0.0133106 0.0289541 0.514895
0 0.221486 0.411399 0.013663 0.0249523 0.513977
0 0.177894 0.210101 0.0158174 0.0317024 0.512596
0 0.974788 0.506048 0.0135724 0.0275031 0.512218
0 0.900238 0.162428 0.0204411 0.0347092 0.5114
0 0.0657388 0.153634 0.0133992 0.0270237 0.510639
0 0.314753 0.637104 0.0155002 0.0277739 0.509204
0 0.407631 0.0127645 0.0164325 0.0245623 0.509142
0 0.698435 0.418742 0.0138206 0.0267866 0.50898
0 0.528117 0.310206 0.0134537 0.0244173 0.508199
0 0.804614 0.770308 0.0141598 0.0263824 0.507866
0 0.293355 0.136737 0.0123437 0.0313963 0.50783
0 0.15842 0.213279 0.0150244 0.0267904 0.507289
0 0.757735 0.645487 0.0209557 0.0321584 0.506875
0 0.705614 0.841782 0.0163013 0.0268439 0.505921
0 0.582756 0.841399 0.0132345 0.0258006 0.505138
0 0.406828 0.517442 0.0219039 0.0344038 0.50506
0 0.625704 0.645329 0.0268751 0.0407949 0.504529
0 0.544706 0.404994 0.0168787 0.0268904 0.503517
0 0.97691 0.377404 0.0218178 0.0404867 0.503297
0 0.348448 0.926895 0.0187824 0.0373366 0.503175
0 0.565419 0.263557 0.0128658 0.0280546 0.502987
0 0.375277 0.322333 0.0227732 0.0395241 0.502032
0 0.283326 0.877186 0.0167061 0.0345654 0.501945
0 0.545097 0.449916 0.0134482 0.0268633 0.500418
0 0.582222 0.123941 0.0209461 0.0386535 0.500282
0 0.495111 0.176734 0.0185117 0.0369106 0.499253
0 0.319543 0.541516 0.0204044 0.0329255 0.498527
0 0.0354594 0.354411 0.0244528 0.0489305 0.498258
0 0.543824 0.103905 0.0177404 0.031313 0.497664
0 0.310043 0.882044 0.0155666 0.0336829 0.496588
0 0.392275 0.933368 0.0184368 0.0340672 0.496065
0 0.310637 0.440642 0.0203274 0.0382582 0.495946
0 0.59796 0.824099 0.0125783 0.0225074 0.495356
0 0.371609 0.0294185 0.0129121 0.0229123 0.495293
0 0.370179 0.116422 0.0147638 0.0278532 0.495052
0 0.428598 0.142983 0.0140419 0.0219484 0.494794
0 0.535716 0.7929 0.0188972 0.0280233 0.494376
0 0.229626 0.296461 0.0137576 0.0268461 0.494174
0 0.0133835 0.254793 0.0175566 0.0337818 0.493949
0 0.0172676 0.215576 0.0135197 0.0288361 0.493711
0 0.748353 0.926896 0.0171768 0.0301653 0.493647
0 0.916563 0.585898 0.0166855 0.0294437 0.492327
0 0.214237 0.465862 0.0178 0.0294754 0.49191
0 0.497914 0.501652 0.0122178 0.0284946 0.49171
0 0.403064 0.599956 0.0216527 0.0422316 0.491518
0 0.606481 0.740849 0.0134686 0.0239892 0.491297
0 0.541967 0.865022 0.0136467 0.0232836 0.48983
0 0.793243 0.528276 0.0189783 0.033181 0.489798
0 0.901358 0.957281 0.0216602 0.0387793 0.489249
0 0.657508 0.154344 0.0132113 0.0229607 0.488957
0 0.990284 0.709121 0.0186337 0.0340993 0.488874
0 0.781339 0.132883 0.0126011 0.0216822 0.488835
0 0.49885 0.536382 0.016766 0.0286494 0.488499
0 0.726699 0.617115 0.0190903 0.0340866 0.487188
0 0.0043193 0.424517 0.00859858 0.0339552 0.486859
0 0.789141 0.889108 0.0136395 0.0276638 0.486843
0 0.846951 0.937675 0.0163183 0.0274984 0.486533
0 0.340209 0.206413 0.0146902 0.029637 0.485216
0 0.730644 0.864929 0.0151859 0.026588 0.48521
0 0.222918 0.866186 0.0127725 0.0255296 0.484544
0 0.0541068 0.863855 0.020923 0.0316764 0.484372
0 0.208947 0.221266 0.0173364 0.031251 0.483966
0 0.990319 0.479984 0.0140995 0.0220038 0.483933
0 0.87233 0.50724 0.0140928 0.02876 0.483781
0 0.857623 0.965872 0.0167448 0.0269884 0.483524
0 0.289314 0.644155 0.0171482 0.0328669 0.483506
0 0.469652 0.27386 0.0118193 0.0246959 0.483198
0 0.555018 0.239259 0.0144569 0.027687 0.482984
0 0.0786352 0.151416 0.00903559 0.0259579 0.482418
0 0.24535 0.245438 0.0148383 0.0260581 0.482152
0 0.152775 0.44058 0.0164768 0.0283972 0.480817
0 0.811943 0.0399651 0.0151676 0.0285043 0.480536
0 0.429811 0.493794 0.0159986 0.0266986 0.480376
0 0.152145 0.750509 0.0126736 0.0351244 0.477054
0 0.275448 0.346594 0.0141263 0.0249936 0.476798
0 0.770368 0.254609 0.0143426 0.0284123 0.476491
0 0.75516 0.414461 0.0202129 0.0412779 0.476358
0 0.727967 0.0578894 0.0151574 0.027238 0.476327
0 0.518055 0.686091 0.0151604 0.0300067 0.475773
0 0.613497 0.377531 0.0118267 0.0304837 0.475685
0 0.345527 0.0849152 0.0141955 0.0257386 0.474146
0 0.0548294 0.179322 0.019071 0.0333849 0.473457
0 0.0200963 0.982891 0.0167606 0.0308605 0.472883
0 0.384543 0.205956 0.0137038 0.0249126 0.472879
0 0.133627 0.739046 0.0128315 0.0298716 0.472565
0 0.604832 0.524989 0.0142616 0.0282143 0.472552
0 0.752612 0.967231 0.0133574 0.0246229 0.471347
0 0.421994 0.554762 0.0185927 0.0276416 0.471024
0 0.664538 0.873901 0.0153262 0.0260776 0.470577
0 0.929379 0.377481 0.0241817 0.0394497 0.470332
0 0.344609 0.715932 0.0168634 0.0327155 0.469329
0 0.25362 0.979111 0.0131616 0.0292491 0.469177
0 0.183952 0.69188 0.0136362 0.0293857 0.46671
0 0.254156 0.0567963 0.0154812 0.0292188 0.466378
0 0.969868 0.834711 0.0177708 0.0305569 0.465896
0 0.864353 0.537149 0.0150742 0.028963 0.465158
0 0.418252 0.981632 0.0145716 0.0345843 0.465077
0 0.263862 0.872818 0.0158875 0.0255089 0.464854
0 0.575281 0.0344017 0.0155502 0.0382353 0.462879
0 0.146419 0.0273217 0.0242002 0.0389345 0.462149
0 0.277674 0.199074 0.0147629 0.0252065 0.461962
0 0.505685 0.817719 0.0168636 0.0272397 0.461127
0 0.00341764 0.157419 0.0067568 0.0251619 0.460659
0 0.0957919 0.177233 0.0140574 0.0323982 0.45933
0 0.0371067 0.947498 0.0143827 0.0297437 0.459279
0 0.141231 0.915844 0.013766 0.0228678 0.458678
0 0.533257 0.467463 0.0099913 0.0297551 0.458388
0 0.167009 0.242374 0.0196228 0.0334261 0.458005
0 0.0146317 0.153777 0.0140702 0.0221276 0.457667
0 0.820375 0.584432 0.0150589 0.0256783 0.457419
0 0.615347 0.892196 0.0140436 0.0307888 0.457372
0 0.325808 0.824747 0.0261623 0.0438066 0.456553
0 0.28422 0.812643 0.013406 0.0372881 0.454341
0 0.799146 0.965938 0.0168375 0.0268654 0.4542
0 0.0728675 0.554131 0.0180878 0.0309886 0.453459
0 0.26478 0.811564 0.015642 0.0365573 0.453307
0 0.639603 0.0675832 0.0117059 0.022766 0.45267
0 0.0131546 0.666791 0.0169185 0.0266885 0.452552
0 0.509879 0.439951 0.0203577 0.0338537 0.452233
0 0.412959 0.16768 0.012207 0.0310076 0.452159
0 0.6893 0.0242339 0.0167272 0.0330983 0.451286
0 0.233754 0.0446926 0.0135074 0.0293861 0.450646
0 0.523842 0.849212 0.0210954 0.0328658 0.449209
0 0.965398 0.0128557 0.0173318 0.0254923 0.448573
0 0.0630482 0.494738 0.0165365 0.0284697 0.44818
0 0.418601 0.110556 0.0178628 0.0318221 0.448137
0 0.87571 0.21894 0.014732 0.0252105 0.44782
0 0.815205 0.216198 0.0188381 0.0334948 0.44697
0 0.843889 0.557186 0.0208065 0.0397882 0.446336
0 0.278194 0.0480172 0.0143578 0.0362839 0.446185
0 0.0501681 0.0828582 0.0190024 0.0357728 0.446178
0 0.634126 0.800922 0.0145212 0.0233571 0.445894
0 0.136712 0.708285 0.0149637 0.0280006 0.445255
0 0.864231 0.823559 0.0103916 0.0236711 0.444166
0 0.969994 0.468767 0.015337 0.0280538 0.443841
0 0.0271293 0.0196519 0.0165442 0.0286456 0.442951
0 0.763971 0.887922 0.0173859 0.0288357 0.442569
0 0.447217 0.77072 0.0128155 0.0244351 0.442048
0 0.526324 0.163815 0.0103003 0.0230341 0.441622
0 0.55577 0.0601438 0.0245626 0.0419943 0.441159
0 0.216043 0.0675012 0.0145125 0.0208925 0.441043
0 0.584704 0.901781 0.0161232 0.026357 0.440758
0 0.993437 0.776982 0.0131269 0.0254055 0.43983
0 0.318565 0.610853 0.0153377 0.0234147 0.437957
0 0.656435 0.19444 0.0186865 0.0321714 0.437928
0 0.823673 0.439527 0.021019 0.0333962 0.43783
0 0.148303 0.582963 0.0172372 0.0303504 0.437497
0 0.566394 0.938869 0.0127427 0.0288177 0.4368
0 0.935175 0.163344 0.014296 0.0306326 0.436006
0 0.531551 0.197029 0.0142186 0.0291708 0.435976
0 0.484045 0.481631 0.0142635 0.0250017 0.435855
0 0.120227 0.0244409 0.0186084 0.0327718 0.435776
0 0.256404 0.32129 0.0204473 0.0282886 0.435045
0 0.776779 0.457498 0.0193355 0.0364173 0.434673
0 0.712406 0.0460289 0.0183849 0.0296094 0.434303
0 0.500704 0.223722 0.0155199 0.0328995 0.432546
0 0.321079 0.350029 0.00766007 0.0291573 0.432276
0 0.919773 0.031118 0.0170712 0.0287518 0.43144
0 0.547753 0.293907 0.0167778 0.031858 0.430591
0 0.274992 0.241548 0.0162925 0.0266802 0.430245
0 0.428046 0.719543 0.0140564 0.0243611 0.430038
0 0.0725095 0.0837331 0.0136709 0.0294783 0.42912
0 0.241936 0.27376 0.0127654 0.0245192 0.428819
0 0.955938 0.771632 0.0146545 0.0303867 0.428474
0 0.924302 0.645378 0.013859 0.0224033 0.427443
0 0.674152 0.251832 0.0133881 0.0244804 0.42723
0 0.123969 0.37544 0.0124437 0.0284251 0.426935
0 0.178133 0.86255 0.014355 0.0228885 0.42661
0 0.460257 0.812139 0.0162092 0.0241872 0.426279
0 0.976781 0.795965 0.0145676 0.0263218 0.425809
0 0.127222 0.877498 0.0122869 0.0266866 0.425743
0 0.323388 0.783634 0.0156545 0.0245145 0.425617
0 0.314713 0.72393 0.0160277 0.0241643 0.424986
0 0.831187 0.820881 0.0149021 0.0255504 0.424955
0 0.921237 0.618019 0.0156967 0.0301129 0.424186
0 0.646957 0.0141478 0.0152081 0.0248806 0.42319
0 0.0911322 0.110792 0.0131871 0.0287353 0.422514
0 0.243732 0.651183 0.0165325 0.0285628 0.422428
0 0.271607 0.151493 0.0134915 0.0205113 0.42128
0 0.255891 0.166442 0.016498 0.0259158 0.421246
0 0.131794 0.52112 0.0121914 0.0226958 0.420147
0 0.828361 0.255146 0.0124783 0.0238681 0.419747
0 0.993066 0.515791 0.0138681 0.0404579 0.419713
0 0.824252 0.708905 0.014823 0.0271223 0.419703
0 0.440658 0.194881 0.0142381 0.0256032 0.418702
0 0.590067 0.355303 0.0183636 0.0316097 0.418583
0 0.480164 0.0277244 0.0289766 0.0487088 0.417497
0 0.799241 0.454205 0.0172905 0.0288144 0.417231
0 0.253789 0.719031 0.0171148 0.0283908 0.417094
0 0.559165 0.557652 0.0115138 0.0212294 0.416735
0 0.445303 0.732385 0.0110085 0.0232232 0.416076
0 0.657533 0.532879 0.0149223 0.0232729 0.415558
0 0.698673 0.120382 0.0170753 0.0308769 0.415208
0 0.166537 0.569509 0.0117883 0.0246045 0.414921
0 0.203728 0.963438 0.0179114 0.0276862 0.413693
0 0.486962 0.705508 0.0182776 0.0282914 0.413134
0 0.976641 0.958954 0.0139961 0.0283867 0.410818
0 0.00484943 0.823305 0.00967844 0.0292681 0.410762
0 0.701671 0.812094 0.0112275 0.020865 0.410456
0 0.320339 0.195662 0.0160185 0.0304956 0.41043
0 0.863127 0.11253 0.0117731 0.0268053 0.409677
0 0.418816 0.812853 0.0214235 0.0336792 0.409515
0 0.736835 0.108731 0.0153707 0.031802 0.408958
0 0.531965 0.241731 0.0105892 0.0365474 0.408658
0 0.831937 0.299559 0.0161564 0.0293621 0.407602
0 0.989203 0.172124 0.0206579 0.0468424 0.406686
0 0.131002 0.462232 0.0173491 0.0339525 0.406046
0 0.750369 0.845172 0.0157413 0.0278792 0.405229
0 0.577768 0.451807 0.0160951 0.027783 0.403043
0 0.87403 0.8905 0.0101575 0.0318897 0.402964
0 0.8858 0.379526 0.0204239 0.0333042 0.402427
0 0.180157 0.652212 0.012392 0.0252652 0.401542
0 0.399602 0.338001 0.0173231 0.0321252 0.401429
0 0.0932228 0.112574 0.0110753 0.0325279 0.399721
0 0.336701 0.654926 0.0132847 0.0284653 0.399473
0 0.219368 0.644923 0.0151899 0.0286322 0.397722
0 0.627472 0.584236 0.0268219 0.0562631 0.397071
0 0.875339 0.665542 0.0157791 0.0214722 0.396689
0 0.301798 0.237426 0.0133061 0.0383219 0.396076
0 0.940865 0.727562 0.0228687 0.0377401 0.395771
0 0.356452 0.530589 0.0224744 0.0388099 0.394349
0 0.384503 0.286483 0.0198496 0.0321853 0.392846
0 0.171235 0.141216 0.0121488 0.0276515 0.392398
0 0.128704 0.0970852 0.0133185 0.0284804 0.390959
0 0.453121 0.836121 0.0172415 0.0300897 0.390509
0 0.409347 0.867896 0.0193902 0.0457699 0.39001
0 0.604421 0.63325 0.0160894 0.0226382 0.389601
0 0.186148 0.763499 0.0155967 0.0220795 0.389242
0 0.114034 0.462051 0.0128479 0.0284522 0.388714
0 0.0886799 0.709578 0.0144371 0.0233639 0.388296
0 0.617685 0.491519 0.0152148 0.0253688 0.388229
0 0.794118 0.41796 0.0134392 0.0246354 0.388044
0 0.23534 0.339179 0.0127425 0.0285546 0.387731
0 0.696736 0.767859 0.016467 0.023299 0.387593
0 0.327809 0.689678 0.01247 0.0220525 0.38747
0 0.868051 0.98613 0.0192204 0.0271139 0.387293
0 0.797042 0.132961 0.0140991 0.0204568 0.386306
0 0.49753 0.68114 0.0131657 0.0216785 0.386049
0 0.555694 0.620461 0.0156631 0.0290712 0.385523
0 0.0688986 0.76265 0.0176277 0.0301042 0.383943
0 0.252923 0.379237 0.0222982 0.0302607 0.383663
0 0.430821 0.949929 0.0137607 0.026482 0.38339
0 0.303903 0.403167 0.0124594 0.0181351 0.383353
0 0.782766 0.382609 0.0158573 0.0326036 0.382103
0 0.631007 0.8698 0.0186277 0.0340044 0.381616
0 0.0925119 0.519777 0.0242773 0.0415983 0.381341
0 0.212659 0.254873 0.0155042 0.029249 0.381138
0 0.868783 0.0297794 0.020397 0.0347323 0.38104
0 0.511211 0.203937 0.0105028 0.0222147 0.380193
0 0.939636 0.82073 0.0173515 0.0260244 0.379728
0 0.459482 0.195576 0.0144188 0.0297539 0.379328
0 0.895814 0.635436 0.0183022 0.0333702 0.379195
0 0.869926 0.755131 0.010128 0.0244483 0.378905
0 0.964615 0.630696 0.012759 0.0209134 0.378203
0 0.838473 0.0633331 0.0115349 0.024272 0.377991
0 0.571424 0.297103 0.0154121 0.0223402 0.377851
0 0.456088 0.117477 0.0188932 0.0305245 0.37776
0 0.12697 0.132654 0.0123675 0.0241795 0.377429
0 0.819799 0.118498 0.0120178 0.0281543 0.377393
0 0.810583 0.0110272 0.0179546 0.0212318 0.37605
0 0.107053 0.674479 0.0163249 0.0268402 0.375617
0 0.575379 0.330891 0.0175064 0.0305878 0.374606
0 0.662383 0.653745 0.0193607 0.0283626 0.374526
0 0.0522972 0.466816 0.0126009 0.0281208 0.374215
0 0.43855 0.396856 0.0260192 0.0504235 0.374058
0 0.408861 0.521484 0.0220598 0.0394925 0.374048
0 0.916814 0.751839 0.0191689 0.0255836 0.373962
0 0.0871729 0.30145 0.0240697 0.0525018 0.373491
0 0.63602 0.511529 0.0152233 0.0206884 0.373203
0 0.469388 0.576317 0.0183898 0.0336097 0.372965
0 0.957584 0.906702 0.0167745 0.0293226 0.370775
0 0.853239 0.145775 0.0116726 0.0226095 0.369973
0 0.562823 0.506178 0.013467 0.0254614 0.369525
0 0.881206 0.102764 0.0139034 0.0205918 0.369426
0 0.754302 0.186467 0.0141258 0.0268703 0.369227
0 0.391503 0.0463572 0.0197834 0.0284879 0.368979
0 0.335416 0.432353 0.0141255 0.0239419 0.367637
0 0.461853 0.305918 0.0158541 0.0254503 0.367499
0 0.437704 0.921078 0.012715 0.0324219 0.367314
0 0.455527 0.90927 0.0134652 0.0249793 0.36595
0 0.182494 0.512197 0.0126215 0.0242376 0.365498
0 0.446003 0.347211 0.0137728 0.0231059 0.364011
0 0.197499 0.621422 0.0135682 0.0203809 0.360944
0 0.746329 0.144127 0.0130348 0.0267403 0.360087
0 0.695889 0.166416 0.00961348 0.0305868 0.359378
0 0.66115 0.101815 0.0160585 0.0264116 0.359361
0 0.246581 0.613017 0.0180487 0.0303545 0.359245
0 0.552858 0.0538341 0.024347 0.0442618 0.359244
0 0.677116 0.800765 0.0146716 0.0213426 0.359113
0 0.531104 0.282484 0.0145576 0.0246478 0.358427
0 0.557273 0.240343 0.0112377 0.0279407 0.358398
0 0.0142308 0.313916 0.0136573 0.0327447 0.3583
0 0.29586 0.557764 0.0135363 0.0274026 0.357996
0 0.297892 0.601913 0.0148848 0.0237616 0.357057
0 0.801567 0.714033 0.0120275 0.0207577 0.355904
0 0.0968674 0.374596 0.0221528 0.0361484 0.355566
0 0.74068 0.380076 0.01425 0.0240336 0.355369
0 0.982908 0.642657 0.0176929 0.0320929 0.354818
0 0.37545 0.736737 0.0180604 0.028657 0.354261
0 0.641197 0.698554 0.0150969 0.0236152 0.35423
0 0.970386 0.56764 0.0138657 0.0262873 0.354174
0 0.934839 0.550143 0.0209166 0.0428073 0.353974
0 0.292986 0.645783 0.0175401 0.0320794 0.353527
0 0.859333 0.486385 0.0128464 0.0361772 0.352119
0 0.880323 0.281742 0.0195633 0.0393666 0.35082
0 0.862401 0.412297 0.0212603 0.0396657 0.349744
0 0.353649 0.375373 0.0180612 0.0322267 0.349667
0 0.728809 0.808066 0.0145688 0.0255571 0.349523
0 0.479231 0.140169 0.0172865 0.0296905 0.349507
0 0.477974 0.177714 0.0155354 0.0294094 0.348719
0 0.497058 0.0650919 0.018535 0.0281726 0.347947
0 0.933608 0.554489 0.0178413 0.040559 0.347518
0 0.256122 0.349668 0.0132285 0.0267598 0.34708
0 0.900501 0.0154007 0.0172276 0.028627 0.345966
0 0.324885 0.110622 0.013828 0.0231309 0.344308
0 0.0286018 0.130237 0.0155601 0.030233 0.34303
0 0.162502 0.694451 0.0138605 0.0253723 0.342937
0 0.242755 0.428151 0.0176108 0.0273728 0.3419
0 0.6878 0.962372 0.021994 0.0444183 0.341686
0 0.0337516 0.471573 0.0150656 0.0324614 0.34121
0 0.599884 0.485034 0.0114542 0.026811 0.34053
0 0.472281 0.338532 0.018433 0.0314298 0.340277
0 0.18287 0.172969 0.0141695 0.0242899 0.338821
0 0.750127 0.252841 0.0228014 0.0317967 0.33844
0 0.442596 0.585268 0.0184944 0.0295341 0.336963
0 0.125886 0.37415 0.010874 0.0277505 0.336883
0 0.88465 0.477579 0.0226692 0.0368413 0.336646
0 0.239529 0.851847 0.0137252 0.0245511 0.336567
0 0.838994 0.642544 0.0117069 0.0263527 0.335968
0 0.976584 0.0536863 0.013179 0.0308154 0.335801
0 0.192843 0.702246 0.0148557 0.0245773 0.33562
0 0.69057 0.0486907 0.0133816 0.0227338 0.334005
0 0.867831 0.248708 0.0166012 0.0230632 0.333516
0 0.982663 0.910358 0.0261536 0.0434621 0.333446
0 0.314197 0.753271 0.0211639 0.0310194 0.33314
0 0.285895 0.882926 0.0176105 0.03355 0.332723
0 0.388768 0.49754 0.0131947 0.0218683 0.332206
0 0.931631 0.381751 0.0244057 0.0387188 0.331142
0 0.864448 0.62568 0.0198116 0.0315664 0.331027
0 0.943154 0.853842 0.0140629 0.0311476 0.330751
0 0.11222 0.459589 0.0126523 0.0323931 0.328269
0 0.882503 0.572328 0.0188675 0.0318883 0.327973
0 0.967103 0.726532 0.0182121 0.0298187 0.327486
0 0.864467 0.140973 0.0147514 0.0244909 0.327175
0 0.567821 0.190516 0.0161334 0.0317846 0.326295
0 0.650412 0.955756 0.0175026 0.027677 0.326
0 0.68501 0.842259 0.0191939 0.031955 0.325651
0 0.21124 0.36849 0.0243257 0.0326196 0.325287
0 0.271985 0.721654 0.0126441 0.021284 0.323162
0 0.654526 0.633991 0.015633 0.0282369 0.322842
0 0.459453 0.650609 0.0148768 0.026631 0.322734
0 0.979006 0.381456 0.0208195 0.0346602 0.321707
0 0.71379 0.391691 0.0198672 0.0306844 0.32156
0 0.349672 0.328602 0.0163174 0.0252252 0.320268
0 0.566045 0.423333 0.0177569 0.0228828 0.319922
0 0.626747 0.592022 0.025754 0.0413372 0.319917
0 0.214432 0.0656629 0.0152291 0.0219821 0.318875
0 0.61065 0.957679 0.0168423 0.0240818 0.318787
0 0.641389 0.390431 0.01236 0.0197567 0.317935
0 0.666364 0.0221469 0.0209304 0.0340428 0.317391
0 0.45938 0.0696892 0.0067215 0.030957 0.316636
0 0.619343 0.301953 0.0148586 0.0332415 0.316044
0 0.19504 0.218708 0.01316 0.0395947 0.315841
0 0.614312 0.248467 0.0164495 0.0327147 0.315811
0 0.911412 0.483489 0.0146023 0.0243993 0.315479
0 0.53348 0.168315 0.0119778 0.0244729 0.315029
0 0.963209 0.657542 0.0128656 0.0194095 0.31437
0 0.0210667 0.888664 0.0136309 0.0263886 0.313132
0 0.176634 0.372905 0.0182556 0.0290118 0.312554
0 0.974542 0.770737 0.0165695 0.0199687 0.312161
0 0.842623 0.479095 0.0190292 0.0329356 0.311855
0 0.41309 0.385586 0.021246 0.0455872 0.311785
0 0.911216 0.2412 0.0277905 0.051472 0.311483
0 0.861507 0.11073 0.0127537 0.0231728 0.311318
0 0.672459 0.447056 0.012318 0.0218429 0.311154
0 0.991476 0.430748 0.0170475 0.0474282 0.310345
0 0.388563 0.469661 0.015472 0.0337377 0.310329
0 0.607451 0.117894 0.0163404 0.0309864 0.310243
0 0.447997 0.506012 0.0138517 0.0246782 0.309907
0 0.0187943 0.213201 0.0126812 0.0261313 0.30853
0 0.00729024 0.105525 0.0141667 0.024408 0.308362
0 0.142929 0.247895 0.0145662 0.0222872 0.308135
0 0.217925 0.070215 0.0135762 0.0215174 0.30713
0 0.459161 0.112583 0.0251316 0.0359962 0.306579
0 0.717582 0.393512 0.0185951 0.0307242 0.306417
0 0.766078 0.548421 0.0123948 0.0255518 0.306369
0 0.833535 0.921108 0.0118986 0.0222992 0.305566
0 0.0755439 0.969456 0.0147336 0.0278255 0.305032
0 0.00762517 0.561385 0.0150679 0.0439768 0.304922
0 0.214396 0.372582 0.0299184 0.0412255 0.30463
0 0.657934 0.0495155 0.0139 0.0241727 0.304044
0 0.313511 0.196869 0.0257294 0.0327562 0.304001
0 0.207636 0.367422 0.0171728 0.0296577 0.303805
0 0.692418 0.494443 0.0159185 0.02247 0.303142
0 0.84745 0.803191 0.0172483 0.0213898 0.302547
0 0.831037 0.331244 0.0173347 0.0276155 0.302238
0 0.791773 0.617387 0.0141798 0.0284209 0.301771
0 0.529091 0.40007 0.01181 0.0242796 0.301703
0 0.725797 0.0561249 0.0155602 0.0279489 0.301156
0 0.979354 0.124718 0.018042 0.036221 0.300599
0 0.200721 0.302988 0.0138406 0.0314681 0.300264
0 0.848921 0.222845 0.0205925 0.0304532 0.300053
0 0.592037 0.0398896 0.0191498 0.0346569 0.29984
0 0.668204 0.520267 0.0135862 0.032279 0.298924
0 0.238884 0.57024 0.0154113 0.0220912 0.298141
0 0.602589 0.931129 0.0141143 0.0269862 0.297391
0 0.612783 0.210017 0.0137781 0.0238879 0.296816
0 0.991664 0.421139 0.0165279 0.0298329 0.296063
0 0.726599 0.329786 0.0132559 0.0252834 0.294913
0 0.152968 0.640622 0.0121641 0.0211454 0.294315
0 0.435723 0.628837 0.0176167 0.0305718 0.294284
0 0.991106 0.438068 0.0177006 0.0411338 0.293524
0 0.0744712 0.46326 0.0254914 0.040859 0.293048
0 0.0369812 0.911613 0.0177566 0.0266442 0.292448
0 0.206581 0.895937 0.0173298 0.0270036 0.292361
0 0.678154 0.790219 0.016258 0.0309108 0.292307
0 0.805963 0.624756 0.0138066 0.0277371 0.291042
0 0.916377 0.890677 0.0217968 0.0380018 0.290649
0 0.569939 0.638928 0.00990334 0.0251529 0.290563
0 0.729392 0.0153631 0.0180906 0.028436 0.290484
0 0.133999 0.0546512 0.0164577 0.0276063 0.289982
0 0.793178 0.0267179 0.0170715 0.023201 0.289184
0 0.985201 0.174101 0.0279526 0.0489151 0.288453
0 0.943981 0.235996 0.0151325 0.0270318 0.288188
0 0.348316 0.677118 0.0141213 0.0241659 0.287904
0 0.687807 0.5551 0.0173378 0.0290761 0.287484
0 0.966498 0.261118 0.0281479 0.0545394 0.287167
0 0.694872 0.386948 0.0112907 0.0232713 0.286606
0 0.668166 0.566886 0.0181541 0.0335329 0.285457
0 0.364424 0.581089 0.0126123 0.033134 0.285385
0 0.796371 0.647656 0.0120798 0.018102 0.284839
0 0.287372 0.887929 0.0174095 0.0258799 0.284305
0 0.767636 0.682356 0.017708 0.0285627 0.284232
0 0.454858 0.546177 0.0195059 0.0346799 0.283981
0 0.201887 0.172504 0.0158521 0.0312175 0.283891
0 0.779185 0.00684704 0.0147104 0.0136623 0.283721
0 0.10346 0.456336 0.0215922 0.0349235 0.283431
0 0.911704 0.0544077 0.0180208 0.0324355 0.283289
0 0.531589 0.468319 0.0123526 0.0324826 0.281024
0 0.0651056 0.914086 0.0129817 0.0233266 0.280596
0 0.228118 0.614173 0.0142331 0.0194509 0.279672
0 0.0446046 0.0843329 0.0281591 0.0394554 0.279086
0 0.916033 0.192132 0.0174713 0.0346979 0.278986
0 0.0216265 0.621335 0.0147329 0.0303234 0.278206
0 0.880949 0.794425 0.0153214 0.0278432 0.277717
0 0.723908 0.840949 0.0130707 0.0163133 0.277656
0 0.845235 0.0289062 0.0192356 0.034637 0.277292
0 0.149715 0.505494 0.0133327 0.0188334 0.27647
0 0.746599 0.309527 0.0217209 0.0332684 0.276418
0 0.781083 0.10348 0.012865 0.0260038 0.276297
0 0.0283275 0.194595 0.0148731 0.0259482 0.276165
0 0.213064 0.568065 0.014657 0.0208808 0.275864
0 0.927449 0.344799 0.0155708 0.0225552 0.275726
0 0.738662 0.775759 0.0124252 0.025549 0.27541
0 0.557153 0.624066 0.012839 0.0262473 0.273478
0 0.637542 0.0672339 0.0118412 0.0221716 0.272754
0 0.295661 0.106916 0.0124601 0.0219264 0.272125
0 0.453054 0.269583 0.0111559 0.0237446 0.272079
0 0.724976 0.70155 0.0148523 0.0270033 0.271415
0 0.742874 0.879238 0.0163458 0.0290717 0.271007
0 0.779713 0.103341 0.0126152 0.0317677 0.270831
0 0.587166 0.601542 0.0178102 0.0282045 0.270768
0 0.0385207 0.144707 0.0158412 0.0277117 0.270479
0 0.0976307 0.620537 0.0200098 0.0288692 0.270218
0 0.0420211 0.241871 0.0229924 0.0273071 0.268457
0 0.677329 0.796257 0.014741 0.0292491 0.268443
0 0.483528 0.701155 0.0208216 0.0328117 0.267958
0 0.47526 0.74467 0.0217669 0.0388062 0.267639
0 0.524104 0.497882 0.0169846 0.0282701 0.266351
0 0.753596 0.25456 0.0180815 0.030448 0.265683
0 0.681474 0.218345 0.0193548 0.0298813 0.26552
0 0.586971 0.137038 0.0207817 0.0314982 0.265398
0 0.0475401 0.652876 0.0168747 0.0312051 0.265172
0 0.189417 0.557636 0.014372 0.023084 0.264874
0 0.0431623 0.43369 0.0135596 0.0226315 0.264527
0 0.572457 0.565768 0.0133901 0.020495 0.263022
0 0.749047 0.241854 0.0239813 0.0505572 0.262371
0 0.83487 0.0645991 0.0121155 0.025686 0.262039
0 0.581917 0.220157 0.0165253 0.0242416 0.261558
0 0.925063 0.834726 0.0118217 0.0387661 0.26052
0 0.0984912 0.946463 0.0154274 0.0257013 0.260266
0 0.317906 0.248717 0.0156171 0.0252319 0.260106
0 0.810406 0.888133 0.0144445 0.0283752 0.259215
0 0.362304 0.2118 0.0175556 0.0204646 0.2592
0 0.82588 0.783082 0.0141872 0.0281618 0.259171
0 0.10789 0.458765 0.0195506 0.0334685 0.259149
0 0.474191 0.875596 0.0166093 0.0237798 0.258685
0 0.739491 0.42299 0.00920207 0.0276672 0.258605
0 0.2563 0.513815 0.0171038 0.0350033 0.257517
0 0.826252 0.64106 0.010778 0.0316182 0.256991
0 0.718375 0.269966 0.0179522 0.0298887 0.25649
0 0.663155 0.568248 0.0267214 0.0418586 0.256202
0 0.841325 0.698843 0.0111813 0.0260232 0.256105
0 0.328905 0.819292 0.0241734 0.0398444 0.25491
0 0.908983 0.85355 0.0140334 0.0231669 0.254007
0 0.639129 0.241249 0.0130003 0.0236079 0.253414
0 0.659535 0.228314 0.0156246 0.0251494 0.253374
0 0.827564 0.0668464 0.0136051 0.0225366 0.250794
0 0.0131089 0.318151 0.0158036 0.0296985 0.250766
0 0.216532 0.0391849 0.0166831 0.0294936 0.250627
