0 0.445987 0.772331 0.0283796 0.0447322 0.703108
0 0.961551 0.570487 0.0229294 0.0432388 0.700472
0 0.689983 0.757289 0.0243015 0.040977 0.685368
0 0.466319 0.714386 0.0228774 0.0419216 0.684313
0 0.688611 0.812209 0.0221909 0.0370782 0.680901
0 0.306692 0.260427 0.0206616 0.0354261 0.680361
0 0.484201 0.876292 0.0200048 0.0405869 0.675275
0 0.521308 0.24759 0.0268435 0.0416333 0.669797
0 0.594329 0.896396 0.0251419 0.0446214 0.66752
0 0.750297 0.952112 0.0199366 0.0379167 0.66565
0 0.792496 0.956589 0.0210569 0.0393175 0.662017
0 0.455046 0.0755095 0.0245792 0.0413919 0.657347
0 0.240995 0.285914 0.0278158 0.0432073 0.655474
0 0.905562 0.944266 0.0204042 0.0360947 0.655023
0 0.318569 0.485304 0.0255783 0.0431149 0.653764
0 0.57019 0.723289 0.019838 0.0315084 0.65205
0 0.534322 0.0992017 0.0257965 0.0452116 0.651899
0 0.103381 0.681969 0.0260332 0.0456694 0.65135
0 0.167039 0.0753964 0.0182432 0.0329381 0.649365
0 0.527153 0.71421 0.0181366 0.0412471 0.647576
0 0.531043 0.857595 0.0193412 0.0399014 0.64736
0 0.548999 0.75399 0.0188814 0.0293671 0.64711
0 0.190952 0.77825 0.0232764 0.0425958 0.646783
0 0.685615 0.849028 0.0284874 0.0380005 0.646444
0 0.45189 0.8185 0.0176848 0.0318604 0.64495
0 0.657858 0.304444 0.0224632 0.0402293 0.642026
0 0.576409 0.594954 0.0185219 0.0395367 0.641505
0 0.641164 0.597758 0.0232326 0.0338843 0.640385
0 0.268807 0.338658 0.0193657 0.0342585 0.637864
0 0.0802922 0.399282 0.0151987 0.03184 0.635666
0 0.343726 0.274662 0.0180197 0.030231 0.635492
0 0.349053 0.170294 0.0193508 0.0355117 0.635439
0 0.952039 0.220451 0.0202366 0.0355931 0.634487
0 0.595309 0.843802 0.0245534 0.0422987 0.631164
0 0.596049 0.0668577 0.0250736 0.0387382 0.630605
0 0.788281 0.776326 0.0220808 0.0401148 0.630231
0 0.238901 0.690417 0.0190778 0.0326441 0.629889
0 0.939826 0.540765 0.0198891 0.0364129 0.628905
0 0.907336 0.900854 0.0149136 0.0284588 0.628537
0 0.8044 0.463508 0.0201199 0.033372 0.626732
0 0.694842 0.137724 0.024507 0.0388243 0.626641
0 0.579719 0.665348 0.0207233 0.042819 0.626029
0 0.829358 0.587166 0.016595 0.0312335 0.623406
0 0.411544 0.658306 0.0167145 0.0294198 0.623316
0 0.589619 0.523218 0.0262188 0.0511027 0.621863
0 0.980307 0.361509 0.0209387 0.0363471 0.62139
0 0.563522 0.875657 0.0224379 0.0417952 0.621281
0 0.545054 0.818056 0.0197992 0.0353938 0.618335
0 0.478435 0.929721 0.0219925 0.0368336 0.617705
0 0.155735 0.647279 0.019485 0.0428449 0.615573
0 0.899758 0.6341 0.0228157 0.0422007 0.615225
0 0.117814 0.0629255 0.0179526 0.0343432 0.613551
0 0.39324 0.33903 0.0193855 0.0336163 0.613275
0 0.11453 0.195104 0.0238635 0.0401375 0.613012
0 0.945643 0.34931 0.0247705 0.0367533 0.610046
0 0.501244 0.0725142 0.023774 0.0408354 0.603629
0 0.740974 0.464809 0.0187775 0.0357016 0.60351
0 0.134635 0.789609 0.0226676 0.0418221 0.602875
0 0.161939 0.880507 0.023314 0.0389744 0.601274
0 0.688802 0.931488 0.0214443 0.0344731 0.60126
0 0.42259 0.196897 0.0304989 0.0480032 0.600058
0 0.344909 0.620187 0.0198406 0.0362736 0.599142
0 0.787553 0.870723 0.0170352 0.0308997 0.59855
0 0.0691381 0.96914 0.0208002 0.0366995 0.598094
0 0.986347 0.507625 0.0165504 0.0275983 0.596476
0 0.670443 0.432325 0.0220888 0.0454744 0.595508
0 0.630666 0.025299 0.0192902 0.0315133 0.594889
0 0.792493 0.913219 0.0184907 0.0345491 0.594757
0 0.755153 0.890726 0.0204856 0.038541 0.59462
0 0.296531 0.370679 0.021013 0.0368431 0.594127
0 0.648715 0.858819 0.0193475 0.0349155 0.591014
0 0.488085 0.828359 0.0193001 0.0288462 0.590455
0 0.799479 0.837475 0.0187896 0.0303609 0.590264
0 0.7018 0.514412 0.0226115 0.0439372 0.587436
0 0.855606 0.132551 0.0170444 0.0284071 0.585931
0 0.114302 0.937306 0.0162187 0.0309177 0.585465
0 0.0888948 0.431619 0.024146 0.0349681 0.584133
0 0.776092 0.432777 0.0232409 0.0472659 0.581527
0 0.819488 0.651605 0.0172813 0.0368197 0.581369
0 0.964091 0.153847 0.014465 0.0282957 0.579981
0 0.782896 0.566088 0.0153046 0.0266673 0.577982
0 0.718649 0.685005 0.0157797 0.032081 0.577257
0 0.16273 0.449642 0.0223728 0.0352914 0.576359
0 0.355993 0.21725 0.018609 0.0410997 0.573232
0 0.728809 0.96904 0.0168379 0.0326215 0.569644
0 0.92857 0.201149 0.0250137 0.0447062 0.568014
0 0.842148 0.376124 0.0180691 0.0323542 0.56788
0 0.722236 0.767564 0.024608 0.0393836 0.567431
0 0.0559403 0.65088 0.0183088 0.0345133 0.567087
0 0.00778923 0.848444 0.0153816 0.0417192 0.566901
0 0.112496 0.386936 0.0234872 0.0459245 0.561439
0 0.51051 0.283935 0.0178318 0.0329112 0.560936
0 0.549389 0.485143 0.018491 0.0284082 0.559093
0 0.758956 0.523551 0.0156099 0.0330574 0.558844
0 0.742874 0.545329 0.0204898 0.0425129 0.558436
0 0.602929 0.0178818 0.0225588 0.034527 0.556454
0 0.982399 0.168173 0.0159599 0.0302461 0.555805
0 0.651108 0.128897 0.0157529 0.029205 0.553617
0 0.547667 0.713654 0.0166714 0.0262984 0.552913
0 0.822902 0.194006 0.0165018 0.0317289 0.552739
0 0.813251 0.354708 0.0201969 0.0433707 0.551187
0 0.110535 0.838397 0.0176047 0.0346644 0.542404
0 0.286091 0.506332 0.022953 0.0366255 0.540648
0 0.141817 0.0961716 0.0222934 0.0329402 0.540423
0 0.51374 0.870859 0.0168135 0.0299917 0.540152
0 0.438642 0.0376944 0.016748 0.0260476 0.538963
0 0.184919 0.984051 0.0172751 0.0306803 0.538911
0 0.498385 0.716511 0.0291672 0.0382952 0.538346
0 0.0310776 0.570205 0.0166773 0.0316977 0.537719
0 0.681389 0.479557 0.0167368 0.0341791 0.537073
0 0.12312 0.55049 0.0199071 0.0344674 0.536964
0 0.669532 0.576116 0.0207382 0.0395035 0.536507
0 0.105712 0.141062 0.0177597 0.0376702 0.535762
0 0.0632572 0.323051 0.0198996 0.0312892 0.533181
0 0.843657 0.185217 0.0197669 0.0371948 0.53295
0 0.963772 0.935658 0.0193979 0.0348787 0.531981
0 0.32854 0.326747 0.0225204 0.0324005 0.531229
0 0.780385 0.489603 0.0179468 0.0379179 0.530773
0 0.701658 0.0320096 0.0207251 0.0375993 0.53069
0 0.883042 0.182498 0.0254597 0.0422972 0.52955
0 0.644131 0.954503 0.0267112 0.0365597 0.52618
0 0.947981 0.848664 0.0179499 0.0354163 0.526074
0 0.678125 0.625497 0.0169544 0.0318338 0.523618
0 0.512876 0.50661 0.0157581 0.0302469 0.523585
0 0.897083 0.74904 0.0338966 0.0476434 0.522965
0 0.494466 0.797789 0.0273377 0.0402412 0.521706
0 0.0592037 0.490198 0.0232508 0.0381527 0.521069
0 0.449504 0.883039 0.0195484 0.0319695 0.518821
0 0.817565 0.142143 0.0177166 0.0324865 0.516722
0 0.221392 0.402935 0.0177959 0.033901 0.516595
0 0.426111 0.861518 0.018128 0.0336472 0.516524
0 0.00782233 0.761524 0.0156283 0.0494962 0.516087
0 0.870254 0.55533 0.0143867 0.0325051 0.515183
0 0.670149 0.689436 0.0185284 0.0311518 0.514577
0 0.911879 0.540002 0.0144891 0.0265025 0.513448
0 0.805716 0.206074 0.0167208 0.0306381 0.512777
0 0.640283 0.15961 0.0148796 0.0299354 0.512371
0 0.376711 0.0229643 0.0219247 0.0416581 0.511854
0 0.161843 0.0187907 0.0168381 0.0322838 0.511804
0 0.679529 0.283818 0.0164671 0.0299423 0.51143
0 0.416628 0.936389 0.0177744 0.0299991 0.511018
0 0.182941 0.470758 0.0180038 0.038028 0.509216
0 0.976421 0.639939 0.0176292 0.0413239 0.50862
0 0.152723 0.514689 0.0305693 0.0398076 0.507564
0 0.00767743 0.477511 0.0152073 0.0414421 0.50284
0 0.565935 0.0648924 0.0173439 0.0326793 0.501094
0 0.52201 0.0607096 0.016078 0.0340444 0.500342
0 0.824908 0.0501844 0.0171333 0.0316125 0.50004
0 0.0250295 0.69957 0.0308957 0.0543976 0.498445
0 0.0801096 0.285012 0.0169246 0.0271822 0.498309
0 0.166225 0.27515 0.0226959 0.0465617 0.497946
0 0.0491913 0.368163 0.0185939 0.032363 0.497756
0 0.0257967 0.835805 0.0198063 0.0399802 0.496655
0 0.613226 0.76899 0.0208702 0.0388779 0.496219
0 0.483987 0.985377 0.0161503 0.0279209 0.493544
0 0.924593 0.963476 0.0197718 0.0336511 0.492336
0 0.830106 0.0947153 0.0164333 0.0290637 0.491772
0 0.537237 0.355012 0.01784 0.0272743 0.490731
0 0.222618 0.0883374 0.0169297 0.0372785 0.490099
0 0.739049 0.505995 0.0135087 0.0238312 0.489647
0 0.564362 0.548195 0.0238073 0.0357023 0.488431
0 0.552974 0.673084 0.0171852 0.0368176 0.485321
0 0.941591 0.0171594 0.0194057 0.0337933 0.485306
0 0.872108 0.592876 0.0237341 0.0343903 0.483213
0 0.171357 0.606799 0.0153422 0.0260677 0.481949
0 0.203709 0.224245 0.0216403 0.0395972 0.481351
0 0.0112738 0.193111 0.0210973 0.0375826 0.480264
0 0.91905 0.0689148 0.0164566 0.0321767 0.477645
0 0.531808 0.5371 0.0148705 0.0267485 0.477421
0 0.0575948 0.0951088 0.0211304 0.0404987 0.476969
0 0.256811 0.200365 0.0222828 0.0402643 0.475453
0 0.658449 0.72387 0.0160685 0.0261152 0.475352
0 0.00794792 0.0837886 0.0155163 0.0285561 0.475318
0 0.782724 0.0665831 0.0153947 0.0282003 0.474487
0 0.913337 0.600016 0.0186475 0.032451 0.473434
0 0.496537 0.447958 0.0229226 0.0384064 0.473326
0 0.838664 0.13235 0.0141373 0.0335336 0.472171
0 0.132145 0.148925 0.0149004 0.0308711 0.470221
0 0.684211 0.0684934 0.0156456 0.0302159 0.469906
0 0.520572 0.0133106 0.02382 0.0266213 0.46964
0 0.777841 0.027645 0.0160309 0.0306221 0.467563
0 0.702181 0.357176 0.0213314 0.0405415 0.467076
0 0.28467 0.314583 0.0153587 0.0278689 0.466817
0 0.0405499 0.879828 0.017308 0.0336282 0.466593
0 0.096327 0.951737 0.0222194 0.0365451 0.466418
0 0.820402 0.747074 0.021629 0.037344 0.465618
0 0.695609 0.723325 0.0219421 0.0328732 0.465402
0 0.848881 0.440103 0.0194717 0.0323757 0.465071
0 0.543259 0.570857 0.0162537 0.0292453 0.462978
0 0.765126 0.652734 0.0250018 0.042236 0.462682
0 0.399626 0.197855 0.0161175 0.0296563 0.460505
0 0.81302 0.241626 0.0181561 0.0296589 0.459219
0 0.611903 0.713368 0.0145696 0.0223745 0.459203
0 0.865424 0.781405 0.0231236 0.033016 0.458249
0 0.704375 0.444651 0.024807 0.059168 0.456991
0 0.846388 0.0592656 0.0149052 0.030899 0.455832
0 0.368689 0.333541 0.0179131 0.0305235 0.455443
0 0.787238 0.377218 0.0252895 0.0562165 0.455228
0 0.643592 0.8214 0.0197753 0.0305946 0.455164
0 0.159626 0.355966 0.0162952 0.0352781 0.453657
0 0.825344 0.441873 0.0161568 0.0278449 0.453038
0 0.765955 0.812802 0.0235067 0.0349955 0.453026
0 0.427053 0.264502 0.0225878 0.0409647 0.451767
0 0.476442 0.770294 0.0170674 0.0375899 0.451646
0 0.485448 0.214033 0.0227942 0.039729 0.447288
0 0.237938 0.499675 0.0179978 0.0263809 0.442492
0 0.79966 0.675233 0.0189957 0.0312335 0.44037
0 0.692563 0.6016 0.0179443 0.0278754 0.43859
0 0.0382573 0.336795 0.0178156 0.0294354 0.438555
0 0.336443 0.373928 0.0195199 0.0293098 0.43756
0 0.544524 0.16074 0.0199649 0.0371569 0.434859
0 0.135863 0.448069 0.0229988 0.0457246 0.433671
0 0.978703 0.435799 0.017395 0.0319668 0.431329
0 0.027861 0.127097 0.020208 0.0351437 0.43015
0 0.976947 0.963304 0.0193956 0.0304878 0.429992
0 0.962572 0.189796 0.0179047 0.0283407 0.429893
0 0.689091 0.223861 0.0252684 0.0390869 0.428974
0 0.991871 0.985713 0.016258 0.0273966 0.425102
0 0.989912 0.580815 0.0199312 0.0347845 0.424494
0 0.0448537 0.623073 0.0125612 0.0231479 0.422284
0 0.965439 0.113697 0.0181953 0.0333428 0.421683
0 0.239737 0.786907 0.01466 0.0264374 0.421037
0 0.675621 0.255359 0.0166616 0.0268533 0.417833
0 0.656716 0.917917 0.0162187 0.0276459 0.417512
0 0.681573 0.53386 0.0134178 0.0183241 0.417215
0 0.580795 0.210203 0.0136101 0.0246938 0.416533
0 0.290795 0.6621 0.0180958 0.0343213 0.414356
0 0.692527 0.563783 0.0144978 0.0240251 0.412832
0 0.804584 0.282547 0.0188026 0.0347256 0.410953
0 0.925873 0.357071 0.0132286 0.0281203 0.410533
0 0.992968 0.805393 0.014064 0.0321611 0.409369
0 0.65791 0.79352 0.0220278 0.0382216 0.4093
0 0.256092 0.467129 0.0177622 0.0358039 0.408969
0 0.6443 0.56234 0.0198629 0.0305489 0.408705
0 0.0593655 0.692106 0.0168782 0.0290487 0.407284
0 0.501812 0.751058 0.0141735 0.0251168 0.406575
0 0.909401 0.862935 0.0138176 0.0245289 0.406367
0 0.682221 0.332746 0.0142384 0.0294333 0.406231
0 0.0161513 0.621984 0.0217552 0.0424908 0.40331
0 0.746885 0.703716 0.0185507 0.033314 0.401282
0 0.116583 0.331191 0.0195903 0.0344192 0.399237
0 0.910395 0.188745 0.0167355 0.0322923 0.398088
0 0.374787 0.4252 0.0171533 0.0344759 0.391621
0 0.304287 0.135022 0.0247036 0.0407194 0.390766
0 0.504313 0.983218 0.0157783 0.0314288 0.383224
0 0.961471 0.376326 0.0121487 0.0286254 0.382901
0 0.758789 0.61109 0.0248288 0.0352774 0.382496
0 0.594388 0.715125 0.0120702 0.0217561 0.381906
0 0.737897 0.633499 0.0217859 0.0332579 0.38162
0 0.787975 0.218266 0.0117836 0.0249237 0.380888
0 0.894138 0.353646 0.0202866 0.0352149 0.380872
0 0.664465 0.979425 0.0102046 0.0210202 0.380218
0 0.550799 0.522942 0.0181222 0.0311062 0.377597
0 0.446616 0.168443 0.0225803 0.0366045 0.375547
0 0.176025 0.63948 0.017228 0.0307085 0.373858
0 0.166735 0.2178 0.0168141 0.0335143 0.372022
0 0.788646 0.38391 0.0233892 0.0480525 0.371564
0 0.895689 0.140434 0.0145681 0.0299886 0.369939
0 0.713479 0.590142 0.0204762 0.0412347 0.369421
0 0.245024 0.910406 0.016279 0.0269253 0.362696
0 0.971964 0.317312 0.0211987 0.0306589 0.358756
0 0.82434 0.314182 0.016864 0.0304537 0.358548
0 0.793529 0.0309962 0.0188342 0.0377589 0.357967
0 0.0697099 0.930178 0.0159604 0.0255052 0.357159
0 0.884819 0.484959 0.0306973 0.0550314 0.356043
0 0.00492681 0.116829 0.00979323 0.0320528 0.355653
0 0.678856 0.984325 0.0157692 0.0257803 0.353553
0 0.799794 0.627447 0.0172863 0.0333738 0.353376
0 0.11909 0.268326 0.0170695 0.0356427 0.352883
0 0.456118 0.248801 0.0230381 0.0441872 0.350568
0 0.110194 0.00971202 0.0197966 0.0190924 0.350458
0 0.0536274 0.197967 0.0181548 0.028047 0.348742
0 0.922412 0.776449 0.0198086 0.0359142 0.346715
0 0.728188 0.310889 0.0150305 0.0271752 0.34549
0 0.812501 0.609537 0.0179714 0.0344266 0.344806
0 0.713242 0.825866 0.0252394 0.0584798 0.342666
0 0.218275 0.822412 0.0194176 0.0260142 0.341536
0 0.748062 0.707735 0.0200823 0.0307536 0.340596
0 0.258328 0.196042 0.025936 0.0501505 0.340412
0 0.16521 0.565549 0.0196524 0.0362367 0.33704
0 0.212279 0.713337 0.0174711 0.0272493 0.336798
0 0.81762 0.41595 0.021611 0.0334026 0.335331
0 0.867215 0.324736 0.0210804 0.04549 0.335006
0 0.322496 0.097506 0.0260054 0.047835 0.334508
0 0.203313 0.329641 0.0163255 0.0288949 0.333901
0 0.0389896 0.963343 0.0192993 0.0276964 0.327166
0 0.644996 0.765193 0.0217428 0.041838 0.327085
0 0.246424 0.416103 0.0193058 0.030473 0.325294
0 0.78643 0.369191 0.0243285 0.0413345 0.32419
0 0.697504 0.966304 0.016994 0.025756 0.32366
0 0.414064 0.305539 0.0183874 0.0331699 0.322346
0 0.539665 0.986601 0.0194721 0.0261573 0.321846
0 0.816424 0.893576 0.0166688 0.026701 0.321208
0 0.23813 0.0259401 0.018017 0.0347242 0.319638
0 0.0371386 0.50829 0.0165926 0.0318551 0.318105
0 0.154522 0.130867 0.0235943 0.0436194 0.318028
0 0.262586 0.952405 0.0136863 0.0267964 0.318018
0 0.952262 0.291645 0.0154404 0.0295549 0.316353
0 0.897188 0.593596 0.0145679 0.027512 0.312566
0 0.244985 0.0723885 0.0177557 0.0361778 0.312092
0 0.240608 0.108986 0.0169834 0.0268765 0.311371
0 0.760552 0.088476 0.0226729 0.0361179 0.310888
0 0.954943 0.216396 0.0213261 0.0378489 0.310703
0 0.0237871 0.0194644 0.0213349 0.0362733 0.310403
0 0.898461 0.235542 0.0144376 0.0364649 0.310229
0 0.85696 0.0924454 0.017841 0.0370282 0.308829
0 0.354455 0.430752 0.0181897 0.0300862 0.308279
0 0.0535891 0.652803 0.0179232 0.0333694 0.308268
0 0.625489 0.738418 0.0143954 0.0234039 0.30814
0 0.777485 0.68908 0.0176785 0.0246442 0.306192
0 0.996332 0.914995 0.00733681 0.0290371 0.305245
0 0.511334 0.427978 0.0174059 0.0333528 0.305047
0 0.678321 0.0204563 0.0162359 0.0234356 0.304534
0 0.044425 0.427413 0.0229714 0.0405497 0.303908
0 0.865635 0.318783 0.0241592 0.055986 0.301799
0 0.754042 0.302928 0.0136759 0.0289316 0.301286
0 0.0120335 0.238654 0.0172562 0.0240184 0.301108
0 0.768293 0.98786 0.0158661 0.0233362 0.297048
0 0.832872 0.340144 0.0179401 0.0304389 0.296128
0 0.60254 0.969398 0.0223465 0.0389509 0.294744
0 0.625868 0.843528 0.0184727 0.0287667 0.293911
0 0.43085 0.204243 0.0176937 0.0354434 0.293204
0 0.516572 0.954846 0.0172916 0.027612 0.292835
0 0.993152 0.881341 0.0136961 0.0333354 0.292334
0 0.780173 0.18612 0.0200429 0.0340835 0.289945
0 0.036827 0.180838 0.0221089 0.0372305 0.288348
0 0.77955 0.301972 0.0171978 0.0366553 0.287413
0 0.518695 0.140425 0.0199785 0.0364307 0.28261
0 0.0554734 0.280391 0.0218917 0.0319157 0.28248
0 0.75133 0.709229 0.0217559 0.0321971 0.280412
0 0.52847 0.916015 0.0227956 0.042041 0.2789
0 0.0793395 0.530937 0.0182921 0.0275679 0.277719
0 0.566362 0.954373 0.0139536 0.0286645 0.277357
0 0.867791 0.331889 0.0198214 0.0318665 0.27551
0 0.145221 0.301576 0.022828 0.0348439 0.275221
0 0.493942 0.667948 0.0244759 0.0370239 0.274882
0 0.77847 0.308447 0.0168977 0.0449753 0.274269
0 0.962869 0.528857 0.0180101 0.0293385 0.273927
0 0.597618 0.684557 0.0153598 0.0318655 0.2738
0 0.777854 0.511706 0.0175083 0.0312505 0.272678
0 0.404138 0.0777834 0.0203451 0.0353398 0.27222
0 0.497421 0.328822 0.0213198 0.0322361 0.269906
0 0.0517663 0.23693 0.0236948 0.0315794 0.269771
0 0.236595 0.154982 0.0194603 0.0363643 0.269361
0 0.554745 0.783399 0.0128158 0.0209944 0.268935
0 0.615103 0.23004 0.0162418 0.028412 0.268091
0 0.993267 0.319929 0.013467 0.0354805 0.267612
0 0.950988 0.412579 0.0188263 0.0378526 0.266597
0 0.877217 0.400782 0.0181587 0.034435 0.26516
0 0.0969876 0.490428 0.0224915 0.0220211 0.265108
0 0.959947 0.989985 0.0217911 0.0187134 0.264133
0 0.290405 0.209013 0.0195407 0.0326359 0.263911
0 0.186004 0.87209 0.0172327 0.0293054 0.262676
0 0.22143 0.973912 0.0267591 0.0466995 0.262037
0 0.0326337 0.0964014 0.0178768 0.026941 0.261669
0 0.00330072 0.430516 0.006579 0.0388745 0.261638
0 0.378233 0.184673 0.0101315 0.0261878 0.261575
0 0.743457 0.341373 0.0243341 0.0380544 0.26149
0 0.975964 0.397173 0.0143147 0.0240154 0.261243
0 0.360572 0.0553201 0.0114584 0.0278566 0.259237
0 0.618671 0.0525343 0.017244 0.029412 0.258892
0 0.0937001 0.857777 0.0176586 0.0306088 0.25851
0 0.917862 0.300124 0.0161133 0.020781 0.258129
0 0.366291 0.13246 0.0187363 0.0407905 0.257578
0 0.814802 0.498207 0.0138882 0.028599 0.257326
0 0.958844 0.647096 0.0146155 0.0286718 0.256287
0 0.538848 0.288331 0.0247478 0.0415616 0.255363
0 0.561556 0.26535 0.0187724 0.0324037 0.2552
0 0.910134 0.328223 0.0171253 0.0260386 0.254524
0 0.99164 0.282664 0.0159124 0.0238559 0.252418
0 0.880945 0.240444 0.0207523 0.0393963 0.250161
