0 0.193866 0.17006 0.0189814 0.034662 0.686342
0 0.0678222 0.241708 0.0250602 0.0335369 0.673273
0 0.269039 0.923786 0.0281831 0.0516151 0.672297
0 0.138714 0.564369 0.022206 0.0334178 0.661974
0 0.115506 0.166739 0.021899 0.0377397 0.659603
0 0.0554961 0.0985464 0.0189755 0.0340727 0.656694
0 0.288929 0.50282 0.0223156 0.0303843 0.651245
0 0.139857 0.350546 0.0223588 0.0347414 0.650831
0 0.00932699 0.508454 0.018574 0.0335134 0.647337
0 0.293141 0.544405 0.0268697 0.0332972 0.641233
0 0.213777 0.0419067 0.0238783 0.0473513 0.639236
0 0.340656 0.672274 0.0199459 0.0398017 0.629976
0 0.00764801 0.163982 0.0152688 0.0441571 0.626164
0 0.164573 0.81031 0.0188893 0.0333237 0.625842
0 0.106353 0.263076 0.0190163 0.0403715 0.623531
0 0.0773022 0.0845605 0.0199355 0.0340348 0.623417
0 0.287242 0.63606 0.0179309 0.0316745 0.618447
0 0.053131 0.447644 0.0212973 0.0399556 0.612026
0 0.340535 0.492329 0.0209088 0.0381906 0.610913
0 0.315077 0.287289 0.0183535 0.0353068 0.609823
0 0.119702 0.537061 0.0168174 0.0250754 0.609474
0 0.055477 0.160405 0.017076 0.0270537 0.608313
0 0.0822928 0.595775 0.016066 0.0272673 0.606458
0 0.353626 0.539425 0.0235064 0.0390408 0.600777
0 0.312146 0.771507 0.0190211 0.03198 0.599117
0 0.136375 0.916982 0.0186242 0.0329653 0.596737
0 0.120808 0.81868 0.0141142 0.0273349 0.592853
0 0.175211 0.146173 0.0154441 0.0302416 0.587245
0 0.0998406 0.820807 0.0170311 0.033077 0.586552
0 0.288809 0.692387 0.0243835 0.0445806 0.585003
0 0.020989 0.433363 0.013628 0.028638 0.582031
0 0.0387959 0.304599 0.0175544 0.0327428 0.576331
0 0.176695 0.0615695 0.0213284 0.0437423 0.576249
0 0.170386 0.101803 0.0169231 0.0292778 0.573012
0 0.421741 0.506702 0.0194073 0.0334663 0.572943
0 0.24993 0.818311 0.0203475 0.0370144 0.572929
0 0.0325554 0.0933629 0.0137484 0.0280575 0.572901
0 0.246284 0.464204 0.0145888 0.02305 0.572213
0 0.401705 0.416624 0.0259526 0.0535438 0.571532
0 0.0949376 0.980071 0.0149656 0.0329539 0.571117
0 0.129077 0.0182519 0.0196674 0.0340675 0.570287
0 0.043888 0.803083 0.0158964 0.0298516 0.568658
0 0.264674 0.197628 0.0154855 0.0276858 0.567959
0 0.255482 0.698087 0.0202278 0.0340995 0.567813
0 0.203514 0.591688 0.0175875 0.0245183 0.567756
0 0.214326 0.315709 0.0162877 0.030417 0.567628
0 0.00589921 0.722281 0.0117799 0.0282023 0.567227
0 0.268104 0.0597319 0.0189599 0.0324059 0.566966
0 0.159062 0.463304 0.02646 0.031678 0.566779
0 0.26933 0.430225 0.0126909 0.0263636 0.566336
0 0.339448 0.193656 0.014311 0.0328352 0.565627
0 0.18386 0.617432 0.0207408 0.0322227 0.564176
0 0.10653 0.576837 0.0154576 0.0315559 0.562032
0 0.0764412 0.746035 0.0184057 0.0363324 0.558172
0 0.966255 0.819582 0.0221779 0.0400664 0.557099
0 0.167185 0.767124 0.0185685 0.0342231 0.555111
0 0.119144 0.084103 0.0208679 0.0403689 0.550992
0 0.0468048 0.0389576 0.0279315 0.0370479 0.550693
0 0.237177 0.560718 0.0137917 0.0309304 0.549532
0 0.333896 0.279289 0.0138711 0.0260559 0.548237
0 0.214179 0.257931 0.0133178 0.0290986 0.546562
0 0.217705 0.154924 0.0196805 0.0339262 0.541564
0 0.088642 0.54186 0.0201372 0.0360896 0.540592
0 0.294014 0.447916 0.0220181 0.0317657 0.538665
0 0.16181 0.465501 0.0230233 0.0292475 0.53859
0 0.203731 0.720472 0.0339908 0.0406043 0.537867
0 0.39334 0.212414 0.0280954 0.0479655 0.537595
0 0.422483 0.248514 0.0252828 0.0542972 0.536803
0 0.203475 0.469833 0.0170354 0.0236593 0.536106
0 0.197581 0.0703306 0.0177217 0.0334439 0.535684
0 0.237157 0.0329157 0.0187615 0.0380113 0.534108
0 0.376729 0.583489 0.0213608 0.0346405 0.532054
0 0.0280092 0.842945 0.0175191 0.0293769 0.531995
0 0.0382381 0.693045 0.0135875 0.0262159 0.528323
0 0.446678 0.297881 0.0254513 0.0506951 0.528076
0 0.0141311 0.764998 0.0148308 0.0293864 0.526081
0 0.922863 0.889859 0.0180065 0.03528 0.525271
0 0.0843653 0.406414 0.0193648 0.0324817 0.523415
0 0.272595 0.383641 0.0202461 0.0350467 0.523313
0 0.0522347 0.952228 0.0160242 0.0371486 0.517581
0 0.260375 0.516561 0.0156866 0.0252567 0.517074
0 0.115207 0.352531 0.0168236 0.0325875 0.51568
0 0.0448514 0.61198 0.0132966 0.0282232 0.515499
0 0.106272 0.623027 0.0156021 0.0246231 0.514781
0 0.129626 0.273128 0.0178794 0.0367141 0.511034
0 0.340271 0.381597 0.0205825 0.035565 0.509878
0 0.0294524 0.751767 0.0160756 0.0309675 0.505421
0 0.0121142 0.982676 0.0224067 0.0337498 0.504358
0 0.226977 0.432053 0.0172193 0.0232707 0.503457
0 0.077159 0.20699 0.0187615 0.0340741 0.502455
0 0.0887533 0.0320947 0.017699 0.0350925 0.501796
0 0.0871085 0.322029 0.0174657 0.0266477 0.501449
0 0.0182777 0.46841 0.020946 0.0299271 0.500338
0 0.208298 0.848446 0.0338255 0.0526184 0.497353
0 0.145144 0.18898 0.0210543 0.0295507 0.496488
0 0.316913 0.525155 0.0149605 0.0335507 0.494274
0 0.0632686 0.69827 0.0148843 0.0234558 0.494099
0 0.218653 0.351792 0.0125401 0.0310464 0.49132
0 0.0394153 0.508216 0.0208536 0.0347561 0.4857
0 0.261877 0.860699 0.0176237 0.0309207 0.484423
0 0.0211664 0.397947 0.0193375 0.0290441 0.483702
0 0.0212513 0.671183 0.0197692 0.037744 0.483546
0 0.00929849 0.556458 0.0185365 0.0423747 0.482279
0 0.0933634 0.942653 0.0171635 0.029891 0.477077
0 0.157058 0.0554772 0.0169631 0.031074 0.472401
0 0.194662 0.0168247 0.0148699 0.031049 0.470353
0 0.340755 0.622385 0.026071 0.0392404 0.469681
0 0.289035 0.0747692 0.0195529 0.0353315 0.468304
0 0.130891 0.143454 0.0148982 0.0250862 0.466803
0 0.157857 0.964894 0.017798 0.0356303 0.465795
0 0.257697 0.26766 0.0208723 0.0421212 0.464904
0 0.0345444 0.441768 0.0114032 0.0228091 0.457576
0 0.218159 0.891917 0.016153 0.0321835 0.456116
0 0.150669 0.664009 0.0180897 0.0413397 0.453757
0 0.0784501 0.446033 0.0134592 0.0271875 0.453292
0 0.17781 0.0125786 0.0192407 0.0244494 0.451839
0 0.330905 0.710973 0.0167123 0.0223667 0.447598
0 0.110083 0.0327575 0.0145219 0.0319585 0.447267
0 0.274998 0.110155 0.0167938 0.026881 0.443137
0 0.158763 0.710583 0.0188419 0.0266367 0.440088
0 0.0160445 0.32824 0.0250294 0.0369527 0.436407
0 0.296082 0.15933 0.0208995 0.0354077 0.434475
0 0.233171 0.341835 0.0146699 0.0293842 0.433959
0 0.0169945 0.617949 0.0176544 0.0425141 0.433237
0 0.266431 0.727151 0.0185262 0.0344244 0.430909
0 0.092064 0.682079 0.0257487 0.0373823 0.430005
0 0.286055 0.315749 0.0183507 0.037404 0.427907
0 0.00624898 0.226886 0.012368 0.0313798 0.426257
0 0.0379846 0.215215 0.0203285 0.0298926 0.425324
0 0.0681695 0.907423 0.0185623 0.0274906 0.422886
0 0.31706 0.602111 0.0168884 0.026886 0.418738
0 0.170014 0.184223 0.0185023 0.0259895 0.41698
0 0.00324919 0.758089 0.00643621 0.0291441 0.416515
0 0.295206 0.736542 0.0180063 0.0278593 0.415255
0 0.0609029 0.585804 0.0196998 0.0257342 0.409707
0 0.0525726 0.736296 0.0193908 0.0346602 0.409018
0 0.144124 0.826018 0.0154372 0.0248298 0.407748
0 0.129471 0.751648 0.0118214 0.0181536 0.405463
0 0.21509 0.0990105 0.014141 0.0313965 0.404454
0 0.27691 0.760519 0.0175024 0.0296166 0.40337
0 0.127115 0.43809 0.0177606 0.0415648 0.402172
0 0.109464 0.905133 0.0145928 0.0245538 0.399979
0 0.158321 0.852358 0.0239605 0.0347057 0.399685
0 0.365585 0.51221 0.0134571 0.0244359 0.399395
0 0.253459 0.167796 0.0152528 0.0295279 0.396049
0 0.288481 0.3132 0.0227746 0.0403051 0.392824
0 0.124466 0.715126 0.0176076 0.0297038 0.391083
0 0.338621 0.626511 0.0219283 0.0337887 0.387973
0 0.228358 0.793916 0.0202004 0.029087 0.378949
0 0.17791 0.528892 0.0165314 0.0219767 0.375505
0 0.307941 0.342258 0.0192704 0.0389877 0.374315
0 0.229186 0.214368 0.0222524 0.0361409 0.374184
0 0.111556 0.869501 0.0186395 0.0333906 0.373532
0 0.316246 0.74178 0.016723 0.0302378 0.367035
0 0.199979 0.66365 0.0178825 0.0233404 0.364917
0 0.0103462 0.361433 0.0176169 0.0283839 0.363702
0 0.35608 0.183351 0.0205661 0.0336847 0.362312
0 0.351248 0.296022 0.012405 0.0301934 0.362094
0 0.0245464 0.937818 0.0365684 0.0552377 0.361058
0 0.0326925 0.558239 0.0193936 0.0289697 0.360714
0 0.178846 0.979132 0.0160438 0.0341387 0.360687
0 0.132746 0.144395 0.0126721 0.0213264 0.360051
0 0.0574477 0.212384 0.011972 0.0225148 0.357917
0 0.264118 0.630269 0.0178847 0.0298187 0.354562
0 0.196116 0.307115 0.0160304 0.0286406 0.354474
0 0.3017 0.827046 0.0190962 0.0390874 0.353974
0 0.0787897 0.479196 0.0156744 0.027823 0.352271
0 0.342986 0.587628 0.0182825 0.0256056 0.349373
0 0.318626 0.445243 0.0164501 0.0279103 0.348816
0 0.260575 0.765197 0.0116316 0.0288713 0.348168
0 0.24843 0.757502 0.0152778 0.0275808 0.342674
0 0.144884 0.158671 0.0169012 0.0322421 0.340765
0 0.234057 0.692163 0.0200445 0.0309376 0.335396
0 0.356935 0.138665 0.0277192 0.0446251 0.33369
0 0.962465 0.980311 0.0260567 0.0379953 0.333434
0 0.191658 0.265884 0.0155719 0.0352398 0.332172
0 0.0203698 0.207715 0.0129844 0.0198441 0.331328
0 0.396594 0.492052 0.0212506 0.0442998 0.330207
0 0.0735697 0.627424 0.0158559 0.0253823 0.328124
0 0.0950408 0.205352 0.0156113 0.0286864 0.32771
0 0.311319 0.340699 0.0243395 0.0399242 0.319631
0 0.00460384 0.283428 0.00920768 0.0312959 0.319525
0 0.0168821 0.875934 0.0192201 0.0336244 0.31907
0 0.372927 0.4049 0.0221129 0.036264 0.318249
0 0.0123736 0.115794 0.0158052 0.0194694 0.318214
0 0.29182 0.265474 0.0127878 0.0259575 0.315649
0 0.0975831 0.764961 0.0183995 0.0307322 0.312012
0 0.226858 0.387217 0.0187069 0.0297549 0.310525
0 0.0351498 0.573046 0.0204936 0.0446344 0.308717
0 0.252513 0.311776 0.016458 0.0305279 0.308036
0 0.270723 0.274398 0.0127233 0.0375409 0.307861
0 0.0751248 0.842549 0.0178433 0.0279782 0.307611
0 0.141795 0.631104 0.0147851 0.0147752 0.305155
0 0.243554 0.0763119 0.0176686 0.0345159 0.304126
0 0.216893 0.496125 0.0113135 0.0160751 0.301305
0 0.281006 0.87633 0.0173164 0.0401828 0.299314
0 0.128049 0.955317 0.0152375 0.0260179 0.298025
0 0.0370596 0.583374 0.0149869 0.0268088 0.296992
0 0.0447061 0.652633 0.0147509 0.0270572 0.292897
0 0.394891 0.264542 0.0199871 0.0331126 0.292597
0 0.26146 0.269452 0.0275292 0.0424696 0.29211
0 0.0706013 0.953625 0.0221782 0.0329766 0.288597
0 0.916463 0.855841 0.0237591 0.033738 0.287426
0 0.333449 0.235889 0.0126108 0.0243247 0.287077
0 0.189673 0.788684 0.0218968 0.0436692 0.282701
0 0.299544 0.16455 0.0179852 0.0272149 0.282344
0 0.15814 0.92724 0.0149127 0.0184932 0.281654
0 0.259066 0.123958 0.0137522 0.0301706 0.279676
0 0.065934 0.353685 0.0230219 0.0358616 0.278801
0 0.244193 0.212435 0.0116323 0.0244549 0.278728
0 0.991864 0.848427 0.0162712 0.0365445 0.27817
0 0.225149 0.285468 0.0137333 0.0236375 0.27572
0 0.211747 0.848442 0.0279053 0.0443215 0.274042
0 0.055739 0.8835 0.0183757 0.0337012 0.272217
0 0.192446 0.784708 0.0274078 0.0462307 0.27067
0 0.0515643 0.883354 0.0261527 0.0439923 0.27056
0 0.118871 0.950534 0.0203549 0.0298998 0.267929
0 0.0866666 0.877401 0.0132477 0.0244575 0.267558
0 0.101457 0.0710054 0.0123451 0.0226324 0.266826
0 0.960908 0.940488 0.019175 0.0340912 0.264418
0 0.281348 0.82231 0.0198459 0.0407962 0.264052
0 0.0474225 0.652787 0.0179257 0.0285365 0.263663
0 0.00819658 0.417705 0.0108432 0.0261056 0.263604
0 0.136684 0.861175 0.0146313 0.0319678 0.263214
0 0.249752 0.352923 0.0135123 0.0230905 0.260509
0 0.00660019 0.283427 0.0131404 0.0304964 0.257384
0 0.292531 0.302343 0.0194681 0.0377533 0.254223
0 0.0486724 0.880132 0.0312025 0.0539371 0.25296
0 0.296141 0.118118 0.0139521 0.0224129 0.252257
