0 0.273928 0.288449 0.0234219 0.0365231 0.69894
0 0.322388 0.0594572 0.0248293 0.0430147 0.679317
0 0.24846 0.446962 0.0234906 0.0405209 0.678507
0 0.485807 0.501831 0.023297 0.0453605 0.67305
0 0.669598 0.201438 0.0321983 0.0499113 0.665637
0 0.432612 0.316721 0.0218422 0.0490795 0.665126
0 0.291073 0.342298 0.0210453 0.0317001 0.659849
0 0.200205 0.442591 0.0236999 0.0293808 0.65348
0 0.350332 0.463957 0.0194343 0.0279323 0.652583
0 0.297919 0.47729 0.0248684 0.0507036 0.649908
0 0.169586 0.398912 0.0175567 0.0363612 0.649575
0 0.719026 0.321195 0.0166522 0.0310524 0.647482
0 0.00921808 0.437146 0.0183777 0.0507709 0.645587
0 0.733458 0.14461 0.0331141 0.0656528 0.640588
0 0.70863 0.4715 0.0222206 0.0361867 0.638783
0 0.166486 0.49252 0.030688 0.0501933 0.63866
0 0.193643 0.403726 0.0150684 0.0290078 0.637002
0 0.857035 0.371292 0.0178654 0.0322617 0.635951
0 0.717278 0.383177 0.0211229 0.0378443 0.635663
0 0.463927 0.397354 0.0188531 0.0377553 0.634968
0 0.507768 0.484084 0.0208673 0.0380519 0.633301
0 0.568573 0.361527 0.0207629 0.0333057 0.633024
0 0.12427 0.550968 0.0149171 0.0298611 0.63184
0 0.366255 0.492154 0.0199204 0.0361432 0.631571
0 0.10412 0.67015 0.0315064 0.0562842 0.630373
0 0.296354 0.385106 0.0210166 0.0340242 0.628704
0 0.193398 0.256514 0.0223564 0.038371 0.62761
0 0.117852 0.474065 0.0207723 0.0431873 0.62547
0 0.224603 0.117555 0.0202964 0.0316476 0.619937
0 0.566513 0.400749 0.0201431 0.0393687 0.615799
0 0.489804 0.308492 0.021355 0.0358907 0.614799
0 0.703842 0.18397 0.0322517 0.0634259 0.611196
0 0.159945 0.345896 0.0191755 0.0353695 0.610048
0 0.382994 0.462698 0.0216903 0.0379105 0.609818
0 0.775363 0.0714032 0.0191738 0.0339876 0.606985
0 0.468547 0.556766 0.0223543 0.0412447 0.606799
0 0.803413 0.519445 0.0208776 0.0338006 0.605027
0 0.383257 0.245834 0.0230731 0.0553094 0.603415
0 0.247148 0.172705 0.0150506 0.0270028 0.598026
0 0.26677 0.0171976 0.0178039 0.0333457 0.589897
0 0.436095 0.256606 0.0230894 0.0460302 0.586013
0 0.163617 0.174298 0.0154829 0.0282181 0.584341
0 0.266304 0.575228 0.0236655 0.0415307 0.583513
0 0.30561 0.193201 0.0182489 0.0281239 0.579658
0 0.126952 0.595428 0.0155238 0.02435 0.578838
0 0.347275 0.211891 0.0152081 0.024297 0.569371
0 0.141079 0.571545 0.013201 0.0249442 0.568735
0 0.304484 0.639226 0.0198889 0.0333028 0.567041
0 0.204319 0.0932485 0.0169425 0.0274569 0.565714
0 0.322397 0.159557 0.0159634 0.026652 0.562367
0 0.324703 0.414865 0.0177704 0.0318247 0.559001
0 0.0065612 0.570208 0.0131082 0.040361 0.557836
0 0.691869 0.908333 0.012538 0.0189268 0.557791
0 0.787167 0.826014 0.0135075 0.0199984 0.556266
0 0.0743179 0.6497 0.0281701 0.0438812 0.555282
0 0.633168 0.295361 0.0178783 0.0318426 0.552621
0 0.827194 0.838414 0.0141191 0.019595 0.55257
0 0.56715 0.269761 0.0202554 0.0365217 0.551259
0 0.675171 0.366139 0.0209497 0.0330182 0.551056
0 0.235281 0.244958 0.0138824 0.0254785 0.550802
0 0.165658 0.0518767 0.023477 0.0345396 0.550217
0 0.791493 0.916398 0.0128979 0.0204497 0.549891
0 0.654802 0.265197 0.026722 0.0380435 0.548132
0 0.0544787 0.680875 0.0178897 0.0228585 0.547914
0 0.211595 0.386275 0.0157776 0.0344572 0.547665
0 0.740879 0.71915 0.0117186 0.0196638 0.546921
0 0.627057 0.241187 0.0235737 0.0439651 0.546436
0 0.416859 0.500097 0.0338422 0.0532009 0.546382
0 0.804209 0.89147 0.0124502 0.0209394 0.54451
0 0.345638 0.242425 0.0158849 0.0254115 0.54376
0 0.669463 0.44319 0.0199685 0.0297902 0.543716
0 0.765342 0.921063 0.0124339 0.0190911 0.543395
0 0.0112544 0.290095 0.0220252 0.0405073 0.542548
0 0.45839 0.501432 0.0173111 0.0319707 0.541303
0 0.800311 0.799192 0.0126337 0.0176636 0.537179
0 0.595549 0.368056 0.0170077 0.0311671 0.535467
0 0.672897 0.795978 0.0123783 0.0186327 0.534804
0 0.0105044 0.346862 0.020302 0.0316774 0.534269
0 0.0500441 0.529692 0.0164555 0.0286129 0.528705
0 0.645723 0.699483 0.0136141 0.0174007 0.528584
0 0.0122678 0.988024 0.017597 0.0231175 0.526687
0 0.649921 0.980906 0.0130557 0.0199767 0.524697
0 0.665171 0.669877 0.0131873 0.0213976 0.524533
0 0.0848552 0.0483935 0.012136 0.0201466 0.523914
0 0.52932 0.62873 0.0125397 0.0231013 0.52332
0 0.109493 0.0184035 0.0136623 0.0213519 0.52291
0 0.817257 0.866903 0.0142593 0.0207072 0.522808
0 0.650499 0.93274 0.0124842 0.0204078 0.521531
0 0.776181 0.897435 0.0140845 0.0187815 0.519073
0 0.435216 0.388554 0.0315161 0.0485421 0.518908
0 0.845384 0.275524 0.0188374 0.0301141 0.517494
0 0.305524 0.228139 0.0204133 0.0368038 0.517329
0 0.727805 0.743537 0.0131615 0.0165029 0.51515
0 0.0254511 0.0988569 0.0185227 0.0391943 0.513799
0 0.206105 0.0595373 0.0156654 0.0275795 0.513277
0 0.641402 0.595551 0.014303 0.0191631 0.512923
0 0.811573 0.777521 0.013143 0.0200772 0.510838
0 0.626677 0.677973 0.0140539 0.0210793 0.509458
0 0.146574 0.293161 0.0218047 0.0313908 0.508443
0 0.771488 0.758544 0.0117903 0.0199768 0.497664
0 0.589408 0.209817 0.0234594 0.0426213 0.497333
0 0.138525 0.69035 0.0248058 0.0372906 0.495117
0 0.688695 0.328471 0.0191914 0.0306424 0.494994
0 0.747111 0.85637 0.0124091 0.0180491 0.494916
0 0.63416 0.959618 0.0129657 0.0186323 0.494766
0 0.180379 0.206485 0.0179413 0.0293777 0.493878
0 0.744292 0.76644 0.0123697 0.0182827 0.493823
0 0.665411 0.95804 0.0129759 0.0197839 0.492676
0 0.727542 0.698628 0.0115159 0.0177963 0.492082
0 0.393881 0.431045 0.0182322 0.0295617 0.491277
0 0.749691 0.899514 0.0131556 0.0159709 0.487606
0 0.366301 0.402353 0.0156114 0.0246685 0.487217
0 0.1283 0.139849 0.0220278 0.0309765 0.486834
0 0.61688 0.337648 0.0152866 0.0235146 0.486821
0 0.772317 0.806232 0.0121954 0.0158708 0.486709
0 0.678399 0.931029 0.0135791 0.0197237 0.485897
0 0.744563 0.809193 0.0119064 0.0191185 0.485075
0 0.760617 0.830564 0.0119387 0.0169561 0.483331
0 0.561539 0.228925 0.0188024 0.031525 0.48319
0 0.41718 0.192133 0.0189182 0.0328726 0.482843
0 0.53563 0.343608 0.0160321 0.0321933 0.481595
0 0.392134 0.381937 0.0389819 0.0569677 0.480432
0 0.681637 0.642972 0.0132412 0.0210532 0.479658
0 0.0520632 0.42516 0.0306205 0.0585488 0.476865
0 0.815391 0.819336 0.012553 0.0177497 0.476489
0 0.694121 0.951353 0.0115175 0.0211809 0.475644
0 0.508649 0.281773 0.0169639 0.0292842 0.474478
0 0.682633 0.981546 0.0136133 0.0185076 0.472729
0 0.31555 0.44779 0.0175723 0.0318571 0.47191
0 0.645628 0.800485 0.0117636 0.0184964 0.471314
0 0.041961 0.356228 0.0269263 0.0556637 0.470999
0 0.806524 0.936299 0.0124481 0.0186221 0.470662
0 0.408372 0.336526 0.0217457 0.0325224 0.469895
0 0.0095612 0.730762 0.0184407 0.0367862 0.469605
0 0.415556 0.433392 0.021246 0.0377428 0.469556
0 0.714833 0.766124 0.0124072 0.0162952 0.468658
0 0.661363 0.620169 0.014098 0.0204035 0.465896
0 0.779043 0.940899 0.0112228 0.0181411 0.465811
0 0.794883 0.962703 0.0121455 0.0217421 0.462759
0 0.776494 0.85091 0.0120388 0.0180686 0.46216
0 0.735973 0.927574 0.0113787 0.0183014 0.460669
0 0.579497 0.307018 0.0223216 0.0348443 0.46051
0 0.00705198 0.767507 0.0139819 0.0228061 0.459502
0 0.705129 0.886483 0.011734 0.0160031 0.458663
0 0.752602 0.990572 0.0142357 0.0173713 0.454885
0 0.801009 0.846726 0.0113821 0.0195591 0.451991
0 0.701984 0.746838 0.0109263 0.0157962 0.451967
0 0.306345 0.0145762 0.0201694 0.0291466 0.451604
0 0.606173 0.306226 0.021114 0.0363754 0.449901
0 0.0928413 0.0118878 0.0139439 0.0189784 0.449814
0 0.734544 0.881273 0.0118328 0.0165788 0.449772
0 0.403561 0.224593 0.0204621 0.048514 0.44969
0 0.713188 0.72176 0.0127701 0.0161543 0.449214
0 0.766084 0.968182 0.0122135 0.0168705 0.449205
0 0.751436 0.946399 0.0130863 0.0174741 0.448913
0 0.817446 0.913759 0.0143679 0.0203376 0.448324
0 0.756131 0.738881 0.0108855 0.0201636 0.447797
0 0.644338 0.650346 0.0132955 0.0224648 0.445257
0 0.0649885 0.195923 0.0293465 0.065083 0.445007
0 0.70772 0.972523 0.0115313 0.0202371 0.444846
0 0.698561 0.70051 0.012141 0.0172607 0.444419
0 0.707812 0.929757 0.0118095 0.0156111 0.444013
0 0.394383 0.296901 0.0147761 0.030054 0.443783
0 0.835494 0.93256 0.0121029 0.0187042 0.443704
0 0.729755 0.788314 0.0129955 0.0176726 0.443043
0 0.607968 0.65308 0.0138435 0.0216498 0.442434
0 0.841298 0.895654 0.0126667 0.0201411 0.4424
0 0.721766 0.907597 0.0126148 0.0177346 0.442155
0 0.154201 0.126909 0.0261804 0.0482044 0.440852
0 0.894656 0.922056 0.0137672 0.0203556 0.440757
0 0.711096 0.677035 0.0119314 0.0189918 0.440662
0 0.141229 0.672311 0.0317269 0.0728145 0.439024
0 0.305887 0.265275 0.0191661 0.021047 0.435809
0 0.7217 0.950181 0.0123024 0.0152 0.435484
0 0.608811 0.705017 0.0126827 0.019452 0.434093
0 0.160502 0.236073 0.0172626 0.0315253 0.433984
0 0.721696 0.99158 0.0149006 0.0155067 0.433395
0 0.786263 0.77945 0.0125437 0.0175357 0.433253
0 0.763031 0.876477 0.0114248 0.017387 0.430323
0 0.64281 0.754318 0.0125511 0.0172215 0.430188
0 0.73641 0.478595 0.0199247 0.0274752 0.427558
0 0.0338944 0.683729 0.0139662 0.0260785 0.427416
0 0.885077 0.868973 0.012612 0.0187904 0.427073
0 0.758644 0.785497 0.0114463 0.0194453 0.426672
0 0.179448 0.1733 0.0120489 0.0265767 0.426655
0 0.257001 0.205533 0.0165588 0.0203058 0.425759
0 0.827481 0.797166 0.0115685 0.0183926 0.425419
0 0.611443 0.211257 0.0204189 0.0426999 0.423692
0 0.0447128 0.984604 0.0274256 0.0300171 0.423349
0 0.0124861 0.946676 0.0178648 0.0271573 0.422975
0 0.737664 0.969228 0.0112099 0.0183915 0.421868
0 0.00963508 0.246115 0.0182129 0.030384 0.421558
0 0.491064 0.402188 0.0160156 0.0240704 0.421068
0 0.242625 0.0157925 0.017926 0.0309335 0.420495
0 0.585971 0.632496 0.0121137 0.0174704 0.420384
0 0.571561 0.71053 0.0132011 0.0174636 0.420273
0 0.659371 0.775503 0.0122387 0.0180275 0.41996
0 0.533587 0.714401 0.0128088 0.0195226 0.419894
0 0.661275 0.865867 0.0128517 0.0187144 0.418871
0 0.303352 0.42761 0.012263 0.0265036 0.417252
0 0.605264 0.266981 0.019022 0.0368838 0.415614
0 0.617998 0.982333 0.0140476 0.0201176 0.414584
0 0.733223 0.835465 0.0120085 0.0162642 0.412805
0 0.883467 0.112535 0.0126915 0.021956 0.411937
0 0.696556 0.656536 0.0120282 0.0162195 0.410142
0 0.590721 0.734903 0.014485 0.0217207 0.409739
0 0.217362 0.015896 0.0178212 0.0309662 0.409282
0 0.498593 0.208082 0.0214472 0.0384438 0.408086
0 0.632097 0.827033 0.0127794 0.0188648 0.406647
0 0.628486 0.729284 0.0127577 0.0173826 0.40607
0 0.286704 0.020242 0.0135908 0.0233259 0.405979
0 0.634138 0.209123 0.0172578 0.0271972 0.405518
0 0.950043 0.264284 0.0168568 0.025375 0.404463
0 0.621307 0.569155 0.0119883 0.0192288 0.404415
0 0.364001 0.430425 0.0155071 0.0268984 0.403899
0 0.00694392 0.19001 0.0138794 0.030641 0.403154
0 0.368389 0.20678 0.0166423 0.0243674 0.40191
0 0.162592 0.012837 0.0251971 0.0250493 0.401793
0 0.595036 0.786884 0.0126282 0.0202094 0.40076
0 0.718584 0.815348 0.0105195 0.0177005 0.399822
0 0.351589 0.370113 0.0242921 0.0378618 0.39869
0 0.683042 0.404815 0.0165208 0.0271701 0.395944
0 0.762468 0.104514 0.024671 0.0221487 0.3952
0 0.790039 0.869493 0.0120342 0.0158925 0.394822
0 0.629465 0.778966 0.011019 0.0172975 0.394794
0 0.849703 0.95428 0.0132641 0.0228881 0.393369
0 0.261235 0.076771 0.0156672 0.0213794 0.392788
0 0.677589 0.889896 0.0143118 0.0167253 0.392031
0 0.839238 0.235213 0.0158291 0.035309 0.391807
0 0.701694 0.791259 0.0114553 0.0175032 0.387998
0 0.615942 0.80328 0.0103402 0.0171404 0.387579
0 0.910737 0.938788 0.0136345 0.0192699 0.38706
0 0.704325 0.840642 0.0114338 0.0170566 0.385664
0 0.0652344 0.0395065 0.0135987 0.0173366 0.382857
0 0.685578 0.726394 0.0106755 0.0165056 0.382245
0 0.659556 0.822412 0.0121522 0.0189056 0.38133
0 0.61051 0.760204 0.0133881 0.0156186 0.379871
0 0.299027 0.0411742 0.0150681 0.0269404 0.37736
0 0.671197 0.705952 0.0118418 0.0140416 0.375558
0 0.689099 0.818734 0.0118519 0.0194895 0.37455
0 0.675421 0.844449 0.013081 0.0186909 0.372701
0 0.672043 0.749751 0.0110914 0.0162981 0.37255
0 0.592129 0.249634 0.0191296 0.0263982 0.372422
0 0.88934 0.228044 0.014163 0.0193643 0.371112
0 0.867131 0.855396 0.0137173 0.0173274 0.369623
0 0.927406 0.189115 0.013289 0.0240331 0.368282
0 0.55188 0.688892 0.0138571 0.0182964 0.365874
0 0.593359 0.339323 0.0168777 0.0250631 0.365719
0 0.646326 0.845597 0.0118514 0.0176798 0.362667
0 0.806248 0.981665 0.0135995 0.0236832 0.359261
0 0.63036 0.394284 0.0206724 0.0359277 0.355673
0 0.888699 0.0553541 0.0136175 0.0219978 0.355159
0 0.14444 0.661734 0.0288231 0.0551721 0.354118
0 0.103264 0.592562 0.0155998 0.027926 0.353513
0 0.117729 0.489506 0.0206654 0.0323037 0.350804
0 0.872046 0.158654 0.0127852 0.0177646 0.346905
0 0.90773 0.210448 0.0145569 0.0204241 0.345861
0 0.419077 0.512937 0.0337282 0.0658633 0.345419
0 0.691353 0.865369 0.0121062 0.0165907 0.342415
0 0.683507 0.680289 0.0117395 0.0158057 0.340359
0 0.58415 0.576218 0.0125127 0.0152142 0.339429
0 0.558807 0.226618 0.0223707 0.0357122 0.338119
0 0.855072 0.915555 0.0136395 0.0168386 0.335507
0 0.529446 0.206454 0.0287421 0.0490802 0.335507
0 0.022964 0.522822 0.0231333 0.0375095 0.333883
0 0.340025 0.689276 0.0114876 0.0246832 0.332342
0 0.201883 0.989619 0.0152771 0.0176531 0.323915
0 0.0163453 0.136537 0.0136382 0.0251913 0.323707
0 0.143474 0.453468 0.0251639 0.0521469 0.32334
0 0.0280494 0.641839 0.0302084 0.0382897 0.323001
0 0.567816 0.605139 0.0148636 0.021464 0.322957
0 0.436176 0.189382 0.0182112 0.0278073 0.321118
0 0.19837 0.172398 0.014057 0.0228048 0.320222
0 0.656043 0.730242 0.0117603 0.0181549 0.319349
0 0.18126 0.0160759 0.0190437 0.0314881 0.318993
0 0.33532 0.184534 0.0108723 0.0138892 0.313156
0 0.549472 0.366515 0.0134755 0.0225019 0.312578
0 0.845858 0.864391 0.0138193 0.0133652 0.312214
0 0.761113 0.0103087 0.0178689 0.0201589 0.311878
0 0.0102924 0.508182 0.0203957 0.0617532 0.309641
0 0.218719 0.613172 0.0177388 0.0333759 0.307446
0 0.250849 0.0396351 0.0158648 0.0295453 0.306103
0 0.908683 0.302509 0.0125079 0.0207048 0.305799
0 0.719918 0.861866 0.011854 0.0158173 0.305252
0 0.876721 0.981527 0.0136551 0.0196964 0.30115
0 0.554476 0.739215 0.0151632 0.0181591 0.297983
0 0.296213 0.676466 0.0171733 0.0300821 0.297291
0 0.254192 0.255798 0.0133898 0.0261466 0.295225
0 0.238155 0.215212 0.0161878 0.0253547 0.293327
0 0.424735 0.532406 0.0226065 0.0319249 0.292761
0 0.00442225 0.380074 0.0087653 0.0372569 0.287696
0 0.13359 0.951686 0.0164554 0.0281643 0.287535
0 0.871567 0.940058 0.0127609 0.0200983 0.286707
0 0.313283 0.440271 0.0170784 0.0267753 0.286176
0 0.859568 0.886809 0.013377 0.0207486 0.285945
0 0.780757 0.988746 0.0110832 0.0186937 0.285005
0 0.95277 0.945154 0.0135345 0.0187799 0.284046
0 0.0334844 0.46192 0.0175438 0.027038 0.282758
0 0.0463158 0.489892 0.0172113 0.0313518 0.280153
0 0.852888 0.170788 0.0134228 0.0204721 0.278869
0 0.330455 0.599034 0.0177598 0.0296122 0.277997
0 0.497376 0.351416 0.0200487 0.0298857 0.277513
0 0.927246 0.959395 0.0115421 0.0186887 0.275167
0 0.904194 0.970004 0.0131153 0.0153112 0.274887
0 0.531381 0.665196 0.0119738 0.0200031 0.274152
0 0.385831 0.187402 0.0205457 0.0274197 0.271473
0 0.877751 0.905197 0.0125149 0.0173717 0.267392
0 0.687877 0.773602 0.0115381 0.0140798 0.261373
0 0.937234 0.924968 0.0125126 0.0166887 0.25926
0 0.44322 0.462323 0.0245881 0.0393591 0.252066
0 0.456964 0.304441 0.0146479 0.0307246 0.251294
0 0.512095 0.64121 0.0127357 0.0180738 0.250893
