0 0.0548072 0.42076 0.0263461 0.0422011 0.690169
0 0.181222 0.745234 0.0267389 0.0476213 0.687746
0 0.176174 0.54401 0.0238749 0.044978 0.686223
0 0.0735589 0.483713 0.0257026 0.0439317 0.68545
0 0.297549 0.697705 0.0263895 0.0422012 0.676892
0 0.653158 0.136433 0.0245525 0.0404296 0.670765
0 0.961248 0.212563 0.024741 0.0372668 0.670413
0 0.217015 0.799936 0.0280003 0.0397956 0.668718
0 0.0783916 0.119201 0.0225317 0.0373452 0.667532
0 0.702568 0.301701 0.0242704 0.0527925 0.660577
0 0.00871317 0.558527 0.0172666 0.0330813 0.659289
0 0.928297 0.442574 0.0243719 0.0439885 0.656194
0 0.428201 0.173095 0.0233015 0.0377428 0.655715
0 0.653249 0.480142 0.0245119 0.039713 0.655365
0 0.202123 0.189408 0.0230637 0.0419056 0.655282
0 0.169861 0.297878 0.0238565 0.0328315 0.654116
0 0.580559 0.490503 0.0192261 0.0366849 0.651565
0 0.319401 0.53504 0.0183795 0.0303874 0.650997
0 0.343663 0.620281 0.023328 0.0369515 0.647727
0 0.614304 0.612905 0.024526 0.0412662 0.645307
0 0.120775 0.638157 0.0264249 0.0382094 0.645065
0 0.600699 0.777164 0.0207832 0.0350688 0.642993
0 0.84886 0.164086 0.0206825 0.0341684 0.642956
0 0.120973 0.687287 0.025917 0.0343143 0.63743
0 0.467932 0.310434 0.0211919 0.0373819 0.636618
0 0.800077 0.140282 0.0181298 0.0333846 0.633317
0 0.340992 0.574902 0.0185061 0.0295169 0.633089
0 0.127129 0.108019 0.020166 0.034136 0.629842
0 0.860398 0.0779381 0.0201248 0.0356538 0.628137
0 0.566294 0.224184 0.0198822 0.0362836 0.627477
0 0.17886 0.198704 0.0173828 0.0258122 0.625358
0 0.226411 0.395898 0.0231073 0.0327294 0.624973
0 0.109063 0.287713 0.0219783 0.0338208 0.624713
0 0.295229 0.963229 0.0283583 0.0465643 0.624222
0 0.811536 0.186208 0.0181987 0.0299711 0.623895
0 0.242625 0.0188445 0.0251576 0.0374849 0.622987
0 0.229415 0.355562 0.0168443 0.0263618 0.622689
0 0.472293 0.687666 0.0222502 0.0350065 0.62243
0 0.77283 0.153475 0.020484 0.0347963 0.622202
0 0.00593919 0.0951029 0.0118594 0.0319936 0.621594
0 0.370197 0.709194 0.0249462 0.0466561 0.619058
0 0.412897 0.0518138 0.0269463 0.0400337 0.617263
0 0.285022 0.243393 0.0206635 0.0342145 0.616462
0 0.278125 0.0150164 0.0191597 0.0299574 0.615699
0 0.117899 0.899909 0.030282 0.0599201 0.61542
0 0.386447 0.0710023 0.0197112 0.0338694 0.615377
0 0.617545 0.656734 0.0183686 0.0261173 0.615231
0 0.855024 0.381048 0.017551 0.0318593 0.615186
0 0.366394 0.585366 0.0240038 0.0508803 0.614038
0 0.411008 0.129211 0.0182331 0.0296123 0.610404
0 0.733295 0.0223931 0.0357214 0.0436358 0.606226
0 0.191403 0.844592 0.0227744 0.0380256 0.606216
0 0.807173 0.872488 0.0205853 0.0285567 0.605437
0 0.423607 0.336391 0.0190039 0.0327971 0.605221
0 0.990869 0.781846 0.0182621 0.0400404 0.603747
0 0.0539234 0.719538 0.0217361 0.038387 0.602088
0 0.454588 0.570246 0.013796 0.0251594 0.600717
0 0.447534 0.223903 0.0261686 0.0503529 0.600559
0 0.121775 0.335788 0.0277517 0.0443234 0.599977
0 0.889193 0.105183 0.0156574 0.0339004 0.599785
0 0.991764 0.253138 0.0164728 0.0445666 0.599598
0 0.751707 0.524517 0.0149483 0.0259794 0.597565
0 0.502879 0.561228 0.0196239 0.0360012 0.595808
0 0.205138 0.229825 0.014956 0.0273842 0.594719
0 0.469911 0.603553 0.0217737 0.0433077 0.594593
0 0.648893 0.273322 0.0262393 0.0456927 0.592206
0 0.451847 0.131615 0.0189177 0.0374409 0.591224
0 0.0796846 0.529627 0.0168746 0.0306548 0.590915
0 0.0274693 0.12895 0.0167952 0.0256208 0.590524
0 0.398422 0.40803 0.0162867 0.0295195 0.589186
0 0.189979 0.340659 0.0162555 0.0273647 0.588891
0 0.945229 0.143358 0.0216854 0.0412173 0.588228
0 0.560491 0.624602 0.0339631 0.052735 0.588204
0 0.0997921 0.386837 0.0176009 0.0324634 0.587379
0 0.516931 0.416169 0.0185078 0.0323417 0.585904
0 0.820994 0.801678 0.0190666 0.0322135 0.585732
0 0.891067 0.33462 0.0175137 0.0294521 0.584875
0 0.0671345 0.565364 0.0175181 0.0273186 0.58422
0 0.544876 0.38499 0.0165092 0.0277817 0.583827
0 0.639146 0.0407301 0.0221202 0.0376726 0.583081
0 0.884483 0.0160678 0.0180038 0.0308766 0.58244
0 0.971887 0.78769 0.0157383 0.0271294 0.580668
0 0.550719 0.416863 0.0187519 0.0335149 0.576486
0 0.931451 0.201708 0.0225756 0.0434308 0.576076
0 0.248293 0.737357 0.0277948 0.0469923 0.575071
0 0.417993 0.641706 0.0330223 0.0442615 0.574299
0 0.616971 0.496869 0.02124 0.0338408 0.574081
0 0.729185 0.844545 0.0186516 0.0267753 0.572747
0 0.775408 0.055022 0.0184535 0.0346552 0.571406
0 0.273478 0.483321 0.0186659 0.0308731 0.569166
0 0.9941 0.0450473 0.0117996 0.0268044 0.568238
0 0.863415 0.830974 0.0148434 0.0238121 0.566838
0 0.429932 0.475064 0.0243132 0.0384832 0.566418
0 0.0785774 0.0645244 0.0142637 0.0241455 0.56641
0 0.590695 0.603285 0.0155342 0.025566 0.56639
0 0.831656 0.0645792 0.0179703 0.0322349 0.565054
0 0.974197 0.107966 0.0197075 0.0358218 0.563499
0 0.731342 0.229628 0.0144291 0.0214571 0.562475
0 0.318823 0.376114 0.0186852 0.0285738 0.561781
0 0.735932 0.132915 0.0141642 0.022458 0.561455
0 0.775456 0.431399 0.0183012 0.0373128 0.560423
0 0.15265 0.679226 0.0186004 0.0268561 0.559767
0 0.104598 0.172645 0.0160706 0.0290694 0.559541
0 0.826501 0.83621 0.015699 0.0264455 0.559381
0 0.0856593 0.33753 0.0177038 0.0330402 0.5585
0 0.325982 0.0346635 0.0170093 0.0286912 0.558147
0 0.6254 0.346363 0.0271091 0.049511 0.55676
0 0.150859 0.749528 0.0234784 0.0363369 0.554237
0 0.507835 0.304317 0.011088 0.0261334 0.55401
0 0.0175491 0.75474 0.0149007 0.0274695 0.553928
0 0.248242 0.296324 0.01807 0.0337332 0.553879
0 0.707564 0.200023 0.0198313 0.0312676 0.55362
0 0.769018 0.240731 0.0218494 0.0389734 0.55216
0 0.760414 0.338856 0.015722 0.0281173 0.551978
0 0.444318 0.328503 0.0137065 0.0239214 0.551973
0 0.541224 0.337824 0.0170059 0.0340445 0.549849
0 0.992385 0.125018 0.0152299 0.0316815 0.549655
0 0.759738 0.491963 0.0178469 0.0328357 0.548846
0 0.870105 0.310436 0.0150692 0.0247969 0.548652
0 0.329735 0.490917 0.0156329 0.021804 0.545298
0 0.395148 0.474236 0.0192599 0.0335655 0.543168
0 0.447138 0.0189474 0.0218466 0.0319607 0.542617
0 0.25607 0.56932 0.0371485 0.0551934 0.541563
0 0.96722 0.313647 0.0200123 0.0356349 0.539177
0 0.151661 0.208569 0.0233441 0.0355514 0.539036
0 0.0325248 0.889369 0.0144977 0.0265494 0.538895
0 0.122443 0.463266 0.0203956 0.0346401 0.537759
0 0.0996057 0.476922 0.0182289 0.0355624 0.537109
0 0.00947434 0.328303 0.0189297 0.0375441 0.535567
0 0.603569 0.229974 0.0253695 0.0469369 0.534409
0 0.879633 0.0620343 0.0107413 0.0245547 0.533405
0 0.154543 0.583608 0.0181129 0.0288625 0.533404
0 0.887474 0.29611 0.0175951 0.0351216 0.533341
0 0.191452 0.394575 0.0144826 0.0239995 0.53198
0 0.485357 0.475927 0.0171167 0.0296993 0.530234
0 0.346868 0.355302 0.0171616 0.0330249 0.52633
0 0.622965 0.28752 0.0237356 0.0436818 0.525054
0 0.111644 0.246009 0.0168053 0.0286047 0.524711
0 0.288268 0.506961 0.014851 0.0313778 0.523753
0 0.0457506 0.855405 0.0129604 0.0276533 0.523567
0 0.504767 0.0376872 0.014587 0.0244649 0.521777
0 0.985985 0.600281 0.0165334 0.029621 0.521177
0 0.0997564 0.0544548 0.0157818 0.0245928 0.519989
0 0.693765 0.246909 0.0215745 0.0359335 0.518762
0 0.464971 0.178148 0.0209003 0.0327459 0.518468
0 0.684664 0.181185 0.0186656 0.0327269 0.517501
0 0.189691 0.447751 0.014673 0.0303986 0.516764
0 0.491579 0.592048 0.0155232 0.0276428 0.515784
0 0.279627 0.5468 0.0162037 0.0317514 0.514444
0 0.663959 0.237204 0.0167785 0.0258291 0.513549
0 0.900524 0.225787 0.0229424 0.0319901 0.513547
0 0.333689 0.880395 0.0227688 0.0408908 0.511516
0 0.579435 0.275431 0.0222511 0.0414723 0.511326
0 0.314645 0.740345 0.0170801 0.0261424 0.511255
0 0.138508 0.474176 0.019267 0.0265314 0.510866
0 0.851573 0.235471 0.0182512 0.0338797 0.510775
0 0.561839 0.476821 0.0138975 0.025401 0.510676
0 0.916804 0.0147756 0.0244528 0.0281384 0.510573
0 0.124124 0.0623023 0.023412 0.034661 0.510443
0 0.29097 0.7453 0.0134428 0.0237315 0.508399
0 0.16482 0.134634 0.0236663 0.0329675 0.508313
0 0.774807 0.311753 0.0234631 0.0361582 0.50547
0 0.321696 0.243182 0.0185655 0.0373039 0.502746
0 0.538657 0.56255 0.0148575 0.0342551 0.501162
0 0.392039 0.373905 0.0174582 0.0241919 0.501141
0 0.0642046 0.907325 0.0159138 0.0292538 0.5006
0 0.215676 0.753896 0.0167657 0.0294885 0.49917
0 0.391013 0.53417 0.0173214 0.0307855 0.497958
0 0.742639 0.484031 0.015295 0.0278763 0.493511
0 0.0566196 0.0137136 0.017088 0.0255403 0.491274
0 0.665758 0.337821 0.0224695 0.0378098 0.490359
0 0.965555 0.755482 0.0158104 0.027872 0.488718
0 0.100608 0.573695 0.0194257 0.0292262 0.486723
0 0.693167 0.0353049 0.0191471 0.0278086 0.480282
0 0.991239 0.506263 0.0175224 0.0356477 0.47893
0 0.562727 0.534249 0.0227169 0.0358132 0.477866
0 0.596847 0.500412 0.0133021 0.0241534 0.476481
0 0.3678 0.367994 0.0128872 0.0224842 0.474928
0 0.914468 0.350925 0.0184978 0.0275421 0.473633
0 0.801674 0.0534665 0.0186159 0.030978 0.472908
0 0.456611 0.426202 0.0155025 0.0279538 0.47287
0 0.663967 0.0694009 0.0243275 0.0493927 0.472063
0 0.205939 0.534105 0.0195948 0.0239386 0.470003
0 0.391378 0.146805 0.0201341 0.036098 0.468168
0 0.944026 0.0349217 0.0166637 0.0272344 0.465469
0 0.361691 0.859823 0.027263 0.0431666 0.464803
0 0.62063 0.0686854 0.0176041 0.0329418 0.463806
0 0.530094 0.463628 0.0162277 0.0305277 0.463305
0 0.445057 0.0834989 0.0167389 0.026715 0.462885
0 0.0380254 0.660681 0.0165752 0.0242123 0.4624
0 0.60188 0.465169 0.0157704 0.0270057 0.461618
0 0.227792 0.200112 0.0138102 0.0275782 0.461334
0 0.358053 0.973509 0.0217076 0.0393263 0.460745
0 0.151615 0.260423 0.0187164 0.0321042 0.459293
0 0.502427 0.241343 0.0178236 0.030142 0.458791
0 0.515494 0.166137 0.0186031 0.033087 0.457601
0 0.223408 0.572927 0.0198108 0.035897 0.45701
0 0.977564 0.401997 0.0180168 0.0311998 0.456281
0 0.0151724 0.259885 0.0228006 0.0331825 0.453693
0 0.491064 0.328555 0.0170424 0.0304278 0.451956
0 0.307708 0.504391 0.0180098 0.0286255 0.451833
0 0.832608 0.864802 0.0164177 0.0242343 0.450887
0 0.493756 0.0798283 0.0245228 0.0406061 0.449436
0 0.140563 0.15601 0.01542 0.0305667 0.446122
0 0.322577 0.590648 0.0156089 0.0261398 0.44384
0 0.903646 0.0510563 0.0243231 0.0404533 0.443029
0 0.0829847 0.204462 0.019034 0.0281592 0.442721
0 0.79374 0.381243 0.0167849 0.0268889 0.442574
0 0.983755 0.460347 0.0232246 0.0389549 0.44188
0 0.462788 0.36404 0.0292236 0.0469495 0.441435
0 0.269392 0.367027 0.0215024 0.0354023 0.441282
0 0.392795 0.105957 0.0178015 0.0270336 0.438039
0 0.0161932 0.833173 0.0184923 0.0340459 0.436646
0 0.383851 0.444931 0.0147333 0.025125 0.435631
0 0.0520845 0.0957208 0.0173726 0.023455 0.433229
0 0.0659791 0.318669 0.0167324 0.0304707 0.430007
0 0.0434359 0.202228 0.0154526 0.0326242 0.428222
0 0.169848 0.0544717 0.020226 0.0368643 0.428069
0 0.387443 0.58062 0.0145548 0.0324836 0.427377
0 0.0187331 0.398409 0.0192099 0.031142 0.427068
0 0.0615487 0.266522 0.012615 0.0283668 0.426888
0 0.832885 0.0101703 0.0183075 0.0203406 0.426351
0 0.895185 0.781668 0.0143768 0.0215546 0.422386
0 0.594062 0.1715 0.0209473 0.0383927 0.421735
0 0.565595 0.0479901 0.0279511 0.0449165 0.42124
0 0.429693 0.286768 0.0212294 0.0312856 0.420718
0 0.263151 0.0796409 0.0201879 0.0392534 0.42026
0 0.687557 0.730666 0.0221633 0.0434201 0.417849
0 0.726063 0.164178 0.0165375 0.0259924 0.416779
0 0.285085 0.645585 0.0200277 0.0375078 0.411157
0 0.366799 0.29544 0.0286174 0.0380637 0.409433
0 0.190358 0.269207 0.01567 0.0250933 0.408656
0 0.643896 0.618148 0.0230851 0.0307805 0.407562
0 0.71184 0.591155 0.0202288 0.0347711 0.406219
0 0.133275 0.267505 0.014509 0.0271856 0.405723
0 0.0236547 0.354 0.0216196 0.0293539 0.405638
0 0.599263 0.539671 0.0220684 0.0319792 0.404551
0 0.347415 0.40181 0.0235809 0.0386163 0.401567
0 0.11949 0.73491 0.020759 0.0440538 0.398952
0 0.221981 0.948032 0.017803 0.0343934 0.394712
0 0.536435 0.176596 0.0160559 0.0317968 0.394011
0 0.535636 0.502578 0.0126682 0.0231788 0.392264
0 0.598622 0.819797 0.0158903 0.0275806 0.391474
0 0.721817 0.161251 0.021663 0.0310219 0.390625
0 0.718198 0.158805 0.0255634 0.0342157 0.38898
0 0.407942 0.95633 0.0235675 0.040138 0.386824
0 0.196229 0.0589904 0.0238561 0.0392618 0.386169
0 0.650674 0.579766 0.0173943 0.0338287 0.385319
0 0.873323 0.216332 0.0194805 0.031175 0.384861
0 0.882271 0.382585 0.0227943 0.0329598 0.384549
0 0.782529 0.793187 0.0117699 0.0214871 0.383652
0 0.166734 0.638383 0.0123216 0.0250234 0.383207
0 0.182131 0.809528 0.0164109 0.0214261 0.38206
0 0.514985 0.477219 0.0131727 0.0282645 0.381809
0 0.290778 0.392168 0.0236049 0.0305441 0.381228
0 0.979484 0.00929221 0.0162445 0.0180642 0.380519
0 0.761037 0.387085 0.0223764 0.0338374 0.379368
0 0.325413 0.0866605 0.0204213 0.0341246 0.378922
0 0.739397 0.576419 0.0205523 0.0356737 0.378586
0 0.97501 0.0674733 0.0159 0.0226728 0.377766
0 0.713256 0.463337 0.0185169 0.0341303 0.37772
0 0.543847 0.0765228 0.0194363 0.03481 0.377116
0 0.312419 0.469205 0.0157445 0.0228819 0.375593
0 0.500484 0.488119 0.0135573 0.0272749 0.374163
0 0.643103 0.653415 0.0185818 0.0310571 0.372043
0 0.929629 0.908039 0.0212986 0.0315637 0.371961
0 0.347904 0.480098 0.0125627 0.0182615 0.36996
0 0.422322 0.645019 0.0310343 0.0416516 0.368879
0 0.265235 0.28667 0.0160683 0.0277512 0.366955
0 0.393191 0.110697 0.0182448 0.0281027 0.36647
0 0.421531 0.524017 0.0299345 0.0398739 0.365155
0 0.49221 0.151656 0.0204046 0.0330082 0.363182
0 0.230597 0.0875754 0.0342583 0.0502323 0.362741
0 0.602052 0.335483 0.0231071 0.0546885 0.362445
0 0.250579 0.355244 0.0163328 0.0238339 0.36102
0 0.521478 0.304939 0.0166063 0.0247712 0.358218
0 0.120857 0.569558 0.0231273 0.0360669 0.358014
0 0.425877 0.394933 0.0180023 0.0336431 0.357927
0 0.104627 0.100074 0.0190589 0.0336648 0.357645
0 0.979753 0.661333 0.0140995 0.0324514 0.357359
0 0.86969 0.489083 0.0190468 0.0321479 0.35722
0 0.295064 0.585951 0.0213134 0.0296111 0.356014
0 0.371472 0.418466 0.0203791 0.0326713 0.353423
0 0.36248 0.297425 0.0228478 0.03709 0.351863
0 0.0535008 0.596868 0.0141882 0.0211287 0.351207
0 0.753525 0.435538 0.0192827 0.0358575 0.351074
0 0.0862519 0.0307177 0.0152781 0.0310035 0.34823
0 0.72788 0.0921097 0.0179263 0.0436485 0.348028
0 0.134422 0.193388 0.0113462 0.0253473 0.347649
0 0.901233 0.186045 0.0174038 0.029911 0.347642
0 0.0619432 0.348954 0.0170027 0.0298337 0.347535
0 0.565246 0.988715 0.0168315 0.0212884 0.346054
0 0.0186085 0.0714131 0.0159997 0.0280924 0.343854
0 0.240779 0.0498038 0.0234218 0.0190654 0.343303
0 0.952233 0.0101357 0.0128399 0.0179332 0.34247
0 0.154351 0.106455 0.0181859 0.0285321 0.341882
0 0.0783762 0.887473 0.0148142 0.0223226 0.341568
0 0.405755 0.0104691 0.0164145 0.0201555 0.341249
0 0.351817 0.524205 0.0122904 0.024421 0.337426
0 0.571752 0.818705 0.0208987 0.0314195 0.335265
0 0.429295 0.711478 0.0184708 0.0340694 0.333845
0 0.179284 0.883001 0.0150952 0.0294349 0.331736
0 0.586242 0.44447 0.0172335 0.0271081 0.329622
0 0.116946 0.203438 0.0119296 0.0247388 0.327701
0 0.240348 0.0529247 0.0210424 0.0165538 0.326363
0 0.680672 0.30716 0.00907326 0.0292313 0.325813
0 0.686321 0.490748 0.0191471 0.02955 0.324011
0 0.610582 0.144985 0.0165977 0.0326226 0.320257
0 0.4532 0.490512 0.0191603 0.0281911 0.317538
0 0.591368 0.0214767 0.0276772 0.0408918 0.317498
0 0.844613 0.2705 0.0158367 0.0281193 0.316091
0 0.595488 0.0236391 0.0245677 0.0441071 0.314777
0 0.95812 0.433396 0.0199974 0.0323661 0.313935
0 0.548696 0.774997 0.0216424 0.0309394 0.312228
0 0.244733 0.459395 0.0194056 0.0213913 0.305446
0 0.107603 0.515843 0.0154677 0.0161353 0.304568
0 0.523478 0.826019 0.0248701 0.0411562 0.304058
0 0.568771 0.322924 0.0214001 0.0327624 0.302906
0 0.370103 0.544501 0.0161764 0.017924 0.302542
0 0.381385 0.972467 0.0220074 0.0412586 0.301748
0 0.573764 0.750318 0.0167615 0.0251775 0.299608
0 0.00798251 0.782376 0.0153553 0.0305645 0.29855
0 0.0987464 0.424649 0.0193817 0.0331643 0.29788
0 0.638044 0.0835155 0.0186022 0.0285944 0.296535
0 0.21859 0.756399 0.0189283 0.0296471 0.295422
0 0.41468 0.229697 0.0186575 0.0268338 0.293518
0 0.150792 0.0592769 0.0129018 0.0237832 0.292165
0 0.947838 0.407747 0.0192144 0.0293939 0.289457
0 0.559291 0.286182 0.0130798 0.0258899 0.289364
0 0.0293573 0.570537 0.0147064 0.0281867 0.2873
0 0.22327 0.51107 0.019288 0.0323776 0.286118
0 0.217959 0.251638 0.0154503 0.0285415 0.284812
0 0.934165 0.0626948 0.0145504 0.0250765 0.283139
0 0.220039 0.504766 0.0213614 0.0348893 0.279656
0 0.741324 0.331226 0.0201333 0.0329231 0.273594
0 0.507309 0.37953 0.0197832 0.03075 0.272291
0 0.0135555 0.202612 0.0192743 0.0282746 0.271211
0 0.110785 0.96951 0.0251374 0.0396202 0.271108
0 0.739825 0.022363 0.0238077 0.0432607 0.266183
0 0.357565 0.0397529 0.0182436 0.0350674 0.263764
0 0.394705 0.935629 0.0129693 0.0294172 0.263463
0 0.286229 0.0830473 0.0202703 0.0304968 0.263279
0 0.084798 0.864453 0.0174702 0.0306976 0.262523
0 0.888049 0.565295 0.0192616 0.0297227 0.25808
0 0.0136777 0.829902 0.0215282 0.0405344 0.25631
0 0.473788 0.0810449 0.0155397 0.0277804 0.254648
0 0.284916 0.919491 0.0162016 0.0285634 0.254281
0 0.272231 0.882678 0.0167594 0.0302816 0.253524
0 0.595994 0.538205 0.0189027 0.0307048 0.25332
0 0.51614 0.136152 0.0160366 0.0227146 0.252811
0 0.366641 0.111243 0.0176917 0.0278026 0.252707
0 0.241699 0.26403 0.0139326 0.0233881 0.251982
0 0.45918 0.364333 0.0224314 0.0425833 0.250429
0 0.594101 0.727845 0.0159561 0.0243035 0.250231
