0 0.189116 0.818166 0.0182322 0.038777 0.671188
0 0.38362 0.438913 0.0313802 0.0486235 0.65555
0 0.196267 0.77272 0.0198262 0.0365723 0.652698
0 0.275476 0.560331 0.0218121 0.0359811 0.647664
0 0.911621 0.141878 0.0168858 0.0277234 0.647214
0 0.869905 0.532925 0.0156494 0.0223967 0.636367
0 0.899482 0.653649 0.015118 0.0268356 0.63419
0 0.924474 0.0422169 0.0141216 0.0225044 0.630312
0 0.962999 0.600993 0.0170015 0.0234572 0.627348
0 0.883425 0.0211966 0.0153381 0.0250814 0.625453
0 0.927585 0.532128 0.0151619 0.0238894 0.624944
0 0.876304 0.0727149 0.0154369 0.0262817 0.623045
0 0.868311 0.0440956 0.0132839 0.0223589 0.622683
0 0.912753 0.55167 0.0159775 0.0235658 0.617808
0 0.842951 0.576329 0.0152508 0.0231257 0.617526
0 0.9342 0.644097 0.0164272 0.0234451 0.617152
0 0.891622 0.54173 0.0160252 0.0229873 0.615693
0 0.84419 0.900398 0.0154949 0.0243174 0.614293
0 0.950199 0.54002 0.0163102 0.0229677 0.614278
0 0.911009 0.0617386 0.0154105 0.0243073 0.613968
0 0.955679 0.487879 0.0150572 0.0243391 0.613417
0 0.886074 0.674473 0.01584 0.022445 0.613208
0 0.843226 0.819729 0.0139517 0.0210863 0.612924
0 0.906756 0.520874 0.0152563 0.0228221 0.610254
0 0.871148 0.778113 0.015144 0.023088 0.610153
0 0.941762 0.511105 0.0153969 0.0234025 0.60923
0 0.968577 0.631113 0.0159622 0.0227866 0.607136
0 0.220504 0.265621 0.0147941 0.0219143 0.60443
0 0.918529 0.0930133 0.0151859 0.025832 0.603893
0 0.933433 0.237209 0.0159317 0.0256074 0.603879
0 0.904671 0.0327444 0.0146873 0.0211919 0.603683
0 0.863458 0.503119 0.014859 0.0223839 0.603353
0 0.854642 0.0649099 0.0132458 0.0203362 0.601918
0 0.907805 0.685143 0.0156345 0.025105 0.600343
0 0.900316 0.734039 0.015506 0.0239339 0.600157
0 0.919458 0.175578 0.015148 0.0215003 0.600096
0 0.893144 0.62316 0.0150772 0.0259489 0.599456
0 0.870922 0.856844 0.0142262 0.0233531 0.596349
0 0.89283 0.785113 0.0137709 0.0187514 0.594791
0 0.815962 0.9437 0.0157427 0.0228276 0.594052
0 0.861302 0.0116756 0.0145897 0.0209587 0.593809
0 0.884528 0.51359 0.0154194 0.0238807 0.592826
0 0.950449 0.621978 0.0165001 0.0218177 0.59274
0 0.240194 0.252884 0.0142081 0.0221536 0.592692
0 0.991532 0.855465 0.0169355 0.0288706 0.592451
0 0.8793 0.805077 0.0139709 0.0221756 0.592413
0 0.877484 0.563032 0.0152588 0.0244398 0.59112
0 0.712215 0.276625 0.0133312 0.01822 0.59108
0 0.828637 0.841248 0.0143291 0.0212494 0.59083
0 0.892538 0.705309 0.013142 0.0221792 0.589776
0 0.927469 0.611825 0.015683 0.0249215 0.588056
0 0.978241 0.581701 0.0171829 0.0266494 0.587084
0 0.838064 0.869497 0.0146355 0.0243452 0.586935
0 0.62158 0.676256 0.0156794 0.0266385 0.586889
0 0.94833 0.295594 0.0146797 0.0250602 0.585002
0 0.941492 0.590759 0.015904 0.0245995 0.584732
0 0.835006 0.954373 0.0132431 0.0230892 0.583638
0 0.858312 0.878201 0.013868 0.0196087 0.583079
0 0.878334 0.647563 0.015353 0.0239621 0.582604
0 0.727642 0.335789 0.0134571 0.0210802 0.581959
0 0.934672 0.562071 0.0138565 0.0206636 0.580611
0 0.970552 0.92485 0.0148132 0.0245148 0.57962
0 0.885545 0.757118 0.0140533 0.0256161 0.579253
0 0.940195 0.265509 0.0147242 0.0235796 0.578656
0 0.921587 0.665022 0.0139313 0.0215014 0.577852
0 0.17257 0.362785 0.0149048 0.0215942 0.577702
0 0.933966 0.479303 0.0137939 0.0221012 0.577257
0 0.840926 0.085746 0.0116592 0.0199022 0.5772
0 0.684818 0.237165 0.0120374 0.020767 0.577098
0 0.857891 0.63561 0.015441 0.0241487 0.576725
0 0.778313 0.465794 0.0122967 0.0182654 0.576677
0 0.86252 0.0952288 0.0148937 0.0229033 0.576356
0 0.942166 0.428109 0.0130363 0.0202605 0.575684
0 0.25777 0.275788 0.0129929 0.0222317 0.57559
0 0.136397 0.35083 0.0144426 0.0207131 0.575455
0 0.821405 0.973533 0.0154253 0.0253235 0.574764
0 0.792445 0.444485 0.0136433 0.0213013 0.574751
0 0.969373 0.548638 0.0156719 0.0224247 0.574687
0 0.801344 0.475644 0.0146385 0.0222608 0.574526
0 0.984597 0.529076 0.0137329 0.0202477 0.573699
0 0.848449 0.0351802 0.014193 0.0232908 0.572823
0 0.903463 0.865697 0.0136204 0.0203556 0.57265
0 0.0286892 0.275645 0.014623 0.020544 0.572648
0 0.815361 0.779622 0.0136556 0.0214305 0.572335
0 0.970356 0.960427 0.0137672 0.0226725 0.571998
0 0.878678 0.726821 0.0154142 0.0216509 0.571857
0 0.918809 0.844386 0.0163231 0.0228705 0.571734
0 0.865659 0.664788 0.0122696 0.02068 0.570243
0 0.216482 0.301279 0.0151042 0.0211541 0.569397
0 0.821186 0.486065 0.0143555 0.0216357 0.568768
0 0.850475 0.524966 0.0136971 0.0214222 0.5687
0 0.857452 0.798946 0.0142775 0.0197891 0.568246
0 0.0214137 0.352573 0.014615 0.0237672 0.56794
0 0.93652 0.827336 0.0137276 0.0211965 0.567788
0 0.920193 0.948651 0.0146637 0.024254 0.567389
0 0.842702 0.494341 0.0131065 0.0214761 0.565815
0 0.854282 0.146963 0.0124401 0.023112 0.565351
0 0.827533 0.107475 0.0129902 0.0216411 0.565239
0 0.814865 0.536761 0.0143549 0.022529 0.564332
0 0.899083 0.493494 0.0144321 0.0228316 0.563416
0 0.989817 0.778339 0.0132954 0.0232045 0.562911
0 0.65126 0.253034 0.0132732 0.0207141 0.56258
0 0.82831 0.596353 0.0132774 0.0185065 0.562248
0 0.633623 0.0308179 0.0138731 0.0204596 0.56194
0 0.807355 0.507701 0.014246 0.0217284 0.561886
0 0.93393 0.398888 0.0132149 0.0196083 0.561287
0 0.877191 0.15619 0.0130779 0.0199696 0.561255
0 0.921074 0.501532 0.0136889 0.0217844 0.560681
0 0.921185 0.880324 0.0138615 0.0229613 0.560635
0 0.871385 0.698098 0.0141758 0.0207534 0.560175
0 0.917917 0.010916 0.0149451 0.0212804 0.559906
0 0.920929 0.581121 0.0160866 0.0270704 0.559851
0 0.982996 0.44717 0.0141727 0.0224447 0.559662
0 0.0415704 0.340356 0.0140613 0.0207922 0.558526
0 0.61322 0.0210934 0.0151033 0.0208693 0.55831
0 0.641848 0.0610042 0.011566 0.0186599 0.557399
0 0.834778 0.0544698 0.0121811 0.0185352 0.557036
0 0.822581 0.811508 0.0144459 0.0219635 0.556652
0 0.850914 0.928984 0.0152336 0.0252306 0.556583
0 0.698731 0.214415 0.0116235 0.0211667 0.55544
0 0.238377 0.289242 0.0132092 0.0201691 0.554697
0 0.809281 0.910582 0.0131271 0.021613 0.554529
0 0.815951 0.862612 0.0124989 0.0181422 0.554057
0 0.814767 0.455276 0.0130249 0.0182127 0.553988
0 0.770874 0.356262 0.0132435 0.0206074 0.553975
0 0.946915 0.0495188 0.0137819 0.0218015 0.553838
0 0.937194 0.961918 0.0123188 0.0219537 0.553627
0 0.905289 0.277879 0.0126297 0.0194346 0.553616
0 0.940606 0.347605 0.0112797 0.0199577 0.553251
0 0.0462539 0.303416 0.0138687 0.0220602 0.553033
0 0.117 0.363445 0.014379 0.021297 0.552739
0 0.964741 0.519711 0.0145939 0.0213637 0.551811
0 0.993631 0.474711 0.0127377 0.0246839 0.551365
0 0.821675 0.568925 0.0130356 0.0202481 0.551313
0 0.808488 0.831743 0.0129961 0.0186752 0.551205
0 0.800722 0.800861 0.0122424 0.0196648 0.550131
0 0.820568 0.0768214 0.0140759 0.0195143 0.550082
0 0.993817 0.745298 0.0123669 0.0192301 0.549675
0 0.132645 0.386059 0.0135235 0.0198662 0.54939
0 0.828943 0.677035 0.0130947 0.0201217 0.549042
0 0.918413 0.256543 0.0136107 0.0205726 0.548678
0 0.94738 0.376653 0.0118 0.0183445 0.548104
0 0.836259 0.789365 0.0136375 0.0211388 0.547763
0 0.607547 0.0753348 0.0132923 0.0214583 0.547563
0 0.670032 0.177437 0.0125314 0.0197443 0.54694
0 0.982131 0.700831 0.0144287 0.0215988 0.546291
0 0.954546 0.946815 0.0144913 0.0212406 0.545676
0 0.663299 0.229405 0.0122669 0.0228257 0.544847
0 0.977989 0.495312 0.0135244 0.0211546 0.544189
0 0.70629 0.32731 0.0122008 0.0197667 0.543458
0 0.926412 0.286771 0.012957 0.0209613 0.543366
0 0.00999452 0.290101 0.014551 0.0211183 0.543072
0 0.871166 0.614379 0.0149227 0.02419 0.543056
0 0.119053 0.328451 0.015869 0.0218667 0.542918
0 0.684333 0.319336 0.0126854 0.0178276 0.542672
0 0.0285115 0.318657 0.0147536 0.0222425 0.542477
0 0.793726 0.8526 0.0128642 0.0190409 0.542394
0 0.837721 0.62635 0.0144925 0.0200321 0.542347
0 0.970091 0.467576 0.0129602 0.0194882 0.542314
0 0.928589 0.69069 0.0143157 0.0204945 0.541864
0 0.90808 0.600653 0.0139626 0.019242 0.541639
0 0.955529 0.569037 0.0170547 0.0270593 0.540688
0 0.921235 0.914034 0.013101 0.023428 0.540253
0 0.841013 0.00960163 0.0157314 0.0189476 0.539736
0 0.784749 0.414196 0.0119663 0.0203844 0.539151
0 0.882832 0.104118 0.0133966 0.0192959 0.539009
0 0.886422 0.185951 0.0123558 0.0205761 0.538808
0 0.89867 0.412052 0.0126564 0.0215203 0.538676
0 0.765897 0.73162 0.0120441 0.018751 0.538367
0 0.772325 0.761437 0.0125516 0.0174442 0.538359
0 0.145855 0.878579 0.013587 0.0221903 0.537591
0 0.672147 0.3417 0.0117551 0.0188113 0.537231
0 0.806631 0.017052 0.0126381 0.0213281 0.537094
0 0.713712 0.196561 0.0129125 0.0181802 0.536924
0 0.956274 0.408471 0.012188 0.0192093 0.536746
0 0.92041 0.813464 0.0142897 0.0208133 0.536557
0 0.163982 0.26764 0.0127143 0.0202524 0.53641
0 0.947472 0.457784 0.0126488 0.0202643 0.536062
0 0.877159 0.48164 0.0138725 0.0197482 0.535123
0 0.19304 0.350864 0.0142842 0.0207155 0.535106
0 0.821918 0.72772 0.012978 0.0191343 0.534354
0 0.676067 0.0453091 0.0126112 0.0194889 0.53346
0 0.657125 0.199373 0.0131681 0.0196862 0.533426
0 0.690881 0.105488 0.0126616 0.0191121 0.533312
0 0.734013 0.36615 0.0131638 0.0176337 0.533016
0 0.865821 0.82542 0.0131664 0.0209524 0.531643
0 0.890809 0.135259 0.0125107 0.0191721 0.531208
0 0.953167 0.875122 0.0142635 0.0201345 0.53116
0 0.69214 0.26717 0.012422 0.0210238 0.531073
0 0.977116 0.72987 0.0130894 0.0177914 0.530716
0 0.78456 0.332591 0.0118538 0.0181686 0.5306
0 0.863715 0.908865 0.0119373 0.0199459 0.530321
0 0.122453 0.831706 0.0135344 0.0186208 0.530216
0 0.938739 0.928406 0.0131586 0.0225314 0.529571
0 0.791438 0.0373574 0.0136756 0.0205285 0.529428
0 0.933469 0.0712699 0.0135536 0.0212489 0.528439
0 0.938417 0.0205048 0.0128517 0.0190741 0.527341
0 0.927656 0.449732 0.0120758 0.0208306 0.526823
0 0.851375 0.603819 0.0138538 0.0214973 0.526424
0 0.71926 0.308067 0.0119782 0.0208662 0.525636
0 0.827934 0.515316 0.0133325 0.0196013 0.525534
0 0.0993447 0.338825 0.0134096 0.0210935 0.525499
0 0.956595 0.326196 0.0143953 0.0232804 0.525464
0 0.621594 0.0523236 0.0126335 0.0189484 0.523595
0 0.837638 0.70953 0.0116184 0.0191522 0.523256
0 0.129674 0.900397 0.0147395 0.020156 0.523006
0 0.815774 0.618162 0.0123981 0.0181896 0.52251
0 0.938363 0.894548 0.0121624 0.0212741 0.521618
0 0.0784474 0.351832 0.0136353 0.019261 0.521499
0 0.801632 0.557237 0.0133684 0.0177855 0.521216
0 0.903898 0.194186 0.0124084 0.0189667 0.520934
0 0.197863 0.313685 0.0153363 0.0243751 0.520871
0 0.677177 0.207962 0.0138084 0.0188253 0.520817
0 0.878262 0.321719 0.0119849 0.018137 0.520308
0 0.84884 0.361347 0.0119713 0.0200143 0.52014
0 0.111823 0.888116 0.0146848 0.0210219 0.519473
0 0.86482 0.746652 0.0139858 0.0192834 0.518578
0 0.959429 0.741822 0.0128956 0.021897 0.518514
0 0.842409 0.328794 0.0117352 0.0193473 0.518364
0 0.985573 0.975429 0.0151482 0.021384 0.517315
0 0.827319 0.0258436 0.0128979 0.0194253 0.51722
0 0.897908 0.0854761 0.013689 0.0167764 0.517219
0 0.720621 0.387092 0.0125086 0.0189248 0.51708
0 0.158996 0.857612 0.0123749 0.0219957 0.516426
0 0.927622 0.368529 0.01329 0.0180367 0.516338
0 0.103373 0.787174 0.0136626 0.0210554 0.516096
0 0.850974 0.68644 0.0127243 0.0201433 0.516023
0 0.766401 0.0295104 0.0113541 0.0186731 0.515872
0 0.140563 0.844766 0.0124931 0.0185411 0.51552
0 0.139761 0.316395 0.0137673 0.0217936 0.515364
0 0.746073 0.0210477 0.0110237 0.0181528 0.514514
0 0.804517 0.180115 0.0126368 0.0188057 0.514233
0 0.953514 0.910217 0.0144905 0.0208428 0.514066
0 0.870571 0.207734 0.0120422 0.0202833 0.514021
0 0.977145 0.414618 0.0135857 0.0197242 0.514011
0 0.924954 0.979843 0.0129078 0.0225752 0.513857
0 0.986472 0.942456 0.0137273 0.0213249 0.513749
0 0.823547 0.892138 0.0147678 0.0189239 0.513729
0 0.86995 0.125334 0.0125907 0.0183835 0.513115
0 0.147639 0.912851 0.0131481 0.0204125 0.512843
0 0.726168 0.0962486 0.0132156 0.0188207 0.512622
0 0.615771 0.105469 0.0126755 0.017775 0.51127
0 0.926825 0.206151 0.0138412 0.0218712 0.510438
0 0.802574 0.880178 0.0129618 0.016684 0.50966
0 0.678295 0.289705 0.0121134 0.0183419 0.508982
0 0.629235 0.082141 0.0108685 0.0183086 0.50886
0 0.17702 0.328496 0.0129863 0.0204419 0.508681
0 0.103651 0.304542 0.0129472 0.0220069 0.507135
0 0.914683 0.471191 0.0133461 0.0193335 0.50643
0 0.719258 0.143846 0.0126998 0.0176305 0.506094
0 0.962121 0.0315995 0.0132353 0.0187426 0.505991
0 0.179358 0.293001 0.0137958 0.0212958 0.505763
0 0.122064 0.291419 0.0136537 0.0205661 0.505049
0 0.704045 0.16536 0.0116524 0.0165382 0.504787
0 0.828035 0.271353 0.0123554 0.017442 0.504045
0 0.914286 0.390294 0.0112114 0.0180448 0.503179
0 0.0612222 0.327316 0.0134914 0.0180802 0.502246
0 0.920568 0.420549 0.0118858 0.0186428 0.502056
0 0.933419 0.315713 0.0126545 0.0182691 0.502026
0 0.138348 0.813323 0.0143404 0.0199005 0.501694
0 0.766556 0.650688 0.0110712 0.0195782 0.500412
0 0.777608 0.386308 0.0132856 0.0177855 0.500372
0 0.968182 0.861372 0.0125967 0.0219543 0.500058
0 0.913625 0.308785 0.0122509 0.0178609 0.499811
0 0.228908 0.362733 0.0127829 0.0190309 0.499235
0 0.95285 0.780586 0.0125299 0.0188822 0.49751
0 0.0648488 0.290353 0.0130643 0.01891 0.497348
0 0.770292 0.192745 0.0122246 0.0181588 0.49706
0 0.962338 0.436683 0.0126186 0.0190422 0.496279
0 0.986843 0.812468 0.0141808 0.0226457 0.496131
0 0.808468 0.747134 0.0131985 0.0198968 0.495882
0 0.00608679 0.368662 0.0121736 0.0183278 0.495619
0 0.209088 0.375524 0.0133831 0.0191349 0.495124
0 0.0463805 0.750887 0.0148307 0.0221327 0.49481
0 0.00601552 0.326538 0.012031 0.0191898 0.494629
0 0.822552 0.646472 0.0118048 0.0198528 0.494414
0 0.727734 0.41946 0.0113703 0.0189187 0.494305
0 0.25259 0.312821 0.0133551 0.021002 0.494126
0 0.843257 0.657404 0.0131634 0.020182 0.493808
0 0.863868 0.422908 0.0124378 0.0185009 0.493774
0 0.69304 0.351048 0.0103069 0.018707 0.49332
0 0.85772 0.718964 0.0127239 0.0198046 0.493046
0 0.828685 0.759714 0.0122168 0.0183417 0.492818
0 0.0664164 0.763741 0.012471 0.0190509 0.492752
0 0.851368 0.769243 0.0125771 0.0190257 0.491568
0 0.629486 0.164386 0.0113058 0.0175512 0.49109
0 0.953883 0.811119 0.0132084 0.0198893 0.491053
0 0.727792 0.254857 0.0119428 0.0173112 0.490642
0 0.834859 0.219779 0.0116352 0.0185172 0.490403
0 0.741715 0.316105 0.0110528 0.0184167 0.490224
0 0.852556 0.848662 0.0129681 0.0192301 0.490113
0 0.0857469 0.278522 0.0137495 0.0202395 0.489889
0 0.082235 0.316085 0.0136128 0.0200451 0.489633
0 0.755516 0.293638 0.0117054 0.0171574 0.489196
0 0.798841 0.230842 0.0114128 0.0181942 0.489061
0 0.885428 0.267684 0.0116446 0.0194181 0.488965
0 0.870967 0.451612 0.0126119 0.0189638 0.488385
0 0.766743 0.979464 0.0130656 0.019979 0.487777
0 0.891651 0.298036 0.0108875 0.018291 0.487222
0 0.989701 0.557966 0.0129515 0.0203473 0.486483
0 0.663552 0.0675629 0.0121017 0.0188111 0.486242
0 0.649346 0.168958 0.0120279 0.0164269 0.485902
0 0.704656 0.085306 0.0112527 0.0176461 0.485884
0 0.921171 0.339991 0.013404 0.0198645 0.485559
0 0.107615 0.26917 0.0143577 0.0204453 0.485439
0 0.971039 0.792453 0.012529 0.0194041 0.484635
0 0.834567 0.3015 0.0120733 0.0191011 0.484143
0 0.635097 0.112099 0.0123574 0.0177772 0.48402
0 0.0180011 0.392155 0.0129097 0.0190184 0.483988
0 0.884183 0.433205 0.0118469 0.0182788 0.483325
0 0.705881 0.245979 0.0119363 0.0197537 0.483239
0 0.960715 0.712892 0.0141791 0.0193726 0.483156
0 0.813783 0.0472672 0.0120712 0.0174984 0.483002
0 0.165035 0.92353 0.0134276 0.02093 0.482691
0 0.786161 0.821057 0.0125704 0.0150967 0.482248
0 0.797522 0.148248 0.0107374 0.0188768 0.481129
0 0.848541 0.198528 0.0121529 0.0170578 0.479722
0 0.00439072 0.781091 0.00878145 0.0215101 0.479718
0 0.842102 0.250486 0.0117767 0.0183397 0.479444
0 0.898953 0.329854 0.0116873 0.0174979 0.479137
0 0.718635 0.0660106 0.01294 0.0179492 0.477387
0 0.689809 0.0255326 0.0105312 0.0193749 0.477108
0 0.835438 0.466065 0.0121639 0.0189836 0.477041
0 0.885191 0.351386 0.011694 0.0183642 0.47611
0 0.145139 0.279886 0.0128072 0.019853 0.476083
0 0.889739 0.952685 0.0147537 0.0254863 0.475741
0 0.942729 0.670651 0.01366 0.0233658 0.475539
0 0.864839 0.585014 0.0143019 0.0215595 0.475482
0 0.904962 0.441511 0.0129639 0.0171054 0.475284
0 0.834816 0.546097 0.012506 0.0205227 0.475072
0 0.791389 0.28322 0.0108141 0.0188176 0.474458
0 0.769984 0.109903 0.0118282 0.0169674 0.473433
0 0.876709 0.238359 0.0113625 0.0204826 0.473319
0 0.95224 0.842381 0.0139759 0.0170803 0.47279
0 0.677286 0.986369 0.0137315 0.0219832 0.472714
0 0.785509 0.579026 0.012068 0.0186604 0.472361
0 0.769965 0.274268 0.0123367 0.018122 0.471729
0 0.968641 0.82842 0.012887 0.018162 0.471041
0 0.722635 0.55211 0.0107944 0.0165978 0.470997
0 0.856857 0.310464 0.0115356 0.0178494 0.47039
0 0.62201 0.133283 0.0120331 0.0186906 0.470195
0 0.835019 0.138195 0.0120967 0.0184767 0.470142
0 0.794714 0.769962 0.01244 0.01818 0.469835
0 0.987434 0.665185 0.0138569 0.0217133 0.469732
0 0.700813 0.378531 0.0116392 0.0190847 0.469661
0 0.134635 0.777508 0.0126599 0.0189911 0.467899
0 0.751951 0.0550004 0.0131114 0.0172082 0.467826
0 0.649275 0.0907219 0.0122952 0.0177254 0.466645
0 0.68259 0.155338 0.0126162 0.0175822 0.466036
0 0.807764 0.589294 0.0119292 0.0174237 0.465973
0 0.0961176 0.373387 0.0139125 0.0199505 0.465444
0 0.16109 0.304054 0.0133729 0.0202438 0.463405
0 0.683647 0.0753993 0.0130868 0.0178662 0.463369
0 0.808162 0.667828 0.0132175 0.0174098 0.463315
0 0.877746 0.402923 0.0126911 0.0177934 0.462808
0 0.784015 0.088069 0.0121927 0.0178844 0.462758
0 0.906242 0.969144 0.0144245 0.0224244 0.460721
0 0.7797 0.629317 0.0114681 0.0166158 0.460329
0 0.720288 0.700019 0.0131084 0.0182153 0.459469
0 0.912126 0.225888 0.0118406 0.0190879 0.458721
0 0.114067 0.24175 0.0147183 0.0231509 0.458638
0 0.189571 0.38833 0.0137001 0.0170024 0.458478
0 0.784029 0.892722 0.0124067 0.0157598 0.458365
0 0.742532 0.397878 0.011378 0.018113 0.458194
0 0.664376 0.149647 0.0117888 0.0193169 0.456854
0 0.0902093 0.842423 0.0128563 0.0193522 0.456675
0 0.227267 0.391021 0.0116043 0.0171181 0.456011
0 0.75151 0.669826 0.0133163 0.0184155 0.455906
0 0.740599 0.152396 0.0118594 0.0170337 0.453986
0 0.51074 0.447351 0.0119108 0.016679 0.453683
0 0.747389 0.735532 0.0110739 0.0176147 0.452806
0 0.904058 0.93586 0.0130824 0.0249412 0.451876
0 0.938477 0.761695 0.0143036 0.0220011 0.451561
0 0.885686 0.836003 0.0139118 0.017963 0.451523
0 0.734272 0.914833 0.0124287 0.0189985 0.451102
0 0.777565 0.222692 0.0122107 0.0178887 0.450724
0 0.791146 0.202645 0.0109989 0.018112 0.450519
0 0.844701 0.738431 0.01436 0.0202894 0.450028
0 0.814652 0.372873 0.0123177 0.0187698 0.449852
0 0.658286 0.283592 0.0139336 0.0165366 0.449426
0 0.764334 0.243187 0.0116669 0.0176908 0.449292
0 0.129808 0.239895 0.0130031 0.024954 0.4491
0 0.871559 0.291032 0.0126862 0.0181017 0.448425
0 0.698345 0.298735 0.0127988 0.0227003 0.448391
0 0.759211 0.859497 0.0114419 0.0187035 0.448155
0 0.820804 0.159411 0.0115454 0.0180988 0.44806
0 0.745023 0.641663 0.011488 0.0188494 0.447898
0 0.785947 0.498566 0.0115788 0.0198249 0.447719
0 0.793575 0.687321 0.0118318 0.0184204 0.447047
0 0.772306 0.599348 0.0112232 0.0177748 0.446459
0 0.761946 0.798699 0.0110757 0.016664 0.446274
0 0.0764909 0.387705 0.0147968 0.0169786 0.445493
0 0.842121 0.168434 0.0118769 0.017507 0.444993
0 0.801564 0.637137 0.0124306 0.0188227 0.441518
0 0.77186 0.51819 0.0122408 0.0151321 0.440092
0 0.75533 0.1312 0.0115969 0.0170603 0.439536
0 0.757372 0.37614 0.0115769 0.0185289 0.439133
0 0.97119 0.761707 0.010647 0.0142424 0.438792
0 0.743281 0.23366 0.0108927 0.018698 0.438758
0 0.696678 0.136077 0.0117027 0.0183529 0.438429
0 0.805055 0.989563 0.0116186 0.0185952 0.438295
0 0.807941 0.260879 0.0131695 0.0176687 0.437512
0 0.801741 0.719554 0.0121141 0.0176219 0.437237
0 0.834402 0.381634 0.0118099 0.0177316 0.436531
0 0.969928 0.38514 0.0126316 0.0200068 0.435574
0 0.213264 0.338395 0.0132544 0.0201053 0.435222
0 0.793002 0.606744 0.0114126 0.0175586 0.43501
0 0.775791 0.0585857 0.0116638 0.0183301 0.433733
0 0.10808 0.854661 0.0137132 0.0198961 0.433569
0 0.905856 0.358813 0.0119242 0.0177397 0.432451
0 0.780147 0.792958 0.0112865 0.0169566 0.432294
0 0.741259 0.477007 0.010814 0.0169285 0.431253
0 0.697035 0.0546028 0.0107169 0.0167568 0.430813
0 0.721531 0.22591 0.0122431 0.019124 0.430579
0 0.751823 0.593042 0.0114056 0.0190742 0.430162
0 0.890521 0.986503 0.015509 0.0244446 0.42788
0 0.855559 0.228103 0.0108387 0.0192674 0.427514
0 0.723042 0.787326 0.0115265 0.0173082 0.427177
0 0.600376 0.0455559 0.0124627 0.0175213 0.427065
0 0.985904 0.908828 0.0141748 0.0224854 0.426443
0 0.657311 0.119514 0.0115429 0.0171374 0.426035
0 0.780008 0.00951015 0.0117022 0.0176944 0.425402
0 0.961604 0.356414 0.0124138 0.0189999 0.424597
0 0.686909 0.87037 0.011799 0.0177979 0.423447
0 0.721137 0.935731 0.0116827 0.0180779 0.422311
0 0.806197 0.343422 0.0109409 0.0180467 0.421694
0 0.279959 0.0222044 0.015171 0.0189474 0.420872
0 0.8136 0.291663 0.0129186 0.0169883 0.420731
0 0.892204 0.464072 0.0113416 0.0176482 0.420374
0 0.758458 0.702542 0.0120388 0.0177392 0.420123
0 0.801266 0.313497 0.0105344 0.0169323 0.419922
0 0.262119 0.582211 0.0143334 0.0261182 0.419458
0 0.766116 0.890981 0.0116717 0.017502 0.419171
0 0.938285 0.863505 0.010342 0.0219723 0.418797
0 0.791746 0.365047 0.0103855 0.0166134 0.417791
0 0.715577 0.757185 0.0121774 0.0173823 0.416895
0 0.982596 0.612307 0.0125286 0.0173108 0.416497
0 0.462241 0.468608 0.0140748 0.0212429 0.416126
0 0.147572 0.239112 0.0118828 0.0179559 0.41556
0 0.953296 0.979038 0.0144859 0.0246198 0.414764
0 0.453885 0.434904 0.0123899 0.0205977 0.414591
0 0.749836 0.347127 0.0118081 0.0191498 0.414261
0 0.387442 0.440339 0.0250581 0.0436147 0.41416
0 0.784465 0.25356 0.0119492 0.0158012 0.413481
0 0.200218 0.27804 0.0158811 0.0170676 0.413093
0 0.152466 0.373634 0.0140864 0.0208488 0.412915
0 0.764631 0.48806 0.010579 0.0172312 0.412497
0 0.757669 0.53981 0.0121498 0.0208722 0.411986
0 0.752239 0.914689 0.0115208 0.0177303 0.411899
0 0.182265 0.263318 0.0137163 0.0201087 0.4117
0 0.848503 0.119072 0.011422 0.0167002 0.411696
0 0.15763 0.338682 0.0134056 0.0204676 0.410844
0 0.856444 0.550895 0.0120899 0.0172136 0.410373
0 0.734145 0.123603 0.0110777 0.0179985 0.410228
0 0.970312 0.991687 0.0146445 0.0162276 0.410136
0 0.936627 0.795778 0.0121109 0.020658 0.409706
0 0.0476091 0.272626 0.0144258 0.0251408 0.409048
0 0.90466 0.901563 0.0169369 0.0270962 0.407888
0 0.791533 0.118168 0.0115865 0.0163392 0.406813
0 0.726808 0.881071 0.0113347 0.0176039 0.406107
0 0.967537 0.67936 0.0119659 0.0233831 0.406058
0 0.126768 0.267465 0.0123524 0.0201981 0.405503
0 0.689773 0.18581 0.012355 0.0176462 0.404194
0 0.670438 0.0146199 0.0135128 0.0196352 0.402119
0 0.670586 0.0991374 0.0119314 0.0167458 0.400888
0 0.111743 0.397259 0.0129426 0.0193848 0.400594
0 0.969279 0.893682 0.0133175 0.0180699 0.399881
0 0.787029 0.659115 0.0115668 0.0176133 0.399877
0 0.644348 0.142495 0.0107136 0.0191841 0.399294
0 0.120789 0.799206 0.0133386 0.0182424 0.398321
0 0.863792 0.262119 0.012353 0.0186371 0.39818
0 0.821121 0.40528 0.0126011 0.0176312 0.398081
0 0.898233 0.165242 0.0124678 0.01979 0.397259
0 0.647051 0.0104139 0.0135445 0.0183664 0.397173
0 0.871375 0.373045 0.0121399 0.0174911 0.396948
0 0.0591373 0.366111 0.0133871 0.0192435 0.396276
0 0.747653 0.26485 0.0120564 0.0173139 0.394583
0 0.640451 0.298264 0.0113058 0.0180895 0.393986
0 0.828687 0.43604 0.0130836 0.015369 0.393414
0 0.153319 0.791741 0.0128666 0.0169722 0.391995
0 0.0861974 0.80747 0.0116785 0.0210671 0.391581
0 0.1769 0.869972 0.0170473 0.0246006 0.391517
0 0.249901 0.349143 0.0146059 0.0202398 0.391474
0 0.714437 0.440598 0.0118741 0.0185051 0.391228
0 0.786095 0.988607 0.0134015 0.019577 0.390516
0 0.707179 0.722927 0.0125645 0.0182251 0.390349
0 0.843 0.412515 0.0106739 0.0197786 0.390298
0 0.65597 0.0392054 0.0108709 0.0175624 0.389977
0 0.313383 0.0429014 0.0151998 0.0245727 0.389015
0 0.84838 0.280917 0.0112862 0.0172839 0.387879
0 0.891758 0.380705 0.0113462 0.0180028 0.387826
0 0.183108 0.93771 0.0142075 0.0191318 0.385501
0 0.856796 0.390915 0.0120918 0.016807 0.385042
0 0.793225 0.526561 0.0121464 0.0159859 0.384017
0 0.712311 0.0328548 0.0124667 0.0185904 0.382995
0 0.116485 0.763651 0.0131254 0.0196035 0.382668
0 0.898716 0.245885 0.0117142 0.0170648 0.381979
0 0.737294 0.532144 0.0122159 0.0163354 0.381415
0 0.778485 0.139946 0.0106859 0.0166853 0.380563
0 0.6999 0.843538 0.011795 0.0178548 0.380381
0 0.738597 0.0768151 0.0117788 0.0169013 0.379886
0 0.50407 0.417099 0.0121103 0.0188133 0.376653
0 0.709811 0.964643 0.0118677 0.0157324 0.376158
0 0.71689 0.61004 0.00990219 0.0159634 0.376132
0 0.709707 0.116521 0.0102257 0.0167729 0.376125
0 0.995169 0.886736 0.00966282 0.0217277 0.37397
0 0.170698 0.804491 0.0139705 0.021932 0.37384
0 0.89669 0.00657244 0.0161783 0.0131449 0.373426
0 0.262567 0.00950901 0.0145527 0.0187538 0.373258
0 0.723875 0.640836 0.0107098 0.0162065 0.372713
0 0.115222 0.921655 0.0139806 0.0204783 0.371922
0 0.863884 0.178073 0.0134682 0.0165507 0.371059
0 0.718499 0.852185 0.0111677 0.0163963 0.370643
0 0.751124 0.508888 0.0112206 0.0164252 0.368894
0 0.750954 0.826209 0.0114421 0.0165042 0.36805
0 0.633611 0.267171 0.0123375 0.0171035 0.367767
0 0.695191 0.432548 0.0117589 0.0151698 0.366227
0 0.735588 0.764341 0.0115598 0.0164503 0.366063
0 0.457697 0.375244 0.0125708 0.0175815 0.363358
0 0.889098 0.918067 0.0137512 0.0235107 0.362465
0 0.713788 0.908006 0.0129383 0.0186581 0.361725
0 0.755455 0.213004 0.0116877 0.0158301 0.361308
0 0.644787 0.225353 0.012406 0.015036 0.360622
0 0.714517 0.522162 0.0108894 0.0165168 0.359996
0 0.733889 0.0418725 0.0122608 0.0157147 0.359431
0 0.23905 0.0214599 0.0147301 0.0197364 0.359074
0 0.7778 0.861817 0.0108957 0.0153853 0.358988
0 0.72709 0.172826 0.0104973 0.0161898 0.35891
0 0.996128 0.503806 0.00774447 0.0192645 0.358666
0 0.748574 0.100705 0.0102291 0.018635 0.358077
0 0.725853 0.0134676 0.0118815 0.0166657 0.357081
0 0.233867 0.325713 0.0125669 0.0187207 0.356927
0 0.722673 0.468741 0.0106527 0.0184752 0.356071
0 0.737197 0.61089 0.0109214 0.0193021 0.355617
0 0.651877 0.950718 0.0118397 0.0182732 0.355164
0 0.848037 0.44357 0.011755 0.0154329 0.354022
0 0.820804 0.325697 0.012384 0.0158191 0.353535
0 0.772054 0.434928 0.0120762 0.0199926 0.352478
0 0.676907 0.599408 0.0117664 0.016746 0.347766
0 0.770196 0.83192 0.0122342 0.0150728 0.347206
0 0.696141 0.905579 0.0123631 0.0182958 0.34169
0 0.488468 0.354214 0.0119085 0.0169766 0.341683
0 0.730356 0.580416 0.010633 0.0165551 0.341253
0 0.163266 0.890094 0.011278 0.0183695 0.341054
0 0.0499759 0.783315 0.011926 0.0208666 0.339799
0 0.734341 0.287188 0.0112808 0.0169217 0.339304
0 0.798617 0.958186 0.011241 0.0168294 0.338992
0 0.954364 0.00536885 0.014724 0.0107377 0.338078
0 0.688445 0.723183 0.0123235 0.0179328 0.337633
0 0.678872 0.372616 0.0107253 0.0157392 0.336491
0 0.105403 0.819478 0.0118013 0.0186873 0.335587
0 0.637792 0.192873 0.0113449 0.0170675 0.32886
0 0.676728 0.126388 0.0127732 0.0167559 0.328538
0 0.811287 0.207887 0.0102331 0.014906 0.327657
0 0.167601 0.959177 0.0139992 0.0201748 0.327432
0 0.826643 0.188437 0.011174 0.0160012 0.326803
0 0.126996 0.866245 0.0131026 0.0192776 0.324621
0 0.708109 0.410507 0.0108509 0.0177628 0.323092
0 0.711806 0.818938 0.0110395 0.0193503 0.322696
0 0.764817 0.570546 0.0100972 0.0161406 0.322183
0 0.658058 0.600734 0.0121487 0.0192331 0.320355
0 0.690975 0.958557 0.0112537 0.0163137 0.31725
0 0.71435 0.357958 0.0115498 0.0174221 0.31692
0 0.426797 0.250095 0.0127485 0.0211791 0.314419
0 0.806542 0.42699 0.0112717 0.0191714 0.314153
0 0.221332 0.0211443 0.015946 0.0214038 0.313646
0 0.727947 0.731972 0.0104094 0.0157306 0.313577
0 0.786628 0.742874 0.0123926 0.0151975 0.311026
0 0.729533 0.500388 0.0103354 0.0176151 0.31099
0 0.994365 0.634459 0.0112705 0.0216921 0.309241
0 0.665242 0.314521 0.0113548 0.0135951 0.308302
0 0.780482 0.713254 0.0117891 0.0164983 0.305921
0 0.515701 0.390185 0.0115127 0.0174771 0.304305
0 0.0538696 0.204225 0.0168435 0.0288946 0.302343
0 0.800383 0.392771 0.011726 0.0180984 0.299539
0 0.784683 0.171337 0.0114824 0.0142273 0.299389
0 0.748804 0.425422 0.0113705 0.0182985 0.29801
0 0.799037 0.067929 0.0118043 0.0178066 0.297398
0 0.487827 0.500859 0.0121613 0.0190059 0.295569
0 0.577596 0.874386 0.0122849 0.0154812 0.295555
0 0.891669 0.218972 0.0120427 0.0154302 0.29529
0 0.941932 0.733486 0.0119999 0.0178399 0.294165
0 0.00485738 0.816471 0.00971475 0.0223389 0.294051
0 0.0540518 0.819118 0.0144985 0.017781 0.293702
0 0.996391 0.713387 0.00721817 0.0226206 0.290621
0 0.686297 0.485248 0.0100029 0.0175182 0.288375
0 0.976907 0.0106018 0.0142626 0.0193016 0.287512
0 0.922047 0.576807 0.0156816 0.0220939 0.286981
0 0.804445 0.0987993 0.0128885 0.0179753 0.285453
0 0.639624 0.978085 0.0129192 0.0175947 0.283047
0 0.707055 0.491215 0.00990257 0.0190403 0.282716
0 0.169152 0.399204 0.0142578 0.0196411 0.282087
0 0.621546 0.294759 0.0111211 0.0164246 0.282017
0 0.75017 0.184455 0.0111622 0.0203562 0.281289
0 0.149003 0.946012 0.0155132 0.0231692 0.281254
0 0.679322 0.454938 0.00996577 0.016104 0.280685
0 0.521905 0.420078 0.0115151 0.0178233 0.280364
0 0.00486913 0.204487 0.00973826 0.0229223 0.280215
0 0.713472 0.671299 0.0104057 0.0165651 0.279834
0 0.739491 0.854195 0.0114948 0.0169457 0.279353
0 0.746156 0.884335 0.0116852 0.0169057 0.278655
0 0.773133 0.681307 0.0104116 0.0177456 0.275487
0 0.098567 0.753874 0.0106458 0.0193848 0.274249
0 0.0848408 0.774081 0.0131441 0.0201145 0.271937
0 0.24634 0.383657 0.0146216 0.0205375 0.271935
0 0.196121 0.233785 0.0140722 0.0206055 0.271066
0 0.628976 0.7108 0.0116221 0.0180995 0.270781
0 0.0701045 0.795422 0.0150265 0.0213769 0.267323
0 0.696123 0.751033 0.0112984 0.0144202 0.267123
0 0.671469 0.954569 0.0109982 0.0159192 0.264554
0 0.864306 0.341736 0.0123085 0.0153272 0.263728
0 0.703811 0.786359 0.011869 0.0143331 0.263426
0 0.46518 0.405428 0.0104639 0.0166125 0.259334
0 0.67128 0.258168 0.0118561 0.0193128 0.255005
0 0.676636 0.897104 0.0115524 0.0170336 0.254694
0 0.666202 0.631043 0.0109146 0.0177526 0.250998
0 0.747934 0.977208 0.0112928 0.0173608 0.250655
