0 0.506863 0.126251 0.0330388 0.0580957 0.711256
0 0.73906 0.376846 0.0259451 0.0455955 0.701272
0 0.726354 0.33235 0.0251434 0.0382569 0.700982
0 0.755027 0.434215 0.0212908 0.0356016 0.700844
0 0.690734 0.300337 0.0307804 0.0513476 0.699317
0 0.830713 0.754894 0.0204227 0.037674 0.696024
0 0.859638 0.172219 0.022451 0.0412596 0.688906
0 0.849927 0.794545 0.0233395 0.0492328 0.688675
0 0.791497 0.581153 0.0280965 0.0518817 0.687243
0 0.878053 0.65853 0.0259412 0.0454128 0.678761
0 0.391485 0.746607 0.0369242 0.0651927 0.677866
0 0.615383 0.16772 0.0219439 0.0380881 0.67762
0 0.804752 0.657841 0.0219821 0.0477363 0.675385
0 0.870421 0.41737 0.018858 0.0336188 0.675032
0 0.189741 0.131451 0.0265807 0.0454388 0.669468
0 0.613097 0.0568794 0.0204961 0.032032 0.66938
0 0.814646 0.418294 0.0220764 0.0435905 0.669311
0 0.688324 0.0668786 0.0211048 0.0314158 0.667484
0 0.913041 0.322532 0.0231211 0.036752 0.667215
0 0.669833 0.689113 0.0258949 0.0416321 0.666235
0 0.893796 0.917792 0.0222154 0.0400645 0.664035
0 0.780778 0.379156 0.0133953 0.0286418 0.663766
0 0.639591 0.0434551 0.028333 0.0430266 0.662986
0 0.826691 0.559532 0.0263847 0.0500734 0.661042
0 0.82085 0.708021 0.0236542 0.0363832 0.660292
0 0.978366 0.300205 0.0248249 0.0414809 0.65982
0 0.00817723 0.467528 0.0163171 0.0451667 0.659318
0 0.876506 0.374342 0.0237438 0.0407976 0.659202
0 0.0912428 0.066463 0.0317059 0.0510666 0.658618
0 0.803487 0.315364 0.0231742 0.0518967 0.658551
0 0.968112 0.253837 0.0191776 0.0293438 0.658101
0 0.775652 0.642018 0.0184896 0.0344172 0.657761
0 0.976135 0.613304 0.0202656 0.033916 0.657266
0 0.58683 0.429922 0.0273107 0.0456168 0.656907
0 0.760957 0.55669 0.0250855 0.0430339 0.655623
0 0.415492 0.112687 0.0256802 0.0468187 0.65551
0 0.957902 0.701738 0.0301216 0.0549303 0.655393
0 0.845674 0.96016 0.0234451 0.0381479 0.654046
0 0.147974 0.350165 0.0229183 0.0410893 0.652064
0 0.773547 0.232467 0.019936 0.0310117 0.648188
0 0.508083 0.341783 0.0313942 0.052098 0.646602
0 0.700133 0.377617 0.0159323 0.0319084 0.646052
0 0.0946948 0.133223 0.0222337 0.0404736 0.642999
0 0.97308 0.842997 0.0246143 0.0466553 0.641509
0 0.979487 0.933886 0.0261433 0.0432407 0.639299
0 0.601346 0.563954 0.0241484 0.0374552 0.638257
0 0.695632 0.0207328 0.021236 0.034294 0.637315
0 0.715391 0.22936 0.0167179 0.0383592 0.636851
0 0.848898 0.231155 0.0198399 0.0385133 0.63548
0 0.717942 0.0187187 0.0189999 0.0345269 0.635044
0 0.766434 0.737968 0.027507 0.045225 0.632457
0 0.780475 0.691933 0.0290131 0.0474567 0.631384
0 0.906212 0.752677 0.0215576 0.0356709 0.631269
0 0.908043 0.709249 0.0273369 0.0503064 0.630133
0 0.713983 0.41583 0.0199369 0.0293844 0.627316
0 0.725859 0.602133 0.0234016 0.0495416 0.626963
0 0.775559 0.0527115 0.0175143 0.0296648 0.626903
0 0.565368 0.193801 0.0340631 0.0793088 0.624121
0 0.798131 0.744439 0.0271557 0.0462847 0.622378
0 0.75099 0.324223 0.0160914 0.0316435 0.622045
0 0.672773 0.0355234 0.0190819 0.0296045 0.620876
0 0.63935 0.421061 0.0335678 0.0493569 0.61888
0 0.717121 0.934021 0.0189098 0.0287449 0.618281
0 0.0178704 0.077388 0.0268227 0.0364398 0.618035
0 0.81602 0.613784 0.0171993 0.0308702 0.616018
0 0.142679 0.177062 0.0197245 0.027836 0.615232
0 0.105896 0.029727 0.0199625 0.0321528 0.612445
0 0.878402 0.498713 0.0194527 0.037193 0.612432
0 0.716474 0.093372 0.0186611 0.0304219 0.612155
0 0.132083 0.325044 0.0181046 0.0339506 0.61104
0 0.789294 0.417916 0.0228118 0.0325804 0.610517
0 0.0482232 0.133526 0.0266029 0.0490941 0.610512
0 0.960659 0.976283 0.0191636 0.0310259 0.608251
0 0.616796 0.0888333 0.0168577 0.0234352 0.607601
0 0.979142 0.0568612 0.0221378 0.0313651 0.607572
0 0.461274 0.186493 0.0183132 0.0286706 0.603655
0 0.755339 0.66544 0.021592 0.043124 0.603585
0 0.748206 0.0422604 0.0205514 0.0332988 0.603577
0 0.931892 0.387281 0.0264664 0.042239 0.597713
0 0.658937 0.23486 0.0203588 0.0375305 0.596556
0 0.914746 0.799643 0.0218586 0.0429796 0.595422
0 0.971379 0.777557 0.0393288 0.0693024 0.595106
0 0.0756327 0.0151217 0.0251486 0.0298083 0.594197
0 0.643505 0.194104 0.0229132 0.0359136 0.592934
0 0.984896 0.0255659 0.0156437 0.0306763 0.592138
0 0.796937 0.146137 0.0162003 0.0276319 0.590639
0 0.799098 0.521348 0.0242695 0.0325009 0.588876
0 0.887544 0.542544 0.0182831 0.0312698 0.588495
0 0.918951 0.0767134 0.0179821 0.0311355 0.585231
0 0.599623 0.0199345 0.0273287 0.0391024 0.585039
0 0.838887 0.284146 0.0268108 0.032804 0.584145
0 0.888442 0.814004 0.0263012 0.0432661 0.582278
0 0.817635 0.251714 0.0192707 0.0340825 0.582239
0 0.138815 0.0975163 0.0169247 0.0311765 0.581855
0 0.916507 0.123338 0.0239315 0.0358486 0.580186
0 0.853568 0.32151 0.0195286 0.0331379 0.580118
0 0.838023 0.420923 0.0220463 0.0422082 0.57984
0 0.80057 0.368618 0.0233061 0.0416336 0.579672
0 0.737244 0.0645927 0.0138625 0.0203738 0.577933
0 0.990444 0.45724 0.0191116 0.0350783 0.574957
0 0.588839 0.154569 0.0176244 0.0291732 0.574615
0 0.855371 0.0175993 0.0163158 0.0317056 0.573851
0 0.830955 0.178833 0.0236115 0.0395558 0.572991
0 0.0187299 0.314566 0.0218018 0.0352339 0.570532
0 0.758617 0.0741405 0.015803 0.022794 0.569939
0 0.93491 0.811581 0.0181051 0.0331633 0.56917
0 0.908833 0.641806 0.0242405 0.0556078 0.565553
0 0.888976 0.866259 0.0161507 0.0282481 0.56526
0 0.680926 0.369432 0.0211048 0.0412203 0.564628
0 0.989317 0.715033 0.0213666 0.0518237 0.564321
0 0.0531064 0.283171 0.0233339 0.0352894 0.564055
0 0.691299 0.567972 0.0279015 0.0356918 0.563721
0 0.865844 0.536097 0.017379 0.034903 0.562489
0 0.747605 0.117741 0.0210079 0.0337079 0.561249
0 0.286976 0.974963 0.0638807 0.0496221 0.560087
0 0.99393 0.833392 0.0121405 0.0444483 0.557043
0 0.810966 0.887086 0.0245552 0.0544873 0.556234
0 0.0325574 0.203611 0.032089 0.0601768 0.555902
0 0.855494 0.576393 0.0163061 0.0291187 0.554582
0 0.0364768 0.0353192 0.0215478 0.0441339 0.552027
0 0.767917 0.827198 0.0197781 0.0315432 0.548639
0 0.265138 0.754251 0.0244443 0.0401294 0.548499
0 0.0513108 0.0699243 0.0254829 0.0350225 0.547676
0 0.949396 0.123821 0.0169907 0.0250515 0.546379
0 0.877888 0.0121898 0.0255821 0.0243746 0.544127
0 0.966177 0.428715 0.0185246 0.0353234 0.543685
0 0.918469 0.890779 0.0143421 0.0204649 0.542395
0 0.910363 0.0414992 0.0362495 0.0491901 0.540892
0 0.720315 0.469399 0.0212982 0.0382552 0.537628
0 0.741234 0.233272 0.0247503 0.0391394 0.536995
0 0.0777004 0.244794 0.0226432 0.0429052 0.536763
0 0.819593 0.811933 0.0245506 0.0421261 0.536059
0 0.0244861 0.472838 0.0131293 0.0254046 0.535927
0 0.882257 0.44372 0.0149967 0.0285881 0.534726
0 0.765776 0.790191 0.0155652 0.0312494 0.533471
0 0.227728 0.66899 0.0224518 0.038863 0.533459
0 0.0237445 0.132938 0.017078 0.0305652 0.531193
0 0.910034 0.573707 0.0298775 0.0477787 0.530853
0 0.131904 0.217649 0.0260594 0.0418147 0.527818
0 0.793173 0.821027 0.0151079 0.0243962 0.5264
0 0.788721 0.910567 0.0241557 0.0416044 0.525409
0 0.927015 0.947001 0.0209484 0.0349726 0.52066
0 0.219337 0.624007 0.0280518 0.0514874 0.520539
0 0.124068 0.578971 0.0199828 0.028883 0.516427
0 0.305314 0.726994 0.0272073 0.0370639 0.516249
0 0.566292 0.206569 0.031905 0.0535556 0.51308
0 0.784922 0.856976 0.0232426 0.0414244 0.512563
0 0.728665 0.527434 0.0316097 0.0650416 0.509561
0 0.115447 0.291377 0.0234859 0.0574784 0.509027
0 0.799354 0.792856 0.0142932 0.0314494 0.508067
0 0.800548 0.966453 0.019149 0.0284752 0.508018
0 0.0586749 0.0325775 0.014468 0.0320779 0.506178
0 0.673833 0.177179 0.0222335 0.0414496 0.505222
0 0.104141 0.246369 0.0219347 0.0413669 0.504324
0 0.00481516 0.744807 0.00961622 0.0432475 0.498421
0 0.719966 0.673921 0.0180442 0.0369371 0.498143
0 0.105732 0.337065 0.0129016 0.0224959 0.494526
0 0.994555 0.60487 0.0108911 0.0307786 0.492439
0 0.644685 0.161289 0.0176856 0.0268888 0.491284
0 0.88143 0.104219 0.0225911 0.0330052 0.490885
0 0.176578 0.792191 0.0444714 0.0803365 0.488621
0 0.706125 0.642667 0.0224195 0.0376715 0.484077
0 0.726918 0.724449 0.015834 0.0316918 0.48324
0 0.718126 0.368975 0.0149871 0.0308031 0.48191
0 0.0062254 0.60128 0.0124508 0.0804264 0.477976
0 0.222185 0.504704 0.0158794 0.028092 0.477463
0 0.702359 0.128584 0.0183721 0.0348651 0.475795
0 0.743577 0.295424 0.0167511 0.0287507 0.475344
0 0.00746377 0.165375 0.0147294 0.0362146 0.473635
0 0.0928267 0.204788 0.0161524 0.0244351 0.47156
0 0.734848 0.851518 0.0251074 0.0484551 0.46707
0 0.807737 0.209762 0.0149277 0.0239909 0.466884
0 0.849102 0.675503 0.0177021 0.0299801 0.465806
0 0.763241 0.467183 0.0121408 0.0188358 0.465429
0 0.173205 0.176249 0.0207747 0.0219989 0.460855
0 0.679956 0.25371 0.0158122 0.0264771 0.459046
0 0.781714 0.783146 0.0127299 0.0256585 0.458371
0 0.849578 0.539998 0.0147692 0.029069 0.45473
0 0.886135 0.33496 0.0210526 0.0403307 0.449387
0 0.777196 0.140489 0.0125202 0.0195619 0.445314
0 0.119023 0.109543 0.021101 0.0294837 0.443972
0 0.938623 0.240165 0.0210926 0.0286404 0.442937
0 0.0920467 0.380133 0.0192695 0.0310361 0.440382
0 0.721252 0.184837 0.0189983 0.0328729 0.440161
0 0.0726412 0.110606 0.0223935 0.0429073 0.431899
0 0.00356632 0.689992 0.00713264 0.051946 0.430961
0 0.939787 0.928797 0.0150668 0.0213404 0.425873
0 0.956739 0.466634 0.0326987 0.0466077 0.4247
0 0.947021 0.0707127 0.0313286 0.0509929 0.424203
0 0.205659 0.834832 0.0413168 0.0762807 0.422736
0 0.90686 0.990202 0.0223675 0.0187514 0.418077
0 0.0678986 0.352278 0.0142705 0.0241111 0.417754
0 0.815582 0.483167 0.0150723 0.0279097 0.417058
0 0.730377 0.794391 0.0169234 0.0301137 0.416248
0 0.0862285 0.34386 0.0184232 0.0301797 0.416057
0 0.805278 0.10037 0.0182872 0.0349618 0.415153
0 0.765025 0.109155 0.0130361 0.0241984 0.413584
0 0.747607 0.797425 0.0180787 0.031959 0.411211
0 0.128782 0.0631624 0.0203751 0.0341951 0.410324
0 0.797337 0.261184 0.0180152 0.0300034 0.407396
0 0.975334 0.0872424 0.0156902 0.0280063 0.405548
0 0.742197 0.740701 0.0124325 0.0263943 0.404769
0 0.258884 0.0403948 0.0174911 0.0278469 0.404713
0 0.967382 0.381971 0.0235305 0.0392003 0.403854
0 0.791246 0.484939 0.023002 0.0329589 0.402701
0 0.83601 0.134945 0.0152611 0.0208832 0.402177
0 0.108846 0.692807 0.025498 0.0396844 0.401897
0 0.743852 0.236926 0.0278408 0.0333484 0.400983
0 0.925497 0.355192 0.019706 0.0261678 0.398098
0 0.638702 0.125369 0.0189271 0.0377811 0.389279
0 0.763361 0.595355 0.0188658 0.0270303 0.387527
0 0.750621 0.623304 0.0180265 0.0270541 0.386464
0 0.933411 0.26652 0.0195488 0.0228298 0.38561
0 0.752747 0.242382 0.0136194 0.0243808 0.385571
0 0.779872 0.287597 0.0188653 0.0224024 0.384458
0 0.876048 0.990214 0.0224041 0.0191207 0.38
0 0.0350656 0.210379 0.0234332 0.0494063 0.379438
0 0.863516 0.12444 0.0146153 0.0158428 0.37904
0 0.00720509 0.271328 0.0143369 0.037471 0.378542
0 0.942509 0.0682713 0.0226273 0.0452041 0.378208
0 0.0663997 0.183609 0.0223065 0.0367066 0.377509
0 0.932917 0.62503 0.0253681 0.0466563 0.377331
0 0.842147 0.36628 0.0271965 0.0432131 0.377306
0 0.879943 0.73292 0.0160061 0.0308923 0.376858
0 0.203627 0.520243 0.0129399 0.0208667 0.376289
0 0.729577 0.762722 0.0206257 0.0314636 0.375328
0 0.0372332 0.25012 0.0115895 0.0243925 0.373145
0 0.736988 0.671 0.0134431 0.0352229 0.37256
0 0.819383 0.122489 0.0139498 0.0214804 0.371778
0 0.839982 0.714758 0.0090847 0.0250146 0.370666
0 0.961108 0.911838 0.0188873 0.0228614 0.370329
0 0.85971 0.911751 0.0406757 0.0427981 0.369317
0 0.0742363 0.901239 0.01244 0.0192166 0.357368
0 0.934313 0.425703 0.0139622 0.019482 0.356854
0 0.78324 0.539808 0.0161187 0.0256343 0.356433
0 0.726739 0.281892 0.0202549 0.0324778 0.355206
0 0.707473 0.737595 0.018844 0.0320629 0.350031
0 0.808357 0.170431 0.0185809 0.0258067 0.3435
0 0.88089 0.774227 0.0174984 0.0283756 0.342461
0 0.949998 0.269087 0.0125723 0.0292629 0.340108
0 0.679657 0.128533 0.0222669 0.0339169 0.340041
0 0.020221 0.252944 0.0195406 0.0366991 0.329113
0 0.753919 0.967434 0.016591 0.0300761 0.326615
0 0.0568594 0.414523 0.0238176 0.0439158 0.326118
0 0.159737 0.0103352 0.021516 0.0205382 0.326057
0 0.85705 0.501148 0.0188042 0.0272656 0.325212
0 0.972069 0.123942 0.0174118 0.0357344 0.323347
0 0.746848 0.239154 0.0237382 0.0297014 0.319586
0 0.689828 0.431098 0.0204289 0.0339077 0.318611
0 0.98918 0.148596 0.0216404 0.0457769 0.315638
0 0.690319 0.491107 0.0273664 0.0626551 0.312924
0 0.702974 0.595976 0.0266764 0.0356066 0.312081
0 0.116838 0.182183 0.0189346 0.0261247 0.310655
0 0.747842 0.795011 0.020258 0.0416163 0.299586
0 0.887509 0.238318 0.0195173 0.0270677 0.298662
0 0.757146 0.875454 0.0286948 0.0518483 0.292461
0 0.890915 0.345601 0.015523 0.0267434 0.291006
0 0.0519845 0.343607 0.0135259 0.0213386 0.288784
0 0.634441 0.125598 0.0274052 0.0429583 0.287839
0 0.704854 0.261477 0.0179159 0.0162449 0.282024
0 0.777847 0.281555 0.0179628 0.0229888 0.276502
0 0.0486448 0.316106 0.0165115 0.0243817 0.275033
0 0.953179 0.326619 0.0237703 0.0457694 0.268505
0 0.0866905 0.282892 0.0192808 0.0260292 0.267918
0 0.822509 0.991501 0.0178534 0.0159755 0.262484
0 0.0907862 0.890082 0.0120565 0.0185502 0.259682
0 0.853027 0.471866 0.0154873 0.0296108 0.251698
0 0.729384 0.906073 0.0190565 0.0313058 0.250952
0 0.996249 0.318412 0.00750198 0.0361102 0.25086
0 0.0449807 0.53218 0.0238229 0.0405739 0.250222
