0 0.915701 0.372727 0.0232788 0.0371349 0.676645
0 0.750365 0.824412 0.027173 0.0529432 0.673495
0 0.699637 0.63433 0.0237515 0.0550576 0.661457
0 0.716275 0.319339 0.035241 0.0565886 0.660489
0 0.820982 0.745671 0.0221184 0.0399002 0.660408
0 0.58976 0.783918 0.026894 0.047739 0.657997
0 0.905226 0.207034 0.0236329 0.0393755 0.65538
0 0.740653 0.27545 0.0233927 0.0389328 0.655166
0 0.951132 0.122452 0.0330906 0.0590541 0.652311
0 0.568197 0.824283 0.0213001 0.0373484 0.65227
0 0.782263 0.666281 0.023429 0.0393378 0.650093
0 0.808225 0.801449 0.0243809 0.0499824 0.648531
0 0.558852 0.781068 0.0231284 0.0414334 0.64824
0 0.504597 0.588597 0.0242321 0.0444326 0.635709
0 0.442797 0.770644 0.0187063 0.0358695 0.634229
0 0.632689 0.141655 0.0286549 0.0470282 0.632029
0 0.881866 0.360384 0.0262634 0.0407047 0.626986
0 0.793689 0.510325 0.0217051 0.038928 0.6258
0 0.822602 0.978582 0.0201099 0.0398928 0.62531
0 0.90272 0.652381 0.0211445 0.0416038 0.617926
0 0.720523 0.711298 0.0207756 0.0379769 0.617413
0 0.84448 0.945206 0.0228136 0.0421597 0.615689
0 0.938552 0.559232 0.0395996 0.052941 0.601689
0 0.686812 0.146691 0.0272441 0.0450161 0.601228
0 0.748076 0.888563 0.017519 0.0396495 0.599239
0 0.894718 0.956567 0.0145906 0.0284913 0.597283
0 0.934412 0.161984 0.0143356 0.0273511 0.593115
0 0.733664 0.789022 0.0192635 0.0449585 0.591787
0 0.913243 0.92605 0.0177425 0.0320106 0.586827
0 0.920528 0.874359 0.0229843 0.0391437 0.585044
0 0.787968 0.790817 0.0166632 0.0373627 0.584897
0 0.90401 0.120918 0.0225375 0.0391223 0.584531
0 0.95026 0.356151 0.0237785 0.0435347 0.584312
0 0.819058 0.29366 0.0151878 0.0356563 0.57856
0 0.890512 0.90723 0.018243 0.0330098 0.575321
0 0.524499 0.884388 0.019208 0.0332889 0.574187
0 0.820086 0.0940991 0.0232463 0.0453384 0.572499
0 0.931625 0.921868 0.015258 0.025924 0.56993
0 0.653097 0.113457 0.015629 0.0350001 0.569748
0 0.811588 0.177889 0.0183918 0.0285932 0.568091
0 0.569589 0.730669 0.0180319 0.0340491 0.565753
0 0.866254 0.72349 0.0226381 0.0465922 0.564834
0 0.543647 0.72769 0.0236929 0.04371 0.564796
0 0.467276 0.432249 0.0331295 0.0544902 0.563587
0 0.798178 0.250912 0.0175645 0.0312418 0.560514
0 0.892311 0.319604 0.0165234 0.0298756 0.559102
0 0.403484 0.727748 0.020553 0.0499654 0.558533
0 0.603994 0.64862 0.0180854 0.0307495 0.556045
0 0.776059 0.888381 0.0225258 0.0354255 0.555203
0 0.687347 0.012346 0.0232941 0.0244374 0.55276
0 0.942012 0.749863 0.0211983 0.033581 0.552487
0 0.851262 0.847647 0.0150505 0.0289408 0.552098
0 0.527646 0.646298 0.0186919 0.0341456 0.549805
0 0.988892 0.32412 0.022216 0.0722939 0.548025
0 0.575938 0.515092 0.0221088 0.0358424 0.547134
0 0.954988 0.794998 0.013026 0.0298004 0.54332
0 0.595573 0.684136 0.0139874 0.0276442 0.542957
0 0.836348 0.281232 0.0134307 0.0264227 0.541575
0 0.719793 0.134428 0.0270681 0.0607012 0.537795
0 0.877109 0.955544 0.0168961 0.0346864 0.535387
0 0.919601 0.440214 0.021307 0.033041 0.53202
0 0.713889 0.542854 0.0183275 0.0312442 0.53193
0 0.80518 0.962336 0.0192029 0.0335756 0.528302
0 0.571002 0.132464 0.0202538 0.0423845 0.525163
0 0.459917 0.709174 0.0208418 0.0329953 0.523465
0 0.955282 0.906209 0.0178314 0.0277608 0.520335
0 0.865531 0.897577 0.016156 0.030131 0.520211
0 0.540316 0.771574 0.0139991 0.0325144 0.519712
0 0.925573 0.639356 0.0264496 0.04996 0.51866
0 0.532907 0.609978 0.0125395 0.0281988 0.517902
0 0.75414 0.659051 0.0230903 0.0382879 0.515445
0 0.426418 0.753772 0.0158083 0.0262119 0.513574
0 0.942395 0.456607 0.0207092 0.0392297 0.513445
0 0.597578 0.17036 0.0204783 0.0387002 0.512126
0 0.736334 0.463536 0.0212727 0.0406145 0.511993
0 0.962289 0.509777 0.0175377 0.0354854 0.510322
0 0.782416 0.228158 0.011611 0.0311535 0.509762
0 0.658292 0.0143257 0.0202845 0.0281763 0.50726
0 0.427447 0.958434 0.0200588 0.0380042 0.506828
0 0.691646 0.204335 0.0257105 0.0405022 0.506588
0 0.630448 0.205789 0.0229764 0.038711 0.502647
0 0.512803 0.118937 0.0191541 0.0344263 0.502547
0 0.938649 0.966847 0.0168489 0.0261804 0.499205
0 0.889815 0.283584 0.017086 0.0246729 0.498133
0 0.692383 0.702679 0.0207273 0.039805 0.49809
0 0.536419 0.0815623 0.0209809 0.0388707 0.495843
0 0.598726 0.844872 0.0353919 0.0597923 0.495296
0 0.767847 0.511552 0.0184326 0.0373414 0.494837
0 0.617493 0.722279 0.0128456 0.0266364 0.490244
0 0.566594 0.959451 0.0307663 0.0435377 0.488413
0 0.784856 0.841151 0.0206589 0.0336923 0.486172
0 0.86993 0.266011 0.0139778 0.0282322 0.484716
0 0.625954 0.579475 0.0195549 0.0372533 0.483494
0 0.840138 0.321957 0.0133434 0.0219395 0.481937
0 0.683078 0.775911 0.0205233 0.0431179 0.480303
0 0.754815 0.138212 0.0248652 0.0540914 0.479717
0 0.6284 0.761419 0.0155569 0.0316227 0.478788
0 0.774187 0.441772 0.0293428 0.042657 0.478711
0 0.835157 0.791707 0.0200165 0.0367048 0.478646
0 0.52538 0.82194 0.0212431 0.0385361 0.478097
0 0.981785 0.501516 0.0141052 0.030404 0.477748
0 0.578876 0.177144 0.0139683 0.0300793 0.476148
0 0.640518 0.963048 0.0220179 0.0354058 0.475747
0 0.943525 0.401119 0.0200275 0.0383357 0.47404
0 0.875188 0.302578 0.0147114 0.0293129 0.473816
0 0.837854 0.458296 0.0232544 0.0355811 0.467648
0 0.485228 0.139839 0.030087 0.0388718 0.465851
0 0.949822 0.828388 0.0214497 0.0348472 0.462835
0 0.483584 0.896022 0.0092556 0.0207096 0.462228
0 0.729481 0.602991 0.0263862 0.0529461 0.462009
0 0.617602 0.36631 0.0211809 0.040115 0.459504
0 0.744463 0.722771 0.0214739 0.0326584 0.458702
0 0.595471 0.0622226 0.0227244 0.0352421 0.458429
0 0.796775 0.213881 0.0161472 0.0282661 0.456764
0 0.641875 0.339449 0.0217247 0.0368618 0.455182
0 0.505276 0.859621 0.018955 0.0354116 0.454366
0 0.987464 0.733864 0.0250715 0.048548 0.453732
0 0.984878 0.535847 0.0153792 0.0199153 0.453575
0 0.668498 0.111031 0.0175373 0.03018 0.453355
0 0.630094 0.523728 0.0148483 0.0313263 0.452552
0 0.775978 0.339074 0.0153467 0.0294584 0.452224
0 0.712614 0.063369 0.0284968 0.0497979 0.451615
0 0.671244 0.185631 0.0166079 0.029405 0.450776
0 0.637953 0.703891 0.0234383 0.0382209 0.448922
0 0.925886 0.794893 0.0188442 0.0373501 0.448065
0 0.676818 0.0593364 0.0217091 0.0448865 0.44806
0 0.706641 0.979176 0.0124119 0.0277262 0.444313
0 0.700339 0.106837 0.0181032 0.0336533 0.438161
0 0.655511 0.392682 0.0181984 0.0301256 0.432057
0 0.876111 0.634872 0.0249008 0.0404661 0.431422
0 0.886288 0.86264 0.016605 0.0327467 0.427406
0 0.768153 0.0277133 0.0162584 0.0342063 0.423694
0 0.483501 0.0965027 0.0164857 0.0280831 0.423423
0 0.914701 0.318264 0.0209816 0.0332715 0.422385
0 0.713489 0.930866 0.0207254 0.0367624 0.419791
0 0.444552 0.827198 0.0145732 0.0317685 0.419585
0 0.76511 0.78547 0.0155563 0.0265134 0.41918
0 0.587333 0.0160848 0.014314 0.0304559 0.416976
0 0.691318 0.952065 0.0201813 0.0377051 0.414536
0 0.529021 0.151528 0.0168994 0.0308197 0.412289
0 0.658854 0.427672 0.0173795 0.0275592 0.411926
0 0.385561 0.941161 0.0144281 0.0296604 0.41123
0 0.471239 0.869391 0.0152339 0.0257187 0.407035
0 0.89386 0.439158 0.0174129 0.0315269 0.406184
0 0.779878 0.22876 0.0158066 0.032793 0.405855
0 0.911996 0.490954 0.0250965 0.0410604 0.40306
0 0.89771 0.405666 0.0166912 0.026884 0.401607
0 0.645956 0.0639181 0.02304 0.0463062 0.401439
0 0.6123 0.0173647 0.0229475 0.0342993 0.400699
0 0.943052 0.310295 0.0149719 0.0271066 0.400611
0 0.821296 0.926884 0.0134541 0.0289646 0.396741
0 0.413785 0.686733 0.0145002 0.0311821 0.394006
0 0.65334 0.28188 0.0219142 0.0366183 0.388498
0 0.855728 0.314563 0.0138247 0.0296919 0.388356
0 0.669307 0.529101 0.0171885 0.0318075 0.385514
0 0.518643 0.784084 0.0158809 0.0303984 0.385444
0 0.89556 0.734125 0.0121738 0.0291411 0.382817
0 0.39438 0.983364 0.0221168 0.0314996 0.378347
0 0.8051 0.646432 0.0188691 0.033983 0.376054
0 0.990802 0.922007 0.018214 0.0338888 0.375523
0 0.548666 0.141803 0.0194363 0.0338293 0.372351
0 0.78673 0.0876233 0.0181316 0.0371589 0.369045
0 0.874656 0.841082 0.0140457 0.0250037 0.36715
0 0.382495 0.705606 0.018261 0.0338131 0.36644
0 0.851485 0.118209 0.0384061 0.062773 0.364493
0 0.574516 0.664561 0.0152418 0.0267533 0.364251
0 0.525097 0.473566 0.0200883 0.0362381 0.363211
0 0.656727 0.649548 0.0161699 0.0227275 0.362903
0 0.797047 0.897392 0.0128871 0.025608 0.356611
0 0.980624 0.901428 0.0153969 0.0247732 0.356605
0 0.969293 0.342057 0.0164616 0.0394172 0.355309
0 0.796974 0.418514 0.0203793 0.0389897 0.354945
0 0.65237 0.189867 0.0194736 0.0382507 0.352336
0 0.511918 0.919652 0.0218754 0.035829 0.352021
0 0.728621 0.676821 0.0193462 0.0287856 0.351761
0 0.596481 0.549613 0.0258213 0.0493465 0.350646
0 0.699734 0.824764 0.0281297 0.0441494 0.350055
0 0.920485 0.413265 0.0222416 0.031447 0.347676
0 0.618185 0.940715 0.0233086 0.0399399 0.347316
0 0.715029 0.779259 0.0184593 0.0345659 0.345288
0 0.891842 0.989688 0.0145786 0.0196459 0.333975
0 0.845199 0.53387 0.018014 0.0240986 0.332475
0 0.988049 0.269245 0.0185711 0.0307144 0.331745
0 0.665766 0.931097 0.0186722 0.0310729 0.331634
0 0.831148 0.501 0.0145979 0.0330145 0.328743
0 0.853972 0.220823 0.0115128 0.0281893 0.328399
0 0.876511 0.419755 0.0187038 0.0315226 0.326047
0 0.883539 0.129015 0.0108286 0.0278804 0.325956
0 0.335079 0.57905 0.0314567 0.0602893 0.325214
0 0.569944 0.871602 0.0171763 0.0426353 0.323912
0 0.811235 0.359552 0.0228453 0.0385447 0.319426
0 0.719459 0.013825 0.0240288 0.0271479 0.318156
0 0.744876 0.527466 0.0257281 0.04614 0.316978
0 0.732277 0.901153 0.0146315 0.0279921 0.315863
0 0.660456 0.680228 0.016622 0.0349999 0.311888
0 0.562024 0.69496 0.0119863 0.0227535 0.311829
0 0.709724 0.44974 0.0218637 0.0343696 0.310982
0 0.66793 0.596477 0.0156879 0.0308416 0.309216
0 0.995533 0.883723 0.00893389 0.0299157 0.307522
0 0.554783 0.527659 0.0211801 0.0321821 0.305057
0 0.668725 0.495947 0.016046 0.0267974 0.304146
0 0.399604 0.912306 0.0147486 0.0196014 0.304011
0 0.847198 0.17435 0.0216892 0.0373071 0.30181
0 0.754514 0.946473 0.0230301 0.0433536 0.300156
0 0.870982 0.200829 0.0197559 0.0280242 0.298866
0 0.954902 0.366826 0.0183361 0.0283559 0.294615
0 0.679716 0.619157 0.0177881 0.0317657 0.292684
0 0.773631 0.957715 0.0155771 0.0360527 0.290838
0 0.690732 0.536727 0.0190327 0.031576 0.28978
0 0.74375 0.536019 0.024888 0.05862 0.289203
0 0.577114 0.607829 0.0179289 0.0306507 0.283491
0 0.593776 0.904764 0.0204803 0.0362247 0.281798
0 0.97942 0.176185 0.0234753 0.044666 0.281352
0 0.959441 0.842787 0.0147659 0.0304118 0.280547
0 0.384719 0.707493 0.0161075 0.0315084 0.280083
0 0.891515 0.485211 0.0228001 0.0384354 0.279933
0 0.59634 0.115486 0.0166976 0.0374291 0.277322
0 0.508203 0.546324 0.0206822 0.0391668 0.277043
0 0.399274 0.790018 0.0150442 0.0301519 0.275227
0 0.816805 0.51476 0.0157152 0.0289122 0.27498
0 0.752259 0.991006 0.0196807 0.0170792 0.274191
0 0.956012 0.984916 0.0164471 0.0293864 0.273406
0 0.886282 0.722886 0.016378 0.0334012 0.269326
0 0.716382 0.932611 0.0204346 0.0374634 0.26739
0 0.526986 0.317881 0.0247166 0.0480294 0.266144
0 0.683394 0.472102 0.0171593 0.0304579 0.263557
0 0.918579 0.27672 0.0238194 0.0317771 0.262982
0 0.816233 0.50803 0.0173635 0.0374532 0.261335
0 0.664611 0.147625 0.0157654 0.0284971 0.258477
0 0.892621 0.253615 0.0177227 0.0285878 0.257626
0 0.759125 0.480842 0.0215097 0.0304793 0.257496
0 0.450359 0.0855732 0.017757 0.0355538 0.256796
0 0.821882 0.887133 0.0211369 0.0366031 0.253604
0 0.487909 0.93072 0.0130579 0.0200551 0.253307
0 0.877164 0.843468 0.00988197 0.0220832 0.252581
0 0.319926 0.642611 0.0283544 0.058604 0.251664
