0 0.653912 0.714386 0.0331191 0.0527253 0.708495
0 0.641962 0.320942 0.0253055 0.0422699 0.699763
0 0.455067 0.401671 0.0217954 0.0366296 0.672163
0 0.0115765 0.14216 0.0179289 0.0295613 0.666943
0 0.723798 0.456623 0.0235088 0.0503823 0.66693
0 0.438959 0.669697 0.0285353 0.0463674 0.663369
0 0.642607 0.158221 0.0283659 0.0388058 0.66252
0 0.66774 0.271381 0.0257404 0.0374496 0.659571
0 0.00759278 0.685281 0.0151856 0.0260703 0.650348
0 0.887713 0.952455 0.0255863 0.0494446 0.638999
0 0.0630255 0.600906 0.016996 0.0229168 0.62653
0 0.00736184 0.521593 0.0140273 0.0218747 0.626027
0 0.0276143 0.532058 0.0150158 0.0235699 0.623245
0 0.0243007 0.0421777 0.0144935 0.0228638 0.621235
0 0.0556 0.487821 0.0151075 0.0241491 0.618343
0 0.31702 0.0946142 0.0163883 0.0244797 0.616906
0 0.23831 0.566755 0.0154005 0.0239823 0.616522
0 0.0501403 0.539963 0.0163174 0.0225516 0.615236
0 0.0342397 0.644088 0.0163481 0.0233445 0.614219
0 0.268937 0.15899 0.0159848 0.0254133 0.612338
0 0.00376511 0.653761 0.00753022 0.0285464 0.611742
0 0.0417822 0.511032 0.015482 0.0233121 0.61125
0 0.0112892 0.0616847 0.0160055 0.0245752 0.610049
0 0.148353 0.896529 0.0138271 0.0216458 0.609751
0 0.068713 0.630974 0.016066 0.0221646 0.609589
0 0.67246 0.165754 0.0117718 0.0233595 0.605601
0 0.0334743 0.237118 0.0162573 0.0265677 0.605079
0 0.85282 0.904491 0.0304781 0.0569675 0.5989
0 0.0175407 0.0109212 0.0151486 0.0218423 0.597738
0 0.282628 0.52367 0.0166899 0.0211304 0.597417
0 0.0194874 0.175673 0.016392 0.0225558 0.596541
0 0.689523 0.699409 0.0253298 0.0638431 0.595567
0 0.00654719 0.0334523 0.0130651 0.021792 0.595497
0 0.912715 0.0981144 0.0233999 0.0364245 0.59506
0 0.251298 0.534947 0.0139809 0.0254527 0.591807
0 0.0706026 0.924784 0.0147668 0.0239627 0.591772
0 0.0122737 0.55117 0.0162105 0.0241475 0.59035
0 0.0421956 0.428119 0.0132474 0.020612 0.590326
0 0.509519 0.298056 0.012178 0.0249687 0.590202
0 0.947714 0.94215 0.0339771 0.0635746 0.589754
0 0.0779995 0.581658 0.0164947 0.0260695 0.588665
0 0.0504808 0.621917 0.0163918 0.0213762 0.587971
0 0.0398847 0.265612 0.0151598 0.0241276 0.587804
0 0.172535 0.855428 0.0151878 0.0241135 0.587232
0 0.0482565 0.2956 0.0151244 0.0257703 0.587223
0 0.0346898 0.562095 0.0138353 0.0206349 0.586569
0 0.152932 0.863952 0.0153527 0.02119 0.586209
0 0.0274182 0.611817 0.01567 0.0250953 0.585739
0 0.0415222 0.590739 0.015726 0.0244215 0.58568
0 0.324146 0.200325 0.0138091 0.0230919 0.584219
0 0.345976 0.140574 0.0136846 0.0208669 0.583763
0 0.53377 0.422834 0.0126035 0.0201525 0.583513
0 0.296741 0.366279 0.015013 0.0231225 0.582799
0 0.580437 0.143506 0.0126518 0.0203834 0.582541
0 0.703016 0.14514 0.0135188 0.0251135 0.581825
0 0.0902386 0.778409 0.0128399 0.0225806 0.581421
0 0.0212859 0.665013 0.0143767 0.0217929 0.581169
0 0.332298 0.117819 0.0166673 0.0251363 0.580859
0 0.0186086 0.0930362 0.0157369 0.0271072 0.580567
0 0.00825561 0.600706 0.0142635 0.0193374 0.579427
0 0.0338743 0.398878 0.0135489 0.020049 0.579201
0 0.413971 0.230153 0.0140361 0.0251524 0.578987
0 0.604032 0.0913937 0.0130692 0.0215661 0.578574
0 0.104134 0.539585 0.0164321 0.0244885 0.578427
0 0.033953 0.479277 0.0138468 0.0224364 0.577867
0 0.0829979 0.447236 0.014345 0.0224762 0.576155
0 0.119895 0.844899 0.0146911 0.0213529 0.576073
0 0.0857991 0.908282 0.0140689 0.02146 0.575929
0 0.301819 0.413544 0.0149305 0.0209813 0.575857
0 0.191686 0.847367 0.0129657 0.0195909 0.575827
0 0.0882416 0.664926 0.0154406 0.0224345 0.574435
0 0.365755 0.391672 0.0128605 0.0223387 0.573419
0 0.621812 0.0947076 0.0132669 0.0212566 0.57341
0 0.00592904 0.278292 0.0118581 0.0189639 0.572221
0 0.565678 0.402702 0.0126072 0.0219538 0.571614
0 0.00500192 0.93511 0.00999718 0.023918 0.571149
0 0.53239 0.245594 0.0131536 0.0209954 0.570422
0 0.360727 0.346865 0.0136679 0.0215911 0.570269
0 0.577394 0.0533884 0.0130161 0.0203569 0.569171
0 0.674781 0.0199901 0.0127757 0.0187451 0.568587
0 0.0406081 0.347633 0.0114772 0.0205111 0.567953
0 0.0873086 0.811656 0.0151017 0.0223958 0.567786
0 0.634309 0.0687389 0.0137373 0.0211352 0.567562
0 0.103909 0.680781 0.0133367 0.022042 0.567252
0 0.0468693 0.0495936 0.0139817 0.022413 0.566649
0 0.257354 0.184772 0.0146897 0.0229316 0.56573
0 0.598962 0.147293 0.0131336 0.017821 0.565513
0 0.0693702 0.548477 0.0157249 0.0222783 0.565423
0 0.656963 0.017035 0.0131697 0.0235123 0.565335
0 0.269817 0.551612 0.0147296 0.0240713 0.564888
0 0.0183186 0.256551 0.0140465 0.021283 0.564519
0 0.684282 0.139988 0.0136926 0.0224759 0.564189
0 0.0703985 0.960538 0.0137971 0.0224319 0.564072
0 0.0263278 0.286704 0.0130876 0.0212134 0.562364
0 0.663876 0.0488207 0.0132217 0.0226243 0.561792
0 0.595457 0.381237 0.0124541 0.0215018 0.561393
0 0.316949 0.383942 0.0141459 0.0238476 0.561068
0 0.0205995 0.581536 0.0166551 0.0273753 0.560968
0 0.0844284 0.529046 0.0135709 0.0197741 0.560861
0 0.0203518 0.948452 0.0142699 0.0236667 0.559923
0 0.496226 0.325037 0.0134114 0.0209881 0.559881
0 0.626891 0.0372413 0.0132533 0.0211337 0.559762
0 0.0210768 0.501438 0.0137217 0.0217873 0.559593
0 0.292191 0.0983379 0.0148892 0.0204478 0.559424
0 0.640092 0.0991453 0.0134499 0.0193474 0.55932
0 0.645241 0.042055 0.0146326 0.0184379 0.558873
0 0.0210744 0.880252 0.013991 0.0230089 0.558569
0 0.0184152 0.844732 0.0171333 0.0231615 0.557358
0 0.568177 0.168737 0.0138111 0.0188054 0.557234
0 0.0364169 0.82744 0.0137282 0.0210815 0.557018
0 0.0934013 0.474836 0.0124668 0.0231527 0.556312
0 0.0473435 0.376588 0.0118994 0.0184496 0.556079
0 0.592009 0.11626 0.0108433 0.0199679 0.555414
0 0.359936 0.164007 0.0147944 0.0227335 0.555334
0 0.880959 0.618153 0.0175436 0.0345242 0.555225
0 0.606819 0.0326309 0.0129208 0.0182527 0.554887
0 0.574339 0.110158 0.0117599 0.0187976 0.554772
0 0.139538 0.835168 0.0143419 0.020952 0.554555
0 0.00498116 0.19394 0.00996231 0.0184471 0.55417
0 0.658639 0.105306 0.0128113 0.0214615 0.554151
0 0.0647809 0.519699 0.0145558 0.0212769 0.553405
0 0.0562425 0.408488 0.0122734 0.019341 0.553183
0 0.112921 0.878605 0.0114672 0.0212101 0.552821
0 0.0986556 0.504929 0.0136675 0.0195878 0.552433
0 0.301026 0.256113 0.014448 0.0214571 0.552423
0 0.584352 0.0854757 0.0130371 0.0183432 0.552318
0 0.0822583 0.700525 0.0140662 0.0204362 0.551633
0 0.272403 0.209268 0.0143184 0.0230048 0.551333
0 0.616276 0.152817 0.013325 0.0178268 0.551007
0 0.0370811 0.961739 0.0123346 0.0214776 0.550397
0 0.0275777 0.368616 0.0134216 0.0188616 0.5502
0 0.302 0.0725786 0.015442 0.0236851 0.549486
0 0.432908 0.24672 0.0145405 0.022223 0.549309
0 0.686133 0.867047 0.0161364 0.0273107 0.549307
0 0.0531951 0.875098 0.01429 0.0200551 0.547119
0 0.0143625 0.470964 0.0143246 0.0209827 0.546344
0 0.0141423 0.390325 0.0117686 0.0188731 0.54614
0 0.0545524 0.946752 0.014294 0.0206722 0.546058
0 0.0779724 0.495422 0.0135363 0.0207989 0.545503
0 0.0555112 0.568954 0.0170011 0.0268834 0.544776
0 0.114612 0.735473 0.0133415 0.0201443 0.544747
0 0.961987 0.104617 0.0215179 0.037388 0.544199
0 0.52695 0.215104 0.0116085 0.0194891 0.543925
0 0.00509619 0.866449 0.0101547 0.0198148 0.543306
0 0.139774 0.779991 0.0115959 0.0204513 0.542995
0 0.038304 0.0204394 0.0126899 0.0192236 0.542434
0 0.289976 0.445143 0.01286 0.0210393 0.542243
0 0.146332 0.747861 0.0132009 0.020516 0.542199
0 0.665602 0.763925 0.0192999 0.0290894 0.541913
0 0.596443 0.0597549 0.0123529 0.0190481 0.54191
0 0.0334108 0.071487 0.0137532 0.0218066 0.541893
0 0.0212828 0.914031 0.0131059 0.0232864 0.541652
0 0.0474646 0.457737 0.0127108 0.0205037 0.541598
0 0.109493 0.82112 0.0123282 0.0223358 0.541293
0 0.321231 0.14759 0.0144587 0.0214845 0.541281
0 0.0944597 0.745227 0.0124792 0.0188653 0.540545
0 0.28864 0.568445 0.0140178 0.0200446 0.540285
0 0.00641757 0.900686 0.0127587 0.0259123 0.540184
0 0.0566835 0.326224 0.0146187 0.0234803 0.539907
0 0.305224 0.584571 0.0131743 0.0239519 0.539808
0 0.276707 0.474617 0.0141404 0.0211233 0.539739
0 0.503991 0.44512 0.0117196 0.0201283 0.539706
0 0.335203 0.169854 0.0145328 0.0207312 0.539397
0 0.0276275 0.449793 0.0122109 0.0210148 0.538935
0 0.587737 0.17445 0.0122884 0.0230211 0.53893
0 0.309188 0.336149 0.012501 0.0217973 0.538724
0 0.178885 0.822518 0.0121396 0.0215705 0.53857
0 0.691753 0.171156 0.0129452 0.0221563 0.538328
0 0.526992 0.391616 0.0126351 0.0206683 0.538166
0 0.614364 0.298816 0.0130927 0.0209217 0.537575
0 0.499268 0.501719 0.0137082 0.0204047 0.536648
0 0.502811 0.356252 0.0122745 0.0193056 0.53615
0 0.337566 0.222595 0.0151221 0.0223009 0.535766
0 0.333503 0.401224 0.0145248 0.0239638 0.53564
0 0.0388754 0.92825 0.0130392 0.0222833 0.535423
0 0.159025 0.830409 0.0145757 0.0229435 0.535195
0 0.00425829 0.734652 0.00851659 0.0247667 0.535072
0 0.0770566 0.729832 0.0127124 0.0170064 0.534431
0 0.0203759 0.813509 0.0145076 0.0210239 0.534424
0 0.60542 0.180382 0.0112661 0.0198553 0.534415
0 0.261704 0.624525 0.0148779 0.0223063 0.5343
0 0.652551 0.0731387 0.0137353 0.0187922 0.532918
0 0.280478 0.128807 0.0151754 0.0231487 0.532105
0 0.0952523 0.854481 0.0223499 0.0242289 0.532048
0 0.18569 0.881927 0.0127477 0.0221589 0.532045
0 0.540512 0.452871 0.0119394 0.0205742 0.531984
0 0.133595 0.87335 0.0152348 0.0216651 0.531632
0 0.823314 0.903725 0.0209065 0.0373074 0.531247
0 0.244912 0.488156 0.0131532 0.0205663 0.530963
0 0.745258 0.0362926 0.0247364 0.0539572 0.530014
0 0.104564 0.909425 0.0137621 0.019823 0.528898
0 0.694597 0.208329 0.0179562 0.0332637 0.528846
0 0.0383297 0.894534 0.0121825 0.0211809 0.528785
0 0.513954 0.242353 0.0128986 0.0197291 0.52829
0 0.803431 0.0220828 0.0216746 0.0384068 0.528238
0 0.313017 0.226837 0.0139746 0.0227027 0.527507
0 0.0699631 0.467548 0.0128114 0.0194587 0.527438
0 0.0594178 0.741872 0.0127842 0.0215664 0.527246
0 0.370759 0.0810171 0.0136093 0.0211593 0.526981
0 0.033304 0.315812 0.0130598 0.0188766 0.526902
0 0.665225 0.137251 0.01377 0.0171639 0.526433
0 0.372376 0.312111 0.0122753 0.0210425 0.526329
0 0.696824 0.114383 0.0138248 0.019939 0.525361
0 0.0770845 0.41493 0.0136721 0.0196035 0.525004
0 0.25732 0.580526 0.0146078 0.0214695 0.524805
0 0.0286292 0.690713 0.0143874 0.0205686 0.524805
0 0.306096 0.122909 0.0156968 0.0214732 0.524554
0 0.0205624 0.420695 0.0120547 0.0191857 0.524155
0 0.308943 0.460794 0.014891 0.0211458 0.523602
0 0.299784 0.53871 0.0139791 0.0205102 0.523581
0 0.577338 0.377668 0.0138594 0.0195728 0.523112
0 0.437502 0.291271 0.0138126 0.0178551 0.522961
0 0.221015 0.545992 0.0136516 0.0202359 0.522926
0 0.0133066 0.308592 0.0128673 0.0189304 0.522728
0 0.398203 0.378744 0.0150307 0.0201865 0.521954
0 0.410211 0.349518 0.0129303 0.0199859 0.521843
0 0.0620674 0.0315465 0.0134103 0.0188427 0.5199
0 0.123395 0.701459 0.0206999 0.0283278 0.517923
0 0.00604024 0.359011 0.0120805 0.0176483 0.517321
0 0.0984988 0.713248 0.0139753 0.0220279 0.516641
0 0.53884 0.278291 0.0120914 0.0182996 0.516092
0 0.57117 0.345172 0.011778 0.0190033 0.514555
0 0.0900045 0.557884 0.0135358 0.0193776 0.512701
0 0.294375 0.615766 0.0138413 0.0230994 0.512194
0 0.0621703 0.43656 0.0128637 0.0194622 0.511654
0 0.218046 0.904872 0.0177897 0.0283544 0.511536
0 0.502524 0.104378 0.0151054 0.0213881 0.510647
0 0.0266428 0.206131 0.0143081 0.022667 0.510154
0 0.325823 0.480333 0.0131013 0.0203508 0.510122
0 0.546061 0.397902 0.0124624 0.0193788 0.509685
0 0.349114 0.192795 0.01415 0.0219339 0.508538
0 0.361667 0.210536 0.0134112 0.018551 0.508466
0 0.329442 0.354237 0.0151248 0.0195921 0.507667
0 0.350893 0.518815 0.0128764 0.0207388 0.507477
0 0.669009 0.224393 0.013973 0.0189325 0.50715
0 0.341891 0.326605 0.0140499 0.0197821 0.506949
0 0.67737 0.10889 0.0131794 0.0187334 0.506611
0 0.575765 0.198748 0.0127394 0.0181496 0.505961
0 0.0535715 0.910115 0.0144163 0.0205468 0.505611
0 0.122814 0.987045 0.0157715 0.0213823 0.505547
0 0.0606759 0.712881 0.0139682 0.0189694 0.505444
0 0.485473 0.438119 0.0135927 0.0214698 0.505374
0 0.589793 0.0283866 0.0127049 0.0174124 0.504943
0 0.0538917 0.810969 0.0130214 0.0196823 0.504872
0 0.515354 0.329722 0.0130183 0.022011 0.504382
0 0.661449 0.194223 0.0123775 0.0211265 0.503788
0 0.0856651 0.975188 0.0153023 0.0218784 0.503657
0 0.337646 0.547897 0.0132932 0.0191911 0.503571
0 0.528202 0.478941 0.0113869 0.0187317 0.503348
0 0.715475 0.118707 0.0144638 0.0191071 0.502931
0 0.385882 0.105228 0.0132765 0.0203806 0.502276
0 0.171662 0.974992 0.0133195 0.0200053 0.501011
0 0.2644 0.505942 0.0138099 0.0210424 0.500485
0 0.0209995 0.3403 0.0137703 0.0202716 0.500397
0 0.27383 0.600657 0.0133104 0.0207215 0.50025
0 0.552049 0.428717 0.0123524 0.0202348 0.500125
0 0.682404 0.0539015 0.0133946 0.0162835 0.498875
0 0.351345 0.235956 0.0115862 0.0183086 0.498837
0 0.609422 0.356584 0.0106434 0.0206409 0.498557
0 0.615069 0.0622671 0.0130557 0.0190513 0.498115
0 0.318257 0.556422 0.0115033 0.019375 0.498079
0 0.109345 0.766518 0.0130697 0.0186228 0.497636
0 0.32106 0.432355 0.0134332 0.0194542 0.497271
0 0.167302 0.887317 0.0134589 0.0211626 0.496643
0 0.376442 0.185795 0.0142947 0.0206431 0.496258
0 0.827739 0.866114 0.0261391 0.0416792 0.495117
0 0.0682021 0.861344 0.0123102 0.0219262 0.494347
0 0.400526 0.255332 0.0130367 0.0211678 0.492775
0 0.628717 0.12446 0.011795 0.019861 0.492666
0 0.678873 0.198318 0.0120878 0.0185221 0.492633
0 0.0864206 0.942743 0.014291 0.0212867 0.491353
0 0.57684 0.288493 0.0122247 0.0184302 0.491226
0 0.348999 0.375861 0.0126886 0.0185126 0.490786
0 0.309206 0.174331 0.0145116 0.0213614 0.490157
0 0.638068 0.0117521 0.012294 0.0215361 0.490124
0 0.315063 0.282224 0.0132193 0.0201535 0.490062
0 0.520692 0.274503 0.0128077 0.0187733 0.489131
0 0.195001 0.97393 0.0142108 0.0222989 0.487023
0 0.552721 0.340517 0.0121146 0.020528 0.486456
0 0.445372 0.218147 0.013945 0.0225164 0.485483
0 0.0253342 0.979763 0.0122221 0.0219939 0.485158
0 0.0965705 0.885572 0.0123628 0.0193383 0.484074
0 0.00639059 0.968679 0.0127812 0.0205964 0.483792
0 0.388642 0.283842 0.0132111 0.022696 0.483291
0 0.607471 0.269324 0.0105715 0.0194229 0.483047
0 0.330959 0.584548 0.0118816 0.0199602 0.482807
0 0.620235 0.00895842 0.0130192 0.0178139 0.482263
0 0.708007 0.0871213 0.0123318 0.0193851 0.481641
0 0.557731 0.283573 0.0135933 0.0199257 0.480558
0 0.145457 0.805072 0.0119658 0.0214595 0.479513
0 0.406772 0.30378 0.0139073 0.0200373 0.478202
0 0.0710411 0.79239 0.0123294 0.0190788 0.477788
0 0.570705 0.258403 0.0113083 0.0200368 0.477089
0 0.0426976 0.670567 0.0135738 0.023291 0.476227
0 0.352965 0.558045 0.0125211 0.0184419 0.475518
0 0.113433 0.933 0.0108491 0.0215283 0.475461
0 0.550435 0.0240287 0.0140368 0.0212303 0.475303
0 0.052905 0.780414 0.0122193 0.0183882 0.474548
0 0.166235 0.797737 0.011819 0.019097 0.474362
0 0.564589 0.226041 0.0124628 0.0177116 0.474134
0 0.544902 0.220953 0.0141439 0.018347 0.47393
0 0.552006 0.252132 0.0134311 0.0182461 0.473766
0 0.398908 0.0790192 0.0132655 0.0183277 0.473197
0 0.484295 0.352463 0.0122351 0.0158469 0.472914
0 0.521641 0.363094 0.0127562 0.0192292 0.471642
0 0.00562616 0.442154 0.0112523 0.0166121 0.47035
0 0.401744 0.131184 0.0137808 0.0195124 0.469716
0 0.12901 0.90348 0.0110003 0.0194024 0.468635
0 0.0522482 0.842348 0.0139753 0.0168354 0.468468
0 0.27731 0.0790115 0.0135343 0.0254486 0.466804
0 0.0686147 0.828428 0.0127119 0.0182064 0.466741
0 0.339741 0.450321 0.0156255 0.0197237 0.466058
0 0.369402 0.0292202 0.0131393 0.0210174 0.466008
0 0.330979 0.524065 0.0124211 0.0176348 0.465118
0 0.0698535 0.385251 0.0125852 0.0203307 0.463011
0 0.670968 0.0785337 0.0121333 0.0181587 0.460863
0 0.103208 0.959841 0.0135645 0.0197191 0.460123
0 0.595654 0.294266 0.0140153 0.0184718 0.459838
0 0.689527 0.0844912 0.0131373 0.0181901 0.458171
0 0.490866 0.380414 0.0110725 0.0178821 0.457514
0 0.527823 0.303013 0.0110489 0.0193641 0.456723
0 0.128004 0.756789 0.0129731 0.0183017 0.455378
0 0.533716 0.336855 0.0126072 0.0176753 0.454836
0 0.55655 0.196582 0.0121828 0.0184252 0.454235
0 0.368871 0.267579 0.0135166 0.0208232 0.453583
0 0.539974 0.365569 0.0133675 0.0190513 0.452568
0 0.0384725 0.761743 0.0140762 0.0215322 0.451149
0 0.146182 0.991286 0.0119438 0.01633 0.450357
0 0.295546 0.492654 0.0122883 0.0193524 0.447431
0 0.383974 0.410417 0.0134707 0.0157978 0.445644
0 0.565219 0.313889 0.0118325 0.0175101 0.445582
0 0.665083 0.965695 0.0259402 0.0383227 0.443966
0 0.121722 0.791205 0.0140052 0.0198137 0.443916
0 0.766074 0.0170779 0.0232609 0.0338798 0.443097
0 0.610819 0.121427 0.0113624 0.0165668 0.442002
0 0.283701 0.178049 0.0143417 0.0186984 0.441818
0 0.647393 0.129293 0.0127029 0.016587 0.438875
0 0.233563 0.347954 0.0133737 0.0207131 0.437897
0 0.450934 0.306622 0.0132383 0.0160155 0.437495
0 0.613262 0.210564 0.012864 0.0181091 0.43742
0 0.371595 0.43849 0.0123876 0.0187369 0.437192
0 0.323951 0.311486 0.0140473 0.0179097 0.437188
0 0.358216 0.109619 0.0136858 0.0197156 0.435147
0 0.061724 0.356313 0.012501 0.0192469 0.43495
0 0.365507 0.489126 0.0140371 0.0214533 0.434697
0 0.799991 0.890618 0.0239973 0.0613755 0.433729
0 0.00324693 0.494623 0.00649117 0.0260011 0.43277
0 0.0703048 0.991709 0.0145961 0.0161336 0.432011
0 0.545818 0.308797 0.0127428 0.0183089 0.431094
0 0.358322 0.467648 0.012324 0.0179495 0.430986
0 0.14319 0.163454 0.0162094 0.0289208 0.429991
0 0.391953 0.333203 0.0155948 0.0186616 0.429655
0 0.106872 0.65239 0.0141586 0.0242449 0.428347
0 0.327512 0.255546 0.013006 0.0185872 0.427995
0 0.0711414 0.761651 0.0104619 0.014132 0.42786
0 0.0533109 0.979126 0.0145161 0.0247969 0.427599
0 0.496847 0.413413 0.0108939 0.017135 0.426433
0 0.317174 0.609157 0.0133805 0.0206941 0.4248
0 0.693295 0.0281766 0.0115795 0.0176984 0.422356
0 0.521946 0.0411036 0.0113092 0.0219719 0.42195
0 0.215291 0.973228 0.0131784 0.0176085 0.42158
0 0.0380924 0.863563 0.0104866 0.0224586 0.420866
0 0.857881 0.696581 0.0144737 0.0234611 0.416958
0 0.325517 0.0108878 0.0135205 0.0199022 0.416809
0 0.489671 0.138553 0.0138151 0.0208099 0.415031
0 0.699792 0.0571158 0.0121445 0.0150284 0.411266
0 0.419121 0.274408 0.0125521 0.0237962 0.410832
0 0.396189 0.0267516 0.0134276 0.0195144 0.410248
0 0.766189 0.0587972 0.0182802 0.0331542 0.410149
0 0.558491 0.371506 0.0132188 0.0183105 0.409569
0 0.583165 0.31973 0.0111971 0.0192912 0.408252
0 0.495399 0.0547779 0.011702 0.0198216 0.407516
0 0.28621 0.280274 0.0117126 0.0180211 0.406656
0 0.286489 0.232451 0.0135208 0.0180345 0.405757
0 0.294678 0.152805 0.0137282 0.020846 0.405561
0 0.49209 0.470891 0.0115143 0.018378 0.405046
0 0.42887 0.127533 0.011977 0.017948 0.40225
0 0.353184 0.421765 0.0122361 0.0190109 0.401547
0 0.623669 0.183064 0.0114259 0.0183211 0.400944
0 0.219709 0.376257 0.013308 0.0184226 0.400818
0 0.440629 0.0467074 0.0122357 0.0180915 0.398422
0 0.0365403 0.795716 0.0115329 0.0200389 0.397048
0 0.323912 0.650605 0.0129519 0.0224818 0.395119
0 0.344822 0.494222 0.0124086 0.0211088 0.391861
0 0.750864 0.871963 0.0264823 0.0445275 0.391581
0 0.29879 0.205492 0.0135719 0.016161 0.390905
0 0.201782 0.29283 0.012704 0.0200248 0.390687
0 0.569487 0.0225831 0.0115908 0.0306294 0.389173
0 0.340995 0.0326211 0.0135729 0.0186877 0.38764
0 0.701291 0.986306 0.0230534 0.026544 0.38638
0 0.514482 0.0739916 0.0148859 0.0215018 0.38499
0 0.210098 0.234993 0.0141771 0.0219338 0.38422
0 0.00264244 0.412528 0.00524133 0.0248813 0.383189
0 0.0119752 0.225539 0.0125057 0.0211091 0.378437
0 0.237945 0.456053 0.01062 0.0199651 0.375387
0 0.602259 0.323615 0.0116659 0.0156651 0.372909
0 0.125199 0.810854 0.0160033 0.0172719 0.372715
0 0.312457 0.0393827 0.0138683 0.019875 0.372289
0 0.413952 0.101565 0.0123306 0.0169549 0.372128
0 0.594049 0.207186 0.0118195 0.0150106 0.371478
0 0.269695 0.426136 0.0148956 0.021943 0.370258
0 0.842733 0.958067 0.0180988 0.0323452 0.369797
0 0.452734 0.0196621 0.0115447 0.02058 0.368109
0 0.2458 0.0267175 0.0148867 0.0256223 0.36666
0 0.782213 0.0488121 0.0193895 0.0371774 0.36608
0 0.342748 0.0873548 0.012174 0.0190177 0.366072
0 0.827912 0.943339 0.0176498 0.0268813 0.365706
0 0.0827121 0.612073 0.0122041 0.0165099 0.364887
0 0.0674609 0.679106 0.0118714 0.022821 0.363887
0 0.353584 0.00707919 0.0136745 0.0141584 0.363783
0 0.638537 0.246511 0.0117975 0.019958 0.363667
0 0.257674 0.343071 0.0133166 0.0201553 0.363271
0 0.313391 0.51047 0.0130367 0.0171753 0.362487
0 0.110553 0.616228 0.0166969 0.0219958 0.361933
0 0.289215 0.0494398 0.0164312 0.0230857 0.361628
0 0.121791 0.671375 0.0139587 0.0216242 0.360008
0 0.561206 0.138087 0.00926685 0.0185669 0.359165
0 0.373301 0.134954 0.0123139 0.0161613 0.358978
0 0.229008 0.238318 0.011971 0.0165396 0.357474
0 0.533291 0.00979026 0.0144142 0.0189278 0.356088
0 0.33427 0.622087 0.0105006 0.0196747 0.35446
0 0.0694731 0.893669 0.0132479 0.0172336 0.352495
0 0.245429 0.369743 0.011344 0.0177221 0.349864
0 0.650109 0.220025 0.0124556 0.019223 0.348935
0 0.460024 0.189702 0.0155306 0.0194848 0.346692
0 0.383977 0.0543364 0.0141378 0.019615 0.346082
0 0.0542848 0.0053939 0.0146194 0.0107878 0.345693
0 0.601389 0.00644989 0.0141916 0.0128998 0.340914
0 0.0198702 0.666207 0.0134071 0.0180654 0.339709
0 0.474071 0.116564 0.0118271 0.0190868 0.338336
0 0.387404 0.158022 0.0143239 0.0178804 0.33772
0 0.426023 0.0237644 0.0129394 0.0176063 0.335886
0 0.328993 0.0615574 0.0114819 0.0198053 0.332388
0 0.207876 0.572925 0.0128455 0.0221844 0.330815
0 0.540027 0.136551 0.0160375 0.0238566 0.328618
0 0.0382367 0.796918 0.0123203 0.0192481 0.328431
0 0.555711 0.0993139 0.0156454 0.0371169 0.328367
0 0.160597 0.143931 0.014692 0.0216641 0.319402
0 0.862276 0.953144 0.0182735 0.0318691 0.317017
0 0.42748 0.0757745 0.0123816 0.0164864 0.315163
0 0.515802 0.414487 0.0108253 0.0174679 0.312813
0 0.0419627 0.733532 0.0118411 0.0177454 0.312632
0 0.531066 0.090487 0.0159336 0.0262296 0.312517
0 0.426808 0.32305 0.0125987 0.0207849 0.30969
0 0.479254 0.406932 0.010537 0.0190058 0.307197
0 0.0769422 0.0105384 0.0140727 0.0189116 0.30543
0 0.490373 0.293403 0.011603 0.0188469 0.301911
0 0.173632 0.124969 0.0131919 0.0205117 0.299078
0 0.412473 0.0510422 0.0119882 0.0209325 0.298837
0 0.443851 0.101453 0.0142892 0.0171952 0.29723
0 0.243173 0.606602 0.0138228 0.0223494 0.295668
0 0.241551 0.162638 0.0146622 0.0244823 0.292602
0 0.309209 0.631913 0.0130509 0.0182407 0.290079
0 0.0933541 0.633799 0.012202 0.0189202 0.288682
0 0.165565 0.379356 0.0136175 0.0207708 0.28582
0 0.477493 0.321055 0.0120234 0.0193129 0.285317
0 0.682647 0.236429 0.0118359 0.0176957 0.284729
0 0.356753 0.0574297 0.0110069 0.0174395 0.282706
0 0.207254 0.00973205 0.0252069 0.0186717 0.281026
0 0.720618 0.0348466 0.0135642 0.0214794 0.278443
0 0.786028 0.843763 0.0175003 0.0237807 0.276868
0 0.183889 0.0319191 0.0166819 0.023993 0.275327
0 0.280604 0.642322 0.0140372 0.0207964 0.275237
0 0.506545 0.0219501 0.0105019 0.0175679 0.271591
0 0.509384 0.388086 0.0124866 0.0176848 0.269741
0 0.297526 0.65957 0.0138796 0.0211295 0.268385
0 0.142022 0.409789 0.012305 0.0232657 0.265221
0 0.427001 0.364143 0.0140907 0.0173052 0.265052
0 0.501725 0.268992 0.0124512 0.0151288 0.260846
0 0.627768 0.277089 0.014246 0.0241094 0.259466
0 0.0157807 0.586752 0.0103707 0.0227385 0.258687
0 0.0260932 0.787932 0.012812 0.0204614 0.257244
0 0.541418 0.0613423 0.0182519 0.0273861 0.255916
0 0.589819 0.264379 0.0126539 0.0148652 0.255712
0 0.342146 0.286749 0.0131136 0.0197195 0.255432
0 0.489555 0.214407 0.0105398 0.0191308 0.254245
0 0.159613 0.94193 0.0145309 0.0184896 0.251078
0 0.1712 0.492089 0.0117715 0.0184048 0.250581
