0 0.482475 0.1905 0.0276043 0.0405173 0.674167
0 0.495402 0.409773 0.0253215 0.0356501 0.658655
0 0.79739 0.6239 0.026476 0.0467104 0.656556
0 0.114658 0.0978061 0.018093 0.0304527 0.648461
0 0.118481 0.795717 0.0224645 0.0347672 0.643353
0 0.449911 0.282597 0.0232374 0.0368603 0.637469
0 0.088134 0.772208 0.0232831 0.0349748 0.632564
0 0.819302 0.13147 0.0177441 0.0269218 0.626723
0 0.174652 0.104617 0.022616 0.0407674 0.618435
0 0.622931 0.818868 0.0283691 0.0406518 0.615085
0 0.0405974 0.65333 0.0166681 0.0368313 0.612592
0 0.366155 0.840119 0.0265124 0.0509779 0.611447
0 0.177128 0.190043 0.0205541 0.0386673 0.611387
0 0.00905578 0.484635 0.0168671 0.0344825 0.607755
0 0.283889 0.175769 0.0235714 0.0450445 0.606689
0 0.927373 0.0214015 0.0245331 0.0414387 0.60467
0 0.988756 0.463566 0.0220814 0.0366035 0.604074
0 0.00498939 0.709078 0.00991682 0.0369581 0.603347
0 0.0179241 0.682576 0.0188364 0.0309486 0.599122
0 0.104419 0.467907 0.0222507 0.0492282 0.5982
0 0.156202 0.33701 0.0184042 0.0334331 0.595601
0 0.706672 0.960337 0.0258455 0.0436093 0.59427
0 0.305051 0.780527 0.0178336 0.0320843 0.590078
0 0.0291066 0.593793 0.0170542 0.0309357 0.588627
0 0.0224739 0.312599 0.0217194 0.0385342 0.584962
0 0.553895 0.705965 0.0185579 0.0321404 0.583889
0 0.862901 0.840016 0.0141056 0.0260756 0.582171
0 0.351194 0.340133 0.0208811 0.0328748 0.579685
0 0.826134 0.619131 0.0208054 0.0369251 0.578059
0 0.152609 0.794349 0.0228972 0.0348731 0.576656
0 0.456722 0.240781 0.0188822 0.0283842 0.573239
0 0.117879 0.272989 0.0189314 0.0313478 0.572429
0 0.826075 0.16817 0.0201411 0.0365288 0.568587
0 0.927862 0.557159 0.0222736 0.0391464 0.568404
0 0.0534202 0.0747369 0.0207532 0.0338564 0.568352
0 0.388709 0.718321 0.0216658 0.0385869 0.567215
0 0.970494 0.498084 0.0241665 0.0409419 0.566868
0 0.95501 0.303384 0.0145439 0.0249046 0.561551
0 0.522154 0.203259 0.0221853 0.0407886 0.56038
0 0.937955 0.390499 0.0215244 0.0428904 0.559531
0 0.121265 0.159545 0.0157756 0.0331823 0.554829
0 0.698395 0.728749 0.0159134 0.0255381 0.554132
0 0.593046 0.263349 0.0186728 0.0338999 0.55378
0 0.491899 0.361266 0.0224108 0.0394932 0.55315
0 0.953095 0.607787 0.0213951 0.0395452 0.553098
0 0.35096 0.565797 0.0216188 0.0397074 0.551493
0 0.971871 0.64563 0.0196823 0.0332071 0.550673
0 0.723983 0.254266 0.0199209 0.0413316 0.550586
0 0.0810862 0.1374 0.0198782 0.0345528 0.548425
0 0.928237 0.248539 0.0183254 0.0376241 0.547137
0 0.100604 0.524827 0.0177214 0.0352588 0.546342
0 0.0876655 0.661334 0.016175 0.031233 0.545162
0 0.938792 0.911317 0.0173172 0.030649 0.543843
0 0.415679 0.423429 0.0245317 0.0483064 0.542915
0 0.343492 0.01696 0.0193902 0.0330306 0.541814
0 0.0591242 0.395379 0.0220217 0.0326796 0.537392
0 0.775188 0.831433 0.0216187 0.0363076 0.537161
0 0.952513 0.349849 0.0193195 0.0338523 0.536655
0 0.324441 0.0259821 0.0149827 0.0291084 0.536376
0 0.178951 0.0525327 0.0217811 0.0422269 0.533283
0 0.30018 0.886744 0.0202237 0.0363631 0.532835
0 0.978896 0.184567 0.0163876 0.0284164 0.530074
0 0.527189 0.102738 0.0199486 0.0354643 0.529791
0 0.15426 0.149447 0.0170279 0.0327079 0.52902
0 0.0849008 0.0223351 0.0196125 0.0325448 0.528679
0 0.829989 0.0555068 0.0203888 0.0344172 0.52678
0 0.0369759 0.377248 0.0192635 0.0362801 0.524858
0 0.0991815 0.124349 0.0130318 0.026669 0.524432
0 0.0686568 0.0472386 0.0148009 0.0336234 0.523909
0 0.0200021 0.165156 0.0164262 0.027288 0.523804
0 0.187456 0.503936 0.0162442 0.0308203 0.522545
0 0.132397 0.888572 0.020203 0.0346942 0.52162
0 0.593716 0.955851 0.0180857 0.0294764 0.521286
0 0.290651 0.44298 0.0217422 0.0360662 0.519452
0 0.258962 0.0832588 0.0165163 0.0375631 0.518592
0 0.915126 0.878568 0.0186068 0.0310004 0.515432
0 0.0635984 0.640735 0.0186728 0.0391189 0.512871
0 0.739822 0.657986 0.0185293 0.0348702 0.511839
0 0.514897 0.528691 0.0177589 0.0277721 0.51154
0 0.292337 0.363919 0.0171579 0.0273821 0.507128
0 0.322419 0.0979428 0.0180701 0.0275808 0.507117
0 0.0741521 0.243144 0.0170427 0.0336732 0.506577
0 0.293439 0.329673 0.0165399 0.0288156 0.506452
0 0.500027 0.58284 0.0134331 0.0251263 0.502488
0 0.157012 0.893318 0.0203625 0.0365011 0.501116
0 0.0242554 0.118057 0.0210158 0.0351494 0.49783
0 0.539273 0.278239 0.0174603 0.0339288 0.497134
0 0.877156 0.963915 0.0186277 0.0326554 0.497048
0 0.12205 0.602493 0.0192625 0.0322254 0.493114
0 0.971671 0.0950262 0.0163432 0.0276929 0.490369
0 0.275747 0.266377 0.0164782 0.026175 0.48967
0 0.4387 0.361984 0.0196509 0.0314756 0.487549
0 0.670699 0.220706 0.0170467 0.0221308 0.481638
0 0.128071 0.464834 0.0174814 0.0316979 0.481432
0 0.371205 0.298521 0.0166719 0.0299767 0.481107
0 0.569711 0.962672 0.0219317 0.0457594 0.479055
0 0.613769 0.939767 0.0182907 0.0309353 0.477652
0 0.0829989 0.334862 0.0175745 0.0329751 0.476591
0 0.0261969 0.524909 0.0195804 0.0335278 0.472658
0 0.240978 0.709758 0.0227919 0.0425901 0.471482
0 0.325251 0.828124 0.0172205 0.0309021 0.471359
0 0.697966 0.427821 0.0182013 0.0316305 0.469109
0 0.742021 0.799361 0.0179843 0.0289798 0.469002
0 0.80253 0.86021 0.0216092 0.0337991 0.46745
0 0.964187 0.882664 0.01661 0.0310245 0.465881
0 0.495728 0.526849 0.0154531 0.0256498 0.458768
0 0.96487 0.214812 0.0216267 0.0366348 0.457522
0 0.0283886 0.205854 0.020215 0.0357977 0.455
0 0.979374 0.746453 0.0197933 0.028831 0.453735
0 0.0632668 0.679848 0.0197107 0.0305545 0.451598
0 0.0332831 0.252175 0.0118334 0.0240828 0.451243
0 0.228631 0.33709 0.0187086 0.0304856 0.45075
0 0.973469 0.0502611 0.0141248 0.0256472 0.4496
0 0.864689 0.616078 0.0190529 0.0344393 0.449105
0 0.873047 0.789979 0.0283744 0.054362 0.448252
0 0.0222645 0.790516 0.0134633 0.0283829 0.447595
0 0.0647945 0.308144 0.0155752 0.0245286 0.446782
0 0.298487 0.273822 0.0179981 0.0278638 0.444586
0 0.860724 0.542595 0.0152649 0.0290419 0.442949
0 0.00745828 0.775259 0.0144521 0.0264611 0.438209
0 0.0776113 0.368969 0.0131155 0.022337 0.437543
0 0.14431 0.108162 0.0172804 0.0283373 0.437364
0 0.842457 0.132574 0.020079 0.0332502 0.436863
0 0.127399 0.661039 0.0199931 0.0342212 0.436621
0 0.921492 0.95363 0.0171127 0.0289298 0.435614
0 0.973412 0.303112 0.0193714 0.0297726 0.435587
0 0.0637515 0.977867 0.0172177 0.0334674 0.434728
0 0.320284 0.360293 0.0173701 0.0292689 0.434059
0 0.122799 0.374524 0.0204103 0.0264314 0.429327
0 0.278082 0.922919 0.0231277 0.0383952 0.428623
0 0.169346 0.387144 0.023851 0.0388963 0.426072
0 0.0108194 0.0668416 0.0211746 0.043911 0.425475
0 0.436727 0.251212 0.0154102 0.0314399 0.425349
0 0.177295 0.79235 0.0164828 0.0314534 0.425049
0 0.300897 0.659169 0.0184172 0.033401 0.423844
0 0.77999 0.748582 0.0196459 0.0397814 0.421978
0 0.425391 0.33897 0.0144228 0.0250241 0.417761
0 0.0970384 0.0579561 0.0223639 0.0358923 0.414962
0 0.177629 0.860366 0.013838 0.0249634 0.414053
0 0.177056 0.354341 0.0164137 0.0292026 0.411813
0 0.722543 0.922929 0.0156882 0.0342544 0.409871
0 0.156166 0.683001 0.0212827 0.0352069 0.409671
0 0.993671 0.60359 0.0126581 0.0390947 0.406003
0 0.151307 0.0659496 0.0187954 0.036915 0.402944
0 0.260116 0.204151 0.0157666 0.0277608 0.401346
0 0.452598 0.149258 0.0209995 0.03785 0.401213
0 0.608446 0.643949 0.0266794 0.0380788 0.394476
0 0.826484 0.579397 0.0165108 0.026478 0.393654
0 0.915969 0.391855 0.0160145 0.0337656 0.389994
0 0.692003 0.797334 0.0162092 0.0354701 0.389666
0 0.00690641 0.160463 0.0136962 0.0345501 0.388394
0 0.0282366 0.0275039 0.0232443 0.034835 0.38769
0 0.247642 0.111785 0.0148266 0.028048 0.387555
0 0.823257 0.0921738 0.0172237 0.0338571 0.386683
0 0.0437031 0.575217 0.0128736 0.031058 0.385363
0 0.162164 0.496286 0.0237394 0.0403012 0.384962
0 0.0385277 0.832677 0.021088 0.0446533 0.382998
0 0.204352 0.868389 0.0238777 0.0382031 0.382126
0 0.947601 0.763451 0.0242857 0.0366095 0.382088
0 0.796082 0.0926537 0.0216122 0.0321547 0.380355
0 0.0744613 0.420419 0.0135568 0.0225644 0.379456
0 0.504367 0.147849 0.01966 0.0367154 0.379047
0 0.373854 0.337801 0.0204319 0.0311095 0.378963
0 0.0382398 0.78393 0.0133841 0.0195316 0.378947
0 0.0190223 0.890782 0.0183271 0.032156 0.378737
0 0.957149 0.069276 0.0168953 0.0299049 0.378535
0 0.0475175 0.133923 0.0222852 0.0356546 0.376561
0 0.607458 0.69545 0.0235401 0.038481 0.374473
0 0.977795 0.55088 0.0143522 0.0275896 0.371024
0 0.104061 0.171325 0.0171315 0.0249493 0.366663
0 0.839592 0.807506 0.0157246 0.0267846 0.365064
0 0.779226 0.532228 0.0170415 0.0316794 0.363189
0 0.278434 0.13644 0.0166665 0.02988 0.354946
0 0.714862 0.464821 0.021499 0.0349374 0.353422
0 0.524204 0.378092 0.0202044 0.0289413 0.351868
0 0.203996 0.0409523 0.0206991 0.0400957 0.349115
0 0.497094 0.749627 0.0170151 0.0289157 0.346439
0 0.477552 0.707346 0.0197844 0.0311304 0.340611
0 0.525523 0.603076 0.015974 0.0271034 0.338712
0 0.132908 0.537055 0.0138917 0.0255011 0.338336
0 0.115274 0.533913 0.0181812 0.0300625 0.337429
0 0.00503827 0.213725 0.0100498 0.0179152 0.337233
0 0.825953 0.0939663 0.0219101 0.0324987 0.326165
0 0.480243 0.269266 0.0261737 0.0338344 0.325107
0 0.996625 0.390573 0.00675036 0.0321833 0.323698
0 0.726676 0.193032 0.0139023 0.027113 0.323336
0 0.171789 0.253841 0.0136042 0.0238878 0.323224
0 0.312688 0.156135 0.0301759 0.0485886 0.322802
0 0.513827 0.556787 0.0172784 0.0215703 0.322015
0 0.141217 0.451807 0.010693 0.027819 0.320686
0 0.214558 0.976477 0.0199864 0.0401289 0.320313
0 0.996351 0.190542 0.0072979 0.0305739 0.319155
0 0.485393 0.830004 0.0213739 0.0377835 0.319006
0 0.766853 0.184311 0.0180143 0.0363634 0.317497
0 0.624699 0.724384 0.0180745 0.0313911 0.317452
0 0.30765 0.491354 0.0232248 0.0348975 0.316033
0 0.0576237 0.81399 0.019806 0.0356235 0.315101
0 0.214589 0.53072 0.0179578 0.0303156 0.313127
0 0.941007 0.964425 0.0167229 0.0294414 0.311268
0 0.103392 0.628619 0.0177874 0.0298321 0.309922
0 0.23031 0.0718469 0.0173191 0.0247723 0.309647
0 0.688682 0.19964 0.0113155 0.0203768 0.30939
0 0.308353 0.610285 0.0194322 0.0377258 0.307811
0 0.327857 0.574278 0.0171289 0.0340893 0.30696
0 0.534295 0.684605 0.0149294 0.0286686 0.304895
0 0.381051 0.585467 0.0184322 0.0317305 0.304153
0 0.237383 0.191486 0.0207535 0.0325305 0.303428
0 0.0992544 0.584978 0.0188088 0.0303614 0.302593
0 0.0567113 0.777721 0.0198994 0.0244517 0.301592
0 0.0198176 0.441155 0.0194211 0.0312322 0.299852
0 0.342868 0.767021 0.0201017 0.0364098 0.299163
0 0.398064 0.412268 0.0147541 0.0311883 0.298183
0 0.178426 0.949569 0.0193537 0.0356705 0.296776
0 0.80755 0.0613118 0.0175411 0.0283524 0.295097
0 0.928485 0.597344 0.0166027 0.0323659 0.292618
0 0.456579 0.675171 0.0184122 0.0293104 0.291969
0 0.652445 0.722296 0.0171843 0.0308195 0.291751
0 0.960052 0.379344 0.0169739 0.0302799 0.291335
0 0.137386 0.50246 0.0160294 0.0205231 0.289202
0 0.0653145 0.935671 0.0176221 0.0325177 0.289047
0 0.198732 0.725014 0.023055 0.0391561 0.288402
0 0.473485 0.636642 0.016325 0.029665 0.287899
0 0.746318 0.836588 0.0178091 0.0297472 0.287683
0 0.44569 0.193562 0.0226074 0.0362555 0.286868
0 0.0395661 0.448882 0.0146122 0.020792 0.285999
0 0.409418 0.10334 0.0168348 0.0339655 0.283222
0 0.355862 0.492264 0.0174752 0.0335978 0.282991
0 0.7324 0.282452 0.0116539 0.0206262 0.281794
0 0.410972 0.264897 0.0185238 0.0347802 0.279733
0 0.193693 0.97813 0.0144768 0.0290375 0.277856
0 0.267065 0.347484 0.0190677 0.022506 0.276925
0 0.902205 0.939024 0.0149555 0.0299388 0.276068
0 0.489101 0.615734 0.019886 0.0324165 0.275033
0 0.801761 0.144947 0.0138092 0.0237229 0.274567
0 0.453299 0.0910941 0.0211996 0.0310453 0.274445
0 0.291464 0.739941 0.0171209 0.029069 0.272629
0 0.151589 0.551149 0.0179223 0.033437 0.269685
0 0.69746 0.684479 0.023718 0.0476158 0.268873
0 0.667719 0.633951 0.0225329 0.0370132 0.268751
0 0.0709334 0.049024 0.0151643 0.0342028 0.266632
0 0.0253909 0.743543 0.0180019 0.0298004 0.265279
0 0.409644 0.989423 0.0171965 0.0197694 0.264766
0 0.0826752 0.459987 0.0171644 0.0325606 0.264437
0 0.0502581 0.17542 0.0181215 0.042854 0.263848
0 0.0423479 0.426067 0.0160874 0.0259651 0.262867
0 0.663871 0.980171 0.0192851 0.0352429 0.262004
0 0.0584023 0.231933 0.0127867 0.0240412 0.261676
0 0.912484 0.985013 0.0162142 0.0265069 0.260618
0 0.790627 0.386727 0.0141294 0.0265513 0.260093
0 0.84536 0.777592 0.0162287 0.0307933 0.259449
0 0.337084 0.067354 0.0129946 0.0313251 0.259067
0 0.0141831 0.641979 0.0174779 0.0278917 0.257736
0 0.0966798 0.219941 0.0166583 0.030457 0.257614
0 0.512663 0.308325 0.0221246 0.0370476 0.255798
0 0.408855 0.262784 0.0146259 0.0318797 0.254994
0 0.106206 0.711387 0.014628 0.0210822 0.254625
0 0.0756743 0.803745 0.0153235 0.0358975 0.25407
0 0.124094 0.0402432 0.0235882 0.0412103 0.253957
0 0.990989 0.0739849 0.0180222 0.0402973 0.253205
0 0.577126 0.695164 0.0222256 0.0412016 0.252455
0 0.890616 0.595383 0.0158211 0.0293023 0.250086
