0 0.0777271 0.402541 0.0335755 0.0471768 0.687084
0 0.791286 0.153167 0.0279901 0.0494768 0.668055
0 0.0836691 0.692336 0.027367 0.0467158 0.662636
0 0.151139 0.422922 0.0225324 0.0492027 0.655815
0 0.0323855 0.0225342 0.0225568 0.0430345 0.649394
0 0.911577 0.227857 0.0212097 0.0414052 0.647633
0 0.12602 0.887879 0.0198019 0.0319577 0.644329
0 0.899553 0.11959 0.0214638 0.0356157 0.641029
0 0.791724 0.108443 0.0219593 0.0394042 0.640584
0 0.88325 0.0740703 0.0268148 0.0486823 0.63961
0 0.14099 0.534394 0.0218966 0.0416725 0.631743
0 0.218578 0.615668 0.0268697 0.0418871 0.62727
0 0.139496 0.592432 0.0166208 0.0366044 0.624703
0 0.880068 0.245099 0.0226109 0.0401644 0.621527
0 0.215745 0.911087 0.0198427 0.0348582 0.619671
0 0.198669 0.667771 0.0210866 0.0513507 0.615518
0 0.0819453 0.498629 0.020872 0.0394565 0.611629
0 0.88776 0.204378 0.0225826 0.0381812 0.610348
0 0.161312 0.877533 0.026775 0.0493965 0.600144
0 0.780905 0.0554161 0.0227707 0.0467683 0.595872
0 0.203012 0.553894 0.0235427 0.0442096 0.594549
0 0.200958 0.728315 0.0197973 0.0364149 0.590598
0 0.111542 0.369247 0.0139879 0.0303611 0.58749
0 0.219431 0.752212 0.0166799 0.034217 0.584682
0 0.00793021 0.284113 0.0158341 0.0345383 0.583911
0 0.342618 0.961072 0.0214235 0.0388078 0.580849
0 0.0618817 0.149904 0.0248176 0.0345679 0.57921
0 0.159778 0.986689 0.0214362 0.0258453 0.577766
0 0.92618 0.0384946 0.0139439 0.0272406 0.57118
0 0.940361 0.114381 0.0150412 0.0307194 0.564319
0 0.177343 0.760821 0.017904 0.0323456 0.56252
0 0.934645 0.0709095 0.0181988 0.0314549 0.558212
0 0.800452 0.0632065 0.0188522 0.0346722 0.556209
0 0.0872706 0.344018 0.0244201 0.0454917 0.546085
0 0.272778 0.921749 0.0253288 0.0444153 0.545823
0 0.130765 0.370168 0.0228682 0.038107 0.539182
0 0.0373721 0.182049 0.0274447 0.0538178 0.52839
0 0.0438794 0.345344 0.0276537 0.0463927 0.51689
0 0.0498973 0.0132494 0.0162481 0.0256877 0.513794
0 0.857839 0.222021 0.0229393 0.0425462 0.510451
0 0.217128 0.803956 0.0191936 0.0308729 0.503494
0 0.840103 0.124992 0.0132984 0.0301385 0.499921
0 0.795066 0.0144652 0.0252589 0.0285809 0.497185
0 0.0322909 0.285406 0.016619 0.0267842 0.49575
0 0.956335 0.180424 0.0198891 0.0390183 0.493845
0 0.828134 0.0179854 0.0191303 0.0331186 0.491555
0 0.197413 0.806923 0.0158199 0.030741 0.490474
0 0.140474 0.810465 0.0203438 0.0322513 0.48146
0 0.00751759 0.0762077 0.014962 0.0289192 0.478832
0 0.14238 0.476185 0.0262963 0.0481678 0.477631
0 0.121646 0.407036 0.0163024 0.0305876 0.477245
0 0.161659 0.586764 0.0197783 0.0322278 0.467469
0 0.0596166 0.480076 0.016792 0.0253167 0.455018
0 0.199052 0.765183 0.016899 0.0296478 0.453266
0 0.868022 0.107173 0.0173233 0.0266919 0.452574
0 0.0227548 0.246987 0.0185659 0.0378305 0.449991
0 0.875606 0.151943 0.0235304 0.0347716 0.448087
0 0.818733 0.136723 0.0184597 0.0401181 0.447981
0 0.940431 0.154256 0.0182781 0.0332344 0.447201
0 0.995631 0.0316845 0.0087389 0.0295876 0.446716
0 0.220955 0.577627 0.0155013 0.0259138 0.44422
0 0.292998 0.987584 0.0182109 0.0237495 0.443773
0 0.842955 0.0824925 0.01904 0.0342749 0.441821
0 0.116796 0.323994 0.0194534 0.0381366 0.434748
0 0.811608 0.174674 0.0181206 0.031365 0.431696
0 0.825227 0.051877 0.014851 0.0324386 0.424004
0 0.96408 0.130447 0.0164999 0.031093 0.41832
0 0.0110295 0.202645 0.0207995 0.0539945 0.40843
0 0.395766 0.970111 0.0356789 0.0584798 0.394489
0 0.0113314 0.105188 0.0185714 0.0296877 0.391411
0 0.0177896 0.1423 0.0222782 0.0386373 0.387814
0 0.117524 0.270494 0.0219747 0.0438981 0.380725
0 0.0685265 0.0103482 0.019684 0.0203295 0.378243
0 0.0540348 0.0521484 0.0158125 0.0329105 0.372574
0 0.982475 0.132905 0.0180691 0.0350859 0.367827
0 0.283454 0.866192 0.0146635 0.0212938 0.367348
0 0.0705702 0.0515651 0.0136847 0.0289018 0.363535
0 0.178386 0.946476 0.0190196 0.0284278 0.361949
0 0.207549 0.778359 0.0141328 0.0202074 0.361532
0 0.74827 0.0237363 0.025161 0.045154 0.360097
0 0.976931 0.0159882 0.0182148 0.0307874 0.35746
0 0.972859 0.198401 0.0201908 0.0443855 0.357151
0 0.864455 0.0328553 0.0206699 0.0391341 0.356454
0 0.137588 0.847622 0.0163755 0.0232079 0.353429
0 0.268204 0.925735 0.0211801 0.0366772 0.349802
0 0.182127 0.633231 0.0220979 0.0368944 0.340309
0 0.142276 0.189164 0.0263307 0.0592688 0.332383
0 0.722068 0.145323 0.0315071 0.0585859 0.331924
0 0.994417 0.083789 0.011165 0.0315453 0.328863
0 0.839821 0.0478852 0.0135826 0.0272222 0.32757
0 0.132488 0.745546 0.0177888 0.028476 0.326967
0 0.240365 0.755986 0.0259084 0.0662577 0.324717
0 0.279888 0.960191 0.019451 0.0286062 0.324583
0 0.135 0.279823 0.0166892 0.0313114 0.321782
0 0.25379 0.798054 0.0256162 0.0454987 0.320862
0 0.229954 0.662161 0.0322803 0.0455004 0.316444
0 0.220435 0.664232 0.0154901 0.0336213 0.296439
0 0.239508 0.768905 0.0226072 0.0413329 0.294043
0 0.903645 0.0343771 0.0190304 0.0256349 0.284619
0 0.197561 0.873776 0.0190185 0.0378432 0.283089
0 0.952942 0.0615641 0.0142099 0.0242866 0.280399
0 0.847606 0.158438 0.0123516 0.0247546 0.276053
0 0.240681 0.836317 0.0195532 0.03007 0.276046
0 0.225701 0.69757 0.0178258 0.0297567 0.275583
0 0.944064 0.0221205 0.0185768 0.0274966 0.271292
0 0.903442 0.0317359 0.0226784 0.0295472 0.268885
0 0.911091 0.0707377 0.0184031 0.0329336 0.267642
0 0.760829 0.077214 0.0251669 0.0497781 0.259465
0 0.965923 0.282907 0.0227228 0.0516979 0.253874
0 0.186837 0.59604 0.016983 0.0285917 0.251309
