0 0.0381969 0.438355 0.0271404 0.0500559 0.680544
0 0.170211 0.860324 0.0273064 0.0496952 0.673954
0 0.0840832 0.567838 0.0242809 0.0434577 0.661798
0 0.528093 0.334442 0.0232635 0.0374618 0.658255
0 0.775594 0.888851 0.0203415 0.0352468 0.657663
0 0.541183 0.0940353 0.0229147 0.0395978 0.655643
0 0.740453 0.291553 0.0204001 0.036844 0.652935
0 0.0684658 0.461979 0.0178382 0.0339962 0.649978
0 0.180775 0.0942993 0.0233497 0.0556433 0.648218
0 0.212314 0.853013 0.0222542 0.038808 0.644254
0 0.738147 0.23345 0.0207382 0.0416181 0.642927
0 0.710901 0.335203 0.0199385 0.0359831 0.641463
0 0.46144 0.420207 0.0271814 0.0449524 0.638562
0 0.537909 0.228046 0.0225179 0.0382991 0.637027
0 0.277009 0.079056 0.0263697 0.049197 0.634263
0 0.479377 0.483366 0.0225189 0.0378162 0.6336
0 0.619317 0.0933876 0.0262245 0.0475337 0.632557
0 0.81881 0.537668 0.018977 0.031528 0.630943
0 0.0150769 0.4625 0.0251598 0.05865 0.629265
0 0.763603 0.281772 0.0204137 0.0352119 0.629246
0 0.163037 0.130685 0.0181764 0.0346296 0.628728
0 0.287978 0.802649 0.0148037 0.0300924 0.626969
0 0.552634 0.813218 0.0243038 0.0389222 0.626247
0 0.98023 0.399631 0.015633 0.03186 0.625103
0 0.399659 0.226218 0.0168191 0.0319008 0.62428
0 0.23768 0.667334 0.0180321 0.0322517 0.624051
0 0.542827 0.683369 0.0250446 0.035574 0.623013
0 0.380256 0.022317 0.0201782 0.0391781 0.623005
0 0.186556 0.388729 0.0209334 0.03578 0.622281
0 0.82836 0.645432 0.0180729 0.0398566 0.621649
0 0.760635 0.333878 0.0298368 0.0495808 0.618214
0 0.624166 0.169699 0.0213034 0.0348461 0.617951
0 0.697145 0.980718 0.0183912 0.0361416 0.616652
0 0.969006 0.968722 0.0214252 0.0381791 0.615652
0 0.565439 0.367547 0.0240681 0.0453584 0.615572
0 0.177096 0.166089 0.0193925 0.0424029 0.614018
0 0.00861752 0.62861 0.0172044 0.045122 0.610541
0 0.57973 0.177799 0.0206598 0.0377326 0.609651
0 0.117722 0.657678 0.0191796 0.0311596 0.609494
0 0.323517 0.740884 0.0243016 0.042357 0.609411
0 0.546672 0.422059 0.0257872 0.0459496 0.608855
0 0.24438 0.541138 0.0276393 0.0440648 0.608086
0 0.389487 0.317119 0.0208899 0.0417152 0.604596
0 0.616782 0.422108 0.017215 0.031346 0.604323
0 0.452732 0.353611 0.0251467 0.039471 0.601981
0 0.57725 0.717184 0.0189358 0.0360144 0.601586
0 0.705734 0.288195 0.013311 0.027923 0.601359
0 0.304754 0.180009 0.0207771 0.0404308 0.599087
0 0.194627 0.884539 0.0198179 0.0306091 0.598165
0 0.560858 0.76775 0.0216705 0.038146 0.595776
0 0.447928 0.957893 0.0267993 0.0550741 0.595503
0 0.751528 0.861984 0.0169004 0.0333652 0.593651
0 0.632631 0.860991 0.0153616 0.0315755 0.593199
0 0.721052 0.965674 0.0127957 0.0272298 0.591891
0 0.723576 0.707337 0.0175655 0.0349722 0.590527
0 0.416032 0.961053 0.0216414 0.0393161 0.589489
0 0.991733 0.951257 0.0165335 0.035416 0.589394
0 0.18037 0.341433 0.0188877 0.0405371 0.588577
0 0.674802 0.694608 0.0221628 0.0390153 0.587225
0 0.568816 0.273551 0.0213679 0.0320224 0.583123
0 0.803889 0.859465 0.0188812 0.0344669 0.582751
0 0.931574 0.570404 0.0152935 0.0296897 0.582567
0 0.661138 0.178822 0.0288114 0.0450962 0.581876
0 0.902988 0.767058 0.0223633 0.0397593 0.581111
0 0.699705 0.821353 0.0194908 0.0414093 0.580684
0 0.18513 0.541879 0.0179001 0.0290041 0.579144
0 0.903649 0.0365834 0.0198017 0.0335503 0.577899
0 0.632879 0.377635 0.0190936 0.0362621 0.577123
0 0.218774 0.932733 0.0213027 0.0397153 0.576628
0 0.428492 0.0231889 0.0219053 0.0395833 0.575285
0 0.443147 0.665759 0.0236544 0.0394868 0.573176
0 0.867175 0.192622 0.0210491 0.0344897 0.572297
0 0.151518 0.365572 0.020426 0.0377023 0.571896
0 0.205124 0.487278 0.0224872 0.0430528 0.57016
0 0.00727176 0.165202 0.0145435 0.0291923 0.56673
0 0.908147 0.847994 0.0146149 0.037046 0.565383
0 0.741698 0.111431 0.0239065 0.0424811 0.563723
0 0.262578 0.219973 0.0176783 0.0328822 0.562245
0 0.963107 0.323413 0.0201384 0.0320964 0.561068
0 0.241387 0.782205 0.0239902 0.0490153 0.560647
0 0.0620638 0.382842 0.0216146 0.0355386 0.560059
0 0.22967 0.120161 0.0209349 0.0333667 0.559173
0 0.0558296 0.980983 0.0215974 0.0355584 0.558051
0 0.129617 0.388511 0.0191132 0.0310808 0.551616
0 0.429614 0.920383 0.0175491 0.0220495 0.550949
0 0.0333804 0.9421 0.021065 0.042728 0.549709
0 0.392933 0.862941 0.0207527 0.0311201 0.547708
0 0.733541 0.880902 0.0146172 0.0259165 0.547659
0 0.803302 0.112068 0.0200531 0.035768 0.547033
0 0.138111 0.651564 0.0207411 0.0401927 0.54677
0 0.642232 0.102783 0.0155404 0.0333606 0.546485
0 0.538675 0.015429 0.0200207 0.0301238 0.546209
0 0.720235 0.219674 0.0185146 0.0300525 0.543487
0 0.957852 0.0950161 0.0223457 0.0425868 0.54115
0 0.176011 0.503695 0.0134993 0.0293281 0.537225
0 0.12575 0.511215 0.0177129 0.0236196 0.534894
0 0.890731 0.662588 0.0234455 0.0409478 0.534692
0 0.563576 0.0344417 0.0190771 0.0357392 0.534349
0 0.263227 0.733268 0.019651 0.0389957 0.532972
0 0.216599 0.594877 0.0194737 0.0319248 0.53189
0 0.0949838 0.47716 0.0200666 0.0383228 0.529874
0 0.0188286 0.374692 0.0345275 0.0632519 0.528622
0 0.484309 0.777656 0.0288984 0.051138 0.527906
0 0.195263 0.677703 0.0164754 0.03239 0.52746
0 0.505314 0.796833 0.0165666 0.0379354 0.527092
0 0.219042 0.0149822 0.0332495 0.0297053 0.52521
0 0.807542 0.592668 0.0158744 0.0344159 0.524169
0 0.300583 0.260777 0.0138135 0.0341916 0.52392
0 0.178197 0.815112 0.0146014 0.026575 0.520677
0 0.206313 0.203703 0.0245659 0.0354056 0.520481
0 0.354262 0.0919253 0.0211475 0.0366797 0.520031
0 0.269396 0.831024 0.0193968 0.031998 0.520007
0 0.461468 0.092176 0.0224022 0.0384433 0.518944
0 0.254109 0.267787 0.0196383 0.0386179 0.515509
0 0.0466415 0.340469 0.0260444 0.0425276 0.515352
0 0.0809634 0.21958 0.0202807 0.0359997 0.511737
0 0.499382 0.286785 0.0139969 0.0288789 0.511266
0 0.88677 0.565049 0.0204056 0.0371972 0.511021
0 0.0128208 0.0325067 0.024582 0.0462677 0.510252
0 0.382978 0.271995 0.0174181 0.032842 0.509559
0 0.113146 0.372065 0.0110572 0.0328017 0.50938
0 0.955544 0.651194 0.0192613 0.0346564 0.507877
0 0.754589 0.899669 0.015103 0.0260708 0.507308
0 0.435754 0.127223 0.0203808 0.0354411 0.50344
0 0.0505841 0.824408 0.0232916 0.0403259 0.501493
0 0.55456 0.308456 0.0178371 0.0283258 0.500888
0 0.0105321 0.946674 0.0197809 0.0328382 0.500717
0 0.528175 0.291001 0.0183992 0.0343139 0.500474
0 0.776211 0.656209 0.0121288 0.0309382 0.500252
0 0.660565 0.491943 0.0239038 0.038899 0.500085
0 0.352037 0.17463 0.0137158 0.0268413 0.499542
0 0.378313 0.196618 0.0202887 0.0376184 0.497942
0 0.757334 0.182637 0.01804 0.0298341 0.49769
0 0.793965 0.630902 0.022168 0.0352159 0.496124
0 0.297386 0.347517 0.0147315 0.0280148 0.49534
0 0.636938 0.707815 0.0186819 0.031723 0.495112
0 0.760422 0.240829 0.0144812 0.0316775 0.494642
0 0.576127 0.846159 0.0130048 0.0247148 0.490287
0 0.938443 0.336825 0.0175999 0.0294922 0.489677
0 0.297386 0.85655 0.0171528 0.0269975 0.486753
0 0.315135 0.259418 0.0145842 0.0328179 0.485705
0 0.71243 0.936572 0.0159599 0.0226559 0.483733
0 0.591859 0.416796 0.0202614 0.032822 0.482139
0 0.484035 0.370853 0.0166826 0.0307504 0.476736
0 0.948487 0.368662 0.0188248 0.0324988 0.474879
0 0.927935 0.126968 0.0197945 0.0338702 0.465548
0 0.979696 0.285649 0.0164543 0.026338 0.465202
0 0.792266 0.545446 0.0227362 0.0361943 0.464638
0 0.363136 0.310394 0.0169508 0.0383791 0.46397
0 0.720553 0.145389 0.0267602 0.0388802 0.463605
0 0.568927 0.953459 0.0212699 0.032836 0.463282
0 0.318459 0.419325 0.0270637 0.0378877 0.462624
0 0.761002 0.580795 0.0223145 0.0449159 0.462438
0 0.171389 0.650247 0.0199909 0.0366557 0.460943
0 0.111886 0.153502 0.0165035 0.0309488 0.46077
0 0.736149 0.652408 0.0249301 0.0358196 0.459451
0 0.803077 0.90437 0.0172873 0.0352949 0.458681
0 0.600763 0.901196 0.0168531 0.0291592 0.458162
0 0.959481 0.691268 0.0167221 0.0273978 0.457107
0 0.659085 0.913921 0.014831 0.030601 0.456705
0 0.854652 0.582229 0.0203415 0.0372094 0.455308
0 0.926008 0.836076 0.0189901 0.0391412 0.45376
0 0.794716 0.972427 0.0155594 0.0340532 0.452806
0 0.297834 0.694642 0.0217376 0.0361674 0.449942
0 0.840039 0.852447 0.0129593 0.02363 0.449786
0 0.876409 0.955077 0.0167307 0.0340763 0.448438
0 0.197718 0.307257 0.0193099 0.0329926 0.446372
0 0.145199 0.281794 0.0189074 0.0364355 0.44614
0 0.881466 0.517648 0.0227158 0.0398699 0.44266
0 0.779858 0.927582 0.0186268 0.0349931 0.441466
0 0.519337 0.76499 0.0200499 0.0327443 0.440754
0 0.0322356 0.00953111 0.0238867 0.0187922 0.44028
0 0.81992 0.0845735 0.0213013 0.0281557 0.439667
0 0.66931 0.312279 0.0221623 0.0320812 0.438831
0 0.214772 0.273603 0.0186058 0.0425584 0.433516
0 0.870147 0.109357 0.0163395 0.026987 0.429836
0 0.207828 0.329548 0.0183338 0.0258909 0.427495
0 0.500865 0.445058 0.0182992 0.0282893 0.421255
0 0.239587 0.248489 0.0152611 0.0260769 0.417611
0 0.969317 0.930466 0.0163937 0.0256429 0.416292
0 0.511525 0.216473 0.020067 0.0307874 0.415107
0 0.99228 0.858893 0.01544 0.0328155 0.412874
0 0.191758 0.784977 0.0148844 0.0334774 0.412787
0 0.746472 0.948128 0.0218134 0.0317209 0.409673
0 0.794188 0.679874 0.024123 0.035955 0.409549
0 0.644664 0.76308 0.0153779 0.029287 0.409112
0 0.586174 0.755864 0.0168592 0.030875 0.40825
0 0.269502 0.284347 0.0169205 0.0318315 0.407864
0 0.744907 0.986535 0.0146837 0.0235571 0.40777
0 0.255091 0.918125 0.0164321 0.0320933 0.40771
0 0.94059 0.879938 0.0172972 0.0334681 0.407331
0 0.524623 0.0498488 0.0213728 0.0382172 0.406909
0 0.560249 0.589185 0.0192305 0.0397549 0.405973
0 0.696405 0.410112 0.0180052 0.0285729 0.405625
0 0.611936 0.583695 0.018009 0.0314868 0.404244
0 0.610406 0.341534 0.0190882 0.0347236 0.404062
0 0.128305 0.27501 0.0167011 0.035129 0.40286
0 0.00710634 0.840831 0.0140396 0.0360721 0.402785
0 0.685142 0.1889 0.0181294 0.0360972 0.401204
0 0.719605 0.759439 0.0202182 0.0344242 0.399156
0 0.487307 0.124046 0.0222209 0.0331317 0.39809
0 0.42483 0.501419 0.0220766 0.0385141 0.39808
0 0.396357 0.481776 0.0204724 0.0311055 0.391405
0 0.590589 0.0602169 0.013997 0.0246057 0.390869
0 0.572278 0.0773198 0.0179984 0.0309722 0.390615
0 0.35316 0.0266491 0.0145147 0.0256651 0.386492
0 0.399897 0.818625 0.0156504 0.0282427 0.386185
0 0.578505 0.903842 0.0180525 0.03754 0.385904
0 0.203443 0.8058 0.0133459 0.0315206 0.384228
0 0.699639 0.768021 0.0139839 0.034022 0.383532
0 0.789876 0.597139 0.0120262 0.0233944 0.380744
0 0.510412 0.573476 0.0194635 0.0307482 0.380085
0 0.332609 0.300399 0.0173737 0.0338596 0.378717
0 0.527124 0.824816 0.0221848 0.0434289 0.375214
0 0.18978 0.508465 0.0140923 0.0260459 0.372026
0 0.937472 0.508 0.0162567 0.0318988 0.371756
0 0.769163 0.110019 0.0176487 0.0300316 0.371522
0 0.029738 0.504475 0.0221998 0.0332587 0.371359
0 0.808446 0.293342 0.0143869 0.0285342 0.370436
0 0.731792 0.555224 0.0130739 0.0291807 0.369553
0 0.304727 0.313849 0.0180966 0.031917 0.367974
0 0.433657 0.45328 0.0198245 0.0401947 0.367565
0 0.939084 0.963159 0.0187335 0.0273397 0.367544
0 0.92368 0.018969 0.0239006 0.0354952 0.366646
0 0.0517988 0.926185 0.0119393 0.0260322 0.364717
0 0.944918 0.623008 0.0126396 0.023449 0.361498
0 0.210499 0.745345 0.0241028 0.043375 0.361034
0 0.475678 0.862585 0.0224791 0.039841 0.360151
0 0.180173 0.712148 0.017549 0.0375093 0.359422
0 0.666866 0.64504 0.018814 0.0349938 0.358486
0 0.0826529 0.126674 0.0135071 0.0229226 0.35825
0 0.243535 0.710958 0.0196588 0.0363846 0.356922
0 0.208168 0.208799 0.027047 0.039995 0.356899
0 0.926611 0.432588 0.0145367 0.0297891 0.356743
0 0.691011 0.9455 0.0131341 0.0230309 0.356436
0 0.0773979 0.516123 0.022301 0.0360579 0.355421
0 0.907981 0.084985 0.0158001 0.0283342 0.354701
0 0.958791 0.489165 0.0254059 0.0408813 0.354468
0 0.757758 0.826961 0.0169657 0.0269764 0.354443
0 0.581884 0.53129 0.0198004 0.0383034 0.353151
0 0.0373412 0.898245 0.0131085 0.033353 0.352587
0 0.273383 0.786512 0.01299 0.0283396 0.352566
0 0.243287 0.584751 0.0200703 0.0320682 0.35238
0 0.263421 0.665426 0.0211482 0.0336531 0.350148
0 0.696168 0.235519 0.017635 0.0320484 0.349502
0 0.471634 0.305837 0.0233727 0.0391282 0.34913
0 0.573062 0.446316 0.0192763 0.0368166 0.348131
0 0.892658 0.795648 0.00892652 0.0208713 0.347624
0 0.222573 0.807217 0.0199436 0.0376346 0.347082
0 0.233212 0.841548 0.0165587 0.0283162 0.346258
0 0.163435 0.718722 0.016279 0.0292616 0.346211
0 0.850321 0.645916 0.0128208 0.0353034 0.346037
0 0.0374482 0.259795 0.0182953 0.0345981 0.345324
0 0.610175 0.961954 0.0154872 0.036027 0.344856
0 0.664656 0.0968248 0.0198528 0.0285878 0.343925
0 0.388995 0.0854652 0.0161425 0.0270832 0.341969
0 0.691976 0.275662 0.0179606 0.0310096 0.340322
0 0.162446 0.079722 0.0116017 0.0324696 0.339413
0 0.348592 0.13359 0.0195148 0.0377721 0.336473
0 0.912652 0.193278 0.0213093 0.0366562 0.335441
0 0.286215 0.744948 0.022828 0.0379384 0.335149
0 0.335174 0.70074 0.0264393 0.0420875 0.334553
0 0.255626 0.434011 0.027417 0.0426021 0.330919
0 0.62835 0.962011 0.0159171 0.0345508 0.330829
0 0.812577 0.779892 0.0161083 0.031073 0.328581
0 0.9039 0.480393 0.022546 0.0396754 0.328051
0 0.0837481 0.885613 0.0207544 0.0350154 0.327412
0 0.475384 0.552125 0.0196442 0.0394132 0.325693
0 0.615373 0.797923 0.0145919 0.0301707 0.325441
0 0.00742515 0.267959 0.0147106 0.0322706 0.323717
0 0.466924 0.594018 0.020537 0.0324734 0.32364
0 0.865463 0.144107 0.0123898 0.0208956 0.322927
0 0.3462 0.338908 0.0166817 0.0326111 0.322583
0 0.628677 0.78693 0.0133742 0.026334 0.322373
0 0.491724 0.52966 0.0165838 0.0273246 0.320011
0 0.376846 0.354599 0.0180436 0.0295128 0.319892
0 0.410907 0.870965 0.0138611 0.0351368 0.318356
0 0.48018 0.0471135 0.0204449 0.0373402 0.318324
0 0.444287 0.851312 0.0210167 0.0384722 0.314431
0 0.658075 0.952192 0.0111135 0.0276886 0.312097
0 0.744406 0.11381 0.0195599 0.0388294 0.310732
0 0.915131 0.690917 0.0272287 0.0410664 0.307972
0 0.281197 0.203624 0.0179031 0.0330192 0.306857
0 0.276478 0.611773 0.0125998 0.0260657 0.306621
0 0.566451 0.138854 0.0251094 0.0421025 0.305669
0 0.87777 0.0575189 0.0148426 0.0272224 0.304748
0 0.488426 0.407464 0.0164112 0.0268917 0.302369
0 0.404331 0.0537741 0.0203527 0.0273954 0.301896
0 0.26978 0.986077 0.0251734 0.0272763 0.300985
0 0.663714 0.0544379 0.0205156 0.0333062 0.296482
0 0.0596991 0.880648 0.0221843 0.0394952 0.295974
0 0.166135 0.265518 0.0169165 0.0333092 0.29494
0 0.808115 0.946531 0.0167056 0.0330729 0.294038
0 0.973135 0.610935 0.0161289 0.0285378 0.293998
0 0.591802 0.137841 0.0219492 0.0382993 0.293267
0 0.285613 0.201834 0.0162173 0.034616 0.292655
0 0.973316 0.818015 0.0203089 0.0318271 0.292451
0 0.320682 0.592655 0.0218023 0.0374596 0.292426
0 0.786151 0.276545 0.0210304 0.0389547 0.291173
0 0.719476 0.17759 0.0218321 0.0310834 0.291056
0 0.82009 0.0799359 0.0247608 0.0365411 0.289558
0 0.208357 0.359748 0.0222966 0.0291139 0.28923
0 0.501378 0.253176 0.0128056 0.0218046 0.288951
0 0.16845 0.421123 0.0187747 0.0384966 0.288355
0 0.788115 0.848763 0.0124643 0.0298533 0.287385
0 0.857042 0.505173 0.0185223 0.0265951 0.286932
0 0.703986 0.377831 0.0127232 0.0259338 0.286314
0 0.932376 0.0968277 0.0175644 0.0262521 0.286077
0 0.665207 0.376073 0.0224363 0.039269 0.285135
0 0.643635 0.663578 0.0184569 0.0334217 0.283251
0 0.956087 0.281632 0.0211923 0.029327 0.283048
0 0.916823 0.622625 0.0195194 0.0407459 0.281619
0 0.685538 0.661491 0.0132629 0.022308 0.281523
0 0.800691 0.740508 0.0158527 0.0285405 0.279934
0 0.874595 0.618813 0.0149158 0.0278211 0.279435
0 0.238987 0.368777 0.0249548 0.0351512 0.279226
0 0.727068 0.855583 0.011624 0.0251902 0.279021
0 0.0206464 0.903978 0.0212617 0.0355204 0.278228
0 0.850575 0.688569 0.0191141 0.03296 0.278083
0 0.879711 0.707659 0.0194103 0.038644 0.276982
0 0.551365 0.0487205 0.0118986 0.024419 0.275997
0 0.30825 0.225408 0.0111872 0.0241593 0.275627
0 0.234249 0.909107 0.0182244 0.0337326 0.275128
0 0.408297 0.91425 0.0173419 0.0305135 0.273967
0 0.594226 0.936258 0.0132896 0.0290751 0.273817
0 0.518905 0.249256 0.0121042 0.0271982 0.273459
0 0.751062 0.720704 0.0165636 0.0294105 0.27239
0 0.518756 0.0884523 0.0157545 0.0319282 0.271894
0 0.26865 0.63734 0.0171537 0.0269842 0.271806
0 0.180524 0.584864 0.0155298 0.0242696 0.271405
0 0.539215 0.15816 0.0176405 0.0336428 0.270571
0 0.978623 0.530871 0.016988 0.0267374 0.270292
0 0.808359 0.629467 0.0131106 0.0308019 0.269111
0 0.0982423 0.340741 0.0132601 0.0289799 0.267517
0 0.719245 0.167612 0.0248085 0.0500356 0.26718
0 0.506557 0.31584 0.0129588 0.0297957 0.266913
0 0.281557 0.305073 0.0169838 0.0221616 0.266888
0 0.641203 0.931189 0.0223244 0.0328798 0.266075
0 0.281534 0.87406 0.018121 0.0332777 0.265873
0 0.799733 0.805652 0.0140245 0.0329671 0.265026
0 0.896968 0.943435 0.0185219 0.0315603 0.264581
0 0.32608 0.365681 0.022114 0.0364683 0.264067
0 0.333376 0.978051 0.0198455 0.0385484 0.263346
0 0.740907 0.600077 0.0177375 0.0340954 0.262689
0 0.0297078 0.827009 0.0170301 0.0336748 0.261858
0 0.808166 0.713266 0.013068 0.0263055 0.260736
0 0.139413 0.436225 0.0248783 0.035644 0.260133
0 0.427235 0.0656811 0.016835 0.0294367 0.259726
0 0.0576114 0.0453085 0.0186729 0.0330703 0.259557
0 0.255349 0.172253 0.0176657 0.0261066 0.25893
0 0.427892 0.504368 0.027983 0.0445489 0.256961
0 0.163566 0.210032 0.0231109 0.0394916 0.255104
0 0.581015 0.597301 0.017834 0.0342719 0.254931
0 0.945703 0.771852 0.0197504 0.0315337 0.25425
0 0.488914 0.979313 0.0273053 0.0409324 0.251768
0 0.51913 0.9732 0.0183568 0.0371878 0.251355
