0 0.0699874 0.320359 0.0237321 0.0409208 0.676922
0 0.106714 0.927628 0.0219226 0.0340858 0.667052
0 0.0397861 0.339565 0.0236202 0.0407828 0.654231
0 0.209161 0.824436 0.0249424 0.0388153 0.651226
0 0.856494 0.843567 0.022752 0.0458316 0.650912
0 0.122408 0.410327 0.0230857 0.0400135 0.647179
0 0.890809 0.196868 0.0291176 0.0366204 0.639255
0 0.348271 0.597464 0.0262671 0.0491035 0.636379
0 0.349941 0.648566 0.0163853 0.0323143 0.635869
0 0.944552 0.0634314 0.0218147 0.0324632 0.635195
0 0.095815 0.802613 0.0201056 0.0389475 0.634918
0 0.117351 0.754541 0.0204928 0.0425452 0.632358
0 0.582138 0.777887 0.0233013 0.0357568 0.631629
0 0.476372 0.748159 0.021913 0.034219 0.631149
0 0.429669 0.528775 0.0285911 0.0497216 0.627508
0 0.706712 0.91536 0.0258787 0.038814 0.626585
0 0.0845522 0.62285 0.0207051 0.037978 0.625634
0 0.943459 0.112365 0.0251091 0.0315156 0.624021
0 0.0423405 0.259776 0.0216213 0.0359577 0.623706
0 0.0614606 0.420904 0.0195066 0.0397875 0.623
0 0.978586 0.894803 0.019359 0.0396091 0.622854
0 0.14798 0.701167 0.0194236 0.0344047 0.621102
0 0.554732 0.885006 0.0184301 0.0314571 0.620058
0 0.0908549 0.842512 0.0157956 0.031503 0.619695
0 0.873394 0.950201 0.0185024 0.038592 0.619004
0 0.329345 0.719827 0.0172921 0.033488 0.618935
0 0.154027 0.845928 0.0229713 0.0431531 0.615685
0 0.951897 0.198935 0.0207848 0.0339702 0.614153
0 0.204389 0.529858 0.019039 0.0315746 0.613096
0 0.179982 0.700671 0.0203289 0.0400625 0.611765
0 0.393684 0.94653 0.0169557 0.0273952 0.611283
0 0.626293 0.954273 0.0174717 0.0293996 0.606494
0 0.40079 0.528212 0.0184339 0.0355596 0.604959
0 0.367897 0.977443 0.0191591 0.0331346 0.600042
0 0.644409 0.895992 0.0167859 0.0306 0.59982
0 0.870307 0.148746 0.0229324 0.0371938 0.599419
0 0.594498 0.819859 0.0228437 0.0298889 0.594322
0 0.619016 0.838416 0.0221502 0.0316196 0.592231
0 0.184737 0.661507 0.017417 0.0324636 0.58974
0 0.170315 0.54613 0.0139811 0.0322233 0.589289
0 0.0265644 0.847665 0.0179448 0.0317374 0.587796
0 0.922592 0.0657348 0.0140488 0.0304218 0.587697
0 0.161768 0.428664 0.0188203 0.0397986 0.58663
0 0.00761962 0.883528 0.0150856 0.0305196 0.584468
0 0.540513 0.94094 0.0227609 0.0297787 0.582589
0 0.380437 0.693204 0.0188607 0.0358251 0.58194
0 0.95342 0.974753 0.0271614 0.0468577 0.580813
0 0.304242 0.690808 0.0221245 0.0400627 0.580453
0 0.143809 0.616437 0.0159956 0.0289421 0.579661
0 0.6647 0.895497 0.0169786 0.0317043 0.577958
0 0.770581 0.124307 0.0197075 0.0262199 0.57785
0 0.532414 0.840172 0.0192946 0.0344864 0.577841
0 0.0764556 0.231805 0.0211723 0.040992 0.576911
0 0.68558 0.871704 0.0187567 0.0331095 0.574994
0 0.81851 0.965104 0.021661 0.0361345 0.574515
0 0.339784 0.750375 0.0160488 0.0306091 0.574496
0 0.140252 0.383559 0.0154559 0.0276243 0.57442
0 0.960458 0.86334 0.0191387 0.0358934 0.573109
0 0.857176 0.196315 0.0301624 0.0363696 0.570523
0 0.261559 0.505445 0.0231606 0.0364059 0.568876
0 0.786363 0.0441146 0.0187347 0.0312053 0.568532
0 0.051089 0.548504 0.0217806 0.0330185 0.56796
0 0.189366 0.937738 0.0148612 0.0322525 0.567252
0 0.264312 0.691119 0.0164875 0.0311986 0.566715
0 0.191676 0.597769 0.0170287 0.0300568 0.565966
0 0.353908 0.864007 0.0156609 0.0284451 0.565771
0 0.066641 0.599508 0.0193009 0.0389524 0.564397
0 0.244025 0.937757 0.015547 0.0265463 0.563848
0 0.835055 0.0211797 0.0185797 0.0336049 0.563124
0 0.770905 0.879252 0.0261324 0.0413332 0.560509
0 0.606826 0.020199 0.0187279 0.0366878 0.559852
0 0.675024 0.749268 0.0187274 0.0352624 0.557203
0 0.924092 0.95432 0.0244789 0.034083 0.555936
0 0.706739 0.130516 0.02409 0.0441921 0.555537
0 0.478835 0.892969 0.01911 0.0327664 0.552694
0 0.306285 0.978681 0.0207582 0.0392239 0.551134
0 0.1101 0.887954 0.0169722 0.0348431 0.551036
0 0.16257 0.65654 0.0187596 0.0323732 0.547909
0 0.00377555 0.576536 0.0075511 0.0257879 0.546265
0 0.342345 0.981366 0.0210081 0.0312733 0.544416
0 0.335277 0.417128 0.0214134 0.0473707 0.543387
0 0.674319 0.814887 0.0168129 0.0337272 0.540263
0 0.0501231 0.664584 0.0177884 0.0275738 0.538924
0 0.486385 0.783819 0.0173974 0.0333305 0.537585
0 0.47167 0.695781 0.0193029 0.0381062 0.53642
0 0.449949 0.938416 0.0154101 0.032388 0.533029
0 0.335843 0.876642 0.0128546 0.02604 0.532927
0 0.0857076 0.923831 0.0181348 0.0382221 0.531901
0 0.335584 0.912682 0.0158623 0.0253018 0.523735
0 0.857513 0.103861 0.0148634 0.0251711 0.523699
0 0.766325 0.038282 0.0215284 0.0361784 0.523009
0 0.88815 0.915395 0.0199932 0.0357992 0.521652
0 0.557444 0.71187 0.0157172 0.0276059 0.521467
0 0.428977 0.950428 0.0170998 0.0304517 0.521277
0 0.289993 0.619946 0.0157931 0.0264731 0.52099
0 0.803724 0.075624 0.0174882 0.0292813 0.51714
0 0.136555 0.457314 0.018844 0.033714 0.516492
0 0.436097 0.742502 0.0246228 0.0427304 0.516477
0 0.318991 0.891562 0.0166853 0.0314874 0.515846
0 0.0465176 0.916535 0.0155997 0.0292026 0.515755
0 0.354724 0.94369 0.0175286 0.0327736 0.514372
0 0.15426 0.572345 0.0154253 0.0260486 0.514369
0 0.831761 0.147809 0.0155636 0.0292659 0.514152
0 0.99209 0.935717 0.0158203 0.0582306 0.513069
0 0.331572 0.79595 0.0166037 0.0304303 0.511439
0 0.292217 0.462534 0.0233388 0.037325 0.506235
0 0.629742 0.720977 0.0189631 0.0353987 0.506227
0 0.558585 0.835265 0.0243557 0.0446384 0.505142
0 0.392431 0.655105 0.02083 0.0430814 0.504428
0 0.58442 0.0331268 0.0183203 0.032474 0.502896
0 0.456516 0.765498 0.0122531 0.0234987 0.502238
0 0.0698162 0.859671 0.0147847 0.0236099 0.501516
0 0.353124 0.801341 0.0153867 0.032302 0.500133
0 0.032823 0.486556 0.0162271 0.026295 0.499246
0 0.214199 0.490347 0.0156797 0.0278838 0.497645
0 0.182653 0.846602 0.0163169 0.0227049 0.4965
0 0.369707 0.842923 0.0183431 0.0315464 0.495713
0 0.804998 0.86729 0.0183549 0.0301985 0.495127
0 0.824497 0.0823523 0.0156582 0.0280953 0.494969
0 0.437791 0.598428 0.029539 0.0618128 0.494179
0 0.00873995 0.352903 0.0171747 0.0319918 0.491523
0 0.628165 0.77385 0.0240218 0.0458918 0.49121
0 0.145571 0.423979 0.0148754 0.0381714 0.491172
0 0.184567 0.541513 0.0137152 0.0315715 0.490736
0 0.814518 0.910371 0.0207573 0.0412092 0.489261
0 0.0336135 0.609918 0.0151306 0.0213065 0.488319
0 0.732732 0.796258 0.0200306 0.043798 0.488068
0 0.144001 0.902663 0.0245495 0.0427117 0.487441
0 0.838452 0.107438 0.0126007 0.0278113 0.486987
0 0.0173062 0.660235 0.0200908 0.0337345 0.485695
0 0.90946 0.987434 0.0150286 0.0233813 0.485168
0 0.135672 0.300184 0.0211835 0.0367749 0.484679
0 0.574218 0.986396 0.0196807 0.025843 0.48376
0 0.0567421 0.783468 0.0145103 0.0309567 0.481293
0 0.232327 0.468032 0.0183758 0.0310192 0.480045
0 0.821476 0.186196 0.0140987 0.0227745 0.479697
0 0.536853 0.601754 0.026767 0.053731 0.479609
0 0.240156 0.562937 0.020535 0.0420337 0.474616
0 0.0751572 0.70607 0.0150988 0.0306485 0.473567
0 0.613896 0.874705 0.0197289 0.0249288 0.470079
0 0.175743 0.466269 0.0169985 0.0295999 0.469702
0 0.131311 0.555777 0.0186629 0.0337266 0.469022
0 0.0136561 0.984812 0.0160903 0.0251752 0.466982
0 0.135749 0.23242 0.0139292 0.033867 0.46617
0 0.054244 0.966857 0.0177241 0.038642 0.461979
0 0.737419 0.0238098 0.0183363 0.0330822 0.461634
0 0.126925 0.87053 0.0178725 0.0337257 0.461204
0 0.0259176 0.510827 0.014496 0.0251954 0.457533
0 0.175061 0.885199 0.0187622 0.0356396 0.455743
0 0.304103 0.792986 0.0174831 0.0346958 0.454407
0 0.261742 0.915286 0.0188523 0.0345469 0.454149
0 0.604554 0.719671 0.0218637 0.0390678 0.453388
0 0.353358 0.898836 0.0143124 0.0263858 0.452003
0 0.604607 0.661608 0.0255894 0.0431159 0.451584
0 0.418117 0.833917 0.0215557 0.0440243 0.446411
0 0.628149 0.661941 0.0160863 0.0352437 0.441538
0 0.566199 0.0311811 0.0160135 0.029319 0.441469
0 0.0916759 0.891972 0.0124763 0.0250567 0.440788
0 0.167916 0.926487 0.0174098 0.034305 0.440246
0 0.108095 0.711238 0.0136385 0.0267906 0.438052
0 0.563566 0.672943 0.0196215 0.0348663 0.437339
0 0.879179 0.0428816 0.0291927 0.0426555 0.435786
0 0.061765 0.841095 0.0169277 0.0270138 0.435666
0 0.174876 0.596697 0.0122213 0.034139 0.434133
0 0.00831517 0.790168 0.0163787 0.038036 0.433878
0 0.726374 0.987079 0.0177923 0.0249387 0.432687
0 0.123029 0.62294 0.0205523 0.0332036 0.431672
0 0.664242 0.86703 0.0142246 0.0218192 0.431027
0 0.831346 0.882121 0.0242619 0.039505 0.43015
0 0.325486 0.644232 0.0194793 0.0322695 0.430066
0 0.188624 0.797828 0.0135328 0.0280701 0.429503
0 0.0272827 0.958032 0.0209038 0.0322099 0.429107
0 0.109439 0.646277 0.0165651 0.0329178 0.4262
0 0.437591 0.820832 0.0188907 0.0326175 0.425336
0 0.814232 0.132119 0.0169991 0.0281158 0.425086
0 0.228852 0.983564 0.0157407 0.0295702 0.424977
0 0.194814 0.496072 0.015173 0.0287259 0.423386
0 0.108253 0.209512 0.0130524 0.0271175 0.422391
0 0.513307 0.938668 0.0236094 0.0337596 0.42143
0 0.396092 0.980559 0.0181017 0.0330061 0.420447
0 0.71979 0.0816196 0.0131231 0.0208458 0.419979
0 0.330206 0.946081 0.0152073 0.0357937 0.418812
0 0.218941 0.660825 0.0175999 0.0369407 0.41773
0 0.204386 0.570676 0.0150652 0.0203296 0.417709
0 0.643183 0.742606 0.017127 0.0301198 0.416886
0 0.512787 0.8519 0.0130459 0.0249953 0.41656
0 0.160053 0.303268 0.0152485 0.0324196 0.413231
0 0.0530399 0.126185 0.0201155 0.0322268 0.411113
0 0.0713658 0.544638 0.0133833 0.0262929 0.411088
0 0.848617 0.156087 0.0150078 0.0220086 0.406521
0 0.740006 0.913189 0.0217175 0.0388991 0.402594
0 0.414758 0.954616 0.00939894 0.0309866 0.402117
0 0.855264 0.0198749 0.0112823 0.0257219 0.400721
0 0.0598959 0.875114 0.00952742 0.0242408 0.400516
0 0.717408 0.0173527 0.0153142 0.0298154 0.399784
0 0.318261 0.441112 0.0210295 0.0427763 0.397762
0 0.0322251 0.98883 0.0207528 0.0213399 0.397059
0 0.434242 0.67322 0.0202036 0.0395118 0.396608
0 0.158388 0.623924 0.0135063 0.0175088 0.395781
0 0.81689 0.792167 0.0180595 0.035593 0.393043
0 0.539602 0.780949 0.0171839 0.0321238 0.391937
0 0.989831 0.142399 0.020339 0.0293974 0.390138
0 0.31307 0.734148 0.0161686 0.0314255 0.390049
0 0.0829951 0.369516 0.0184351 0.0317585 0.389882
0 0.360425 0.542087 0.0224781 0.035576 0.389437
0 0.304006 0.594654 0.014226 0.0338121 0.388348
0 0.528554 0.902085 0.0250024 0.040439 0.388212
0 0.902073 0.0611251 0.0175742 0.0304396 0.387034
0 0.296633 0.933758 0.0213045 0.0341159 0.385839
0 0.0103104 0.349399 0.0196903 0.0383707 0.385308
0 0.00831845 0.227949 0.0165809 0.0436364 0.383546
0 0.132283 0.723234 0.0195214 0.0364373 0.38257
0 0.419799 0.595589 0.0143171 0.0357849 0.382563
0 0.247002 0.681321 0.0123746 0.0295224 0.382546
0 0.85288 0.0522079 0.014957 0.0274092 0.381396
0 0.0424788 0.88832 0.0157059 0.0275431 0.380747
0 0.0545376 0.698744 0.015543 0.0234378 0.379753
0 0.215345 0.716069 0.0132257 0.0254387 0.378877
0 0.385075 0.894252 0.028697 0.0422394 0.378606
0 0.734537 0.100104 0.0144128 0.0240433 0.377874
0 0.75435 0.841714 0.0202282 0.0325489 0.37762
0 0.53908 0.81209 0.0153619 0.0237396 0.37646
0 0.23537 0.645626 0.012201 0.0241191 0.375323
0 0.585238 0.658444 0.0132839 0.0326353 0.374579
0 0.64315 0.829642 0.0196796 0.0316667 0.374345
0 0.090731 0.423573 0.0214177 0.0460463 0.372952
0 0.381881 0.463984 0.0174683 0.0304403 0.372356
0 0.279276 0.66206 0.0178667 0.0330902 0.372272
0 0.352098 0.726634 0.0136356 0.0277578 0.37222
0 0.466054 0.854918 0.0163664 0.033097 0.367587
0 0.160781 0.800706 0.0151354 0.0294258 0.364866
0 0.142216 0.338333 0.0183149 0.0312083 0.362846
0 0.706867 0.774787 0.0184856 0.0367948 0.361769
0 0.0418862 0.630253 0.0143714 0.0285993 0.360112
0 0.190461 0.401921 0.0177733 0.0334047 0.357805
0 0.083305 0.974581 0.0202739 0.0365482 0.35724
0 0.49744 0.629249 0.0149502 0.0308436 0.357082
0 0.00486215 0.954476 0.00964618 0.0385827 0.357073
0 0.250351 0.970708 0.0158916 0.0290141 0.356907
0 0.155792 0.239563 0.0218214 0.0400536 0.356867
0 0.12296 0.260101 0.0204963 0.0370472 0.35662
0 0.813096 0.79307 0.0223381 0.0375219 0.356366
0 0.140442 0.954011 0.0158087 0.0269914 0.35473
0 0.830237 0.832152 0.0223515 0.0430105 0.35148
0 0.301602 0.645867 0.0186219 0.0345826 0.351151
0 0.176646 0.410517 0.0111817 0.0248666 0.350904
0 0.84985 0.932496 0.02354 0.0415274 0.3477
0 0.178791 0.814676 0.0203148 0.0364849 0.346573
0 0.0423261 0.435999 0.0164174 0.0281384 0.344854
0 0.406375 0.876682 0.00914688 0.0257583 0.344226
0 0.176498 0.507801 0.0174104 0.0334075 0.344132
0 0.474973 0.633708 0.0169355 0.0313948 0.343842
0 0.37326 0.526611 0.0162457 0.0430149 0.342023
0 0.0899653 0.731724 0.0141695 0.0261929 0.337604
0 0.0802146 0.291537 0.0150805 0.0281043 0.337334
0 0.0292325 0.459162 0.0132858 0.0218138 0.33725
0 0.904049 0.942532 0.016831 0.0316538 0.336237
0 0.245044 0.797826 0.0200424 0.0303491 0.336127
0 0.629225 0.768203 0.0224731 0.0365736 0.336104
0 0.0752928 0.818497 0.0144046 0.0229689 0.334816
0 0.00343864 0.537767 0.00675983 0.0243216 0.333983
0 0.293798 0.410364 0.0199161 0.0420263 0.333644
0 0.196793 0.445877 0.0117448 0.0239066 0.333344
0 0.698282 0.957346 0.0154725 0.0207767 0.332674
0 0.126917 0.652326 0.0137498 0.0205032 0.332215
0 0.0744148 0.659948 0.0177977 0.0264826 0.329144
0 0.663952 0.785872 0.0127655 0.0271442 0.328702
0 0.101337 0.868351 0.0158112 0.0246341 0.327945
0 0.356204 0.698916 0.0172731 0.0266881 0.327288
0 0.212426 0.460817 0.0170178 0.0245311 0.325733
0 0.94529 0.926927 0.0171125 0.0316728 0.324761
0 0.754906 0.807101 0.0145029 0.0313809 0.324564
0 0.453845 0.988302 0.0184416 0.0224345 0.323906
0 0.637866 0.863198 0.0151734 0.028931 0.323745
0 0.853149 0.935868 0.021101 0.0373945 0.32259
0 0.40111 0.81671 0.0139405 0.0261588 0.322449
0 0.158648 0.2672 0.0177696 0.0249559 0.321997
0 0.716091 0.860857 0.0151281 0.0320997 0.319128
0 0.588795 0.868593 0.0152149 0.0178792 0.318278
0 0.818028 0.905381 0.0177925 0.0367146 0.314476
0 0.090565 0.560607 0.0143286 0.0215473 0.314236
0 0.365844 0.789399 0.0153282 0.0258738 0.314183
0 0.650192 0.978087 0.016835 0.0234141 0.313172
0 0.123765 0.686548 0.018702 0.0283253 0.310931
0 0.977153 0.172451 0.0172104 0.0233066 0.310454
0 0.0900164 0.431154 0.0228279 0.0511398 0.309138
0 0.780976 0.946944 0.0158134 0.0351054 0.30865
0 0.632232 0.0671915 0.0161094 0.0377695 0.308087
0 0.273085 0.569452 0.021751 0.0389108 0.307911
0 0.515949 0.941153 0.0205455 0.0304148 0.307098
0 0.544394 0.0113316 0.01816 0.0225846 0.305739
0 0.103561 0.870329 0.015594 0.0205455 0.303137
0 0.532547 0.723446 0.0219269 0.0360109 0.300662
0 0.246658 0.355369 0.0218079 0.037806 0.299449
0 0.415614 0.688196 0.0213981 0.0446561 0.295838
0 0.651773 0.785748 0.0179543 0.0358415 0.294882
0 0.126658 0.656175 0.0148245 0.0191707 0.294743
0 0.115499 0.842297 0.0162519 0.0251099 0.294621
0 0.642581 0.673578 0.0176853 0.0317561 0.293442
0 0.968569 0.942397 0.0179924 0.0345683 0.292538
0 0.688777 0.102574 0.0137974 0.0271809 0.292362
0 0.486984 0.583561 0.0206765 0.0389277 0.291898
0 0.660116 0.784134 0.0188127 0.0320275 0.291199
0 0.929766 0.989822 0.0143444 0.0190643 0.291134
0 0.203048 0.70909 0.0127413 0.0319424 0.290829
0 0.69764 0.013369 0.0201944 0.0267379 0.289902
0 0.992767 0.142419 0.014466 0.0286545 0.289117
0 0.288127 0.842991 0.013723 0.0249115 0.286768
0 0.263288 0.413722 0.0286698 0.0495037 0.286634
0 0.251435 0.840903 0.0170775 0.0277656 0.285243
0 0.279919 0.803729 0.0147205 0.0251875 0.284726
0 0.018686 0.539962 0.0154288 0.0278856 0.28469
0 0.667801 0.0132071 0.0197283 0.0259487 0.28265
0 0.892138 0.988465 0.0162817 0.0214667 0.282047
0 0.298237 0.50527 0.0184142 0.0308421 0.280166
0 0.117646 0.45969 0.0184021 0.029336 0.279952
0 0.12651 0.949738 0.0106041 0.0235358 0.279807
0 0.419523 0.839705 0.0202607 0.0349533 0.279496
0 0.918174 0.907811 0.0187061 0.0423652 0.279022
0 0.389116 0.892904 0.0221277 0.0394175 0.277848
0 0.108428 0.538151 0.0130602 0.023299 0.277334
0 0.284196 0.843248 0.0148052 0.0245151 0.276397
0 0.615891 0.0631312 0.0150064 0.0293192 0.276168
0 0.219128 0.355916 0.0220321 0.0388085 0.275664
0 0.0528836 0.478327 0.0175713 0.0311312 0.274603
0 0.0492258 0.516824 0.0214761 0.0327128 0.273663
0 0.438893 0.780808 0.0104092 0.0245638 0.273392
0 0.41691 0.986457 0.0151432 0.0242442 0.273244
0 0.156623 0.254718 0.0212862 0.0421482 0.272837
0 0.358878 0.762325 0.0128745 0.0238118 0.272538
0 0.0972075 0.282229 0.0191499 0.0357726 0.272077
0 0.479241 0.966623 0.0152428 0.0231665 0.271464
0 0.0284192 0.928909 0.0199534 0.0284382 0.270803
0 0.003748 0.990343 0.00738701 0.0189877 0.270802
0 0.385809 0.54279 0.0149208 0.0412879 0.269232
0 0.892597 0.88008 0.0188358 0.0295807 0.268966
0 0.0657011 0.84969 0.0142585 0.0181157 0.268411
0 0.225798 0.621842 0.0137987 0.0250251 0.266386
0 0.694309 0.815589 0.0199314 0.0361484 0.26521
0 0.387036 0.601826 0.0219998 0.0410516 0.26285
0 0.0933244 0.755182 0.0138953 0.0288744 0.262778
0 0.212493 0.985407 0.0154133 0.0276952 0.261347
0 0.0104184 0.621538 0.0188384 0.0398171 0.261324
0 0.0096687 0.626828 0.0179557 0.0351436 0.260805
0 0.778958 0.950265 0.0187729 0.0409129 0.259966
0 0.734887 0.963095 0.018763 0.0214864 0.259616
0 0.702175 0.9857 0.0186741 0.0260178 0.259395
0 0.623877 0.781644 0.0202946 0.0395091 0.258349
0 0.440932 0.644072 0.0134249 0.0222985 0.257665
0 0.263955 0.990738 0.0149233 0.0169209 0.256246
0 0.150064 0.539237 0.0173504 0.030737 0.254829
0 0.178554 0.279116 0.019504 0.0472232 0.251034
0 0.122471 0.512849 0.0153479 0.0243261 0.25098
