0 0.616192 0.324263 0.0296656 0.0580279 0.705661
0 0.584889 0.305973 0.0227426 0.0407168 0.691049
0 0.313819 0.294827 0.0248601 0.0473775 0.66247
0 0.0245442 0.225729 0.0196795 0.0345782 0.659676
0 0.517082 0.0133855 0.0252441 0.0266285 0.654497
0 0.380597 0.485704 0.0253236 0.042745 0.65356
0 0.203784 0.595667 0.020886 0.0432729 0.649668
0 0.940485 0.552996 0.0216138 0.0360723 0.646709
0 0.0735851 0.16738 0.020726 0.0345714 0.643607
0 0.357323 0.0613719 0.0305278 0.0467498 0.643279
0 0.267096 0.685359 0.0219337 0.0371522 0.638876
0 0.951553 0.730797 0.0171668 0.0303287 0.637131
0 0.744416 0.0222623 0.0321874 0.0437662 0.633096
0 0.114057 0.919953 0.0178951 0.0305539 0.631749
0 0.877946 0.310473 0.0194294 0.031316 0.631409
0 0.485358 0.033979 0.0269943 0.047356 0.628888
0 0.118225 0.576642 0.0184396 0.0348095 0.62692
0 0.344889 0.55062 0.0275075 0.0438143 0.624877
0 0.40424 0.577154 0.0192775 0.0350377 0.622683
0 0.725206 0.115463 0.0252407 0.0380544 0.622656
0 0.120421 0.982482 0.0151923 0.0323898 0.617286
0 0.950493 0.274698 0.0221973 0.0394925 0.614466
0 0.174201 0.926996 0.0227747 0.0409169 0.613664
0 0.42698 0.705558 0.0217832 0.0406252 0.609337
0 0.258747 0.269353 0.0233337 0.0463819 0.608593
0 0.927422 0.842082 0.0241375 0.0410298 0.608105
0 0.467543 0.149687 0.0203292 0.0355168 0.604983
0 0.958124 0.684474 0.0202126 0.0404463 0.603575
0 0.753545 0.106424 0.0176359 0.0366073 0.603332
0 0.414015 0.101348 0.0243069 0.0452461 0.602502
0 0.0706069 0.521375 0.0139403 0.0235613 0.600401
0 0.71555 0.170283 0.0184188 0.0347774 0.594276
0 0.302329 0.750548 0.0219128 0.0366898 0.593073
0 0.978098 0.725873 0.0202753 0.0311993 0.591906
0 0.0882171 0.49317 0.0142859 0.0327751 0.591845
0 0.155108 0.740098 0.0185025 0.03647 0.587676
0 0.131171 0.732291 0.0178574 0.0297102 0.585527
0 0.819348 0.953417 0.0179119 0.0271345 0.584648
0 0.540674 0.0316654 0.0155048 0.026233 0.581551
0 0.727571 0.679089 0.0211025 0.0368642 0.578207
0 0.777315 0.292849 0.0340509 0.0404956 0.577749
0 0.25848 0.812603 0.0152837 0.0294335 0.577687
0 0.208183 0.447616 0.0214291 0.0346372 0.576975
0 0.0181913 0.698396 0.0206082 0.0357083 0.575802
0 0.766739 0.0781312 0.0172659 0.0290347 0.575291
0 0.369279 0.5346 0.0173847 0.027825 0.575203
0 0.0852002 0.844732 0.0195922 0.0353199 0.566542
0 0.514416 0.0458785 0.017643 0.0289573 0.560769
0 0.55867 0.280809 0.020161 0.0356963 0.560416
0 0.200646 0.495319 0.0171978 0.0307183 0.556387
0 0.384331 0.0814497 0.0217738 0.0334596 0.554605
0 0.492236 0.496606 0.0219827 0.0364763 0.553974
0 0.242194 0.721288 0.024499 0.0364339 0.553667
0 0.830062 0.87636 0.0206821 0.0357822 0.55269
0 0.463043 0.739011 0.0261679 0.0470315 0.551485
0 0.139461 0.55564 0.0190543 0.0348506 0.549472
0 0.413021 0.466942 0.019496 0.0325909 0.549066
0 0.99316 0.574073 0.0136803 0.0327207 0.545959
0 0.667372 0.0611883 0.0196814 0.0339395 0.545092
0 0.279876 0.138026 0.021658 0.0378696 0.543705
0 0.121112 0.218547 0.0175996 0.0357201 0.53997
0 0.111613 0.704375 0.0172504 0.0321784 0.539812
0 0.160907 0.812481 0.0171593 0.0320167 0.537861
0 0.284838 0.777395 0.0177047 0.0319455 0.536813
0 0.158205 0.0456996 0.0160866 0.030654 0.536627
0 0.280454 0.816586 0.0196766 0.0318912 0.536421
0 0.290109 0.66548 0.0147812 0.0250897 0.535784
0 0.346257 0.175604 0.019371 0.0312082 0.534733
0 0.889921 0.15477 0.0144957 0.0246049 0.532945
0 0.527085 0.734118 0.0197613 0.0354952 0.532705
0 0.148438 0.519948 0.0173748 0.02946 0.531556
0 0.44546 0.103837 0.021336 0.0376501 0.528682
0 0.298218 0.406587 0.0198465 0.0344411 0.526985
0 0.258428 0.593939 0.0184995 0.0373474 0.526628
0 0.17497 0.501326 0.0196438 0.0371563 0.525747
0 0.161766 0.084792 0.019822 0.0376021 0.525683
0 0.758383 0.237086 0.0202951 0.0339893 0.525678
0 0.498595 0.739921 0.0252452 0.0393539 0.522582
0 0.220581 0.668537 0.0242154 0.0515069 0.522452
0 0.0788422 0.684705 0.0214317 0.0351008 0.519928
0 0.0406163 0.646733 0.0160238 0.0324882 0.516919
0 0.158201 0.464081 0.0192515 0.0350562 0.51453
0 0.970231 0.420823 0.0183884 0.0386711 0.513573
0 0.879801 0.111786 0.0202784 0.0341068 0.509331
0 0.97557 0.661058 0.0174953 0.0296997 0.50807
0 0.11938 0.165186 0.0261892 0.0447579 0.507856
0 0.692039 0.2786 0.0173651 0.0283652 0.506518
0 0.590454 0.391715 0.0217731 0.0381811 0.504595
0 0.0564197 0.339761 0.0159299 0.0308515 0.504401
0 0.00749345 0.427171 0.0145608 0.0290877 0.503478
0 0.136149 0.0983413 0.0188428 0.0356433 0.502252
0 0.0514594 0.186567 0.0213329 0.0334621 0.501238
0 0.0779196 0.279373 0.0291488 0.0541484 0.496699
0 0.0761552 0.33771 0.0135798 0.027996 0.496052
0 0.321484 0.92207 0.0203242 0.0335951 0.495809
0 0.324977 0.847604 0.0160331 0.0320915 0.494992
0 0.181928 0.667513 0.0188898 0.0351852 0.49282
0 0.98519 0.233816 0.0296192 0.04714 0.492714
0 0.992525 0.278616 0.0149494 0.0312813 0.489853
0 0.027705 0.17557 0.0149829 0.0351224 0.489096
0 0.417438 0.416173 0.0196171 0.0347778 0.487713
0 0.940882 0.509612 0.0181593 0.0326774 0.485082
0 0.287354 0.625176 0.0196915 0.0336541 0.482853
0 0.229824 0.541717 0.0217626 0.0410263 0.482588
0 0.150487 0.523393 0.0151016 0.0251603 0.481963
0 0.141494 0.0567495 0.0183242 0.0305155 0.479771
0 0.389315 0.308006 0.0182408 0.0317032 0.477875
0 0.90456 0.328614 0.0122616 0.0222213 0.476476
0 0.29195 0.356943 0.0230936 0.0374308 0.474932
0 0.0540541 0.898024 0.0202812 0.0326124 0.47169
0 0.842464 0.95508 0.0205986 0.0339509 0.470243
0 0.13893 0.284935 0.0196037 0.0354183 0.469677
0 0.411318 0.329784 0.0198195 0.0308039 0.468252
0 0.387772 0.740632 0.0233808 0.0433567 0.467439
0 0.309998 0.171985 0.0174448 0.0310261 0.467184
0 0.258288 0.905416 0.0161764 0.0375973 0.466978
0 0.327722 0.18848 0.0162909 0.0324721 0.466945
0 0.0284943 0.585815 0.0166147 0.0310968 0.464831
0 0.825444 0.915512 0.021907 0.0339671 0.464616
0 0.172553 0.0197561 0.0237304 0.0386127 0.463669
0 0.423187 0.80709 0.0242204 0.0430978 0.463615
0 0.265055 0.48952 0.0222002 0.0378602 0.462524
0 0.754749 0.80873 0.0192591 0.0349915 0.461888
0 0.826504 0.985489 0.0202003 0.0279047 0.458154
0 0.994334 0.767555 0.0113312 0.0290036 0.456836
0 0.392578 0.372163 0.0212976 0.0325771 0.45579
0 0.216693 0.283292 0.0207056 0.0383818 0.453732
0 0.0092284 0.162266 0.01775 0.0324533 0.453221
0 0.0691498 0.869376 0.0151715 0.0318509 0.452704
0 0.272634 0.551429 0.0199901 0.0359997 0.452377
0 0.189196 0.170735 0.0178818 0.035081 0.451935
0 0.610618 0.691858 0.0234465 0.0413393 0.451375
0 0.618559 0.256585 0.0229799 0.0389596 0.450561
0 0.231614 0.154401 0.0181814 0.0267258 0.449883
0 0.916818 0.016968 0.0176024 0.0263095 0.448497
0 0.0785138 0.794757 0.0262495 0.0459264 0.448317
0 0.203824 0.703693 0.0208378 0.0378147 0.447846
0 0.0994606 0.946917 0.0125873 0.0265922 0.447123
0 0.86342 0.593853 0.0183414 0.0329932 0.440902
0 0.971774 0.916994 0.0165382 0.0280752 0.439701
0 0.220371 0.127186 0.0167238 0.0300042 0.438058
0 0.0247292 0.940462 0.0198097 0.0337941 0.43658
0 0.342829 0.839485 0.0160934 0.0302992 0.435414
0 0.175517 0.873224 0.026272 0.0440816 0.434652
0 0.241335 0.208681 0.0187569 0.0352475 0.434601
0 0.130692 0.696373 0.0183404 0.0296312 0.433375
0 0.411579 0.291506 0.0216238 0.0343574 0.424801
0 0.0981456 0.882733 0.0216828 0.0384878 0.418877
0 0.801484 0.96603 0.0143162 0.0251122 0.418545
0 0.346136 0.80652 0.0151809 0.0284966 0.417525
0 0.00363509 0.571377 0.00725034 0.0314246 0.414883
0 0.158733 0.53985 0.0173616 0.0301147 0.412735
0 0.760975 0.195007 0.017013 0.0224357 0.410992
0 0.126731 0.474238 0.0168479 0.0307822 0.409494
0 0.342043 0.491065 0.0261273 0.0484962 0.409281
0 0.437631 0.739041 0.0212196 0.0356649 0.408482
0 0.14382 0.930295 0.01827 0.028938 0.405462
0 0.841157 0.611116 0.0166014 0.0351464 0.404849
0 0.311965 0.783937 0.0172483 0.0253334 0.404136
0 0.143002 0.612543 0.0177736 0.0301086 0.40392
0 0.179798 0.550255 0.0168585 0.0308456 0.400648
0 0.585909 0.750893 0.021002 0.0333723 0.399973
0 0.469517 0.606531 0.0167524 0.0291716 0.397858
0 0.1214 0.611243 0.0153931 0.0235539 0.396958
0 0.31753 0.473831 0.0160668 0.0298228 0.392869
0 0.387623 0.791689 0.0214473 0.040942 0.388402
0 0.504094 0.968625 0.0197845 0.0397918 0.385819
0 0.969096 0.586241 0.0229273 0.0373644 0.384333
0 0.345009 0.284369 0.0169399 0.0299818 0.383455
0 0.575828 0.784428 0.0194843 0.0323086 0.3822
0 0.0647362 0.473709 0.0174684 0.0254606 0.381402
0 0.367395 0.795082 0.0204353 0.038237 0.380049
0 0.853959 0.250662 0.0151886 0.0339632 0.378942
0 0.796882 0.914371 0.0230157 0.0332646 0.378888
0 0.901164 0.120368 0.0156078 0.0271263 0.378532
0 0.121279 0.158984 0.0279734 0.045761 0.377568
0 0.0581501 0.580062 0.0329139 0.0495224 0.375586
0 0.0932918 0.563091 0.0172848 0.0308884 0.373921
0 0.538129 0.825115 0.0172533 0.0282749 0.372032
0 0.977974 0.493649 0.0202713 0.0365805 0.370697
0 0.0080961 0.981243 0.015984 0.0339752 0.369301
0 0.557293 0.180935 0.0207941 0.0384465 0.369127
0 0.23266 0.453725 0.0241607 0.0411675 0.369101
0 0.0202338 0.392662 0.0177209 0.0384927 0.367476
0 0.0369817 0.311738 0.0190568 0.0331023 0.366193
0 0.300284 0.133974 0.0140565 0.0251845 0.362405
0 0.115617 0.667399 0.0170623 0.0306853 0.36005
0 0.28879 0.533054 0.01883 0.0343955 0.357492
0 0.992333 0.374651 0.0153334 0.0286997 0.357053
0 0.526726 0.925099 0.0213142 0.0353716 0.356837
0 0.771054 0.290693 0.0220213 0.0379317 0.353362
0 0.973363 0.872545 0.0143288 0.0254842 0.347748
0 0.0811813 0.957822 0.018961 0.0313432 0.346645
0 0.812825 0.0465576 0.0202469 0.0318988 0.338632
0 0.266772 0.218466 0.0207531 0.0292764 0.337779
0 0.761071 0.158395 0.0196982 0.0326453 0.334981
0 0.0237751 0.462984 0.0170351 0.0273839 0.334553
0 0.184283 0.83261 0.017367 0.030129 0.332363
0 0.530241 0.859131 0.0166313 0.0296349 0.331896
0 0.427514 0.446237 0.0172792 0.024948 0.33128
0 0.829439 0.552868 0.0208139 0.0310326 0.330324
0 0.957064 0.891611 0.0174053 0.0302402 0.327085
0 0.151398 0.88883 0.0167608 0.0360923 0.326384
0 0.859717 0.215917 0.0154091 0.0297471 0.326309
0 0.499797 0.797136 0.0207385 0.0327493 0.326191
0 0.0371816 0.0694009 0.0294435 0.0525593 0.323954
0 0.379817 0.17536 0.0252817 0.0376461 0.323022
0 0.913203 0.429278 0.0157438 0.0306849 0.321084
0 0.0166615 0.276482 0.0206869 0.0404896 0.31853
0 0.78205 0.16167 0.0171546 0.031936 0.317937
0 0.275573 0.854662 0.0152171 0.0239431 0.310972
0 0.8004 0.786257 0.0146631 0.0259837 0.310241
0 0.465157 0.745609 0.0246542 0.0409532 0.306586
0 0.711737 0.249261 0.0192184 0.0348743 0.301784
0 0.293707 0.484634 0.0221997 0.0338551 0.297982
0 0.450547 0.696724 0.0196047 0.0339856 0.297864
0 0.468332 0.944604 0.0202536 0.0341873 0.297739
0 0.865738 0.590697 0.0228146 0.039307 0.297127
0 0.327461 0.431988 0.0219282 0.0393907 0.294926
0 0.288881 0.256922 0.0193032 0.0364813 0.293436
0 0.356744 0.731772 0.0249378 0.0389957 0.292581
0 0.0947335 0.340423 0.0162679 0.0249446 0.292032
0 0.415526 0.0282328 0.0205179 0.02958 0.291756
0 0.00718684 0.537278 0.0143074 0.030189 0.291095
0 0.854164 0.103127 0.0176476 0.030534 0.290876
0 0.481541 0.691989 0.0227448 0.0392663 0.29085
0 0.0245192 0.638692 0.0178318 0.0318327 0.290242
0 0.62886 0.497523 0.0184765 0.0218133 0.289891
0 0.261017 0.0435691 0.0202606 0.0362439 0.289642
0 0.167183 0.119281 0.0150392 0.0254076 0.288738
0 0.834387 0.0842206 0.0165398 0.0268117 0.287965
0 0.290782 0.0152361 0.0185843 0.0286649 0.287645
0 0.31576 0.613589 0.0228457 0.0361535 0.287459
0 0.0063001 0.468715 0.0125787 0.0387036 0.284721
0 0.0456015 0.500756 0.0201396 0.0326767 0.284469
0 0.823384 0.912946 0.0176155 0.0310901 0.282218
0 0.986568 0.693167 0.018203 0.0300425 0.280957
0 0.107502 0.360811 0.0148042 0.0275801 0.278964
0 0.188428 0.104662 0.0183435 0.0354612 0.276605
0 0.204924 0.043747 0.0194799 0.0342262 0.275934
0 0.209622 0.555968 0.0169084 0.0309764 0.271987
0 0.304567 0.959531 0.0175368 0.0279357 0.271622
0 0.190963 0.165947 0.0191295 0.037885 0.26841
0 0.0668014 0.650382 0.0183635 0.031068 0.267779
0 0.0961468 0.385949 0.0153961 0.0300932 0.265651
0 0.41096 0.174776 0.0180374 0.0288374 0.265017
0 0.0282842 0.846257 0.0219588 0.0367042 0.264656
0 0.469086 0.347398 0.0190311 0.0361229 0.264348
0 0.122248 0.300825 0.0132769 0.0259087 0.263205
0 0.154064 0.971044 0.0162338 0.0283474 0.263056
0 0.337715 0.889384 0.0131197 0.0313734 0.260407
0 0.232847 0.851494 0.0164752 0.0279951 0.257963
0 0.0921078 0.383137 0.0216292 0.0346959 0.257391
0 0.142615 0.33994 0.0174654 0.0331267 0.256141
0 0.164972 0.160857 0.0156937 0.0383417 0.252752
0 0.0975771 0.220058 0.0217963 0.0412798 0.251245
0 0.737147 0.162931 0.0187708 0.0303575 0.250736
0 0.0110598 0.891198 0.0207566 0.0385715 0.250556
0 0.504119 0.857362 0.017831 0.0321221 0.250372
