0 0.31662 0.437154 0.0215495 0.0407887 0.701339
0 0.851289 0.579236 0.0221596 0.0391841 0.693689
0 0.930133 0.75064 0.0275707 0.0532043 0.684339
0 0.970765 0.849605 0.0280918 0.0478092 0.676673
0 0.844679 0.397717 0.0264549 0.0331633 0.673697
0 0.961514 0.376861 0.0242915 0.0395849 0.672026
0 0.106443 0.105683 0.021479 0.0336051 0.67131
0 0.571676 0.926048 0.0240929 0.0441203 0.665116
0 0.0309952 0.173275 0.0211125 0.035855 0.663611
0 0.888522 0.23992 0.0196552 0.0339223 0.662008
0 0.755326 0.931885 0.0322016 0.0481935 0.659754
0 0.41755 0.465277 0.0190023 0.043593 0.658016
0 0.841972 0.529385 0.0245876 0.0290124 0.657381
0 0.97046 0.794625 0.0321838 0.0377167 0.657201
0 0.873899 0.127466 0.017532 0.0379388 0.657068
0 0.726371 0.233102 0.0186408 0.0402933 0.654472
0 0.0524306 0.483978 0.0200414 0.0339927 0.65275
0 0.93646 0.531451 0.0226162 0.0319347 0.651154
0 0.222793 0.409732 0.0245175 0.0437388 0.647982
0 0.405964 0.592898 0.0212724 0.0329196 0.647833
0 0.0767182 0.777347 0.0201907 0.0386539 0.646583
0 0.0281296 0.279446 0.0223834 0.040612 0.645688
0 0.706745 0.0928005 0.0258366 0.0377512 0.645102
0 0.517206 0.700153 0.0207172 0.0397486 0.644241
0 0.824221 0.927582 0.0290016 0.0535681 0.642283
0 0.472279 0.409087 0.0224057 0.0356718 0.641884
0 0.779018 0.242816 0.0217233 0.0301592 0.640871
0 0.576063 0.597391 0.0193353 0.0377825 0.639711
0 0.426143 0.240992 0.0263865 0.0433188 0.638989
0 0.0401081 0.375173 0.0174897 0.0318063 0.638206
0 0.622127 0.474161 0.020606 0.0315312 0.636108
0 0.967856 0.650784 0.0177155 0.0334125 0.634452
0 0.817744 0.142592 0.0233604 0.0398696 0.633885
0 0.741161 0.202877 0.016337 0.0288117 0.632509
0 0.554817 0.0624698 0.0179972 0.0310033 0.631886
0 0.197946 0.475187 0.0191011 0.0341131 0.631328
0 0.960671 0.0417026 0.0179304 0.0347338 0.630921
0 0.393512 0.125573 0.017589 0.0287683 0.629025
0 0.40259 0.643285 0.0223676 0.0385493 0.628453
0 0.417685 0.885363 0.0147926 0.0312926 0.627758
0 0.626185 0.13203 0.0174336 0.0287729 0.627691
0 0.600548 0.617785 0.0217112 0.0344074 0.62672
0 0.483111 0.683727 0.0153288 0.0280115 0.625807
0 0.733621 0.672398 0.0154781 0.0269287 0.625527
0 0.903314 0.487625 0.0185516 0.0294624 0.625427
0 0.177371 0.35648 0.0153139 0.0292377 0.623838
0 0.0379632 0.453551 0.0174006 0.0310772 0.6238
0 0.269292 0.932082 0.0205225 0.0392847 0.623518
0 0.952256 0.952468 0.0254822 0.0416526 0.623007
0 0.644497 0.073601 0.0161936 0.0297664 0.622879
0 0.0107505 0.246802 0.0206849 0.0377171 0.622719
0 0.465796 0.462641 0.021944 0.0308362 0.622357
0 0.101709 0.436171 0.0172588 0.0391406 0.622125
0 0.614621 0.663009 0.0200657 0.0318389 0.621644
0 0.63963 0.435764 0.0215054 0.03421 0.621289
0 0.638016 0.506282 0.0257467 0.036427 0.621122
0 0.723913 0.391015 0.0239487 0.0401878 0.619944
0 0.0259362 0.49165 0.0186482 0.0359116 0.619778
0 0.369224 0.727845 0.0198584 0.0302399 0.619225
0 0.557172 0.882961 0.0164372 0.0317196 0.618601
0 0.239149 0.981453 0.0179299 0.0321951 0.618458
0 0.923567 0.13144 0.024073 0.0326685 0.618245
0 0.327267 0.325715 0.0182199 0.0409375 0.618049
0 0.142578 0.870466 0.0211962 0.0400184 0.616119
0 0.189706 0.389413 0.0145324 0.0267598 0.615681
0 0.467979 0.219443 0.0172537 0.0314185 0.613629
0 0.00760675 0.301131 0.015173 0.0535141 0.61355
0 0.982203 0.280891 0.0238743 0.040981 0.612915
0 0.396251 0.888874 0.0176444 0.034688 0.612445
0 0.901193 0.209617 0.0147874 0.0297215 0.611434
0 0.964472 0.567808 0.0199081 0.0348818 0.611323
0 0.0848842 0.15296 0.0186693 0.0329804 0.610414
0 0.901579 0.568624 0.0143831 0.0308529 0.608953
0 0.441542 0.387482 0.0212578 0.0388198 0.608147
0 0.356623 0.545956 0.0170196 0.0298848 0.607119
0 0.545064 0.362006 0.0243246 0.0332091 0.605898
0 0.544207 0.574314 0.0232736 0.0374937 0.605772
0 0.979244 0.0706331 0.0185747 0.0415889 0.605649
0 0.492253 0.723117 0.0210846 0.0395218 0.60427
0 0.102244 0.778016 0.0149147 0.0327094 0.604005
0 0.724356 0.168885 0.0194359 0.0330989 0.603381
0 0.532067 0.0179378 0.0211063 0.0350858 0.603217
0 0.761267 0.212547 0.0154942 0.0245424 0.602654
0 0.303012 0.15653 0.0222203 0.0430696 0.602466
0 0.0905242 0.0203951 0.0146409 0.0317219 0.602042
0 0.668872 0.73641 0.0227961 0.0470191 0.601553
0 0.874452 0.651663 0.0204703 0.0252916 0.599785
0 0.267048 0.747823 0.0193399 0.034393 0.599773
0 0.0497334 0.419904 0.0174948 0.0304796 0.599493
0 0.56155 0.710215 0.0211213 0.0378428 0.599437
0 0.226565 0.939889 0.0192025 0.033969 0.597189
0 0.0691165 0.655015 0.0191677 0.0337474 0.596926
0 0.242602 0.687744 0.0248446 0.050294 0.596768
0 0.214215 0.372848 0.0190053 0.0299099 0.596017
0 0.289877 0.723695 0.0191261 0.0356757 0.595528
0 0.369986 0.639153 0.0150415 0.030522 0.595059
0 0.989714 0.464043 0.0199169 0.0263887 0.595051
0 0.888345 0.0939273 0.0199284 0.0352409 0.594741
0 0.00757841 0.0612974 0.0150079 0.0305539 0.594459
0 0.661729 0.783395 0.0194036 0.0336978 0.593349
0 0.223652 0.330807 0.028339 0.0430451 0.593241
0 0.492346 0.962204 0.0201826 0.0315928 0.592867
0 0.772885 0.553545 0.0180126 0.0285489 0.59275
0 0.54096 0.118581 0.0238026 0.0298301 0.592611
0 0.679742 0.31267 0.0205522 0.0475084 0.591569
0 0.811546 0.26307 0.0200619 0.0313647 0.591194
0 0.103875 0.531922 0.0142752 0.0312463 0.591156
0 0.451968 0.961346 0.0160064 0.0307597 0.589837
0 0.354043 0.0419544 0.0166175 0.0294171 0.589309
0 0.142123 0.331258 0.0171427 0.0291907 0.588632
0 0.539744 0.689369 0.0202925 0.0366952 0.587688
0 0.621767 0.0176943 0.0213816 0.0319503 0.587527
0 0.239825 0.441512 0.0151278 0.026233 0.58731
0 0.124279 0.243231 0.0158709 0.0286353 0.586886
0 0.189357 0.11584 0.0143114 0.031552 0.586129
0 0.902616 0.455763 0.013353 0.0258411 0.584761
0 0.324141 0.39294 0.019879 0.0377109 0.584236
0 0.00699325 0.913154 0.0139865 0.0294983 0.583211
0 0.398839 0.49898 0.0211731 0.0375667 0.583149
0 0.0917172 0.204052 0.0218478 0.0387777 0.5826
0 0.442937 0.45599 0.0194401 0.0380978 0.582252
0 0.927471 0.283493 0.0213566 0.0388553 0.582238
0 0.697581 0.306568 0.0175581 0.0357002 0.581393
0 0.664988 0.0731123 0.0164419 0.0315592 0.5808
0 0.152097 0.0210161 0.0262947 0.041159 0.580603
0 0.461641 0.609774 0.0186314 0.0345214 0.580521
0 0.251782 0.150703 0.0191259 0.0362509 0.580126
0 0.158796 0.316381 0.016012 0.0284678 0.579099
0 0.449885 0.115999 0.0160783 0.032279 0.57897
0 0.869098 0.315628 0.0191856 0.0357246 0.578817
0 0.442246 0.698829 0.0175056 0.034499 0.577763
0 0.598413 0.492253 0.0184664 0.0295607 0.577612
0 0.96912 0.121948 0.0173042 0.0333978 0.577572
0 0.347242 0.687002 0.0162633 0.0318073 0.576902
0 0.160752 0.152552 0.0202661 0.0349164 0.576532
0 0.479452 0.0703269 0.0197196 0.0334816 0.576231
0 0.182744 0.253027 0.0154483 0.0279238 0.575953
0 0.0716765 0.201951 0.0131761 0.0271453 0.575709
0 0.992008 0.221726 0.015984 0.0349934 0.575437
0 0.513243 0.114858 0.0244394 0.0359076 0.575012
0 0.451474 0.255186 0.0186662 0.0297397 0.574608
0 0.87457 0.950157 0.0177139 0.0297465 0.574348
0 0.685595 0.589954 0.0218864 0.0358242 0.573548
0 0.403199 0.379449 0.0143007 0.0238668 0.573311
0 0.994063 0.853554 0.0118738 0.0444004 0.57249
0 0.600877 0.711546 0.0241138 0.0249737 0.571399
0 0.756454 0.444781 0.0157043 0.0299834 0.57131
0 0.953777 0.414035 0.0145573 0.024138 0.570611
0 0.471693 0.352428 0.0174374 0.0348768 0.570096
0 0.181259 0.436197 0.0253586 0.0464728 0.569556
0 0.51622 0.398065 0.0160587 0.0337413 0.568378
0 0.0678618 0.453229 0.0164923 0.0284875 0.567844
0 0.92057 0.227037 0.0238285 0.03385 0.567342
0 0.856416 0.237406 0.0246017 0.0306894 0.567302
0 0.86607 0.413398 0.0170994 0.0306233 0.566249
0 0.36855 0.154276 0.0169041 0.0256715 0.565269
0 0.244247 0.115886 0.0145772 0.0250319 0.56503
0 0.123133 0.798553 0.0189967 0.0324639 0.564473
0 0.481657 0.61078 0.0197041 0.0324049 0.564399
0 0.945512 0.248595 0.0254406 0.0312235 0.563275
0 0.264612 0.238545 0.0141728 0.0327079 0.563141
0 0.0913203 0.250261 0.0151379 0.0270113 0.56205
0 0.0575308 0.193735 0.0125107 0.0252243 0.560926
0 0.772564 0.056434 0.0226692 0.0391518 0.560679
0 0.468792 0.710951 0.0157665 0.0257724 0.560228
0 0.386692 0.341762 0.0174196 0.0351449 0.559465
0 0.252078 0.840811 0.0136184 0.0277998 0.559434
0 0.281842 0.969089 0.0166937 0.0312064 0.559182
0 0.89364 0.860002 0.0201593 0.0379535 0.558664
0 0.836302 0.688574 0.0190319 0.0401306 0.55627
0 0.667123 0.240391 0.0196879 0.0405732 0.555631
0 0.678171 0.369907 0.0251475 0.0385781 0.555006
0 0.487197 0.861675 0.0164577 0.0310072 0.554958
0 0.125222 0.550185 0.0202198 0.0371241 0.554857
0 0.621137 0.944345 0.0166311 0.0385837 0.554756
0 0.684709 0.0492297 0.0170696 0.0310339 0.554531
0 0.791561 0.681941 0.0135972 0.0305617 0.553745
0 0.168191 0.836845 0.0209139 0.0409288 0.553574
0 0.65872 0.646748 0.0164879 0.0324473 0.552969
0 0.0049607 0.180746 0.00985908 0.0372888 0.552883
0 0.19976 0.526465 0.0140516 0.0303017 0.552387
0 0.539874 0.759778 0.02006 0.0437718 0.551465
0 0.0427628 0.866643 0.0188334 0.0307139 0.551372
0 0.97412 0.700066 0.0178645 0.0335707 0.551345
0 0.544712 0.451046 0.0202466 0.0406486 0.551299
0 0.404914 0.218468 0.0114059 0.0251815 0.550742
0 0.0269122 0.0262428 0.0164446 0.030844 0.550732
0 0.909301 0.166921 0.0145042 0.0265242 0.550645
0 0.559832 0.6166 0.0185877 0.0317654 0.549162
0 0.453091 0.841843 0.0142269 0.0309817 0.548596
0 0.591359 0.191578 0.0176777 0.037864 0.547785
0 0.59032 0.248678 0.0196154 0.0353514 0.547527
0 0.728741 0.497464 0.0192018 0.0282069 0.546392
0 0.942005 0.501767 0.0240311 0.0225145 0.546243
0 0.384179 0.072161 0.0307766 0.0448173 0.545935
0 0.964353 0.483324 0.0154999 0.0283398 0.54467
0 0.435564 0.883784 0.0141678 0.0293018 0.542947
0 0.109298 0.154361 0.0189546 0.0372444 0.542712
0 0.0143593 0.158411 0.0127896 0.0220356 0.542027
0 0.319131 0.0700297 0.0168311 0.0341011 0.54195
0 0.931464 0.394053 0.0282444 0.0309813 0.541288
0 0.370692 0.214408 0.0141481 0.0315526 0.541054
0 0.528005 0.0787495 0.0250813 0.0413589 0.54075
0 0.890721 0.17085 0.0156425 0.0261967 0.540367
0 0.0664945 0.909151 0.0156147 0.0282601 0.539906
0 0.927607 0.175028 0.015448 0.032666 0.539665
0 0.289604 0.567415 0.0144141 0.0257766 0.53807
0 0.154105 0.914949 0.0165819 0.0366079 0.537745
0 0.570722 0.16883 0.0194548 0.033657 0.536454
0 0.279148 0.883938 0.0171114 0.0311973 0.536059
0 0.225804 0.63352 0.0146873 0.0283752 0.535723
0 0.0179956 0.542701 0.016829 0.0294902 0.535552
0 0.428848 0.128168 0.0174528 0.0311208 0.535421
0 0.419854 0.0183414 0.0206223 0.0341334 0.534691
0 0.954426 0.894564 0.0228462 0.0302924 0.534405
0 0.816427 0.503875 0.0196495 0.0257367 0.532609
0 0.562591 0.418091 0.0131859 0.0319439 0.53102
0 0.903866 0.119124 0.0164585 0.0310325 0.530399
0 0.37081 0.0204443 0.0167422 0.0332207 0.530256
0 0.0466417 0.094162 0.0147697 0.0280399 0.530248
0 0.0531577 0.239598 0.0221174 0.031977 0.529194
0 0.559985 0.242994 0.0193877 0.0323586 0.52893
0 0.110481 0.0650629 0.0158545 0.034071 0.528283
0 0.086183 0.100686 0.0170416 0.0367144 0.528245
0 0.80459 0.0441762 0.018008 0.031733 0.527451
0 0.853673 0.677891 0.0138439 0.0258478 0.526873
0 0.938231 0.362785 0.0162205 0.0225562 0.526632
0 0.751981 0.406473 0.0174315 0.0291848 0.525551
0 0.894712 0.294039 0.0146685 0.0235934 0.524254
0 0.0769387 0.522631 0.0149278 0.025055 0.522452
0 0.0904083 0.559335 0.0160215 0.0323512 0.522116
0 0.717113 0.837763 0.019459 0.0380585 0.522115
0 0.0918998 0.069536 0.0117259 0.024737 0.521691
0 0.991873 0.109601 0.016254 0.0540885 0.521408
0 0.612572 0.0517282 0.0221649 0.0253155 0.521276
0 0.383223 0.700058 0.010805 0.0243698 0.519599
0 0.37963 0.760934 0.0168147 0.0318163 0.517908
0 0.393679 0.161469 0.0216274 0.0377202 0.517423
0 0.355008 0.119854 0.017138 0.0332767 0.516609
0 0.118146 0.0173604 0.0219562 0.034026 0.516546
0 0.0379228 0.31933 0.0143302 0.0342802 0.515437
0 0.122211 0.837086 0.0204029 0.0308577 0.515064
0 0.515006 0.973235 0.0145004 0.0290473 0.514377
0 0.749189 0.541312 0.018896 0.0248733 0.513624
0 0.533607 0.16261 0.0207082 0.0372116 0.513307
0 0.0277978 0.213721 0.0148498 0.0277687 0.512661
0 0.0665016 0.355598 0.0130507 0.0318548 0.510024
0 0.0785805 0.277157 0.0140393 0.0219861 0.509558
0 0.111644 0.299498 0.0214068 0.0413713 0.509183
0 0.682194 0.874435 0.0159761 0.0273509 0.509174
0 0.620315 0.826371 0.0148529 0.0291507 0.509173
0 0.780041 0.177269 0.0236947 0.0329996 0.508293
0 0.492547 0.485013 0.0227701 0.0355503 0.506871
0 0.0727465 0.607864 0.0173107 0.0313498 0.505421
0 0.38227 0.93986 0.0174681 0.0253702 0.503497
0 0.424175 0.628343 0.0148882 0.0254744 0.501968
0 0.0231066 0.699423 0.0159638 0.0319102 0.501661
0 0.143737 0.0818326 0.0241495 0.0445171 0.50149
0 0.352031 0.952817 0.0172192 0.0348381 0.500782
0 0.421526 0.354936 0.0207275 0.0331986 0.499988
0 0.722052 0.905281 0.0228354 0.0443119 0.499893
0 0.802883 0.234346 0.0168735 0.0279242 0.497926
0 0.0638438 0.828539 0.0128395 0.0290895 0.494517
0 0.435272 0.829477 0.0118435 0.0284222 0.493569
0 0.287881 0.805085 0.0174355 0.031029 0.493481
0 0.97617 0.342638 0.0166378 0.0266071 0.493067
0 0.635304 0.260786 0.0289139 0.0479596 0.491478
0 0.0317188 0.96478 0.0134214 0.0264937 0.491254
0 0.636951 0.599205 0.023254 0.0385509 0.490858
0 0.0698755 0.0378423 0.0141072 0.0236606 0.490337
0 0.190713 0.315173 0.0188632 0.0320694 0.488889
0 0.57017 0.34052 0.0138 0.029088 0.488818
0 0.713754 0.73257 0.0335526 0.0381161 0.488495
0 0.204213 0.563548 0.0140555 0.0247973 0.488343
0 0.478362 0.913485 0.0290703 0.0447862 0.487965
0 0.0539163 0.932086 0.0157448 0.0325731 0.486414
0 0.174975 0.0612257 0.017726 0.0367126 0.485875
0 0.602849 0.903481 0.0213255 0.0374478 0.485031
0 0.509825 0.299413 0.0203393 0.0412554 0.48429
0 0.119927 0.678648 0.0137895 0.0228404 0.484113
0 0.295356 0.111316 0.0230746 0.0349903 0.483681
0 0.523033 0.459559 0.015465 0.0293321 0.483301
0 0.427645 0.764765 0.0161064 0.0310092 0.482944
0 0.451709 0.769068 0.0154841 0.0292214 0.482473
0 0.46987 0.75618 0.0155226 0.0292823 0.482232
0 0.35557 0.901146 0.0153152 0.0217784 0.482162
0 0.85712 0.0219918 0.0295536 0.0437879 0.481239
0 0.0681534 0.568153 0.0143711 0.0241589 0.480429
0 0.335356 0.0537621 0.0138031 0.0281804 0.479826
0 0.880629 0.435589 0.0153191 0.0226537 0.479734
0 0.354404 0.234789 0.0228573 0.0354303 0.478793
0 0.854944 0.739746 0.0163311 0.028309 0.478004
0 0.265255 0.631086 0.0163581 0.0343687 0.477398
0 0.405345 0.555098 0.0139929 0.0236399 0.476851
0 0.179953 0.887342 0.0203166 0.0432888 0.476111
0 0.503805 0.431891 0.018621 0.0320548 0.475843
0 0.179668 0.925536 0.0157126 0.026308 0.475105
0 0.262551 0.089955 0.0184895 0.0356633 0.474788
0 0.689463 0.42557 0.0228722 0.0409565 0.474375
0 0.198435 0.347247 0.0145594 0.0287334 0.472829
0 0.964141 0.438137 0.0119884 0.0185757 0.472154
0 0.354071 0.403587 0.0223106 0.0446276 0.471595
0 0.644048 0.989711 0.0196025 0.0197971 0.470781
0 0.335409 0.0901818 0.0163267 0.0252605 0.470115
0 0.760657 0.620709 0.0164191 0.0264628 0.469851
0 0.297912 0.911708 0.020624 0.0386844 0.469113
0 0.163735 0.463237 0.0111976 0.0296565 0.4689
0 0.253839 0.0169806 0.021769 0.0331268 0.467696
0 0.781181 0.124505 0.0150355 0.0356231 0.46698
0 0.140292 0.131141 0.0142222 0.0255208 0.466397
0 0.954263 0.152427 0.0253975 0.0475162 0.46582
0 0.842251 0.195917 0.0189747 0.0317941 0.465417
0 0.200894 0.939163 0.0172226 0.0329485 0.464906
0 0.242511 0.639033 0.0178324 0.0364002 0.46487
0 0.168136 0.105003 0.016442 0.0329182 0.463506
0 0.902671 0.763524 0.018272 0.0275747 0.462309
0 0.182106 0.0244906 0.0161261 0.0195628 0.461491
0 0.165358 0.274608 0.0151139 0.0364834 0.460574
0 0.27241 0.287681 0.0232004 0.0412081 0.458633
0 0.238791 0.242194 0.0222697 0.0304762 0.457482
0 0.85004 0.151343 0.0222544 0.0320375 0.457482
0 0.0562503 0.713724 0.012966 0.0250536 0.457412
0 0.332492 0.841682 0.0124009 0.0242276 0.456286
0 0.0585987 0.855698 0.0126067 0.0212884 0.455734
0 0.125394 0.425549 0.0147246 0.0336058 0.454136
0 0.366016 0.967948 0.0165817 0.0363024 0.453414
0 0.263921 0.378066 0.0234365 0.0476228 0.452499
0 0.54065 0.917827 0.022204 0.0337684 0.452329
0 0.640271 0.205666 0.0248714 0.0425996 0.451152
0 0.883067 0.698035 0.0149902 0.0250418 0.451079
0 0.429181 0.193919 0.021887 0.0348118 0.450787
0 0.539518 0.263488 0.0219028 0.0315858 0.450523
0 0.918029 0.086037 0.0182983 0.0400946 0.450301
0 0.850998 0.947159 0.0142731 0.0202441 0.449208
0 0.983862 0.285719 0.0264107 0.0331768 0.447841
0 0.738788 0.466312 0.0148376 0.0229563 0.447665
0 0.7385 0.574147 0.017644 0.0343463 0.446964
0 0.265298 0.476986 0.0200381 0.0311759 0.446388
0 0.767736 0.38714 0.0115282 0.0209641 0.445624
0 0.172328 0.670251 0.0126403 0.0284371 0.445033
0 0.0128784 0.59318 0.0160073 0.0271782 0.445026
0 0.489103 0.169508 0.0152027 0.0299226 0.444352
0 0.45641 0.177421 0.0273098 0.0453233 0.444109
0 0.037097 0.52261 0.0128493 0.0294434 0.442801
0 0.337251 0.981833 0.0156106 0.0339532 0.442248
0 0.516284 0.512084 0.0177982 0.0258321 0.442146
0 0.0739385 0.702106 0.0144042 0.0365129 0.441083
0 0.517628 0.836635 0.0280571 0.0461555 0.440991
0 0.0592071 0.0551815 0.0106592 0.0221952 0.435984
0 0.524978 0.627384 0.0244324 0.0385632 0.435877
0 0.123844 0.343256 0.0148214 0.0325419 0.435799
0 0.00456962 0.130941 0.00908827 0.0393114 0.435686
0 0.279394 0.837933 0.0149676 0.0298543 0.435046
0 0.731616 0.428568 0.0198078 0.0196985 0.434799
0 0.384831 0.454876 0.0204748 0.0398288 0.434212
0 0.699386 0.134969 0.0171406 0.0204939 0.433321
0 0.814859 0.0888328 0.0205805 0.0367538 0.432733
0 0.371119 0.302264 0.0163931 0.0339974 0.432625
0 0.441615 0.621027 0.0154236 0.0259949 0.432514
0 0.329791 0.123579 0.013254 0.0360676 0.432398
0 0.407663 0.253039 0.0128708 0.0277419 0.432394
0 0.931062 0.918331 0.0218617 0.0298543 0.432362
0 0.666451 0.539164 0.0134413 0.0247554 0.432206
0 0.101889 0.908332 0.0176062 0.0309613 0.43155
0 0.738851 0.0890689 0.0212275 0.0393416 0.430362
0 0.93935 0.0565221 0.0204987 0.038073 0.429382
0 0.746865 0.747784 0.0187934 0.0374349 0.427555
0 0.700696 0.551612 0.0151768 0.0260607 0.426891
0 0.558126 0.965091 0.0142015 0.0254148 0.426546
0 0.724431 0.946665 0.0171277 0.0250651 0.426159
0 0.0465733 0.593123 0.0139143 0.0249966 0.425187
0 0.495546 0.326975 0.0147275 0.0246763 0.424018
0 0.995141 0.650842 0.0097189 0.0343803 0.421301
0 0.353245 0.0763694 0.015167 0.0262428 0.421021
0 0.17813 0.225013 0.0122479 0.0206928 0.420351
0 0.308638 0.710898 0.0142768 0.0258357 0.419954
0 0.208425 0.831543 0.0199529 0.0359164 0.418339
0 0.682382 0.775952 0.018088 0.0285424 0.417829
0 0.0407479 0.200822 0.0110475 0.022337 0.416621
0 0.238234 0.774857 0.0229547 0.0462531 0.416069
0 0.327933 0.205327 0.0143514 0.0278508 0.414946
0 0.421836 0.695795 0.0130682 0.0272641 0.414789
0 0.0914523 0.87406 0.018396 0.0351695 0.414159
0 0.126953 0.0493944 0.0167725 0.0322682 0.413124
0 0.0944748 0.352542 0.0182154 0.0312398 0.412939
0 0.640242 0.86263 0.0172748 0.0250472 0.41193
0 0.649671 0.155216 0.0180542 0.0221942 0.411653
0 0.247613 0.376331 0.0141292 0.0328033 0.411475
0 0.160641 0.210269 0.0143041 0.0297162 0.409019
0 0.414795 0.134095 0.0092083 0.0317707 0.408364
0 0.198156 0.195141 0.0161288 0.0265907 0.4083
0 0.0186204 0.637973 0.0150441 0.0358091 0.40629
0 0.39236 0.840154 0.0124518 0.0264869 0.406143
0 0.581624 0.890539 0.0156582 0.0245989 0.405781
0 0.877659 0.59837 0.0164533 0.0266654 0.405023
0 0.349232 0.865368 0.0175124 0.0268684 0.403792
0 0.312774 0.750833 0.0159742 0.0280368 0.40295
0 0.291589 0.760984 0.012875 0.0250997 0.402777
0 0.558819 0.017894 0.0217653 0.0352999 0.402368
0 0.0209423 0.355568 0.0236872 0.0480193 0.402249
0 0.579464 0.409557 0.0194576 0.0394355 0.401886
0 0.159461 0.147621 0.0218789 0.0431494 0.401534
0 0.0216349 0.895789 0.0130815 0.0253564 0.401424
0 0.0516191 0.327655 0.0135525 0.0289689 0.40086
0 0.344587 0.333348 0.0188108 0.0387848 0.399939
0 0.342944 0.621217 0.0158461 0.0300213 0.399134
0 0.240221 0.768787 0.0222929 0.0391581 0.39719
0 0.112965 0.659312 0.019995 0.0318234 0.396801
0 0.849802 0.110859 0.0230343 0.0388474 0.396288
0 0.623746 0.617827 0.011319 0.0220817 0.395937
0 0.42457 0.534271 0.0153124 0.0299492 0.395842
0 0.716341 0.0371614 0.0156093 0.0334241 0.395059
0 0.462959 0.0343295 0.0238531 0.0461717 0.39298
0 0.954882 0.291486 0.018082 0.0317817 0.392657
0 0.24519 0.550361 0.0212343 0.0332089 0.39176
0 0.53459 0.954529 0.0200373 0.0277547 0.391628
0 0.174205 0.492611 0.0124467 0.0213932 0.390713
0 0.180722 0.704521 0.0146897 0.0239714 0.389973
0 0.417273 0.802955 0.0134865 0.0194763 0.388319
0 0.0427618 0.0665971 0.0152544 0.0260052 0.38778
0 0.527817 0.343023 0.0157818 0.0355989 0.384879
0 0.512595 0.165943 0.0171934 0.0346441 0.383863
0 0.944601 0.104882 0.0168213 0.0325669 0.383712
0 0.456084 0.527939 0.0219717 0.0378543 0.383624
0 0.509488 0.90547 0.025935 0.0388909 0.382621
0 0.324717 0.175117 0.0130164 0.0255442 0.382441
0 0.291136 0.441467 0.0238005 0.0442997 0.381058
0 0.0429207 0.55894 0.0135043 0.026062 0.379667
0 0.0113308 0.473981 0.0173523 0.0316371 0.379317
0 0.180896 0.629486 0.0162503 0.0292467 0.378324
0 0.453337 0.729689 0.0139392 0.0270996 0.377686
0 0.0271385 0.133073 0.0218258 0.036895 0.3761
0 0.637506 0.698027 0.024944 0.0538819 0.375553
0 0.772004 0.465375 0.0190961 0.0289299 0.374657
0 0.401069 0.759099 0.0142715 0.0287014 0.373497
0 0.716593 0.349274 0.0120892 0.0198461 0.373072
0 0.767977 0.137719 0.0139276 0.0310714 0.371224
0 0.0386019 0.932455 0.0117619 0.0267863 0.370989
0 0.698823 0.266009 0.0104577 0.0214118 0.370978
0 0.793367 0.781262 0.0240395 0.0459178 0.370228
0 0.550625 0.31382 0.0195066 0.0369631 0.369949
0 0.942066 0.336592 0.0165362 0.0298608 0.364471
0 0.420084 0.403339 0.0138477 0.0287984 0.364226
0 0.12656 0.173714 0.02664 0.0378231 0.363412
0 0.077621 0.307818 0.015538 0.0301349 0.36318
0 0.200137 0.861397 0.0155011 0.0250526 0.363114
0 0.445383 0.0738622 0.0190191 0.0363284 0.363046
0 0.915587 0.976324 0.0125156 0.030228 0.36274
0 0.628963 0.376466 0.0202047 0.0311325 0.362656
0 0.231274 0.0689609 0.0173172 0.036216 0.362
0 0.754669 0.0166495 0.0191243 0.0310863 0.360886
0 0.923713 0.945729 0.0212301 0.0224229 0.360272
0 0.797671 0.12595 0.0145945 0.0301618 0.35991
0 0.147042 0.403704 0.0143848 0.0250869 0.359564
0 0.255732 0.961481 0.011805 0.023666 0.359475
0 0.101015 0.0463287 0.0162557 0.0249445 0.359147
0 0.995938 0.966154 0.00812321 0.0192126 0.358613
0 0.852252 0.114593 0.0202467 0.0339496 0.358027
0 0.876791 0.732674 0.0203397 0.0347029 0.356941
0 0.984293 0.386314 0.0151268 0.0263287 0.355884
0 0.608039 0.176382 0.0194157 0.0356206 0.355831
0 0.328089 0.721621 0.0120173 0.0227376 0.354989
0 0.937686 0.39399 0.0173733 0.0298768 0.35475
0 0.126741 0.126404 0.0107358 0.0236642 0.353739
0 0.153206 0.44375 0.0156264 0.0320567 0.352527
0 0.721469 0.571181 0.0170432 0.0327493 0.351771
0 0.38833 0.457937 0.016884 0.0375183 0.351656
0 0.192433 0.731744 0.019367 0.0317139 0.351428
0 0.144844 0.367379 0.0136484 0.0301159 0.351183
0 0.0283891 0.109196 0.0201529 0.0320926 0.348399
0 0.309176 0.56309 0.0180968 0.0259555 0.348086
0 0.589232 0.0462357 0.0139306 0.0176914 0.347679
0 0.991536 0.54245 0.0166286 0.0195146 0.347012
0 0.184755 0.517471 0.0159731 0.0297505 0.345502
0 0.0584829 0.686177 0.0131012 0.02394 0.345034
0 0.0895407 0.982405 0.0138642 0.0310247 0.34427
0 0.576208 0.978463 0.0183981 0.0317317 0.343588
0 0.414579 0.174092 0.0185055 0.0323084 0.341622
0 0.854874 0.117754 0.0173788 0.0295166 0.34153
0 0.465986 0.117501 0.0161001 0.0260529 0.34101
0 0.256522 0.441879 0.0168749 0.0309457 0.340847
0 0.161793 0.266986 0.021771 0.0470052 0.340685
0 0.381444 0.378857 0.0182075 0.026141 0.340356
0 0.492609 0.362173 0.0204597 0.0283627 0.340336
0 0.915308 0.34161 0.0137733 0.0186494 0.33933
0 0.0115789 0.162302 0.0125845 0.0178827 0.339083
0 0.362697 0.585418 0.0134929 0.0247957 0.336978
0 0.383622 0.582072 0.0157582 0.0282166 0.33656
0 0.228313 0.161716 0.0182095 0.0316503 0.33466
0 0.178596 0.181794 0.0139445 0.0221382 0.334646
0 0.34337 0.796751 0.0202843 0.0314366 0.333186
0 0.830927 0.801107 0.0182789 0.0315459 0.332365
0 0.785461 0.521437 0.0157678 0.0316178 0.330866
0 0.636151 0.0398429 0.0149773 0.0300816 0.330574
0 0.00886118 0.77789 0.0167679 0.0248147 0.32897
0 0.190921 0.597385 0.0154574 0.0309131 0.325579
0 0.26536 0.128742 0.0133136 0.02007 0.325469
0 0.899219 0.657544 0.0133162 0.0173583 0.324878
0 0.778024 0.465789 0.0180138 0.029391 0.324343
0 0.28106 0.0529186 0.0170021 0.0349815 0.323998
0 0.337815 0.276949 0.0146233 0.0275184 0.323306
0 0.64176 0.0377171 0.0188599 0.0335641 0.322139
0 0.2522 0.589828 0.016656 0.0366556 0.321948
0 0.974627 0.890885 0.0117039 0.0210493 0.321657
0 0.248702 0.277556 0.015202 0.0319242 0.320995
0 0.782747 0.465254 0.0151484 0.0308531 0.320263
0 0.664118 0.0450244 0.0133141 0.0206335 0.32017
0 0.733243 0.3216 0.022493 0.0529017 0.318808
0 0.512076 0.0293854 0.0134424 0.025479 0.3186
0 0.68033 0.668828 0.0140554 0.0156355 0.317101
0 0.406283 0.053876 0.00880941 0.026438 0.316628
0 0.100199 0.844962 0.0123934 0.0268731 0.315028
0 0.249499 0.271817 0.0150315 0.0337516 0.314118
0 0.401998 0.698892 0.0159737 0.0264361 0.31354
0 0.00368115 0.96226 0.00732103 0.0321509 0.313527
0 0.0290845 0.82742 0.0174854 0.0277729 0.313501
0 0.390068 0.227281 0.0160261 0.0274978 0.312968
0 0.818184 0.622278 0.0153404 0.0255025 0.312577
0 0.832407 0.0612122 0.024176 0.0362412 0.311116
0 0.0769899 0.703852 0.0198313 0.040478 0.310177
0 0.931735 0.990211 0.0166672 0.0185678 0.309297
0 0.692496 0.490369 0.0246088 0.0376742 0.306704
0 0.0369808 0.783625 0.014703 0.0181769 0.305405
0 0.813251 0.65953 0.0153675 0.0315952 0.304335
0 0.267098 0.694768 0.0159931 0.0327423 0.303954
0 0.109232 0.478894 0.0136432 0.0270599 0.303769
0 0.0751424 0.242537 0.0130471 0.0228394 0.302716
0 0.0559916 0.143897 0.0152703 0.0346294 0.302481
0 0.0847994 0.70764 0.0199214 0.0392161 0.301088
0 0.327701 0.640237 0.0155791 0.0260151 0.301067
0 0.0283821 0.115761 0.021461 0.0427703 0.300913
0 0.949697 0.337123 0.0273832 0.0332274 0.300013
0 0.743658 0.176425 0.0169249 0.0263543 0.299142
0 0.404944 0.0548272 0.00899887 0.0253134 0.298101
0 0.70288 0.228378 0.0265701 0.0456015 0.29653
0 0.740799 0.0926083 0.019393 0.0331091 0.295926
0 0.471931 0.83376 0.0134364 0.0255246 0.29552
0 0.149747 0.677257 0.0199635 0.032713 0.294546
0 0.107468 0.0624058 0.0205152 0.0379798 0.293911
0 0.360367 0.77883 0.0177794 0.0377085 0.293709
0 0.511406 0.833153 0.0198854 0.0409793 0.293604
0 0.146264 0.501855 0.0260125 0.0480381 0.293266
0 0.143394 0.974707 0.0161046 0.0273587 0.292441
0 0.151192 0.945772 0.0125684 0.0218119 0.292147
0 0.450757 0.573252 0.0156469 0.0289722 0.291192
0 0.845469 0.858631 0.0293594 0.0530624 0.29025
0 0.103361 0.70854 0.0148403 0.0283039 0.289409
0 0.396155 0.795509 0.0184464 0.0270979 0.289328
0 0.121886 0.193288 0.0266158 0.0442201 0.28868
0 0.085519 0.501233 0.018958 0.0272118 0.28859
0 0.352691 0.192785 0.0153575 0.0307116 0.286867
0 0.05983 0.537609 0.0165691 0.0276978 0.286536
0 0.334224 0.897787 0.0143346 0.022167 0.285447
0 0.28795 0.0186469 0.0184687 0.0297616 0.284844
0 0.891939 0.0583167 0.0177345 0.0302997 0.283084
0 0.170288 0.604924 0.0111641 0.0228758 0.282464
0 0.517829 0.765042 0.0190364 0.0262503 0.282247
0 0.123187 0.185223 0.0281674 0.0610726 0.282016
0 0.845933 0.782866 0.0108047 0.0212964 0.281882
0 0.194053 0.278369 0.0142965 0.0208546 0.280915
0 0.355093 0.420216 0.0201597 0.0411279 0.280362
0 0.750649 0.501495 0.0164019 0.027089 0.280356
0 0.537793 0.530252 0.0200861 0.03769 0.279732
0 0.30902 0.0258654 0.0150524 0.031953 0.278546
0 0.117128 0.953836 0.0143021 0.025789 0.277695
0 0.383176 0.985651 0.0139955 0.0260316 0.277262
0 0.368745 0.216496 0.0136833 0.0309409 0.277043
0 0.928419 0.323281 0.0128162 0.0222015 0.276857
0 0.104304 0.486047 0.0193301 0.0345459 0.275479
0 0.163855 0.383548 0.0090095 0.0242238 0.275407
0 0.261635 0.335273 0.0193967 0.03015 0.273398
0 0.737472 0.0823673 0.023068 0.0513727 0.271341
0 0.0551823 0.528636 0.0165575 0.0226338 0.269791
0 0.0028484 0.652955 0.00567911 0.0330219 0.268935
0 0.978355 0.534169 0.0193401 0.0278563 0.268683
0 0.299022 0.956102 0.0094326 0.0246739 0.26634
0 0.993763 0.725967 0.0124733 0.0461182 0.266167
0 0.0472489 0.964149 0.0141245 0.0222132 0.265186
0 0.21503 0.164312 0.0102647 0.0266312 0.265167
0 0.247603 0.323943 0.0124941 0.0336108 0.264037
0 0.319029 0.270735 0.0149846 0.030879 0.263454
0 0.316182 0.945683 0.0185383 0.0291111 0.262603
0 0.200281 0.349172 0.0158257 0.0330575 0.26237
0 0.296511 0.601493 0.0131045 0.0265745 0.261424
0 0.487494 0.228697 0.021039 0.0384502 0.261191
0 0.305665 0.683747 0.0190091 0.0299249 0.260836
0 0.116677 0.869804 0.0215951 0.0312731 0.259989
0 0.315223 0.0277874 0.0229404 0.028957 0.259339
0 0.82507 0.188259 0.0146118 0.0362179 0.259312
0 0.0171018 0.863116 0.0171634 0.028118 0.258782
0 0.621351 0.858947 0.0180625 0.0279799 0.258674
0 0.65795 0.344167 0.0135618 0.0255263 0.258152
0 0.103329 0.0486349 0.0158868 0.0232302 0.257935
0 0.00492732 0.423063 0.0097841 0.0284224 0.257935
0 0.0141291 0.477294 0.013278 0.030567 0.25673
0 0.209186 0.891843 0.0174388 0.0307546 0.255647
0 0.684688 0.489197 0.0384206 0.0399668 0.25511
0 0.592673 0.655634 0.0161243 0.0363391 0.254832
0 0.217011 0.693712 0.0175651 0.0401035 0.253957
0 0.159297 0.262748 0.0251321 0.0451062 0.253775
0 0.787864 0.462819 0.0159965 0.033489 0.25333
0 0.733633 0.0389812 0.0150229 0.025687 0.252464
0 0.951486 0.159667 0.0253683 0.0490352 0.252327
0 0.706988 0.612776 0.0195644 0.0210466 0.251609
0 0.0940402 0.0693503 0.00964489 0.0258367 0.251023
0 0.355519 0.192534 0.0184638 0.0298894 0.250617
0 0.214548 0.122251 0.0164018 0.0286398 0.25053
0 0.665949 0.539254 0.016998 0.0288422 0.250481
0 0.514017 0.763613 0.0226565 0.0269999 0.250125
