0 0.114361 0.611489 0.027965 0.0664871 0.727372
0 0.137896 0.825195 0.0294438 0.057363 0.716298
0 0.0104865 0.420457 0.0208939 0.0387065 0.701434
0 0.165029 0.818957 0.0212292 0.0484629 0.70088
0 0.0994983 0.527589 0.0289327 0.0571695 0.696384
0 0.332315 0.580396 0.0249342 0.0418362 0.688083
0 0.510857 0.178096 0.0211763 0.0367715 0.68649
0 0.39727 0.133783 0.0227552 0.0332714 0.686359
0 0.948053 0.334094 0.028639 0.0530782 0.685289
0 0.0366246 0.763642 0.0322485 0.0541911 0.6829
0 0.0693315 0.47597 0.0210481 0.0349223 0.682779
0 0.537241 0.914491 0.0232462 0.049117 0.679246
0 0.537416 0.410708 0.0217717 0.0392744 0.67804
0 0.971243 0.432072 0.0230583 0.0453979 0.676926
0 0.211624 0.562222 0.0186472 0.0365021 0.67483
0 0.00811465 0.552815 0.0162293 0.0351705 0.671912
0 0.846452 0.731361 0.0218924 0.0418603 0.670852
0 0.569082 0.837002 0.0186331 0.0342797 0.668936
0 0.535872 0.832519 0.0199255 0.0352393 0.666871
0 0.172402 0.679251 0.0172912 0.0354263 0.666169
0 0.844956 0.426824 0.0221531 0.0415717 0.665216
0 0.520049 0.685553 0.0226528 0.0353519 0.6645
0 0.641146 0.683187 0.0198438 0.03548 0.663535
0 0.0537723 0.871105 0.0248561 0.0450585 0.662097
0 0.512412 0.424964 0.0180938 0.0328148 0.661213
0 0.178062 0.499962 0.0252824 0.039205 0.660959
0 0.748047 0.142821 0.0243684 0.0387769 0.659606
0 0.180523 0.17924 0.0192513 0.0346738 0.658925
0 0.0273704 0.201221 0.0176154 0.0336531 0.658736
0 0.826068 0.549537 0.0239285 0.045184 0.656622
0 0.725956 0.387609 0.0270832 0.0538661 0.656536
0 0.224143 0.799242 0.0193678 0.0283232 0.65593
0 0.968064 0.478814 0.0190132 0.0316481 0.654696
0 0.784596 0.862367 0.0227315 0.0419003 0.654584
0 0.55577 0.134283 0.018968 0.0359779 0.653956
0 0.25262 0.707973 0.0215332 0.0425848 0.653735
0 0.645781 0.47357 0.0184214 0.0353436 0.65333
0 0.304782 0.591412 0.0216112 0.0371226 0.653085
0 0.581727 0.0336475 0.0194527 0.0330082 0.652368
0 0.922888 0.183611 0.0226398 0.0326564 0.651774
0 0.0712487 0.90519 0.0213025 0.0374352 0.651521
0 0.0246364 0.901587 0.0271547 0.0464046 0.650846
0 0.698226 0.66828 0.0213257 0.0379077 0.649597
0 0.128676 0.486468 0.0205633 0.0411223 0.649582
0 0.123807 0.759834 0.0304822 0.0654124 0.647381
0 0.535148 0.190626 0.0162115 0.0321023 0.647092
0 0.491979 0.688883 0.0242912 0.0454881 0.646933
0 0.593955 0.450514 0.0200789 0.0421737 0.644997
0 0.961249 0.687919 0.0217823 0.0393038 0.644907
0 0.0498835 0.94367 0.0220818 0.0398702 0.644271
0 0.74817 0.415724 0.0211157 0.0403171 0.642839
0 0.696595 0.378151 0.0227369 0.0422266 0.640793
0 0.087911 0.582247 0.0188921 0.0396839 0.639264
0 0.288846 0.0748286 0.0197526 0.0338228 0.638869
0 0.887862 0.27058 0.0239182 0.032976 0.637778
0 0.546716 0.652911 0.0202183 0.0343012 0.637472
0 0.80838 0.839976 0.0199114 0.0302494 0.634251
0 0.533328 0.477782 0.017547 0.0291358 0.633814
0 0.531087 0.779796 0.0323836 0.0551948 0.6334
0 0.0525275 0.526208 0.0202153 0.0327963 0.632708
0 0.31316 0.234415 0.0156174 0.0294167 0.632667
0 0.040839 0.377066 0.0242619 0.0384038 0.632131
0 0.466863 0.856068 0.0254687 0.0444791 0.632038
0 0.646363 0.220329 0.0278701 0.0423202 0.627617
0 0.801707 0.895892 0.0198554 0.0352193 0.627593
0 0.830592 0.810382 0.0205183 0.0336331 0.627326
0 0.516582 0.283663 0.0247616 0.0396439 0.626518
0 0.536355 0.95979 0.0266323 0.0332221 0.625217
0 0.67551 0.835005 0.0179923 0.0291314 0.623295
0 0.708083 0.452073 0.0198586 0.0355108 0.621975
0 0.115832 0.193195 0.0207817 0.0350761 0.620277
0 0.902833 0.829748 0.0218704 0.0400488 0.619651
0 0.880955 0.602379 0.0264721 0.0381379 0.615223
0 0.479072 0.441909 0.0198376 0.0346961 0.614253
0 0.801286 0.362852 0.0168623 0.029605 0.614242
0 0.609684 0.510601 0.016711 0.0279977 0.613645
0 0.264797 0.139928 0.0190903 0.0310629 0.613587
0 0.508548 0.385839 0.01421 0.0270162 0.613089
0 0.932691 0.382753 0.0261543 0.0446296 0.612966
0 0.00771724 0.858502 0.0153648 0.0404432 0.610324
0 0.0877634 0.441687 0.0177808 0.0325338 0.609514
0 0.167059 0.345208 0.0254951 0.0467384 0.609422
0 0.828766 0.0206654 0.0209803 0.0369077 0.609396
0 0.372564 0.198575 0.0210282 0.0397138 0.608802
0 0.902572 0.884131 0.0200302 0.0330583 0.608435
0 0.628633 0.612548 0.024357 0.0292248 0.608128
0 0.919172 0.303477 0.0213985 0.0372096 0.608125
0 0.450809 0.236872 0.0168641 0.0350683 0.607055
0 0.590876 0.929064 0.0189341 0.0327435 0.606824
0 0.889698 0.504089 0.0198486 0.0358171 0.606414
0 0.667774 0.465665 0.0207663 0.0436902 0.605247
0 0.0529679 0.0758353 0.0148854 0.0298436 0.604948
0 0.463282 0.368139 0.0147835 0.024588 0.60381
0 0.426345 0.354848 0.0172329 0.0304932 0.603013
0 0.858879 0.644532 0.0168657 0.0344989 0.60259
0 0.491889 0.260725 0.0190355 0.0289029 0.602383
0 0.444937 0.442435 0.0198381 0.0312395 0.601867
0 0.629743 0.539031 0.0188742 0.0391105 0.60004
0 0.597495 0.544546 0.0200577 0.0361984 0.600025
0 0.40754 0.305318 0.0166661 0.0287009 0.599802
0 0.575371 0.519562 0.0184879 0.0356587 0.599264
0 0.684426 0.08273 0.0195751 0.040521 0.598828
0 0.386484 0.800537 0.0181631 0.0306807 0.598454
0 0.824628 0.600822 0.0219311 0.034825 0.598105
0 0.422812 0.15576 0.0161683 0.0310323 0.596887
0 0.267015 0.430319 0.018006 0.0403679 0.596721
0 0.205638 0.883444 0.0147674 0.0268469 0.596317
0 0.3672 0.850276 0.0165638 0.0296295 0.594252
0 0.936694 0.228725 0.0156658 0.0280067 0.591411
0 0.74508 0.820944 0.01465 0.023218 0.591197
0 0.119682 0.14584 0.0165982 0.0241085 0.590407
0 0.319327 0.486316 0.0198559 0.0367625 0.587667
0 0.527449 0.23785 0.0149267 0.0262672 0.58746
0 0.350483 0.526589 0.0137314 0.027114 0.587459
0 0.836704 0.351694 0.0156268 0.0270448 0.587398
0 0.0912898 0.632015 0.0152679 0.0274874 0.587389
0 0.112445 0.28316 0.0191881 0.0371385 0.587267
0 0.91348 0.247427 0.0273174 0.0542802 0.586491
0 0.419379 0.476671 0.0195449 0.0373725 0.586206
0 0.885906 0.43297 0.0285229 0.0504315 0.58591
0 0.426476 0.872508 0.0270171 0.0539961 0.58474
0 0.494278 0.412393 0.016423 0.0304885 0.584722
0 0.70068 0.253948 0.0226515 0.0438009 0.584185
0 0.0107554 0.462492 0.0188305 0.0346465 0.583816
0 0.54211 0.450553 0.0152949 0.0239569 0.58316
0 0.533805 0.052666 0.0182055 0.0282436 0.582343
0 0.16421 0.293537 0.0206016 0.0347205 0.58191
0 0.769074 0.363095 0.0262028 0.0498645 0.579774
0 0.725106 0.241198 0.0243661 0.0455628 0.579639
0 0.987959 0.95719 0.0240826 0.0845305 0.57929
0 0.0600925 0.432641 0.0203099 0.0338985 0.578823
0 0.224239 0.877924 0.0152976 0.0265072 0.577536
0 0.953697 0.242938 0.0169022 0.0322862 0.576399
0 0.0431461 0.701592 0.0180197 0.0421195 0.573355
0 0.726992 0.111052 0.0153188 0.0242819 0.571824
0 0.977148 0.358148 0.0254974 0.0509518 0.571743
0 0.386946 0.0954127 0.0239592 0.0369465 0.568467
0 0.194397 0.235688 0.0323839 0.0520179 0.567593
0 0.130872 0.545997 0.0280031 0.0511932 0.567467
0 0.412593 0.562784 0.0182547 0.0347022 0.56623
0 0.949986 0.0415913 0.0220722 0.0392236 0.565949
0 0.40702 0.958628 0.0257339 0.0427392 0.565033
0 0.473166 0.285298 0.0168541 0.0300212 0.56491
0 0.882825 0.671852 0.0218594 0.0420698 0.564818
0 0.879752 0.553695 0.0181854 0.0332136 0.564537
0 0.159375 0.053706 0.0197832 0.0343867 0.559899
0 0.428361 0.271968 0.0266375 0.0301989 0.559678
0 0.492583 0.304898 0.0167701 0.0320099 0.559648
0 0.513548 0.735625 0.0144911 0.0259288 0.559612
0 0.0769591 0.0209639 0.019751 0.0400763 0.55891
0 0.0242614 0.51703 0.0249895 0.0416083 0.55882
0 0.455293 0.34009 0.0165068 0.0280655 0.558255
0 0.657381 0.555799 0.0196983 0.0242523 0.555699
0 0.558964 0.903475 0.0149941 0.0245131 0.555277
0 0.584948 0.398982 0.0233445 0.022895 0.553874
0 0.318734 0.891548 0.0266458 0.0442583 0.553174
0 0.0304836 0.476507 0.0187107 0.0237144 0.552927
0 0.644071 0.897919 0.0267738 0.0423236 0.55186
0 0.280432 0.77601 0.0277564 0.0628964 0.548816
0 0.27786 0.107092 0.0154716 0.0246404 0.547897
0 0.339165 0.488777 0.0160043 0.0276076 0.547677
0 0.386346 0.16817 0.0200278 0.0354366 0.546934
0 0.0542857 0.207122 0.0205117 0.0326584 0.54622
0 0.752519 0.249195 0.0240005 0.0392537 0.544822
0 0.32767 0.108492 0.0163871 0.0250362 0.544158
0 0.215782 0.636434 0.016544 0.0309484 0.540819
0 0.946014 0.204072 0.0148513 0.0286343 0.540525
0 0.90457 0.597389 0.0153956 0.0348411 0.539867
0 0.858981 0.874079 0.0201065 0.0396517 0.539449
0 0.102447 0.0168085 0.0241064 0.0331644 0.539359
0 0.0707783 0.786899 0.0176186 0.0274326 0.53841
0 0.310911 0.795557 0.0246565 0.0495568 0.537415
0 0.418742 0.112421 0.0173236 0.0328042 0.535844
0 0.241636 0.824772 0.0129957 0.0222843 0.535202
0 0.833012 0.766162 0.0141792 0.0318678 0.533823
0 0.406545 0.24679 0.0157897 0.0303351 0.532767
0 0.230222 0.509159 0.0302978 0.0413262 0.532028
0 0.0104694 0.788984 0.020239 0.0505483 0.531266
0 0.879128 0.839115 0.0168888 0.0301629 0.530227
0 0.350002 0.209026 0.0187952 0.0450374 0.52919
0 0.441106 0.495878 0.0256115 0.0472095 0.528817
0 0.288291 0.218022 0.0214674 0.0352095 0.528451
0 0.454568 0.917652 0.0201685 0.0422584 0.528295
0 0.56627 0.425369 0.0184566 0.0344157 0.528015
0 0.568644 0.929087 0.0156452 0.0284875 0.527799
0 0.17548 0.558806 0.0233928 0.0436678 0.527776
0 0.467829 0.249489 0.0173141 0.0306628 0.527063
0 0.00567895 0.68647 0.011327 0.0412747 0.525986
0 0.0284115 0.975413 0.018771 0.0443989 0.525534
0 0.811356 0.316815 0.0145048 0.0277448 0.523486
0 0.952375 0.643538 0.0239197 0.0411872 0.523198
0 0.514683 0.333465 0.0190022 0.0344094 0.523039
0 0.0131819 0.247799 0.0187414 0.0351706 0.522456
0 0.607969 0.214267 0.0183685 0.0244659 0.52071
0 0.912635 0.422463 0.0225723 0.0404112 0.520674
0 0.492416 0.745965 0.0209782 0.0356418 0.51995
0 0.5235 0.533816 0.0218159 0.0261338 0.518503
0 0.102207 0.117771 0.0173583 0.0335848 0.517866
0 0.940706 0.771909 0.0199787 0.0315121 0.516888
0 0.711125 0.894775 0.0177941 0.0266151 0.515868
0 0.887222 0.763656 0.0182719 0.032702 0.513517
0 0.29096 0.471382 0.0248074 0.0406713 0.511838
0 0.563144 0.0493425 0.0218933 0.0416166 0.511324
0 0.23795 0.633757 0.0222918 0.0365372 0.511275
0 0.249632 0.590923 0.0207682 0.0359412 0.51123
0 0.599641 0.733188 0.0200413 0.0325463 0.50893
0 0.488761 0.811467 0.0296581 0.0710982 0.506928
0 0.355331 0.0894539 0.0160279 0.0260883 0.506141
0 0.0141753 0.627213 0.0191775 0.0341897 0.503824
0 0.91383 0.475831 0.0222482 0.0432192 0.499817
0 0.895409 0.339141 0.013929 0.0268936 0.499231
0 0.284977 0.411583 0.0187497 0.0326265 0.496964
0 0.838501 0.485781 0.020293 0.0340451 0.496548
0 0.35602 0.0252037 0.0188186 0.0323741 0.495786
0 0.868254 0.485613 0.018219 0.0298306 0.495176
0 0.402201 0.692011 0.0228101 0.0380834 0.49329
0 0.0982715 0.768966 0.0208336 0.0360016 0.491827
0 0.0594346 0.655712 0.0179118 0.0253116 0.489907
0 0.0736794 0.357606 0.0196401 0.036475 0.489464
0 0.426658 0.385982 0.0145159 0.0256184 0.487885
0 0.293705 0.364648 0.0239176 0.0389148 0.486063
0 0.898869 0.368833 0.015934 0.0298987 0.485771
0 0.439315 0.825477 0.0216164 0.0441491 0.484287
0 0.562297 0.542468 0.0151585 0.0211544 0.484107
0 0.490298 0.821747 0.027627 0.0516614 0.481139
0 0.89107 0.939047 0.0227144 0.0376586 0.476448
0 0.656308 0.435318 0.0203284 0.0306754 0.474412
0 0.9103 0.549691 0.016394 0.0309495 0.473775
0 0.688153 0.214823 0.0236463 0.0370131 0.470651
0 0.1209 0.0982552 0.0150917 0.0267779 0.47025
0 0.929353 0.829247 0.0177242 0.0386852 0.470194
0 0.504294 0.0717519 0.0161291 0.0277454 0.468871
0 0.789996 0.511106 0.015851 0.0225557 0.467128
0 0.893212 0.177317 0.016382 0.0212462 0.466388
0 0.687648 0.576428 0.024254 0.0301364 0.463889
0 0.687738 0.543823 0.022955 0.0341484 0.462898
0 0.393022 0.340689 0.0214417 0.0372653 0.462142
0 0.0391868 0.571561 0.0113675 0.028041 0.459781
0 0.735032 0.64887 0.0166823 0.0275607 0.459694
0 0.415006 0.617959 0.0149582 0.0344961 0.458754
0 0.557504 0.187236 0.0252461 0.0423531 0.458312
0 0.434018 0.296766 0.0212311 0.0251087 0.457854
0 0.850372 0.61291 0.0188873 0.0200809 0.454669
0 0.160607 0.627841 0.0387338 0.0620222 0.45413
0 0.568232 0.0881339 0.0128548 0.0213852 0.453755
0 0.466084 0.408724 0.0206395 0.0284064 0.453615
0 0.380709 0.285202 0.0204101 0.0335214 0.452863
0 0.555791 0.249734 0.0222802 0.036121 0.452719
0 0.446252 0.186709 0.0238342 0.0418131 0.451671
0 0.438446 0.642362 0.0226744 0.0416895 0.449725
0 0.549575 0.522081 0.0131573 0.0226905 0.449714
0 0.719131 0.164821 0.0284408 0.0458334 0.446014
0 0.531218 0.318067 0.0155404 0.0257575 0.445501
0 0.445623 0.00926379 0.0178783 0.0185276 0.445382
0 0.552476 0.345868 0.0164009 0.0286214 0.443913
0 0.139655 0.276354 0.0178308 0.0313542 0.442303
0 0.765654 0.194597 0.0278696 0.0373591 0.441982
0 0.790313 0.299667 0.0167838 0.0226472 0.441835
0 0.445503 0.375528 0.0148381 0.0272244 0.439724
0 0.0287429 0.665615 0.0207151 0.0356519 0.438593
0 0.468488 0.0378137 0.0217314 0.0350371 0.438066
0 0.943009 0.589732 0.0187645 0.03247 0.437098
0 0.291786 0.0326255 0.0162444 0.0285748 0.435217
0 0.698411 0.13424 0.0171999 0.0276391 0.435155
0 0.457852 0.720353 0.0142681 0.0294223 0.434734
0 0.584852 0.888472 0.0175884 0.0279392 0.431917
0 0.00558005 0.375341 0.0111283 0.0356986 0.430869
0 0.21035 0.0575697 0.023334 0.0398998 0.430152
0 0.532864 0.0110595 0.0145422 0.0218555 0.429401
0 0.771235 0.232469 0.0138199 0.0203123 0.426414
0 0.581014 0.265471 0.0176507 0.0230459 0.425422
0 0.543794 0.693563 0.0149544 0.0270733 0.42475
0 0.666361 0.332268 0.0196539 0.0380623 0.419557
0 0.615383 0.0795878 0.0166131 0.0228622 0.419512
0 0.142878 0.13855 0.0138147 0.0220576 0.419205
0 0.413414 0.433382 0.0165004 0.0307775 0.416948
0 0.91039 0.674 0.0151806 0.0262319 0.416921
0 0.425397 0.932821 0.0183705 0.040799 0.416022
0 0.489812 0.797562 0.027183 0.0425758 0.415865
0 0.134391 0.242701 0.0197256 0.0317551 0.415591
0 0.937038 0.290083 0.0132328 0.0293139 0.415123
0 0.35765 0.618499 0.0142593 0.0276204 0.413528
0 0.551214 0.297003 0.0186377 0.0296088 0.412644
0 0.550358 0.618914 0.0123383 0.0182369 0.409428
0 0.0847713 0.234162 0.0216248 0.0325905 0.409306
0 0.816122 0.91677 0.0123859 0.0246372 0.408742
0 0.0311762 0.660725 0.0258575 0.0446996 0.408719
0 0.960174 0.114555 0.019166 0.0327755 0.408072
0 0.16009 0.181443 0.0147862 0.0283892 0.407478
0 0.567157 0.474178 0.0157408 0.0280957 0.407168
0 0.259157 0.3675 0.0215293 0.0348789 0.40716
0 0.0698519 0.556025 0.0130128 0.0222614 0.402788
0 0.958735 0.146894 0.0161098 0.0302063 0.402543
0 0.566952 0.978747 0.0148994 0.0236734 0.400853
0 0.961645 0.746687 0.0160687 0.0253645 0.39994
0 0.82275 0.883907 0.0161213 0.0254693 0.399213
0 0.0267876 0.844148 0.0159025 0.0326436 0.39902
0 0.0252241 0.708128 0.0199411 0.0381215 0.398954
0 0.0100836 0.946759 0.0193897 0.035341 0.398301
0 0.418345 0.0158578 0.0177629 0.0311552 0.396626
0 0.815812 0.756853 0.0192667 0.0265524 0.394015
0 0.669825 0.675625 0.0217343 0.0290146 0.393337
0 0.864763 0.774502 0.0153568 0.0272641 0.392962
0 0.931341 0.522855 0.0228218 0.0416298 0.391075
0 0.29306 0.509427 0.0180464 0.0265856 0.388249
0 0.412608 0.72529 0.0152651 0.0228427 0.38715
0 0.40556 0.372743 0.0141983 0.0233968 0.386725
0 0.192903 0.369129 0.0218421 0.0388329 0.385156
0 0.491982 0.828586 0.0245041 0.0395233 0.382671
0 0.0800253 0.652774 0.0151017 0.0247908 0.3815
0 0.0937826 0.0611382 0.0162403 0.0269478 0.380691
0 0.370165 0.240559 0.0202849 0.0296577 0.380237
0 0.341666 0.289515 0.0186021 0.0298715 0.379666
0 0.784843 0.267879 0.016547 0.0281226 0.37573
0 0.364825 0.57948 0.0194358 0.0300988 0.375696
0 0.50723 0.490037 0.0228769 0.0437329 0.375083
0 0.589569 0.0537055 0.0141424 0.0191483 0.374978
0 0.657075 0.509918 0.0154797 0.0219964 0.374823
0 0.95292 0.277111 0.0134468 0.0298561 0.374004
0 0.848103 0.77962 0.0151649 0.0321398 0.372261
0 0.479887 0.629836 0.0181705 0.0297665 0.370678
0 0.491745 0.0123334 0.0179558 0.0235203 0.370422
0 0.266908 0.0406841 0.0174738 0.0290442 0.369316
0 0.119085 0.415096 0.0204632 0.0351961 0.368798
0 0.178303 0.453837 0.0229346 0.0362666 0.368485
0 0.55766 0.00722186 0.0179949 0.0144437 0.366041
0 0.214648 0.0192947 0.0264905 0.0384778 0.365893
0 0.269992 0.0108563 0.0316871 0.0214313 0.365332
0 0.343734 0.645592 0.0177019 0.0429674 0.363091
0 0.936167 0.733382 0.0222824 0.0388217 0.362975
0 0.466597 0.515634 0.0211159 0.0348702 0.362182
0 0.740028 0.0806599 0.0210073 0.0329978 0.362165
0 0.655708 0.805233 0.01563 0.0248776 0.361221
0 0.062228 0.142417 0.0116231 0.0287899 0.361123
0 0.771329 0.370435 0.0223395 0.0373829 0.360463
0 0.285919 0.275461 0.0310498 0.0414893 0.359452
0 0.996415 0.482602 0.00717023 0.0302869 0.359423
0 0.30501 0.845508 0.0256152 0.0469543 0.358186
0 0.0798987 0.980664 0.0270166 0.0367845 0.353457
0 0.719553 0.715888 0.0173349 0.0270603 0.353005
0 0.76648 0.628141 0.0150602 0.0206749 0.351343
0 0.735784 0.460463 0.0183786 0.0293104 0.351163
0 0.0736253 0.271212 0.0202961 0.0332124 0.350489
0 0.892958 0.727245 0.0155724 0.025058 0.350386
0 0.662907 0.271962 0.0222294 0.0297448 0.34903
0 0.342283 0.714448 0.0153539 0.0289013 0.348564
0 0.939325 0.224474 0.0127331 0.0273912 0.346215
0 0.512871 0.218939 0.0217318 0.0286678 0.345971
0 0.331301 0.416282 0.0172762 0.0279484 0.344602
0 0.0595944 0.0423054 0.0136649 0.0262653 0.339274
0 0.2856 0.292212 0.0272493 0.0334044 0.33885
0 0.857583 0.512672 0.0150146 0.026677 0.338245
0 0.528685 0.510273 0.0135682 0.0201572 0.336773
0 0.526423 0.643967 0.0154228 0.0303396 0.331924
0 0.107883 0.457235 0.0202606 0.0412489 0.331176
0 0.989246 0.0716992 0.0208458 0.037342 0.329394
0 0.272973 0.491617 0.0149305 0.0302104 0.328751
0 0.408689 0.795879 0.0145411 0.0239373 0.328494
0 0.0499503 0.982782 0.0259887 0.0324887 0.327579
0 0.408532 0.653405 0.0225431 0.0305213 0.327066
0 0.45721 0.280424 0.0125629 0.0251852 0.324363
0 0.513617 0.827505 0.0170362 0.04409 0.323347
0 0.147808 0.201378 0.019797 0.0299357 0.323236
0 0.447431 0.541794 0.016127 0.0277045 0.323139
0 0.8857 0.982596 0.0222441 0.0333702 0.322876
0 0.964659 0.074364 0.0162868 0.0299411 0.322086
0 0.837591 0.865456 0.0210806 0.0336914 0.319865
0 0.133715 0.553793 0.0337147 0.0637412 0.319863
0 0.338406 0.0399589 0.0129396 0.0242459 0.318632
0 0.681644 0.425931 0.0176216 0.0293786 0.318151
0 0.503752 0.113205 0.0162659 0.0284893 0.31732
0 0.827286 0.681337 0.0162079 0.0278492 0.315097
0 0.393781 0.876765 0.0201391 0.0327877 0.314149
0 0.202658 0.180083 0.0181887 0.0319339 0.313267
0 0.865091 0.484163 0.0182375 0.0294337 0.310411
0 0.830802 0.915999 0.0156532 0.0316537 0.310051
0 0.390875 0.435999 0.0174492 0.0302266 0.30985
0 0.501521 0.654457 0.0140596 0.0228109 0.309779
0 0.989908 0.159146 0.0201849 0.036767 0.308886
0 0.782845 0.75179 0.0194483 0.0279151 0.307102
0 0.91421 0.767151 0.0141829 0.0275614 0.305329
0 0.818889 0.952395 0.0142918 0.0247984 0.304218
0 0.321844 0.898396 0.0216744 0.0318431 0.303718
0 0.778257 0.951789 0.0179183 0.0318299 0.297453
0 0.328692 0.834452 0.0188126 0.0395165 0.297277
0 0.237972 0.513469 0.0176881 0.0327348 0.295599
0 0.193954 0.150658 0.0157489 0.0289685 0.295377
0 0.334951 0.0770071 0.0160348 0.0276024 0.294408
0 0.744069 0.286911 0.0204093 0.0337713 0.29416
0 0.33068 0.348361 0.0196171 0.0283075 0.291655
0 0.340395 0.795764 0.0161046 0.0356507 0.290217
0 0.863737 0.452935 0.0125969 0.0201091 0.289303
0 0.907436 0.51708 0.0138832 0.0242287 0.2877
0 0.266312 0.231606 0.020642 0.0384337 0.285196
0 0.363627 0.679386 0.0215043 0.0347672 0.284254
0 0.426052 0.0690933 0.0137291 0.0328144 0.283906
0 0.345483 0.842457 0.0165449 0.0309282 0.283275
0 0.231866 0.691381 0.0191835 0.0325234 0.282258
0 0.180374 0.310537 0.0115516 0.0256917 0.281645
0 0.284386 0.296158 0.0245357 0.0264678 0.280238
0 0.923359 0.33757 0.0135437 0.0267724 0.279504
0 0.0775002 0.150869 0.0187717 0.0328024 0.278832
0 0.149492 0.746283 0.0125347 0.0244107 0.276981
0 0.300415 0.147822 0.0162101 0.0261784 0.275082
0 0.375882 0.913302 0.0131901 0.02628 0.274127
0 0.328635 0.275777 0.0174953 0.0315107 0.273523
0 0.312631 0.18801 0.0191534 0.0338627 0.270651
0 0.850461 0.928342 0.0262238 0.0482372 0.270422
0 0.0198941 0.592657 0.0230279 0.0183594 0.270081
0 0.319319 0.437396 0.0155771 0.0305666 0.269625
0 0.271434 0.339025 0.020388 0.0367374 0.267049
0 0.233159 0.444043 0.0244763 0.0347432 0.266888
0 0.856276 0.566892 0.0163147 0.0298836 0.266798
0 0.895362 0.55815 0.0120098 0.0279867 0.26643
0 0.440872 0.648553 0.0198683 0.0358644 0.266038
0 0.37419 0.76086 0.018314 0.0324715 0.265047
0 0.418034 0.191199 0.0188173 0.0225605 0.262776
0 0.6211 0.784651 0.0142651 0.0229702 0.261973
0 0.255783 0.889008 0.0123793 0.0191535 0.26194
0 0.555886 0.18172 0.0223217 0.0354932 0.261899
0 0.0519317 0.20456 0.0175743 0.0318588 0.261222
0 0.405559 0.0576413 0.0198743 0.0305536 0.260466
0 0.198028 0.108234 0.0346984 0.0581376 0.25991
0 0.555415 0.374856 0.0150377 0.0249101 0.259231
0 0.0980645 0.249827 0.0139664 0.0256137 0.256194
0 0.641059 0.828231 0.0194436 0.0279809 0.255709
0 0.829729 0.655339 0.0173496 0.0215538 0.252924
0 0.734706 0.465039 0.0195381 0.0311512 0.252498
0 0.34209 0.157003 0.0168653 0.03349 0.251037
