0 0.359999 0.504663 0.0210251 0.0400675 0.688633
0 0.301079 0.813085 0.0216257 0.0329052 0.676643
0 0.351969 0.372911 0.0256991 0.0533661 0.675507
0 0.715027 0.496623 0.0213168 0.04161 0.673532
0 0.743602 0.633483 0.0238438 0.0398227 0.667699
0 0.897352 0.873171 0.0216328 0.0359104 0.663899
0 0.68528 0.726911 0.0222855 0.0335985 0.662238
0 0.0882975 0.444826 0.0221005 0.0419052 0.662069
0 0.121541 0.444242 0.0217907 0.0362863 0.661696
0 0.305226 0.571734 0.0196734 0.0298912 0.660505
0 0.719924 0.441705 0.0248114 0.044004 0.660328
0 0.108963 0.0309941 0.0216822 0.0398466 0.65767
0 0.254903 0.87594 0.0199285 0.0413113 0.653568
0 0.784321 0.895274 0.0233629 0.0450911 0.651893
0 0.706174 0.763613 0.0227708 0.0419691 0.649475
0 0.221921 0.469313 0.0235362 0.0387192 0.649405
0 0.685376 0.150507 0.0214365 0.0321547 0.649386
0 0.543488 0.707852 0.0292543 0.0466974 0.645998
0 0.651156 0.97956 0.0163607 0.0386158 0.645131
0 0.575838 0.292641 0.0189665 0.0335238 0.644681
0 0.929739 0.856208 0.022361 0.0388775 0.642734
0 0.707603 0.146149 0.0133393 0.0264762 0.641454
0 0.0960411 0.810587 0.021116 0.0295871 0.641315
0 0.825096 0.488564 0.0306065 0.0456517 0.640078
0 0.674818 0.44073 0.0181143 0.0388954 0.639901
0 0.0821669 0.860025 0.0198677 0.0304484 0.636888
0 0.170652 0.844306 0.0220527 0.0322333 0.636148
0 0.227468 0.835015 0.0167818 0.031524 0.636147
0 0.1586 0.558706 0.0272146 0.0456993 0.634104
0 0.207715 0.374864 0.0226361 0.0386742 0.63278
0 0.556146 0.391147 0.0167096 0.0349087 0.632172
0 0.677006 0.195012 0.0180935 0.0313942 0.629282
0 0.820112 0.641202 0.0178117 0.0331154 0.628765
0 0.629824 0.871153 0.0195023 0.0355689 0.624901
0 0.856106 0.06474 0.0212521 0.0442959 0.624552
0 0.305786 0.215096 0.0213595 0.0309727 0.622781
0 0.0833045 0.28716 0.0210204 0.0391565 0.622582
0 0.720056 0.61899 0.016333 0.0280779 0.621813
0 0.769126 0.55644 0.0212715 0.0400791 0.621547
0 0.905678 0.824119 0.0151775 0.0287048 0.620519
0 0.301913 0.518067 0.017124 0.030762 0.620479
0 0.879275 0.786704 0.0173683 0.032824 0.619912
0 0.189051 0.809498 0.0180943 0.032902 0.6197
0 0.341987 0.726797 0.0180662 0.0353017 0.619397
0 0.659079 0.103144 0.0146963 0.028924 0.618153
0 0.0246636 0.661547 0.0238666 0.0418824 0.617912
0 0.864289 0.756601 0.0141918 0.0257131 0.617785
0 0.845065 0.768706 0.013022 0.0280579 0.61757
0 0.857489 0.912 0.0173138 0.0329593 0.617554
0 0.492957 0.11269 0.0140955 0.0281672 0.616103
0 0.941784 0.914878 0.0153835 0.0314797 0.614417
0 0.067981 0.348895 0.0164483 0.0316247 0.614248
0 0.923443 0.804946 0.0141045 0.0298342 0.613232
0 0.589694 0.394401 0.0182793 0.0325489 0.611987
0 0.262944 0.156698 0.016566 0.0308537 0.611096
0 0.540344 0.218475 0.0233842 0.0455186 0.610829
0 0.824358 0.863305 0.0179577 0.0273872 0.610694
0 0.941441 0.814715 0.016228 0.0356391 0.610564
0 0.665337 0.774802 0.0169922 0.0317088 0.608898
0 0.0677935 0.468705 0.0203343 0.0364446 0.608746
0 0.246271 0.469914 0.0158618 0.0329511 0.607984
0 0.658491 0.0689367 0.0155296 0.027057 0.607049
0 0.178515 0.223349 0.0260631 0.0460155 0.606376
0 0.62836 0.431319 0.0157719 0.0350902 0.603802
0 0.1177 0.591308 0.0194736 0.0298265 0.603418
0 0.598374 0.165617 0.013007 0.0286816 0.603125
0 0.252314 0.285091 0.022396 0.0339089 0.602461
0 0.969228 0.926272 0.0156137 0.0341588 0.602127
0 0.531995 0.614889 0.0208626 0.0283875 0.600355
0 0.853463 0.194818 0.0233166 0.0396658 0.600336
0 0.972987 0.855435 0.0149456 0.0258263 0.600222
0 0.162071 0.609076 0.0187237 0.0307593 0.599992
0 0.896214 0.769288 0.0148276 0.0272169 0.5991
0 0.689589 0.107999 0.0164536 0.028228 0.599038
0 0.213943 0.733783 0.0162672 0.0218155 0.598913
0 0.530313 0.580858 0.0180246 0.0277399 0.598114
0 0.620143 0.268718 0.0189707 0.0347441 0.598047
0 0.190384 0.495597 0.0213255 0.0380737 0.59784
0 0.99081 0.941423 0.0153841 0.0295237 0.597527
0 0.580731 0.121716 0.0279094 0.0501631 0.596386
0 0.65271 0.258808 0.0151512 0.028135 0.593539
0 0.243798 0.543828 0.0168545 0.0305741 0.593395
0 0.592152 0.628145 0.0255188 0.0462323 0.593037
0 0.267391 0.919132 0.0189274 0.0293098 0.591436
0 0.398427 0.43685 0.01968 0.0267622 0.591413
0 0.0549466 0.844701 0.0194333 0.03337 0.590751
0 0.228432 0.233587 0.0267119 0.0416553 0.59049
0 0.325204 0.101051 0.0143355 0.0311755 0.589425
0 0.765525 0.362918 0.0161051 0.028212 0.588218
0 0.790977 0.476376 0.0147858 0.032104 0.588004
0 0.528529 0.506839 0.0179288 0.0294562 0.587907
0 0.646223 0.344055 0.0126794 0.0287684 0.587525
0 0.485603 0.179866 0.0228851 0.0417387 0.5875
0 0.853426 0.685018 0.014459 0.0298343 0.586894
0 0.968658 0.753587 0.0186301 0.0445835 0.586893
0 0.91909 0.88281 0.0141594 0.0295669 0.586888
0 0.844346 0.394247 0.019384 0.0383614 0.585096
0 0.438636 0.0869581 0.0112545 0.0242066 0.584714
0 0.616883 0.950567 0.022706 0.0461382 0.584661
0 0.0747183 0.898384 0.0248578 0.0378737 0.583232
0 0.437694 0.376974 0.0198064 0.0353392 0.582341
0 0.547563 0.106849 0.0233265 0.0399377 0.582128
0 0.688826 0.233491 0.0195681 0.032841 0.58195
0 0.917881 0.752411 0.0186455 0.0304696 0.580548
0 0.323301 0.471043 0.0173085 0.0285919 0.57793
0 0.813834 0.299434 0.0148619 0.0233445 0.577504
0 0.731316 0.116051 0.0166408 0.0347806 0.576564
0 0.181014 0.11753 0.0174857 0.0331107 0.575675
0 0.344392 0.201045 0.022453 0.0353451 0.575309
0 0.836588 0.899696 0.0153168 0.032646 0.574251
0 0.0445 0.0627101 0.0205897 0.038278 0.574167
0 0.530129 0.903716 0.0203403 0.0358073 0.573897
0 0.0510369 0.48271 0.0124815 0.0273471 0.573028
0 0.506384 0.376664 0.0221935 0.0391095 0.572768
0 0.881601 0.65833 0.0135494 0.0302433 0.572639
0 0.74078 0.531415 0.0174431 0.0297567 0.57246
0 0.682949 0.980522 0.0240076 0.0372416 0.571809
0 0.85862 0.818832 0.0143482 0.0314735 0.571342
0 0.086071 0.738469 0.0211979 0.0316867 0.570434
0 0.360269 0.712465 0.0155281 0.0268963 0.569981
0 0.430508 0.520574 0.0284039 0.0424225 0.569928
0 0.80257 0.670582 0.0153958 0.0332203 0.569071
0 0.155922 0.754324 0.0184264 0.0351312 0.568139
0 0.344497 0.5437 0.020819 0.0322157 0.567308
0 0.912195 0.971884 0.0172894 0.0320923 0.567
0 0.227691 0.1637 0.0153131 0.0335351 0.5648
0 0.799664 0.550771 0.0128017 0.0279957 0.561728
0 0.129014 0.81832 0.0203589 0.0409498 0.560549
0 0.461598 0.19865 0.0154249 0.0368993 0.560537
0 0.309871 0.608053 0.0136955 0.0251386 0.560336
0 0.789097 0.847507 0.0143125 0.0230486 0.559935
0 0.371853 0.785578 0.0173345 0.0327571 0.559874
0 0.295661 0.404677 0.0163259 0.0280588 0.558675
0 0.234447 0.355945 0.0204739 0.03277 0.558376
0 0.909386 0.910773 0.012455 0.0261173 0.558156
0 0.0954501 0.324613 0.0187901 0.0304782 0.557005
0 0.112924 0.22617 0.0189894 0.0331533 0.555658
0 0.711775 0.230388 0.018429 0.0293949 0.554131
0 0.363925 0.879757 0.0149511 0.0303163 0.553685
0 0.0224655 0.59919 0.0181886 0.0435242 0.553222
0 0.264516 0.368634 0.018994 0.0300627 0.553119
0 0.405954 0.259615 0.0155911 0.0285424 0.552864
0 0.812296 0.733992 0.0158958 0.0355116 0.552164
0 0.798718 0.513044 0.0131304 0.0310504 0.551659
0 0.719091 0.380956 0.0207125 0.0334619 0.551412
0 0.139023 0.579419 0.0164717 0.0322218 0.550961
0 0.479667 0.284783 0.0191385 0.0337562 0.550212
0 0.974645 0.618692 0.0170193 0.0277008 0.549026
0 0.0409774 0.595335 0.0159889 0.031955 0.548989
0 0.331011 0.342772 0.0142068 0.028115 0.548662
0 0.96339 0.960953 0.0162472 0.0276988 0.548631
0 0.775131 0.200519 0.0177521 0.0395081 0.548455
0 0.648957 0.300193 0.0196215 0.0343927 0.548265
0 0.884087 0.217569 0.0230179 0.0415321 0.547978
0 0.557659 0.52466 0.0170817 0.0266134 0.547722
0 0.700596 0.297946 0.0170523 0.030873 0.545338
0 0.983116 0.507385 0.0137783 0.0258372 0.545154
0 0.941979 0.46036 0.0164549 0.0305262 0.544494
0 0.673646 0.617984 0.0214088 0.0359244 0.54203
0 0.751766 0.98278 0.0151079 0.0315158 0.541973
0 0.387933 0.198303 0.0160453 0.0299539 0.541693
0 0.958111 0.668168 0.011404 0.029557 0.540481
0 0.0739426 0.510661 0.0177545 0.0368425 0.539907
0 0.461529 0.371439 0.0155792 0.0318049 0.538443
0 0.968564 0.813984 0.0170792 0.0389631 0.538417
0 0.0640132 0.425966 0.0160904 0.0326034 0.536858
0 0.166975 0.441933 0.0182167 0.0385424 0.535744
0 0.370465 0.939461 0.0137612 0.0279236 0.534801
0 0.419689 0.277172 0.0151987 0.0393775 0.534614
0 0.711579 0.115318 0.0122092 0.027166 0.534161
0 0.948055 0.978874 0.0133846 0.0282461 0.533827
0 0.108329 0.748038 0.0141976 0.0213793 0.53352
0 0.417124 0.400303 0.0191586 0.0400177 0.532933
0 0.528244 0.33818 0.0168931 0.0344725 0.532586
0 0.949864 0.775258 0.0165989 0.0282586 0.530685
0 0.749826 0.43889 0.0164626 0.0302695 0.530604
0 0.339945 0.785616 0.014746 0.0278463 0.529787
0 0.191318 0.0602957 0.0195851 0.0354078 0.528948
0 0.756909 0.223294 0.0170786 0.0341282 0.528196
0 0.346564 0.656377 0.0232647 0.0385703 0.527602
0 0.63971 0.505831 0.0192616 0.0410337 0.527302
0 0.698274 0.464861 0.0186516 0.0309686 0.526385
0 0.795984 0.584863 0.0156483 0.0287005 0.526315
0 0.00785393 0.125651 0.015587 0.0339509 0.526106
0 0.86153 0.575622 0.0195854 0.0400543 0.525651
0 0.432613 0.243519 0.0147762 0.0307394 0.525062
0 0.142707 0.0246452 0.0289662 0.0466671 0.523468
0 0.270498 0.637307 0.0173718 0.0246686 0.523158
0 0.694642 0.324143 0.013593 0.0232494 0.521055
0 0.956373 0.239481 0.0178871 0.0297236 0.520328
0 0.468705 0.405696 0.0155979 0.0310594 0.519757
0 0.879867 0.711375 0.0185013 0.0396775 0.518782
0 0.829207 0.0797762 0.0167479 0.0286653 0.518696
0 0.0265356 0.744267 0.0216479 0.0377406 0.518102
0 0.265057 0.468637 0.0162051 0.0305002 0.517803
0 0.172549 0.374362 0.0219399 0.0376351 0.517722
0 0.797911 0.257147 0.0196296 0.033253 0.517296
0 0.0781819 0.549371 0.0173966 0.0364946 0.517278
0 0.981108 0.968793 0.0135925 0.0264596 0.515964
0 0.341205 0.0253909 0.0191681 0.0415108 0.515881
0 0.786675 0.391614 0.019198 0.031125 0.51512
0 0.992863 0.551064 0.0142746 0.0294162 0.514681
0 0.2919 0.270474 0.0233711 0.0439324 0.514014
0 0.274949 0.784837 0.01896 0.0334059 0.513908
0 0.516737 0.768644 0.0153745 0.0360487 0.513866
0 0.466364 0.565266 0.0153027 0.0291316 0.51377
0 0.406989 0.19995 0.0137189 0.0244386 0.512842
0 0.983019 0.658324 0.0151703 0.0255546 0.511429
0 0.83034 0.110614 0.0140572 0.0286948 0.511204
0 0.0307401 0.0350281 0.0202465 0.0326649 0.510458
0 0.97236 0.547244 0.0130997 0.0302484 0.510318
0 0.301678 0.670297 0.0236091 0.0277262 0.509549
0 0.679177 0.0405003 0.0130836 0.0253541 0.50854
0 0.290335 0.961896 0.0198058 0.0354864 0.508218
0 0.29021 0.0885408 0.014069 0.0288084 0.507634
0 0.152443 0.899337 0.013496 0.0286235 0.507549
0 0.609229 0.326078 0.014031 0.0313281 0.507432
0 0.0482939 0.545307 0.0173581 0.029447 0.507277
0 0.386796 0.258565 0.0181329 0.0351781 0.50642
0 0.830588 0.534765 0.0194675 0.0314416 0.505223
0 0.187332 0.428532 0.0187257 0.0382629 0.504411
0 0.444715 0.120626 0.0188587 0.0391804 0.503752
0 0.61456 0.390493 0.0186737 0.031277 0.50355
0 0.641209 0.0569408 0.0227295 0.0352166 0.502912
0 0.989364 0.7467 0.0207403 0.0358436 0.50238
0 0.291913 0.130175 0.0188496 0.0358252 0.501664
0 0.040251 0.4446 0.0167697 0.0320828 0.500648
0 0.841203 0.156508 0.0158402 0.0268191 0.500263
0 0.531327 0.395356 0.0186131 0.0320287 0.499967
0 0.962222 0.887962 0.0161259 0.0303799 0.499289
0 0.698675 0.0439761 0.017173 0.0283937 0.499045
0 0.609663 0.0480686 0.0122257 0.0355199 0.497922
0 0.60211 0.764333 0.018387 0.0390291 0.497323
0 0.983617 0.164929 0.0161121 0.0244632 0.497102
0 0.155092 0.503545 0.0176404 0.0328118 0.496178
0 0.554606 0.613623 0.0162762 0.0285587 0.495149
0 0.624313 0.813631 0.0183037 0.0359277 0.495136
0 0.359338 0.919437 0.0120131 0.0226624 0.493892
0 0.418696 0.137405 0.0166082 0.0312664 0.493869
0 0.545158 0.346091 0.0153441 0.0321703 0.493283
0 0.243727 0.14086 0.015987 0.0316102 0.492453
0 0.10595 0.0701497 0.0164444 0.0281468 0.492069
0 0.31184 0.393426 0.016138 0.0335517 0.491592
0 0.235492 0.704941 0.00957546 0.0206255 0.491492
0 0.107582 0.653882 0.0173157 0.0343582 0.491202
0 0.474128 0.606512 0.0176081 0.0405182 0.490714
0 0.571108 0.170484 0.0169406 0.0287668 0.486203
0 0.814417 0.0699142 0.0134649 0.0227843 0.484841
0 0.663948 0.232944 0.0167313 0.0336077 0.484287
0 0.246554 0.978873 0.024813 0.0392059 0.48408
0 0.837085 0.941968 0.0126911 0.0214698 0.483851
0 0.293711 0.925446 0.0125055 0.0286611 0.483224
0 0.380629 0.908664 0.0184277 0.0321455 0.483055
0 0.189442 0.183452 0.023405 0.041294 0.482273
0 0.416989 0.0613281 0.014101 0.0314263 0.481921
0 0.360818 0.257943 0.0218464 0.0329393 0.48169
0 0.135275 0.90396 0.0199335 0.0352985 0.481512
0 0.683875 0.0665918 0.0136553 0.0205024 0.480556
0 0.287886 0.468009 0.0214626 0.0435623 0.478971
0 0.416549 0.808698 0.0169863 0.0310859 0.478624
0 0.985865 0.589619 0.0181442 0.0273843 0.478213
0 0.893288 0.332387 0.0214684 0.0343291 0.477972
0 0.00502028 0.779785 0.0100406 0.0298459 0.477061
0 0.463877 0.0225237 0.0117023 0.0209539 0.475033
0 0.779977 0.419372 0.0128428 0.0239348 0.475031
0 0.442147 0.174823 0.0207952 0.0419043 0.474897
0 0.464656 0.466722 0.019534 0.0364634 0.471163
0 0.880691 0.840064 0.0181479 0.0394468 0.470109
0 0.0262088 0.241092 0.0190354 0.0302129 0.468366
0 0.371176 0.191148 0.0131805 0.0273699 0.467607
0 0.682641 0.76048 0.0131081 0.0246931 0.467409
0 0.672981 0.297013 0.0179968 0.0317771 0.466733
0 0.595014 0.206268 0.0195198 0.0330601 0.466371
0 0.127089 0.0646532 0.0200181 0.0362729 0.465039
0 0.080441 0.226789 0.0160991 0.0308205 0.46284
0 0.8743 0.0171712 0.0210449 0.0336351 0.462632
0 0.355095 0.829181 0.0206275 0.0303016 0.461641
0 0.315998 0.281206 0.0147652 0.0262134 0.461162
0 0.853965 0.451726 0.0250532 0.0471926 0.460285
0 0.0911653 0.673324 0.018601 0.0293993 0.459781
0 0.763182 0.0810432 0.0240837 0.0416102 0.458244
0 0.812103 0.43619 0.0204189 0.0359397 0.457639
0 0.826353 0.701929 0.0119312 0.0249534 0.456704
0 0.908463 0.656904 0.0123869 0.0255848 0.455797
0 0.402052 0.918468 0.0205069 0.0433468 0.455266
0 0.438749 0.176701 0.0259302 0.0440686 0.451916
0 0.841137 0.820706 0.0157956 0.0419964 0.451905
0 0.421763 0.0921432 0.0171835 0.0270458 0.450382
0 0.972994 0.685743 0.0164351 0.027414 0.449707
0 0.262254 0.536358 0.0142785 0.0243648 0.449679
0 0.990386 0.412532 0.0192278 0.0476822 0.447748
0 0.742768 0.73908 0.0174981 0.0392836 0.446437
0 0.788624 0.792147 0.0119263 0.0266485 0.445721
0 0.746162 0.861344 0.0160461 0.0278975 0.445373
0 0.810654 0.906851 0.0192873 0.0337056 0.445329
0 0.954652 0.630021 0.010775 0.0280689 0.445102
0 0.634947 0.646559 0.0130922 0.0259684 0.443323
0 0.714659 0.0600671 0.0177261 0.0264898 0.443275
0 0.645648 0.413055 0.0126555 0.0224755 0.442903
0 0.899902 0.687212 0.0144865 0.0267813 0.442487
0 0.539793 0.161559 0.0191511 0.0321344 0.439441
0 0.493385 0.142892 0.0186543 0.0280483 0.43837
0 0.234118 0.312416 0.0187937 0.0320877 0.437751
0 0.987181 0.826151 0.0150661 0.0323371 0.436438
0 0.517825 0.866668 0.0181117 0.0307306 0.435859
0 0.514739 0.204099 0.0174057 0.0316482 0.435169
0 0.830708 0.283112 0.0185715 0.0327801 0.434501
0 0.370077 0.978646 0.01416 0.0324073 0.433648
0 0.00361031 0.53423 0.00722061 0.030263 0.433624
0 0.880826 0.895996 0.0141 0.0256863 0.433411
0 0.326542 0.875331 0.0170047 0.0303575 0.432666
0 0.696764 0.532301 0.0214364 0.0326807 0.432365
0 0.523165 0.674822 0.0203352 0.0327333 0.432288
0 0.490342 0.402128 0.020159 0.0375455 0.432221
0 0.637747 0.196407 0.0143934 0.0326497 0.430877
0 0.970303 0.286625 0.0167656 0.0266223 0.429667
0 0.946878 0.943543 0.0115354 0.0200892 0.429649
0 0.779662 0.819962 0.0173368 0.0298214 0.429446
0 0.607532 0.58287 0.0215372 0.0386162 0.424846
0 0.90732 0.359751 0.0202484 0.0411054 0.424365
0 0.619858 0.766436 0.0167114 0.0371897 0.423452
0 0.48917 0.521298 0.0212242 0.0368011 0.423263
0 0.66498 0.667272 0.0172504 0.0321742 0.422996
0 0.0927281 0.561002 0.0149295 0.0261683 0.421801
0 0.942659 0.754543 0.0152297 0.0252374 0.421226
0 0.280523 0.306541 0.0178921 0.0234442 0.421024
0 0.774649 0.500136 0.0158311 0.0393444 0.418141
0 0.422779 0.845582 0.0163742 0.0282423 0.418106
0 0.351431 0.657933 0.0156499 0.0357785 0.417576
0 0.737365 0.348609 0.0198373 0.0372744 0.41756
0 0.976806 0.391457 0.0140125 0.0325572 0.417306
0 0.250068 0.211328 0.0166184 0.0359041 0.415696
0 0.602663 0.690608 0.0262224 0.0512884 0.414456
0 0.576692 0.351871 0.0148563 0.0303129 0.414362
0 0.492301 0.522315 0.0187086 0.0354179 0.414229
0 0.827822 0.351914 0.0140999 0.0268025 0.413599
0 0.174707 0.0232366 0.0200281 0.0350589 0.413264
0 0.971317 0.257012 0.0153221 0.0256091 0.412934
0 0.890738 0.933209 0.0120171 0.0283196 0.412811
0 0.244159 0.7347 0.0114225 0.0194626 0.411784
0 0.601442 0.698679 0.0245805 0.0521031 0.411284
0 0.549692 0.114613 0.019803 0.0316943 0.409479
0 0.23009 0.779639 0.0125747 0.0206445 0.409375
0 0.705339 0.180518 0.0126705 0.0318532 0.408785
0 0.419136 0.361164 0.0195899 0.0334131 0.408468
0 0.991758 0.690483 0.0164837 0.0308363 0.408344
0 0.364887 0.56749 0.0113863 0.0215434 0.407719
0 0.964499 0.174568 0.0126381 0.0205361 0.407642
0 0.169807 0.887734 0.0180177 0.0383277 0.406814
0 0.504916 0.288978 0.022364 0.0338237 0.406169
0 0.991774 0.876628 0.0164513 0.0318088 0.40605
0 0.205597 0.595931 0.0132399 0.0229574 0.405628
0 0.578181 0.06213 0.0228083 0.0414107 0.404379
0 0.991768 0.481924 0.0164649 0.0346892 0.403152
0 0.491365 0.252258 0.0183727 0.03482 0.403104
0 0.79879 0.414232 0.0148472 0.0342183 0.402895
0 0.527801 0.280594 0.0147375 0.0308047 0.401992
0 0.649147 0.923654 0.0168007 0.0335103 0.400548
0 0.689789 0.573189 0.0123323 0.0225516 0.400186
0 0.575578 0.850214 0.0163535 0.0261183 0.39977
0 0.391032 0.107157 0.0170813 0.0337842 0.399539
0 0.889018 0.101491 0.0201477 0.0327223 0.397825
0 0.929945 0.967319 0.0117447 0.0247981 0.397745
0 0.676786 0.53992 0.0178246 0.0337089 0.397684
0 0.612534 0.0983487 0.0215354 0.0455723 0.395131
0 0.673695 0.338655 0.017075 0.0314071 0.39486
0 0.812504 0.606759 0.0128925 0.0259652 0.394774
0 0.256629 0.424431 0.0109856 0.0212296 0.393225
0 0.905299 0.715803 0.0172234 0.0258172 0.391695
0 0.625999 0.363141 0.0207643 0.0320786 0.3904
0 0.921471 0.443 0.0149937 0.0352449 0.390288
0 0.975896 0.0599373 0.0148056 0.0297213 0.390259
0 0.379243 0.686322 0.018157 0.0269828 0.390033
0 0.707084 0.894388 0.0206102 0.0307821 0.389937
0 0.70969 0.692743 0.024372 0.0361545 0.389444
0 0.267964 0.19123 0.0224036 0.0333494 0.389279
0 0.991354 0.27873 0.0172922 0.0405826 0.385661
0 0.943497 0.750792 0.0158049 0.0309638 0.384674
0 0.860991 0.868755 0.0229851 0.0447554 0.384341
0 0.276921 0.688444 0.0140779 0.0191016 0.384188
0 0.459069 0.250786 0.0146013 0.027857 0.38415
0 0.0600575 0.0297316 0.0196805 0.0281012 0.383658
0 0.886192 0.166255 0.0133573 0.0236042 0.383418
0 0.88673 0.74447 0.0146313 0.0205929 0.383223
0 0.651629 0.816872 0.0191233 0.0292457 0.382279
0 0.150895 0.803922 0.0212435 0.0294783 0.381903
0 0.790231 0.201806 0.015151 0.0246845 0.380911
0 0.532831 0.0646938 0.017742 0.0301072 0.38031
0 0.682811 0.300962 0.0110739 0.0298855 0.3801
0 0.210413 0.270202 0.0157251 0.0290025 0.379326
0 0.325677 0.14651 0.0200255 0.0341764 0.3777
0 0.838072 0.655846 0.01357 0.024517 0.377196
0 0.732964 0.242725 0.0164684 0.0251925 0.376241
0 0.640233 0.838369 0.0117744 0.0259335 0.375489
0 0.316633 0.164093 0.0214909 0.0331137 0.375196
0 0.504714 0.840449 0.0167647 0.0308901 0.374642
0 0.656845 0.189478 0.0122402 0.0223887 0.37399
0 0.676633 0.298772 0.0187811 0.031754 0.37324
0 0.707338 0.688704 0.0272053 0.0432139 0.372541
0 0.819214 0.153016 0.0158901 0.0324157 0.371602
0 0.872702 0.0560846 0.0151421 0.031488 0.370092
0 0.24613 0.17015 0.0127338 0.0205724 0.368803
0 0.81705 0.949723 0.0156113 0.0298238 0.368237
0 0.803147 0.874967 0.00931505 0.027576 0.366868
0 0.125181 0.399018 0.0308604 0.0451672 0.366523
0 0.861141 0.376875 0.0177872 0.0425783 0.365977
0 0.752594 0.556502 0.0111299 0.0292983 0.365234
0 0.705946 0.886971 0.0225267 0.0422521 0.364119
0 0.868861 0.147405 0.0106417 0.0297195 0.363146
0 0.991367 0.368853 0.0172654 0.0319611 0.362272
0 0.269587 0.987033 0.0177976 0.0246053 0.362225
0 0.187737 0.757867 0.0118086 0.0177161 0.362011
0 0.773994 0.452229 0.0143738 0.0271814 0.362009
0 0.062447 0.316921 0.0151078 0.0285261 0.361509
0 0.231781 0.0121521 0.0265066 0.0243042 0.36142
0 0.26247 0.250565 0.0182096 0.02998 0.361376
0 0.875419 0.511992 0.0172153 0.0413231 0.36134
0 0.854372 0.954238 0.0166607 0.0292111 0.360424
0 0.931554 0.966542 0.0109398 0.0274133 0.358498
0 0.395035 0.313144 0.0203815 0.0335141 0.358305
0 0.66972 0.928284 0.019664 0.0339318 0.357853
0 0.187543 0.353553 0.014535 0.0421623 0.35781
0 0.90101 0.528728 0.011866 0.0442223 0.35677
0 0.87894 0.836516 0.0172157 0.0382053 0.355952
0 0.530026 0.391016 0.0210313 0.0412298 0.35436
0 0.918112 0.244287 0.0179288 0.0350493 0.35282
0 0.545753 0.497939 0.0116442 0.0241941 0.35268
0 0.816845 0.330789 0.0162491 0.0292251 0.352463
0 0.630338 0.53925 0.0191452 0.040354 0.351556
0 0.0999177 0.894147 0.0155291 0.0305589 0.351406
0 0.496478 0.220194 0.0140823 0.0283151 0.351347
0 0.793365 0.353216 0.0225135 0.0414376 0.350882
0 0.714402 0.694007 0.0157528 0.0326886 0.349988
0 0.759718 0.133431 0.0148201 0.0285099 0.349298
0 0.167828 0.960109 0.0305059 0.0484392 0.349164
0 0.169428 0.0691989 0.0203246 0.0383754 0.348716
0 0.393848 0.41153 0.0181249 0.0224722 0.347508
0 0.041946 0.318613 0.0138018 0.0309553 0.347287
0 0.424592 0.211665 0.0176401 0.0313449 0.346978
0 0.661965 0.410085 0.0173683 0.029295 0.346278
0 0.0114739 0.560492 0.0123022 0.0240528 0.345698
0 0.555917 0.291903 0.0150072 0.0293596 0.3454
0 0.0131916 0.301757 0.0213632 0.0335462 0.345029
0 0.0453513 0.698051 0.0166519 0.0299055 0.344562
0 0.539769 0.307204 0.0132006 0.0259341 0.34412
0 0.777586 0.669147 0.0211916 0.0336456 0.343246
0 0.479747 0.366813 0.0154092 0.0277815 0.341976
0 0.0754751 0.39856 0.0211986 0.0323259 0.34157
0 0.648401 0.472787 0.0142344 0.0229098 0.340446
0 0.668908 0.882901 0.0178442 0.0315704 0.339426
0 0.199842 0.0183902 0.0253401 0.0361884 0.337547
0 0.68721 0.494855 0.015526 0.0284128 0.337399
0 0.934304 0.233918 0.0134359 0.0304759 0.333707
0 0.0509617 0.648509 0.0182259 0.0322848 0.333284
0 0.948344 0.487214 0.012402 0.0251101 0.33253
0 0.191835 0.639085 0.0344694 0.0366809 0.33138
0 0.984319 0.120901 0.0166389 0.0300231 0.331241
0 0.798943 0.0854099 0.0217086 0.0387678 0.329218
0 0.664198 0.368045 0.0197866 0.0311778 0.328967
0 0.881449 0.373912 0.0177436 0.034278 0.325334
0 0.50079 0.0790585 0.0140671 0.0265826 0.324583
0 0.77578 0.205137 0.0157103 0.034401 0.3239
0 0.206908 0.311331 0.0196488 0.0350218 0.322332
0 0.776106 0.298064 0.0151515 0.0330337 0.32212
0 0.567536 0.231146 0.0260756 0.0451578 0.319849
0 0.754905 0.183861 0.0128208 0.0274118 0.31903
0 0.936967 0.663452 0.0198986 0.0300372 0.318416
0 0.284 0.351938 0.0153048 0.0247071 0.318353
0 0.297363 0.179649 0.0172167 0.0323964 0.315029
0 0.631279 0.471964 0.0121471 0.0238176 0.313386
0 0.764023 0.416378 0.00771612 0.025287 0.312991
0 0.676959 0.977403 0.0185642 0.0358704 0.312849
0 0.462697 0.30576 0.0158155 0.0267822 0.312327
0 0.740084 0.163983 0.0170784 0.0266945 0.311984
0 0.933215 0.713525 0.0185646 0.0272252 0.311969
0 0.640398 0.26836 0.0111775 0.0242223 0.311899
0 0.95939 0.888949 0.0202372 0.0309304 0.310513
0 0.673427 0.963663 0.0150885 0.0221781 0.307666
0 0.496255 0.700977 0.0197177 0.0367573 0.306582
0 0.564234 0.58101 0.0234386 0.043106 0.306418
0 0.882943 0.0664296 0.0160828 0.0336444 0.304762
0 0.825733 0.387824 0.0227022 0.0411989 0.304684
0 0.327304 0.600761 0.0134439 0.019626 0.303703
0 0.832247 0.417538 0.0104565 0.0240514 0.303642
0 0.489319 0.74672 0.0129235 0.0229655 0.303301
0 0.324369 0.830827 0.0186425 0.0344893 0.301416
0 0.763003 0.808344 0.0122688 0.024648 0.301269
0 0.686821 0.265289 0.0157173 0.0260228 0.3005
0 0.608128 0.09421 0.02829 0.0502067 0.299695
0 0.46235 0.516828 0.0232624 0.0387442 0.299635
0 0.467806 0.0952189 0.0155365 0.0318945 0.298587
0 0.108824 0.716224 0.0128948 0.0220971 0.298311
0 0.695412 0.0776703 0.00994549 0.0223298 0.29653
0 0.964454 0.511412 0.0163319 0.0220496 0.296086
0 0.462319 0.023754 0.0126866 0.0185461 0.294804
0 0.661341 0.326131 0.0121408 0.0244501 0.293943
0 0.474629 0.215605 0.0126689 0.0277922 0.293339
0 0.801019 0.41266 0.0174131 0.034329 0.293056
0 0.867117 0.108 0.00993029 0.0272651 0.292578
0 0.933982 0.0752386 0.0148684 0.0317491 0.292317
0 0.367925 0.937355 0.00995855 0.0265252 0.291918
0 0.129169 0.0608546 0.0223562 0.0392446 0.291576
0 0.842882 0.335722 0.016877 0.0290616 0.290275
0 0.596705 0.274066 0.015662 0.0281952 0.290098
0 0.806914 0.787163 0.0184025 0.0222582 0.289524
0 0.511439 0.330565 0.017066 0.034129 0.289142
0 0.598629 0.630837 0.0213263 0.0417874 0.288727
0 0.874892 0.987599 0.0188652 0.0242319 0.286703
0 0.713587 0.820642 0.017681 0.0362976 0.286263
0 0.919066 0.933973 0.0117649 0.0204441 0.28431
0 0.545212 0.557865 0.0132885 0.0245383 0.283929
0 0.250401 0.978002 0.0176673 0.0385152 0.283495
0 0.566436 0.491884 0.0123732 0.0239753 0.283392
0 0.357601 0.0863425 0.0153229 0.023772 0.28249
0 0.950083 0.690113 0.0127567 0.024154 0.282126
0 0.807737 0.0385673 0.0148777 0.0259624 0.281248
0 0.0710134 0.515269 0.021021 0.0326197 0.279688
0 0.696446 0.848559 0.0200879 0.0363056 0.2792
0 0.917001 0.585629 0.0224102 0.041614 0.278606
0 0.964476 0.814352 0.022961 0.0397661 0.276965
0 0.12799 0.684277 0.0188902 0.0321794 0.275464
0 0.656548 0.635193 0.0153709 0.0223407 0.272401
0 0.465131 0.815705 0.00906582 0.0282043 0.271317
0 0.690489 0.012013 0.0188218 0.0229352 0.269996
0 0.650743 0.806555 0.0185581 0.0353065 0.269641
0 0.852153 0.343906 0.012863 0.02469 0.269605
0 0.639087 0.951043 0.0145069 0.0220018 0.268816
0 0.121487 0.640149 0.0116972 0.0258959 0.266557
0 0.941069 0.156364 0.0211353 0.0360638 0.266244
0 0.00766763 0.454372 0.0149778 0.0284744 0.265058
0 0.56008 0.186713 0.0111791 0.0244603 0.264433
0 0.757552 0.0414563 0.0172482 0.0297168 0.264385
0 0.228722 0.0518527 0.022595 0.044596 0.264127
0 0.233554 0.3153 0.0227989 0.0362037 0.263613
0 0.992463 0.23293 0.0150736 0.0416886 0.261459
0 0.823829 0.401901 0.0180222 0.0258995 0.261052
0 0.708925 0.897607 0.0174849 0.0266805 0.26073
0 0.630031 0.987578 0.0176888 0.0241478 0.260581
0 0.229227 0.159364 0.0145004 0.0307812 0.260485
0 0.996873 0.517753 0.00625401 0.0261754 0.258783
0 0.0761707 0.792245 0.0175935 0.0248505 0.258748
0 0.0566841 0.39277 0.012835 0.019822 0.258194
0 0.849997 0.121834 0.0228897 0.0375787 0.258007
0 0.52011 0.167376 0.0134432 0.0323714 0.257831
0 0.653396 0.437915 0.0137501 0.0258453 0.256906
0 0.193992 0.978931 0.0154175 0.0370933 0.256662
0 0.452624 0.0126108 0.0128919 0.0180364 0.25617
0 0.00373581 0.477834 0.00746111 0.0231793 0.256062
0 0.614656 0.896467 0.0160599 0.0269943 0.255515
0 0.272101 0.192057 0.0194728 0.0338975 0.255334
0 0.377565 0.837768 0.0140788 0.0259277 0.254798
0 0.645742 0.661424 0.0170523 0.0279007 0.254686
0 0.529622 0.28245 0.0146571 0.0271513 0.253607
0 0.615317 0.179064 0.0155823 0.0282433 0.253505
0 0.614462 0.101937 0.0185272 0.0386283 0.252689
0 0.0121505 0.987881 0.0220984 0.0234408 0.252335
0 0.560452 0.189622 0.0129283 0.0246874 0.252295
0 0.79107 0.0127669 0.0206978 0.0251731 0.25135
0 0.913071 0.204839 0.0108238 0.0295942 0.250616
