0 0.650097 0.79002 0.0335587 0.0578491 0.706553
0 0.335136 0.799619 0.0266489 0.0369334 0.703319
0 0.918315 0.875101 0.025724 0.0367844 0.696508
0 0.503874 0.0933944 0.0264639 0.0607128 0.694689
0 0.954457 0.877829 0.0222042 0.0320145 0.680179
0 0.496826 0.47366 0.0270292 0.0469659 0.675081
0 0.667936 0.894637 0.0285097 0.0475942 0.673439
0 0.0588042 0.689351 0.0251846 0.0450882 0.66677
0 0.484518 0.912937 0.0230488 0.0388346 0.666168
0 0.873621 0.910269 0.0277673 0.0422396 0.663965
0 0.297646 0.826473 0.0220327 0.0396167 0.661499
0 0.860085 0.462635 0.0235897 0.0439245 0.660618
0 0.326168 0.617018 0.0192728 0.03946 0.657949
0 0.178555 0.420061 0.0211923 0.0321264 0.653893
0 0.987755 0.67676 0.0244894 0.0372201 0.652111
0 0.236124 0.774247 0.0325754 0.0507879 0.651956
0 0.295585 0.197869 0.020905 0.0352962 0.648633
0 0.746851 0.478093 0.0324149 0.0511624 0.647203
0 0.147292 0.4306 0.0257414 0.0393645 0.645831
0 0.561191 0.829619 0.0233738 0.0394894 0.643954
0 0.973088 0.525082 0.0225506 0.0404007 0.642076
0 0.650724 0.0384264 0.0233364 0.0511519 0.639357
0 0.693299 0.87527 0.0234503 0.0339801 0.637946
0 0.765897 0.898913 0.027681 0.0436873 0.637111
0 0.992943 0.24964 0.0141132 0.0360245 0.635739
0 0.165186 0.161334 0.0224916 0.0338727 0.635534
0 0.977041 0.335353 0.0214928 0.0327239 0.634682
0 0.386837 0.797351 0.0254685 0.040939 0.633669
0 0.190362 0.620624 0.0224184 0.0360348 0.633393
0 0.837647 0.314004 0.0230286 0.0405985 0.631665
0 0.46128 0.765875 0.0277358 0.042945 0.631043
0 0.0950178 0.142053 0.0157021 0.0288514 0.629979
0 0.373533 0.124977 0.0165068 0.0349652 0.628565
0 0.879193 0.227356 0.0198708 0.0345504 0.627561
0 0.125145 0.978252 0.0202751 0.0326558 0.626239
0 0.1743 0.458697 0.0171218 0.0307341 0.624228
0 0.978911 0.896398 0.0231167 0.0351469 0.622856
0 0.98329 0.211972 0.0154554 0.0262824 0.620858
0 0.956779 0.831704 0.0214714 0.0358517 0.620812
0 0.483421 0.417608 0.0185625 0.0330326 0.620519
0 0.938896 0.0435881 0.0239407 0.0457287 0.618793
0 0.467682 0.183362 0.0171814 0.0287575 0.617422
0 0.0690693 0.461519 0.0134532 0.0254915 0.615808
0 0.950571 0.154906 0.0179616 0.0326878 0.615114
0 0.0297716 0.768567 0.0187264 0.0341197 0.615033
0 0.677079 0.0265502 0.024435 0.0421024 0.61435
0 0.260006 0.180905 0.0161733 0.035 0.61337
0 0.0506098 0.213761 0.0175992 0.0315537 0.612947
0 0.956694 0.912596 0.0201889 0.0306776 0.612903
0 0.161988 0.654709 0.0260741 0.0405679 0.612677
0 0.891942 0.088224 0.0241554 0.0471312 0.607935
0 0.854611 0.275601 0.0199162 0.0334379 0.606983
0 0.980033 0.484649 0.0207115 0.0348465 0.606668
0 0.401622 0.410464 0.0232296 0.0462884 0.605995
0 0.840737 0.815923 0.0223101 0.0357225 0.605747
0 0.307068 0.775341 0.0223969 0.0404795 0.605483
0 0.469151 0.0475406 0.0207235 0.0373199 0.603154
0 0.193229 0.233488 0.0166863 0.0284267 0.601152
0 0.228253 0.521936 0.0208019 0.043643 0.601142
0 0.0288237 0.385381 0.0143993 0.0278884 0.60047
0 0.928569 0.296763 0.0177174 0.0302771 0.598628
0 0.256636 0.0844328 0.0181072 0.0348479 0.597836
0 0.867638 0.851791 0.0273998 0.0551282 0.597557
0 0.219968 0.0125384 0.0189626 0.0244083 0.597452
0 0.431079 0.113842 0.0185814 0.0347366 0.595374
0 0.352989 0.77143 0.0147191 0.0291599 0.595249
0 0.991876 0.287416 0.0162473 0.0315836 0.595107
0 0.0415573 0.322375 0.0189551 0.0315205 0.594986
0 0.470653 0.355774 0.0187977 0.0332649 0.591946
0 0.284933 0.636184 0.0153382 0.0231867 0.591571
0 0.686442 0.806048 0.0212397 0.0318158 0.589956
0 0.272277 0.312629 0.0239713 0.0417559 0.589801
0 0.532938 0.605239 0.0201734 0.0390152 0.589594
0 0.980199 0.788425 0.020223 0.0413049 0.589271
0 0.165456 0.252495 0.0161324 0.0315546 0.588747
0 0.0897196 0.217237 0.021449 0.0346619 0.588007
0 0.194795 0.709305 0.0254878 0.043824 0.586123
0 0.503255 0.597188 0.0161654 0.0294793 0.586025
0 0.192788 0.509676 0.0184679 0.0367964 0.58578
0 0.238165 0.364439 0.0165746 0.0314724 0.585251
0 0.466936 0.492685 0.0163773 0.0325114 0.584182
0 0.848306 0.0702732 0.0165943 0.027698 0.583648
0 0.887841 0.152842 0.0208805 0.0336399 0.583451
0 0.206796 0.473293 0.0173738 0.0316849 0.5832
0 0.489178 0.725985 0.0224997 0.0317356 0.581879
0 0.854323 0.416754 0.0193441 0.0356678 0.580872
0 0.895437 0.637856 0.0208096 0.0357341 0.580248
0 0.219609 0.294346 0.0149128 0.0327873 0.579625
0 0.818688 0.249835 0.0285895 0.0534442 0.578483
0 0.352646 0.977904 0.0166178 0.0325219 0.57801
0 0.991639 0.622532 0.0167224 0.0335049 0.576167
0 0.968619 0.716627 0.025198 0.0396393 0.575877
0 0.545169 0.0841182 0.0249491 0.0358293 0.570971
0 0.612189 0.856804 0.0214264 0.0411189 0.570538
0 0.104038 0.961137 0.0171393 0.028508 0.570532
0 0.0791832 0.587872 0.0295864 0.0577252 0.568592
0 0.800522 0.321567 0.0157195 0.0267324 0.568209
0 0.259227 0.690346 0.0259811 0.043031 0.567508
0 0.079096 0.0485419 0.0179729 0.0312387 0.566317
0 0.220064 0.635444 0.0260169 0.0439568 0.565892
0 0.18325 0.200411 0.0109964 0.0240473 0.564831
0 0.338117 0.727254 0.0142949 0.0317291 0.56431
0 0.238476 0.45788 0.0219049 0.0297975 0.564246
0 0.114384 0.0315766 0.0199895 0.0374486 0.564084
0 0.582423 0.246731 0.0220711 0.0351547 0.563269
0 0.42854 0.285433 0.0179402 0.0354424 0.562428
0 0.418008 0.515024 0.0227995 0.040572 0.560649
0 0.182256 0.29162 0.0151564 0.0255742 0.558015
0 0.992867 0.395644 0.0142653 0.028489 0.55794
0 0.45361 0.590248 0.0153749 0.0275184 0.555264
0 0.32049 0.312351 0.0151903 0.0297775 0.554386
0 0.54057 0.653507 0.0228643 0.0386987 0.550474
0 0.769604 0.138683 0.0269974 0.046271 0.550086
0 0.378845 0.542135 0.0152812 0.0310998 0.549387
0 0.0678761 0.017838 0.0191787 0.0321406 0.547022
0 0.448161 0.41803 0.0208338 0.0365985 0.546982
0 0.204798 0.530967 0.0168725 0.0302463 0.544762
0 0.425571 0.665571 0.014533 0.0328122 0.543939
0 0.40907 0.241203 0.0235622 0.0406592 0.5438
0 0.0329129 0.47219 0.0243784 0.0509876 0.54356
0 0.344577 0.0805589 0.0191611 0.0334599 0.543271
0 0.050066 0.446715 0.0156094 0.0285784 0.54145
0 0.960097 0.301552 0.021117 0.034555 0.541424
0 0.316197 0.228105 0.0145515 0.0279799 0.539197
0 0.958977 0.460921 0.023769 0.0414654 0.53835
0 0.361735 0.24949 0.0167299 0.0272046 0.537828
0 0.823406 0.972223 0.0194704 0.0301385 0.537564
0 0.366125 0.36907 0.0213494 0.0329941 0.536056
0 0.0169031 0.0168146 0.0222601 0.0327242 0.532838
0 0.898605 0.209637 0.0200813 0.0341304 0.530457
0 0.0924128 0.472189 0.013868 0.0298471 0.529354
0 0.722636 0.893282 0.0240928 0.0431556 0.528387
0 0.388787 0.0303124 0.0152848 0.0294797 0.527269
0 0.983917 0.842015 0.0206532 0.0316811 0.527194
0 0.304398 0.168321 0.0143982 0.023401 0.52689
0 0.21686 0.25378 0.0128721 0.0236567 0.526454
0 0.450807 0.151305 0.0192941 0.0352885 0.525734
0 0.218443 0.7042 0.0187516 0.0353431 0.525697
0 0.239427 0.285135 0.0233192 0.045342 0.524728
0 0.318149 0.35256 0.0186275 0.0290814 0.520177
0 0.244512 0.549122 0.0160628 0.0308536 0.51946
0 0.0780095 0.18515 0.0210356 0.0367258 0.517193
0 0.10457 0.243103 0.0158876 0.0306968 0.517111
0 0.124129 0.240347 0.0151086 0.03258 0.515903
0 0.363086 0.801631 0.0180371 0.0354455 0.515515
0 0.507527 0.195281 0.0233471 0.0384367 0.515277
0 0.0651366 0.401335 0.0158092 0.027033 0.513606
0 0.0193551 0.15957 0.0163387 0.0278775 0.511401
0 0.0149003 0.211314 0.0155462 0.0262502 0.510694
0 0.696418 0.043117 0.019821 0.0349013 0.509237
0 0.0935048 0.309546 0.0168333 0.0353942 0.508048
0 0.34135 0.356545 0.0139996 0.0317836 0.506105
0 0.583764 0.157272 0.0191655 0.0312304 0.505177
0 0.249207 0.134374 0.0150183 0.0339808 0.504884
0 0.134374 0.122143 0.0138678 0.0257674 0.50212
0 0.135521 0.377735 0.0112395 0.0302765 0.501946
0 0.0234885 0.251254 0.0166419 0.0321519 0.500853
0 0.410238 0.309416 0.0135517 0.0304657 0.499717
0 0.0838341 0.810497 0.0214929 0.0383433 0.499672
0 0.0112864 0.400891 0.0216033 0.0384833 0.497873
0 0.00688022 0.526066 0.0137604 0.0373064 0.489852
0 0.323713 0.474013 0.0139333 0.0292529 0.489109
0 0.354094 0.475879 0.0136294 0.0283216 0.488853
0 0.206674 0.417714 0.0171489 0.0294527 0.488073
0 0.053658 0.415216 0.0156976 0.0281798 0.486883
0 0.880446 0.0411846 0.019215 0.0324269 0.485905
0 0.398675 0.0654123 0.0186429 0.0344767 0.48555
0 0.285484 0.709074 0.0149604 0.0228858 0.48551
0 0.24359 0.227543 0.0162769 0.0314807 0.485308
0 0.960343 0.372195 0.0173302 0.0349669 0.48513
0 0.881155 0.587413 0.023716 0.0385741 0.483727
0 0.25913 0.0169493 0.0240039 0.0334888 0.483202
0 0.306762 0.629433 0.0159344 0.0293518 0.482437
0 0.0197192 0.343142 0.0196122 0.0286679 0.481809
0 0.0723865 0.116684 0.0150383 0.0291361 0.481197
0 0.25027 0.409942 0.0183239 0.0288285 0.479553
0 0.228078 0.405549 0.0160961 0.0378671 0.478636
0 0.114666 0.129374 0.0163979 0.0348908 0.475951
0 0.506121 0.642623 0.0217419 0.0392364 0.475337
0 0.202826 0.27362 0.017754 0.0328412 0.475088
0 0.00901099 0.300281 0.0168264 0.0344036 0.473995
0 0.992985 0.585413 0.0140297 0.0340519 0.473707
0 0.0483939 0.512359 0.0186795 0.0368364 0.473643
0 0.393584 0.115262 0.0161671 0.0282695 0.472956
0 0.268954 0.125408 0.0153143 0.0272741 0.471757
0 0.234979 0.683795 0.0127607 0.0300464 0.470586
0 0.269372 0.504123 0.0162968 0.0281728 0.468986
0 0.523722 0.520839 0.0151426 0.0307797 0.468127
0 0.504547 0.0989532 0.0214848 0.0512323 0.465997
0 0.381791 0.338684 0.0159023 0.0328954 0.465185
0 0.968978 0.967535 0.0172188 0.0356956 0.463967
0 0.00724031 0.476554 0.0140553 0.0281106 0.462149
0 0.357861 0.293457 0.0183 0.0303658 0.461305
0 0.436563 0.396917 0.0158099 0.0246538 0.459355
0 0.977971 0.928536 0.0192261 0.0280701 0.458625
0 0.111841 0.37479 0.0163125 0.0264733 0.457493
0 0.331008 0.974527 0.0172036 0.0295121 0.456195
0 0.389765 0.645791 0.0173012 0.0299967 0.455948
0 0.115113 0.2722 0.0134769 0.0265422 0.455494
0 0.709873 0.0595236 0.0137014 0.0216897 0.454723
0 0.686101 0.929255 0.0217645 0.031759 0.454713
0 0.486667 0.588172 0.0167431 0.0325051 0.454131
0 0.139503 0.570075 0.0203225 0.0331526 0.453394
0 0.403377 0.707841 0.0187987 0.0353325 0.453283
0 0.0265025 0.0838649 0.0118289 0.0280352 0.453202
0 0.264105 0.74611 0.0170212 0.0261726 0.4526
0 0.801246 0.968121 0.0174584 0.0291176 0.451152
0 0.92833 0.677573 0.0203251 0.0417097 0.449754
0 0.768499 0.446599 0.0131983 0.0250763 0.448792
0 0.283327 0.256924 0.0157803 0.0293425 0.44814
0 0.172525 0.0727404 0.0133538 0.0255637 0.44811
0 0.800338 0.0105941 0.0205727 0.0210709 0.445204
0 0.849702 0.175956 0.0202896 0.0378584 0.445124
0 0.269927 0.431516 0.014009 0.0241475 0.444919
0 0.279084 0.557658 0.0174274 0.0306742 0.444155
0 0.356066 0.739754 0.0143473 0.0291702 0.44385
0 0.153261 0.370972 0.0179948 0.0326965 0.441918
0 0.0672713 0.145968 0.0189127 0.0262017 0.440192
0 0.332222 0.682404 0.0128829 0.0293784 0.439999
0 0.261965 0.572109 0.0183082 0.0362362 0.438923
0 0.0770116 0.517988 0.0316954 0.058408 0.435818
0 0.528955 0.0465768 0.0222887 0.0395527 0.435763
0 0.445391 0.468253 0.015959 0.0257502 0.434331
0 0.34563 0.574814 0.0164975 0.0293048 0.43433
0 0.241695 0.628172 0.018176 0.0341244 0.43035
0 0.320256 0.525135 0.0160833 0.0277591 0.429928
0 0.622235 0.170086 0.0185085 0.0335396 0.427716
0 0.0106299 0.765342 0.0196305 0.0411692 0.426727
0 0.241091 0.0418432 0.0221835 0.0322036 0.425048
0 0.377497 0.446242 0.0163876 0.0333945 0.424428
0 0.155812 0.128196 0.0175241 0.0286378 0.423838
0 0.773215 0.315738 0.0201694 0.0292504 0.4229
0 0.0550246 0.171723 0.0142683 0.0245066 0.42187
0 0.102363 0.51968 0.0111149 0.0277851 0.420743
0 0.139155 0.327672 0.0126224 0.0291309 0.420172
0 0.316593 0.887408 0.0224421 0.0495634 0.419705
0 0.0748676 0.645585 0.0182605 0.0397461 0.417509
0 0.977236 0.384824 0.0166616 0.0273322 0.416825
0 0.239259 0.187233 0.0157995 0.0307833 0.416619
0 0.386385 0.338503 0.0241227 0.0341693 0.41591
0 0.044065 0.792447 0.022092 0.0371975 0.414788
0 0.995534 0.783403 0.00893211 0.035692 0.414445
0 0.401473 0.581128 0.0146074 0.0308573 0.413727
0 0.418366 0.624049 0.0159924 0.0255736 0.413485
0 0.737637 0.911476 0.0198294 0.0324463 0.413282
0 0.233757 0.933242 0.0212842 0.0289654 0.409333
0 0.545483 0.0301979 0.0127205 0.0292588 0.409158
0 0.291402 0.296865 0.0119865 0.0274286 0.408685
0 0.559164 0.0535908 0.019733 0.0346005 0.408664
0 0.205148 0.171476 0.0160132 0.0276513 0.408006
0 0.10404 0.290741 0.0133429 0.026457 0.406476
0 0.466944 0.664484 0.025611 0.0468307 0.403725
0 0.606237 0.0220598 0.0248762 0.0426254 0.40305
0 0.419124 0.175498 0.0269773 0.0486499 0.40056
0 0.100887 0.417766 0.0192946 0.0353835 0.40009
0 0.946041 0.502759 0.0307163 0.0468591 0.39933
0 0.903686 0.270382 0.0207993 0.0393476 0.399304
0 0.343856 0.400437 0.0233847 0.0425431 0.397892
0 0.0358216 0.420055 0.0134067 0.0246994 0.397645
0 0.605225 0.74462 0.0184196 0.0355269 0.396655
0 0.357942 0.332677 0.0211493 0.0345278 0.391603
0 0.798579 0.040079 0.0185275 0.0336716 0.390634
0 0.124834 0.312288 0.0161032 0.0286708 0.38805
0 0.555759 0.160807 0.0172516 0.0266257 0.386585
0 0.991674 0.532055 0.0166519 0.0396128 0.385625
0 0.367862 0.503965 0.0214821 0.0355624 0.383277
0 0.909819 0.68382 0.0154465 0.03052 0.382928
0 0.270382 0.829659 0.0194491 0.0308489 0.382224
0 0.128299 0.462086 0.0180848 0.0283115 0.381693
0 0.00322419 0.721877 0.00644536 0.0350037 0.381078
0 0.0579814 0.294679 0.0180968 0.0322073 0.381048
0 0.180577 0.591221 0.0216892 0.0326575 0.380424
0 0.495847 0.163561 0.0192158 0.0329629 0.379977
0 0.355793 0.154877 0.0151578 0.0251206 0.379421
0 0.0315358 0.295615 0.0195897 0.0327769 0.378465
0 0.962382 0.110734 0.0181686 0.0313024 0.377738
0 0.316152 0.72783 0.0184851 0.0255885 0.377716
0 0.278653 0.462807 0.0156604 0.0323764 0.377304
0 0.127607 0.088699 0.0170914 0.0351877 0.376896
0 0.337092 0.504487 0.0142184 0.0249715 0.376364
0 0.180631 0.380188 0.0200304 0.03083 0.370975
0 0.358294 0.657919 0.0178682 0.0307995 0.370665
0 0.298078 0.195607 0.018877 0.037149 0.369679
0 0.630852 0.870729 0.0181292 0.0302789 0.369652
0 0.727801 0.0735936 0.0154328 0.0278208 0.367665
0 0.0466549 0.364896 0.0192963 0.0285032 0.367025
0 0.194427 0.514022 0.0159913 0.0327508 0.367019
0 0.138294 0.171173 0.0179006 0.0307587 0.36686
0 0.209998 0.30487 0.0139781 0.0243806 0.36668
0 0.246798 0.328458 0.0149806 0.0252396 0.36493
0 0.427779 0.776209 0.020846 0.0380666 0.364204
0 0.451476 0.251978 0.0199507 0.0364249 0.363838
0 0.509737 0.785534 0.0234409 0.0374559 0.357935
0 0.691136 0.67236 0.0340261 0.0524139 0.356499
0 0.265978 0.387159 0.0143115 0.0288193 0.355971
0 0.206033 0.37517 0.0176986 0.0307417 0.355541
0 0.0479672 0.262031 0.0203538 0.0333847 0.354886
0 0.21887 0.0572882 0.0212447 0.0392084 0.354372
0 0.411237 0.784374 0.0146814 0.0265337 0.354051
0 0.825751 0.012185 0.0215267 0.0241885 0.351945
0 0.900973 0.38125 0.0194012 0.0353599 0.351225
0 0.407148 0.751079 0.0235796 0.0344957 0.35022
0 0.0203836 0.695119 0.0245857 0.0534224 0.348707
0 0.789212 0.169437 0.012546 0.0230998 0.348695
0 0.271337 0.230786 0.0209456 0.0360821 0.348291
0 0.420206 0.376657 0.0104763 0.0229989 0.347296
0 0.436943 0.325181 0.0196196 0.0294259 0.345843
0 0.334662 0.243476 0.014269 0.02517 0.344348
0 0.302832 0.540748 0.0178484 0.0309042 0.343005
0 0.420295 0.588958 0.011039 0.027265 0.342602
0 0.31247 0.570792 0.0231922 0.0334139 0.342445
0 0.883198 0.52819 0.0219711 0.0398523 0.341552
0 0.802115 0.619645 0.0221125 0.0352303 0.340162
0 0.0580257 0.859945 0.0124381 0.0182064 0.337492
0 0.40266 0.0622169 0.026303 0.0415792 0.336602
0 0.136225 0.052504 0.0160942 0.0265124 0.336355
0 0.726495 0.895755 0.0297305 0.0474674 0.334725
0 0.00776478 0.267619 0.0151625 0.0264138 0.333567
0 0.36268 0.617038 0.0165446 0.0296566 0.333253
0 0.989508 0.974033 0.0209837 0.0478088 0.332768
0 0.211346 0.116791 0.0204475 0.0326991 0.332215
0 0.863527 0.699757 0.0202805 0.0418993 0.331378
0 0.142944 0.490555 0.0167038 0.0351849 0.331119
0 0.880421 0.790942 0.0262932 0.0520854 0.330814
0 0.153095 0.836019 0.0222442 0.0344304 0.329956
0 0.336788 0.312037 0.0155494 0.029797 0.328269
0 0.214033 0.580289 0.0207535 0.0387061 0.327874
0 0.195877 0.0401846 0.0161641 0.0317762 0.327679
0 0.986837 0.156617 0.0128445 0.0221836 0.326464
0 0.412076 0.830878 0.0256027 0.0246423 0.326402
0 0.0678153 0.34677 0.0143495 0.0278805 0.325446
0 0.360345 0.33047 0.0183695 0.0306377 0.323671
0 0.935797 0.987498 0.0177492 0.0250032 0.32364
0 0.347321 0.689138 0.0166627 0.0258786 0.320886
0 0.11419 0.529432 0.0157983 0.0286175 0.31865
0 0.394821 0.879683 0.0240592 0.0500939 0.317326
0 0.351883 0.709575 0.0142647 0.0192483 0.314424
0 0.0179129 0.640442 0.0196868 0.0387109 0.312508
0 0.328955 0.942895 0.0166288 0.0276887 0.312257
0 0.827612 0.0363165 0.016835 0.0258221 0.310422
0 0.950145 0.972611 0.0155552 0.0259329 0.310242
0 0.920718 0.1342 0.0377841 0.0866012 0.308407
0 0.293652 0.484031 0.0169642 0.0267259 0.307402
0 0.782234 0.593189 0.0251657 0.037273 0.307045
0 0.294395 0.330638 0.0154431 0.024374 0.303965
0 0.388625 0.339851 0.0281945 0.0429927 0.3039
0 0.872511 0.0118968 0.0214634 0.022799 0.303198
0 0.88437 0.262086 0.0152565 0.0288088 0.302729
0 0.106294 0.286834 0.0105245 0.0222701 0.302378
0 0.701345 0.640704 0.020273 0.0325751 0.300084
0 0.28981 0.410242 0.0182471 0.0261979 0.297873
0 0.256133 0.377474 0.0154086 0.0353995 0.29784
0 0.186823 0.141743 0.016139 0.0310916 0.297593
0 0.184749 0.123359 0.0160838 0.024233 0.296329
0 0.459994 0.554041 0.0182394 0.0327541 0.295005
0 0.130261 0.359116 0.014282 0.0182154 0.294678
0 0.520698 0.551717 0.0175335 0.0291138 0.289669
0 0.514018 0.228742 0.0188009 0.0270929 0.289145
0 0.155177 0.529985 0.0179298 0.0360543 0.288895
0 0.699186 0.0880092 0.025938 0.0357021 0.28844
0 0.729404 0.648664 0.0317579 0.0693648 0.288246
0 0.0949396 0.00756716 0.0184389 0.0146048 0.286881
0 0.402118 0.490114 0.0134804 0.0256526 0.286625
0 0.129638 0.465787 0.0180718 0.0222226 0.284764
0 0.315055 0.699851 0.0163707 0.0266188 0.284565
0 0.28209 0.896512 0.0175599 0.0326345 0.28304
0 0.325163 0.394019 0.0100295 0.0283725 0.28273
0 0.827551 0.647128 0.016052 0.0283268 0.282582
0 0.123912 0.417603 0.0153635 0.0303455 0.281952
0 0.100814 0.183683 0.0161243 0.0217779 0.281388
0 0.198716 0.198325 0.0147217 0.0246257 0.280898
0 0.0127357 0.407595 0.0203702 0.0479726 0.279496
0 0.656848 0.626236 0.0262814 0.0412583 0.278399
0 0.619248 0.639451 0.0358915 0.0472097 0.278286
0 0.180882 0.855628 0.0178204 0.0367438 0.27527
0 0.185853 0.135739 0.0173722 0.0372156 0.273889
0 0.474413 0.134247 0.0198787 0.0304337 0.273594
0 0.308709 0.287892 0.0158714 0.0276973 0.272615
0 0.161503 0.313479 0.0251157 0.0414169 0.272598
0 0.514704 0.0358775 0.0114641 0.0286202 0.270948
0 0.890923 0.614891 0.0212471 0.0321578 0.269813
0 0.0954641 0.0353936 0.00999963 0.0218219 0.269707
0 0.759855 0.368202 0.0239618 0.0471803 0.269694
0 0.346012 0.686242 0.0136513 0.0280822 0.268728
0 0.758933 0.678507 0.0331123 0.0585479 0.268419
0 0.104049 0.55551 0.014807 0.0261332 0.267132
0 0.216998 0.350721 0.0147877 0.0246455 0.265001
0 0.314206 0.674107 0.0130152 0.0226664 0.261975
0 0.366386 0.0437459 0.0207786 0.0269176 0.261937
0 0.349816 0.604699 0.0138107 0.0281327 0.261134
0 0.185335 0.127628 0.0173044 0.0323096 0.261018
0 0.814773 0.773603 0.0171474 0.0271014 0.261015
0 0.11012 0.467517 0.0190229 0.0303415 0.259523
0 0.553553 0.130452 0.0146093 0.0229963 0.2578
0 0.275042 0.535249 0.0194573 0.02852 0.257092
0 0.388334 0.729058 0.0158481 0.0240509 0.256737
0 0.567142 0.5986 0.0209761 0.0395038 0.256407
0 0.0198689 0.57689 0.0190221 0.0335804 0.256371
0 0.223435 0.0599298 0.0197975 0.0362338 0.254967
0 0.305958 0.271265 0.0141556 0.0290883 0.254387
0 0.0453114 0.657475 0.0201617 0.0353364 0.253887
0 0.914575 0.157527 0.0268707 0.0391266 0.253274
0 0.455098 0.116599 0.0149128 0.029582 0.252466
0 0.359407 0.247111 0.0192801 0.0323238 0.252295
0 0.230702 0.888883 0.0254486 0.050597 0.251943
0 0.396598 0.357353 0.0150085 0.0268595 0.251806
0 0.0145774 0.421424 0.0168105 0.024978 0.250473
