0 0.810587 0.404317 0.0849859 0.0420789 0.715956
0 0.155479 0.138794 0.0680753 0.0312035 0.715403
0 0.663092 0.87826 0.0614539 0.0267258 0.696639
0 0.534451 0.837798 0.081957 0.0364403 0.686115
0 0.882811 0.955249 0.0505132 0.0192676 0.682085
0 0.213584 0.657727 0.044428 0.0232872 0.680306
0 0.331669 0.809289 0.0649604 0.0292742 0.678851
0 0.552777 0.924466 0.0455338 0.0184974 0.677827
0 0.78173 0.0801807 0.0550987 0.0189534 0.677141
0 0.824719 0.975684 0.0506512 0.0210755 0.674627
0 0.118377 0.979672 0.0526158 0.0217605 0.671975
0 0.13937 0.588923 0.0508168 0.0230476 0.671238
0 0.939619 0.930342 0.0523308 0.0207901 0.670015
0 0.438241 0.70003 0.057757 0.0247651 0.669161
0 0.849749 0.00876736 0.0498808 0.0174449 0.668528
0 0.811664 0.938848 0.0504435 0.0190817 0.667605
0 0.221246 0.611692 0.0485911 0.0187852 0.666047
0 0.419955 0.658384 0.0530149 0.0236326 0.6658
0 0.585839 0.686439 0.0646773 0.0292969 0.664065
0 0.224051 0.568242 0.0452285 0.0188429 0.663703
0 0.169976 0.920069 0.0479468 0.019933 0.663111
0 0.930142 0.00915106 0.0518674 0.0181778 0.66304
0 0.652527 0.3381 0.0643383 0.0307355 0.662876
0 0.56364 0.962199 0.0489162 0.0209858 0.662279
0 0.110108 0.942153 0.0442858 0.0177872 0.661655
0 0.424093 0.936733 0.0498709 0.0203011 0.661077
0 0.0842835 0.908024 0.0494692 0.0203392 0.660801
0 0.864819 0.916951 0.0507776 0.0202776 0.659312
0 0.0860795 0.871456 0.0477189 0.0211054 0.65402
0 0.29573 0.638262 0.0418303 0.0175831 0.654001
0 0.25093 0.972383 0.0463623 0.0218349 0.653927
0 0.3277 0.502032 0.0732307 0.0377196 0.653837
0 0.368686 0.957995 0.0494826 0.0189644 0.652158
0 0.816597 0.0451447 0.0607719 0.0203549 0.652119
0 0.282199 0.874187 0.0511142 0.0201006 0.651157
0 0.176198 0.163787 0.0515122 0.0264499 0.649943
0 0.634952 0.974797 0.0484414 0.0206031 0.647906
0 0.76607 0.0120296 0.0500415 0.0211689 0.647133
0 0.31605 0.980067 0.0471133 0.0190922 0.646514
0 0.554978 0.791608 0.0657345 0.0385124 0.644324
0 0.291837 0.681107 0.0468857 0.0201004 0.644101
0 0.300705 0.55252 0.0386897 0.0191206 0.643963
0 0.797201 0.308955 0.071962 0.0337211 0.643311
0 0.295564 0.911921 0.052256 0.0205416 0.641571
0 0.0330811 0.891714 0.0431045 0.0176052 0.641489
0 0.742718 0.928297 0.0466992 0.0193371 0.641043
0 0.0491964 0.967295 0.0453013 0.0195202 0.640913
0 0.686983 0.950906 0.0518447 0.0195904 0.640577
0 0.0547474 0.328132 0.0573166 0.0306892 0.64009
0 0.0333255 0.930087 0.0500685 0.0193237 0.639736
0 0.238009 0.717657 0.0576851 0.0232537 0.639466
0 0.0773483 0.833941 0.0431353 0.0188721 0.638884
0 0.753466 0.965213 0.0475443 0.0205393 0.638327
0 0.188136 0.990707 0.053206 0.0185854 0.636803
0 0.0233356 0.860531 0.0452721 0.0207409 0.635971
0 0.493423 0.950236 0.0402805 0.0185128 0.634213
0 0.692985 0.986207 0.0525382 0.019677 0.632645
0 0.07055 0.51983 0.0447715 0.0179292 0.63176
0 0.946167 0.729608 0.0487709 0.0259347 0.631499
0 0.0354242 0.243115 0.0514249 0.0230304 0.631146
0 0.306048 0.945929 0.0418803 0.0176306 0.631056
0 0.358586 0.923744 0.0475001 0.0191658 0.629682
0 0.225425 0.126395 0.0476962 0.0247473 0.629611
0 0.23267 0.933892 0.05401 0.0195317 0.629235
0 0.17071 0.953055 0.0465027 0.0194187 0.627257
0 0.416212 0.898248 0.0397715 0.0173672 0.626967
0 0.1498 0.345589 0.0536212 0.0283031 0.626006
0 0.230877 0.898739 0.0421384 0.0186541 0.619124
0 0.738576 0.0482234 0.0472119 0.0165497 0.617076
0 0.148353 0.846372 0.0427257 0.0190827 0.616615
0 0.617894 0.934738 0.0439493 0.0200863 0.616415
0 0.209492 0.858141 0.0420718 0.0180244 0.616125
0 0.0670719 0.608922 0.0434421 0.0194506 0.615371
0 0.854706 0.0751301 0.0472734 0.0179013 0.614734
0 0.594068 0.641374 0.0509912 0.0255009 0.611935
0 0.639358 0.179901 0.0486918 0.0227843 0.611008
0 0.802252 0.902209 0.0447533 0.0172668 0.610943
0 0.6878 0.0161317 0.0534934 0.0205219 0.609559
0 0.234856 0.154357 0.0652631 0.0369369 0.608942
0 0.340439 0.885434 0.043666 0.0207085 0.607473
0 0.860681 0.314781 0.0416758 0.0205887 0.606364
0 0.869255 0.223362 0.0549279 0.0279372 0.605429
0 0.507588 0.985447 0.0549781 0.0233799 0.604985
0 0.233538 0.482417 0.0449399 0.019109 0.600237
0 0.898335 0.0399169 0.0499454 0.0179183 0.599848
0 0.377677 0.620373 0.041069 0.0168299 0.598038
0 0.43707 0.973393 0.0506377 0.0194493 0.595369
0 0.765013 0.764936 0.0643578 0.0321306 0.593657
0 0.147636 0.885669 0.0519424 0.0205055 0.592913
0 0.0681712 0.564239 0.0467576 0.0193378 0.591904
0 0.13816 0.676236 0.0369197 0.0183883 0.588215
0 0.140552 0.632671 0.0418211 0.0174906 0.587753
0 0.706872 0.168062 0.04789 0.0248581 0.584661
0 0.680968 0.916839 0.0410778 0.018437 0.584418
0 0.227629 0.526857 0.0408952 0.0161663 0.584346
0 0.246811 0.361577 0.0536399 0.0241254 0.584012
0 0.174156 0.0910236 0.0559047 0.0272041 0.583201
0 0.0195399 0.684523 0.0373164 0.0181065 0.575682
0 0.939328 0.975331 0.0438988 0.0192513 0.57558
0 0.300553 0.223759 0.0431635 0.0224618 0.572867
0 0.0572219 0.994939 0.0560586 0.0101221 0.572773
0 0.479044 0.913235 0.0427689 0.0188362 0.572087
0 0.923273 0.484973 0.0393337 0.019298 0.567267
0 0.490325 0.655319 0.0610517 0.0365269 0.565041
0 0.381205 0.99324 0.0442173 0.0135196 0.563634
0 0.152174 0.500844 0.0397132 0.0164913 0.560418
0 0.497561 0.318053 0.10328 0.0337938 0.559634
0 0.0821213 0.705908 0.0470656 0.0165657 0.556917
0 0.807508 0.261746 0.0558684 0.0276865 0.554354
0 0.22381 0.198515 0.0485188 0.0219123 0.55308
0 0.155549 0.254756 0.0375251 0.0188353 0.552635
0 0.647655 0.614849 0.060442 0.0308246 0.55077
0 0.963243 0.758685 0.0606078 0.0256342 0.55016
0 0.124083 0.0697023 0.039003 0.0194867 0.546735
0 0.663296 0.146872 0.0708402 0.0327938 0.545537
0 0.905493 0.901595 0.0384959 0.0149097 0.544421
0 0.703989 0.346068 0.0408925 0.0243673 0.542117
0 0.615356 0.310603 0.0352661 0.0185619 0.541911
0 0.38449 0.73161 0.0747213 0.0408575 0.541388
0 0.407771 0.774317 0.043195 0.0229143 0.539418
0 0.518665 0.592521 0.0444121 0.0201234 0.538655
0 0.383415 0.526404 0.063296 0.0360358 0.536588
0 0.893052 0.557236 0.054535 0.0251806 0.536244
0 0.907683 0.751139 0.0482772 0.0231127 0.530899
0 0.767018 0.621068 0.0565993 0.0276059 0.530147
0 0.550088 0.741852 0.0661318 0.0281994 0.524435
0 0.2766 0.28377 0.0661074 0.0280669 0.52228
0 0.446066 0.538995 0.055202 0.0216943 0.521935
0 0.459892 0.559689 0.0529403 0.0210976 0.51864
0 0.587372 0.143363 0.0586262 0.0301168 0.513971
0 0.385541 0.18362 0.0544454 0.0243424 0.511208
0 0.65076 0.699444 0.0612066 0.0304174 0.510062
0 0.486562 0.766344 0.0822414 0.0428846 0.509858
0 0.529734 0.565096 0.060049 0.0292979 0.506483
0 0.647383 0.254885 0.0494626 0.022788 0.502931
0 0.262877 0.332395 0.036104 0.0201427 0.502303
0 0.153027 0.542831 0.0398904 0.0178462 0.501389
0 0.600254 0.285076 0.047964 0.0226473 0.498625
0 0.155089 0.728961 0.0486743 0.016629 0.498172
0 0.980955 0.274726 0.0359963 0.0233678 0.494976
0 0.670875 0.0433592 0.049465 0.0249454 0.492873
0 0.966065 0.495969 0.0410463 0.0206354 0.492545
0 0.74948 0.177416 0.0419275 0.0211432 0.488914
0 0.840524 0.822866 0.0413676 0.0226047 0.488161
0 0.94905 0.655947 0.0667386 0.0298212 0.487501
0 0.205928 0.699952 0.0396074 0.0192068 0.48474
0 0.46558 0.260536 0.0745951 0.0356592 0.483726
0 0.57738 0.994698 0.0547903 0.0106033 0.483092
0 0.966902 0.0327437 0.0456184 0.0158366 0.480703
0 0.390793 0.679161 0.0378121 0.0184143 0.477491
0 0.845796 0.738841 0.0601176 0.028418 0.477118
0 0.875333 0.343021 0.0373377 0.0244161 0.47098
0 0.948712 0.797022 0.056021 0.0282036 0.458311
0 0.653327 0.280651 0.0509013 0.0223321 0.454609
0 0.197117 0.356528 0.039468 0.0209564 0.45175
0 0.0498015 0.104198 0.0515567 0.0297899 0.450119
0 0.436119 0.29056 0.0391099 0.0162602 0.449136
0 0.966457 0.334387 0.0437973 0.0215265 0.448752
0 0.060402 0.652759 0.0367594 0.0153406 0.44778
0 0.0107174 0.991889 0.020973 0.0161867 0.446396
0 0.382922 0.30234 0.0630687 0.0356652 0.445281
0 0.394035 0.0637801 0.0329331 0.0160139 0.442366
0 0.704098 0.740441 0.0512483 0.0305958 0.433336
0 0.457546 0.601847 0.0389677 0.0170038 0.430448
0 0.987521 0.782584 0.0236064 0.0318033 0.427541
0 0.628671 0.73905 0.076307 0.0354713 0.423381
0 0.101174 0.342064 0.0493792 0.0266216 0.416856
0 0.964071 0.306778 0.0392096 0.021878 0.416816
0 0.379503 0.577693 0.0472918 0.0165719 0.415622
0 0.0752086 0.0219921 0.0506295 0.0231842 0.39893
0 0.223441 0.304592 0.0362216 0.0171955 0.395605
0 0.947089 0.106973 0.0686283 0.0312388 0.39446
0 0.893414 0.844537 0.0928929 0.0414957 0.39431
0 0.982895 0.224199 0.0328257 0.0248287 0.382395
0 0.328176 0.33936 0.0523838 0.022046 0.382104
0 0.557004 0.00582223 0.0302687 0.0115606 0.377279
0 0.889302 0.258087 0.0399509 0.0225221 0.374351
0 0.592634 0.608054 0.0654772 0.0272364 0.373726
0 0.00976998 0.411204 0.0179473 0.0185978 0.372079
0 0.63046 0.852368 0.0538165 0.024305 0.367521
0 0.113315 0.213401 0.0331078 0.0213265 0.363948
0 0.0111275 0.585264 0.0210487 0.0224285 0.361234
0 0.161686 0.0522904 0.0411672 0.0212624 0.358699
0 0.0109701 0.540075 0.0206031 0.0219868 0.355332
0 0.734948 0.255348 0.0847508 0.0384823 0.354592
0 0.449322 0.542284 0.0611102 0.0281933 0.354406
0 0.132313 0.810948 0.0414204 0.016308 0.35057
0 0.741099 0.736524 0.0461541 0.0258557 0.349444
0 0.689557 0.589645 0.0371389 0.0205168 0.342877
0 0.717125 0.0966072 0.0517602 0.0250466 0.331808
0 0.698706 0.0890742 0.0858355 0.0442013 0.326383
0 0.743557 0.251343 0.075512 0.0358737 0.323054
0 0.973802 0.568749 0.0517669 0.0356291 0.321452
0 0.961224 0.566961 0.072616 0.0363635 0.320226
0 0.909368 0.403582 0.0747486 0.0301761 0.319252
0 0.71262 0.738859 0.0639811 0.0318584 0.315339
0 0.901885 0.304379 0.0366575 0.0195564 0.309534
0 0.983534 0.570611 0.032932 0.0322791 0.30889
0 0.780075 0.283793 0.0453761 0.0212644 0.306374
0 0.764047 0.616824 0.0636766 0.0367157 0.30461
0 0.708647 0.618945 0.052841 0.0345897 0.288385
0 0.96952 0.471405 0.0472683 0.0194559 0.281787
0 0.455518 0.270354 0.0544341 0.0186731 0.281163
0 0.143978 0.2918 0.029253 0.0146997 0.279711
0 0.0609254 0.652998 0.0455111 0.0182912 0.276202
0 0.364061 0.0282456 0.0375038 0.0159282 0.270716
0 0.0163237 0.0915246 0.032005 0.0393066 0.26983
0 0.789154 0.844568 0.080321 0.0459229 0.269644
0 0.0165721 0.776098 0.0318331 0.0231979 0.268797
0 0.975704 0.223556 0.0465469 0.0252711 0.264609
0 0.945811 0.255654 0.0377833 0.0163489 0.258069
0 0.954149 0.45026 0.0404381 0.0199179 0.256956
0 0.330425 0.301306 0.0439302 0.0187999 0.25695
0 0.819749 0.666916 0.0799253 0.0545342 0.256735
0 0.981581 0.24925 0.0332331 0.0151708 0.25634
0 0.787758 0.828346 0.0485911 0.0219101 0.256112
0 0.185083 0.295348 0.0369256 0.0157795 0.250185
