0 0.188809 0.400991 0.0249167 0.0368235 0.70735
0 0.882824 0.958587 0.0240246 0.0404687 0.707249
0 0.23505 0.506445 0.0289578 0.0534841 0.695207
0 0.798536 0.19046 0.0326511 0.0425674 0.66855
0 0.945316 0.402104 0.0289925 0.0430723 0.668354
0 0.965153 0.652047 0.0218964 0.0380868 0.663177
0 0.154781 0.470911 0.024242 0.0455387 0.649168
0 0.932633 0.170476 0.0247168 0.0628684 0.644695
0 0.964712 0.856413 0.0229469 0.0462568 0.641206
0 0.320286 0.0178121 0.0196819 0.0336178 0.634982
0 0.175932 0.737154 0.0223653 0.0460968 0.615099
0 0.825884 0.904431 0.0188853 0.030318 0.612952
0 0.901063 0.387425 0.0218128 0.0364762 0.611448
0 0.789297 0.10001 0.0270953 0.0456524 0.610518
0 0.202868 0.779359 0.0237775 0.0438568 0.61034
0 0.703375 0.499879 0.031042 0.0588664 0.609383
0 0.289166 0.603851 0.0240705 0.0443609 0.603044
0 0.757455 0.967842 0.0284193 0.0505371 0.601371
0 0.765583 0.704413 0.0200771 0.03848 0.600784
0 0.963193 0.181559 0.0217766 0.0417225 0.5999
0 0.141986 0.527808 0.02043 0.035643 0.594751
0 0.055744 0.131587 0.0166427 0.034815 0.593469
0 0.302 0.374586 0.0213933 0.036146 0.592311
0 0.163942 0.546698 0.022455 0.041125 0.590097
0 0.166047 0.382266 0.0191296 0.0341899 0.581864
0 0.971506 0.30389 0.0248314 0.0372489 0.576569
0 0.789648 0.144308 0.0213029 0.0267477 0.576329
0 0.962917 0.227978 0.0196236 0.0307906 0.569484
0 0.296692 0.46319 0.0215599 0.0371284 0.567967
0 0.441833 0.227351 0.0251987 0.0415135 0.567851
0 0.175713 0.29976 0.0183993 0.0293798 0.565779
0 0.850193 0.943044 0.028492 0.0442689 0.565756
0 0.950095 0.0917444 0.017864 0.0302597 0.565365
0 0.800024 0.0481652 0.0214356 0.0348833 0.56412
0 0.216194 0.343574 0.0149779 0.0259669 0.56358
0 0.0929852 0.257082 0.0183191 0.0325681 0.560015
0 0.12681 0.334176 0.0227623 0.0379855 0.559494
0 0.938905 0.227506 0.021185 0.0367986 0.559405
0 0.217151 0.0500707 0.0162184 0.0342765 0.55933
0 0.15715 0.607309 0.0169872 0.0296275 0.55922
0 0.212346 0.112867 0.0258318 0.0396833 0.557687
0 0.238219 0.125702 0.0263764 0.0502821 0.556705
0 0.813769 0.148604 0.0154854 0.0301665 0.556243
0 0.755975 0.820272 0.024947 0.0495219 0.552564
0 0.0815225 0.605671 0.021095 0.0332179 0.551831
0 0.832025 0.0422107 0.0279514 0.049003 0.551807
0 0.278406 0.513307 0.0308668 0.0525035 0.547609
0 0.129803 0.124472 0.0134279 0.0292535 0.543731
0 0.745324 0.774074 0.0203381 0.0396189 0.541521
0 0.13015 0.642869 0.0195304 0.0350803 0.541079
0 0.890992 0.49043 0.0220886 0.0387629 0.538144
0 0.0728722 0.0734519 0.0203426 0.0323581 0.537459
0 0.224385 0.443283 0.0177813 0.0321371 0.531838
0 0.853896 0.782979 0.0196918 0.0385322 0.528159
0 0.147555 0.133625 0.0160888 0.0295922 0.527804
0 0.112388 0.570417 0.0189854 0.0326645 0.52518
0 0.853669 0.610359 0.0215652 0.0443311 0.517854
0 0.834007 0.856315 0.0201483 0.0307237 0.516173
0 0.98731 0.8517 0.0159938 0.0319188 0.51604
0 0.117421 0.669594 0.0189659 0.0298609 0.513295
0 0.139898 0.0985123 0.0121091 0.027281 0.509048
0 0.0132021 0.126282 0.0154733 0.026368 0.506622
0 0.518803 0.105187 0.0175774 0.0289493 0.496851
0 0.00454344 0.257292 0.00908689 0.0232878 0.495763
0 0.199509 0.558947 0.0181952 0.0312531 0.482058
0 0.0562378 0.178117 0.0174087 0.0244242 0.48115
0 0.331787 0.354952 0.0263592 0.0450562 0.478889
0 0.0656266 0.550583 0.0143381 0.0237155 0.478322
0 0.181094 0.444413 0.0186009 0.039674 0.473445
0 0.0826528 0.0133195 0.0261441 0.0262724 0.469803
0 0.206995 0.0117728 0.0155716 0.0219743 0.468772
0 0.148806 0.0709908 0.0155015 0.034013 0.464522
0 0.026461 0.170774 0.0203213 0.0389128 0.464451
0 0.0396578 0.199132 0.0122 0.0292802 0.464306
0 0.808093 0.872586 0.0198425 0.0290192 0.463693
0 0.729096 0.807553 0.015178 0.0298845 0.45846
0 0.115736 0.378673 0.0206218 0.0275426 0.457819
0 0.0133724 0.0592816 0.0188069 0.0339467 0.456846
0 0.873904 0.217794 0.0188404 0.0285539 0.456762
0 0.280215 0.0208397 0.0252867 0.0394293 0.456416
0 0.158711 0.724266 0.0147924 0.0341875 0.454959
0 0.18312 0.152339 0.013197 0.0214204 0.454525
0 0.988633 0.630317 0.0216553 0.0311179 0.454234
0 0.259453 0.723656 0.0254344 0.0375736 0.453017
0 0.991749 0.737265 0.0165015 0.0381709 0.450806
0 0.870684 0.0152369 0.0212082 0.0301538 0.449377
0 0.835304 0.137755 0.0194626 0.0324863 0.448817
0 0.895773 0.918071 0.0156834 0.0282172 0.448316
0 0.829977 0.185605 0.019891 0.0468834 0.444782
0 0.509525 0.185281 0.0213158 0.03337 0.442182
0 0.101961 0.0537608 0.0226877 0.0428501 0.441387
0 0.242696 0.45545 0.0153426 0.026997 0.441285
0 0.238307 0.907066 0.0246338 0.0503706 0.437731
0 0.750267 0.080108 0.0183559 0.0270471 0.436484
0 0.68969 0.257446 0.0128757 0.0214864 0.435635
0 0.25239 0.873715 0.014948 0.0231632 0.434226
0 0.80559 0.757754 0.027231 0.0457567 0.432355
0 0.877197 0.804811 0.0245104 0.0509171 0.429536
0 0.876065 0.817355 0.0242512 0.0368808 0.427388
0 0.235637 0.723815 0.0161501 0.0293111 0.42673
0 0.132988 0.600111 0.0191806 0.0310201 0.423754
0 0.97124 0.960359 0.0233517 0.0418175 0.423739
0 0.881805 0.175702 0.0308495 0.0580455 0.423494
0 0.973884 0.964548 0.0266266 0.0450795 0.422318
0 0.12805 0.0571955 0.014691 0.0328099 0.421752
0 0.266422 0.242274 0.0221489 0.0367738 0.419966
0 0.753369 0.652594 0.0226802 0.045618 0.419516
0 0.984431 0.911403 0.0204678 0.0390896 0.41812
0 0.90439 0.10159 0.0152744 0.0227536 0.415428
0 0.257066 0.480358 0.0226273 0.0358567 0.414164
0 0.993347 0.977955 0.0133059 0.0415048 0.409511
0 0.46796 0.0787279 0.0217947 0.0383498 0.405708
0 0.150691 0.0732896 0.0150603 0.031923 0.405421
0 0.373616 0.252291 0.015213 0.0257632 0.404482
0 0.0109355 0.209216 0.0198582 0.0458968 0.404098
0 0.0531298 0.085562 0.0160935 0.0244322 0.403916
0 0.73702 0.493918 0.0213081 0.0362866 0.403171
0 0.863363 0.492986 0.025219 0.0398071 0.400248
0 0.194004 0.35168 0.020323 0.0377555 0.392217
0 0.970115 0.0867829 0.0167534 0.0297784 0.391456
0 0.380418 0.193649 0.0169664 0.0280408 0.390731
0 0.165619 0.121028 0.0165578 0.0343644 0.390624
0 0.194038 0.620222 0.0151243 0.0246763 0.389211
0 0.0959668 0.111291 0.0197781 0.0345377 0.388721
0 0.213608 0.389073 0.0184711 0.0362134 0.388636
0 0.468804 0.234646 0.0167471 0.0314823 0.38853
0 0.745126 0.0424579 0.0208357 0.0357036 0.386631
0 0.122531 0.443884 0.0168243 0.0285346 0.386497
0 0.202344 0.0400471 0.0122531 0.023851 0.384538
0 0.92084 0.116928 0.0178398 0.0318622 0.384101
0 0.0990971 0.113327 0.0253182 0.0408712 0.380895
0 0.765989 0.774028 0.0160751 0.0300415 0.378733
0 0.830051 0.816557 0.0203838 0.0333274 0.372107
0 0.457501 0.0320849 0.0191414 0.0289612 0.369427
0 0.239326 0.0160541 0.0212295 0.031265 0.369412
0 0.764488 0.106992 0.0146423 0.0292555 0.366205
0 0.208625 0.286339 0.0169808 0.0312265 0.360313
0 0.710529 0.048754 0.0163158 0.0355067 0.357756
0 0.991216 0.285947 0.0170835 0.0267491 0.356226
0 0.712815 0.725839 0.0182404 0.0333727 0.355741
0 0.113209 0.631054 0.0175709 0.0329694 0.354282
0 0.181667 0.024913 0.0237235 0.0382932 0.353652
0 0.143555 0.403767 0.0209829 0.0368481 0.351346
0 0.0114 0.527149 0.0212699 0.0355906 0.349069
0 0.735675 0.105162 0.0208825 0.0335278 0.347378
0 0.156201 0.412052 0.0138868 0.0221302 0.347231
0 0.906726 0.760247 0.0234098 0.0352944 0.343201
0 0.457755 0.284496 0.0170343 0.0306801 0.33845
0 0.193067 0.665658 0.0269107 0.0462799 0.332046
0 0.916513 0.906345 0.013974 0.0252292 0.331912
0 0.0871441 0.559634 0.0178591 0.028845 0.331822
0 0.441813 0.0182094 0.0181005 0.023365 0.32948
0 0.00829606 0.562254 0.0165115 0.0323884 0.327839
0 0.092901 0.810117 0.0371631 0.0624695 0.32673
0 0.217393 0.54439 0.0184001 0.0353951 0.324153
0 0.852655 0.1914 0.0279303 0.06187 0.323355
0 0.480805 0.0192624 0.0277546 0.0374841 0.319083
0 0.221077 0.880666 0.020372 0.0413537 0.318677
0 0.49026 0.308166 0.0281384 0.046868 0.31575
0 0.242983 0.978003 0.0312211 0.0426751 0.31523
0 0.837537 0.771685 0.0170002 0.0373528 0.314071
0 0.848994 0.488448 0.0114098 0.0263045 0.313028
0 0.446176 0.400556 0.0265385 0.0441532 0.31247
0 0.163714 0.330068 0.017415 0.0358117 0.311944
0 0.105744 0.307869 0.0174629 0.0248316 0.309013
0 0.953626 0.606046 0.0177776 0.0315965 0.308538
0 0.210356 0.19775 0.0223189 0.0330657 0.308495
0 0.900951 0.198986 0.0137724 0.0223888 0.30479
0 0.778098 0.756837 0.0221455 0.0357815 0.304406
0 0.0774073 0.654657 0.0269058 0.0357461 0.304141
0 0.0445992 0.0279143 0.0220656 0.0330505 0.298315
0 0.925654 0.292188 0.0352222 0.0571728 0.298107
0 0.167446 0.968473 0.0208341 0.0397208 0.296569
0 0.0893206 0.144878 0.0184095 0.0329747 0.295328
0 0.87817 0.797699 0.023019 0.0401099 0.293804
0 0.0214163 0.0142896 0.0161055 0.0269346 0.2937
0 0.931206 0.649721 0.0200985 0.0332202 0.292419
0 0.674149 0.0653617 0.0199224 0.0325451 0.292238
0 0.124633 0.286399 0.0191095 0.0341008 0.291969
0 0.692314 0.695239 0.0289012 0.0826926 0.289385
0 0.2937 0.672622 0.02729 0.0584851 0.289045
0 0.164793 0.161722 0.0182079 0.0287176 0.287614
0 0.958318 0.0504442 0.014756 0.0265366 0.284413
0 0.259061 0.575089 0.0139775 0.0257075 0.281289
0 0.243347 0.0651203 0.0304229 0.0478259 0.27935
0 0.0212852 0.0187371 0.0164321 0.0244466 0.278432
0 0.238535 0.0660262 0.0244247 0.0433803 0.275471
0 0.0130234 0.374144 0.0185095 0.0321164 0.275459
0 0.214454 0.724958 0.0221741 0.0395623 0.275226
0 0.883885 0.0599431 0.016301 0.0302979 0.273119
0 0.918967 0.727566 0.0196125 0.0303789 0.270186
0 0.725872 0.0539627 0.0184797 0.0366619 0.269156
0 0.169917 0.0545006 0.0127293 0.0222265 0.265966
0 0.030709 0.799714 0.0173675 0.030751 0.265672
0 0.118656 0.154633 0.0227774 0.0322425 0.264216
0 0.00243078 0.801274 0.00483143 0.0408213 0.261761
0 0.719194 0.559442 0.0166115 0.0290614 0.261564
0 0.737937 0.341029 0.0254377 0.0437224 0.261165
0 0.975672 0.80122 0.027927 0.0475121 0.259678
0 0.938251 0.0549879 0.017062 0.0359728 0.258399
0 0.0128546 0.213582 0.021794 0.049258 0.258072
0 0.991735 0.132108 0.016531 0.026148 0.25571
0 0.0433718 0.61755 0.0193551 0.0272306 0.254954
0 0.0575505 0.589083 0.0221631 0.0369188 0.252484
0 0.154679 0.656959 0.0174273 0.0280362 0.250927
0 0.944893 0.508581 0.0144611 0.0309569 0.250855
0 0.288521 0.0489524 0.0189219 0.0335561 0.250777
0 0.942903 0.988653 0.0184227 0.02211 0.25008
