0 0.0520429 0.0485296 0.0240834 0.0394492 0.68131
0 0.739086 0.544198 0.02904 0.0575281 0.680304
0 0.403094 0.858471 0.0288895 0.0517849 0.680293
0 0.0557957 0.0912366 0.0186932 0.0316481 0.676067
0 0.796829 0.556294 0.0202784 0.037095 0.675995
0 0.209772 0.733828 0.0294539 0.049301 0.669142
0 0.907014 0.815541 0.0215595 0.0385571 0.665254
0 0.125575 0.886552 0.0213063 0.0400859 0.66388
0 0.782353 0.825625 0.0231224 0.042077 0.660526
0 0.0305629 0.191779 0.020564 0.0391404 0.655077
0 0.0800499 0.0509938 0.0204588 0.0355897 0.65251
0 0.889921 0.618875 0.0310648 0.0506256 0.651557
0 0.770322 0.980209 0.0195295 0.0353456 0.649995
0 0.147882 0.839916 0.0228467 0.0323356 0.649948
0 0.517224 0.302857 0.0159466 0.02848 0.648059
0 0.5547 0.400537 0.0201552 0.0377341 0.647973
0 0.471979 0.815126 0.0221107 0.0373147 0.646102
0 0.466894 0.927246 0.0198668 0.0390462 0.644326
0 0.626717 0.666192 0.0147401 0.0345337 0.643991
0 0.580581 0.814241 0.0203765 0.0335008 0.642745
0 0.544615 0.710673 0.0206789 0.0332997 0.642708
0 0.512919 0.200363 0.0251294 0.041491 0.642635
0 0.614316 0.490932 0.0169478 0.033571 0.642501
0 0.243112 0.623894 0.0208009 0.0405643 0.64175
0 0.574866 0.891202 0.0154202 0.0273353 0.639729
0 0.06334 0.729126 0.0243585 0.0402764 0.639547
0 0.609798 0.728631 0.0182835 0.0362688 0.639046
0 0.739908 0.117979 0.0226549 0.0392536 0.638468
0 0.0807112 0.292576 0.0216379 0.0396384 0.63817
0 0.670534 0.454479 0.0180494 0.0328133 0.637023
0 0.804873 0.406627 0.0172504 0.029483 0.636966
0 0.597066 0.782407 0.0234919 0.0495317 0.636739
0 0.842555 0.478559 0.0249344 0.0438869 0.635726
0 0.442959 0.93127 0.0193166 0.0351352 0.635612
0 0.958711 0.7065 0.0213085 0.0392541 0.634495
0 0.690293 0.489191 0.0161887 0.0278715 0.634277
0 0.635277 0.499942 0.0167748 0.0327315 0.634266
0 0.366375 0.857687 0.0216557 0.0399614 0.632942
0 0.798673 0.213683 0.0175117 0.0413554 0.631906
0 0.154648 0.618285 0.0195944 0.0378526 0.630953
0 0.843565 0.559645 0.0155296 0.0354152 0.630624
0 0.251311 0.705839 0.0191832 0.0384772 0.630555
0 0.622087 0.0223864 0.0234398 0.0372117 0.630357
0 0.557239 0.900995 0.0149364 0.0330509 0.629012
0 0.692358 0.732023 0.0211185 0.0370806 0.628517
0 0.918101 0.937042 0.0177808 0.0325904 0.62808
0 0.820002 0.569424 0.01449 0.0297628 0.627812
0 0.583432 0.21079 0.0154725 0.0300507 0.627078
0 0.455889 0.968054 0.0234755 0.0343189 0.626472
0 0.610543 0.532291 0.0139506 0.0321328 0.625482
0 0.0484763 0.860736 0.0194234 0.0336582 0.623846
0 0.52213 0.608025 0.0158421 0.0306536 0.62326
0 0.0794787 0.70163 0.0157882 0.0297613 0.622482
0 0.081887 0.153797 0.0175135 0.0322514 0.622356
0 0.713956 0.139252 0.0214205 0.0355631 0.62192
0 0.364638 0.289636 0.0184169 0.041747 0.621164
0 0.579931 0.961619 0.020327 0.0348677 0.619884
0 0.662004 0.748808 0.0188833 0.0401499 0.619802
0 0.691608 0.790747 0.0229773 0.0373023 0.61938
0 0.613942 0.845571 0.0173531 0.0337568 0.619319
0 0.966774 0.332738 0.0195702 0.0344705 0.618879
0 0.113982 0.941975 0.0196604 0.031546 0.618862
0 0.611528 0.278971 0.0183128 0.0313165 0.618178
0 0.456838 0.720466 0.0161016 0.0320658 0.617108
0 0.454932 0.67545 0.0196693 0.0360461 0.616238
0 0.94045 0.0656314 0.0138828 0.0301002 0.615007
0 0.825597 0.17509 0.0201164 0.0384641 0.614672
0 0.186407 0.913621 0.0158059 0.0320943 0.614532
0 0.0956502 0.377088 0.0253334 0.0461516 0.614474
0 0.143188 0.940909 0.0171528 0.0293257 0.614447
0 0.970339 0.130605 0.0190723 0.0334493 0.612984
0 0.24313 0.0625967 0.0173046 0.0283816 0.612582
0 0.564646 0.259269 0.0148826 0.031013 0.611609
0 0.407795 0.11038 0.0180752 0.0326374 0.610647
0 0.571021 0.356248 0.0255416 0.043804 0.610219
0 0.629313 0.0817782 0.0169601 0.0328999 0.609713
0 0.391839 0.247975 0.0160248 0.0313518 0.609601
0 0.0917822 0.954356 0.0215607 0.0418562 0.609512
0 0.4338 0.402585 0.0200211 0.0385591 0.609211
0 0.714023 0.458426 0.0143713 0.0309473 0.608723
0 0.5775 0.927028 0.011837 0.0244898 0.608278
0 0.482062 0.122091 0.0166912 0.0309079 0.607379
0 0.0516937 0.525338 0.0138086 0.0299485 0.606112
0 0.636429 0.138773 0.0185358 0.0336328 0.605615
0 0.219396 0.877357 0.0154547 0.0231033 0.605086
0 0.500967 0.834551 0.0135168 0.0269797 0.604773
0 0.118041 0.0595607 0.0146474 0.0309769 0.604067
0 0.152003 0.907436 0.0162317 0.0293732 0.603885
0 0.955763 0.259882 0.0180744 0.0312208 0.603768
0 0.50918 0.863606 0.0128189 0.0282303 0.602524
0 0.722047 0.504723 0.0242052 0.0435304 0.602444
0 0.320221 0.245693 0.0217767 0.0465776 0.601383
0 0.0155589 0.12602 0.0154698 0.0283215 0.601334
0 0.398894 0.942867 0.0218948 0.047054 0.600968
0 0.692887 0.926619 0.0171169 0.0361289 0.599802
0 0.410848 0.687132 0.0175067 0.0319448 0.598346
0 0.888824 0.699365 0.0163147 0.0359356 0.597398
0 0.913669 0.247187 0.020476 0.0335797 0.597064
0 0.939062 0.117998 0.0182373 0.032971 0.596513
0 0.00776361 0.0763005 0.015412 0.0370281 0.596433
0 0.696593 0.427672 0.0163696 0.0351816 0.596176
0 0.435351 0.730441 0.0206049 0.0364756 0.595657
0 0.728923 0.276515 0.017578 0.0371436 0.595631
0 0.844324 0.157947 0.0171848 0.0300043 0.593442
0 0.801221 0.741062 0.0137847 0.0376039 0.593177
0 0.852894 0.260488 0.0214924 0.0429125 0.592777
0 0.156657 0.966329 0.0182714 0.0304554 0.592703
0 0.205977 0.0564113 0.0225554 0.0391991 0.592576
0 0.146148 0.764016 0.0158665 0.0303236 0.592279
0 0.386777 0.31351 0.0194139 0.0321318 0.592088
0 0.890314 0.276408 0.0187233 0.0377343 0.591774
0 0.726831 0.879963 0.0193336 0.0390171 0.591401
0 0.606914 0.182141 0.0225787 0.0386824 0.589993
0 0.431652 0.0474283 0.0170626 0.0322439 0.589798
0 0.949796 0.793717 0.0190527 0.0350778 0.589619
0 0.39259 0.683233 0.0138989 0.0253994 0.588805
0 0.341143 0.147741 0.0197776 0.0351629 0.588709
0 0.632765 0.747221 0.0172451 0.0308767 0.587746
0 0.154134 0.464778 0.016397 0.032242 0.587097
0 0.948405 0.632699 0.0154987 0.0448957 0.586488
0 0.448346 0.259961 0.018561 0.0304139 0.585233
0 0.85727 0.750492 0.0192796 0.0371716 0.58523
0 0.99129 0.311982 0.0174197 0.0334615 0.585008
0 0.8299 0.423914 0.0164356 0.0303808 0.584942
0 0.0492903 0.599112 0.0174944 0.0318889 0.584401
0 0.439405 0.88434 0.0214906 0.0431035 0.583979
0 0.65031 0.611662 0.0175882 0.0304062 0.583565
0 0.276196 0.410138 0.0172786 0.0331796 0.582957
0 0.266213 0.744319 0.0224578 0.0400821 0.582782
0 0.558008 0.161835 0.0181648 0.0366585 0.582272
0 0.464866 0.300743 0.0135139 0.0242507 0.581544
0 0.518305 0.765236 0.023976 0.0487464 0.581035
0 0.262016 0.966268 0.0198177 0.0326392 0.580757
0 0.495071 0.593145 0.0151062 0.0236961 0.578773
0 0.501452 0.625483 0.0157682 0.0320856 0.577908
0 0.195038 0.960006 0.0160657 0.0343871 0.577752
0 0.266032 0.822564 0.0149483 0.0324688 0.576749
0 0.458387 0.44677 0.0149184 0.0253499 0.576392
0 0.549952 0.28472 0.0145046 0.025387 0.576388
0 0.429031 0.595549 0.0191746 0.0437625 0.575912
0 0.688538 0.0264903 0.0225817 0.0389011 0.575891
0 0.92626 0.70677 0.021582 0.0403951 0.575487
0 0.0210688 0.86618 0.013284 0.0289242 0.575064
0 0.281486 0.293261 0.0177235 0.0377776 0.574744
0 0.0522603 0.303542 0.0248794 0.0449247 0.574356
0 0.681062 0.535538 0.0166679 0.0385146 0.573952
0 0.792176 0.341992 0.0166363 0.0294557 0.573856
0 0.699902 0.860986 0.0162477 0.0293145 0.573402
0 0.171947 0.93252 0.0166108 0.0351241 0.573348
0 0.628636 0.814734 0.0192131 0.0328824 0.572501
0 0.919566 0.180769 0.0154266 0.0253736 0.572341
0 0.902617 0.315796 0.0153265 0.0377573 0.572157
0 0.847791 0.638222 0.0147457 0.027926 0.571964
0 0.622417 0.552049 0.0115938 0.0271982 0.571294
0 0.534185 0.0829848 0.0148312 0.0335172 0.570423
0 0.704327 0.892755 0.0194895 0.0362944 0.570332
0 0.315467 0.949115 0.0147329 0.0313171 0.569036
0 0.628367 0.235171 0.0151876 0.0252327 0.568594
0 0.0981381 0.272483 0.0138467 0.0279741 0.568041
0 0.483356 0.318902 0.0120138 0.024277 0.567248
0 0.742886 0.923296 0.0198347 0.0331065 0.566758
0 0.00994291 0.774474 0.0182768 0.0365492 0.565876
0 0.946386 0.406331 0.0239319 0.0424739 0.563906
0 0.62669 0.340448 0.0195051 0.0403529 0.563618
0 0.386522 0.158182 0.0183868 0.0339833 0.5632
0 0.65722 0.258662 0.0172581 0.032182 0.563198
0 0.102017 0.0566967 0.0139318 0.0275294 0.562067
0 0.376904 0.682152 0.0110507 0.0215834 0.561775
0 0.936369 0.381698 0.0177797 0.0314782 0.561599
0 0.221792 0.917506 0.0152608 0.0304039 0.56144
0 0.459921 0.854349 0.0136096 0.0288991 0.560726
0 0.554862 0.860878 0.0208508 0.0349336 0.560445
0 0.303184 0.202525 0.0232505 0.041411 0.559775
0 0.450573 0.206494 0.021604 0.0372856 0.559171
0 0.0422181 0.745626 0.017491 0.0288583 0.558065
0 0.0264361 0.919362 0.0137398 0.027987 0.5576
0 0.751122 0.708949 0.0162621 0.0310703 0.557535
0 0.697627 0.198555 0.0230117 0.045887 0.557508
0 0.0650305 0.802798 0.0145787 0.0272742 0.555114
0 0.46475 0.400049 0.0120258 0.0226222 0.554979
0 0.168115 0.0853641 0.0202471 0.0323522 0.554498
0 0.510671 0.898397 0.0113831 0.0243639 0.553721
0 0.684856 0.682899 0.0230881 0.0318138 0.552726
0 0.928865 0.964383 0.0237619 0.0328217 0.552583
0 0.588589 0.702335 0.0222822 0.0361104 0.552211
0 0.874505 0.474151 0.0166767 0.0342536 0.551763
0 0.959282 0.754241 0.0228207 0.0424015 0.551617
0 0.255414 0.581563 0.0160845 0.029276 0.550835
0 0.587926 0.509895 0.0178335 0.032134 0.549749
0 0.32395 0.0256969 0.010301 0.0221295 0.548574
0 0.230965 0.434602 0.01745 0.0367625 0.547849
0 0.502906 0.335395 0.0138396 0.0215731 0.547245
0 0.037334 0.635539 0.0182562 0.0316698 0.546997
0 0.220406 0.77591 0.0169135 0.0266997 0.546838
0 0.139309 0.789867 0.013972 0.0244658 0.544792
0 0.0358407 0.137057 0.0191577 0.0335827 0.544368
0 0.285743 0.255179 0.0174523 0.032471 0.543271
0 0.431416 0.209003 0.0151947 0.0316343 0.541833
0 0.768645 0.627505 0.0185898 0.0324575 0.541659
0 0.106076 0.0913423 0.0202849 0.036059 0.541633
0 0.610579 0.57514 0.0113607 0.0296243 0.541214
0 0.813062 0.913577 0.0165747 0.0382771 0.541
0 0.310779 0.0571982 0.0169462 0.0326098 0.540234
0 0.851094 0.212907 0.0176373 0.0325256 0.539918
0 0.200089 0.363071 0.0196768 0.0347181 0.539328
0 0.204652 0.923484 0.01812 0.0345768 0.536801
0 0.826434 0.526945 0.0163351 0.0325173 0.536674
0 0.0497335 0.560998 0.0143808 0.0274495 0.53522
0 0.743129 0.17374 0.018375 0.0385194 0.534763
0 0.343431 0.866781 0.0191497 0.0375166 0.532339
0 0.442046 0.355027 0.0179012 0.032609 0.532291
0 0.14716 0.729083 0.0151609 0.0333657 0.532092
0 0.582194 0.39871 0.0161039 0.0294218 0.530759
0 0.475871 0.264575 0.0149597 0.0322424 0.530373
0 0.222604 0.204164 0.0183381 0.0350826 0.530129
0 0.683212 0.351203 0.0171946 0.0380198 0.529925
0 0.91738 0.019283 0.0201342 0.0326746 0.5295
0 0.603792 0.609363 0.0139563 0.0238641 0.528427
0 0.393387 0.722713 0.0178482 0.03068 0.528397
0 0.902662 0.151628 0.0149559 0.0322812 0.528391
0 0.32691 0.387796 0.0098136 0.0297361 0.528265
0 0.553674 0.317439 0.0135498 0.0216748 0.52768
0 0.408274 0.0465846 0.0157616 0.0325463 0.527589
0 0.287659 0.100204 0.0182766 0.0306592 0.527434
0 0.561942 0.807504 0.0144755 0.0380378 0.526373
0 0.591996 0.912863 0.0137619 0.0290415 0.526268
0 0.272254 0.484751 0.0186375 0.0340259 0.525145
0 0.775151 0.133473 0.0164345 0.0238654 0.524824
0 0.802768 0.47935 0.020244 0.031704 0.524787
0 0.649776 0.197952 0.020477 0.0306951 0.523897
0 0.489077 0.561887 0.0174586 0.0317539 0.523564
0 0.411495 0.146888 0.019628 0.0272493 0.523275
0 0.00690599 0.40038 0.0128943 0.0206148 0.522448
0 0.040261 0.912256 0.0119533 0.0221091 0.522251
0 0.832426 0.608284 0.015411 0.0416795 0.521936
0 0.0617613 0.39465 0.0237066 0.0469977 0.521914
0 0.541761 0.468815 0.0130386 0.0244283 0.521828
0 0.911357 0.364774 0.0172672 0.0316188 0.521713
0 0.635281 0.423885 0.0179883 0.031987 0.520779
0 0.270913 0.230701 0.0144281 0.0269085 0.519516
0 0.820782 0.103462 0.0129101 0.0239852 0.519148
0 0.36365 0.622062 0.0174158 0.0268826 0.517404
0 0.144108 0.100959 0.0193252 0.0303104 0.517055
0 0.760417 0.680437 0.014466 0.0287383 0.515846
0 0.93567 0.844366 0.0219779 0.0450337 0.515168
0 0.275985 0.345096 0.0246335 0.0471001 0.515167
0 0.505475 0.161619 0.0193817 0.0283805 0.514557
0 0.888642 0.428338 0.0197999 0.0541606 0.514148
0 0.370531 0.219744 0.0157776 0.0306807 0.513632
0 0.394168 0.632291 0.0125966 0.0257823 0.512971
0 0.821064 0.459516 0.0120247 0.036839 0.512018
0 0.827648 0.323924 0.0184714 0.0395317 0.511138
0 0.605311 0.907042 0.014226 0.0257677 0.510515
0 0.504518 0.36666 0.0173433 0.0334832 0.510405
0 0.943914 0.220335 0.0150613 0.0324812 0.509582
0 0.794905 0.297185 0.0180613 0.0332015 0.509456
0 0.553237 0.0926951 0.0129246 0.0245423 0.509002
0 0.823994 0.388776 0.0160862 0.0257172 0.507833
0 0.0289746 0.540087 0.0146618 0.0288667 0.507308
0 0.538584 0.337633 0.0100601 0.0232329 0.507065
0 0.900569 0.212207 0.017318 0.0282998 0.50619
0 0.00855463 0.954719 0.0149778 0.0277822 0.505614
0 0.575444 0.663317 0.0116831 0.0254912 0.505002
0 0.526127 0.655902 0.0171214 0.0304048 0.503868
0 0.148976 0.0292097 0.0295609 0.0506515 0.503866
0 0.719793 0.390973 0.0175509 0.0316289 0.503226
0 0.0332972 0.467924 0.0144851 0.0271685 0.502942
0 0.786038 0.90919 0.0124456 0.0222308 0.50249
0 0.549443 0.9753 0.0214172 0.0413815 0.502438
0 0.567004 0.0493274 0.0193757 0.0379579 0.502336
0 0.56786 0.200504 0.0114061 0.021568 0.502084
0 0.550565 0.65368 0.0204581 0.036684 0.498692
0 0.680448 0.635492 0.0170994 0.0331507 0.498597
0 0.455605 0.0115704 0.0165441 0.0230706 0.497585
0 0.254176 0.430559 0.022786 0.036254 0.497486
0 0.776344 0.312058 0.0124092 0.0249686 0.497375
0 0.166818 0.752723 0.019568 0.0401744 0.497287
0 0.654115 0.560522 0.0217636 0.0514483 0.497127
0 0.539777 0.0201975 0.0201624 0.0391115 0.497083
0 0.229218 0.960336 0.0167448 0.0313673 0.49575
0 0.706547 0.0651371 0.0164375 0.0289408 0.49134
0 0.026762 0.677048 0.0147295 0.031626 0.491213
0 0.778342 0.409162 0.0136627 0.0258265 0.491119
0 0.731706 0.810375 0.0188131 0.040724 0.491107
0 0.412456 0.798937 0.0166822 0.0306658 0.490877
0 0.975013 0.17863 0.0165432 0.0272818 0.490528
0 0.479304 0.847401 0.0157876 0.0235026 0.489727
0 0.0692793 0.522649 0.0126381 0.0274014 0.48893
0 0.0683815 0.337869 0.0194009 0.0337591 0.487863
0 0.31027 0.324686 0.0172674 0.0331132 0.487014
0 0.183255 0.402927 0.0217345 0.0366998 0.486651
0 0.355081 0.548178 0.019477 0.0338143 0.486128
0 0.218752 0.66844 0.0285208 0.0540649 0.485557
0 0.677366 0.838278 0.0191015 0.0437415 0.484936
0 0.0247954 0.757879 0.0155512 0.0284504 0.484237
0 0.768056 0.430381 0.0128445 0.0234951 0.483895
0 0.172085 0.891609 0.0148534 0.0233663 0.482848
0 0.149253 0.18672 0.0214988 0.0394608 0.482748
0 0.836399 0.965845 0.0154002 0.0320116 0.482138
0 0.912054 0.851922 0.0159031 0.0284167 0.48188
0 0.737665 0.41688 0.0160734 0.0314816 0.481591
0 0.372129 0.0388225 0.0236574 0.0390635 0.481155
0 0.230307 0.842101 0.020243 0.0473297 0.48088
0 0.862882 0.110223 0.015143 0.0259649 0.480418
0 0.658657 0.517261 0.0153923 0.0324587 0.480172
0 0.0298373 0.0790447 0.0192476 0.0276882 0.479936
0 0.341476 0.227784 0.0128064 0.0229621 0.479907
0 0.507957 0.408042 0.0251543 0.0381626 0.479384
0 0.82111 0.792816 0.0197021 0.0384072 0.47883
0 0.802332 0.666382 0.0220983 0.0414344 0.478791
0 0.78205 0.697314 0.0117512 0.0328188 0.477943
0 0.180544 0.985283 0.0152223 0.0276658 0.477784
0 0.93601 0.923785 0.0165771 0.0326162 0.477768
0 0.789435 0.588722 0.011702 0.0219435 0.477227
0 0.0243238 0.0206597 0.0220264 0.039744 0.477112
0 0.288591 0.728665 0.0186519 0.0320653 0.475904
0 0.599109 0.461881 0.0184629 0.0325234 0.475431
0 0.329061 0.063014 0.0139598 0.0207613 0.474381
0 0.594481 0.248813 0.0118009 0.0365325 0.474026
0 0.44696 0.299919 0.015995 0.0232222 0.473774
0 0.281181 0.191907 0.011615 0.0368471 0.473636
0 0.0788285 0.23533 0.0193751 0.037946 0.473613
0 0.675875 0.407658 0.0138747 0.0289691 0.473115
0 0.400526 0.288239 0.0165964 0.0298071 0.472337
0 0.309793 0.565234 0.0132555 0.0264581 0.472221
0 0.308502 0.102468 0.0139157 0.0250583 0.472155
0 0.630013 0.0496411 0.0133101 0.024677 0.472135
0 0.917993 0.670339 0.0188753 0.0333605 0.471893
0 0.484809 0.454881 0.0157752 0.0287306 0.470815
0 0.803698 0.137842 0.0201206 0.0330287 0.469765
0 0.0207712 0.38606 0.0142105 0.031198 0.469661
0 0.715818 0.977048 0.0162265 0.0239173 0.469182
0 0.622078 0.395753 0.0171206 0.0363163 0.469054
0 0.0534587 0.693476 0.0157905 0.0260236 0.468422
0 0.22667 0.0395813 0.0135188 0.0234546 0.468361
0 0.718527 0.586248 0.0152279 0.036199 0.468125
0 0.832252 0.845932 0.0159672 0.0301897 0.468104
0 0.543465 0.578668 0.0118512 0.0307063 0.46717
0 0.247324 0.784063 0.0150494 0.0314874 0.467069
0 0.262401 0.0943649 0.0234948 0.0440483 0.465071
0 0.374557 0.0987931 0.0194099 0.0298855 0.465054
0 0.141699 0.98082 0.0161579 0.0329608 0.465028
0 0.530785 0.943421 0.0177256 0.0299424 0.464858
0 0.73186 0.359148 0.014799 0.0294135 0.464358
0 0.628332 0.917726 0.02069 0.0311242 0.463894
0 0.00590713 0.0357704 0.0117142 0.0343256 0.463567
0 0.250463 0.36221 0.0167161 0.0311791 0.463288
0 0.9186 0.518328 0.0170761 0.0287448 0.462738
0 0.399762 0.467234 0.0231201 0.0389782 0.462333
0 0.324637 0.473876 0.0283286 0.0426161 0.462247
0 0.555682 0.486336 0.0163033 0.0311189 0.462174
0 0.43339 0.510139 0.0126566 0.0303259 0.461493
0 0.649158 0.836914 0.0194893 0.0319646 0.459817
0 0.932462 0.460272 0.026812 0.0373986 0.459331
0 0.520327 0.341103 0.0111872 0.021647 0.458945
0 0.535204 0.179104 0.0143964 0.0294439 0.457209
0 0.580616 0.138999 0.0127029 0.0245022 0.456166
0 0.288028 0.595496 0.0157056 0.0240712 0.45594
0 0.76179 0.376702 0.0187153 0.0343368 0.455779
0 0.886968 0.338477 0.014415 0.0344079 0.455759
0 0.564715 0.946687 0.012731 0.0215139 0.455362
0 0.305042 0.495274 0.0125141 0.026315 0.454266
0 0.513203 0.535045 0.0174515 0.0330992 0.454246
0 0.775402 0.0951589 0.017944 0.0333179 0.453814
0 0.718346 0.673679 0.0147999 0.0275424 0.453543
0 0.714842 0.362766 0.0147079 0.0228056 0.453479
0 0.166407 0.798556 0.0300684 0.0485301 0.452338
0 0.844319 0.0343659 0.0156792 0.034067 0.452252
0 0.587854 0.859082 0.016637 0.0330327 0.451024
0 0.142332 0.135974 0.0190198 0.0332645 0.450712
0 0.816962 0.838071 0.0154491 0.0274051 0.450506
0 0.36243 0.65415 0.0150629 0.0237064 0.450023
0 0.233217 0.100991 0.0137925 0.0262874 0.449936
0 0.258266 0.282283 0.020556 0.0253748 0.44983
0 0.646612 0.297222 0.0141445 0.024933 0.447436
0 0.881766 0.860894 0.0160629 0.0304423 0.447332
0 0.0101371 0.898206 0.0160393 0.0280087 0.447185
0 0.222902 0.0882306 0.0148587 0.0257227 0.445996
0 0.606095 0.940686 0.0168783 0.0274007 0.445326
0 0.0166172 0.614035 0.0126396 0.0263112 0.444928
0 0.70322 0.255394 0.0248392 0.042739 0.444539
0 0.826327 0.881249 0.0115849 0.0267632 0.443482
0 0.556612 0.752537 0.0184004 0.0345344 0.443146
0 0.372208 0.58434 0.0165679 0.0314236 0.443014
0 0.011182 0.21259 0.0200557 0.0383253 0.442977
0 0.345026 0.651573 0.0159094 0.0293745 0.44297
0 0.0640963 0.0109399 0.025086 0.0208691 0.441741
0 0.538151 0.798272 0.0170986 0.0285038 0.441705
0 0.983468 0.798221 0.0207901 0.0400955 0.440996
0 0.516288 0.47906 0.0211931 0.04389 0.440654
0 0.303008 0.294072 0.0151393 0.0277327 0.440372
0 0.419149 0.374251 0.0151993 0.0252324 0.439846
0 0.24324 0.944178 0.015389 0.0297492 0.438486
0 0.673997 0.712165 0.0152978 0.0271284 0.438128
0 0.120295 0.846976 0.0172871 0.0325131 0.435329
0 0.32058 0.813731 0.0160283 0.0236264 0.433795
0 0.616529 0.437756 0.0120164 0.02764 0.433
0 0.797116 0.379368 0.0131213 0.0223501 0.432517
0 0.527867 0.0535263 0.0140301 0.0289665 0.429023
0 0.0515019 0.9318 0.018364 0.0316733 0.428676
0 0.288429 0.558239 0.0136949 0.0274796 0.427331
0 0.149287 0.402512 0.0246494 0.0431153 0.426886
0 0.00698935 0.817915 0.0135616 0.0339067 0.425957
0 0.256153 0.466861 0.0168948 0.0272886 0.42448
0 0.445215 0.473766 0.0142011 0.0225189 0.423437
0 0.654451 0.651434 0.0129825 0.0242927 0.423142
0 0.956212 0.30525 0.0164059 0.0277872 0.423077
0 0.982476 0.356655 0.0163383 0.0294311 0.423045
0 0.567934 0.452504 0.014777 0.0276862 0.422377
0 0.600863 0.657499 0.0234789 0.040478 0.421982
0 0.327302 0.5148 0.0254711 0.0341151 0.421782
0 0.598242 0.140519 0.0168617 0.0285258 0.420976
0 0.601465 0.368393 0.0142179 0.0323849 0.420707
0 0.747133 0.795477 0.0136251 0.0267466 0.418886
0 0.175267 0.160851 0.0143362 0.0224053 0.418418
0 0.378518 0.749437 0.0138949 0.0233114 0.417839
0 0.792966 0.862857 0.0174295 0.0277822 0.416018
0 0.104476 0.170022 0.0127558 0.0243822 0.414685
0 0.811219 0.313589 0.0100693 0.0235224 0.414004
0 0.764303 0.338587 0.0153393 0.0292426 0.41399
0 0.664999 0.291005 0.0138256 0.0235948 0.413681
0 0.908979 0.117388 0.0151615 0.0261596 0.413151
0 0.354058 0.76614 0.0203183 0.0307312 0.412434
0 0.91745 0.407299 0.0190289 0.0431666 0.412431
0 0.354708 0.685548 0.0195493 0.0334288 0.412356
0 0.434856 0.668784 0.014242 0.0264158 0.411655
0 0.751442 0.496756 0.0154982 0.02894 0.411613
0 0.24543 0.817541 0.0167614 0.0265578 0.411145
0 0.103017 0.318559 0.0140573 0.0298814 0.410896
0 0.568664 0.0537333 0.0198881 0.0333345 0.410585
0 0.888885 0.952301 0.0279184 0.0531508 0.410218
0 0.305279 0.828744 0.0156734 0.03058 0.410034
0 0.775304 0.93094 0.0168965 0.0305793 0.409912
0 0.313317 0.775459 0.0198599 0.0243074 0.408501
0 0.337647 0.922771 0.016647 0.0305993 0.408282
0 0.775398 0.198499 0.01791 0.0296911 0.408259
0 0.91697 0.401301 0.0178322 0.0337858 0.408136
0 0.224443 0.339446 0.0192994 0.0409877 0.408129
0 0.719335 0.714776 0.0137589 0.0311372 0.407435
0 0.00836894 0.693849 0.0160862 0.0263321 0.406983
0 0.723476 0.328704 0.0139977 0.0303623 0.406565
0 0.966416 0.0873796 0.0292245 0.0520353 0.405615
0 0.81591 0.0664269 0.0143177 0.0266549 0.405549
0 0.879238 0.80448 0.0214437 0.0410787 0.402743
0 0.870451 0.266046 0.0149822 0.0434092 0.401504
0 0.435982 0.799024 0.0206742 0.0317837 0.400958
0 0.490451 0.511232 0.0134499 0.0267366 0.400226
0 0.773009 0.508865 0.0215611 0.0304138 0.399947
0 0.65366 0.165098 0.0127594 0.0245613 0.398791
0 0.0797332 0.112265 0.0177084 0.0367513 0.398513
0 0.928499 0.321601 0.0230961 0.0381925 0.398129
0 0.365906 0.927297 0.0139118 0.0221995 0.397753
0 0.1143 0.25032 0.0159568 0.0252382 0.397255
0 0.312068 0.142227 0.0140167 0.0334743 0.396752
0 0.318316 0.670962 0.0206998 0.0442984 0.396444
0 0.964937 0.947759 0.0145084 0.0276347 0.396257
0 0.574892 0.0986136 0.0163345 0.028752 0.393896
0 0.414773 0.47777 0.0151537 0.0274239 0.392998
0 0.82378 0.753205 0.0164543 0.0252424 0.392668
0 0.331827 0.555695 0.0178697 0.0334358 0.392359
0 0.523939 0.264962 0.0145004 0.031434 0.392084
0 0.255689 0.929803 0.0149001 0.030088 0.391954
0 0.323561 0.120573 0.00932446 0.0292657 0.391949
0 0.565111 0.516723 0.010776 0.0357325 0.390181
0 0.13127 0.696044 0.0163604 0.0301077 0.389888
0 0.901637 0.494623 0.0241203 0.0375699 0.389807
0 0.321193 0.984291 0.021454 0.0303136 0.389238
0 0.146283 0.0278784 0.0250324 0.04105 0.387935
0 0.12504 0.806894 0.0191128 0.0313889 0.386585
0 0.92682 0.633748 0.0164584 0.0263874 0.385912
0 0.399256 0.752878 0.0158358 0.0280701 0.385643
0 0.260086 0.100463 0.0226019 0.0344853 0.384764
0 0.394039 0.0172032 0.0141306 0.0262954 0.384618
0 0.856944 0.312374 0.0205717 0.0315835 0.384604
0 0.36661 0.804905 0.0167898 0.0298628 0.38433
0 0.211501 0.488118 0.013041 0.0331485 0.383854
0 0.754187 0.26974 0.0268159 0.0383874 0.383799
0 0.0971921 0.564253 0.0147971 0.028002 0.38376
0 0.971699 0.391119 0.0169777 0.0333272 0.383105
0 0.663133 0.322755 0.0139876 0.026811 0.383057
0 0.653282 0.71869 0.0156183 0.0248589 0.382458
0 0.647526 0.801775 0.0136697 0.0190172 0.381389
0 0.515456 0.0799351 0.0136873 0.023144 0.380609
0 0.127233 0.101101 0.011609 0.0262561 0.379164
0 0.801196 0.00811927 0.0139479 0.0153975 0.379067
0 0.00549717 0.585564 0.0109528 0.0334344 0.378759
0 0.886522 0.0168034 0.0207684 0.0334442 0.377413
0 0.769261 0.0214084 0.0175478 0.0295628 0.375222
0 0.484655 0.413379 0.0154602 0.0288854 0.374901
0 0.950899 0.979028 0.0147363 0.0307139 0.374428
0 0.21715 0.806092 0.0182936 0.0319889 0.374016
0 0.0546876 0.775337 0.0142882 0.0255612 0.373751
0 0.101589 0.708076 0.0132018 0.0206733 0.373715
0 0.629271 0.948131 0.0183069 0.0252461 0.371964
0 0.918559 0.417936 0.0183319 0.0311183 0.371393
0 0.490728 0.220369 0.020123 0.0369108 0.370564
0 0.0140795 0.50974 0.0154612 0.0249312 0.370118
0 0.434386 0.792296 0.0239069 0.0447106 0.369879
0 0.79051 0.956374 0.0148893 0.0235207 0.369441
0 0.55154 0.223546 0.0245218 0.0379226 0.369424
0 0.302896 0.967967 0.01324 0.0313015 0.368103
0 0.48646 0.351792 0.0118183 0.026562 0.366326
0 0.778922 0.745874 0.0134324 0.0239641 0.364538
0 0.629871 0.264684 0.0137869 0.0235835 0.364473
0 0.908896 0.57715 0.0158991 0.0254262 0.364421
0 0.261048 0.278478 0.0190898 0.0311191 0.364165
0 0.106279 0.222991 0.0179056 0.0311573 0.363794
0 0.176766 0.214845 0.0178137 0.0309956 0.360863
0 0.866895 0.354684 0.0197968 0.0443833 0.360565
0 0.655183 0.567826 0.0209005 0.0468025 0.36
0 0.865687 0.152298 0.0137227 0.0290247 0.359398
0 0.498763 0.789139 0.0129732 0.0274553 0.358274
0 0.70143 0.386505 0.0131503 0.0264651 0.35796
0 0.515111 0.561637 0.0158035 0.0270859 0.357743
0 0.0601162 0.125875 0.0132106 0.021089 0.357453
0 0.094601 0.487024 0.0161565 0.0252504 0.356708
0 0.373065 0.719699 0.0133452 0.021552 0.356669
0 0.344559 0.323324 0.0181351 0.0247509 0.356215
0 0.435662 0.0873355 0.0243416 0.039156 0.355536
0 0.832727 0.12937 0.0164684 0.0249702 0.35525
0 0.610352 0.692125 0.0144382 0.0245187 0.355127
0 0.766622 0.79107 0.0175026 0.0303285 0.354838
0 0.112907 0.913536 0.0196749 0.0258182 0.354018
0 0.849855 0.411883 0.0112831 0.0385039 0.3536
0 0.512276 0.992486 0.0200905 0.0145386 0.353041
0 0.865122 0.544856 0.0167591 0.0250558 0.352279
0 0.11689 0.0207329 0.0160056 0.0315019 0.351629
0 0.200587 0.199026 0.0161566 0.0288584 0.351181
0 0.899135 0.989231 0.0168045 0.0206945 0.35093
0 0.461369 0.768646 0.0176978 0.0334344 0.349481
0 0.900037 0.0728753 0.0174463 0.0286889 0.347113
0 0.889063 0.535757 0.0179592 0.0254139 0.347111
0 0.97613 0.252283 0.0172419 0.0302738 0.34355
0 0.937382 0.264746 0.0154503 0.0254747 0.340152
0 0.358939 0.496742 0.0202799 0.0353776 0.338661
0 0.75293 0.874933 0.0157274 0.0282667 0.338595
0 0.59071 0.423655 0.0116083 0.0336239 0.338497
0 0.930619 0.556674 0.0137783 0.0343892 0.338377
0 0.340011 0.106832 0.0197488 0.0306951 0.336765
0 0.644835 0.897915 0.0178598 0.0300579 0.336647
0 0.939081 0.767011 0.0118034 0.0233812 0.336052
0 0.00673546 0.859029 0.0132379 0.0266246 0.333529
0 0.533547 0.441803 0.0123519 0.0259094 0.333271
0 0.319139 0.426204 0.0102115 0.0249172 0.333067
0 0.996544 0.708557 0.00691299 0.0473589 0.332838
0 0.599619 0.0151895 0.0197703 0.0294121 0.332424
0 0.883146 0.657167 0.0148159 0.0244814 0.332045
0 0.0453968 0.430277 0.0125755 0.0243924 0.330429
0 0.816536 0.611284 0.0177197 0.0414804 0.328924
0 0.264439 0.0862441 0.0214591 0.0341655 0.327144
0 0.0933378 0.794953 0.0165114 0.0366221 0.326488
0 0.0183342 0.988734 0.0179936 0.0214756 0.325154
0 0.352616 0.950773 0.0143894 0.027561 0.324623
0 0.481373 0.898285 0.0152277 0.0221144 0.323978
0 0.673747 0.946654 0.016872 0.0232321 0.323777
0 0.0338438 0.404076 0.0162226 0.0318631 0.323284
0 0.798953 0.108526 0.0168724 0.0208877 0.322349
0 0.837811 0.0695014 0.0158852 0.0189454 0.322023
0 0.9194 0.0589561 0.0124786 0.0247088 0.32196
0 0.740077 0.849765 0.0142759 0.0242637 0.321947
0 0.24284 0.906853 0.0175208 0.0274289 0.321566
0 0.0699876 0.917326 0.0191217 0.036594 0.32058
0 0.823376 0.796721 0.0194134 0.0328644 0.319995
0 0.180967 0.573155 0.0172835 0.029858 0.31945
0 0.463957 0.549092 0.0236015 0.03504 0.31914
0 0.011799 0.547263 0.0175616 0.0222349 0.319003
0 0.740783 0.985975 0.019692 0.0267368 0.318699
0 0.0691529 0.910983 0.0189992 0.0337765 0.318683
0 0.506835 0.0104272 0.0157617 0.0202998 0.318079
0 0.673609 0.568403 0.0138462 0.0239813 0.317842
0 0.447096 0.500496 0.014699 0.0249274 0.316404
0 0.593514 0.910808 0.0124154 0.0276208 0.314676
0 0.380292 0.820444 0.0162725 0.0266755 0.313951
0 0.919039 0.774052 0.0180932 0.0308627 0.312804
0 0.799105 0.782381 0.0156368 0.0267778 0.312146
0 0.228564 0.488331 0.0154073 0.0313907 0.312024
0 0.670959 0.180167 0.0161481 0.0214219 0.311757
0 0.0266309 0.830957 0.0134412 0.0270833 0.311524
0 0.628935 0.0453051 0.0138335 0.021151 0.311399
0 0.0222406 0.156934 0.0140058 0.0197952 0.310904
0 0.340139 0.686703 0.0100719 0.0255463 0.310811
0 0.463934 0.233023 0.0177126 0.0234724 0.310327
0 0.965225 0.511829 0.0224945 0.0318302 0.310107
0 0.509637 0.702905 0.0159106 0.0339121 0.309517
0 0.484674 0.958125 0.0123153 0.0255141 0.309285
0 0.202592 0.0972343 0.0157303 0.028927 0.308957
0 0.650322 0.108777 0.0208811 0.0328306 0.308544
0 0.419249 0.314041 0.0182646 0.0266274 0.307627
0 0.498305 0.888935 0.0155384 0.024665 0.307579
0 0.0511043 0.963811 0.0175832 0.0282823 0.307485
0 0.991747 0.221846 0.0157913 0.0257409 0.306311
0 0.53035 0.880935 0.0176786 0.0295875 0.305935
0 0.57456 0.735822 0.0166142 0.0319628 0.305344
0 0.0385077 0.804779 0.0162134 0.0310482 0.305145
0 0.668148 0.00660231 0.016136 0.0132046 0.304811
0 0.848994 0.110459 0.0126251 0.0351787 0.303763
0 0.169993 0.507298 0.0120768 0.0187832 0.303667
0 0.325389 0.699467 0.0143483 0.0218185 0.30227
0 0.185757 0.854223 0.0187015 0.0314699 0.301947
0 0.019182 0.459855 0.014644 0.0261785 0.301466
0 0.617456 0.987001 0.0206567 0.0247978 0.301381
0 0.0726622 0.922471 0.0170431 0.0350647 0.301144
0 0.603198 0.966822 0.0128249 0.0234467 0.300658
0 0.00511543 0.303331 0.0101791 0.0332069 0.300485
0 0.470018 0.152662 0.0210683 0.0314957 0.300328
0 0.115368 0.689282 0.019039 0.0357405 0.299909
0 0.0746567 0.772136 0.0161055 0.0246772 0.29988
0 0.00836193 0.919534 0.0150372 0.0189684 0.298874
0 0.705723 0.659952 0.0146292 0.0322651 0.297602
0 0.708409 0.820253 0.0105061 0.0200609 0.297455
0 0.118705 0.72775 0.0176927 0.0257706 0.297279
0 0.319272 0.686877 0.0188183 0.0316158 0.296879
0 0.420212 0.528707 0.0165819 0.032706 0.296022
0 0.724998 0.0202774 0.0351227 0.0399464 0.295872
0 0.353975 0.248687 0.0192241 0.0323574 0.295511
0 0.777218 0.663818 0.00912806 0.0259256 0.295139
0 0.416468 0.227278 0.0168323 0.0314139 0.294785
0 0.107491 0.827071 0.0114826 0.0224182 0.294321
0 0.612213 0.53433 0.0126821 0.0317985 0.294193
0 0.0560923 0.1575 0.0169971 0.0243394 0.294017
0 0.964872 0.2085 0.0152664 0.0296258 0.293967
0 0.878099 0.897613 0.0164812 0.0303546 0.293148
0 0.730533 0.7021 0.0145139 0.0264256 0.29285
0 0.944763 0.496445 0.0110657 0.0247124 0.291568
0 0.00375589 0.358768 0.0074754 0.0342234 0.290855
0 0.0615455 0.461098 0.015629 0.0245145 0.290431
0 0.670566 0.487523 0.0126631 0.0218955 0.290155
0 0.964672 0.915685 0.0165169 0.028165 0.289934
0 0.863667 0.620126 0.0124577 0.0287601 0.288795
0 0.291655 0.0666178 0.0166882 0.0322179 0.288616
0 0.739997 0.754013 0.0124866 0.0265754 0.288419
0 0.818074 0.989209 0.0195244 0.0203111 0.286912
0 0.102331 0.710759 0.012723 0.020127 0.286656
0 0.908524 0.489911 0.0250484 0.0335329 0.286475
0 0.387313 0.3183 0.0185859 0.0280639 0.286264
0 0.335718 0.834508 0.0118015 0.0222856 0.28537
0 0.0442693 0.347867 0.0171639 0.0299315 0.284781
0 0.754684 0.0185222 0.00857557 0.0251111 0.284665
0 0.368882 0.333944 0.0129106 0.0245341 0.284281
0 0.0112566 0.178232 0.0148132 0.0235092 0.282224
0 0.33953 0.431445 0.0207794 0.0337682 0.281952
0 0.623091 0.205209 0.0112974 0.0235445 0.281935
0 0.205386 0.62145 0.0174432 0.0296434 0.281759
0 0.632522 0.168144 0.0164223 0.0172735 0.28164
0 0.101092 0.0153093 0.0171129 0.0284496 0.281286
0 0.567139 0.693928 0.0100491 0.0194342 0.281216
0 0.463198 0.333866 0.0138155 0.017445 0.280799
0 0.459242 0.772496 0.0200434 0.0332781 0.280666
0 0.367536 0.12679 0.0214699 0.0296822 0.280581
0 0.302929 0.265011 0.0130086 0.0221759 0.280062
0 0.818946 0.839601 0.0146854 0.0298286 0.27978
0 0.782336 0.0168899 0.0156837 0.0286166 0.279242
0 0.6655 0.369293 0.0144196 0.0234475 0.279065
0 0.325136 0.119822 0.00918465 0.0291242 0.278693
0 0.613984 0.222924 0.0111071 0.0255027 0.278654
0 0.637107 0.53703 0.0139305 0.0213719 0.277478
0 0.22619 0.598883 0.0192951 0.042474 0.276876
0 0.293549 0.677949 0.0168114 0.0331594 0.276589
0 0.664375 0.983828 0.0159157 0.0310343 0.274041
0 0.853096 0.955954 0.0139599 0.026928 0.273787
0 0.409116 0.433478 0.0171206 0.0234733 0.271793
0 0.0192045 0.310221 0.0168255 0.0281184 0.271032
0 0.515423 0.494912 0.0196042 0.0283429 0.270371
0 0.201112 0.125725 0.016047 0.0264865 0.270202
0 0.892721 0.76954 0.017016 0.0285183 0.270123
0 0.178554 0.616824 0.0280798 0.0501881 0.269845
0 0.689994 0.282043 0.0192799 0.0328494 0.269834
0 0.625724 0.63481 0.013217 0.0220879 0.269773
0 0.127583 0.617046 0.0169364 0.0306411 0.26893
0 0.340313 0.394134 0.014244 0.0219927 0.268919
0 0.571311 0.298791 0.0193014 0.0267937 0.268501
0 0.502409 0.125979 0.0141684 0.0254944 0.267869
0 0.764302 0.0645584 0.0108836 0.0440902 0.267738
0 0.31943 0.905507 0.0137736 0.0257026 0.267209
0 0.577444 0.928659 0.0151903 0.0260986 0.266183
0 0.865357 0.540674 0.0186865 0.0340191 0.266003
0 0.752515 0.408111 0.0122926 0.0232178 0.265916
0 0.141494 0.0982455 0.0222615 0.0347841 0.26529
0 0.410182 0.629601 0.0134692 0.0257907 0.26519
0 0.604972 0.372921 0.0199586 0.0396907 0.263863
0 0.734851 0.954578 0.0148059 0.0280113 0.26377
0 0.313802 0.139232 0.0117215 0.0300437 0.263667
0 0.797181 0.774755 0.0144336 0.023173 0.263523
0 0.603739 0.665843 0.0175481 0.0266894 0.263249
0 0.981029 0.961533 0.0151688 0.0272281 0.262834
0 0.180855 0.106726 0.0155724 0.0281679 0.262435
0 0.522887 0.234369 0.015069 0.0216554 0.262321
0 0.0297668 0.496326 0.0186006 0.0309275 0.262128
0 0.230493 0.587904 0.0200191 0.0343292 0.260751
0 0.543513 0.470121 0.0110669 0.0227187 0.260465
0 0.391463 0.357294 0.0168399 0.0266606 0.259482
0 0.526773 0.125019 0.0164382 0.0312453 0.259334
0 0.6572 0.575364 0.0165023 0.0350656 0.259112
0 0.887863 0.746685 0.0203461 0.0387105 0.258965
0 0.453425 0.375596 0.0158951 0.0232878 0.258532
0 0.501701 0.52933 0.0090011 0.0259488 0.258384
0 0.183997 0.744773 0.0202438 0.0372813 0.256773
0 0.340818 0.739815 0.0159742 0.0268297 0.256327
0 0.0178533 0.45494 0.0181467 0.0302875 0.255488
0 0.340005 0.809077 0.0123508 0.028459 0.255255
0 0.47348 0.73577 0.015645 0.0206363 0.255216
0 0.640821 0.773646 0.0113045 0.0230289 0.252686
0 0.725569 0.229927 0.0101698 0.0340041 0.252644
0 0.326848 0.70207 0.0130871 0.0210836 0.251425
