0 0.306941 0.733475 0.0477903 0.0945637 0.737061
0 0.930203 0.153148 0.0300304 0.0533382 0.716283
0 0.00859406 0.521184 0.0171881 0.0328713 0.712077
0 0.0641904 0.876082 0.033489 0.053988 0.704663
0 0.178225 0.770713 0.0280651 0.04933 0.698446
0 0.353782 0.928178 0.0367672 0.0605807 0.698022
0 0.427908 0.458387 0.0324608 0.054699 0.697853
0 0.36292 0.274147 0.0288209 0.0469604 0.688912
0 0.330314 0.250623 0.0263238 0.0585791 0.684616
0 0.205847 0.823589 0.0210034 0.0395766 0.680699
0 0.103332 0.862186 0.028424 0.0543852 0.671602
0 0.162085 0.675469 0.0237982 0.0451917 0.67094
0 0.901717 0.19639 0.0271599 0.0492119 0.670891
0 0.154743 0.893398 0.03195 0.043496 0.670513
0 0.20229 0.692185 0.0233637 0.0372361 0.66945
0 0.150335 0.563258 0.0171395 0.0331749 0.666558
0 0.109296 0.801523 0.0288088 0.0369107 0.666538
0 0.161363 0.964132 0.0433713 0.0701287 0.666381
0 0.940945 0.929713 0.0228939 0.0425041 0.658921
0 0.0378784 0.483956 0.0209726 0.0330052 0.658004
0 0.221016 0.403095 0.0221371 0.0390194 0.656439
0 0.7868 0.273287 0.0189801 0.0365704 0.655667
0 0.138154 0.0993519 0.018841 0.0319716 0.655356
0 0.290697 0.398733 0.0251271 0.0468682 0.654571
0 0.107159 0.977857 0.0254157 0.0414707 0.651934
0 0.427362 0.683199 0.0301519 0.0460946 0.645731
0 0.302591 0.263728 0.0239295 0.0374836 0.644376
0 0.0829072 0.829455 0.0203024 0.0335188 0.643822
0 0.00849199 0.364581 0.016984 0.0354062 0.64369
0 0.457991 0.440533 0.0247827 0.0401094 0.643625
0 0.842573 0.208752 0.0207511 0.0382785 0.643575
0 0.251183 0.603746 0.020955 0.0335234 0.643049
0 0.0065068 0.620159 0.0130136 0.0296296 0.64217
0 0.144831 0.783565 0.0214271 0.0323371 0.639346
0 0.848435 0.74113 0.0356209 0.0520786 0.637187
0 0.889154 0.721086 0.0290058 0.0539738 0.637112
0 0.0243121 0.59261 0.0161139 0.0280817 0.635176
0 0.0523957 0.0184035 0.0231816 0.03542 0.63493
0 0.242977 0.0644423 0.0183048 0.030853 0.634226
0 0.355411 0.625779 0.0192862 0.0282762 0.632971
0 0.0284348 0.535662 0.0175657 0.0410374 0.63272
0 0.567253 0.105333 0.0220932 0.0390534 0.632522
0 0.0237998 0.0321811 0.0199667 0.0421463 0.630459
0 0.652054 0.0345267 0.0196224 0.0395922 0.629656
0 0.529975 0.104246 0.018755 0.0332922 0.625957
0 0.75808 0.234476 0.016502 0.0343741 0.623819
0 0.151765 0.615826 0.0216847 0.0358783 0.622123
0 0.0671694 0.394484 0.0218946 0.0362951 0.61985
0 0.23558 0.859381 0.0267159 0.0371602 0.613413
0 0.157738 0.394217 0.0187748 0.0361157 0.613094
0 0.228045 0.356261 0.0189911 0.0341276 0.612045
0 0.911258 0.0175554 0.0196162 0.033803 0.611848
0 0.437288 0.314326 0.025316 0.0432862 0.611219
0 0.0889388 0.0179005 0.0241847 0.0352814 0.610861
0 0.0293618 0.389919 0.0212599 0.0381007 0.608962
0 0.165818 0.592701 0.0145999 0.0216923 0.608663
0 0.00629501 0.287488 0.0125812 0.0406308 0.608354
0 0.150544 0.495784 0.017585 0.0315091 0.606104
0 0.0315908 0.34743 0.0227024 0.0337917 0.604297
0 0.0712583 0.447774 0.0209697 0.0304786 0.604157
0 0.094176 0.413556 0.0223593 0.0409019 0.601395
0 0.72113 0.0380766 0.0141584 0.0309464 0.59706
0 0.255221 0.301175 0.0185779 0.0371079 0.596128
0 0.914885 0.318416 0.0170053 0.0347715 0.595664
0 0.0187147 0.125472 0.0177137 0.03552 0.592345
0 0.129861 0.72368 0.0335114 0.0504248 0.591164
0 0.750094 0.162815 0.0177181 0.0333769 0.590844
0 0.310628 0.217068 0.0180932 0.0305935 0.588457
0 0.447418 0.8701 0.0186854 0.0324688 0.585864
0 0.983303 0.952821 0.020689 0.036834 0.585302
0 0.833132 0.130228 0.0227291 0.0437056 0.582847
0 0.681022 0.173641 0.0248932 0.0440272 0.582754
0 0.730355 0.206911 0.019611 0.0341186 0.580777
0 0.506818 0.12008 0.021909 0.0401353 0.578725
0 0.11657 0.438977 0.0163851 0.0321013 0.578579
0 0.910565 0.0701449 0.0208954 0.0359968 0.57521
0 0.376288 0.85077 0.0193068 0.0287292 0.570609
0 0.16393 0.348277 0.0193673 0.0340891 0.570041
0 0.24128 0.807486 0.0164465 0.0318492 0.569734
0 0.25731 0.481516 0.0247984 0.037973 0.569126
0 0.888188 0.114635 0.0230164 0.048198 0.56824
0 0.442438 0.744455 0.0424597 0.0884111 0.567735
0 0.0638128 0.562796 0.0212214 0.0322248 0.567564
0 0.0511477 0.445809 0.0151572 0.026859 0.566323
0 0.296424 0.864885 0.0215514 0.0336307 0.564483
0 0.789403 0.0452157 0.0248714 0.052976 0.564437
0 0.220496 0.589228 0.01514 0.0231327 0.563066
0 0.262842 0.518863 0.0186255 0.0295757 0.561763
0 0.102256 0.125084 0.0214006 0.0406094 0.559779
0 0.215949 0.0545621 0.0226984 0.041938 0.559188
0 0.779008 0.229621 0.0177931 0.029633 0.552548
0 0.635042 0.103152 0.0190376 0.0329443 0.552039
0 0.812744 0.286054 0.0201624 0.0323069 0.549432
0 0.988417 0.648696 0.0231668 0.0421175 0.549203
0 0.17564 0.838654 0.0243825 0.0496938 0.548471
0 0.0093688 0.0133373 0.0179855 0.0262102 0.547652
0 0.318077 0.428242 0.0206295 0.0369927 0.545981
0 0.881961 0.210607 0.0163448 0.0353141 0.544166
0 0.601573 0.220716 0.0157743 0.0240329 0.541848
0 0.810814 0.783748 0.0273714 0.0455563 0.539111
0 0.303624 0.47888 0.0204988 0.0378464 0.538622
0 0.140281 0.358919 0.0213626 0.0359592 0.536616
0 0.00321648 0.5832 0.00641547 0.0320554 0.536603
0 0.377205 0.731054 0.0237274 0.044556 0.536396
0 0.611543 0.045025 0.0182092 0.0330703 0.535502
0 0.340579 0.857938 0.0297748 0.0504537 0.535259
0 0.765633 0.273188 0.0182944 0.0336769 0.533524
0 0.251231 0.413614 0.0225861 0.0312639 0.531823
0 0.290723 0.216342 0.0158113 0.0280093 0.531596
0 0.22167 0.956554 0.0151775 0.0309448 0.531463
0 0.81011 0.185202 0.0211205 0.0329574 0.531314
0 0.864508 0.873446 0.0196159 0.0311818 0.530194
0 0.909258 0.251454 0.0148613 0.0321131 0.528938
0 0.189566 0.871071 0.0207776 0.0351396 0.527252
0 0.592014 0.0814019 0.0226835 0.0328594 0.525668
0 0.394714 0.0419307 0.0195004 0.0362782 0.524182
0 0.885345 0.952248 0.0177574 0.0323257 0.522954
0 0.282934 0.81308 0.03199 0.0548052 0.522949
0 0.991186 0.833647 0.0176278 0.0344977 0.521751
0 0.624534 0.0101154 0.0198175 0.0198084 0.521517
0 0.157043 0.290881 0.0170634 0.0300942 0.51991
0 0.773527 0.105322 0.0241325 0.046759 0.518935
0 0.739485 0.920093 0.0198334 0.0378686 0.518716
0 0.934361 0.32942 0.0207356 0.035871 0.509386
0 0.485244 0.151881 0.0194853 0.0295531 0.508913
0 0.43741 0.111283 0.0157846 0.0294173 0.50749
0 0.216152 0.467996 0.0186105 0.0346192 0.505536
0 0.397735 0.339035 0.0400604 0.0672453 0.505527
0 0.473129 0.758539 0.0181343 0.032097 0.503228
0 0.329703 0.319825 0.0347366 0.0435409 0.50265
0 0.2931 0.593213 0.0283822 0.0550683 0.50146
0 0.679731 0.122495 0.0186207 0.0321985 0.499538
0 0.458123 0.290674 0.019607 0.0357268 0.496512
0 0.192525 0.021676 0.0280375 0.0423108 0.496305
0 0.36511 0.197069 0.0251419 0.0441004 0.495987
0 0.21401 0.89628 0.0177248 0.0322934 0.495377
0 0.598303 0.00987197 0.0223938 0.0182446 0.494166
0 0.668312 0.0843747 0.0285133 0.0450622 0.493928
0 0.373949 0.152183 0.0190955 0.0326161 0.493366
0 0.899154 0.458966 0.0198113 0.0346637 0.49247
0 0.631711 0.0425635 0.0157646 0.0286844 0.492199
0 0.97297 0.905743 0.0208775 0.0358501 0.492195
0 0.854606 0.0358184 0.0193838 0.0382162 0.48906
0 0.430429 0.0258858 0.0253037 0.0490394 0.486409
0 0.456695 0.130383 0.021541 0.0420116 0.486381
0 0.538303 0.983698 0.0318071 0.0322954 0.485424
0 0.239336 0.44531 0.019733 0.0296134 0.484903
0 0.0339146 0.6222 0.0158888 0.0255705 0.483801
0 0.369708 0.415129 0.0296911 0.0403727 0.483145
0 0.834949 0.820269 0.0157686 0.0351518 0.480929
0 0.64412 0.159245 0.0216421 0.0286427 0.478501
0 0.97692 0.115483 0.0198669 0.0361025 0.476918
0 0.878516 0.462998 0.0182373 0.031137 0.47547
0 0.00702491 0.201941 0.0140498 0.0539389 0.474172
0 0.25224 0.374502 0.0203271 0.030643 0.473853
0 0.497989 0.281549 0.0423662 0.0548468 0.472414
0 0.765943 0.183918 0.018604 0.0268867 0.471951
0 0.256406 0.733578 0.0222818 0.0254191 0.46486
0 0.0799048 0.148175 0.0172999 0.0300531 0.46359
0 0.787532 0.889881 0.0194818 0.0317091 0.461039
0 0.90915 0.94855 0.0192017 0.0330336 0.459517
0 0.00745585 0.328496 0.0144083 0.0218891 0.458931
0 0.0266903 0.157845 0.0129168 0.022202 0.457925
0 0.890797 0.258477 0.0174614 0.0306397 0.4559
0 0.163986 0.086848 0.0213833 0.0362799 0.452987
0 0.707795 0.917822 0.0188074 0.0395979 0.450006
0 0.069213 0.723751 0.020809 0.0341183 0.449559
0 0.227139 0.919921 0.0167009 0.0236403 0.446749
0 0.10252 0.250993 0.0206738 0.0319027 0.445675
0 0.918004 0.698736 0.0199249 0.031958 0.445406
0 0.257515 0.903468 0.0182127 0.0296883 0.44313
0 0.174447 0.556181 0.016066 0.0224653 0.441973
0 0.972479 0.155654 0.0155689 0.0283613 0.44038
0 0.906716 0.94625 0.0223963 0.0363477 0.43957
0 0.861773 0.166664 0.0122356 0.0264133 0.437872
0 0.2765 0.881641 0.019365 0.0306725 0.43693
0 0.643437 0.152899 0.0228545 0.0403445 0.434109
0 0.917533 0.451717 0.0121235 0.0271308 0.433929
0 0.891143 0.049417 0.0190804 0.0381986 0.431164
0 0.926772 0.965912 0.0143453 0.0267897 0.430228
0 0.266646 0.568896 0.0176065 0.0310808 0.428833
0 0.194557 0.904278 0.0162595 0.0221354 0.428618
0 0.791224 0.196752 0.014065 0.0271127 0.427478
0 0.116381 0.908735 0.0268277 0.0440248 0.424801
0 0.531754 0.0146952 0.0185055 0.0287504 0.423777
0 0.00748294 0.930136 0.0147608 0.0281484 0.423438
0 0.977127 0.750793 0.0196291 0.0356623 0.419494
0 0.100807 0.583252 0.0209117 0.0339932 0.419376
0 0.175347 0.518636 0.0176073 0.0331343 0.419231
0 0.314529 0.3766 0.022649 0.0341972 0.418435
0 0.317342 0.83173 0.0284061 0.0682471 0.417164
0 0.704885 0.174963 0.0143248 0.0307023 0.416044
0 0.509599 0.00989763 0.0194262 0.019087 0.413966
0 0.129726 0.508881 0.0169623 0.0371529 0.41387
0 0.830425 0.920617 0.0187725 0.0335049 0.412162
0 0.400355 0.273571 0.0204471 0.0354986 0.411768
0 0.0608961 0.679107 0.0178748 0.0324921 0.411163
0 0.110148 0.349332 0.0239826 0.0389369 0.40958
0 0.139717 0.661017 0.0164785 0.0318368 0.408371
0 0.301904 0.113905 0.0186081 0.0366492 0.406191
0 0.277784 0.0629964 0.0173405 0.030023 0.40529
0 0.279953 0.355264 0.019182 0.0336726 0.403893
0 0.00828645 0.680195 0.0151199 0.0260777 0.401656
0 0.925608 0.276259 0.0162189 0.0282122 0.398671
0 0.933403 0.10741 0.0212009 0.0354732 0.397956
0 0.253555 0.343542 0.0237294 0.03366 0.396467
0 0.325774 0.0186515 0.023 0.0369995 0.39467
0 0.0303021 0.431449 0.0148208 0.021699 0.391885
0 0.981958 0.709346 0.0173611 0.0288818 0.391828
0 0.768506 0.0629414 0.0142677 0.0258829 0.390301
0 0.368788 0.0130457 0.018989 0.0259568 0.390152
0 0.860351 0.816207 0.0292377 0.0441831 0.390011
0 0.136317 0.863456 0.0175155 0.0305871 0.385297
0 0.970055 0.840472 0.0186328 0.0301229 0.383981
0 0.175018 0.478729 0.0170805 0.0233436 0.381294
0 0.869944 0.129521 0.0140572 0.0295481 0.381192
0 0.505551 0.0481762 0.0213084 0.0406035 0.379726
0 0.59708 0.122552 0.0152925 0.0336996 0.374408
0 0.557673 0.036589 0.0255387 0.0380817 0.374088
0 0.578653 0.197525 0.0232335 0.0429692 0.37388
0 0.0183202 0.667707 0.0272539 0.0477801 0.372051
0 0.992079 0.209908 0.0158413 0.030997 0.371785
0 0.124205 0.583227 0.0152133 0.0282841 0.371264
0 0.838648 0.251983 0.0205471 0.0294871 0.371045
0 0.288374 0.458573 0.0151402 0.0278229 0.370763
0 0.920583 0.885928 0.0174011 0.0297928 0.370585
0 0.410861 0.0302752 0.011356 0.0323918 0.370101
0 0.441954 0.755505 0.038545 0.0669192 0.368008
0 0.961388 0.0515868 0.0162346 0.0270068 0.366846
0 0.214118 0.988096 0.0229604 0.0236037 0.365982
0 0.956865 0.0873512 0.0177952 0.041204 0.364441
0 0.797546 0.15112 0.0155102 0.0310912 0.364105
0 0.284042 0.495929 0.0184712 0.0278191 0.361317
0 0.877392 0.347757 0.0156185 0.0297168 0.361198
0 0.127194 0.322309 0.0116987 0.0240128 0.36083
0 0.716901 0.111245 0.0175385 0.0432401 0.359702
0 0.00439468 0.0909539 0.00874883 0.0283596 0.358796
0 0.244519 0.557175 0.0142695 0.0253983 0.358577
0 0.979894 0.797565 0.0183968 0.0292988 0.356528
0 0.385073 0.105614 0.0231393 0.0370249 0.354964
0 0.79343 0.811417 0.0252293 0.0447255 0.353626
0 0.218414 0.087554 0.0169956 0.0231834 0.352771
0 0.890043 0.0433504 0.0216244 0.0492655 0.350805
0 0.0374397 0.123998 0.0156412 0.0288855 0.350039
0 0.6843 0.17747 0.0204603 0.0505015 0.349947
0 0.811802 0.0606629 0.0141163 0.0277693 0.345544
0 0.121621 0.677518 0.0219795 0.0354555 0.343613
0 0.0560576 0.600446 0.0159238 0.0318907 0.341269
0 0.0637916 0.514277 0.0199245 0.0286156 0.341015
0 0.544579 0.0725839 0.0157297 0.0284664 0.339914
0 0.948075 0.9784 0.019001 0.0347966 0.337974
0 0.371994 0.0151076 0.024542 0.029129 0.334873
0 0.845881 0.157724 0.0145649 0.0255909 0.334192
0 0.265711 0.0505244 0.0156082 0.02353 0.333941
0 0.222869 0.552578 0.0192575 0.0327391 0.333798
0 0.955027 0.75095 0.0213786 0.0387102 0.333256
0 0.272102 0.247322 0.0216723 0.0369635 0.330553
0 0.0886916 0.75949 0.0183022 0.0369269 0.330102
0 0.94385 0.294151 0.0164181 0.0242516 0.329686
0 0.948329 0.983794 0.0176926 0.0307652 0.329105
0 0.323487 0.082104 0.0170294 0.036007 0.328361
0 0.570501 0.0562496 0.0157145 0.030453 0.324664
0 0.402417 0.344112 0.0330292 0.0657779 0.322157
0 0.0477054 0.173007 0.0251164 0.0400827 0.321045
0 0.940878 0.0850712 0.0133335 0.0277726 0.319984
0 0.0797839 0.0710604 0.0282231 0.047304 0.319774
0 0.911833 0.951928 0.0150822 0.026722 0.31797
0 0.486882 0.0110008 0.0169898 0.0206683 0.313388
0 0.275625 0.317528 0.0160886 0.0322706 0.312683
0 0.559142 0.0419068 0.0292411 0.0451815 0.311634
0 0.943928 0.393096 0.0191826 0.0397491 0.31087
0 0.275388 0.0596755 0.016943 0.0307298 0.309055
0 0.980641 0.688166 0.0203157 0.0363068 0.306222
0 0.582204 0.138606 0.0159775 0.0271955 0.306068
0 0.19367 0.492349 0.0170981 0.0225423 0.305468
0 0.816357 0.150645 0.0147767 0.0320621 0.30524
0 0.364433 0.377808 0.0270422 0.0399217 0.29684
0 0.0108337 0.431202 0.0193236 0.0286391 0.295156
0 0.147562 0.129837 0.0168074 0.0274787 0.294238
0 0.492561 0.279148 0.0320725 0.0574642 0.293015
0 0.777771 0.151223 0.0135548 0.0267482 0.290484
0 0.364184 0.326855 0.0183837 0.0361893 0.289328
0 0.304159 0.0505495 0.0209806 0.0328361 0.285419
0 0.273029 0.016347 0.019049 0.0319399 0.283565
0 0.0116406 0.96027 0.0173325 0.026659 0.280503
0 0.98264 0.705242 0.0194036 0.0366413 0.275287
0 0.553355 0.146199 0.0193905 0.0341868 0.270776
0 0.980891 0.0233397 0.0210033 0.0402014 0.26777
0 0.967335 0.9881 0.0175137 0.0223436 0.267477
0 0.368881 0.0527167 0.0193173 0.0291099 0.26688
0 0.697907 0.0159982 0.0203018 0.0305953 0.265837
0 0.797671 0.105898 0.0166337 0.0284348 0.265464
0 0.224978 0.313371 0.0238849 0.0403753 0.264831
0 0.841045 0.0154244 0.0177673 0.0294759 0.264531
0 0.229062 0.311763 0.0225826 0.0382836 0.263411
0 0.790699 0.849848 0.0161873 0.0308326 0.262429
0 0.0995602 0.644605 0.0194129 0.0312893 0.262296
0 0.764551 0.14428 0.0104027 0.0241109 0.262125
0 0.884454 0.304089 0.0138794 0.0238121 0.259572
0 0.109954 0.393523 0.0161215 0.0259508 0.258457
0 0.178275 0.371596 0.0164782 0.0329039 0.256616
0 0.863901 0.375257 0.0125949 0.0243 0.256537
0 0.876945 0.404576 0.0221241 0.0394302 0.252649
0 0.595219 0.0470736 0.0152374 0.0294877 0.25255
0 0.534594 0.165843 0.0158528 0.0270401 0.252485
0 0.981618 0.696398 0.021624 0.0510932 0.251487
0 0.709568 0.965947 0.0179754 0.0364093 0.250619
0 0.503253 0.183405 0.0227135 0.0444207 0.250489
