0 0.828299 0.415445 0.0243652 0.039669 0.718874
0 0.104045 0.663552 0.0224557 0.0384937 0.695358
0 0.548398 0.0893039 0.0188803 0.0339987 0.688317
0 0.109447 0.381849 0.0242931 0.0526488 0.681222
0 0.796362 0.444778 0.0264404 0.0381314 0.678356
0 0.269262 0.548309 0.026803 0.0461742 0.675762
0 0.0895744 0.556419 0.0259736 0.0463745 0.673317
0 0.859872 0.33107 0.0205238 0.0362688 0.672434
0 0.047062 0.198014 0.0204539 0.0320014 0.667843
0 0.894564 0.048007 0.0233421 0.0438462 0.66434
0 0.548464 0.910062 0.0240592 0.0395264 0.658131
0 0.694991 0.52658 0.0177413 0.034579 0.652665
0 0.628948 0.407755 0.022353 0.0361465 0.652049
0 0.182433 0.614953 0.0319527 0.060016 0.650873
0 0.94698 0.26539 0.0236507 0.0454497 0.650531
0 0.162228 0.0481454 0.0213063 0.0469944 0.649965
0 0.657942 0.609405 0.0207039 0.0371589 0.649457
0 0.33872 0.774831 0.0183495 0.0342984 0.648079
0 0.0568697 0.527883 0.0202936 0.0465632 0.647845
0 0.247399 0.614223 0.0214044 0.0342842 0.64688
0 0.550078 0.345132 0.0204277 0.0383477 0.64553
0 0.904654 0.119621 0.0249905 0.0450671 0.645465
0 0.95797 0.418024 0.0226379 0.0356339 0.645377
0 0.539652 0.504103 0.020028 0.033483 0.644508
0 0.589955 0.419964 0.0206608 0.033167 0.644503
0 0.824158 0.229336 0.0197762 0.0357529 0.644021
0 0.933071 0.597379 0.0273314 0.0394256 0.64392
0 0.169572 0.484747 0.0239388 0.0457035 0.642475
0 0.825678 0.791812 0.0244362 0.0429167 0.639917
0 0.346826 0.884391 0.0176782 0.0354233 0.638917
0 0.851462 0.720546 0.0136917 0.0286594 0.638783
0 0.778655 0.376773 0.0206463 0.0353043 0.638241
0 0.833253 0.732914 0.0202053 0.0386809 0.637927
0 0.58443 0.638421 0.0237321 0.0372459 0.637802
0 0.41515 0.844635 0.0188981 0.0377235 0.637114
0 0.245429 0.4603 0.019627 0.0426613 0.635658
0 0.794838 0.282807 0.0227781 0.03838 0.635058
0 0.876607 0.124235 0.0162613 0.0294771 0.633571
0 0.860089 0.752391 0.0200132 0.031031 0.63313
0 0.048747 0.125801 0.020388 0.0349982 0.633057
0 0.166132 0.861651 0.0155818 0.0356391 0.63208
0 0.124212 0.500949 0.0295491 0.0419639 0.631557
0 0.316191 0.970928 0.0214273 0.0378481 0.631458
0 0.352805 0.935239 0.0214147 0.0406704 0.630894
0 0.724768 0.495305 0.020756 0.037026 0.630872
0 0.302089 0.787645 0.0201896 0.0362823 0.629866
0 0.14457 0.842301 0.0192574 0.0382512 0.62955
0 0.0937788 0.71008 0.0196737 0.033343 0.628155
0 0.336059 0.731062 0.0195631 0.0348004 0.627967
0 0.0884432 0.251624 0.016797 0.0332108 0.626259
0 0.782707 0.774768 0.0201229 0.0323344 0.62504
0 0.606905 0.20653 0.0263411 0.0320358 0.623957
0 0.219569 0.411988 0.0215512 0.0361901 0.622767
0 0.178437 0.736812 0.0131555 0.0296105 0.61946
0 0.951062 0.492342 0.0206036 0.0337431 0.618894
0 0.631814 0.0557683 0.0250906 0.040836 0.617655
0 0.980905 0.403998 0.0183468 0.0396914 0.617117
0 0.144563 0.636373 0.0213125 0.0363605 0.61605
0 0.300473 0.84397 0.0159473 0.0340734 0.614981
0 0.65546 0.904339 0.0185671 0.0290805 0.614231
0 0.730419 0.79847 0.0212417 0.0396615 0.613703
0 0.603216 0.874837 0.0185322 0.0330082 0.613517
0 0.542995 0.721615 0.0148252 0.0310202 0.611708
0 0.138932 0.246328 0.018933 0.0390325 0.610359
0 0.460157 0.7407 0.0154233 0.0298292 0.609926
0 0.878353 0.264045 0.0215797 0.0425146 0.60772
0 0.763682 0.164282 0.0238155 0.0433951 0.606939
0 0.503848 0.776063 0.0218931 0.0435903 0.605663
0 0.0366067 0.280451 0.0209086 0.0356422 0.605509
0 0.666274 0.0885938 0.0205631 0.0425607 0.605377
0 0.440174 0.759383 0.0179441 0.0353651 0.605162
0 0.661937 0.239501 0.0173354 0.0271236 0.604961
0 0.149984 0.557286 0.0211966 0.0454003 0.603503
0 0.940022 0.453183 0.021954 0.0376231 0.601959
0 0.937155 0.85418 0.0224285 0.0386849 0.600677
0 0.806928 0.552105 0.0199051 0.0379435 0.600183
0 0.858108 0.819964 0.0201332 0.035132 0.599964
0 0.63938 0.375945 0.0145609 0.0282158 0.599954
0 0.184966 0.443494 0.0168472 0.0345827 0.599221
0 0.123269 0.68436 0.0173016 0.0292387 0.599151
0 0.870843 0.717271 0.0199318 0.03056 0.599102
0 0.0824703 0.352189 0.0179662 0.030066 0.593633
0 0.11829 0.87393 0.019131 0.0406342 0.590656
0 0.831656 0.103889 0.0212943 0.0325711 0.590322
0 0.574595 0.0684197 0.0218085 0.0341519 0.589246
0 0.158094 0.393227 0.0146554 0.0327364 0.588872
0 0.0330049 0.703797 0.0179114 0.0342376 0.588848
0 0.625126 0.727864 0.0180265 0.0315493 0.587818
0 0.679495 0.937832 0.014397 0.0306563 0.587186
0 0.976395 0.480991 0.0187193 0.0346473 0.586867
0 0.187506 0.225441 0.0201236 0.0434855 0.586461
0 0.504926 0.466397 0.0228519 0.0431929 0.586172
0 0.99083 0.044369 0.0183399 0.0386476 0.586124
0 0.344996 0.816596 0.0222975 0.0378588 0.584926
0 0.500939 0.227469 0.0144455 0.0293364 0.584639
0 0.832123 0.145921 0.0200386 0.032711 0.584329
0 0.885462 0.320993 0.019772 0.0328241 0.58412
0 0.741129 0.0397374 0.021804 0.0339845 0.583639
0 0.796532 0.34611 0.019963 0.0428048 0.583625
0 0.892023 0.382078 0.0258583 0.0466232 0.582688
0 0.19985 0.41958 0.0175791 0.0349757 0.582077
0 0.791291 0.738481 0.022383 0.0367052 0.580918
0 0.948553 0.808983 0.0152964 0.0292379 0.580662
0 0.718619 0.109064 0.0176562 0.0254842 0.580372
0 0.365109 0.977753 0.0209735 0.0386579 0.579051
0 0.462565 0.897885 0.017999 0.0313633 0.577996
0 0.566857 0.675459 0.0188218 0.0348805 0.575383
0 0.554027 0.301378 0.0142963 0.0345569 0.575366
0 0.815473 0.0679037 0.0157875 0.0237779 0.574028
0 0.198071 0.716663 0.0160071 0.030626 0.573777
0 0.970698 0.170061 0.0210983 0.0396007 0.573729
0 0.494671 0.189786 0.015492 0.0290008 0.572749
0 0.365038 0.507234 0.0164947 0.0323864 0.572119
0 0.665679 0.428877 0.0165481 0.0334751 0.570683
0 0.581975 0.946079 0.0224789 0.0403012 0.56793
0 0.55217 0.1714 0.0213083 0.0358549 0.567785
0 0.295415 0.584725 0.0179623 0.0317737 0.56588
0 0.657644 0.980165 0.0191111 0.0374057 0.565707
0 0.758215 0.349445 0.0196859 0.0323836 0.562722
0 0.724216 0.851683 0.025369 0.046455 0.560897
0 0.963377 0.583299 0.0254178 0.0400804 0.559145
0 0.262235 0.589871 0.0174337 0.0330865 0.558764
0 0.972701 0.35711 0.0234623 0.0295249 0.557462
0 0.8472 0.223984 0.0191797 0.036548 0.556163
0 0.843324 0.284413 0.0189577 0.0281564 0.55535
0 0.0814126 0.481661 0.023128 0.0455809 0.555028
0 0.140237 0.710776 0.0201726 0.0312885 0.554717
0 0.324528 0.829492 0.0168353 0.028629 0.553644
0 0.960393 0.455269 0.0152981 0.0249384 0.553524
0 0.666637 0.312546 0.0199854 0.0475455 0.55296
0 0.539489 0.444232 0.0204236 0.0515674 0.552798
0 0.0739527 0.410934 0.0174023 0.0376211 0.551496
0 0.162268 0.262894 0.0238339 0.0434186 0.550833
0 0.485406 0.0900358 0.0251678 0.0392263 0.549971
0 0.732336 0.257856 0.0197872 0.036683 0.549252
0 0.0536672 0.262577 0.0138489 0.0321861 0.547292
0 0.755392 0.781213 0.0205231 0.0334585 0.546177
0 0.760109 0.61402 0.0173143 0.0338674 0.544818
0 0.0758578 0.777927 0.0182549 0.0316064 0.543234
0 0.051016 0.341855 0.019137 0.0322755 0.542575
0 0.126788 0.127497 0.0180032 0.0353036 0.541454
0 0.264308 0.772444 0.0269557 0.0524403 0.53959
0 0.0626649 0.79813 0.0177565 0.028547 0.539424
0 0.0545666 0.403401 0.0212478 0.0380313 0.537044
0 0.886799 0.476322 0.018383 0.0316971 0.535026
0 0.774432 0.927277 0.0176218 0.0333961 0.534867
0 0.694023 0.982232 0.0192214 0.0336491 0.534495
0 0.0142869 0.163549 0.0194885 0.0298776 0.534471
0 0.466468 0.833272 0.0205442 0.0359011 0.53426
0 0.528527 0.350253 0.0183445 0.0364186 0.533709
0 0.580788 0.291221 0.0278795 0.0386683 0.53349
0 0.0223173 0.605451 0.0223981 0.0395491 0.52807
0 0.392042 0.810623 0.0156218 0.0256321 0.526169
0 0.887067 0.540152 0.0150541 0.027911 0.525943
0 0.509826 0.198687 0.0162054 0.0255455 0.525376
0 0.431284 0.705953 0.026606 0.0461197 0.524394
0 0.278026 0.848042 0.0153964 0.037345 0.524367
0 0.553873 0.620047 0.0193111 0.0316449 0.51926
0 0.162715 0.755579 0.0142324 0.0220237 0.516898
0 0.98096 0.824356 0.0137423 0.0244497 0.515499
0 0.932285 0.0539265 0.0275658 0.0517179 0.514814
0 0.415781 0.799717 0.0154523 0.0289924 0.509795
0 0.0833572 0.937231 0.0171846 0.0332604 0.507154
0 0.51889 0.157692 0.020643 0.0326483 0.507154
0 0.187804 0.840887 0.0219969 0.0316227 0.506308
0 0.046738 0.165272 0.015939 0.0283148 0.504249
0 0.967332 0.113601 0.0173798 0.034427 0.503119
0 0.534543 0.288852 0.0184285 0.0288667 0.50238
0 0.904853 0.277983 0.018615 0.0350253 0.501221
0 0.129504 0.0772092 0.0182025 0.0357425 0.500439
0 0.988859 0.310682 0.0222818 0.0439961 0.500337
0 0.802724 0.780902 0.0162347 0.0308662 0.49966
0 0.694983 0.425884 0.0291517 0.0455585 0.499636
0 0.573287 0.328413 0.0208107 0.0320353 0.498238
0 0.866319 0.860104 0.0204276 0.0323113 0.4973
0 0.507373 0.270812 0.017639 0.0312873 0.497222
0 0.384583 0.162948 0.0205772 0.0309519 0.49673
0 0.0928548 0.868663 0.0191133 0.0329091 0.495968
0 0.702338 0.274893 0.0153642 0.0297812 0.495322
0 0.389948 0.11411 0.0267519 0.0442847 0.493038
0 0.402826 0.778135 0.0144478 0.0255334 0.491392
0 0.0708207 0.716884 0.0156316 0.0342572 0.491073
0 0.657931 0.9384 0.0156555 0.0267592 0.490313
0 0.903071 0.920821 0.0172077 0.0302188 0.489935
0 0.53485 0.233584 0.0140413 0.0211844 0.487755
0 0.449456 0.0791029 0.0175836 0.0240586 0.486698
0 0.599587 0.169521 0.0203259 0.0326511 0.486059
0 0.793369 0.247922 0.0159595 0.0244399 0.484346
0 0.154936 0.456962 0.0186095 0.0364092 0.484136
0 0.718098 0.535365 0.0183885 0.0285749 0.483412
0 0.611418 0.106164 0.0171913 0.0273458 0.482078
0 0.569457 0.25167 0.0123859 0.0274103 0.481491
0 0.608565 0.631567 0.014637 0.0211331 0.480388
0 0.571698 0.146437 0.0237808 0.0288559 0.480072
0 0.0282458 0.22781 0.0204043 0.0289654 0.479559
0 0.215015 0.866014 0.017445 0.0311076 0.477771
0 0.596422 0.131924 0.0172813 0.0308737 0.471618
0 0.232311 0.736303 0.0257506 0.0489112 0.470246
0 0.976193 0.263489 0.0213776 0.0393075 0.468928
0 0.824049 0.276212 0.0151877 0.0332192 0.46804
0 0.904998 0.591138 0.0182808 0.0317556 0.467325
0 0.28813 0.668416 0.0186448 0.0362064 0.465169
0 0.343907 0.425242 0.0295503 0.0502753 0.462366
0 0.0104972 0.330157 0.0195152 0.03267 0.462183
0 0.571459 0.360219 0.0137852 0.0234867 0.461716
0 0.903214 0.49078 0.01208 0.0318406 0.45921
0 0.885298 0.204449 0.0187843 0.032684 0.458336
0 0.106811 0.588769 0.0123767 0.0230639 0.457399
0 0.682565 0.0666699 0.0142431 0.028695 0.455329
0 0.322466 0.760294 0.0131381 0.0274633 0.454296
0 0.248168 0.664215 0.0174894 0.0302116 0.453398
0 0.607771 0.0713762 0.019124 0.0353397 0.451074
0 0.840461 0.00868968 0.0193153 0.0164853 0.450663
0 0.161921 0.213882 0.0186781 0.0371294 0.448716
0 0.250171 0.811495 0.0142717 0.0231545 0.446445
0 0.834283 0.975588 0.0246799 0.0460083 0.446234
0 0.504591 0.62492 0.015353 0.0254729 0.445791
0 0.584654 0.222438 0.0157524 0.0269469 0.444334
0 0.715574 0.398475 0.0192795 0.0351267 0.442832
0 0.103304 0.518143 0.0216894 0.0431066 0.440364
0 0.0583962 0.954901 0.0199589 0.0371091 0.439646
0 0.224767 0.807597 0.0214523 0.0415851 0.438665
0 0.327157 0.692005 0.0124772 0.0297561 0.435492
0 0.830056 0.347824 0.0272507 0.060472 0.435134
0 0.125739 0.634597 0.0135357 0.0299488 0.430441
0 0.993679 0.813272 0.0126417 0.0352108 0.429788
0 0.0881825 0.0801144 0.0205425 0.0394895 0.429236
0 0.101733 0.510163 0.0188771 0.0312891 0.428994
0 0.379966 0.214218 0.0155893 0.0271205 0.428879
0 0.0318386 0.0266586 0.0187811 0.0351576 0.427784
0 0.990259 0.573725 0.0194825 0.0379342 0.427463
0 0.684843 0.857784 0.0265751 0.0496353 0.423559
0 0.155964 0.674865 0.0153777 0.0331948 0.421241
0 0.390353 0.885854 0.0321023 0.0496228 0.421195
0 0.238274 0.881972 0.0208673 0.0391852 0.420908
0 0.00476527 0.199608 0.00949701 0.0340249 0.420851
0 0.974278 0.0627436 0.0130154 0.0269375 0.420517
0 0.900287 0.434874 0.0147991 0.0261752 0.419724
0 0.129292 0.594629 0.0197451 0.034463 0.415066
0 0.515107 0.421836 0.0170908 0.0318178 0.414849
0 0.325378 0.926549 0.0176936 0.0328844 0.414281
0 0.377625 0.944174 0.0144734 0.026124 0.411715
0 0.336403 0.629159 0.016462 0.0274034 0.411359
0 0.112434 0.758664 0.0175891 0.0250548 0.409653
0 0.586523 0.0113088 0.026908 0.0224467 0.409649
0 0.841611 0.887337 0.0174501 0.0347405 0.408823
0 0.284902 0.810962 0.014656 0.0263563 0.40762
0 0.034962 0.320936 0.0146738 0.0218318 0.407299
0 0.92391 0.396023 0.025911 0.0297797 0.403613
0 0.722563 0.152621 0.0183414 0.0310162 0.403264
0 0.803391 0.924649 0.0224754 0.0479094 0.399752
0 0.941823 0.632907 0.0147524 0.0255923 0.397858
0 0.00972028 0.393317 0.0159471 0.0229465 0.395796
0 0.902098 0.495393 0.0134228 0.0406626 0.394222
0 0.386772 0.889449 0.0245222 0.0388428 0.394207
0 0.772557 0.0615217 0.0165665 0.0325724 0.393793
0 0.00323375 0.262595 0.00644942 0.0551553 0.388337
0 0.680733 0.265247 0.0133068 0.0228519 0.386867
0 0.947799 0.751814 0.01591 0.0337179 0.386038
0 0.890057 0.640279 0.0170643 0.033641 0.383601
0 0.105342 0.957546 0.0176987 0.0356624 0.383012
0 0.800793 0.151345 0.0158825 0.0301857 0.382645
0 0.00722405 0.129393 0.0142519 0.0334968 0.381699
0 0.81481 0.751581 0.014454 0.0272702 0.381488
0 0.0627564 0.363319 0.0152416 0.0317695 0.380948
0 0.45496 0.860923 0.0211029 0.0318941 0.380145
0 0.642685 0.288095 0.0173529 0.0371862 0.376591
0 0.0352148 0.372886 0.0160986 0.0349271 0.375694
0 0.538299 0.777065 0.0208561 0.0287584 0.374828
0 0.272072 0.930252 0.0233452 0.0322259 0.372881
0 0.0332252 0.479606 0.0187454 0.0218276 0.371806
0 0.926147 0.706915 0.0167006 0.0307727 0.370683
0 0.707458 0.771467 0.0165748 0.0345347 0.368194
0 0.130651 0.80761 0.0170773 0.0282338 0.368036
0 0.889922 0.710135 0.0132889 0.0287333 0.365526
0 0.947609 0.76011 0.0150509 0.0392843 0.362576
0 0.216986 0.981229 0.0163174 0.0318884 0.362286
0 0.720674 0.669583 0.0261616 0.0397111 0.361835
0 0.118773 0.168958 0.0194675 0.0250968 0.361765
0 0.56614 0.114134 0.0222866 0.0349418 0.361392
0 0.0193956 0.258822 0.016097 0.0313237 0.36075
0 0.737517 0.332959 0.017864 0.0346009 0.360347
0 0.824015 0.856726 0.0152756 0.0295478 0.360277
0 0.0565805 0.585504 0.0207932 0.0358851 0.359827
0 0.305979 0.195347 0.0214344 0.0350572 0.358303
0 0.910224 0.692933 0.0170208 0.0293165 0.354246
0 0.883292 0.475614 0.0225693 0.0321117 0.353429
0 0.514324 0.322523 0.0178932 0.0228783 0.351174
0 0.597249 0.71901 0.0193489 0.0319706 0.350922
0 0.377497 0.0153202 0.0176854 0.0293717 0.350877
0 0.522664 0.609053 0.0140255 0.0272375 0.349856
0 0.991917 0.143613 0.0161669 0.0275258 0.349797
0 0.529815 0.101766 0.0154737 0.0180664 0.34962
0 0.139646 0.961434 0.0199142 0.0312646 0.349481
0 0.2652 0.643104 0.0153709 0.0309869 0.347382
0 0.675239 0.641565 0.0183701 0.0341894 0.346801
0 0.236547 0.735108 0.0210851 0.0421753 0.344456
0 0.986364 0.31784 0.0206833 0.0309502 0.341574
0 0.95906 0.875854 0.0201326 0.0381918 0.340618
0 0.103303 0.620707 0.0137015 0.0243595 0.339964
0 0.347871 0.665509 0.0204153 0.0338764 0.339916
0 0.682498 0.865746 0.0273903 0.0440362 0.339377
0 0.912252 0.977515 0.0146847 0.0290219 0.339218
0 0.474672 0.988381 0.0248531 0.0226254 0.338992
0 0.527499 0.641138 0.0171612 0.0270426 0.337735
0 0.610213 0.932362 0.0142204 0.0237591 0.331065
0 0.909225 0.359888 0.0174608 0.0378655 0.330872
0 0.324931 0.796977 0.0129847 0.0225162 0.329526
0 0.948468 0.699096 0.015284 0.0248492 0.328873
0 0.169229 0.363223 0.0184515 0.0328727 0.327746
0 0.780033 0.668235 0.0190599 0.0294315 0.326972
0 0.0566318 0.845904 0.024313 0.0440035 0.324906
0 0.705423 0.832841 0.0171148 0.0287679 0.323856
0 0.942615 0.372596 0.0121613 0.0257119 0.322011
0 0.466966 0.668626 0.0208614 0.0400349 0.320796
0 0.995194 0.917935 0.00961304 0.042472 0.317716
0 0.698318 0.206599 0.027353 0.033008 0.316251
0 0.364664 0.820653 0.0142892 0.02571 0.316036
0 0.0154659 0.45543 0.0206459 0.039738 0.314731
0 0.211235 0.902944 0.0233419 0.0369795 0.314369
0 0.305537 0.670695 0.0148677 0.0293211 0.312627
0 0.763967 0.224141 0.0234927 0.0353184 0.312589
0 0.0181378 0.0586581 0.0246697 0.0400905 0.310774
0 0.790887 0.197377 0.0204997 0.0286375 0.308701
0 0.968938 0.729579 0.015839 0.027436 0.307519
0 0.517267 0.680679 0.0221119 0.034559 0.307426
0 0.717189 0.276526 0.0112049 0.0304577 0.305789
0 0.636085 0.240568 0.0190987 0.0315461 0.305503
0 0.809107 0.316765 0.0151274 0.0203955 0.303994
0 0.0587163 0.838732 0.0238844 0.0429126 0.302356
0 0.106768 0.320566 0.0182291 0.0393847 0.299691
0 0.0157216 0.561753 0.0103702 0.0215928 0.299424
0 0.703514 0.903727 0.0147549 0.0295854 0.297596
0 0.365169 0.915804 0.0132141 0.0270874 0.2971
0 0.303489 0.728061 0.0166296 0.0286846 0.29342
0 0.53994 0.0115627 0.0208557 0.0228326 0.293083
0 0.173478 0.68652 0.0193456 0.0363746 0.292728
0 0.0136393 0.987066 0.0183641 0.0246067 0.291586
0 0.10401 0.523681 0.0193625 0.0416408 0.291195
0 0.109823 0.738289 0.0193253 0.033736 0.290095
0 0.889605 0.743778 0.0158878 0.029271 0.289551
0 0.877804 0.434714 0.0167545 0.0323058 0.28765
0 0.818768 0.616853 0.0190191 0.0325581 0.287191
0 0.47989 0.0394511 0.0277779 0.0545429 0.286158
0 0.907662 0.824339 0.0197071 0.0324361 0.28567
0 0.96296 0.236842 0.0187714 0.0282534 0.28554
0 0.806098 0.409521 0.0142887 0.0280162 0.285006
0 0.132124 0.990184 0.0149155 0.0190292 0.284596
0 0.00707266 0.284795 0.0139422 0.0231614 0.283041
0 0.19615 0.762763 0.010783 0.0211731 0.282813
0 0.840942 0.881069 0.0181966 0.0408281 0.282639
0 0.522464 0.823489 0.0157629 0.0267192 0.280396
0 0.853832 0.379986 0.023629 0.0375714 0.279808
0 0.323928 0.76277 0.0122087 0.0279283 0.276332
0 0.834931 0.0785688 0.0138176 0.0189004 0.275937
0 0.880995 0.597904 0.0148174 0.0257042 0.275473
0 0.144068 0.424404 0.014372 0.0312286 0.275394
0 0.140255 0.786758 0.0151402 0.0275989 0.275152
0 0.104463 0.822606 0.0194569 0.0373213 0.274176
0 0.507472 0.540302 0.0355998 0.0566577 0.274136
0 0.372569 0.784656 0.0218686 0.0345317 0.273685
0 0.195958 0.714518 0.0198879 0.0347283 0.273478
0 0.00237709 0.973134 0.00473896 0.04346 0.273059
0 0.688954 0.315546 0.0153753 0.0249881 0.27087
0 0.966746 0.305991 0.013448 0.0228595 0.270602
0 0.0791571 0.846828 0.0150689 0.0313414 0.267778
0 0.187196 0.439449 0.0190417 0.0381273 0.266404
0 0.914848 0.469621 0.0155792 0.0347063 0.265962
0 0.795021 0.0473113 0.0147633 0.0361601 0.265071
0 0.0326934 0.475511 0.0189972 0.0286877 0.264069
0 0.314312 0.824013 0.0110029 0.025117 0.263397
0 0.777659 0.324367 0.0196503 0.0322239 0.262793
0 0.320064 0.352452 0.0365083 0.0722916 0.262216
0 0.215507 0.563325 0.0154551 0.0312721 0.262089
0 0.687335 0.312024 0.0164857 0.0310574 0.259901
0 0.460668 0.795681 0.0165302 0.0259026 0.259497
0 0.306174 0.728242 0.0143824 0.0292436 0.259462
0 0.0318093 0.975009 0.0187874 0.0346601 0.259382
0 0.498273 0.148267 0.0157776 0.030305 0.256541
0 0.788532 0.407248 0.0187897 0.0270811 0.256046
0 0.239057 0.827444 0.0116425 0.0211917 0.25546
0 0.176467 0.782188 0.0167237 0.0285592 0.254919
0 0.662075 0.825866 0.01932 0.0304555 0.254634
0 0.951615 0.189203 0.0232118 0.0451536 0.253782
0 0.99326 0.499942 0.0134794 0.0254749 0.253615
0 0.837784 0.077047 0.0154446 0.0237102 0.252859
0 0.728574 0.214481 0.0170839 0.0286571 0.252193
0 0.107161 0.920666 0.019128 0.0306688 0.251618
0 0.879209 0.168502 0.0164583 0.0283059 0.250513
0 0.21239 0.642876 0.0148267 0.0318244 0.250144
