0 0.814769 0.219192 0.0267131 0.0411693 0.693483
0 0.512702 0.183756 0.0205635 0.0391914 0.692696
0 0.4843 0.805083 0.0220352 0.0512224 0.68959
0 0.891445 0.306449 0.0220055 0.0378775 0.689534
0 0.553889 0.329577 0.0216454 0.0360014 0.687249
0 0.694617 0.771473 0.0243702 0.0381122 0.687108
0 0.523141 0.384917 0.0219525 0.0453356 0.684809
0 0.553771 0.384135 0.0242645 0.0436442 0.67976
0 0.835712 0.197153 0.0213028 0.0352932 0.678258
0 0.343332 0.193351 0.0272562 0.0393933 0.673739
0 0.223281 0.485291 0.0209854 0.0388699 0.670339
0 0.0827468 0.84132 0.0240379 0.0421087 0.667536
0 0.466616 0.105402 0.0193405 0.039102 0.66375
0 0.242537 0.929932 0.0236451 0.0479797 0.660626
0 0.126161 0.528877 0.0182244 0.03425 0.656941
0 0.466394 0.307717 0.0155361 0.031662 0.656859
0 0.374193 0.966187 0.0219323 0.0443952 0.656803
0 0.817376 0.807883 0.0200779 0.0419193 0.656275
0 0.438497 0.884189 0.0175213 0.0335966 0.653136
0 0.574712 0.0690173 0.0154085 0.0273622 0.653106
0 0.282952 0.549419 0.0162319 0.0328467 0.65206
0 0.479157 0.39932 0.021344 0.0366085 0.651771
0 0.845221 0.366634 0.0163239 0.032379 0.651339
0 0.612153 0.953367 0.0211944 0.0350769 0.651004
0 0.27916 0.818311 0.0195178 0.0363423 0.650793
0 0.935549 0.611239 0.0166725 0.0313394 0.649851
0 0.443083 0.108701 0.0186162 0.0325837 0.649276
0 0.203974 0.559029 0.0184342 0.0373491 0.64792
0 0.589163 0.467281 0.0176581 0.0361337 0.647071
0 0.125571 0.0637806 0.0211112 0.0391692 0.646981
0 0.585149 0.422661 0.0239271 0.0445098 0.646231
0 0.25013 0.397164 0.0155533 0.0381741 0.646208
0 0.200716 0.645277 0.0184953 0.0327226 0.645329
0 0.899918 0.345856 0.0180286 0.0358674 0.643663
0 0.499436 0.941234 0.0180113 0.0329065 0.642756
0 0.691824 0.410954 0.0186315 0.0401134 0.642549
0 0.774647 0.248307 0.0244698 0.0378164 0.642148
0 0.0947439 0.613252 0.0214049 0.0420984 0.640339
0 0.319259 0.484684 0.0200758 0.034831 0.640167
0 0.137013 0.476863 0.0170163 0.0300738 0.639542
0 0.105176 0.804258 0.0182276 0.0315823 0.637981
0 0.398505 0.672756 0.0218494 0.0344118 0.637747
0 0.889202 0.551592 0.0131262 0.0351895 0.636208
0 0.557039 0.077906 0.0145161 0.0320781 0.63551
0 0.517298 0.433007 0.0198946 0.0400019 0.632957
0 0.950222 0.956431 0.0170776 0.0347171 0.632395
0 0.895293 0.817893 0.0203992 0.040348 0.632326
0 0.428153 0.92273 0.0212696 0.0388127 0.632238
0 0.0480386 0.387092 0.019811 0.0341751 0.63117
0 0.917884 0.114756 0.0181087 0.0328725 0.630537
0 0.942896 0.757286 0.0152252 0.03063 0.630342
0 0.948752 0.553442 0.0149059 0.0258553 0.6298
0 0.449929 0.373171 0.0193974 0.0349913 0.629707
0 0.231976 0.670741 0.0183244 0.0340615 0.629618
0 0.830513 0.305393 0.0186993 0.0340881 0.629586
0 0.580124 0.138487 0.0178618 0.0335031 0.629547
0 0.148542 0.0173913 0.0223843 0.032832 0.629073
0 0.171712 0.953287 0.0254848 0.042271 0.627438
0 0.112314 0.330593 0.017708 0.0307604 0.627092
0 0.649465 0.541692 0.0200122 0.0368537 0.626726
0 0.394206 0.838744 0.0169626 0.0338637 0.626157
0 0.622857 0.982026 0.0209358 0.0346663 0.625049
0 0.0771932 0.301442 0.013607 0.0281589 0.624063
0 0.133261 0.420611 0.0182943 0.0297407 0.623926
0 0.38204 0.30114 0.0196463 0.0385384 0.62374
0 0.22519 0.408446 0.0194383 0.0347402 0.623562
0 0.245265 0.867787 0.0187085 0.035309 0.623034
0 0.410895 0.789366 0.0227886 0.0532942 0.622962
0 0.577406 0.105047 0.0119262 0.023938 0.622339
0 0.687569 0.813465 0.0157173 0.0324653 0.622102
0 0.626996 0.262814 0.0161658 0.0349043 0.621953
0 0.0923108 0.131899 0.0194744 0.0383589 0.621844
0 0.185096 0.486014 0.0214415 0.0404271 0.621402
0 0.520749 0.674792 0.018635 0.0375509 0.621001
0 0.144599 0.372085 0.0187319 0.031094 0.619495
0 0.113338 0.587661 0.0128366 0.0262234 0.61947
0 0.227515 0.524378 0.0181155 0.0344576 0.618351
0 0.70185 0.844651 0.0136292 0.0252597 0.617646
0 0.623919 0.31846 0.0198927 0.0302069 0.616917
0 0.293262 0.684177 0.0164003 0.0352054 0.616318
0 0.613799 0.0241201 0.0157491 0.0303952 0.616256
0 0.647523 0.195102 0.0195152 0.0345118 0.615756
0 0.297595 0.901904 0.0200737 0.0328274 0.613734
0 0.119922 0.754744 0.0160057 0.0271966 0.612886
0 0.914462 0.612693 0.0216228 0.0411488 0.612771
0 0.0852173 0.380631 0.0145189 0.0313358 0.612589
0 0.978134 0.761576 0.0229599 0.0399957 0.612442
0 0.384457 0.342873 0.0176003 0.0330371 0.612189
0 0.171983 0.111125 0.0159116 0.0326165 0.611122
0 0.91064 0.23674 0.0223894 0.0400626 0.61073
0 0.0482826 0.0383515 0.0187392 0.0336706 0.610342
0 0.726457 0.475893 0.016384 0.0323938 0.610168
0 0.108768 0.547433 0.0136425 0.0286845 0.609855
0 0.39404 0.378012 0.015242 0.0326868 0.609353
0 0.666928 0.377548 0.0168123 0.0399628 0.609203
0 0.5481 0.155635 0.0235668 0.0460378 0.608354
0 0.974479 0.307303 0.0177837 0.0313716 0.607425
0 0.865949 0.771959 0.0153699 0.0318454 0.607171
0 0.704412 0.0712412 0.0211138 0.0383111 0.605745
0 0.454664 0.420047 0.0196166 0.0386534 0.604239
0 0.0363105 0.444909 0.0175339 0.0350039 0.603593
0 0.620811 0.648383 0.0184488 0.0326146 0.602657
0 0.442153 0.174769 0.0186142 0.0366407 0.602099
0 0.597866 0.177476 0.0142927 0.0282996 0.601679
0 0.157018 0.142863 0.0164095 0.027467 0.601012
0 0.284408 0.86441 0.0172073 0.0385067 0.600995
0 0.269962 0.899389 0.0166432 0.0276944 0.60068
0 0.1472 0.712505 0.0162162 0.0288534 0.600311
0 0.365871 0.0358882 0.0220373 0.0398713 0.600249
0 0.142984 0.118544 0.0164097 0.028305 0.599446
0 0.45605 0.144769 0.0215698 0.0309848 0.599284
0 0.247971 0.235845 0.0133912 0.0255417 0.598633
0 0.470841 0.945441 0.0198088 0.037383 0.598303
0 0.667082 0.41837 0.0125763 0.0242038 0.597806
0 0.0114606 0.472985 0.0167413 0.0302187 0.597321
0 0.894555 0.865539 0.0188412 0.0359192 0.597159
0 0.142255 0.158335 0.0146289 0.0327246 0.597047
0 0.755634 0.356334 0.0184876 0.036037 0.596421
0 0.785236 0.349546 0.0171445 0.0298105 0.596408
0 0.740932 0.672217 0.0178434 0.0371321 0.595918
0 0.871214 0.509098 0.0118332 0.0309719 0.595893
0 0.88256 0.886285 0.0181408 0.0373718 0.595838
0 0.186934 0.0916743 0.013307 0.03022 0.595285
0 0.240654 0.737891 0.0152166 0.0273661 0.595232
0 0.797416 0.607228 0.0160635 0.0336031 0.595229
0 0.19538 0.13872 0.0148187 0.0339871 0.594556
0 0.77013 0.622376 0.0185268 0.0375441 0.594312
0 0.611452 0.277693 0.0209717 0.0397945 0.594082
0 0.151969 0.0847838 0.015209 0.0278875 0.593918
0 0.0903071 0.73582 0.0174499 0.0300899 0.593032
0 0.748112 0.178976 0.0194359 0.0387767 0.592653
0 0.890727 0.379838 0.0156939 0.0292784 0.591441
0 0.459086 0.678688 0.0166018 0.0292291 0.590737
0 0.064108 0.623009 0.0140274 0.0309837 0.590533
0 0.399521 0.120035 0.0211533 0.0454106 0.590102
0 0.837365 0.415166 0.0167564 0.0369256 0.590003
0 0.846803 0.754773 0.0152462 0.0257328 0.589721
0 0.956602 0.510079 0.0173363 0.0285859 0.589647
0 0.472889 0.179705 0.0138998 0.0311042 0.588883
0 0.302831 0.145564 0.0145138 0.0292303 0.587759
0 0.726639 0.0590406 0.0198356 0.03845 0.587726
0 0.661627 0.841199 0.0156153 0.0317607 0.586094
0 0.646362 0.40408 0.0151398 0.0285923 0.586086
0 0.798337 0.371285 0.0153112 0.0284605 0.585016
0 0.220019 0.0557589 0.0144643 0.0220476 0.584469
0 0.818799 0.590036 0.023127 0.0344737 0.584233
0 0.947852 0.908296 0.020203 0.0527642 0.583575
0 0.642214 0.47952 0.0164782 0.0280525 0.583564
0 0.10036 0.365902 0.0172291 0.0339056 0.582299
0 0.692957 0.104885 0.0171154 0.0364719 0.581602
0 0.0445869 0.305986 0.0185657 0.0314007 0.580301
0 0.1267 0.196387 0.0191449 0.0403371 0.580163
0 0.207582 0.798953 0.0179516 0.0312634 0.579973
0 0.701468 0.516875 0.0217024 0.0372737 0.579553
0 0.318761 0.605998 0.0215021 0.0358837 0.579075
0 0.103558 0.761162 0.0148724 0.0283871 0.577922
0 0.509565 0.0414564 0.0119165 0.0276884 0.577763
0 0.708361 0.8739 0.0128853 0.0282932 0.577462
0 0.244209 0.55475 0.0147559 0.0260186 0.577373
0 0.663506 0.226712 0.0184708 0.0404567 0.577008
0 0.846298 0.787697 0.016671 0.030486 0.57683
0 0.0649545 0.284403 0.0117925 0.0243812 0.576683
0 0.378735 0.889229 0.016266 0.0398112 0.576654
0 0.975622 0.552822 0.014735 0.0285148 0.576251
0 0.445915 0.575683 0.0142242 0.0315155 0.575769
0 0.714913 0.293877 0.013885 0.0292767 0.575759
0 0.450237 0.485702 0.0254282 0.0406471 0.575457
0 0.156855 0.435927 0.0219158 0.0355398 0.575385
0 0.957676 0.221728 0.0137753 0.0280576 0.575144
0 0.557386 0.481733 0.0135406 0.0286504 0.574782
0 0.611724 0.731506 0.0143803 0.0305171 0.574753
0 0.315481 0.126575 0.0137815 0.0302748 0.574031
0 0.79395 0.844927 0.0161943 0.0395484 0.572652
0 0.576942 0.494964 0.0153553 0.0306373 0.572308
0 0.671978 0.590605 0.0147007 0.0326302 0.572007
0 0.144325 0.594663 0.0163977 0.0354787 0.571738
0 0.114015 0.119324 0.0196134 0.0319835 0.571158
0 0.0207449 0.0443284 0.013262 0.0275683 0.571103
0 0.617318 0.460933 0.0212427 0.0397554 0.569375
0 0.0654336 0.936038 0.0185996 0.0354513 0.569329
0 0.665101 0.800943 0.0122724 0.0308116 0.569265
0 0.0731873 0.23452 0.0162036 0.0308986 0.56893
0 0.228172 0.215883 0.0206436 0.0334797 0.567893
0 0.221751 0.0962271 0.0142646 0.0283211 0.567487
0 0.0655531 0.36807 0.0126559 0.021238 0.567413
0 0.759791 0.531259 0.0177082 0.0351978 0.566904
0 0.559131 0.256771 0.0182173 0.0351547 0.566242
0 0.0580114 0.776271 0.0150758 0.0294396 0.564972
0 0.255218 0.10788 0.0142128 0.0281683 0.564197
0 0.271067 0.97133 0.0175226 0.0328559 0.564154
0 0.343827 0.0452658 0.0188144 0.0364606 0.564066
0 0.302351 0.182428 0.0195138 0.0360279 0.562966
0 0.493149 0.270956 0.019379 0.0326427 0.562915
0 0.74154 0.32202 0.0161174 0.0279065 0.562083
0 0.742817 0.100418 0.0197159 0.0326281 0.561962
0 0.642495 0.614299 0.0175173 0.0344137 0.561614
0 0.965409 0.446347 0.0144871 0.0328284 0.56081
0 0.510732 0.0762208 0.0107 0.0238019 0.560643
0 0.704512 0.339401 0.0180445 0.038139 0.560342
0 0.637044 0.375876 0.0164629 0.0280487 0.559372
0 0.869288 0.275359 0.0175161 0.0351571 0.559108
0 0.644932 0.730546 0.0185862 0.0327942 0.558755
0 0.179904 0.163313 0.0151464 0.0316301 0.558607
0 0.964499 0.983521 0.0152365 0.0312455 0.558565
0 0.775428 0.835682 0.0107835 0.0280329 0.558333
0 0.223131 0.746239 0.0173193 0.031288 0.557947
0 0.699747 0.0384816 0.016347 0.0294455 0.557093
0 0.631906 0.220327 0.0174089 0.0305337 0.556906
0 0.432356 0.378724 0.0114223 0.0316627 0.556455
0 0.257755 0.577789 0.0156236 0.0276581 0.555834
0 0.0495977 0.910042 0.0189823 0.0331994 0.555189
0 0.240766 0.447237 0.0186416 0.0439061 0.555181
0 0.379699 0.735191 0.0194522 0.0339708 0.555002
0 0.181383 0.221284 0.0189102 0.0396179 0.554544
0 0.372897 0.192435 0.017878 0.0318587 0.554503
0 0.410429 0.70871 0.0181242 0.0320798 0.554058
0 0.351826 0.767586 0.016748 0.0300505 0.553213
0 0.204938 0.101007 0.0167836 0.031114 0.552631
0 0.832862 0.523478 0.0163052 0.0323962 0.552276
0 0.867559 0.440003 0.0132463 0.0303804 0.551836
0 0.262025 0.144246 0.0188747 0.0312226 0.55136
0 0.491739 0.192938 0.0178091 0.0311295 0.551326
0 0.691546 0.246658 0.023022 0.0509709 0.551304
0 0.221822 0.84555 0.0177071 0.0390808 0.550752
0 0.509308 0.509371 0.0157931 0.0298594 0.550737
0 0.390648 0.266737 0.0146322 0.0229097 0.549245
0 0.895605 0.413224 0.0138809 0.0213145 0.54919
0 0.4391 0.0617769 0.022703 0.0447775 0.548641
0 0.208295 0.609021 0.0146427 0.0274175 0.548368
0 0.944149 0.459182 0.0125309 0.023021 0.547161
0 0.139661 0.85754 0.0180603 0.0296573 0.545528
0 0.619519 0.172418 0.0225469 0.0344473 0.544446
0 0.0641862 0.729856 0.0144429 0.0304194 0.544182
0 0.813004 0.38465 0.0127209 0.0234623 0.543658
0 0.428261 0.545252 0.0217644 0.0398474 0.543051
0 0.812617 0.0898221 0.0181587 0.0422011 0.541364
0 0.260771 0.753589 0.013003 0.0282255 0.540642
0 0.585656 0.831011 0.013996 0.0282847 0.540282
0 0.714019 0.386637 0.0140373 0.0249169 0.540226
0 0.31427 0.528809 0.0137622 0.0227983 0.539952
0 0.397533 0.579911 0.0236867 0.0400487 0.539126
0 0.724662 0.323916 0.0135677 0.0310269 0.538954
0 0.229181 0.138265 0.0149185 0.0295358 0.53864
0 0.0925492 0.29552 0.0146997 0.025515 0.538271
0 0.367844 0.786219 0.0173733 0.0284865 0.537871
0 0.23753 0.265836 0.0120322 0.0337296 0.537805
0 0.648075 0.248902 0.0156389 0.0280846 0.5376
0 0.993732 0.335917 0.0125357 0.0377464 0.536663
0 0.84218 0.476416 0.0164045 0.0304697 0.536293
0 0.915672 0.571419 0.0132435 0.025253 0.53597
0 0.325272 0.280978 0.017534 0.0296954 0.53496
0 0.28684 0.981912 0.0200736 0.0351429 0.534906
0 0.265611 0.22406 0.0188079 0.0330525 0.534723
0 0.959906 0.411451 0.0155909 0.026233 0.534657
0 0.677825 0.0190703 0.0211767 0.0367733 0.534012
0 0.917879 0.850716 0.0198613 0.047386 0.533912
0 0.0124539 0.893854 0.0243423 0.0529586 0.53157
0 0.0263892 0.096968 0.0141078 0.0280892 0.531488
0 0.877725 0.351236 0.0163692 0.0273049 0.531428
0 0.776464 0.211391 0.0163364 0.0292991 0.530303
0 0.142903 0.779873 0.016147 0.0290144 0.528591
0 0.258432 0.970069 0.0110258 0.0307576 0.528433
0 0.142061 0.930823 0.0241407 0.0471485 0.527426
0 0.259344 0.69105 0.0161781 0.0314789 0.527253
0 0.906384 0.270206 0.0122599 0.0246793 0.526938
0 0.461091 0.977293 0.0214125 0.0339125 0.525401
0 0.980307 0.701531 0.016098 0.0324439 0.524756
0 0.34564 0.819409 0.0138933 0.0263438 0.524513
0 0.118668 0.264533 0.0145988 0.0276657 0.52374
0 0.30258 0.730634 0.0145218 0.0313117 0.522834
0 0.170888 0.642806 0.0245653 0.0350208 0.521428
0 0.228988 0.340405 0.0177621 0.0401339 0.521227
0 0.676632 0.702005 0.0127103 0.0253564 0.519586
0 0.367999 0.6321 0.0205833 0.0361165 0.519285
0 0.171602 0.0702698 0.0141747 0.024511 0.518606
0 0.244599 0.63274 0.0147653 0.0239046 0.518203
0 0.713845 0.749114 0.0182192 0.0335813 0.517428
0 0.0480768 0.262715 0.0129444 0.0266171 0.516445
0 0.268317 0.854837 0.0135627 0.0271613 0.516309
0 0.420479 0.207838 0.016373 0.0330634 0.516207
0 0.500225 0.0120394 0.0129814 0.0232526 0.515304
0 0.226486 0.785565 0.0113153 0.0271677 0.515151
0 0.916328 0.474932 0.0151356 0.0307661 0.514922
0 0.230668 0.0224917 0.0220214 0.0438448 0.514876
0 0.791691 0.314473 0.0137295 0.0335661 0.514215
0 0.153369 0.531593 0.0162152 0.0369914 0.513798
0 0.0861176 0.414823 0.0149018 0.0296981 0.512542
0 0.0713213 0.334818 0.0128331 0.0294386 0.51222
0 0.309679 0.309496 0.0175643 0.0321161 0.511977
0 0.60988 0.785168 0.00956574 0.0251868 0.511938
0 0.0534895 0.567017 0.0182616 0.0371443 0.511824
0 0.770531 0.561016 0.0144817 0.0286496 0.511105
0 0.402061 0.537118 0.0136121 0.0296939 0.510831
0 0.740204 0.419176 0.00983162 0.0358919 0.510318
0 0.0422632 0.540776 0.0175404 0.0266593 0.50982
0 0.882908 0.928647 0.0174561 0.0327516 0.509386
0 0.924668 0.51417 0.0147995 0.0280971 0.50901
0 0.613997 0.610222 0.0141834 0.0363022 0.508823
0 0.0551486 0.439952 0.0174681 0.0305259 0.508483
0 0.226441 0.568353 0.0151964 0.0313785 0.508374
0 0.938819 0.721354 0.0152702 0.0280658 0.507302
0 0.206474 0.685378 0.0162249 0.0317777 0.506085
0 0.181709 0.761419 0.0221168 0.036937 0.505789
0 0.926653 0.209961 0.015366 0.0289467 0.504213
0 0.473899 0.354679 0.0207333 0.0354118 0.501345
0 0.117196 0.665784 0.0146135 0.034474 0.5002
0 0.68067 0.889219 0.017034 0.0345296 0.500172
0 0.536767 0.304461 0.0122175 0.0283018 0.499737
0 0.260708 0.487055 0.0195907 0.0300786 0.499129
0 0.791882 0.571426 0.0100903 0.0268668 0.498476
0 0.192757 0.983293 0.0145602 0.029734 0.49569
0 0.555017 0.03766 0.0212048 0.0365539 0.495425
0 0.902447 0.584112 0.0117081 0.0243403 0.495321
0 0.601272 0.814317 0.0159435 0.0283003 0.493805
0 0.499977 0.358445 0.0172447 0.0309522 0.492101
0 0.564458 0.124661 0.0122063 0.0207253 0.4919
0 0.29918 0.506266 0.0173864 0.0305186 0.49158
0 0.714945 0.15373 0.015163 0.0199402 0.489758
0 0.0402451 0.0901797 0.0122744 0.0221104 0.489646
0 0.356959 0.351761 0.0126706 0.0276253 0.489355
0 0.592085 0.0910984 0.0134714 0.0286552 0.489065
0 0.531214 0.120616 0.0162564 0.0284572 0.488642
0 0.84679 0.326364 0.0143435 0.0325961 0.488639
0 0.0101426 0.0757481 0.0163545 0.0288354 0.486373
0 0.166115 0.682821 0.0216097 0.0375536 0.486142
0 0.0190329 0.526153 0.0186547 0.0363523 0.485449
0 0.629485 0.776487 0.0160145 0.0316976 0.485327
0 0.667777 0.981483 0.0139254 0.034494 0.485193
0 0.177255 0.729556 0.0189343 0.0291789 0.484745
0 0.855892 0.620292 0.0192066 0.0297859 0.484542
0 0.865738 0.550356 0.0133106 0.0269433 0.484031
0 0.890835 0.127124 0.0234276 0.0482909 0.482731
0 0.307756 0.928368 0.0160879 0.0218031 0.482512
0 0.466172 0.226988 0.0148123 0.0304274 0.481764
0 0.415114 0.363914 0.0140362 0.0254778 0.48137
0 0.85664 0.676848 0.0166077 0.0241717 0.481313
0 0.0443196 0.602447 0.0208491 0.0363552 0.481242
0 0.629151 0.93236 0.0144676 0.0292597 0.480942
0 0.402833 0.0363992 0.0287531 0.0534308 0.479756
0 0.460717 0.560314 0.0188232 0.0345031 0.479622
0 0.929669 0.142727 0.0234474 0.0349802 0.479453
0 0.646493 0.0150571 0.0216337 0.0297216 0.478694
0 0.870823 0.39063 0.0193169 0.0389699 0.47705
0 0.77086 0.156382 0.0186046 0.0325745 0.476968
0 0.356583 0.513704 0.0122847 0.0298024 0.475468
0 0.314584 0.0412546 0.0139463 0.0302189 0.474652
0 0.792264 0.71184 0.0185558 0.0341456 0.474451
0 0.290616 0.217348 0.020089 0.0324383 0.474066
0 0.00849819 0.132295 0.0149333 0.0277271 0.473753
0 0.786207 0.0870282 0.0127869 0.0234881 0.473334
0 0.32063 0.164097 0.0168999 0.029718 0.470695
0 0.629452 0.126187 0.0180368 0.0271735 0.469576
0 0.654659 0.44524 0.0164073 0.0379488 0.468843
0 0.00424328 0.504779 0.00846252 0.0308672 0.468564
0 0.605387 0.0846627 0.0137076 0.0248729 0.468347
0 0.476465 0.26162 0.0144678 0.0287643 0.467893
0 0.227705 0.609703 0.0185101 0.0337482 0.467181
0 0.00479598 0.208676 0.00953015 0.0497609 0.466923
0 0.825269 0.909516 0.0177597 0.0350086 0.466209
0 0.177859 0.553515 0.0203755 0.0335517 0.465219
0 0.822777 0.848834 0.0162889 0.0310365 0.464872
0 0.0154951 0.677963 0.0159935 0.0279821 0.464814
0 0.963415 0.828225 0.0229866 0.0525491 0.463961
0 0.220155 0.250304 0.0153111 0.0330841 0.463232
0 0.0199446 0.272581 0.0143808 0.0271734 0.461901
0 0.252104 0.783121 0.0158015 0.02343 0.461867
0 0.142952 0.324434 0.0144284 0.0305873 0.461831
0 0.313643 0.6889 0.0182141 0.0319495 0.461768
0 0.885697 0.663523 0.0202988 0.036685 0.461423
0 0.531903 0.270133 0.0186731 0.0274458 0.460368
0 0.764915 0.867824 0.00945326 0.0294746 0.460303
0 0.889426 0.258366 0.0153122 0.0254798 0.460055
0 0.67196 0.453153 0.0153486 0.0264305 0.459057
0 0.770588 0.910653 0.0126122 0.0266174 0.458983
0 0.349394 0.72731 0.0244027 0.0402618 0.458668
0 0.898348 0.17143 0.0185841 0.0368948 0.457846
0 0.165563 0.836173 0.0163245 0.0293121 0.457454
0 0.475406 0.524336 0.0161562 0.0341501 0.456718
0 0.683743 0.975515 0.0148219 0.0268632 0.456609
0 0.947112 0.411268 0.0103399 0.023835 0.456351
0 0.512625 0.635531 0.0178497 0.0379605 0.454676
0 0.646223 0.948035 0.0162651 0.0286535 0.454362
0 0.478095 0.643546 0.0142397 0.026585 0.454262
0 0.775593 0.718253 0.0144568 0.0277253 0.4541
0 0.623307 0.869184 0.0172934 0.0320855 0.453657
0 0.355593 0.86154 0.021021 0.0393231 0.452302
0 0.837325 0.143745 0.0136948 0.0298651 0.450304
0 0.727444 0.513676 0.0148878 0.0280183 0.449742
0 0.590801 0.70792 0.0201786 0.0412676 0.449009
0 0.766159 0.802189 0.0152772 0.0351966 0.446121
0 0.65174 0.315586 0.0149378 0.042061 0.446082
0 0.771477 0.178097 0.0179203 0.0323416 0.445948
0 0.956436 0.667514 0.0157945 0.0258321 0.443325
0 0.241233 0.975224 0.0155288 0.0297051 0.442906
0 0.613878 0.202366 0.0130389 0.020902 0.442625
0 0.785064 0.384221 0.00910918 0.0254454 0.441886
0 0.274218 0.172849 0.02034 0.0327001 0.441648
0 0.499421 0.57897 0.0202946 0.0451852 0.441568
0 0.826357 0.0591842 0.0119274 0.0276228 0.44093
0 0.490064 0.97727 0.0163817 0.0362905 0.439247
0 0.821267 0.753857 0.0155041 0.0301315 0.438386
0 0.180439 0.452081 0.0158822 0.0234635 0.438161
0 0.576207 0.551688 0.0163076 0.0274633 0.437839
0 0.823836 0.261794 0.0195002 0.0292854 0.437735
0 0.853196 0.133104 0.0137899 0.0242814 0.43657
0 0.515462 0.931464 0.0113323 0.0252268 0.435184
0 0.185647 0.0334615 0.0178596 0.0333997 0.434668
0 0.655891 0.914597 0.0196149 0.0411953 0.433077
0 0.621679 0.397457 0.0144826 0.0337258 0.432084
0 0.312922 0.554454 0.0170693 0.02598 0.431551
0 0.132567 0.664659 0.012153 0.0263221 0.431545
0 0.02728 0.947263 0.0243328 0.047974 0.431002
0 0.69175 0.447599 0.0164686 0.0258048 0.430518
0 0.787684 0.885502 0.0170982 0.0303904 0.429989
0 0.578695 0.365252 0.0151759 0.0287224 0.429595
0 0.574591 0.873245 0.0161649 0.0357617 0.429395
0 0.579457 0.922115 0.0149429 0.0287981 0.429272
0 0.396466 0.22028 0.0168379 0.0336114 0.428314
0 0.793162 0.769649 0.0305889 0.0510732 0.427569
0 0.112696 0.931889 0.0204824 0.0345694 0.427294
0 0.265695 0.643696 0.017303 0.0309387 0.426691
0 0.801065 0.451069 0.0145919 0.0257948 0.426001
0 0.0424172 0.675532 0.0213597 0.0351954 0.4246
0 0.953604 0.286784 0.0154457 0.0311957 0.422605
0 0.199856 0.874172 0.019628 0.0369056 0.422319
0 0.870334 0.854308 0.0140203 0.0326021 0.421972
0 0.726799 0.198125 0.0225452 0.0377881 0.421459
0 0.936021 0.103116 0.0151215 0.030186 0.421236
0 0.31768 0.9847 0.0155065 0.0287772 0.419425
0 0.405634 0.887721 0.0186988 0.0377567 0.419135
0 0.962978 0.611544 0.0170043 0.02872 0.418919
0 0.588003 0.239576 0.0165199 0.0368579 0.418813
0 0.459551 0.145565 0.0188023 0.0321852 0.418431
0 0.817419 0.0135037 0.0189617 0.0266472 0.416561
0 0.373927 0.811269 0.0163461 0.032314 0.414391
0 0.200154 0.199285 0.0159273 0.0286788 0.413343
0 0.995927 0.297874 0.00814667 0.0287677 0.412658
0 0.96912 0.734376 0.012608 0.0258025 0.412497
0 0.0509604 0.140551 0.0163323 0.0272796 0.411312
0 0.891439 0.619264 0.0159973 0.0237461 0.41014
0 0.299836 0.0479824 0.0143107 0.0306976 0.409908
0 0.271509 0.454082 0.0147289 0.0285797 0.409406
0 0.319694 0.0835115 0.0129597 0.0253983 0.407388
0 0.680321 0.300469 0.0185631 0.039142 0.407266
0 0.0322804 0.254306 0.0124889 0.027731 0.404802
0 0.365082 0.310867 0.0121147 0.0257368 0.404027
0 0.114513 0.159261 0.0161203 0.0356384 0.402191
0 0.991722 0.240802 0.0165556 0.0345357 0.401571
0 0.395457 0.752909 0.0147186 0.0307209 0.400264
0 0.293488 0.287138 0.0159384 0.0267466 0.4001
0 0.183826 0.342514 0.0172468 0.0335894 0.399878
0 0.688943 0.852132 0.0118601 0.0256554 0.399266
0 0.369462 0.455954 0.0178209 0.0324248 0.398572
0 0.955928 0.484616 0.0167336 0.0305693 0.396482
0 0.834953 0.663456 0.0127647 0.0270053 0.396134
0 0.877253 0.0750141 0.0185069 0.0336089 0.395797
0 0.15647 0.987977 0.0252154 0.0231491 0.395564
0 0.0813758 0.338111 0.0131816 0.0349588 0.395197
0 0.812929 0.339392 0.017127 0.0305086 0.394182
0 0.779579 0.515164 0.0145735 0.0252074 0.392286
0 0.964641 0.339549 0.0150124 0.0338114 0.391144
0 0.0452145 0.22883 0.0151987 0.0247704 0.388898
0 0.932404 0.576978 0.0138969 0.024385 0.388652
0 0.478823 0.0245661 0.0172902 0.0264501 0.388236
0 0.592427 0.566332 0.0146202 0.0291148 0.388065
0 0.133381 0.821471 0.0135277 0.0232045 0.387838
0 0.244659 0.120525 0.0109248 0.0278965 0.386989
0 0.125546 0.384093 0.0122246 0.0299416 0.386892
0 0.967074 0.268405 0.0204033 0.043106 0.386574
0 0.620062 0.90965 0.0150219 0.0218248 0.385607
0 0.0458713 0.712849 0.0140738 0.0206485 0.385494
0 0.258969 0.266037 0.0132896 0.0351284 0.383271
0 0.933208 0.427986 0.0110487 0.0323829 0.383039
0 0.445679 0.631302 0.014147 0.030696 0.382791
0 0.659169 0.275045 0.014558 0.0282913 0.382706
0 0.891929 0.869114 0.0179199 0.0353143 0.382688
0 0.24299 0.123854 0.0125173 0.0304587 0.380985
0 0.0366643 0.678842 0.0151117 0.0309187 0.380455
0 0.0305372 0.644421 0.0163472 0.027068 0.380198
0 0.819877 0.535633 0.0120533 0.0270871 0.379982
0 0.459952 0.0324493 0.0128321 0.0284985 0.379897
0 0.049049 0.800255 0.0127898 0.0216451 0.379796
0 0.48589 0.298124 0.0148142 0.0202882 0.379529
0 0.619409 0.574208 0.0185529 0.0297574 0.379446
0 0.847371 0.245273 0.0196018 0.0331276 0.37926
0 0.339948 0.348838 0.0169257 0.0319259 0.378889
0 0.871354 0.474193 0.013615 0.026881 0.378862
0 0.555851 0.686216 0.0219653 0.0361044 0.37793
0 0.629869 0.0967929 0.0203652 0.0297527 0.375551
0 0.54155 0.205207 0.0217463 0.0340409 0.375116
0 0.242637 0.0840731 0.0174602 0.0279021 0.374409
0 0.782111 0.011162 0.0181388 0.0210869 0.373945
0 0.792941 0.0400144 0.0194796 0.0315554 0.373481
0 0.79045 0.133722 0.0136724 0.0256621 0.372676
0 0.792016 0.478794 0.0126933 0.0282168 0.372341
0 0.366067 0.104721 0.0132608 0.0206727 0.372
0 0.777195 0.281799 0.0171088 0.0262769 0.371513
0 0.338858 0.968884 0.0179817 0.0298374 0.371488
0 0.3223 0.212999 0.0195377 0.0362108 0.370065
0 0.179346 0.395403 0.0156845 0.0361246 0.369651
0 0.689488 0.658326 0.0131392 0.0206671 0.369415
0 0.0604294 0.863778 0.0156168 0.0268389 0.368807
0 0.604036 0.395882 0.012387 0.0388585 0.368377
0 0.346985 0.243215 0.017612 0.0338878 0.368115
0 0.771729 0.167752 0.0196095 0.0514351 0.368057
0 0.922948 0.516697 0.0179249 0.0339985 0.367288
0 0.337692 0.100684 0.0159922 0.0271529 0.366465
0 0.851318 0.946706 0.0162632 0.0427497 0.365373
0 0.720669 0.561841 0.024121 0.0343922 0.364962
0 0.498233 0.0672378 0.0163319 0.0261427 0.364425
0 0.203655 0.950876 0.0212167 0.0341739 0.362939
0 0.382408 0.152622 0.0188139 0.0317968 0.36287
0 0.517752 0.246054 0.0184685 0.0308423 0.362436
0 0.0135413 0.306268 0.0141429 0.0224603 0.362341
0 0.687019 0.852053 0.013457 0.0274048 0.362002
0 0.87432 0.719922 0.0184921 0.0331519 0.361573
0 0.426818 0.510273 0.0124529 0.0207981 0.361098
0 0.534792 0.819913 0.0217614 0.0397207 0.361059
0 0.856999 0.409641 0.0147526 0.0274031 0.359124
0 0.653247 0.680932 0.0170886 0.0312407 0.358485
0 0.48369 0.753823 0.0156687 0.0324626 0.358043
0 0.129768 0.691928 0.0110558 0.0221298 0.357668
0 0.120521 0.463231 0.0135734 0.0256714 0.357109
0 0.831633 0.0223351 0.0178488 0.0316318 0.35511
0 0.321644 0.363803 0.0131212 0.016448 0.354754
0 0.341814 0.597055 0.0156462 0.0255879 0.353349
0 0.01832 0.184975 0.0159366 0.0313078 0.353159
0 0.877967 0.231545 0.0163488 0.0314511 0.352839
0 0.602436 0.755558 0.0102732 0.0228356 0.352515
0 0.0874595 0.926432 0.0180109 0.032192 0.35247
0 0.0355391 0.74345 0.01698 0.0416294 0.35104
0 0.917208 0.443962 0.0127617 0.0241223 0.350657
0 0.324039 0.946532 0.0178275 0.0315213 0.35007
0 0.710675 0.452809 0.0159403 0.0193642 0.348812
0 0.899018 0.959479 0.0187469 0.0289354 0.347994
0 0.723612 0.704108 0.0202412 0.0349074 0.347109
0 0.0332242 0.194541 0.0165322 0.0303503 0.346174
0 0.325681 0.63692 0.0146559 0.0216291 0.346052
0 0.386821 0.707491 0.0171472 0.027928 0.345376
0 0.720737 0.409822 0.0146709 0.022875 0.345258
0 0.978074 0.505548 0.0132053 0.0233846 0.34405
0 0.715858 0.9043 0.0146437 0.0280334 0.343889
0 0.745693 0.636536 0.0106859 0.0228798 0.343832
0 0.853455 0.835582 0.0171398 0.0337755 0.343271
0 0.701664 0.802286 0.0103834 0.0243449 0.342001
0 0.453633 0.528903 0.0142366 0.0240772 0.341557
0 0.964974 0.542772 0.0099083 0.0283794 0.341478
0 0.69335 0.335585 0.012606 0.0311768 0.340615
0 0.0129595 0.940413 0.015193 0.0309207 0.340315
0 0.0514879 0.109961 0.0177512 0.0298702 0.340082
0 0.399481 0.948416 0.0190631 0.0366187 0.339568
0 0.51097 0.330035 0.0173302 0.0287706 0.339387
0 0.606408 0.118632 0.0161489 0.027212 0.33876
0 0.295871 0.112865 0.0174138 0.0281385 0.338534
0 0.793876 0.410692 0.015836 0.0311459 0.338281
0 0.70255 0.939725 0.0169058 0.0301722 0.336976
0 0.0261808 0.302535 0.0111539 0.0192217 0.336535
0 0.865353 0.811453 0.0144711 0.0253699 0.336159
0 0.293571 0.393574 0.0152864 0.0295724 0.335095
0 0.0382481 0.983917 0.0116643 0.0300464 0.332294
0 0.760678 0.677205 0.0137703 0.0244161 0.331319
0 0.136583 0.970959 0.0184409 0.0317525 0.330935
0 0.485612 0.136318 0.0130362 0.0248824 0.330529
0 0.189858 0.581432 0.0114267 0.0259757 0.330229
0 0.965538 0.583272 0.0121861 0.0203334 0.329845
0 0.856375 0.170918 0.0234192 0.0388809 0.32983
0 0.891275 0.509973 0.0135044 0.0222502 0.329775
0 0.460418 0.888646 0.017594 0.0238954 0.328925
0 0.602236 0.145038 0.0137162 0.0209561 0.32861
0 0.180119 0.558824 0.01976 0.023814 0.328144
0 0.260813 0.8327 0.0122288 0.0223158 0.327875
0 0.555802 0.915783 0.0206314 0.0396627 0.326372
0 0.714236 0.790851 0.0115158 0.0268309 0.326041
0 0.814945 0.879014 0.0140619 0.0207489 0.325753
0 0.120523 0.72528 0.0140399 0.0262341 0.325601
0 0.957949 0.380353 0.0150586 0.0299389 0.325113
0 0.222393 0.989541 0.0172702 0.0200434 0.324959
0 0.243706 0.452721 0.0198177 0.0373324 0.32491
0 0.733441 0.441035 0.0151974 0.0237191 0.324691
0 0.426002 0.123479 0.0109823 0.0355422 0.323636
0 0.588463 0.0370182 0.0158253 0.0304321 0.321949
0 0.505648 0.745986 0.0225327 0.0398527 0.321112
0 0.951257 0.154214 0.0142365 0.0233438 0.320931
0 0.833154 0.94442 0.0160629 0.0275582 0.319715
0 0.932943 0.556569 0.0131664 0.0242644 0.319041
0 0.762323 0.490166 0.0159636 0.0333275 0.318198
0 0.793965 0.36255 0.0147575 0.0199393 0.316559
0 0.33224 0.755925 0.0170471 0.0316616 0.316537
0 0.821199 0.45076 0.0136826 0.0233639 0.313202
0 0.430844 0.987119 0.0196571 0.0253141 0.312428
0 0.811443 0.478138 0.0164997 0.0349588 0.312288
0 0.129812 0.30191 0.0138902 0.0277797 0.312053
0 0.182357 0.161177 0.0145244 0.0295256 0.311938
0 0.637831 0.8673 0.0137258 0.0312788 0.311064
0 0.0701271 0.096589 0.0190402 0.0375704 0.310255
0 0.459025 0.603628 0.0132202 0.0214297 0.310161
0 0.751904 0.0517228 0.0146177 0.0307079 0.309981
0 0.245431 0.0876178 0.0159245 0.023597 0.308739
0 0.95724 0.785639 0.0116665 0.0284719 0.308215
0 0.067973 0.493201 0.0179609 0.0297448 0.30795
0 0.00787773 0.0996618 0.0142494 0.0217315 0.307471
0 0.993194 0.610734 0.0136061 0.0230039 0.306785
0 0.107308 0.476333 0.0111416 0.0255382 0.305947
0 0.676861 0.755153 0.0134749 0.0225294 0.305624
0 0.618111 0.527769 0.0183963 0.0340161 0.304546
0 0.592931 0.617648 0.0190731 0.0324643 0.303858
0 0.207404 0.497913 0.0123778 0.030013 0.303622
0 0.255473 0.268435 0.020135 0.0376555 0.303384
0 0.293088 0.589355 0.0182187 0.0314763 0.30334
0 0.220883 0.909169 0.0125549 0.0247871 0.303318
0 0.112961 0.0915736 0.0189435 0.0247037 0.302594
0 0.686318 0.377621 0.016943 0.0246282 0.301117
0 0.151452 0.648164 0.0112806 0.0260028 0.300288
0 0.072803 0.101368 0.0165436 0.0338663 0.29988
0 0.074117 0.174514 0.0198107 0.0228712 0.299861
0 0.970054 0.0104076 0.0180515 0.0207901 0.29981
0 0.580964 0.348765 0.0179982 0.0346886 0.297627
0 0.51616 0.251495 0.0206807 0.0393069 0.296735
0 0.0230985 0.221721 0.0130571 0.0224798 0.295997
0 0.321601 0.660313 0.0182791 0.0297025 0.295832
0 0.0143921 0.748955 0.015991 0.0276386 0.295096
0 0.302868 0.462142 0.0141684 0.0292956 0.294245
0 0.853563 0.293894 0.014946 0.0264134 0.294197
0 0.793225 0.68346 0.0180422 0.0316011 0.294046
0 0.00614163 0.64048 0.0115979 0.0279021 0.294
0 0.127541 0.72787 0.0125465 0.0265115 0.293284
0 0.905597 0.653226 0.0174725 0.0291089 0.293224
0 0.0692123 0.088788 0.0192378 0.035491 0.292883
0 0.601517 0.323795 0.0147051 0.0335768 0.292747
0 0.00698194 0.0365616 0.0138277 0.0255997 0.291778
0 0.95276 0.704903 0.0116413 0.0265207 0.291154
0 0.647394 0.0580805 0.0209325 0.0380675 0.290698
0 0.26359 0.535868 0.0180522 0.0391791 0.290528
0 0.297241 0.251059 0.0165758 0.0329405 0.290168
0 0.469328 0.618402 0.0173668 0.0270805 0.289271
0 0.0787153 0.336818 0.0140908 0.0338136 0.288417
0 0.821892 0.257758 0.020076 0.0366286 0.288203
0 0.155121 0.815403 0.0195911 0.0330876 0.287863
0 0.0577356 0.338625 0.014045 0.0263847 0.285885
0 0.57105 0.744734 0.0158234 0.0282965 0.285352
0 0.297555 0.945735 0.0164625 0.0312164 0.284238
0 0.319717 0.21604 0.0238119 0.0398378 0.2842
0 0.755147 0.391716 0.0184198 0.0255638 0.28387
0 0.340866 0.301698 0.0129092 0.0214219 0.283847
0 0.480715 0.0755135 0.0165331 0.021374 0.283537
0 0.12832 0.586966 0.0128147 0.0275521 0.283224
0 0.657469 0.447838 0.0114995 0.038865 0.283116
0 0.747341 0.868697 0.0196397 0.0381009 0.283018
0 0.915508 0.765554 0.0171572 0.0310855 0.281311
0 0.0479846 0.833092 0.0119307 0.0260189 0.281253
0 0.798137 0.545316 0.016924 0.0314167 0.280442
0 0.0328066 0.120222 0.0135029 0.0227494 0.279642
0 0.589637 0.663777 0.0192651 0.035875 0.279331
0 0.0764794 0.80143 0.0192328 0.0274935 0.278389
0 0.479271 0.895369 0.0167822 0.030565 0.276697
0 0.601498 0.366339 0.0152163 0.0259307 0.276587
0 0.703858 0.662797 0.0120428 0.0174313 0.27639
0 0.206102 0.947709 0.0255558 0.0438938 0.274855
0 0.67325 0.120956 0.0165811 0.029499 0.273518
0 0.665371 0.516772 0.0131503 0.0244514 0.273475
0 0.965031 0.126049 0.0130386 0.0263953 0.273268
0 0.831561 0.987647 0.0163344 0.0232727 0.271499
0 0.63962 0.703675 0.0138441 0.0186396 0.270906
0 0.86958 0.967951 0.0194584 0.0337626 0.268193
0 0.336775 0.536132 0.0196098 0.0290018 0.267939
0 0.72294 0.407874 0.015834 0.0237332 0.267489
0 0.846643 0.269586 0.0169201 0.0184031 0.266468
0 0.678389 0.350829 0.0134842 0.0184389 0.26607
0 0.27537 0.0810217 0.0130918 0.0209095 0.264693
0 0.932925 0.351328 0.00955289 0.0311624 0.263889
0 0.626659 0.741394 0.0142548 0.0200877 0.263558
0 0.84657 0.0992053 0.0151962 0.0285218 0.263279
0 0.0723057 0.895711 0.0141683 0.0258731 0.263052
0 0.645896 0.0731944 0.0201168 0.0342918 0.262884
0 0.409567 0.401925 0.0130781 0.0257735 0.262226
0 0.164151 0.8329 0.0191085 0.0347873 0.262002
0 0.796005 0.192744 0.012986 0.0208585 0.260583
0 0.0150529 0.383743 0.0120627 0.0225564 0.260122
0 0.284371 0.475061 0.0133186 0.0268568 0.259815
0 0.64361 0.0766371 0.017013 0.027705 0.259316
0 0.850604 0.0641477 0.0232666 0.045703 0.258927
0 0.506532 0.472463 0.0179678 0.0263796 0.258659
0 0.91586 0.715367 0.0149372 0.0305591 0.257793
0 0.669314 0.320119 0.0117748 0.0282149 0.257776
0 0.532603 0.0844167 0.0150076 0.0238273 0.256746
0 0.414162 0.503363 0.0153381 0.0278358 0.25668
0 0.590714 0.0393863 0.0184923 0.0306855 0.25652
0 0.579431 0.360189 0.01752 0.03431 0.256491
0 0.281239 0.920738 0.0130705 0.0200965 0.256115
0 0.0650161 0.491092 0.0207804 0.0323659 0.255869
0 0.775788 0.110634 0.0161224 0.0301235 0.255649
0 0.577394 0.107344 0.0147608 0.0248183 0.254854
0 0.994202 0.297226 0.0115965 0.0288444 0.254626
0 0.28739 0.242348 0.0173236 0.0254954 0.253659
0 0.574026 0.804858 0.0173941 0.027221 0.253478
0 0.964895 0.0928312 0.0169167 0.0309485 0.252956
0 0.95251 0.178498 0.0161633 0.024382 0.251091
0 0.0218132 0.990181 0.0156836 0.0191106 0.250975
0 0.641286 0.806922 0.019116 0.0414429 0.250914
