0 0.00705526 0.620367 0.0141105 0.0334492 0.682739
0 0.0068482 0.059436 0.0136964 0.0278868 0.66963
0 0.510192 0.515294 0.0305609 0.047144 0.668215
0 0.263075 0.660504 0.025338 0.0443137 0.652463
0 0.865065 0.783925 0.0269375 0.0414825 0.649977
0 0.0247858 0.110681 0.0180489 0.0342993 0.644993
0 0.256841 0.173191 0.0193371 0.0401839 0.644922
0 0.299728 0.0181764 0.0202452 0.0348512 0.643706
0 0.166442 0.496825 0.0257862 0.0499931 0.640704
0 0.146341 0.407853 0.0246812 0.0482045 0.640173
0 0.158784 0.223148 0.0251268 0.0427444 0.639942
0 0.606163 0.385275 0.0227212 0.0360577 0.63005
0 0.174237 0.835178 0.0182345 0.0286814 0.624269
0 0.0117018 0.671307 0.0222256 0.0404057 0.624009
0 0.320258 0.354847 0.0277518 0.0679451 0.621396
0 0.536493 0.36788 0.0216263 0.0407823 0.620933
0 0.0707261 0.33258 0.0178444 0.034266 0.616516
0 0.183744 0.401521 0.0269117 0.0442484 0.615662
0 0.278322 0.491093 0.0251082 0.0498534 0.61313
0 0.577684 0.552642 0.0190045 0.0290643 0.611945
0 0.715363 0.855197 0.0175638 0.034083 0.611535
0 0.633724 0.327824 0.0157685 0.0273886 0.610901
0 0.0983561 0.640768 0.0174374 0.0304896 0.609123
0 0.0521092 0.319206 0.0183162 0.0323476 0.609075
0 0.00842936 0.507338 0.0152695 0.0278505 0.608403
0 0.232934 0.662959 0.0257636 0.0396001 0.606064
0 0.612275 0.559774 0.0237665 0.0371487 0.605424
0 0.486102 0.0820997 0.0196339 0.0312629 0.604057
0 0.0690364 0.0422586 0.0174611 0.0266704 0.603253
0 0.743936 0.749002 0.0204278 0.034611 0.601681
0 0.682566 0.092758 0.0227 0.0352832 0.600602
0 0.324897 0.534203 0.0203864 0.0420692 0.599509
0 0.575021 0.812237 0.0168691 0.024891 0.599255
0 0.625933 0.245291 0.0180826 0.0316457 0.598415
0 0.0255472 0.0649007 0.0148739 0.0228183 0.597713
0 0.522909 0.946239 0.0269135 0.0401645 0.59689
0 0.940904 0.72124 0.0180946 0.0351886 0.595295
0 0.429474 0.69341 0.0170477 0.0335856 0.594909
0 0.655357 0.472973 0.0164627 0.0363081 0.594195
0 0.75832 0.358739 0.0272901 0.0498876 0.593855
0 0.575243 0.58699 0.0155808 0.0258946 0.590477
0 0.679261 0.750572 0.0255107 0.0472354 0.589889
0 0.00858954 0.464029 0.016734 0.0328679 0.589712
0 0.539033 0.486832 0.0153302 0.0321481 0.588824
0 0.648532 0.691423 0.0235478 0.0420381 0.587906
0 0.115285 0.212463 0.0155321 0.0271618 0.587087
0 0.594281 0.59874 0.0154455 0.0272765 0.586012
0 0.225604 0.25786 0.0157128 0.0279075 0.585519
0 0.751342 0.796079 0.0208711 0.0372955 0.584403
0 0.178277 0.887984 0.0188605 0.0407198 0.584104
0 0.933399 0.851687 0.019614 0.0317464 0.583883
0 0.577163 0.12708 0.0199926 0.0318404 0.581993
0 0.32683 0.161766 0.0145356 0.0258445 0.58149
0 0.0249411 0.284993 0.0202692 0.0309649 0.579467
0 0.0763464 0.589395 0.0156954 0.0261437 0.579285
0 0.410582 0.015619 0.0342001 0.0306756 0.579056
0 0.0472423 0.488121 0.0176923 0.0342812 0.57878
0 0.463511 0.0793741 0.0182776 0.0331678 0.578461
0 0.777959 0.104602 0.0183069 0.0344458 0.578
0 0.380081 0.920786 0.0168812 0.0314379 0.576143
0 0.616369 0.32977 0.0172373 0.0340488 0.575713
0 0.0463386 0.277432 0.0154968 0.0267152 0.575187
0 0.20679 0.780118 0.0164575 0.0292321 0.574663
0 0.20533 0.14133 0.0213483 0.0331531 0.574656
0 0.102282 0.703763 0.0167192 0.0292827 0.573533
0 0.539373 0.308165 0.0166971 0.0287486 0.572796
0 0.649197 0.399568 0.0224187 0.0443648 0.572695
0 0.467839 0.793723 0.0218529 0.0339652 0.572585
0 0.0380094 0.374724 0.024467 0.0483838 0.571786
0 0.442691 0.130569 0.0172069 0.0302867 0.571588
0 0.105195 0.810701 0.0205031 0.0412794 0.569901
0 0.642509 0.145648 0.0172132 0.0276611 0.568837
0 0.430634 0.640123 0.0180002 0.0311662 0.566004
0 0.779517 0.710587 0.0190748 0.0323161 0.563249
0 0.712513 0.0592557 0.0212307 0.0426793 0.563075
0 0.0400973 0.622617 0.0156056 0.0345876 0.563002
0 0.354685 0.0607803 0.0166435 0.0270117 0.560861
0 0.481017 0.0241329 0.0184252 0.0293554 0.560236
0 0.532693 0.600168 0.0147851 0.0248601 0.559927
0 0.702455 0.439619 0.0142406 0.0262512 0.559574
0 0.0731662 0.728203 0.0168648 0.0284203 0.559553
0 0.152038 0.279197 0.0158403 0.0302295 0.557353
0 0.63419 0.521662 0.0147909 0.0276718 0.554252
0 0.681833 0.613881 0.0171254 0.0269472 0.55304
0 0.351892 0.567422 0.0137104 0.0267691 0.552024
0 0.077701 0.165458 0.0253684 0.0448315 0.549914
0 0.505996 0.0916274 0.0164993 0.0296727 0.548914
0 0.676206 0.128657 0.0157526 0.0263644 0.548861
0 0.280049 0.743328 0.0166571 0.0267693 0.547592
0 0.537104 0.0251617 0.0187622 0.0346005 0.54718
0 0.103281 0.0385615 0.0146039 0.0244481 0.546528
0 0.528053 0.639381 0.0156861 0.0248023 0.545965
0 0.25214 0.130336 0.013994 0.0237468 0.545837
0 0.60363 0.898464 0.0215956 0.039979 0.54519
0 0.591862 0.838025 0.0203219 0.0305667 0.544764
0 0.0778776 0.803829 0.0140778 0.0250117 0.544004
0 0.704989 0.36464 0.0177367 0.0323894 0.543995
0 0.583635 0.925908 0.0161512 0.0308412 0.542575
0 0.688562 0.686625 0.0168039 0.0277451 0.542055
0 0.56404 0.919036 0.018848 0.0334588 0.541947
0 0.249064 0.753022 0.0170741 0.0258521 0.541366
0 0.0427337 0.722848 0.0140066 0.0246078 0.540216
0 0.735321 0.699156 0.0226281 0.0279348 0.53773
0 0.501519 0.426531 0.0173208 0.0306882 0.537513
0 0.751405 0.12866 0.0173998 0.0355278 0.535628
0 0.57731 0.891316 0.0124552 0.0193471 0.535551
0 0.555967 0.615858 0.0180087 0.0295814 0.535275
0 0.530408 0.562597 0.0158118 0.0254535 0.535084
0 0.652873 0.319953 0.0149258 0.0238418 0.533923
0 0.106449 0.570554 0.0173594 0.0310323 0.533672
0 0.70819 0.402997 0.019066 0.0285194 0.533343
0 0.0268313 0.491858 0.0145847 0.0254565 0.532968
0 0.0363806 0.950713 0.0201914 0.0378198 0.532381
0 0.584301 0.311447 0.0162252 0.0306949 0.532094
0 0.279468 0.267542 0.0167886 0.0287373 0.531274
0 0.454292 0.552642 0.0212633 0.0348753 0.531263
0 0.652443 0.0228485 0.0166726 0.0252368 0.530717
0 0.805396 0.748232 0.0177819 0.0316043 0.529825
0 0.608061 0.52372 0.0164307 0.0270764 0.529564
0 0.438473 0.76231 0.0147701 0.0275974 0.529112
0 0.595581 0.54674 0.010799 0.0218354 0.528016
0 0.555295 0.39195 0.0179501 0.034176 0.527572
0 0.369168 0.192794 0.018237 0.0301312 0.52537
0 0.730705 0.365729 0.0173164 0.0389426 0.524264
0 0.531148 0.899454 0.0127686 0.0313314 0.523932
0 0.495656 0.605915 0.0185459 0.0325255 0.523511
0 0.287288 0.786338 0.0134321 0.0257962 0.52241
0 0.142609 0.155769 0.0195991 0.0399008 0.520741
0 0.783392 0.76852 0.0160263 0.0269211 0.520606
0 0.550963 0.690324 0.0154073 0.0237071 0.519838
0 0.276631 0.139432 0.0144475 0.0298615 0.519837
0 0.480199 0.534496 0.0126211 0.0334482 0.519421
0 0.769092 0.137159 0.0156164 0.0310061 0.518777
0 0.428507 0.599125 0.0178453 0.0342795 0.5173
0 0.279017 0.387552 0.0197833 0.0370214 0.517271
0 0.0223852 0.422997 0.0168529 0.0235619 0.515608
0 0.689859 0.477145 0.0181368 0.0278705 0.514324
0 0.619843 0.0985587 0.0224963 0.0351668 0.514145
0 0.242102 0.864365 0.015551 0.0359792 0.513843
0 0.142717 0.828105 0.0211762 0.0433953 0.513732
0 0.684284 0.395216 0.0167014 0.0272864 0.511548
0 0.223505 0.0365152 0.0170197 0.0296134 0.511344
0 0.00337225 0.322218 0.00670779 0.0253187 0.511208
0 0.684172 0.428202 0.0138258 0.0294876 0.509943
0 0.164396 0.868932 0.0119016 0.0249546 0.509766
0 0.316631 0.0385415 0.0129395 0.0216335 0.507001
0 0.0311301 0.797674 0.0215011 0.0294783 0.505994
0 0.271759 0.839688 0.0158434 0.0316084 0.505546
0 0.624794 0.751004 0.018468 0.0251817 0.505354
0 0.00878132 0.372682 0.0169715 0.0328059 0.504786
0 0.158877 0.327445 0.0135558 0.0239942 0.504232
0 0.0180518 0.730156 0.0150111 0.031364 0.504192
0 0.00519996 0.418275 0.0103751 0.0252169 0.5038
0 0.716508 0.982788 0.0199678 0.029558 0.503747
0 0.720931 0.431479 0.0130186 0.0222031 0.502198
0 0.958197 0.913851 0.0289172 0.051787 0.501575
0 0.582541 0.721283 0.0178391 0.0247898 0.501236
0 0.334702 0.0188009 0.0169891 0.033501 0.501096
0 0.143296 0.0632386 0.0170512 0.0306173 0.500682
0 0.416845 0.759442 0.0156565 0.0347939 0.499356
0 0.252013 0.0785127 0.0127824 0.0224315 0.499031
0 0.0849667 0.0274489 0.0123402 0.0244203 0.498111
0 0.496503 0.144632 0.0180662 0.0241231 0.497122
0 0.699957 0.626197 0.0194445 0.0346074 0.496052
0 0.694263 0.529866 0.0162498 0.0269131 0.495414
0 0.611871 0.799495 0.021556 0.0382172 0.495269
0 0.643812 0.578542 0.014825 0.024038 0.494337
0 0.439471 0.530111 0.0140916 0.0269769 0.493367
0 0.138726 0.885833 0.0137178 0.0252567 0.492988
0 0.564227 0.0671175 0.0151653 0.0288706 0.492867
0 0.612244 0.611198 0.0123036 0.0228787 0.492568
0 0.444842 0.491582 0.019095 0.0331904 0.491943
0 0.299486 0.864639 0.0183523 0.0267621 0.491265
0 0.572365 0.647761 0.0173012 0.0325656 0.49109
0 0.252485 0.799673 0.0188561 0.033057 0.49091
0 0.0278149 0.64051 0.0142586 0.0276384 0.489684
0 0.425876 0.127761 0.0146015 0.0273542 0.488304
0 0.0558565 0.0730736 0.0177682 0.0339113 0.488271
0 0.36697 0.39182 0.0365397 0.0539167 0.488255
0 0.435221 0.940557 0.0164358 0.03123 0.487098
0 0.0842058 0.0953825 0.0157978 0.0279954 0.486593
0 0.552838 0.544561 0.0143007 0.0296722 0.485781
0 0.674543 0.46419 0.0143806 0.0310893 0.484505
0 0.070237 0.406791 0.0218605 0.0357496 0.482647
0 0.520898 0.679906 0.0128616 0.0234561 0.482485
0 0.164503 0.0323025 0.0204039 0.0401676 0.482277
0 0.556663 0.334318 0.0138836 0.0238054 0.481456
0 0.232014 0.144815 0.0157785 0.0281747 0.480311
0 0.398582 0.920367 0.0129146 0.024801 0.480284
0 0.41485 0.899133 0.0172197 0.0307712 0.479565
0 0.640425 0.842526 0.0173735 0.0374515 0.478228
0 0.416232 0.86074 0.0209532 0.0388736 0.477818
0 0.769953 0.866658 0.016673 0.0407393 0.476708
0 0.310752 0.0751346 0.0185733 0.031774 0.47631
0 0.242433 0.436157 0.0147911 0.0266634 0.476183
0 0.74817 0.192474 0.0279666 0.0463742 0.476105
0 0.32363 0.594606 0.0181646 0.0340546 0.473341
0 0.250999 0.835959 0.0129801 0.0255027 0.472848
0 0.292322 0.824604 0.0193986 0.030698 0.469908
0 0.524101 0.0653511 0.0144615 0.0269708 0.469726
0 0.11793 0.655338 0.0149394 0.0236368 0.467842
0 0.255377 0.701767 0.0139998 0.0234824 0.466533
0 0.680201 0.0588266 0.017286 0.0285536 0.465163
0 0.0153823 0.955233 0.0143963 0.031777 0.465069
0 0.346336 0.0956171 0.0144819 0.0255699 0.464446
0 0.075663 0.763276 0.0152947 0.0259142 0.464318
0 0.455337 0.932345 0.014558 0.0253499 0.464013
0 0.00556163 0.793597 0.0111233 0.0353 0.463782
0 0.230911 0.825365 0.018093 0.0267342 0.463705
0 0.78277 0.419147 0.0208008 0.0355016 0.462441
0 0.513581 0.792325 0.0193525 0.0338915 0.461425
0 0.0649396 0.886769 0.0197275 0.0329644 0.461317
0 0.203317 0.896361 0.0230145 0.0433167 0.460137
0 0.0266534 0.015035 0.0127463 0.0270039 0.458354
0 0.230958 0.657528 0.0240629 0.0386668 0.457733
0 0.321542 0.797648 0.016911 0.0322971 0.45771
0 0.798317 0.788886 0.0149422 0.029119 0.456698
0 0.4365 0.729004 0.0161282 0.0253572 0.456143
0 0.513346 0.595167 0.0120078 0.0255761 0.454803
0 0.616176 0.27917 0.0151368 0.0273225 0.453881
0 0.442323 0.792973 0.0170579 0.0291117 0.453803
0 0.00314782 0.729368 0.0062949 0.0343769 0.450878
0 0.238044 0.486869 0.0203113 0.033942 0.450028
0 0.839009 0.719766 0.0165323 0.0332184 0.449939
0 0.0732696 0.412022 0.018109 0.0264469 0.449889
0 0.153852 0.753464 0.0105314 0.0233497 0.449048
0 0.119254 0.947998 0.0159048 0.0421981 0.449041
0 0.151263 0.698103 0.0239567 0.0347161 0.447113
0 0.517138 0.315601 0.0207454 0.036046 0.447044
0 0.814682 0.793527 0.0161421 0.0279402 0.446836
0 0.652979 0.11711 0.016317 0.0280871 0.446612
0 0.833185 0.522366 0.0263287 0.0464382 0.445562
0 0.558764 0.160371 0.01765 0.0302439 0.444927
0 0.517737 0.462402 0.0194966 0.0299921 0.443656
0 0.581346 0.262291 0.0183587 0.0301577 0.44361
0 0.702459 0.133834 0.0134271 0.0249574 0.443052
0 0.545623 0.0759615 0.0135183 0.0252894 0.442778
0 0.419626 0.404209 0.0235813 0.0391684 0.442506
0 0.128608 0.771451 0.0180554 0.0251122 0.442377
0 0.717801 0.894185 0.0106199 0.0210029 0.439582
0 0.74438 0.474644 0.0142516 0.0273858 0.439277
0 0.79142 0.877017 0.0227257 0.0393277 0.438509
0 0.763994 0.462392 0.0162102 0.0286679 0.438476
0 0.00558472 0.91414 0.0111358 0.0398344 0.437976
0 0.771253 0.381544 0.0165657 0.0301443 0.437287
0 0.365139 0.138609 0.0151067 0.0287868 0.436889
0 0.336174 0.0221289 0.0173941 0.030518 0.435945
0 0.275752 0.877341 0.0147198 0.0240306 0.435418
0 0.275812 0.102669 0.0213722 0.0359861 0.434807
0 0.793447 0.610933 0.0234304 0.0405622 0.434345
0 0.370337 0.0974286 0.0113324 0.0223455 0.434131
0 0.721719 0.631068 0.0177601 0.0414681 0.434101
0 0.27543 0.690984 0.0157015 0.0254201 0.433902
0 0.298744 0.517654 0.0190188 0.0299249 0.431748
0 0.128176 0.580811 0.0163202 0.0257448 0.430304
0 0.118035 0.0872707 0.0132588 0.0253976 0.429745
0 0.6623 0.605982 0.0180696 0.0321032 0.428322
0 0.579651 0.497989 0.0183036 0.0390322 0.428298
0 0.0912807 0.840899 0.0118277 0.0225649 0.427536
0 0.167864 0.103457 0.0119056 0.0270279 0.426221
0 0.444577 0.0624669 0.0170357 0.036253 0.425904
0 0.0430274 0.423643 0.0179798 0.0236438 0.425839
0 0.710965 0.491324 0.0189966 0.0293433 0.425204
0 0.565795 0.438029 0.0192413 0.0308765 0.425183
0 0.393231 0.172542 0.0139372 0.0246331 0.424649
0 0.629113 0.601313 0.0115144 0.0239788 0.423735
0 0.121788 0.139204 0.0157539 0.0275873 0.423671
0 0.112842 0.174275 0.0162681 0.0225749 0.423528
0 0.728499 0.952606 0.011146 0.020976 0.422318
0 0.734291 0.864207 0.0145198 0.0240092 0.42171
0 0.722621 0.625751 0.0161757 0.0315271 0.421599
0 0.138531 0.476239 0.0166141 0.0329783 0.421138
0 0.570142 0.179733 0.0166049 0.0325717 0.420769
0 0.588639 0.0115793 0.0200841 0.0231585 0.420562
0 0.676083 0.338595 0.0193611 0.0300299 0.420503
0 0.0872978 0.0646756 0.015759 0.0227793 0.418294
0 0.560854 0.84878 0.0164217 0.0313432 0.418211
0 0.0988 0.416247 0.0181754 0.0277306 0.416428
0 0.306736 0.0746 0.0252006 0.0334817 0.416199
0 0.209882 0.429429 0.0147324 0.0245651 0.414245
0 0.534979 0.777365 0.0219844 0.0395949 0.413494
0 0.303824 0.584191 0.02083 0.0445753 0.412906
0 0.183038 0.118412 0.013702 0.02517 0.411341
0 0.554625 0.113089 0.0182154 0.0319503 0.41105
0 0.0688105 0.290206 0.0148736 0.0245599 0.410288
0 0.479873 0.643286 0.0235844 0.0320378 0.408573
0 0.407217 0.124565 0.0128078 0.0213592 0.408434
0 0.059429 0.759625 0.0124103 0.0210532 0.407922
0 0.47205 0.57164 0.0171373 0.0287858 0.40776
0 0.039137 0.763307 0.0144519 0.0234628 0.407332
0 0.667811 0.41385 0.0144844 0.0335736 0.406569
0 0.908387 0.913592 0.0173765 0.0281451 0.406176
0 0.392129 0.98143 0.018251 0.0337728 0.405509
0 0.176708 0.755706 0.0153193 0.0367527 0.40347
0 0.584985 0.361057 0.0190969 0.0298403 0.403382
0 0.142534 0.106968 0.0149601 0.0277899 0.402802
0 0.580572 0.503158 0.0176836 0.0298971 0.402441
0 0.559664 0.49544 0.0151464 0.0288673 0.402297
0 0.502903 0.0414903 0.0247389 0.0369756 0.400737
0 0.213102 0.384646 0.0246755 0.0374797 0.397532
0 0.473616 0.439571 0.0161133 0.031926 0.396344
0 0.441371 0.39971 0.0153358 0.0270318 0.394086
0 0.381489 0.544216 0.015634 0.0295486 0.392474
0 0.756779 0.0643107 0.0181737 0.037229 0.391892
0 0.37299 0.579508 0.01637 0.0317861 0.391314
0 0.613539 0.155174 0.0199043 0.0268607 0.389806
0 0.521107 0.0206678 0.0121838 0.0298805 0.386951
0 0.778508 0.199224 0.017646 0.0293911 0.386834
0 0.420197 0.528345 0.0214745 0.038382 0.386557
0 0.769023 0.37969 0.015667 0.029289 0.386322
0 0.129869 0.229824 0.0105082 0.0232556 0.386117
0 0.0181359 0.326574 0.0179953 0.0287455 0.385551
0 0.745636 0.842367 0.0131751 0.0199124 0.382698
0 0.590177 0.183345 0.0147607 0.0264126 0.382381
0 0.551511 0.910961 0.00914116 0.0252038 0.381646
0 0.0289799 0.695221 0.0156062 0.0254552 0.379734
0 0.292039 0.138523 0.0149821 0.0367434 0.37928
0 0.769631 0.750081 0.0128995 0.0258636 0.378981
0 0.579129 0.395128 0.0217518 0.0357308 0.37735
0 0.902708 0.67586 0.0237621 0.0402658 0.375819
0 0.507419 0.643014 0.0104753 0.0209137 0.375052
0 0.52407 0.439575 0.0195114 0.0331167 0.37437
0 0.344053 0.342903 0.0203391 0.0325316 0.373657
0 0.0755285 0.624303 0.0154709 0.0268781 0.370579
0 0.244056 0.0130842 0.0118647 0.0224771 0.370383
0 0.525316 0.159526 0.0232878 0.0353365 0.37018
0 0.579337 0.782225 0.0129669 0.0272851 0.369418
0 0.647418 0.730697 0.0181836 0.0251268 0.368984
0 0.26518 0.0538303 0.0191676 0.0256578 0.368265
0 0.639264 0.456634 0.0109372 0.0301614 0.367929
0 0.698415 0.902172 0.0128255 0.0336463 0.36668
0 0.713425 0.330851 0.0196291 0.0305239 0.36538
0 0.0441773 0.0741339 0.0161201 0.0310254 0.364627
0 0.132688 0.47617 0.0261449 0.0357917 0.364446
0 0.426686 0.48236 0.0185202 0.0327629 0.362799
0 0.54428 0.427593 0.0172729 0.0317308 0.362673
0 0.126613 0.831381 0.00928378 0.0207781 0.36229
0 0.480377 0.11882 0.0141119 0.0189198 0.360766
0 0.44235 0.189495 0.0187244 0.0384235 0.360419
0 0.337143 0.799206 0.0103507 0.0256998 0.356096
0 0.82229 0.708427 0.0139938 0.0289293 0.355909
0 0.0485528 0.0736553 0.0242349 0.0327939 0.354374
0 0.28224 0.236282 0.0109389 0.0231081 0.354315
0 0.407504 0.472355 0.0193795 0.0290071 0.353456
0 0.0120272 0.565477 0.0203775 0.0305743 0.353159
0 0.342711 0.933318 0.0163594 0.0329702 0.352761
0 0.0226514 0.327629 0.0193215 0.0285678 0.352747
0 0.200076 0.49608 0.018598 0.0356327 0.352242
0 0.27794 0.775196 0.0114305 0.0221193 0.351789
0 0.181653 0.709946 0.0198393 0.0331151 0.351524
0 0.650043 0.0717164 0.0272722 0.0431463 0.348415
0 0.599136 0.967659 0.0182749 0.0351874 0.345423
0 0.208132 0.853375 0.0188237 0.0321025 0.345237
0 0.0676151 0.51024 0.0137819 0.0203157 0.34475
0 0.179384 0.650797 0.0246679 0.0384933 0.344233
0 0.685896 0.950397 0.0159889 0.0280094 0.344221
0 0.639746 0.782018 0.0178101 0.033037 0.343961
0 0.0966126 0.738837 0.0193313 0.0330305 0.341177
0 0.347843 0.181557 0.014711 0.0216797 0.340859
0 0.393095 0.143682 0.0189493 0.028807 0.339428
0 0.511315 0.217852 0.0184851 0.0333932 0.338935
0 0.568085 0.280061 0.0117405 0.0218616 0.338804
0 0.117709 0.692959 0.0127425 0.0275152 0.337002
0 0.385999 0.0890114 0.0174556 0.0303414 0.336584
0 0.596328 0.750772 0.0158173 0.0177904 0.335409
0 0.308581 0.282973 0.0156206 0.0274407 0.333334
0 0.444577 0.604263 0.0125066 0.0247989 0.33289
0 0.148711 0.783958 0.0121016 0.0178316 0.33182
0 0.117164 0.306723 0.0168988 0.0236866 0.33126
0 0.270545 0.0232602 0.0220453 0.0298939 0.331054
0 0.0179475 0.191076 0.0193409 0.0348244 0.330829
0 0.268191 0.021564 0.0185229 0.026197 0.330544
0 0.0957041 0.201084 0.0148611 0.0245475 0.329483
0 0.745714 0.89922 0.0163467 0.0238612 0.329322
0 0.220299 0.749249 0.0138353 0.0251904 0.326169
0 0.389009 0.213948 0.0182061 0.0342443 0.32553
0 0.0611601 0.963744 0.0221517 0.0385692 0.324989
0 0.498777 0.374369 0.0173834 0.0281364 0.324403
0 0.723327 0.137318 0.0178722 0.0284289 0.323759
0 0.762328 0.602025 0.0180611 0.0354697 0.323371
0 0.516533 0.390034 0.020458 0.034229 0.322363
0 0.197785 0.314718 0.0137919 0.0208921 0.319519
0 0.474465 0.266262 0.0176331 0.033018 0.317175
0 0.910509 0.868989 0.0147171 0.0283714 0.317079
0 0.494561 0.566902 0.0156057 0.0242337 0.316788
0 0.257179 0.469715 0.0131294 0.0294517 0.316039
0 0.45605 0.652585 0.0126015 0.0265469 0.315499
0 0.816468 0.569457 0.0182713 0.0344528 0.31517
0 0.168997 0.291241 0.0157664 0.0260504 0.311672
0 0.925912 0.885443 0.016478 0.0285224 0.310844
0 0.631709 0.36716 0.0145226 0.0231662 0.310825
0 0.22972 0.349933 0.0130486 0.0249731 0.310045
0 0.136318 0.921638 0.0191542 0.0236715 0.309981
0 0.173685 0.928493 0.0115513 0.0259257 0.309764
0 0.728473 0.462824 0.0156483 0.0276395 0.309663
0 0.256802 0.892407 0.0176298 0.0301476 0.307047
0 0.73566 0.446985 0.0201744 0.0294113 0.30698
0 0.592417 0.640685 0.0137817 0.024577 0.306386
0 0.0259069 0.328329 0.0161911 0.0286084 0.305473
0 0.624695 0.716926 0.0127146 0.0225945 0.304147
0 0.04898 0.0329901 0.0150243 0.023408 0.303539
0 0.294551 0.140386 0.0199364 0.0368816 0.303304
0 0.553538 0.239041 0.0145658 0.0283676 0.302485
0 0.596782 0.333248 0.013187 0.0248543 0.30248
0 0.379834 0.540372 0.0172817 0.0357529 0.302205
0 0.316622 0.116898 0.0154045 0.0254323 0.302067
0 0.157254 0.898294 0.0166996 0.0290066 0.300587
0 0.102404 0.567818 0.0220826 0.0324643 0.299172
0 0.184591 0.251118 0.0177471 0.0315966 0.298421
0 0.128807 0.7249 0.01137 0.0185462 0.297818
0 0.0832905 0.867966 0.0154078 0.0201572 0.297576
0 0.784033 0.818588 0.0176716 0.0298896 0.297132
0 0.121144 0.406644 0.0149106 0.0245027 0.296961
0 0.353645 0.0307088 0.0149205 0.0261656 0.296848
0 0.894526 0.75688 0.0292515 0.0649451 0.296708
0 0.796875 0.456067 0.0304438 0.059654 0.296103
0 0.0788165 0.214223 0.0156368 0.0210226 0.296072
0 0.192487 0.282021 0.0178062 0.0290923 0.295991
0 0.817637 0.895395 0.0250698 0.0436503 0.294634
0 0.0929857 0.314322 0.0187437 0.0290816 0.293671
0 0.150127 0.626508 0.0213312 0.0401968 0.291232
0 0.0360459 0.551878 0.0176899 0.0323152 0.290732
0 0.574436 0.958845 0.0180613 0.0289357 0.288265
0 0.831271 0.763283 0.0120651 0.0287482 0.287741
0 0.270402 0.332615 0.0202514 0.0404543 0.287214
0 0.408998 0.186865 0.016333 0.0316881 0.287092
0 0.246258 0.296574 0.0151601 0.0249822 0.286423
0 0.100966 0.926499 0.0145552 0.0240716 0.285577
0 0.374241 0.495625 0.0122039 0.0264698 0.285456
0 0.135019 0.269353 0.0169249 0.0304469 0.284741
0 0.570458 0.322595 0.0102135 0.0183766 0.284354
0 0.42222 0.0996361 0.0176074 0.0214051 0.282598
0 0.352621 0.778261 0.0158459 0.0370399 0.281575
0 0.622289 0.715378 0.0153962 0.0231242 0.28035
0 0.489152 0.507057 0.0105989 0.0260627 0.280023
0 0.27027 0.448141 0.0169509 0.0263748 0.279033
0 0.565687 0.0297551 0.0178098 0.0252442 0.278362
0 0.396897 0.519461 0.0132559 0.0246099 0.277717
0 0.444958 0.0695502 0.0170738 0.0446452 0.277428
0 0.0987323 0.87969 0.00963191 0.0229513 0.277064
0 0.145001 0.0227589 0.0141787 0.0253092 0.273931
0 0.110861 0.437878 0.0153376 0.0297821 0.273819
0 0.618526 0.712639 0.0199192 0.0228882 0.272901
0 0.363545 0.141477 0.0180185 0.0337626 0.27123
0 0.639608 0.288164 0.016239 0.031099 0.268875
0 0.0389488 0.626619 0.0147599 0.0284986 0.265263
0 0.320204 0.889242 0.0228458 0.0389069 0.262188
0 0.715588 0.458383 0.00851962 0.0236125 0.262174
0 0.731134 0.455582 0.0194401 0.0422086 0.261258
0 0.246197 0.52209 0.029527 0.0344643 0.261168
0 0.369309 0.331954 0.0229652 0.0407377 0.260954
0 0.791783 0.1693 0.0199368 0.035972 0.257209
0 0.349046 0.494662 0.0200189 0.0346336 0.2559
0 0.690957 0.583615 0.012615 0.0237493 0.254893
0 0.716567 0.942058 0.01818 0.0291772 0.252765
0 0.32997 0.298907 0.0169333 0.0302711 0.251508
0 0.372202 0.0539167 0.0107544 0.0224822 0.251255
0 0.423817 0.787729 0.0122791 0.0225874 0.250772
