0 0.888357 0.716317 0.0255562 0.0414625 0.716242
0 0.450841 0.510247 0.0254219 0.0372044 0.694777
0 0.912551 0.624213 0.0240351 0.0420315 0.68023
0 0.976346 0.672998 0.0206284 0.0378308 0.674419
0 0.490474 0.578201 0.0265019 0.046344 0.674005
0 0.572041 0.628616 0.0251171 0.048308 0.673495
0 0.140654 0.740714 0.0208211 0.0380595 0.67347
0 0.552938 0.266643 0.0213528 0.0378165 0.666865
0 0.648672 0.0424777 0.0185078 0.0345415 0.665271
0 0.154145 0.372547 0.0241294 0.0371692 0.662605
0 0.80443 0.498685 0.0205727 0.0368226 0.662408
0 0.0868166 0.441041 0.0213413 0.040105 0.66046
0 0.359804 0.703209 0.0243549 0.0430576 0.660388
0 0.370508 0.976196 0.0193658 0.0408 0.659903
0 0.364369 0.0440841 0.022837 0.0431134 0.656357
0 0.360472 0.754621 0.0184642 0.0311998 0.656348
0 0.670387 0.933378 0.0248097 0.0456872 0.655343
0 0.397822 0.783437 0.0205368 0.0380692 0.654228
0 0.419645 0.76468 0.0226189 0.0347639 0.653982
0 0.127232 0.417962 0.0243623 0.0408005 0.653417
0 0.726178 0.0852787 0.0205785 0.039312 0.649412
0 0.708374 0.904602 0.0232687 0.043454 0.647714
0 0.977883 0.844836 0.0238021 0.0425578 0.647642
0 0.256786 0.197829 0.019852 0.0307605 0.646335
0 0.0209323 0.34526 0.0268806 0.0478882 0.645105
0 0.542969 0.529858 0.0189007 0.0380826 0.644807
0 0.921732 0.421088 0.0212521 0.0422379 0.644699
0 0.804781 0.285655 0.0218625 0.0428649 0.644505
0 0.363556 0.211882 0.0161504 0.0308033 0.643784
0 0.14226 0.211486 0.0196723 0.034605 0.642655
0 0.0648012 0.479038 0.0162722 0.0338321 0.642228
0 0.698146 0.952781 0.0240084 0.0425927 0.640914
0 0.787388 0.523507 0.0171837 0.035772 0.640912
0 0.314049 0.595463 0.0242971 0.0438554 0.63966
0 0.646797 0.606843 0.0260227 0.0399146 0.638795
0 0.112916 0.861831 0.0246225 0.0406308 0.638674
0 0.913285 0.727245 0.0211876 0.0368774 0.636893
0 0.106339 0.67055 0.01959 0.0386524 0.636581
0 0.678985 0.124578 0.018445 0.0355053 0.636343
0 0.419401 0.170702 0.0181921 0.0334599 0.635339
0 0.515402 0.0560969 0.0214003 0.0409476 0.634298
0 0.383396 0.0204441 0.01836 0.0352497 0.63343
0 0.467544 0.55361 0.0188803 0.034112 0.632387
0 0.725729 0.287902 0.0197727 0.0333918 0.63037
0 0.387145 0.0642821 0.0190392 0.0349912 0.630108
0 0.164096 0.430074 0.0188412 0.0372203 0.629056
0 0.473784 0.158001 0.0213399 0.0404684 0.628925
0 0.442061 0.630419 0.0165212 0.0322339 0.628716
0 0.515429 0.598848 0.0137678 0.0281313 0.628027
0 0.201542 0.800399 0.017145 0.0333383 0.627768
0 0.185345 0.417377 0.0143022 0.0290644 0.627521
0 0.769201 0.452776 0.017322 0.0312997 0.626414
0 0.0947456 0.12406 0.022717 0.0407602 0.62618
0 0.198797 0.473928 0.0220164 0.0342287 0.626026
0 0.00779638 0.0834812 0.0155928 0.0521525 0.625778
0 0.181657 0.950066 0.021059 0.040882 0.625397
0 0.426261 0.548413 0.0207582 0.0429416 0.624636
0 0.881414 0.526895 0.0256191 0.0408624 0.620738
0 0.436944 0.151784 0.0181906 0.0312988 0.620641
0 0.0473655 0.964108 0.0197499 0.0333038 0.620623
0 0.0202455 0.930912 0.0243761 0.0434723 0.620448
0 0.773373 0.861716 0.017024 0.0323542 0.619839
0 0.372356 0.833024 0.0164011 0.0311795 0.619418
0 0.616532 0.0759851 0.0273619 0.0488463 0.618613
0 0.0736135 0.273525 0.021033 0.039055 0.618602
0 0.0813288 0.33007 0.0175761 0.0319567 0.617446
0 0.377579 0.178316 0.0188888 0.0315219 0.617443
0 0.707633 0.0700704 0.0136713 0.0302996 0.615772
0 0.12001 0.188354 0.0161182 0.0342231 0.61558
0 0.0832526 0.665581 0.0157838 0.0313212 0.612152
0 0.326717 0.301578 0.0146849 0.0340761 0.611875
0 0.642954 0.814121 0.020256 0.0396244 0.611031
0 0.337142 0.575714 0.0194598 0.038062 0.610735
0 0.28247 0.631414 0.0280067 0.0516032 0.610678
0 0.738625 0.849496 0.0188801 0.0306142 0.608384
0 0.333332 0.73094 0.0149522 0.0317679 0.608137
0 0.215471 0.337457 0.0163735 0.032386 0.607616
0 0.23727 0.889325 0.0193527 0.0398585 0.607566
0 0.748415 0.368141 0.0204649 0.0419271 0.606262
0 0.119231 0.777005 0.0157657 0.0292239 0.606059
0 0.927663 0.484198 0.0217857 0.0403026 0.605621
0 0.571222 0.568287 0.0198087 0.0369296 0.604506
0 0.383917 0.317561 0.0163533 0.0335194 0.604394
0 0.512366 0.701107 0.0202681 0.0332074 0.604326
0 0.656204 0.083373 0.0162582 0.0279986 0.60409
0 0.227798 0.458862 0.0159183 0.032724 0.603886
0 0.194864 0.0252344 0.0231654 0.0396999 0.603094
0 0.0807966 0.543195 0.023585 0.0372417 0.60255
0 0.29342 0.0282303 0.0203354 0.0431627 0.601999
0 0.963107 0.881186 0.0159004 0.0323686 0.59898
0 0.414448 0.911448 0.0168362 0.0329051 0.59884
0 0.853988 0.427874 0.0118124 0.0335635 0.598834
0 0.506091 0.732474 0.0146688 0.0281955 0.597154
0 0.697694 0.124295 0.0159658 0.0344862 0.597028
0 0.0717574 0.693553 0.0150687 0.0265356 0.596648
0 0.37972 0.243182 0.0160088 0.0288281 0.596592
0 0.0207539 0.889897 0.0155192 0.0261441 0.596366
0 0.853948 0.627907 0.0218464 0.0387621 0.596347
0 0.940542 0.747803 0.0248928 0.0387921 0.595563
0 0.13019 0.594661 0.0221236 0.0425732 0.594845
0 0.307725 0.325366 0.0162694 0.0336966 0.59436
0 0.115213 0.624694 0.0176041 0.0329168 0.593888
0 0.536176 0.0382111 0.0186093 0.0372142 0.593511
0 0.579061 0.375924 0.0191209 0.038344 0.593427
0 0.886333 0.341881 0.0198812 0.0435157 0.591366
0 0.050061 0.895553 0.0190999 0.0365902 0.590431
0 0.859387 0.72514 0.0184095 0.0265196 0.589817
0 0.581835 0.851377 0.0203817 0.0343252 0.587731
0 0.0982344 0.732715 0.0175641 0.0312744 0.587365
0 0.843859 0.829517 0.0176807 0.0314362 0.587207
0 0.476078 0.0760723 0.0167274 0.0300256 0.586866
0 0.422877 0.660941 0.0185381 0.0325056 0.586526
0 0.372632 0.466295 0.0269034 0.0409414 0.585868
0 0.903469 0.447679 0.0174811 0.033501 0.585586
0 0.171264 0.760286 0.0164103 0.030651 0.584912
0 0.230321 0.288348 0.0185931 0.0358336 0.584897
0 0.914024 0.886826 0.0171627 0.0332734 0.583651
0 0.60063 0.637129 0.0174967 0.0317436 0.583231
0 0.948262 0.627333 0.0205786 0.0368284 0.582547
0 0.267294 0.425863 0.0229718 0.041795 0.582057
0 0.397769 0.895421 0.0167148 0.0307226 0.581711
0 0.416417 0.444821 0.0217644 0.0323917 0.581309
0 0.774835 0.751673 0.0166668 0.0343936 0.580792
0 0.243692 0.946328 0.0159365 0.0325361 0.580682
0 0.396519 0.674584 0.0164314 0.0294084 0.58056
0 0.321484 0.265353 0.0134383 0.0238636 0.579477
0 0.620591 0.0196955 0.0248173 0.0387239 0.579466
0 0.569089 0.528713 0.0155858 0.0291102 0.579466
0 0.670015 0.845791 0.0161327 0.0292145 0.578832
0 0.113943 0.945894 0.02052 0.0489037 0.578574
0 0.511541 0.875379 0.0143948 0.0264574 0.578187
0 0.215668 0.63765 0.0215622 0.036865 0.576935
0 0.119285 0.723712 0.0147189 0.0343333 0.576747
0 0.176025 0.259675 0.0195596 0.0345557 0.575797
0 0.808287 0.405118 0.0163387 0.0317749 0.575416
0 0.0258412 0.468034 0.0229244 0.0388403 0.575033
0 0.81728 0.446871 0.0202484 0.0364283 0.57499
0 0.0268241 0.641799 0.0158676 0.0316698 0.57452
0 0.589895 0.590308 0.014094 0.0383405 0.574001
0 0.880397 0.911706 0.0212994 0.04042 0.573805
0 0.319749 0.949071 0.0148651 0.0290521 0.573113
0 0.717934 0.810772 0.020625 0.0405409 0.572812
0 0.466732 0.33263 0.0214386 0.0435391 0.572691
0 0.00499616 0.0254373 0.00999233 0.034252 0.571721
0 0.243015 0.38987 0.0193395 0.040096 0.571363
0 0.723745 0.724874 0.0264021 0.0371914 0.571202
0 0.387814 0.418483 0.0190363 0.0321916 0.571108
0 0.470284 0.483331 0.0194281 0.0318043 0.570386
0 0.51197 0.977912 0.0155991 0.0326702 0.570333
0 0.124534 0.502883 0.0237758 0.0394225 0.570085
0 0.713487 0.6767 0.0211775 0.0341644 0.569314
0 0.873307 0.437435 0.0172152 0.0344377 0.569097
0 0.987884 0.715543 0.0121532 0.0316071 0.567649
0 0.643222 0.516887 0.0207624 0.0448437 0.564969
0 0.305207 0.278651 0.0148542 0.0369534 0.564732
0 0.69229 0.0845526 0.0177332 0.0325224 0.56354
0 0.454311 0.114176 0.0190104 0.0439997 0.562034
0 0.288482 0.965679 0.02008 0.0293725 0.561745
0 0.634078 0.664339 0.016083 0.0328149 0.560824
0 0.0432041 0.66424 0.0123896 0.0292192 0.560802
0 0.816376 0.622621 0.0148373 0.0332638 0.560663
0 0.0939455 0.365616 0.0152838 0.0237578 0.560346
0 0.194209 0.323881 0.01489 0.0292769 0.560295
0 0.125659 0.0754546 0.0285164 0.0413207 0.559515
0 0.615192 0.68985 0.0219147 0.0497694 0.558625
0 0.0621817 0.929928 0.0190856 0.0362167 0.558613
0 0.0293435 0.169296 0.0161545 0.0288448 0.558468
0 0.937835 0.592261 0.0172527 0.0336932 0.558025
0 0.466022 0.90645 0.015953 0.0249691 0.557608
0 0.469592 0.735311 0.0166946 0.0308224 0.557357
0 0.673285 0.795116 0.0187078 0.0312052 0.556227
0 0.773722 0.023697 0.0220644 0.0424427 0.556155
0 0.500575 0.838255 0.0138227 0.0289683 0.554536
0 0.938771 0.55039 0.0171046 0.0322667 0.554447
0 0.315348 0.063952 0.0167085 0.0318237 0.554416
0 0.894745 0.879275 0.0138044 0.0275111 0.554366
0 0.562912 0.895474 0.0157616 0.0320621 0.553308
0 0.00546412 0.971716 0.0109212 0.0350989 0.553215
0 0.226968 0.176819 0.0143224 0.0254594 0.553053
0 0.956694 0.569059 0.0213112 0.040724 0.551885
0 0.0301226 0.790567 0.0190323 0.0324621 0.551824
0 0.091498 0.0654364 0.0149559 0.0306816 0.551724
0 0.179866 0.810912 0.0214485 0.0366297 0.550958
0 0.364356 0.372424 0.0141461 0.0248654 0.550254
0 0.344332 0.394366 0.0141715 0.0329827 0.548926
0 0.070613 0.631383 0.0142362 0.0262202 0.548656
0 0.543868 0.73496 0.0192632 0.0323713 0.548512
0 0.66236 0.7604 0.0217641 0.0345879 0.548155
0 0.325311 0.634209 0.0234143 0.0431582 0.548132
0 0.801108 0.960459 0.0205315 0.0387604 0.547827
0 0.784033 0.699532 0.0265135 0.0465944 0.547063
0 0.739978 0.0615191 0.010576 0.0285051 0.546791
0 0.696374 0.0190612 0.0144421 0.0251207 0.546451
0 0.277669 0.894625 0.0198447 0.0357025 0.545529
0 0.229327 0.499648 0.0193771 0.0360258 0.545048
0 0.550869 0.33376 0.020603 0.0485284 0.544731
0 0.597626 0.803627 0.0154978 0.0294822 0.543246
0 0.0855603 0.960914 0.0189655 0.0371593 0.542966
0 0.209011 0.760594 0.0157165 0.0273858 0.542691
0 0.319961 0.550398 0.0144674 0.0249848 0.542046
0 0.906378 0.841994 0.0225473 0.0355899 0.541087
0 0.441946 0.81354 0.0247441 0.0402603 0.540471
0 0.253316 0.762279 0.0171645 0.0281331 0.540292
0 0.553288 0.444465 0.0175381 0.0360302 0.540158
0 0.72457 0.969651 0.0178848 0.031099 0.539754
0 0.414003 0.971937 0.0153214 0.0289755 0.539722
0 0.551516 0.659415 0.0139807 0.0272429 0.538867
0 0.159412 0.235521 0.0131117 0.0299978 0.538743
0 0.0499861 0.770054 0.0138898 0.0237003 0.534516
0 0.384176 0.368956 0.0135264 0.0317306 0.533456
0 0.416993 0.808943 0.0145831 0.037598 0.532995
0 0.793082 0.122239 0.0248345 0.0491098 0.532497
0 0.788184 0.427869 0.0144701 0.0280367 0.532416
0 0.348915 0.445106 0.0185671 0.0312389 0.530636
0 0.00734615 0.653038 0.0140735 0.0261011 0.529083
0 0.702737 0.759321 0.0227655 0.033704 0.527179
0 0.165296 0.592497 0.0248924 0.0464314 0.526544
0 0.732869 0.887043 0.012677 0.0294044 0.526408
0 0.278438 0.387441 0.0157857 0.0290327 0.525059
0 0.6382 0.924034 0.0172891 0.0358924 0.525039
0 0.854565 0.261466 0.0221233 0.0434731 0.52496
0 0.204609 0.19868 0.0174844 0.0288248 0.524913
0 0.303619 0.168947 0.0170758 0.0334963 0.524889
0 0.749755 0.893476 0.0210026 0.0334564 0.523487
0 0.155352 0.932345 0.0228024 0.0393199 0.523316
0 0.0300063 0.0174262 0.0218044 0.0322367 0.522986
0 0.498723 0.623189 0.0208168 0.0356137 0.522752
0 0.00452067 0.872951 0.00903171 0.0348774 0.521119
0 0.0871996 0.495184 0.0183674 0.0341613 0.520793
0 0.903441 0.406521 0.0194958 0.0368833 0.520539
0 0.380504 0.633275 0.0243148 0.0362971 0.51927
0 0.191622 0.621413 0.0206261 0.0431125 0.519122
0 0.535266 0.817904 0.0185204 0.0320587 0.518913
0 0.469067 0.606714 0.0155358 0.0455974 0.518872
0 0.174772 0.687427 0.0219752 0.0380472 0.516321
0 0.413995 0.0395912 0.0126246 0.0287011 0.516058
0 0.7585 0.405851 0.013599 0.0271853 0.515523
0 0.00662544 0.726415 0.0131301 0.0328169 0.515092
0 0.429736 0.309294 0.0196171 0.0471525 0.514402
0 0.291778 0.805232 0.0170187 0.0306773 0.513718
0 0.341749 0.0191466 0.0209646 0.0356641 0.513385
0 0.965094 0.927995 0.0154205 0.0276171 0.512813
0 0.547858 0.586887 0.0106677 0.028284 0.512007
0 0.977748 0.951223 0.018775 0.0347314 0.511456
0 0.327982 0.779655 0.0126013 0.0270927 0.511206
0 0.432026 0.415966 0.0179676 0.0295019 0.509765
0 0.19103 0.765929 0.0172831 0.0272156 0.50919
0 0.0214535 0.854268 0.0144681 0.0294118 0.508302
0 0.859371 0.488456 0.0144722 0.0248127 0.507065
0 0.454862 0.96756 0.0174528 0.0355405 0.50693
0 0.437504 0.461749 0.0202032 0.0398595 0.505928
0 0.900644 0.962476 0.0202715 0.0348898 0.503465
0 0.461334 0.287447 0.0177714 0.0309386 0.502822
0 0.727409 0.0334339 0.0192631 0.0337158 0.502568
0 0.822054 0.691717 0.0219339 0.0353271 0.502413
0 0.275905 0.198072 0.0157198 0.0321709 0.501797
0 0.420152 0.872684 0.0130342 0.0287798 0.501729
0 0.580009 0.799688 0.0132899 0.0297533 0.501531
0 0.587121 0.983663 0.0179733 0.0312746 0.499733
0 0.151239 0.494985 0.0165388 0.0312868 0.498697
0 0.884857 0.56992 0.0135929 0.023678 0.498386
0 0.0476689 0.243836 0.0145126 0.030789 0.498326
0 0.0694503 0.177283 0.0146966 0.0299728 0.497299
0 0.125837 0.81612 0.0193283 0.0358851 0.497225
0 0.196569 0.165819 0.0206491 0.0314448 0.49708
0 0.420078 0.221909 0.017624 0.0309133 0.496861
0 0.346174 0.229198 0.0176672 0.0343676 0.495207
0 0.448949 0.328863 0.0121193 0.0285678 0.49519
0 0.880708 0.764367 0.016851 0.0296578 0.495065
0 0.390249 0.562828 0.0151893 0.0255551 0.495034
0 0.842509 0.183506 0.0201445 0.0350405 0.49492
0 0.827156 0.139535 0.0175654 0.0307404 0.494635
0 0.421388 0.121226 0.0181213 0.0305841 0.493856
0 0.00577007 0.821956 0.0115229 0.0304625 0.493163
0 0.445734 0.923063 0.0255349 0.039945 0.493145
0 0.58111 0.922012 0.0172707 0.0321019 0.49312
0 0.754754 0.716606 0.0168813 0.0327504 0.492504
0 0.625149 0.567949 0.0152153 0.0271423 0.491997
0 0.439392 0.775917 0.0145379 0.0266129 0.491925
0 0.0776204 0.906665 0.0143388 0.0329574 0.49182
0 0.319741 0.684889 0.0188678 0.0320068 0.491317
0 0.519009 0.192137 0.0194269 0.0353676 0.489643
0 0.00982461 0.608003 0.0181653 0.0361117 0.488789
0 0.583506 0.885776 0.0125319 0.0251311 0.487496
0 0.354766 0.642847 0.0169789 0.0381591 0.486747
0 0.0849314 0.391726 0.0178739 0.0333897 0.485782
0 0.837365 0.981657 0.0214142 0.0355516 0.485672
0 0.43513 0.734536 0.0154769 0.0251699 0.485222
0 0.407757 0.00951062 0.0176284 0.0183524 0.484307
0 0.230204 0.822558 0.0179646 0.0306196 0.483617
0 0.565372 0.134642 0.0215717 0.0431332 0.48339
0 0.875573 0.829368 0.0195576 0.0334374 0.482087
0 0.405634 0.392757 0.0156556 0.0304396 0.48118
0 0.388563 0.941678 0.022223 0.0337464 0.480636
0 0.282033 0.275013 0.0158979 0.0270752 0.479479
0 0.0377787 0.601461 0.0137883 0.0320903 0.479455
0 0.173288 0.724778 0.0163095 0.0264038 0.479339
0 0.202557 0.281246 0.0126685 0.0215825 0.479198
0 0.080848 0.813508 0.0154646 0.0319984 0.479074
0 0.0261738 0.403076 0.0160836 0.0311726 0.47876
0 0.395456 0.855238 0.0151475 0.0283083 0.476502
0 0.750857 0.442715 0.0162886 0.029807 0.476294
0 0.888757 0.643303 0.0247791 0.0376622 0.475205
0 0.0798871 0.596216 0.0145197 0.0282795 0.472948
0 0.109973 0.455698 0.014117 0.0288208 0.471899
0 0.786028 0.793055 0.0172765 0.0300293 0.471667
0 0.869882 0.582789 0.0134567 0.0234213 0.470671
0 0.633235 0.889919 0.0206767 0.0401384 0.469481
0 0.211546 0.904272 0.0224858 0.035174 0.46919
0 0.834401 0.91504 0.03008 0.0539071 0.46858
0 0.020787 0.111169 0.0145082 0.0257535 0.468117
0 0.430503 0.0615355 0.0167718 0.0309283 0.467445
0 0.439453 0.952855 0.0135078 0.0179237 0.46681
0 0.283348 0.12439 0.0145571 0.024073 0.466732
0 0.226232 0.780706 0.015734 0.0279894 0.465978
0 0.396511 0.245969 0.0148028 0.0362552 0.465869
0 0.384945 0.596477 0.0175882 0.0261473 0.465428
0 0.0686786 0.770736 0.0159482 0.022751 0.465417
0 0.357713 0.0895481 0.0178726 0.0293812 0.463976
0 0.0105115 0.27861 0.0202009 0.0391478 0.462847
0 0.915162 0.691295 0.0122856 0.0214635 0.46215
0 0.604736 0.848561 0.0147562 0.0307866 0.461903
0 0.563079 0.0209503 0.0209454 0.0363857 0.460458
0 0.0793215 0.73955 0.013826 0.0268326 0.459898
0 0.443904 0.384103 0.0137417 0.0301919 0.459373
0 0.869447 0.384031 0.0126396 0.0305818 0.458558
0 0.498123 0.404068 0.018657 0.0421736 0.458417
0 0.903266 0.801934 0.0188717 0.0295235 0.458408
0 0.609507 0.936423 0.0177759 0.0299859 0.456583
0 0.156889 0.898532 0.019472 0.0246562 0.456346
0 0.458697 0.193996 0.0130138 0.0262102 0.455177
0 0.387531 0.730952 0.0150348 0.032191 0.454216
0 0.168079 0.32194 0.0184649 0.0362003 0.452314
0 0.357148 0.868792 0.0162082 0.0318332 0.45197
0 0.833445 0.300973 0.0143772 0.0273841 0.451045
0 0.651919 0.12764 0.0194462 0.0301821 0.450094
0 0.316551 0.0256734 0.0161517 0.0303452 0.449908
0 0.0641453 0.422012 0.0204502 0.0362439 0.449546
0 0.00356318 0.361617 0.00709541 0.0408631 0.449208
0 0.0446407 0.416133 0.0138606 0.0267059 0.444152
0 0.365752 0.921726 0.0184151 0.0302565 0.44308
0 0.430802 0.318123 0.0165089 0.0341406 0.442992
0 0.25856 0.914022 0.0217734 0.0359108 0.442358
0 0.404909 0.33817 0.016753 0.0354379 0.44215
0 0.43466 0.855355 0.0135305 0.0288788 0.44215
0 0.492571 0.952775 0.0177891 0.0282448 0.442053
0 0.414781 0.720677 0.018174 0.0322762 0.441156
0 0.525621 0.508233 0.0204643 0.035047 0.440606
0 0.313469 0.417941 0.0192668 0.0302863 0.44038
0 0.264717 0.605009 0.0161417 0.030988 0.439176
0 0.132509 0.601005 0.0191553 0.0332249 0.43884
0 0.392412 0.970259 0.0135953 0.0238183 0.438669
0 0.0575331 0.570518 0.013325 0.0254219 0.435072
0 0.204423 0.953381 0.0155746 0.0252596 0.434531
0 0.493674 0.519164 0.0170563 0.0306086 0.433963
0 0.319421 0.807868 0.0147347 0.0242917 0.432206
0 0.242478 0.618785 0.0191601 0.0305711 0.431724
0 0.530927 0.773833 0.0188602 0.0318609 0.431011
0 0.568041 0.0618486 0.0194243 0.0317573 0.430292
0 0.288559 0.162659 0.0117743 0.0281152 0.429392
0 0.109722 0.555003 0.0129893 0.0229388 0.428352
0 0.854252 0.585686 0.0137634 0.0279682 0.42632
0 0.653121 0.676046 0.0166714 0.0323505 0.426051
0 0.684257 0.0544635 0.012649 0.0261593 0.423027
0 0.987897 0.495983 0.020005 0.0296463 0.422452
0 0.129117 0.0798956 0.0246871 0.0428494 0.421366
0 0.144494 0.81669 0.0152843 0.0299462 0.420659
0 0.342686 0.965551 0.0208797 0.0358951 0.420364
0 0.727964 0.72827 0.0194182 0.0305487 0.419746
0 0.534543 0.617079 0.0140591 0.0241475 0.418699
0 0.615271 0.611801 0.0231323 0.0451138 0.417782
0 0.996061 0.663996 0.00787773 0.0354892 0.416833
0 0.177479 0.458865 0.0150795 0.0291189 0.415951
0 0.796983 0.829153 0.0186541 0.0278166 0.415703
0 0.328765 0.221587 0.0124525 0.0324666 0.413002
0 0.752587 0.314398 0.0216604 0.048222 0.412246
0 0.376304 0.553605 0.0126874 0.028068 0.411735
0 0.950075 0.919065 0.0131691 0.0290054 0.411017
0 0.0954689 0.589517 0.0172013 0.0345391 0.408641
0 0.0603184 0.675141 0.0154547 0.0284598 0.407619
0 0.218328 0.863443 0.0138218 0.0290707 0.407335
0 0.393183 0.449809 0.0145141 0.0264877 0.406652
0 0.0160245 0.681765 0.0155999 0.0232783 0.40635
0 0.884847 0.529877 0.0200283 0.0358011 0.405327
0 0.776333 0.251277 0.0199204 0.0370164 0.403328
0 0.14172 0.443393 0.0158423 0.0301121 0.402791
0 0.884888 0.637888 0.0260212 0.0400059 0.402555
0 0.320146 0.027591 0.0175488 0.0320282 0.402127
0 0.7473 0.144544 0.0220273 0.035845 0.401817
0 0.00651951 0.418469 0.0128936 0.0334356 0.401061
0 0.328798 0.112399 0.0164814 0.0325897 0.40018
0 0.728971 0.166649 0.0195816 0.035202 0.40014
0 0.0280919 0.258216 0.0155557 0.0379464 0.399334
0 0.313884 0.851465 0.0175831 0.0320811 0.398858
0 0.254313 0.261827 0.0193569 0.0361662 0.398485
0 0.687782 0.716857 0.0193067 0.0300947 0.398395
0 0.526335 0.502291 0.0224003 0.0457313 0.398242
0 0.385076 0.123529 0.0203991 0.0379964 0.395487
0 0.937087 0.670728 0.0194431 0.0342082 0.395103
0 0.496479 0.75876 0.012101 0.0245661 0.394271
0 0.98258 0.606302 0.0205647 0.0491585 0.392204
0 0.326718 0.173933 0.0187082 0.0342651 0.391225
0 0.568677 0.776673 0.01966 0.0313217 0.390899
0 0.932378 0.951825 0.0194363 0.0308424 0.389541
0 0.364 0.281834 0.01399 0.0232016 0.389536
0 0.0211051 0.570169 0.0143198 0.0184211 0.388934
0 0.4208 0.936367 0.0133158 0.0174628 0.388102
0 0.476997 0.952837 0.010107 0.0236345 0.387081
0 0.455948 0.0536967 0.0226741 0.0424547 0.385666
0 0.319899 0.764669 0.0163701 0.0307563 0.382803
0 0.713365 0.622568 0.0172456 0.0306074 0.382503
0 0.78819 0.269271 0.0117716 0.0268507 0.381578
0 0.0283666 0.73896 0.0179194 0.0330139 0.381151
0 0.00886812 0.231182 0.0176024 0.0333212 0.380404
0 0.786006 0.304528 0.0165787 0.0260947 0.380353
0 0.0687303 0.361612 0.015972 0.0330239 0.379787
0 0.56133 0.955273 0.023894 0.0498498 0.377922
0 0.134933 0.0274078 0.020176 0.0329503 0.376915
0 0.309192 0.111067 0.0130315 0.026946 0.376449
0 0.00284573 0.691529 0.00567374 0.022306 0.374846
0 0.447257 0.554889 0.0153919 0.0341931 0.372856
0 0.837765 0.919581 0.0241203 0.0457933 0.372751
0 0.454148 0.761599 0.0110273 0.0222012 0.372641
0 0.490051 0.921662 0.0137468 0.0237583 0.372201
0 0.231112 0.722794 0.0216736 0.0376199 0.371815
0 0.864362 0.975574 0.0261581 0.0452772 0.371765
0 0.884185 0.404964 0.0151085 0.0221714 0.3705
0 0.55164 0.962812 0.0140043 0.0328606 0.369282
0 0.2888 0.564706 0.0179162 0.0345756 0.369096
0 0.039822 0.850548 0.022201 0.0383845 0.367278
0 0.410398 0.641598 0.0145687 0.0277303 0.367263
0 0.153079 0.118584 0.0153748 0.0289157 0.367181
0 0.256484 0.541062 0.0141152 0.0271023 0.366529
0 0.295502 0.872644 0.0164054 0.0327884 0.366481
0 0.993204 0.57104 0.0135915 0.0337307 0.366471
0 0.0865511 0.868128 0.0204485 0.0340573 0.366141
0 0.260931 0.917105 0.0186369 0.0318813 0.365946
0 0.722732 0.810394 0.0288207 0.0405802 0.365443
0 0.271434 0.0615455 0.0172498 0.0233278 0.364804
0 0.799128 0.0650688 0.0296171 0.0558451 0.364665
0 0.112393 0.388626 0.0184457 0.0307939 0.363943
0 0.0522877 0.605318 0.0163535 0.0289627 0.36358
0 0.249377 0.659105 0.0263241 0.0438038 0.363474
0 0.0930138 0.782412 0.0185784 0.028577 0.363463
0 0.29522 0.354476 0.0182617 0.033202 0.363228
0 0.406479 0.513488 0.0143101 0.0301836 0.362828
0 0.646337 0.981121 0.0169975 0.0341668 0.362732
0 0.156741 0.783774 0.0177688 0.0300774 0.361401
0 0.167051 0.51898 0.0202861 0.0360275 0.359594
0 0.360626 0.091076 0.021475 0.0300488 0.358882
0 0.903359 0.521342 0.0165459 0.0319285 0.356697
0 0.0902579 0.624069 0.0130375 0.0209571 0.356316
0 0.0637461 0.793668 0.0112717 0.0244029 0.356041
0 0.0249464 0.819449 0.0125103 0.0238307 0.355461
0 0.202288 0.0841935 0.0248574 0.0453908 0.355111
0 0.840598 0.925278 0.0182768 0.0352634 0.353562
0 0.827349 0.846578 0.0145596 0.0232327 0.352281
0 0.201413 0.092357 0.0209909 0.0420209 0.351255
0 0.790759 0.47581 0.0158557 0.0257924 0.350754
0 0.857014 0.688529 0.0193523 0.0323351 0.350262
0 0.805628 0.174199 0.022124 0.0519984 0.349346
0 0.279518 0.0993055 0.014826 0.0279115 0.349146
0 0.00642823 0.231945 0.0128059 0.0315351 0.348723
0 0.275308 0.343069 0.0164957 0.0324317 0.347656
0 0.561397 0.825392 0.0162758 0.0306149 0.347247
0 0.811474 0.591705 0.0174728 0.0267611 0.347087
0 0.592344 0.548156 0.0129363 0.0265699 0.345707
0 0.890741 0.292691 0.0188595 0.0354213 0.343794
0 0.08206 0.743134 0.015749 0.0291107 0.343236
0 0.0699179 0.689893 0.0135168 0.0266483 0.343043
0 0.232858 0.142697 0.0161803 0.0283574 0.341895
0 0.365035 0.117401 0.0163979 0.0266715 0.341581
0 0.00666477 0.518248 0.0121859 0.0281196 0.341028
0 0.478405 0.111661 0.0189671 0.0295997 0.34025
0 0.176285 0.462827 0.0174733 0.0282496 0.33984
0 0.370035 0.921426 0.0186063 0.0301032 0.339362
0 0.448513 0.704278 0.0146866 0.024839 0.338389
0 0.843532 0.784122 0.0128208 0.0270854 0.337734
0 0.312833 0.855815 0.0160411 0.0319556 0.337708
0 0.338663 0.269614 0.0100792 0.0237828 0.337694
0 0.289076 0.445475 0.0242588 0.0287177 0.337677
0 0.373558 0.92065 0.0149439 0.0272464 0.337225
0 0.362391 0.408864 0.0183375 0.0329559 0.335644
0 0.40143 0.0891121 0.0118129 0.0250308 0.332248
0 0.00794738 0.805996 0.0155238 0.0452713 0.328848
0 0.469662 0.445928 0.0160845 0.0271714 0.328417
0 0.754369 0.323494 0.0169284 0.0362191 0.328085
0 0.564895 0.147621 0.0256956 0.0586802 0.327966
0 0.323172 0.0295374 0.0161397 0.0333728 0.327651
0 0.0212997 0.98778 0.0149298 0.0229823 0.326988
0 0.273659 0.311226 0.0172395 0.0231455 0.326848
0 0.437491 0.736952 0.0193254 0.0267455 0.326165
0 0.470642 0.776638 0.0220762 0.0356035 0.325963
0 0.24897 0.476534 0.0149376 0.0254624 0.325655
0 0.864876 0.872126 0.0177477 0.0261851 0.325442
0 0.36229 0.807188 0.0163012 0.0350439 0.325198
0 0.778955 0.410339 0.0143504 0.0281189 0.323471
0 0.269141 0.484933 0.0150234 0.0244258 0.322386
0 0.589559 0.111389 0.0125349 0.0201954 0.321899
0 0.421093 0.657784 0.0178908 0.0323744 0.32181
0 0.248287 0.814123 0.0142137 0.0293822 0.320502
0 0.214139 0.426733 0.0162381 0.0299512 0.320411
0 0.128021 0.303309 0.0161247 0.0254601 0.317449
0 0.569672 0.780509 0.0170443 0.0250641 0.316053
0 0.534862 0.444228 0.017841 0.0376779 0.312891
0 0.60476 0.897786 0.0189888 0.0352583 0.311649
0 0.413171 0.0844091 0.0190332 0.0278021 0.311171
0 0.0935514 0.904746 0.0165048 0.0306712 0.310759
0 0.811991 0.0169112 0.0239021 0.0338225 0.310383
0 0.355462 0.157961 0.0156079 0.0271641 0.310339
0 0.516574 0.783432 0.0183794 0.0417141 0.309613
0 0.214686 0.906109 0.0198331 0.0326836 0.309452
0 0.684856 0.715045 0.0246967 0.0331915 0.309104
0 0.791277 0.951745 0.015015 0.0359279 0.308911
0 0.496799 0.125946 0.0113335 0.0232559 0.308571
0 0.904412 0.483181 0.0170525 0.0307205 0.308241
0 0.904982 0.583861 0.0181324 0.030462 0.307689
0 0.332922 0.424284 0.0127315 0.0279249 0.30722
0 0.346564 0.534409 0.0161654 0.0255536 0.306362
0 0.460642 0.857304 0.0146746 0.0274858 0.306073
0 0.315801 0.380331 0.0131069 0.0311332 0.305899
0 0.00500187 0.76401 0.0100037 0.0267802 0.303805
0 0.0605308 0.100971 0.0187803 0.0359963 0.302946
0 0.0660147 0.869868 0.0132416 0.0200707 0.302908
0 0.76122 0.0653064 0.0178705 0.0310805 0.301067
0 0.434047 0.418192 0.0172153 0.0293757 0.300866
0 0.921593 0.779409 0.0155899 0.0225023 0.300521
0 0.326225 0.478963 0.018529 0.0327387 0.300139
0 0.841453 0.456618 0.0171766 0.0301659 0.299916
0 0.839384 0.601985 0.017168 0.0281455 0.299775
0 0.756356 0.271642 0.0184437 0.0305181 0.297586
0 0.226324 0.536672 0.0193367 0.0327342 0.297448
0 0.324126 0.771632 0.0142153 0.0282019 0.295999
0 0.727104 0.16567 0.0178869 0.0289345 0.294565
0 0.0980687 0.274832 0.0233649 0.0393952 0.293995
0 0.38192 0.733474 0.0222614 0.0353973 0.293776
0 0.290051 0.686479 0.0191766 0.0329929 0.292475
0 0.857263 0.21057 0.0139317 0.0288514 0.291282
0 0.017086 0.307577 0.0190383 0.0257481 0.291269
0 0.495645 0.0159616 0.021338 0.0316993 0.290924
0 0.106223 0.222896 0.0144901 0.0230461 0.290452
0 0.349168 0.791276 0.0134758 0.0235475 0.290262
0 0.172285 0.875739 0.015449 0.0273132 0.289265
0 0.692034 0.684054 0.0202117 0.0347883 0.28896
0 0.273168 0.307017 0.0158682 0.0249185 0.286916
0 0.190177 0.545545 0.0166629 0.0366333 0.285658
0 0.903774 0.845027 0.0188881 0.0319146 0.285194
0 0.483853 0.384604 0.0200785 0.0332223 0.28423
0 0.851172 0.378674 0.0123394 0.0241518 0.283418
0 0.301933 0.134422 0.0123184 0.0199288 0.282228
0 0.274388 0.991329 0.0188866 0.0161931 0.281643
0 0.150703 0.280356 0.0230968 0.0341531 0.28026
0 0.879438 0.834189 0.0192368 0.0308809 0.280104
0 0.829721 0.264932 0.0197544 0.0334396 0.27913
0 0.061988 0.793873 0.00982955 0.025333 0.279101
0 0.20133 0.0971415 0.0182383 0.0353155 0.278172
0 0.347048 0.819366 0.0142823 0.0206589 0.278117
0 0.0505748 0.244248 0.0192155 0.0318348 0.277765
0 0.733464 0.0743587 0.0113462 0.0264534 0.276263
0 0.591117 0.0130583 0.0177908 0.0256237 0.275914
0 0.375838 0.924233 0.010471 0.0231696 0.275489
0 0.727805 0.76925 0.0154879 0.0223775 0.275204
0 0.619457 0.615623 0.0169727 0.046073 0.274433
0 0.989577 0.406054 0.0194866 0.0247765 0.273417
0 0.293742 0.346208 0.0191379 0.0422417 0.273383
0 0.343245 0.119964 0.0149998 0.0254867 0.273285
0 0.412749 0.717636 0.0187447 0.0302768 0.27151
0 0.0754769 0.990259 0.0163996 0.0183775 0.271442
0 0.491128 0.873976 0.0131219 0.0253384 0.270201
0 0.634781 0.900957 0.0178265 0.0220294 0.269214
0 0.560064 0.762806 0.0137531 0.0269368 0.268977
0 0.423068 0.474095 0.0140951 0.0263387 0.267963
0 0.608547 0.546046 0.0169584 0.0321335 0.265227
0 0.583932 0.24807 0.017421 0.0292041 0.264619
0 0.868548 0.580576 0.0145855 0.0302723 0.264169
0 0.45756 0.400287 0.0197712 0.0376114 0.264159
0 0.108755 0.450574 0.015141 0.0368093 0.262836
0 0.111695 0.55615 0.0125059 0.02394 0.26265
0 0.0112279 0.229377 0.0219907 0.0380458 0.262575
0 0.619873 0.623051 0.0166721 0.0328907 0.262445
0 0.805677 0.759401 0.0230322 0.0345505 0.262064
0 0.162077 0.080415 0.0216003 0.036449 0.261382
0 0.479633 0.846979 0.0155233 0.0271796 0.260657
0 0.738421 0.0628252 0.0118776 0.0275408 0.260346
0 0.83938 0.748489 0.0125187 0.0208805 0.260072
0 0.488411 0.0397315 0.0284715 0.0421542 0.259929
0 0.412136 0.338209 0.019783 0.0331 0.259512
0 0.719455 0.136441 0.0152229 0.0318806 0.259144
0 0.700408 0.190772 0.0166866 0.0267701 0.259008
0 0.911029 0.839731 0.0182934 0.0341136 0.258934
0 0.589648 0.508616 0.0163394 0.0334206 0.258878
0 0.564219 0.961776 0.0178314 0.0383352 0.258377
0 0.26966 0.0409854 0.0202747 0.0339551 0.258067
0 0.105874 0.0307167 0.0276235 0.0406226 0.257318
0 0.583638 0.67983 0.0113403 0.0262338 0.255978
0 0.829415 0.734793 0.0208397 0.0298159 0.255779
0 0.865622 0.790766 0.0155521 0.0241089 0.254768
0 0.341386 0.118341 0.0138884 0.0273379 0.25443
0 0.440917 0.741808 0.0207474 0.0255381 0.2517
0 0.0434923 0.806146 0.0117665 0.0245056 0.250811
0 0.67724 0.025706 0.0151721 0.0264238 0.250615
0 0.112642 0.991812 0.0191836 0.0154457 0.250486
0 0.135017 0.604252 0.0170003 0.0285195 0.250215
0 0.374911 0.880501 0.0182878 0.0317851 0.250005
