0 0.447505 0.302838 0.025351 0.0462916 0.705894
0 0.0723684 0.215585 0.0263476 0.0393308 0.695713
0 0.501127 0.112567 0.0213219 0.0347777 0.690964
0 0.252119 0.24093 0.0253352 0.0414848 0.687965
0 0.547463 0.214492 0.0263622 0.0469778 0.684578
0 0.936411 0.88332 0.0247314 0.0397864 0.680865
0 0.810252 0.67997 0.0382282 0.0569618 0.677928
0 0.464863 0.559503 0.0351417 0.0440115 0.674024
0 0.590836 0.153099 0.021398 0.0331298 0.671932
0 0.126597 0.736828 0.022243 0.0431691 0.670395
0 0.61711 0.109089 0.019824 0.0373631 0.669258
0 0.614501 0.15711 0.021523 0.0441788 0.669051
0 0.348923 0.173748 0.0265953 0.0418843 0.666686
0 0.613799 0.395958 0.0266986 0.0419955 0.666248
0 0.9518 0.200814 0.0192295 0.0353747 0.664956
0 0.245785 0.72863 0.024767 0.0392939 0.661735
0 0.225497 0.0917661 0.0216356 0.0333422 0.661006
0 0.331965 0.530267 0.0216359 0.0367797 0.658944
0 0.619539 0.56428 0.0270002 0.0380636 0.654728
0 0.157663 0.680365 0.0245643 0.0400798 0.653952
0 0.755756 0.595111 0.0209376 0.0383477 0.653327
0 0.0167471 0.528013 0.0232152 0.0416719 0.652185
0 0.588408 0.243132 0.0236996 0.0432085 0.651206
0 0.426151 0.106214 0.0220053 0.0348807 0.649144
0 0.357098 0.530852 0.0226362 0.0337051 0.648413
0 0.065593 0.307774 0.0230488 0.0369216 0.646325
0 0.594529 0.889504 0.0246662 0.036991 0.645508
0 0.514414 0.214961 0.0269186 0.0389858 0.643251
0 0.526334 0.170235 0.020465 0.0356771 0.642769
0 0.300312 0.46086 0.0192612 0.038539 0.642112
0 0.9206 0.0869602 0.0212082 0.033743 0.64178
0 0.108258 0.431293 0.0272359 0.0454824 0.641233
0 0.0394132 0.216572 0.0211971 0.0357333 0.639977
0 0.90163 0.288934 0.0237792 0.0419574 0.638437
0 0.620189 0.0344456 0.0230259 0.034592 0.637649
0 0.880549 0.946982 0.0238504 0.0548994 0.637089
0 0.0505997 0.436581 0.026389 0.041262 0.635846
0 0.326335 0.464344 0.0235957 0.0323864 0.633792
0 0.563491 0.515259 0.0267904 0.0424266 0.632993
0 0.909988 0.923274 0.0209557 0.0382602 0.632819
0 0.0651726 0.505028 0.0261846 0.0341034 0.630524
0 0.753102 0.653211 0.0224329 0.0374969 0.629555
0 0.646916 0.283461 0.0295811 0.0353361 0.628789
0 0.661471 0.347757 0.0263996 0.0416587 0.627105
0 0.41123 0.311605 0.0296002 0.0415254 0.626252
0 0.65123 0.577122 0.020384 0.0408949 0.626125
0 0.901538 0.547276 0.0195609 0.0352907 0.625347
0 0.64667 0.498245 0.0218723 0.0331414 0.625248
0 0.550229 0.790729 0.0273369 0.0461514 0.624873
0 0.217975 0.375627 0.0265002 0.0550145 0.624843
0 0.729516 0.446604 0.0222236 0.0413109 0.623918
0 0.379897 0.653082 0.0290985 0.0398831 0.623449
0 0.697489 0.432797 0.0265429 0.0425844 0.620679
0 0.975985 0.361933 0.0168072 0.0334915 0.620004
0 0.501567 0.284873 0.0190136 0.0334399 0.618747
0 0.407338 0.0236543 0.0231277 0.0471931 0.618653
0 0.966128 0.278789 0.0169041 0.0297111 0.616513
0 0.82084 0.432146 0.0204445 0.0379532 0.616051
0 0.707041 0.175618 0.0194042 0.032067 0.615587
0 0.345989 0.429767 0.0290703 0.038923 0.614314
0 0.0432164 0.305929 0.0172281 0.0308478 0.612113
0 0.669381 0.539751 0.0235298 0.0264532 0.611937
0 0.691151 0.516403 0.0161096 0.0329787 0.610547
0 0.881611 0.249788 0.0272419 0.0419217 0.61021
0 0.466191 0.506799 0.0194983 0.0321977 0.608367
0 0.805799 0.175198 0.0189796 0.0324746 0.606414
0 0.684475 0.7024 0.0174397 0.0282147 0.606251
0 0.0461975 0.167799 0.0206072 0.0345437 0.606
0 0.420547 0.61565 0.0167313 0.0287359 0.605655
0 0.456998 0.133107 0.0264625 0.0437412 0.605383
0 0.155602 0.514968 0.0268486 0.041946 0.605001
0 0.82977 0.173414 0.0219517 0.0382733 0.603719
0 0.912655 0.58212 0.0168186 0.0311282 0.60237
0 0.644755 0.433157 0.0265713 0.0488025 0.601291
0 0.514741 0.373826 0.0183499 0.0297438 0.599059
0 0.964585 0.322617 0.0200199 0.0370058 0.598898
0 0.905018 0.361849 0.0208653 0.0306324 0.598659
0 0.8315 0.320419 0.0190502 0.0414008 0.596573
0 0.627394 0.946679 0.0185167 0.0310686 0.594598
0 0.270179 0.338819 0.0259679 0.0416325 0.594468
0 0.685169 0.573044 0.0212622 0.0314208 0.592987
0 0.901592 0.646023 0.0129574 0.0246396 0.591943
0 0.567514 0.0372413 0.0298183 0.0369003 0.591894
0 0.0139006 0.240022 0.0262178 0.0532427 0.589464
0 0.731055 0.410591 0.0180945 0.0278364 0.589232
0 0.85491 0.63031 0.0149853 0.0173557 0.589065
0 0.626069 0.489601 0.0146759 0.0286811 0.588702
0 0.321452 0.129913 0.0277053 0.0389071 0.58828
0 0.221031 0.547918 0.0189873 0.0330093 0.588225
0 0.578301 0.0946673 0.0228428 0.0384831 0.588115
0 0.379807 0.57951 0.0203944 0.0380217 0.587761
0 0.196234 0.0424563 0.0237151 0.0425349 0.587109
0 0.493651 0.5141 0.0228455 0.0391593 0.586031
0 0.62207 0.457651 0.0164485 0.027514 0.584573
0 0.441611 0.503824 0.0225355 0.028873 0.58367
0 0.306533 0.831358 0.0206706 0.0351535 0.581662
0 0.864657 0.666625 0.0152401 0.0230704 0.581598
0 0.385469 0.394601 0.0219364 0.0341645 0.579603
0 0.947083 0.566929 0.0168148 0.0328279 0.579238
0 0.401491 0.598631 0.0183347 0.0367964 0.578373
0 0.164895 0.425232 0.0314466 0.0439209 0.576836
0 0.7287 0.28665 0.0188954 0.0367804 0.576698
0 0.754924 0.436296 0.01471 0.0275984 0.576179
0 0.618489 0.520045 0.0176165 0.0254198 0.575769
0 0.900517 0.126194 0.0189285 0.0418112 0.573459
0 0.214209 0.159492 0.0251236 0.0344646 0.573269
0 0.968619 0.686727 0.0235966 0.0347477 0.572887
0 0.717286 0.505269 0.0196318 0.0342226 0.572172
0 0.432198 0.554387 0.0197004 0.0292094 0.57125
0 0.670963 0.674465 0.0156226 0.0275785 0.571168
0 0.418587 0.471946 0.0191205 0.033217 0.569605
0 0.650716 0.917011 0.0203651 0.0340054 0.568983
0 0.955908 0.436386 0.0179228 0.0337229 0.5688
0 0.919267 0.711594 0.0138388 0.0234204 0.566334
0 0.671736 0.632474 0.0214699 0.0361515 0.565663
0 0.471096 0.783837 0.018874 0.0358851 0.564991
0 0.0996167 0.180465 0.0237056 0.0333864 0.564566
0 0.735848 0.979619 0.0194607 0.0364827 0.563729
0 0.0655575 0.773497 0.0159613 0.0262105 0.562186
0 0.713208 0.240076 0.0214897 0.0319345 0.561953
0 0.00405997 0.676184 0.00811993 0.0292218 0.560857
0 0.00942926 0.937621 0.0186494 0.0409353 0.560522
0 0.884239 0.728586 0.0147636 0.0239439 0.559616
0 0.130434 0.135693 0.0209429 0.0330017 0.559561
0 0.384529 0.0596796 0.0147434 0.0253329 0.558197
0 0.871182 0.44314 0.0160154 0.0298969 0.557895
0 0.802216 0.959256 0.0127975 0.0232088 0.55739
0 0.0807183 0.547228 0.014081 0.0272494 0.557244
0 0.554829 0.137062 0.0175809 0.035427 0.556036
0 0.840529 0.662993 0.0132895 0.0239343 0.555279
0 0.394209 0.226295 0.0202464 0.0369238 0.554669
0 0.694108 0.140416 0.0178079 0.0250235 0.552229
0 0.864615 0.79895 0.0137667 0.0216807 0.552172
0 0.643569 0.869399 0.0211171 0.0409509 0.551457
0 0.887735 0.185317 0.0266996 0.0521166 0.550661
0 0.867786 0.607613 0.0140142 0.0217964 0.550449
0 0.639973 0.143336 0.018758 0.0312209 0.548299
0 0.581672 0.412136 0.0234683 0.0341002 0.547682
0 0.774544 0.20111 0.021493 0.0346413 0.546734
0 0.887401 0.670058 0.0145411 0.0185864 0.546685
0 0.634217 0.371459 0.0221361 0.0409895 0.545263
0 0.985705 0.397353 0.0184158 0.0286235 0.545008
0 0.858673 0.579378 0.0128864 0.020656 0.544848
0 0.303394 0.522934 0.0205482 0.0300394 0.544704
0 0.753094 0.204013 0.0180795 0.0285664 0.544125
0 0.87883 0.84144 0.0157173 0.0209149 0.544107
0 0.336398 0.973562 0.0237194 0.0383201 0.542503
0 0.0742813 0.81966 0.0168588 0.0273426 0.542171
0 0.675031 0.250887 0.0173957 0.0314186 0.542098
0 0.946986 0.63035 0.0189325 0.0354446 0.541616
0 0.911316 0.676706 0.0133808 0.0198016 0.541172
0 0.0911665 0.868453 0.0192522 0.0355903 0.538117
0 0.117316 0.823824 0.0173321 0.0295781 0.537614
0 0.872667 0.6994 0.015292 0.0221804 0.535423
0 0.916125 0.444575 0.0119167 0.0265855 0.534135
0 0.235653 0.126469 0.0208927 0.0277693 0.532979
0 0.00457658 0.627141 0.00912257 0.0391856 0.53163
0 0.880617 0.384367 0.0191795 0.0349365 0.531471
0 0.389533 0.533469 0.0199104 0.0318189 0.530772
0 0.823667 0.965671 0.014769 0.0183148 0.529942
0 0.83015 0.126019 0.0234119 0.0376616 0.529252
0 0.163017 0.161921 0.0316074 0.036228 0.52748
0 0.599895 0.103368 0.0127369 0.0260818 0.526231
0 0.138637 0.633018 0.0186848 0.0342957 0.526048
0 0.558021 0.40344 0.017347 0.024408 0.525321
0 0.892653 0.428817 0.019606 0.0272129 0.524461
0 0.520526 0.0965342 0.0158108 0.0287049 0.523483
0 0.0853873 0.796837 0.0155311 0.0285234 0.523288
0 0.377833 0.432658 0.0187454 0.0299895 0.523017
0 0.545396 0.635081 0.0170212 0.0297185 0.522723
0 0.926641 0.359936 0.0118633 0.0268056 0.522528
0 0.857875 0.72947 0.0132694 0.0227409 0.521776
0 0.804256 0.470075 0.016805 0.0333291 0.520237
0 0.764534 0.151695 0.0226523 0.031243 0.51974
0 0.852354 0.943361 0.0124998 0.0212118 0.519594
0 0.282554 0.432873 0.0179642 0.0384886 0.519063
0 0.815181 0.929489 0.0141001 0.0175693 0.518801
0 0.640332 0.0112836 0.022101 0.0216391 0.517208
0 0.108449 0.129317 0.018584 0.0356581 0.516793
0 0.73749 0.577146 0.0174299 0.0317305 0.516693
0 0.6174 0.253504 0.0255613 0.0451059 0.515949
0 0.230533 0.221753 0.0155364 0.0343862 0.51491
0 0.616283 0.29051 0.0207224 0.0265286 0.511607
0 0.347399 0.383471 0.0217631 0.0365672 0.510691
0 0.790693 0.985646 0.013546 0.0228678 0.509204
0 0.813486 0.0799716 0.0174191 0.0278666 0.508656
0 0.989631 0.428524 0.0192636 0.0317852 0.508086
0 0.896794 0.701769 0.0125334 0.020831 0.50699
0 0.366529 0.371356 0.0137161 0.0286855 0.506448
0 0.941371 0.0483596 0.0170246 0.0304905 0.505163
0 0.515729 0.448161 0.0167387 0.0324226 0.504999
0 0.701553 0.323511 0.0170106 0.0287486 0.50483
0 0.920223 0.0246676 0.0170258 0.0299126 0.503477
0 0.256529 0.162908 0.0120263 0.0353332 0.503313
0 0.4536 0.418878 0.0215075 0.0338832 0.503311
0 0.885066 0.764565 0.0126274 0.0204435 0.501858
0 0.92937 0.577545 0.0165576 0.0403302 0.499673
0 0.837168 0.573941 0.0140677 0.0188718 0.498972
0 0.826934 0.89999 0.0123295 0.0179045 0.494524
0 0.432821 0.424322 0.0171799 0.0331785 0.493409
0 0.848589 0.696008 0.0139881 0.0162131 0.493102
0 0.855817 0.149202 0.0187889 0.0352263 0.492664
0 0.890384 0.613093 0.0125111 0.0196184 0.491233
0 0.346089 0.915164 0.0167376 0.0354399 0.490209
0 0.132592 0.0949004 0.0159871 0.0291326 0.489933
0 0.904371 0.729272 0.0115635 0.0167833 0.48968
0 0.843216 0.833914 0.0139656 0.0183358 0.489581
0 0.179586 0.288465 0.0172835 0.0274649 0.489139
0 0.709816 0.466042 0.0170391 0.0350307 0.489015
0 0.792989 0.510154 0.0176819 0.0227353 0.488454
0 0.226503 0.793289 0.0137593 0.0263862 0.487019
0 0.847237 0.913312 0.0130314 0.0203347 0.486531
0 0.568878 0.853879 0.0207544 0.0344862 0.485413
0 0.844898 0.759122 0.014734 0.0188588 0.484615
0 0.326822 0.280296 0.0140839 0.0281044 0.484382
0 0.864917 0.761453 0.0154282 0.0171499 0.48427
0 0.589665 0.521216 0.0200626 0.0343645 0.483552
0 0.92063 0.78569 0.0128143 0.0220864 0.482939
0 0.965061 0.82189 0.0192384 0.0321574 0.481427
0 0.218255 0.919023 0.020857 0.0363593 0.481047
0 0.595334 0.802326 0.022134 0.0340369 0.480483
0 0.327211 0.930559 0.0142357 0.0295329 0.480319
0 0.810513 0.990819 0.0147572 0.0174839 0.479473
0 0.834475 0.939107 0.0127243 0.0174618 0.478726
0 0.35213 0.127126 0.0147096 0.0252362 0.478184
0 0.775473 0.909937 0.0116943 0.0188663 0.477863
0 0.96674 0.102884 0.0144138 0.0229041 0.4774
0 0.065612 0.71594 0.0311561 0.0551371 0.477157
0 0.565143 0.472484 0.0148609 0.0261993 0.476634
0 0.793451 0.134731 0.0213015 0.0365175 0.475141
0 0.316451 0.192899 0.0226663 0.0342624 0.473943
0 0.61081 0.0673736 0.0196552 0.0281262 0.472681
0 0.470227 0.35837 0.0231733 0.0370959 0.471243
0 0.877787 0.108333 0.0209927 0.0324593 0.471158
0 0.840186 0.87221 0.012833 0.0180752 0.469995
0 0.223152 0.26743 0.019367 0.0294134 0.467773
0 0.117153 0.518311 0.0189145 0.0316163 0.465772
0 0.709818 0.682135 0.0167358 0.0272803 0.465342
0 0.796068 0.921378 0.0121449 0.0180108 0.464284
0 0.519461 0.0118824 0.0234106 0.0229282 0.463718
0 0.586213 0.481134 0.0195441 0.0270892 0.463388
0 0.275308 0.9772 0.0226313 0.0365902 0.458073
0 0.878161 0.643849 0.01348 0.0172921 0.456812
0 0.993227 0.344826 0.0135469 0.0301087 0.456531
0 0.821734 0.868081 0.0116554 0.0171631 0.455881
0 0.511289 0.0554183 0.0214381 0.039035 0.454374
0 0.993831 0.482394 0.0123381 0.0294317 0.453925
0 0.00697505 0.770182 0.0139298 0.0426208 0.452649
0 0.669459 0.593481 0.013961 0.0281404 0.452427
0 0.579691 0.183922 0.0195173 0.032714 0.451402
0 0.970575 0.59947 0.0197611 0.0318999 0.450451
0 0.895824 0.51095 0.0150725 0.0259579 0.450395
0 0.460548 0.738344 0.0196896 0.0334138 0.447835
0 0.846294 0.605696 0.0117004 0.0175993 0.445945
0 0.378283 0.908253 0.0157958 0.0323381 0.445468
0 0.725876 0.358685 0.0237904 0.0510092 0.444358
0 0.290838 0.104062 0.0248675 0.048991 0.443862
0 0.686371 0.0426279 0.0242315 0.0476093 0.442497
0 0.913851 0.751188 0.0131967 0.022524 0.442129
0 0.162684 0.431152 0.0280364 0.0485804 0.438803
0 0.328392 0.223541 0.0244353 0.0314279 0.437218
0 0.00871629 0.290113 0.0170273 0.0274326 0.434047
0 0.917439 0.824494 0.0162417 0.0255247 0.432575
0 0.343156 0.662947 0.0238133 0.0326912 0.431052
0 0.642852 0.229995 0.020374 0.0335605 0.42865
0 0.103823 0.791338 0.015776 0.0308923 0.426561
0 0.660316 0.448668 0.0161602 0.0319772 0.425829
0 0.0671127 0.936113 0.0170127 0.0362622 0.424775
0 0.667481 0.31161 0.0162952 0.0249049 0.424598
0 0.809204 0.892643 0.0122288 0.0168176 0.424178
0 0.674784 0.628758 0.0241242 0.0383531 0.422197
0 0.283788 0.176376 0.0301869 0.0500971 0.42111
0 0.289764 0.877055 0.01404 0.0362535 0.420922
0 0.252552 0.380693 0.0297008 0.0403737 0.420128
0 0.767749 0.973606 0.0142206 0.0215034 0.419976
0 0.565255 0.176372 0.0146135 0.027714 0.417595
0 0.93223 0.662584 0.0197731 0.0315857 0.417388
0 0.68657 0.666823 0.014431 0.0279675 0.417296
0 0.419116 0.425133 0.023108 0.0349439 0.412573
0 0.263278 0.799072 0.0204562 0.0383231 0.411777
0 0.843779 0.97158 0.0139191 0.0185099 0.411607
0 0.501883 0.953002 0.0166342 0.0280134 0.408988
0 0.731467 0.128197 0.0185301 0.0319467 0.408044
0 0.680717 0.477799 0.030175 0.0418838 0.402493
0 0.739388 0.755101 0.0232351 0.0361782 0.402327
0 0.715978 0.715384 0.0201027 0.031353 0.401849
0 0.53916 0.0738121 0.024844 0.0419066 0.401766
0 0.211282 0.743658 0.0211187 0.0297815 0.398065
0 0.102811 0.0870489 0.0187293 0.0296823 0.397974
0 0.313622 0.962175 0.0182489 0.0312035 0.397025
0 0.718089 0.6034 0.0191862 0.034688 0.395812
0 0.188163 0.0993281 0.0180707 0.0298935 0.394751
0 0.173958 0.125359 0.0230565 0.0333407 0.394696
0 0.0739686 0.885934 0.0122356 0.0251029 0.392282
0 0.810524 0.84416 0.0117313 0.020352 0.391873
0 0.258299 0.103073 0.02426 0.046681 0.391336
0 0.859641 0.412318 0.0161991 0.0233937 0.390124
0 0.00397453 0.86853 0.00792288 0.0471564 0.389668
0 0.965038 0.754528 0.0206326 0.0340302 0.38912
0 0.723877 0.190155 0.0148155 0.0310298 0.388838
0 0.186066 0.549559 0.0193484 0.0324689 0.388081
0 0.156897 0.579178 0.0151685 0.0298936 0.38716
0 0.138374 0.558897 0.0184066 0.0376135 0.386839
0 0.919425 0.503011 0.0229927 0.0374511 0.386064
0 0.884875 0.801595 0.0175749 0.0216678 0.384374
0 0.618908 0.877323 0.0184275 0.0304484 0.38258
0 0.882597 0.49132 0.0145832 0.0242432 0.382286
0 0.84571 0.796265 0.0146517 0.0172139 0.377782
0 0.398984 0.26649 0.0188781 0.0298366 0.377523
0 0.979066 0.0398997 0.0185804 0.0296246 0.376967
0 0.19339 0.717242 0.019929 0.0329383 0.376149
0 0.230772 0.032756 0.0209142 0.042735 0.374987
0 0.0319773 0.100692 0.0149408 0.0255268 0.374316
0 0.829069 0.541956 0.0123081 0.0172365 0.37196
0 0.800464 0.581133 0.0182608 0.0331063 0.371705
0 0.402333 0.930925 0.0170274 0.0290436 0.370506
0 0.481245 0.438905 0.0212727 0.0371691 0.370271
0 0.175882 0.593628 0.0146612 0.0311303 0.369956
0 0.709889 0.111195 0.0204227 0.0311429 0.369134
0 0.205572 0.0118908 0.0197321 0.0222282 0.368933
0 0.669559 0.072676 0.0166795 0.0244714 0.367312
0 0.892081 0.189306 0.0209862 0.042721 0.367194
0 0.338061 0.759057 0.0232562 0.0354323 0.365373
0 0.935579 0.774749 0.0133333 0.0180308 0.363705
0 0.857964 0.30485 0.017416 0.0353819 0.363086
0 0.184616 0.800739 0.0134233 0.0249027 0.358806
0 0.756537 0.277898 0.017497 0.0406609 0.358626
0 0.592671 0.767988 0.0188135 0.0287366 0.358543
0 0.512633 0.747906 0.0183094 0.035083 0.357367
0 0.0563901 0.804034 0.0139561 0.027995 0.356054
0 0.646651 0.442594 0.0275884 0.0365151 0.354808
0 0.105151 0.84725 0.0135956 0.0170573 0.352006
0 0.174027 0.0105858 0.0246983 0.019994 0.349729
0 0.227666 0.598013 0.0200235 0.0293535 0.346396
0 0.09059 0.48201 0.0183012 0.0298525 0.344212
0 0.50372 0.694201 0.016925 0.0328402 0.343059
0 0.806403 0.322984 0.0189566 0.029887 0.341134
0 0.194096 0.985203 0.0187125 0.0284676 0.340764
0 0.782887 0.947963 0.0111561 0.0168019 0.340136
0 0.428684 0.424593 0.0255522 0.0357052 0.339076
0 0.731615 0.655819 0.0139961 0.0287041 0.337582
0 0.761103 0.940969 0.0113063 0.0190866 0.336532
0 0.375601 0.0108335 0.0298825 0.0214502 0.336234
0 0.099269 0.218729 0.018771 0.0279029 0.335854
0 0.749331 0.129404 0.0154875 0.0296561 0.335256
0 0.667846 0.188834 0.015807 0.0290145 0.333673
0 0.850614 0.545237 0.0112423 0.0176422 0.332098
0 0.824432 0.0525159 0.020776 0.0351404 0.331294
0 0.160257 0.0399228 0.014874 0.0272079 0.328047
0 0.24082 0.535531 0.0162663 0.0257924 0.32541
0 0.538315 0.490572 0.0183486 0.034151 0.321424
0 0.987764 0.808758 0.0227236 0.0380371 0.320401
0 0.971874 0.444312 0.0147888 0.022439 0.319322
0 0.583355 0.48053 0.0164453 0.0265894 0.31523
0 0.378862 0.621333 0.0202821 0.0223437 0.313219
0 0.991598 0.0847163 0.0161421 0.0247902 0.311973
0 0.36269 0.965027 0.0199073 0.0285736 0.31019
0 0.638796 0.107602 0.0131118 0.0264812 0.309931
0 0.946621 0.840508 0.0125715 0.0182583 0.307421
0 0.987238 0.94653 0.0255245 0.0508056 0.307184
0 0.847761 0.349177 0.0122509 0.0275509 0.306813
0 0.712329 0.771943 0.0190904 0.0374627 0.305443
0 0.417773 0.869526 0.0194914 0.0329383 0.30348
0 0.585537 0.446473 0.0233439 0.0320318 0.302774
0 0.5911 0.0644629 0.0148893 0.029786 0.302163
0 0.912361 0.231945 0.0187836 0.0282977 0.300546
0 0.0976602 0.299224 0.0210023 0.0417658 0.298577
0 0.79874 0.869077 0.0119592 0.0188805 0.296082
0 0.306292 0.384593 0.0183499 0.0293541 0.295279
0 0.781901 0.844827 0.0149103 0.0183747 0.295215
0 0.618941 0.776848 0.0162806 0.0307064 0.293819
0 0.881089 0.581672 0.0138802 0.0168737 0.293373
0 0.0320996 0.880213 0.0255024 0.0432017 0.292537
0 0.0615196 0.263817 0.0212948 0.0356326 0.292279
0 0.336856 0.321306 0.0160022 0.0287691 0.288034
0 0.989835 0.896685 0.0203303 0.0370514 0.28603
0 0.212255 0.299401 0.0188843 0.0354448 0.285561
0 0.477913 0.709629 0.0212214 0.0284 0.282784
0 0.592932 0.483938 0.0193537 0.028667 0.281151
0 0.483915 0.38302 0.0208387 0.0383783 0.280962
0 0.555175 0.442777 0.0187799 0.0306929 0.279636
0 0.278454 0.879021 0.0199982 0.032844 0.277628
0 0.361057 0.916764 0.018101 0.0459003 0.277293
0 0.959072 0.00998003 0.0204521 0.0198412 0.276668
0 0.962667 0.872023 0.0160927 0.0222198 0.275772
0 0.20212 0.559118 0.0135272 0.0238205 0.275085
0 0.341371 0.755397 0.0308225 0.042139 0.27459
0 0.863729 0.878751 0.0151615 0.0220867 0.273532
0 0.655573 0.155424 0.0112573 0.0280503 0.272317
0 0.0908442 0.967155 0.0184143 0.0305474 0.271637
0 0.1371 0.0542253 0.0160295 0.025921 0.271572
0 0.736361 0.618908 0.0162477 0.0233381 0.271348
0 0.875322 0.330982 0.0172661 0.0251879 0.268663
0 0.205141 0.812442 0.0152163 0.0244849 0.268252
0 0.726995 0.78548 0.01718 0.0276564 0.267163
0 0.215317 0.677987 0.018505 0.0326421 0.265771
0 0.994277 0.985161 0.011445 0.0284865 0.265448
0 0.632859 0.817217 0.0178661 0.0254581 0.264746
0 0.793963 0.250156 0.017556 0.0284113 0.264204
0 0.836779 0.0357585 0.0191193 0.0317755 0.263034
0 0.484794 0.819823 0.021147 0.0275107 0.262884
0 0.293131 0.152763 0.018065 0.0284171 0.26078
0 0.794119 0.423586 0.0171221 0.0275363 0.260206
0 0.594203 0.0258343 0.0162647 0.026399 0.259831
0 0.27159 0.837671 0.0174202 0.0275374 0.259737
0 0.764004 0.110347 0.0139004 0.0246913 0.258737
0 0.989246 0.13317 0.0184052 0.0316581 0.258701
0 0.503176 0.607862 0.021875 0.0333377 0.255918
0 0.10484 0.529249 0.0187645 0.0293577 0.255488
0 0.296321 0.943559 0.0179777 0.0269484 0.255457
0 0.19997 0.27886 0.0170047 0.0300631 0.254916
0 0.722577 0.947928 0.0206086 0.0333841 0.253564
0 0.301698 0.77056 0.022661 0.0321332 0.252657
0 0.97109 0.992014 0.016611 0.0150987 0.252281
