0 0.0152993 0.277559 0.0251031 0.0376127 0.692539
0 0.0544188 0.055092 0.0223281 0.0310399 0.685543
0 0.152763 0.401648 0.0256639 0.0404043 0.684415
0 0.174526 0.683782 0.0335712 0.0478113 0.683934
0 0.174047 0.314152 0.0307325 0.0524813 0.681648
0 0.0194166 0.0527576 0.0235134 0.0361353 0.678216
0 0.186525 0.158443 0.0297567 0.0513879 0.67373
0 0.705377 0.720378 0.0372789 0.0534815 0.668993
0 0.977732 0.32473 0.0283403 0.0502566 0.666412
0 0.939335 0.343943 0.0250389 0.0406029 0.663002
0 0.0786471 0.0739958 0.022645 0.0332983 0.659252
0 0.958761 0.229246 0.0274326 0.0539002 0.657045
0 0.174979 0.457978 0.0238868 0.0391137 0.656954
0 0.371367 0.260056 0.0350395 0.0572221 0.656814
0 0.227453 0.40863 0.0276359 0.0454369 0.654818
0 0.822388 0.367305 0.0252567 0.0391132 0.651554
0 0.0420107 0.698691 0.0224261 0.0361248 0.651197
0 0.0497114 0.262 0.0316136 0.0444249 0.647563
0 0.199125 0.882635 0.0271178 0.0472148 0.646655
0 0.115473 0.0137194 0.0264616 0.0274389 0.646078
0 0.132374 0.597445 0.043278 0.0537211 0.642751
0 0.9294 0.294968 0.0249119 0.0370508 0.63956
0 0.776032 0.822082 0.0259586 0.0349542 0.635421
0 0.948725 0.179286 0.0268681 0.0490611 0.623898
0 0.79252 0.792918 0.0280427 0.0411257 0.622559
0 0.529573 0.763962 0.0422909 0.0623172 0.617499
0 0.696556 0.896927 0.0239484 0.0368805 0.616393
0 0.156103 0.139872 0.0224526 0.038146 0.615916
0 0.203843 0.0205773 0.0244035 0.0386307 0.614243
0 0.79484 0.979517 0.0219849 0.0358539 0.612584
0 0.0564888 0.0906421 0.0205604 0.0301669 0.611804
0 0.848609 0.105823 0.0142792 0.0224609 0.611049
0 0.288574 0.457523 0.0180091 0.0308251 0.609704
0 0.83229 0.113384 0.0125954 0.020309 0.608545
0 0.770787 0.962158 0.0182299 0.0302565 0.608342
0 0.213609 0.164883 0.0227075 0.0455528 0.604553
0 0.742272 0.944678 0.0228668 0.0354296 0.604313
0 0.86674 0.178861 0.0115738 0.0201324 0.604003
0 0.935476 0.404758 0.0236065 0.0385679 0.603406
0 0.118605 0.347508 0.0221751 0.0400113 0.601294
0 0.860463 0.129607 0.0135902 0.020319 0.596581
0 0.0870184 0.275172 0.0286461 0.0471968 0.595922
0 0.876802 0.120881 0.0140331 0.0223099 0.593599
0 0.244151 0.80876 0.0195891 0.032715 0.591742
0 0.512936 0.143215 0.030711 0.0481989 0.589351
0 0.201535 0.322225 0.0171414 0.0268989 0.588633
0 0.854636 0.0763354 0.0132951 0.0215779 0.585068
0 0.760438 0.143645 0.0157988 0.0238526 0.581495
0 0.0339042 0.469339 0.0205088 0.0302166 0.580519
0 0.854114 0.333911 0.0308674 0.0451443 0.579776
0 0.827185 0.142525 0.0126236 0.0220658 0.579529
0 0.850001 0.186255 0.0119713 0.0202673 0.578511
0 0.205291 0.272034 0.0185266 0.0283602 0.576212
0 0.803363 0.744912 0.0356293 0.0597477 0.574626
0 0.814858 0.120079 0.0128066 0.0196079 0.573669
0 0.878835 0.201066 0.0123531 0.0210057 0.572729
0 0.0845393 0.0181353 0.0203148 0.0306464 0.567286
0 0.842118 0.0536662 0.0131714 0.0198562 0.564719
0 0.890664 0.223626 0.011916 0.01955 0.564485
0 0.865729 0.0976909 0.011668 0.0187188 0.564299
0 0.888334 0.142437 0.0119623 0.0190017 0.561318
0 0.692284 0.0101032 0.0162979 0.0188374 0.560575
0 0.255527 0.659619 0.0437308 0.0616226 0.557394
0 0.980261 0.714405 0.021504 0.0366608 0.555987
0 0.873307 0.231217 0.0132465 0.0197806 0.555851
0 0.968315 0.675704 0.026556 0.0452877 0.555672
0 0.12096 0.122374 0.0181489 0.0315053 0.554978
0 0.86035 0.552046 0.0185771 0.0318227 0.553614
0 0.279437 0.268733 0.0191051 0.0234184 0.553237
0 0.860337 0.485941 0.0289566 0.036634 0.549184
0 0.846118 0.669306 0.0163746 0.0256214 0.548406
0 0.911013 0.110199 0.0130683 0.0202074 0.548007
0 0.0926312 0.571742 0.0200481 0.0342834 0.544449
0 0.804235 0.409844 0.0215256 0.0376458 0.542169
0 0.913215 0.18789 0.0148523 0.0220854 0.532038
0 0.887795 0.0653758 0.0126774 0.0184201 0.531881
0 0.839361 0.214279 0.0186905 0.0226703 0.531688
0 0.882535 0.883372 0.0209686 0.0371558 0.528853
0 0.906315 0.13812 0.0117924 0.0213446 0.527411
0 0.861554 0.207823 0.0118954 0.0196934 0.525835
0 0.202824 0.232732 0.0171675 0.0256478 0.525301
0 0.844234 0.13376 0.0127544 0.018142 0.525117
0 0.710288 0.0246863 0.0136187 0.0232721 0.520963
0 0.6586 0.0222544 0.0153483 0.0226629 0.51884
0 0.0467567 0.301598 0.0202614 0.0269433 0.51762
0 0.348633 0.511806 0.0176664 0.0304405 0.514974
0 0.898657 0.0855618 0.0132938 0.0188292 0.512522
0 0.870669 0.069717 0.012282 0.0203444 0.511099
0 0.885461 0.252025 0.0125172 0.0211929 0.509818
0 0.697886 0.0450712 0.014087 0.0210654 0.509214
0 0.900587 0.163682 0.0119026 0.019818 0.508821
0 0.835391 0.0852641 0.0130291 0.0202181 0.506003
0 0.858812 0.0484219 0.0138577 0.0213498 0.505882
0 0.853069 0.247095 0.0231171 0.0368249 0.505522
0 0.347663 0.0761783 0.0196392 0.0340893 0.505332
0 0.176527 0.218353 0.0274327 0.0601749 0.503678
0 0.109743 0.216167 0.0207631 0.0307181 0.50135
0 0.0686722 0.145247 0.015702 0.0318537 0.500619
0 0.844315 0.454579 0.0204033 0.0333347 0.496926
0 0.893728 0.115483 0.0127804 0.0204912 0.496667
0 0.934654 0.474269 0.0144265 0.0226023 0.494737
0 0.882062 0.0934931 0.0124474 0.020243 0.490735
0 0.883635 0.171665 0.0124001 0.0198563 0.489657
0 0.863886 0.921158 0.0165932 0.0258664 0.487348
0 0.983365 0.617543 0.0301067 0.0564984 0.484666
0 0.328451 0.200756 0.0283442 0.0346886 0.484645
0 0.878573 0.613508 0.0199333 0.0274744 0.48019
0 0.815823 0.614366 0.0171581 0.0304359 0.478563
0 0.899303 0.489348 0.0148079 0.0215004 0.474032
0 0.0778325 0.986023 0.0229444 0.0275757 0.47237
0 0.803313 0.099199 0.0138968 0.0194141 0.469686
0 0.0774886 0.10573 0.0182783 0.0286362 0.469228
0 0.854474 0.158711 0.0122154 0.0178037 0.465681
0 0.775001 0.214814 0.0174906 0.0242243 0.463736
0 0.721618 0.117566 0.0138548 0.0221514 0.462148
0 0.152116 0.221855 0.0191495 0.0369138 0.46119
0 0.846772 0.287007 0.0163078 0.0262221 0.459924
0 0.921704 0.490722 0.0152309 0.022056 0.459552
0 0.728353 0.857124 0.0445975 0.0495924 0.457695
0 0.0688341 0.415024 0.0244587 0.0331573 0.448333
0 0.630135 0.956533 0.0271393 0.0510043 0.446062
0 0.750861 0.0405698 0.0138512 0.023154 0.440969
0 0.877901 0.415658 0.012114 0.0220593 0.440074
0 0.0966908 0.306311 0.0262046 0.0380001 0.439478
0 0.51672 0.561733 0.0193468 0.0321768 0.43705
0 0.917592 0.159246 0.0121082 0.02125 0.436938
0 0.0586484 0.0143484 0.0181698 0.0283065 0.434776
0 0.838808 0.165041 0.0106818 0.0186799 0.424842
0 0.645542 0.736763 0.0362263 0.0527001 0.423104
0 0.786138 0.103851 0.013678 0.0216369 0.422585
0 0.874987 0.0404851 0.013282 0.023572 0.419319
0 0.826613 0.187839 0.0197212 0.0261073 0.412162
0 0.959398 0.426324 0.0130072 0.0215509 0.411494
0 0.418233 0.620765 0.0166106 0.0243572 0.40865
0 0.896077 0.195179 0.0127393 0.0184229 0.40304
0 0.192439 0.403679 0.0282513 0.0608831 0.40225
0 0.970864 0.982866 0.0229546 0.0336225 0.401603
0 0.31955 0.387272 0.01917 0.0302344 0.399311
0 0.224339 0.341376 0.022391 0.0384749 0.399059
0 0.67291 0.395785 0.0191361 0.0285882 0.398468
0 0.751189 0.202192 0.0157852 0.0280567 0.395596
0 0.133428 0.214032 0.0182402 0.0317824 0.392836
0 0.914824 0.0809832 0.0125624 0.019519 0.390837
0 0.903778 0.0597621 0.0115168 0.0192997 0.388762
0 0.820132 0.0896226 0.0118559 0.0180358 0.388278
0 0.976665 0.411817 0.0138401 0.0212504 0.386643
0 0.981454 0.466104 0.0129967 0.0188375 0.382755
0 0.249883 0.844757 0.0149131 0.0246253 0.382722
0 0.766652 0.989551 0.0157544 0.0198581 0.379839
0 0.727246 0.0953045 0.0152273 0.0210247 0.378438
0 0.640554 0.775801 0.0214928 0.0297706 0.372853
0 0.792314 0.0769417 0.0137254 0.020787 0.372767
0 0.677471 0.0252409 0.0128366 0.0192434 0.369434
0 0.196798 0.790095 0.0163209 0.0279232 0.3656
0 0.785577 0.0247467 0.0137117 0.0230757 0.365504
0 0.768217 0.174141 0.0173692 0.0270737 0.36525
0 0.473572 0.628042 0.0147558 0.0223623 0.363331
0 0.805156 0.232085 0.0157284 0.0264911 0.360517
0 0.512478 0.984099 0.0288597 0.0316931 0.355989
0 0.194989 0.395982 0.0327508 0.0774005 0.349688
0 0.0784507 0.176627 0.0226795 0.0338254 0.345684
0 0.706754 0.0937197 0.0159588 0.0250602 0.344115
0 0.738565 0.129232 0.0184086 0.0294081 0.338871
0 0.10158 0.363793 0.0184711 0.0304879 0.335346
0 0.923592 0.131737 0.013575 0.0195415 0.321692
0 0.785018 0.194372 0.0127249 0.0172267 0.317
0 0.298931 0.434318 0.0171257 0.0189616 0.312903
0 0.962543 0.360547 0.0184622 0.0217555 0.312708
0 0.300363 0.385838 0.0147198 0.023491 0.312201
0 0.716232 0.864781 0.0202767 0.0290925 0.310851
0 0.0391744 0.974116 0.0365239 0.0497054 0.310596
0 0.930245 0.0755544 0.0137412 0.0230337 0.306419
0 0.496697 0.0115068 0.050771 0.0224499 0.305941
0 0.102046 0.74085 0.0162249 0.0257358 0.301164
0 0.768306 0.0306574 0.0145829 0.0229303 0.300356
0 0.708832 0.132094 0.013888 0.0232778 0.297754
0 0.794022 0.653256 0.0416758 0.0752761 0.297454
0 0.991503 0.959856 0.0169601 0.0340739 0.294202
0 0.912775 0.336342 0.0204803 0.029579 0.293741
0 0.653684 0.949213 0.0184709 0.0258929 0.288442
0 0.96083 0.510601 0.0158096 0.0249699 0.286622
0 0.993679 0.484763 0.0126411 0.020193 0.285891
0 0.0745478 0.810589 0.0164426 0.0272834 0.279599
0 0.902771 0.244203 0.0114368 0.0184657 0.277024
0 0.8074 0.149811 0.0147478 0.0156083 0.276714
0 0.877182 0.541265 0.012936 0.0257461 0.274599
0 0.933021 0.544756 0.0153305 0.0278455 0.271659
0 0.0104142 0.463545 0.02021 0.0458155 0.270522
0 0.650424 0.738657 0.0273857 0.0482069 0.268752
0 0.300425 0.431637 0.0171864 0.0196079 0.268511
0 0.888929 0.929378 0.0229515 0.0397488 0.266771
0 0.311489 0.361197 0.014359 0.023495 0.266201
0 0.664465 0.311396 0.0151627 0.0252591 0.266038
0 0.175695 0.232529 0.0232142 0.0340891 0.261322
0 0.996894 0.69985 0.00621128 0.0376651 0.255869
0 0.721867 0.863137 0.0312195 0.0356574 0.254123
0 0.762721 0.0613266 0.0116558 0.0190847 0.253949
0 0.866555 0.656252 0.0225697 0.0347263 0.253602
0 0.0490482 0.152216 0.01774 0.0299141 0.252366
0 0.735179 0.857706 0.031226 0.0503696 0.252175
0 0.415628 0.58844 0.0158923 0.0249162 0.251769
