0 0.86134 0.457278 0.0179098 0.0313128 0.695342
0 0.932007 0.241697 0.0301144 0.0438496 0.690594
0 0.874033 0.595747 0.0227772 0.0481982 0.671382
0 0.964624 0.258556 0.0248514 0.0427911 0.667011
0 0.762159 0.593438 0.0267969 0.0445123 0.666402
0 0.941171 0.290438 0.0266137 0.0413723 0.664237
0 0.889598 0.491177 0.0225033 0.0452322 0.652492
0 0.772637 0.648522 0.0209379 0.0412521 0.650399
0 0.931389 0.66186 0.0180808 0.0374193 0.649244
0 0.980273 0.627804 0.0226509 0.0424835 0.645309
0 0.904578 0.285653 0.0276711 0.0464062 0.631338
0 0.902218 0.805389 0.0246002 0.0494463 0.629636
0 0.880278 0.74012 0.0205032 0.0371643 0.629535
0 0.891041 0.39688 0.0206615 0.030494 0.622069
0 0.769665 0.69457 0.01917 0.0358371 0.619886
0 0.821145 0.611808 0.0201653 0.0345413 0.611383
0 0.631524 0.764075 0.0193993 0.0347165 0.611008
0 0.945016 0.476762 0.0187202 0.0354111 0.605439
0 0.926833 0.768345 0.0148076 0.0322927 0.601298
0 0.957359 0.730732 0.015485 0.0319199 0.588142
0 0.964566 0.463681 0.0151966 0.0284385 0.58759
0 0.72438 0.939362 0.0192917 0.0370425 0.58713
0 0.714859 0.880886 0.0135206 0.0267707 0.578641
0 0.718287 0.5853 0.0142036 0.0267792 0.572918
0 0.661982 0.794783 0.0229647 0.0377482 0.571133
0 0.989615 0.0198098 0.0204873 0.0374599 0.569541
0 0.624057 0.816723 0.0211889 0.0412011 0.559482
0 0.689361 0.342353 0.0258017 0.0470585 0.557945
0 0.737068 0.57823 0.0179499 0.0265761 0.552419
0 0.849499 0.606709 0.0226292 0.0380749 0.551141
0 0.904786 0.948332 0.0197872 0.0341587 0.543457
0 0.743461 0.639053 0.0166777 0.0300908 0.54135
0 0.940735 0.418073 0.0156282 0.0256185 0.537447
0 0.944883 0.885349 0.0188927 0.0364017 0.533865
0 0.890009 0.552002 0.0228807 0.0378225 0.526831
0 0.864818 0.498257 0.0189774 0.0385189 0.526462
0 0.982277 0.541553 0.0202042 0.0356709 0.526413
0 0.929518 0.821941 0.0195505 0.0321381 0.525347
0 0.936796 0.697596 0.0159424 0.0292564 0.525066
0 0.960689 0.548927 0.00975227 0.0396159 0.524853
0 0.891511 0.216606 0.0245089 0.0395382 0.522266
0 0.856085 0.732179 0.0182678 0.031896 0.521164
0 0.613345 0.850129 0.0168453 0.0341705 0.51908
0 0.817205 0.676942 0.0166016 0.0379035 0.517981
0 0.793381 0.505575 0.015023 0.0221781 0.511982
0 0.675528 0.389647 0.0253871 0.0492457 0.510141
0 0.827673 0.438379 0.0142029 0.0236525 0.509036
0 0.915674 0.596338 0.0169491 0.0345617 0.504842
0 0.851946 0.311373 0.0174921 0.0271196 0.504401
0 0.942832 0.512581 0.0167322 0.0324063 0.499759
0 0.924106 0.417941 0.0137722 0.0237421 0.491766
0 0.82709 0.382581 0.0146507 0.0228767 0.477594
0 0.791197 0.627711 0.0139907 0.0240461 0.476749
0 0.686139 0.738569 0.0303501 0.0501489 0.473558
0 0.845012 0.424243 0.0196662 0.0334388 0.47077
0 0.842488 0.485682 0.0204411 0.0298087 0.468662
0 0.97008 0.349535 0.0186348 0.033073 0.462068
0 0.728355 0.864158 0.0150461 0.0262299 0.460032
0 0.822037 0.263641 0.0199966 0.0363444 0.45699
0 0.963659 0.219932 0.0173676 0.0189793 0.452913
0 0.974837 0.395729 0.0194859 0.0379664 0.449383
0 0.993156 0.495556 0.0136877 0.0315967 0.448905
0 0.88539 0.941511 0.0170322 0.0275635 0.443368
0 0.823748 0.729122 0.0139938 0.0261943 0.43992
0 0.691188 0.631197 0.0176962 0.0289416 0.437848
0 0.785179 0.885022 0.0150347 0.0253748 0.437172
0 0.817716 0.509112 0.0191097 0.0259258 0.43367
0 0.99304 0.195908 0.0139205 0.0319082 0.432415
0 0.696596 0.863868 0.0197402 0.0304782 0.429557
0 0.859082 0.935825 0.0182396 0.0321147 0.425002
0 0.963133 0.662873 0.0168842 0.0383308 0.424563
0 0.848182 0.52065 0.0187866 0.0258088 0.419434
0 0.786563 0.263887 0.0203262 0.0375288 0.418325
0 0.930348 0.858646 0.0202545 0.0315999 0.413781
0 0.776899 0.981254 0.0133409 0.0329138 0.411493
0 0.691874 0.531119 0.0250727 0.0422789 0.402142
0 0.717527 0.780909 0.0190939 0.0331333 0.397888
0 0.902893 0.664651 0.017662 0.0374699 0.396271
0 0.759337 0.896678 0.019018 0.0344499 0.395459
0 0.919484 0.524606 0.0266968 0.045972 0.394666
0 0.964225 0.820166 0.0134361 0.0262492 0.383537
0 0.991478 0.249808 0.017045 0.034067 0.376432
0 0.966205 0.702675 0.0129353 0.0201753 0.376045
0 0.888199 0.904961 0.0135742 0.0302486 0.374115
0 0.881805 0.241176 0.0176117 0.027258 0.372706
0 0.806476 0.570552 0.021116 0.020025 0.368445
0 0.702337 0.900673 0.0165268 0.0308007 0.367744
0 0.99224 0.842157 0.015237 0.0319139 0.367247
0 0.71803 0.310691 0.0235174 0.0425851 0.361983
0 0.739948 0.878441 0.0128262 0.0250958 0.357734
0 0.836511 0.687745 0.0155251 0.0223608 0.357091
0 0.985392 0.464116 0.0175877 0.0287252 0.348033
0 0.783506 0.194218 0.0177453 0.0329214 0.347672
0 0.854577 0.555847 0.0145976 0.0342541 0.346006
0 0.916006 0.696801 0.014658 0.0306113 0.326519
0 0.840145 0.753472 0.0148655 0.0243703 0.319667
0 0.968589 0.182918 0.015143 0.0239361 0.312216
0 0.796264 0.688483 0.0159294 0.0316769 0.30579
0 0.632454 0.42214 0.0170494 0.0330442 0.303932
0 0.778787 0.782076 0.0204156 0.0355937 0.301422
0 0.91349 0.697114 0.0194534 0.0326853 0.300042
0 0.959943 0.851781 0.017985 0.0269769 0.294461
0 0.699261 0.78928 0.01822 0.0301246 0.294189
0 0.548572 0.601634 0.0292603 0.0570511 0.293699
0 0.739414 0.398766 0.0232498 0.0393227 0.291892
0 0.839563 0.552695 0.0211769 0.0395452 0.291032
0 0.95587 0.76892 0.016737 0.0307943 0.287898
0 0.90194 0.88295 0.0118855 0.0282945 0.287599
0 0.844174 0.266946 0.0219795 0.0491186 0.285707
0 0.912623 0.595429 0.0225121 0.0363895 0.285704
0 0.746492 0.553298 0.014954 0.0244587 0.283816
0 0.746639 0.698605 0.0167387 0.0261004 0.281971
0 0.970735 0.513651 0.0145111 0.0181065 0.280772
0 0.980272 0.719848 0.017392 0.031374 0.280586
0 0.945336 0.581551 0.0242599 0.0317288 0.278445
0 0.729517 0.615512 0.0145624 0.0153146 0.275911
0 0.968907 0.394633 0.0292458 0.0400371 0.274915
0 0.892751 0.596563 0.00996043 0.0292687 0.272263
0 0.803051 0.178003 0.016189 0.0295025 0.271611
0 0.738045 0.285201 0.0223283 0.0392835 0.270434
0 0.681031 0.668654 0.0172454 0.0323704 0.26819
0 0.767317 0.532559 0.0105776 0.02323 0.267459
0 0.948376 0.812687 0.0115358 0.0294434 0.26412
0 0.844353 0.553667 0.0298807 0.0391061 0.260648
0 0.677455 0.395297 0.022487 0.0428561 0.260493
0 0.767147 0.31224 0.0315496 0.0373689 0.25964
0 0.991019 0.883746 0.0169765 0.0338989 0.25754
0 0.785317 0.574984 0.0153912 0.0291052 0.256513
0 0.916771 0.336892 0.0180337 0.0236445 0.253929
0 0.772839 0.945914 0.0147542 0.0298308 0.251416
