0 0.625815 0.30095 0.020393 0.0352628 0.706074
0 0.954468 0.420867 0.0259384 0.042249 0.69368
0 0.242941 0.865265 0.0272506 0.039271 0.690965
0 0.366291 0.744854 0.0219362 0.0363312 0.687776
0 0.378301 0.33565 0.0213668 0.0431128 0.68575
0 0.417677 0.10027 0.0204983 0.0288213 0.683512
0 0.382025 0.386723 0.021123 0.032321 0.679638
0 0.438041 0.738726 0.0248169 0.0467678 0.679398
0 0.516351 0.22178 0.0290121 0.0437802 0.675265
0 0.101949 0.401217 0.0215919 0.0442561 0.674452
0 0.286887 0.779397 0.0196765 0.0278873 0.67385
0 0.973368 0.484338 0.0271626 0.0455153 0.669089
0 0.665218 0.264784 0.0233984 0.0414074 0.665179
0 0.501278 0.732027 0.0174665 0.0302702 0.664223
0 0.550938 0.208931 0.0300046 0.0457562 0.663971
0 0.859165 0.428206 0.0288795 0.0485891 0.663449
0 0.434927 0.0207273 0.0246424 0.0393655 0.662695
0 0.649996 0.302382 0.0165174 0.0295463 0.659565
0 0.340156 0.783563 0.0213958 0.0354256 0.659365
0 0.595063 0.224578 0.0210512 0.0395919 0.657495
0 0.901832 0.0928685 0.021817 0.0332004 0.657274
0 0.270532 0.880818 0.0216073 0.0366816 0.656557
0 0.593373 0.18344 0.0220873 0.0319427 0.655898
0 0.291611 0.733539 0.0201863 0.037424 0.654338
0 0.590062 0.506298 0.017846 0.0292779 0.652609
0 0.908018 0.558366 0.0180939 0.0317864 0.6502
0 0.314198 0.802048 0.0214784 0.0340444 0.649384
0 0.599715 0.700443 0.0195246 0.0294352 0.648424
0 0.767342 0.299242 0.0187708 0.0364466 0.645022
0 0.407061 0.707719 0.0198565 0.0333905 0.64407
0 0.392 0.475152 0.0201266 0.0352815 0.643875
0 0.263353 0.693858 0.0240908 0.0416368 0.641708
0 0.344729 0.950337 0.0235645 0.0348365 0.638205
0 0.420786 0.49572 0.0249643 0.0360701 0.637929
0 0.507959 0.416874 0.0203136 0.0409649 0.636742
0 0.319816 0.071473 0.0214943 0.0390701 0.635918
0 0.589067 0.436547 0.0182673 0.0341588 0.635179
0 0.525443 0.7986 0.018326 0.0291334 0.634384
0 0.134649 0.104663 0.0288332 0.0496622 0.633284
0 0.809146 0.890849 0.0196125 0.034435 0.632376
0 0.124018 0.928571 0.0202796 0.0362325 0.631479
0 0.648843 0.627894 0.0190907 0.0318983 0.631316
0 0.506519 0.184382 0.0218073 0.0338152 0.630689
0 0.0994123 0.886523 0.0183853 0.0347195 0.628267
0 0.801295 0.145842 0.0161631 0.0278433 0.626989
0 0.351852 0.850053 0.0189327 0.031595 0.624523
0 0.541174 0.567793 0.0180024 0.0344984 0.624266
0 0.0348199 0.269484 0.0232513 0.0353287 0.623105
0 0.287014 0.501659 0.0285613 0.0526706 0.621873
0 0.680462 0.562004 0.0240573 0.0414117 0.621617
0 0.630551 0.721515 0.0160752 0.0378508 0.621218
0 0.805243 0.948166 0.0174664 0.0311655 0.620152
0 0.432953 0.860158 0.0173199 0.030589 0.618569
0 0.407218 0.836099 0.0202392 0.0324365 0.618511
0 0.803532 0.316199 0.0156783 0.0326396 0.6182
0 0.531987 0.739529 0.0259556 0.0397997 0.617494
0 0.581509 0.919281 0.0162372 0.0304569 0.616746
0 0.455477 0.852692 0.0217081 0.0354835 0.613764
0 0.406451 0.908998 0.0218477 0.0380707 0.610629
0 0.471017 0.590188 0.0160667 0.0272302 0.609903
0 0.54012 0.29876 0.0173035 0.0262287 0.60832
0 0.416538 0.449008 0.0184871 0.039357 0.606262
0 0.969485 0.565161 0.0228716 0.0293448 0.604855
0 0.516921 0.894374 0.0195887 0.0325898 0.604833
0 0.888236 0.175674 0.0175673 0.0294451 0.602126
0 0.894104 0.305791 0.0194466 0.0317815 0.600268
0 0.877943 0.690524 0.0231785 0.0447834 0.599918
0 0.388397 0.231735 0.0219093 0.032976 0.599483
0 0.834979 0.191576 0.014931 0.0255993 0.598486
0 0.621691 0.79092 0.0165066 0.0272376 0.59836
0 0.979627 0.530326 0.0180236 0.0325005 0.598171
0 0.558157 0.503212 0.0154968 0.0322306 0.596417
0 0.845293 0.130997 0.013303 0.0245701 0.596108
0 0.392293 0.750615 0.0193019 0.0340989 0.595635
0 0.0389046 0.217871 0.0190428 0.0424537 0.594628
0 0.195849 0.77311 0.0274684 0.0539924 0.589614
0 0.383773 0.651458 0.0181728 0.0322155 0.588539
0 0.312317 0.901698 0.0216906 0.0313538 0.587856
0 0.493736 0.151408 0.0223372 0.0421239 0.58704
0 0.927766 0.129073 0.0163264 0.0246613 0.586456
0 0.703578 0.219642 0.0211493 0.0320231 0.584913
0 0.835613 0.102508 0.0207569 0.0341686 0.584724
0 0.606861 0.560307 0.0150536 0.0308646 0.584451
0 0.564871 0.94037 0.0161905 0.0318864 0.583989
0 0.918143 0.75478 0.0134613 0.0255534 0.579003
0 0.731098 0.304025 0.0187866 0.029643 0.578667
0 0.385484 0.703204 0.0182357 0.0339491 0.577647
0 0.548506 0.673011 0.0162567 0.0279239 0.576704
0 0.166214 0.118113 0.0235734 0.0512647 0.576223
0 0.823694 0.843563 0.0203007 0.0305986 0.574933
0 0.0176261 0.967681 0.0172985 0.0289195 0.572979
0 0.0982848 0.100257 0.0193142 0.0343259 0.572438
0 0.0327 0.0283411 0.0174173 0.0293766 0.571123
0 0.963967 0.907562 0.0171333 0.031346 0.5701
0 0.393795 0.27553 0.0165681 0.0320335 0.568622
0 0.449191 0.592962 0.013337 0.0286279 0.568532
0 0.57849 0.680205 0.0222258 0.0390947 0.567581
0 0.787401 0.0682062 0.021814 0.02769 0.56618
0 0.833599 0.275895 0.0162325 0.031064 0.566007
0 0.475036 0.263274 0.0222898 0.0469623 0.56579
0 0.616044 0.4153 0.020433 0.0249966 0.565485
0 0.599926 0.745486 0.0158909 0.0300117 0.564899
0 0.504256 0.626907 0.0304325 0.0493571 0.563771
0 0.631795 0.367919 0.0168498 0.0342457 0.561944
0 0.954405 0.720808 0.0217953 0.0372765 0.561876
0 0.978131 0.119933 0.0239666 0.0380877 0.559484
0 0.94585 0.855475 0.0126638 0.0273126 0.553858
0 0.519621 0.988269 0.0203628 0.0223563 0.552447
0 0.555407 0.782188 0.0164557 0.031525 0.552294
0 0.654122 0.359698 0.0161065 0.0265522 0.551616
0 0.765718 0.255367 0.0174137 0.0287123 0.551241
0 0.720013 0.427645 0.012225 0.0314073 0.550781
0 0.660884 0.77769 0.0216797 0.0420086 0.550125
0 0.40505 0.395045 0.0157403 0.0279883 0.549807
0 0.548746 0.464104 0.0190023 0.0289045 0.54923
0 0.0108345 0.266546 0.0212169 0.0374335 0.548628
0 0.399922 0.434008 0.014069 0.0292499 0.547844
0 0.439455 0.375575 0.0197689 0.0323112 0.546927
0 0.904098 0.778627 0.0212772 0.0348616 0.546272
0 0.656294 0.0427384 0.0286188 0.0372226 0.54621
0 0.74737 0.324192 0.0183302 0.0319691 0.54568
0 0.00532904 0.359768 0.0106241 0.0294036 0.544398
0 0.429017 0.238919 0.0147907 0.0320457 0.543476
0 0.654593 0.565718 0.0148041 0.0225967 0.543353
0 0.300691 0.677667 0.0150307 0.0337093 0.542628
0 0.744989 0.264666 0.01465 0.0291697 0.540903
0 0.832982 0.89604 0.0223248 0.0432593 0.540312
0 0.213391 0.909834 0.0222409 0.036063 0.53894
0 0.272628 0.641523 0.016681 0.0271302 0.532314
0 0.62334 0.572033 0.0152559 0.0313802 0.531558
0 0.918132 0.398686 0.0198875 0.0341778 0.53154
0 0.874644 0.020189 0.0162586 0.027057 0.530688
0 0.614427 0.72717 0.015012 0.0270287 0.530351
0 0.777088 0.44557 0.029089 0.0511649 0.529806
0 0.00941012 0.0445441 0.0185139 0.0338893 0.529765
0 0.922141 0.35345 0.0226013 0.0309808 0.528686
0 0.00387641 0.483674 0.00771273 0.0322955 0.528472
0 0.0985924 0.293299 0.0170295 0.0352001 0.5281
0 0.484169 0.421875 0.0152372 0.0246299 0.526047
0 0.555186 0.903963 0.0145565 0.0288086 0.525459
0 0.788281 0.620785 0.0209298 0.0352222 0.523952
0 0.29382 0.347444 0.0195461 0.0287688 0.521424
0 0.131442 0.824426 0.0273064 0.0439935 0.521103
0 0.0200931 0.459563 0.0211774 0.0330649 0.520787
0 0.372947 0.086796 0.0226858 0.0547978 0.520185
0 0.655989 0.590643 0.0136617 0.0232248 0.519985
0 0.880902 0.834612 0.0157179 0.0396388 0.51795
0 0.988322 0.338478 0.0199184 0.0355608 0.516252
0 0.213042 0.327574 0.0275593 0.0434067 0.513722
0 0.271281 0.355227 0.017641 0.0335798 0.512527
0 0.468074 0.163908 0.0142271 0.0217068 0.512376
0 0.863812 0.732316 0.0230829 0.0386713 0.508539
0 0.239935 0.0171191 0.034383 0.0337719 0.506244
0 0.892501 0.342612 0.0160748 0.0278657 0.503488
0 0.00816764 0.0916964 0.0161473 0.0300207 0.503473
0 0.562265 0.596577 0.0167871 0.0326387 0.503155
0 0.409091 0.753375 0.0142646 0.0307153 0.501462
0 0.283932 0.982083 0.031674 0.0349186 0.501357
0 0.494108 0.26676 0.015271 0.0270072 0.494962
0 0.28811 0.399773 0.0218004 0.0356943 0.49458
0 0.46147 0.198044 0.0182865 0.0335287 0.494022
0 0.61632 0.651955 0.0158117 0.0272411 0.492721
0 0.824559 0.37967 0.0277664 0.0497316 0.491997
0 0.2389 0.920031 0.0250185 0.0494704 0.491496
0 0.597446 0.463662 0.0170534 0.0209011 0.490642
0 0.915857 0.262232 0.0185435 0.028506 0.489985
0 0.854427 0.361476 0.0165405 0.0322087 0.489567
0 0.511882 0.95655 0.0156044 0.0236983 0.485295
0 0.407881 0.159029 0.0225199 0.0411994 0.484201
0 0.0132081 0.318736 0.0222617 0.0371871 0.48404
0 0.823171 0.160226 0.0149529 0.0279835 0.482453
0 0.441046 0.829471 0.0137915 0.0220317 0.48198
0 0.168302 0.786175 0.0257082 0.0435774 0.480031
0 0.156902 0.2062 0.0221523 0.0394348 0.479921
0 0.812231 0.0414993 0.022599 0.0352154 0.479595
0 0.0569516 0.0896837 0.0276828 0.0450353 0.479349
0 0.994253 0.573501 0.0114931 0.0327346 0.47871
0 0.956563 0.0135779 0.0168772 0.025454 0.477905
0 0.265744 0.492177 0.0131451 0.0296158 0.476299
0 0.137918 0.964294 0.0213205 0.0404663 0.470711
0 0.341547 0.677889 0.0228274 0.0357415 0.468512
0 0.938161 0.660757 0.0160671 0.0240682 0.468047
0 0.77981 0.78715 0.0206718 0.0417725 0.466501
0 0.691027 0.497445 0.0187706 0.0340517 0.463683
0 0.507877 0.768883 0.0147527 0.0232639 0.462579
0 0.00588226 0.633071 0.0117618 0.0475118 0.462555
0 0.978554 0.0649573 0.0146603 0.0238275 0.460748
0 0.328739 0.299875 0.0169012 0.0320449 0.460345
0 0.570608 0.418713 0.0157773 0.0265333 0.459478
0 0.4664 0.0329778 0.0172779 0.0267599 0.459068
0 0.542429 0.398149 0.017687 0.0308894 0.458986
0 0.420288 0.792104 0.0169701 0.0266947 0.458984
0 0.877745 0.297072 0.0157469 0.0339336 0.458515
0 0.373422 0.838702 0.0212668 0.0398994 0.456459
0 0.0717506 0.371927 0.0158478 0.0283373 0.456176
0 0.56874 0.355207 0.0137409 0.0232082 0.45319
0 0.593039 0.392774 0.0123068 0.019584 0.449538
0 0.538999 0.89301 0.0186613 0.028598 0.448159
0 0.0685547 0.976851 0.0133598 0.0309174 0.447005
0 0.867805 0.0729425 0.0220249 0.0370766 0.446803
0 0.163343 0.823142 0.0250655 0.0424055 0.446554
0 0.512124 0.844574 0.0186281 0.0334083 0.441958
0 0.517785 0.585191 0.018779 0.0307909 0.441612
0 0.986644 0.0310631 0.0176949 0.0342204 0.44155
0 0.445828 0.257514 0.0182684 0.0309712 0.441037
0 0.00382146 0.968306 0.00754489 0.0337107 0.440899
0 0.00864534 0.210086 0.017084 0.0325147 0.440658
0 0.481965 0.213392 0.0203014 0.025784 0.438422
0 0.809209 0.754659 0.0162762 0.0266755 0.433542
0 0.745129 0.376481 0.0140817 0.0257431 0.431136
0 0.952121 0.0959828 0.017643 0.0238883 0.430073
0 0.539749 0.886263 0.0200808 0.0409793 0.427385
0 0.309408 0.402265 0.0149519 0.0269716 0.427164
0 0.48882 0.685698 0.0229624 0.0325235 0.426729
0 0.961637 0.266802 0.0124489 0.030142 0.42604
0 0.31475 0.367306 0.0148936 0.0206314 0.423274
0 0.312369 0.985866 0.0163347 0.0244585 0.421617
0 0.616606 0.375842 0.011809 0.0203874 0.419098
0 0.547361 0.27487 0.0170368 0.0269418 0.418484
0 0.470832 0.734977 0.017405 0.0287448 0.417444
0 0.0264029 0.0635551 0.0170477 0.0290537 0.417032
0 0.495383 0.982065 0.0157068 0.0310296 0.416118
0 0.817803 0.44117 0.0168928 0.0349208 0.413961
0 0.541411 0.88092 0.0210551 0.0485721 0.413356
0 0.286935 0.261774 0.0224082 0.037451 0.412162
0 0.963269 0.819157 0.0281429 0.0496646 0.409615
0 0.712975 0.372131 0.0201115 0.0306781 0.408276
0 0.600388 0.657079 0.0137536 0.0265593 0.407964
0 0.744602 0.212018 0.0206154 0.0425457 0.407874
0 0.0436351 0.378063 0.0195816 0.0349387 0.407298
0 0.0121301 0.520693 0.017114 0.0281506 0.403503
0 0.220277 0.782349 0.0160939 0.0291263 0.40349
0 0.303434 0.29191 0.0179842 0.0233093 0.401064
0 0.887064 0.794046 0.0168808 0.0324327 0.395069
0 0.691384 0.425812 0.0187523 0.0301659 0.394538
0 0.943697 0.202004 0.0165874 0.0337527 0.394397
0 0.0798227 0.29572 0.017258 0.0306193 0.394017
0 0.070217 0.196876 0.0227294 0.0363376 0.393687
0 0.116365 0.884147 0.0141635 0.0292314 0.393366
0 0.917827 0.071606 0.0146982 0.0263335 0.39302
0 0.577705 0.831998 0.0246296 0.0459781 0.392077
0 0.727865 0.337537 0.0208235 0.0230123 0.391795
0 0.572407 0.529542 0.0149282 0.0202128 0.388194
0 0.406673 0.32937 0.0208628 0.0335123 0.386738
0 0.327687 0.87152 0.0179112 0.0265605 0.385292
0 0.783272 0.148302 0.0171019 0.0330983 0.383336
0 0.0488025 0.00690718 0.0173068 0.0138144 0.381302
0 0.395148 0.0253201 0.0219435 0.0340812 0.377335
0 0.910288 0.324941 0.0154758 0.0321044 0.376547
0 0.244432 0.487081 0.0220755 0.0400972 0.375861
0 0.422091 0.190822 0.023698 0.0397524 0.375715
0 0.99619 0.055041 0.0076191 0.0290025 0.374697
0 0.371724 0.0791936 0.0215219 0.0448476 0.365727
0 0.00628996 0.552372 0.0124163 0.0375142 0.364113
0 0.445067 0.294707 0.0297184 0.0405055 0.363789
0 0.659552 0.674994 0.0278261 0.045749 0.361562
0 0.37309 0.77801 0.016954 0.0184842 0.361377
0 0.882665 0.968156 0.0243874 0.0447553 0.358899
0 0.38123 0.297747 0.0171318 0.0228238 0.358543
0 0.304892 0.100017 0.0140618 0.0295445 0.355033
0 0.848699 0.0669883 0.0132816 0.0219096 0.354966
0 0.560046 0.710153 0.0195219 0.0300377 0.354394
0 0.857105 0.327586 0.0116993 0.0221499 0.35244
0 0.530624 0.836871 0.0169781 0.0262566 0.352192
0 0.992707 0.985983 0.014587 0.0261278 0.350192
0 0.823934 0.3068 0.0130604 0.0253294 0.34998
0 0.906408 0.0398118 0.0166937 0.0274739 0.349075
0 0.704046 0.630122 0.0183834 0.038468 0.34577
0 0.362781 0.638463 0.0206248 0.0348439 0.34417
0 0.0754794 0.440486 0.0347484 0.0372426 0.341465
0 0.993754 0.0978919 0.0124918 0.0306765 0.340521
0 0.31472 0.275638 0.0109847 0.0202724 0.338237
0 0.0780609 0.478195 0.0216497 0.0327857 0.338163
0 0.4624 0.630959 0.019981 0.0318915 0.337979
0 0.496169 0.462444 0.0175428 0.0273274 0.335383
0 0.157543 0.946747 0.0211046 0.0376 0.334502
0 0.337809 0.180455 0.0141895 0.0277914 0.333779
0 0.295175 0.878666 0.0197979 0.0354689 0.332771
0 0.286941 0.572314 0.0252211 0.0416291 0.331807
0 0.83804 0.678432 0.0143902 0.0248586 0.329825
0 0.0084109 0.0101806 0.0166202 0.0194783 0.327318
0 0.683141 0.379131 0.0115812 0.0213513 0.327101
0 0.376873 0.943543 0.0174503 0.0242971 0.326924
0 0.412515 0.25722 0.0187733 0.0316246 0.324046
0 0.831568 0.705783 0.0178848 0.0309041 0.323813
0 0.782937 0.518998 0.0187622 0.0309387 0.323508
0 0.257987 0.444879 0.0224654 0.0418352 0.321591
0 0.180512 0.967037 0.0194922 0.0416202 0.320373
0 0.632067 0.664143 0.0125254 0.0183734 0.318738
0 0.302796 0.952612 0.017476 0.0277644 0.316806
0 0.978447 0.888084 0.0141598 0.0235765 0.315951
0 0.655084 0.441743 0.018289 0.0339489 0.315562
0 0.049777 0.329258 0.0269863 0.0375436 0.314194
0 0.542142 0.96727 0.0128464 0.0245877 0.313909
0 0.832349 0.023504 0.0120419 0.022235 0.313863
0 0.81381 0.54914 0.0164562 0.0338841 0.313849
0 0.425084 0.658072 0.0236216 0.0225118 0.312787
0 0.93275 0.890176 0.0142363 0.0258538 0.311906
0 0.109107 0.325116 0.0199766 0.0379511 0.308141
0 0.187891 0.401108 0.0136525 0.0315394 0.307
0 0.780974 0.403629 0.0200994 0.032935 0.306075
0 0.0210308 0.931867 0.0208382 0.036779 0.305948
0 0.715426 0.375241 0.0227674 0.0339532 0.305351
0 0.0291097 0.531737 0.0141789 0.0241794 0.305249
0 0.994634 0.386291 0.0107323 0.0287287 0.304303
0 0.362231 0.708597 0.0182215 0.0237211 0.301247
0 0.797124 0.193402 0.0133682 0.0297483 0.300166
0 0.916756 0.834017 0.0157619 0.0310477 0.29785
0 0.743431 0.434787 0.0154009 0.0288695 0.296909
0 0.468883 0.883061 0.0168295 0.0252082 0.295347
0 0.0552852 0.0434328 0.0139091 0.0278872 0.295274
0 0.812692 0.17978 0.0140249 0.0172779 0.293419
0 0.0334949 0.608414 0.0160558 0.0278207 0.293313
0 0.356045 0.0531673 0.0215351 0.0365545 0.286538
0 0.550102 0.854294 0.0203346 0.0320925 0.286493
0 0.34685 0.111778 0.0265643 0.0383891 0.286411
0 0.0865789 0.153076 0.0260726 0.05059 0.286369
0 0.37235 0.0976811 0.0205441 0.0347916 0.285003
0 0.928982 0.570231 0.0124184 0.0280841 0.28419
0 0.9656 0.318784 0.0171558 0.0311658 0.283958
0 0.817485 0.20737 0.0161692 0.0172487 0.281012
0 0.423016 0.196198 0.0231937 0.0307711 0.279896
0 0.356124 0.191017 0.0249936 0.0632092 0.279164
0 0.0671194 0.897222 0.0239883 0.0414792 0.278972
0 0.0484517 0.980265 0.0242813 0.0374998 0.278515
0 0.568679 0.873299 0.0146385 0.0276306 0.276493
0 0.307115 0.852324 0.0176032 0.0325972 0.274244
0 0.726337 0.645443 0.019356 0.035 0.27321
0 0.237268 0.577419 0.0159646 0.0378066 0.270437
0 0.995592 0.427489 0.00881678 0.0351591 0.268341
0 0.84849 0.712768 0.0133335 0.0216729 0.267629
0 0.691918 0.334227 0.017051 0.0374426 0.26755
0 0.270623 0.300662 0.0133949 0.0342075 0.267264
0 0.617763 0.912495 0.017305 0.0375389 0.266108
0 0.685821 0.33065 0.0263073 0.0441542 0.264049
0 0.977392 0.261346 0.0186604 0.0346802 0.263298
0 0.413233 0.294829 0.0212873 0.0297128 0.261812
0 0.527094 0.00790205 0.0213309 0.0155353 0.261007
0 0.361604 0.418341 0.0176263 0.0248744 0.25916
0 0.984971 0.0297378 0.0229736 0.0381827 0.257749
0 0.996741 0.479259 0.00651779 0.0343431 0.256605
0 0.897071 0.308824 0.017268 0.0343346 0.255427
0 0.974709 0.422991 0.0137878 0.0360385 0.255105
0 0.43325 0.614904 0.0115597 0.0296807 0.254953
0 0.826204 0.780067 0.0201647 0.0389896 0.254942
0 0.0687719 0.504277 0.0152898 0.029234 0.253545
0 0.464571 0.539911 0.0146242 0.0270106 0.252815
0 0.494898 0.5252 0.014547 0.0228069 0.252002
