0 0.659132 0.163674 0.024026 0.037525 0.661495
0 0.602127 0.180526 0.0245388 0.0403884 0.652095
0 0.674652 0.0899864 0.0188055 0.0313297 0.651431
0 0.623757 0.211703 0.0207587 0.0420867 0.648197
0 0.253823 0.0501491 0.0209307 0.0400018 0.647186
0 0.673822 0.209423 0.0321648 0.0547358 0.637475
0 0.381875 0.117262 0.020141 0.0407529 0.63504
0 0.412217 0.0597446 0.0215191 0.0346164 0.631588
0 0.527199 0.306581 0.0333015 0.0641746 0.628542
0 0.438063 0.0458865 0.024526 0.0417743 0.615742
0 0.659995 0.016437 0.018394 0.0307314 0.604556
0 0.0109317 0.228893 0.0215159 0.0413403 0.591195
0 0.815683 0.0471062 0.0345821 0.0673935 0.581591
0 0.306853 0.0568721 0.020789 0.0429423 0.57612
0 0.203751 0.223729 0.024586 0.0464479 0.575957
0 0.217569 0.0154079 0.0204993 0.0303444 0.573808
0 0.699793 0.224443 0.0214745 0.0438692 0.569595
0 0.43829 0.315386 0.0210775 0.0358806 0.564719
0 0.6122 0.0283673 0.0188307 0.0349858 0.563785
0 0.0403481 0.115052 0.0153714 0.0300168 0.559033
0 0.232099 0.21593 0.0233336 0.0393402 0.546514
0 0.404726 0.251745 0.026066 0.0438531 0.542319
0 0.28803 0.019924 0.0243024 0.038934 0.539382
0 0.446003 0.233999 0.0216349 0.0365495 0.53889
0 0.538023 0.0278119 0.0172995 0.0285024 0.533187
0 0.338347 0.0154487 0.0192324 0.0295507 0.515378
0 0.420837 0.0190027 0.027994 0.0376363 0.509143
0 0.771553 0.291979 0.0333542 0.0614405 0.505588
0 0.0263778 0.0383897 0.0145117 0.02897 0.498933
0 0.370547 0.0767151 0.0165382 0.0292316 0.495915
0 0.113592 0.137667 0.0194481 0.0325317 0.488503
0 0.134389 0.048645 0.031098 0.0480631 0.482339
0 0.43735 0.107493 0.0238953 0.0419641 0.48197
0 0.703737 0.0446209 0.0232131 0.0420203 0.47784
0 0.658241 0.0517382 0.011242 0.0253832 0.473963
0 0.354946 0.0624692 0.0174619 0.0337661 0.471451
0 0.382194 0.026427 0.0248089 0.0360543 0.46808
0 0.552967 0.0549366 0.0163895 0.02799 0.463517
0 0.0560021 0.180584 0.0206511 0.0399018 0.451421
0 0.392948 0.0724553 0.0184793 0.0353317 0.44892
0 0.312544 0.200191 0.0304754 0.0617328 0.444704
0 0.681035 0.0136067 0.0168564 0.0261676 0.440808
0 0.618171 0.282826 0.037096 0.0748878 0.440099
0 0.0406482 0.15359 0.0187437 0.0338187 0.433946
0 0.0642902 0.130295 0.0163398 0.0308578 0.422778
0 0.671403 0.0545975 0.016474 0.0275751 0.421703
0 0.6373 0.033664 0.0216141 0.041915 0.416258
0 0.336533 0.093942 0.0241161 0.0418478 0.414882
0 0.150711 0.0830446 0.0161488 0.0375854 0.414587
0 0.436798 0.268755 0.021847 0.0382946 0.414494
0 0.450182 0.0742609 0.0155474 0.0247276 0.410192
0 0.238251 0.168234 0.0142991 0.0338438 0.409899
0 0.0350751 0.0710401 0.0185782 0.0323244 0.405083
0 0.101932 0.267221 0.0187076 0.0400952 0.40226
0 0.64463 0.213072 0.0220422 0.041661 0.399634
0 0.582953 0.199782 0.0171907 0.0284217 0.395827
0 0.0770571 0.015853 0.0173757 0.0299429 0.395797
0 0.00750159 0.022836 0.0147817 0.0435571 0.393937
0 0.389113 0.214112 0.0254007 0.0396293 0.389588
0 0.562508 0.028038 0.0169922 0.0287199 0.382813
0 0.197013 0.0494667 0.0189859 0.0324858 0.380931
0 0.538219 0.0649154 0.0111003 0.02545 0.368475
0 0.323493 0.0317086 0.018084 0.0329526 0.366937
0 0.289932 0.136527 0.0129376 0.0254263 0.364314
0 0.525377 0.178657 0.0237196 0.0374591 0.361233
0 0.567571 0.080575 0.0182211 0.0323835 0.358213
0 0.119139 0.303958 0.0267336 0.0473746 0.354285
0 0.380386 0.164676 0.0244036 0.0409322 0.350821
0 0.274237 0.0722231 0.0217188 0.0382544 0.347493
0 0.192256 0.0133733 0.0194867 0.025226 0.347488
0 0.422142 0.0114119 0.0285683 0.0224617 0.347248
0 0.580441 0.0502547 0.0167521 0.028462 0.335515
0 0.0977998 0.0306927 0.0176052 0.0305733 0.334918
0 0.106655 0.197024 0.019759 0.0304305 0.333839
0 0.747953 0.0789984 0.024782 0.0506452 0.332219
0 0.506173 0.00998643 0.0180645 0.0191635 0.32505
0 0.674799 0.316924 0.0295346 0.0543219 0.321003
0 0.645243 0.313682 0.0246246 0.046452 0.319946
0 0.765588 0.211952 0.0436602 0.0748219 0.31598
0 0.613143 0.143147 0.0145117 0.0262501 0.31542
0 0.658617 0.123368 0.0234993 0.0372308 0.315323
0 0.575371 0.173105 0.0151727 0.0266474 0.313787
0 0.0725539 0.201259 0.0199756 0.0402734 0.30673
0 0.526909 0.0470418 0.0116837 0.0239871 0.296614
0 0.34748 0.194967 0.0273098 0.0468654 0.292062
0 0.488056 0.140933 0.0196153 0.0364075 0.291861
0 0.00427647 0.124734 0.0084953 0.0339916 0.281127
0 0.361127 0.0398295 0.0170971 0.024682 0.2776
0 0.469386 0.250635 0.0204639 0.0429893 0.27704
0 0.0822871 0.132304 0.0184045 0.0395142 0.276762
0 0.179548 0.244525 0.0195928 0.0265494 0.276058
0 0.458611 0.0290174 0.019093 0.0345852 0.272629
0 0.561149 0.0236635 0.0193251 0.0377895 0.270434
0 0.700207 0.122199 0.0216202 0.0389372 0.26736
0 0.20896 0.187803 0.0169645 0.033715 0.26551
0 0.139499 0.00918489 0.0194856 0.0181669 0.26413
0 0.41573 0.19405 0.0154943 0.037596 0.260999
0 0.661505 0.121448 0.0189522 0.0335445 0.260053
0 0.266916 0.0104732 0.0171342 0.0198194 0.259326
0 0.732011 0.325278 0.0321366 0.0526116 0.252753
0 0.182057 0.218024 0.0238145 0.0416311 0.251267
