0 0.795661 0.845657 0.0256218 0.0506955 0.699858
0 0.55033 0.85745 0.0247667 0.0455288 0.690907
0 0.769908 0.881061 0.0254987 0.0439857 0.685906
0 0.689304 0.464246 0.0262175 0.0459847 0.676634
0 0.0952644 0.763791 0.0258618 0.0453206 0.6765
0 0.823034 0.819564 0.0214437 0.0372755 0.671747
0 0.436803 0.387399 0.0258003 0.0379353 0.669715
0 0.891646 0.773447 0.0229176 0.0376238 0.661872
0 0.307751 0.235599 0.0240083 0.0426547 0.652775
0 0.420538 0.59769 0.0218657 0.0345243 0.647687
0 0.0443388 0.505614 0.0165273 0.0377034 0.645178
0 0.201445 0.812526 0.0216624 0.0362157 0.644381
0 0.505487 0.130421 0.0179968 0.0396085 0.64254
0 0.506853 0.248497 0.0221365 0.0395473 0.640172
0 0.143043 0.668043 0.0214395 0.0368791 0.639247
0 0.507544 0.176603 0.0207496 0.0350548 0.638465
0 0.352118 0.126375 0.0218729 0.0384959 0.634937
0 0.118095 0.687635 0.0197446 0.0334979 0.633138
0 0.27791 0.693159 0.0209096 0.0383121 0.632495
0 0.366916 0.800667 0.0192797 0.0397603 0.6321
0 0.581358 0.0400498 0.0206028 0.0361687 0.630982
0 0.694606 0.160327 0.0234009 0.038821 0.630287
0 0.883003 0.57597 0.0228203 0.0461194 0.629116
0 0.440293 0.457448 0.0204866 0.0357223 0.628768
0 0.221447 0.46427 0.0175565 0.0289446 0.626335
0 0.340583 0.25547 0.0201743 0.0329552 0.622315
0 0.305542 0.184521 0.0200477 0.0334017 0.621092
0 0.177307 0.835074 0.0163359 0.0294773 0.620306
0 0.796268 0.919938 0.0278909 0.0570641 0.618724
0 0.390361 0.863443 0.020795 0.0353271 0.618394
0 0.984124 0.66625 0.0146103 0.0281872 0.61832
0 0.253603 0.455217 0.0151344 0.0276656 0.616997
0 0.282559 0.40515 0.0143969 0.0327711 0.615317
0 0.947949 0.389348 0.0169952 0.0299603 0.615107
0 0.269281 0.517751 0.0188396 0.0308858 0.614433
0 0.92071 0.748471 0.0175644 0.0311757 0.614283
0 0.850662 0.667983 0.0164848 0.0299011 0.611642
0 0.167747 0.768827 0.0171432 0.0296293 0.610929
0 0.869973 0.539204 0.018462 0.0328203 0.609086
0 0.346281 0.578146 0.0184812 0.0319862 0.607258
0 0.141915 0.5711 0.0176922 0.0352727 0.606536
0 0.718014 0.477825 0.0198807 0.0387873 0.606009
0 0.274019 0.239535 0.0167948 0.031025 0.605919
0 0.417607 0.4836 0.0194924 0.03976 0.605655
0 0.27176 0.0456727 0.0175254 0.0350111 0.605287
0 0.552237 0.579857 0.02145 0.0384277 0.604622
0 0.253507 0.0630001 0.0152392 0.026738 0.602708
0 0.294154 0.670704 0.013753 0.0298112 0.602215
0 0.527114 0.0578343 0.014946 0.0287012 0.602013
0 0.101717 0.662403 0.0133427 0.0327181 0.601952
0 0.23836 0.347838 0.0192515 0.030604 0.60134
0 0.254995 0.558798 0.0155051 0.0314063 0.600234
0 0.192533 0.23283 0.0186317 0.0325072 0.599077
0 0.230373 0.510232 0.018627 0.0351108 0.59803
0 0.127715 0.35419 0.0234613 0.0412434 0.598016
0 0.958266 0.25064 0.0157654 0.0284775 0.597651
0 0.680623 0.41719 0.0197034 0.0325589 0.596588
0 0.426644 0.326276 0.0148012 0.0275603 0.595433
0 0.427655 0.4247 0.0143405 0.0254517 0.594993
0 0.0357105 0.662973 0.0168539 0.0319692 0.594398
0 0.205723 0.357264 0.0183581 0.0359747 0.594372
0 0.138164 0.720311 0.0135645 0.0252177 0.591874
0 0.200105 0.462178 0.0149316 0.0302653 0.590757
0 0.878486 0.853665 0.0153402 0.0295017 0.589736
0 0.972463 0.836548 0.0210976 0.0399245 0.589576
0 0.464433 0.327802 0.0157253 0.028579 0.58906
0 0.0408589 0.414666 0.0171134 0.0324818 0.588948
0 0.554355 0.460845 0.0176589 0.0325023 0.588634
0 0.988334 0.61639 0.021188 0.0339432 0.587941
0 0.029058 0.53923 0.0162358 0.0300878 0.586872
0 0.578206 0.131752 0.014983 0.0260401 0.586553
0 0.352878 0.317595 0.0156559 0.0327596 0.585727
0 0.261427 0.871004 0.0178792 0.0305543 0.585661
0 0.921725 0.924268 0.0166653 0.0327538 0.585547
0 0.257215 0.416381 0.017775 0.0321084 0.585108
0 0.106949 0.818926 0.0191838 0.0355321 0.58366
0 0.393994 0.301115 0.0187429 0.0318145 0.583613
0 0.0672629 0.938658 0.0154598 0.0314996 0.583001
0 0.491637 0.283128 0.0177561 0.0315308 0.580244
0 0.812373 0.47978 0.0126034 0.0292552 0.576676
0 0.638893 0.321011 0.0202349 0.0373628 0.574854
0 0.742122 0.844244 0.019013 0.0330232 0.571914
0 0.755498 0.696094 0.0188327 0.0381958 0.571456
0 0.37113 0.265942 0.0138632 0.0305596 0.5711
0 0.213298 0.984311 0.0147846 0.0282698 0.570762
0 0.341848 0.681718 0.01434 0.0228138 0.569862
0 0.383308 0.0893091 0.0212378 0.0395492 0.568737
0 0.550636 0.521508 0.0171585 0.0338609 0.567106
0 0.862867 0.88281 0.0202526 0.0349421 0.566379
0 0.301554 0.459134 0.0207876 0.0313111 0.565657
0 0.145419 0.627467 0.021293 0.0275596 0.565598
0 0.339642 0.779321 0.0154969 0.0289617 0.563656
0 0.354638 0.615399 0.0207345 0.0363296 0.563476
0 0.102323 0.506535 0.0127119 0.0254838 0.563276
0 0.634961 0.0480497 0.0185719 0.0330828 0.56232
0 0.135238 0.180637 0.0228562 0.0465437 0.561909
0 0.794397 0.493059 0.017625 0.0320285 0.56094
0 0.326608 0.68102 0.0146033 0.034238 0.560546
0 0.376751 0.29762 0.0146108 0.0243713 0.560286
0 0.843567 0.892122 0.0164444 0.0311171 0.559974
0 0.334136 0.220407 0.0133949 0.0244562 0.559819
0 0.280241 0.354641 0.0149238 0.0310148 0.559456
0 0.520019 0.213283 0.0149265 0.0259215 0.559187
0 0.872603 0.802019 0.0221207 0.0469448 0.558109
0 0.342465 0.97134 0.0168831 0.036597 0.558
0 0.898157 0.282488 0.0207634 0.0357346 0.557705
0 0.251361 0.484019 0.0135328 0.0249807 0.556789
0 0.215274 0.252139 0.016606 0.0304825 0.556254
0 0.768583 0.484436 0.0199116 0.037102 0.556184
0 0.192816 0.771749 0.0135899 0.0273613 0.555962
0 0.139941 0.524358 0.0188158 0.0406555 0.554703
0 0.343828 0.35454 0.0161091 0.0239413 0.553464
0 0.857494 0.143811 0.0137856 0.0286698 0.553111
0 0.344543 0.910964 0.0205153 0.0393755 0.552836
0 0.256974 0.131826 0.0158223 0.0275654 0.552763
0 0.330032 0.171116 0.0138178 0.0290417 0.551295
0 0.8938 0.87068 0.0149123 0.033235 0.5499
0 0.231923 0.290864 0.0172756 0.0301547 0.54827
0 0.0799559 0.645544 0.0132563 0.0277986 0.547555
0 0.527191 0.0198371 0.015188 0.0292818 0.54737
0 0.2214 0.395118 0.0178616 0.0347105 0.546658
0 0.381046 0.661166 0.0145251 0.0251473 0.545854
0 0.00512412 0.446839 0.0102156 0.031425 0.544264
0 0.0798808 0.200805 0.0223917 0.0415733 0.543847
0 0.721237 0.895379 0.0178212 0.0335493 0.543813
0 0.530951 0.186137 0.0143467 0.026693 0.543785
0 0.0536751 0.647337 0.0148393 0.026756 0.54317
0 0.911794 0.549188 0.0175549 0.0291497 0.543072
0 0.139717 0.041279 0.0114709 0.0257565 0.54306
0 0.17493 0.0751301 0.0159033 0.0301404 0.541837
0 0.37733 0.595082 0.0132894 0.0250579 0.541683
0 0.374666 0.920522 0.0141803 0.0263338 0.541408
0 0.99166 0.837996 0.0166803 0.0281918 0.541294
0 0.10521 0.422214 0.0239192 0.0388178 0.5403
0 0.101624 0.46987 0.016945 0.0272786 0.539843
0 0.872429 0.732899 0.0111496 0.0227329 0.536547
0 0.056167 0.473339 0.0217747 0.0322378 0.536358
0 0.275177 0.760709 0.015741 0.0383837 0.535689
0 0.893356 0.145159 0.0192915 0.0362706 0.535216
0 0.902878 0.84012 0.0144485 0.0276177 0.534893
0 0.889265 0.100369 0.0201298 0.0375615 0.534723
0 0.0133756 0.565722 0.0132148 0.0258189 0.534552
0 0.841704 0.11536 0.0207752 0.0376544 0.533943
0 0.449225 0.427383 0.0153708 0.0276669 0.533943
0 0.240618 0.455983 0.00957851 0.0248773 0.533823
0 0.129092 0.899116 0.0165748 0.0292286 0.532684
0 0.196851 0.94924 0.0223983 0.0398414 0.532349
0 0.682357 0.530848 0.0172665 0.0341966 0.532337
0 0.253326 0.218414 0.0161623 0.0350011 0.532255
0 0.508925 0.0255828 0.0143652 0.0255066 0.531624
0 0.561331 0.260711 0.0232744 0.043309 0.530373
0 0.268473 0.602295 0.017632 0.0450178 0.528335
0 0.306975 0.0183794 0.0194579 0.0304367 0.52745
0 0.0820326 0.468064 0.0173766 0.0270328 0.525798
0 0.105166 0.94838 0.0191251 0.0308139 0.525604
0 0.853804 0.727145 0.0131763 0.0279357 0.524698
0 0.0822872 0.0878854 0.0298878 0.0462117 0.524454
0 0.684824 0.380658 0.0162876 0.0298619 0.524276
0 0.0298615 0.792184 0.0165879 0.0325599 0.523585
0 0.936718 0.0245851 0.0182316 0.0342686 0.522442
0 0.0702117 0.891996 0.0151372 0.0250441 0.52244
0 0.558993 0.0641863 0.0164457 0.0355184 0.521391
0 0.35701 0.705898 0.015508 0.02812 0.520386
0 0.117283 0.51091 0.015221 0.0268212 0.520044
0 0.47408 0.0266107 0.0198742 0.0364393 0.519926
0 0.859162 0.600446 0.0135404 0.0276011 0.519888
0 0.0975606 0.62205 0.0186312 0.0332028 0.519585
0 0.443907 0.269976 0.0262621 0.0381703 0.518756
0 0.463092 0.220083 0.0182619 0.0314534 0.518151
0 0.114067 0.0211693 0.0260795 0.0420838 0.517769
0 0.856024 0.960469 0.0207771 0.0330587 0.517434
0 0.210925 0.777618 0.0129798 0.0240533 0.516919
0 0.373012 0.350097 0.015838 0.0298323 0.516874
0 0.0708647 0.430623 0.0203952 0.0348285 0.516196
0 0.886192 0.0166641 0.0196316 0.0328261 0.515632
0 0.890329 0.184913 0.0158369 0.028312 0.51551
0 0.342917 0.196378 0.0113437 0.0235528 0.514667
0 0.278139 0.102234 0.0131504 0.0316849 0.513452
0 0.425718 0.783878 0.0246368 0.0369819 0.512885
0 0.108617 0.380676 0.0124413 0.0272902 0.512156
0 0.159091 0.535814 0.0145231 0.0254943 0.512089
0 0.219742 0.0137602 0.0185317 0.0272114 0.512067
0 0.168436 0.57711 0.016907 0.0296087 0.511365
0 0.0915516 0.717326 0.0186181 0.0345057 0.51023
0 0.302006 0.393044 0.0196337 0.0316377 0.510149
0 0.87822 0.444576 0.0174168 0.0302139 0.509798
0 0.938408 0.905465 0.0164823 0.0335534 0.509565
0 0.388792 0.18432 0.0180232 0.0335634 0.50918
0 0.0446806 0.705325 0.0183038 0.0333481 0.509044
0 0.882861 0.97669 0.0125338 0.0256653 0.508752
0 0.407338 0.550278 0.0187822 0.0362439 0.506821
0 0.936304 0.576852 0.0156895 0.0252911 0.504606
0 0.454088 0.0873678 0.0163223 0.02911 0.50446
0 0.390712 0.365563 0.0157928 0.0281002 0.504005
0 0.378008 0.213554 0.0137025 0.0228605 0.501571
0 0.856262 0.825356 0.0185965 0.0362356 0.500919
0 0.821111 0.755073 0.0221134 0.0428128 0.499066
0 0.288826 0.0115278 0.011149 0.0209419 0.499029
0 0.199591 0.548661 0.0210687 0.0398181 0.498794
0 0.564063 0.495101 0.0138687 0.0247813 0.497372
0 0.391883 0.128053 0.017994 0.0359398 0.495096
0 0.257227 0.640987 0.0214777 0.0401598 0.495081
0 0.215598 0.595779 0.0182636 0.0369386 0.494562
0 0.249587 0.296758 0.0165457 0.0217991 0.494403
0 0.827821 0.856376 0.0163506 0.0268372 0.493541
0 0.332121 0.798172 0.0157526 0.0265896 0.493051
0 0.569764 0.441043 0.0151669 0.0302507 0.492524
0 0.50535 0.441031 0.0178629 0.0307559 0.491882
0 0.485417 0.0641064 0.0141022 0.0295113 0.491812
0 0.855109 0.0474286 0.0155567 0.0313784 0.491054
0 0.974059 0.756508 0.0184069 0.029223 0.49067
0 0.41117 0.833226 0.0183072 0.0296207 0.489945
0 0.169981 0.18667 0.0164815 0.0349412 0.489475
0 0.988492 0.479454 0.0126167 0.0239558 0.489297
0 0.361611 0.663765 0.0157087 0.0291196 0.488924
0 0.246451 0.248719 0.0144008 0.0248565 0.487379
0 0.180782 0.333723 0.0126666 0.0271898 0.486884
0 0.376116 0.0204385 0.025508 0.039697 0.485748
0 0.0424079 0.365261 0.018046 0.0318112 0.484272
0 0.61905 0.515931 0.016536 0.0297216 0.483763
0 0.0490991 0.79195 0.0110229 0.024622 0.483133
0 0.183292 0.868874 0.0150254 0.0307271 0.482814
0 0.414289 0.0160867 0.0179256 0.0308595 0.482437
0 0.216627 0.904877 0.0178918 0.0274441 0.48231
0 0.06902 0.784447 0.018844 0.0340695 0.482272
0 0.95914 0.568011 0.0209236 0.0340823 0.480517
0 0.26257 0.334506 0.0165363 0.0310071 0.480344
0 0.00477084 0.62104 0.00950312 0.0258076 0.479976
0 0.260064 0.964546 0.0151462 0.0259963 0.479097
0 0.318973 0.0708314 0.0170573 0.030643 0.478563
0 0.150182 0.423191 0.0136037 0.0267938 0.476017
0 0.985947 0.204632 0.0167084 0.0295895 0.475887
0 0.226754 0.948859 0.0155008 0.0263663 0.475732
0 0.43472 0.217627 0.0166096 0.0361513 0.474309
0 0.542037 0.0455959 0.013456 0.0235048 0.47367
0 0.370364 0.983263 0.0175404 0.0316345 0.473618
0 0.162874 0.966654 0.0161382 0.0277702 0.472133
0 0.254498 0.768683 0.0128658 0.030091 0.472006
0 0.0259666 0.4359 0.0171301 0.0346385 0.469891
0 0.321807 0.296339 0.0172777 0.0315043 0.469546
0 0.690045 0.634841 0.0157846 0.0327973 0.469087
0 0.231242 0.10451 0.0183015 0.0319484 0.469043
0 0.182565 0.803174 0.0112145 0.0263796 0.468845
0 0.353077 0.754499 0.0141452 0.0311269 0.468257
0 0.258537 0.710442 0.0129256 0.0270061 0.467195
0 0.290393 0.216387 0.0134041 0.0304289 0.466318
0 0.315737 0.813008 0.0141273 0.0231214 0.466175
0 0.352574 0.229718 0.0143038 0.0255282 0.466131
0 0.515189 0.410253 0.0149702 0.0295454 0.465349
0 0.0725618 0.531977 0.0163163 0.029533 0.465183
0 0.690653 0.338491 0.0199385 0.0442608 0.464878
0 0.277143 0.446324 0.0160564 0.0261768 0.464149
0 0.0321413 0.478381 0.0133966 0.0284063 0.463752
0 0.577703 0.163145 0.0143717 0.0279817 0.460961
0 0.0401282 0.932945 0.0164799 0.0305283 0.460924
0 0.0741581 0.339702 0.0198734 0.038629 0.460268
0 0.299951 0.0505069 0.0168027 0.0317016 0.459051
0 0.322118 0.941273 0.0164826 0.0254998 0.457416
0 0.333008 0.311911 0.0135064 0.0199968 0.455597
0 0.923622 0.801093 0.017732 0.02966 0.455214
0 0.408161 0.241483 0.016036 0.0324636 0.455155
0 0.474059 0.365224 0.0238803 0.0435049 0.455073
0 0.1705 0.427474 0.0156549 0.0318312 0.454459
0 0.388076 0.958138 0.0175265 0.0288711 0.454017
0 0.238161 0.657231 0.0137578 0.0300317 0.45334
0 0.0528618 0.572117 0.0143005 0.0211563 0.452076
0 0.940381 0.612773 0.0154259 0.0252264 0.451681
0 0.0528539 0.608294 0.0111299 0.0309719 0.450662
0 0.33586 0.646728 0.0117742 0.0305691 0.450468
0 0.0549342 0.13234 0.0200055 0.0463693 0.44973
0 0.0664784 0.96813 0.0137142 0.0233518 0.449223
0 0.0717377 0.682947 0.0133819 0.0243525 0.448036
0 0.3511 0.385497 0.0180697 0.0330034 0.447971
0 0.536489 0.226987 0.0187861 0.0330174 0.445661
0 0.875575 0.208336 0.0134782 0.0232577 0.445503
0 0.40833 0.110819 0.0169588 0.0396957 0.444837
0 0.39442 0.475632 0.0154245 0.0278399 0.443985
0 0.291191 0.626208 0.0168309 0.0253679 0.443866
0 0.992781 0.243183 0.0144379 0.0292516 0.443664
0 0.371604 0.177598 0.012201 0.0241434 0.443262
0 0.389983 0.900733 0.012611 0.0274339 0.443093
0 0.908094 0.36901 0.0229462 0.0409721 0.441649
0 0.981279 0.0857167 0.0138422 0.0287427 0.440937
0 0.0867156 0.949279 0.0117668 0.0331488 0.440841
0 0.203519 0.505749 0.0128588 0.0247109 0.43971
0 0.46563 0.179326 0.0157033 0.0297874 0.43952
0 0.292891 0.757477 0.010001 0.0288744 0.439266
0 0.16961 0.903534 0.0135828 0.023269 0.43859
0 0.152609 0.92871 0.0231235 0.034911 0.437482
0 0.294147 0.282341 0.0167666 0.0276714 0.437213
0 0.196406 0.315096 0.0148387 0.030171 0.43683
0 0.236117 0.770332 0.0193892 0.03194 0.436715
0 0.871732 0.152547 0.0146169 0.02614 0.435204
0 0.0945488 0.844029 0.0163419 0.0275241 0.435066
0 0.248723 0.101298 0.0111747 0.0252635 0.430905
0 0.327194 0.743454 0.0150778 0.0268863 0.430881
0 0.0141693 0.660105 0.0173089 0.0314431 0.430855
0 0.161955 0.0252517 0.0307366 0.0471142 0.430782
0 0.353126 0.486423 0.0173936 0.0318041 0.430537
0 0.204472 0.41806 0.0159056 0.0301259 0.429864
0 0.196779 0.0720368 0.0171253 0.0373398 0.429754
0 0.465747 0.411105 0.014596 0.0328457 0.429437
0 0.0227297 0.314301 0.0170027 0.0305511 0.429338
0 0.743364 0.374396 0.0196568 0.0396288 0.428505
0 0.0560195 0.430754 0.0111752 0.0341333 0.428464
0 0.0169145 0.731764 0.0217844 0.0333883 0.426677
0 0.826577 0.416961 0.01945 0.0327966 0.426396
0 0.470439 0.918797 0.0146536 0.0327925 0.424657
0 0.309928 0.766041 0.0154574 0.0256636 0.423173
0 0.492658 0.877763 0.0178482 0.0325541 0.422587
0 0.150427 0.23674 0.0175934 0.0304274 0.42248
0 0.23819 0.421466 0.0188252 0.0361666 0.422314
0 0.804264 0.439626 0.0155502 0.0288035 0.421667
0 0.239442 0.071556 0.0101484 0.0218869 0.421576
0 0.288019 0.561438 0.0127239 0.0223794 0.42138
0 0.536079 0.430085 0.0178864 0.028863 0.42002
0 0.995441 0.580794 0.00911853 0.0339092 0.418657
0 0.961103 0.296772 0.0223579 0.0391661 0.418179
0 0.220042 0.654059 0.0153168 0.0265432 0.417901
0 0.21662 0.854537 0.0215143 0.0395752 0.417897
0 0.949388 0.48622 0.0120945 0.0246145 0.416658
0 0.795674 0.639816 0.0116062 0.0285114 0.415321
0 0.542092 0.0988343 0.0148642 0.0273977 0.414835
0 0.0574813 0.0842564 0.0172557 0.0305185 0.411911
0 0.816963 0.179633 0.0183283 0.0323544 0.411897
0 0.889509 0.733629 0.0171024 0.0358717 0.410583
0 0.974259 0.795081 0.0173899 0.0328559 0.410008
0 0.9632 0.733881 0.0116156 0.0313429 0.409697
0 0.929277 0.0997039 0.0139009 0.0256625 0.40936
0 0.0137977 0.504112 0.0176222 0.0269904 0.408053
0 0.597551 0.104448 0.0194356 0.0358373 0.407483
0 0.0753513 0.714416 0.0103567 0.0310671 0.407197
0 0.15441 0.875188 0.0184502 0.0371021 0.406838
0 0.0372475 0.706663 0.0172444 0.0316586 0.405663
0 0.335148 0.0834701 0.0143285 0.0297209 0.404419
0 0.945495 0.0912949 0.0152676 0.0286343 0.404335
0 0.874865 0.933866 0.0194065 0.0404982 0.403236
0 0.00453378 0.396077 0.00901187 0.0378052 0.402871
0 0.958645 0.773457 0.0107113 0.0271958 0.402818
0 0.892335 0.457462 0.0110016 0.0272074 0.402154
0 0.8913 0.228261 0.0137651 0.0292768 0.401177
0 0.917982 0.0459401 0.0181238 0.029881 0.39996
0 0.560559 0.0993166 0.0119297 0.0255137 0.399946
0 0.68993 0.329682 0.0188894 0.0369832 0.399074
0 0.127321 0.940584 0.0117034 0.0272498 0.398926
0 0.60473 0.14532 0.0192792 0.0312413 0.398539
0 0.916497 0.129188 0.013813 0.0268244 0.39804
0 0.927847 0.512589 0.017605 0.0296023 0.397804
0 0.352512 0.529922 0.0141508 0.0279829 0.397672
0 0.691503 0.3468 0.0177168 0.028719 0.397583
0 0.788209 0.0189822 0.019826 0.034023 0.397408
0 0.567098 0.010773 0.0151007 0.0209253 0.397079
0 0.300024 0.792662 0.012675 0.0242113 0.396752
0 0.0729246 0.841705 0.0159749 0.0249025 0.395188
0 0.468448 0.797967 0.0250984 0.0396874 0.395029
0 0.708601 0.409757 0.0202338 0.0332011 0.393957
0 0.18275 0.753771 0.0115354 0.0208082 0.392739
0 0.744927 0.500242 0.0146282 0.0258684 0.390271
0 0.0509364 0.735207 0.0151405 0.0248769 0.389929
0 0.916183 0.223847 0.0205795 0.0335268 0.388902
0 0.995451 0.0562604 0.00909786 0.0444003 0.388808
0 0.483428 0.242017 0.0141599 0.0234199 0.388743
0 0.618541 0.0972872 0.0159971 0.0288163 0.388531
0 0.492889 0.399402 0.0226266 0.0400255 0.386485
0 0.36477 0.556603 0.0114581 0.0274414 0.386461
0 0.228558 0.92256 0.0153904 0.0270294 0.386423
0 0.198106 0.657132 0.0142479 0.0308926 0.386422
0 0.646355 0.00779682 0.0214471 0.0155936 0.386398
0 0.204107 0.157177 0.0173801 0.0311501 0.386373
0 0.52075 0.508161 0.0116018 0.0239809 0.38582
0 0.970365 0.210396 0.0128105 0.0231129 0.383941
0 0.150063 0.0765631 0.0179369 0.0320769 0.383877
0 0.120262 0.859137 0.0167186 0.0338331 0.383282
0 0.599152 0.068945 0.0176459 0.0303395 0.382857
0 0.388826 0.723128 0.0168723 0.02799 0.38243
0 0.216347 0.314992 0.0120618 0.0262679 0.381653
0 0.861955 0.0983632 0.0257916 0.0445822 0.380623
0 0.527559 0.117973 0.0153528 0.0295494 0.380595
0 0.94983 0.454797 0.0178848 0.0281843 0.380489
0 0.204878 0.0405239 0.0156092 0.0290382 0.380382
0 0.246293 0.879329 0.00883198 0.0187727 0.380137
0 0.503137 0.0825402 0.0185864 0.0347466 0.375271
0 0.941066 0.745247 0.0202372 0.0367238 0.375129
0 0.827729 0.902591 0.0202099 0.0366557 0.374123
0 0.39316 0.214461 0.014863 0.0201967 0.373841
0 0.972449 0.46322 0.0142281 0.024103 0.373153
0 0.793056 0.0543677 0.0172226 0.0320589 0.372132
0 0.305914 0.574384 0.0164909 0.029266 0.371818
0 0.332096 0.721873 0.0168105 0.0232035 0.371608
0 0.681922 0.794087 0.0219261 0.0362625 0.37063
0 0.288283 0.593959 0.015324 0.0215912 0.370094
0 0.514724 0.368107 0.0217516 0.0375809 0.369174
0 0.410251 0.383527 0.0188972 0.028353 0.369063
0 0.364687 0.232907 0.0136858 0.0237885 0.368875
0 0.197902 0.706142 0.0138688 0.0215125 0.368462
0 0.875916 0.399 0.0146681 0.0257502 0.367628
0 0.369612 0.757409 0.0169854 0.031278 0.365875
0 0.834317 0.667098 0.0138729 0.0258432 0.365446
0 0.334036 0.796061 0.0156957 0.0243005 0.365161
0 0.241763 0.964355 0.0171287 0.0385079 0.364658
0 0.690314 0.0306402 0.013881 0.0285315 0.364223
0 0.280862 0.8184 0.0211288 0.0414788 0.364134
0 0.230449 0.68112 0.0126943 0.0243678 0.362827
0 0.968637 0.964175 0.0243473 0.0389235 0.362742
0 0.215842 0.635112 0.0179226 0.0290437 0.362217
0 0.365843 0.41627 0.0164103 0.0308348 0.362143
0 0.57593 0.40443 0.0182447 0.0334257 0.361527
0 0.0711473 0.620047 0.0136479 0.0221443 0.360528
0 0.913496 0.0420139 0.0221249 0.0276091 0.359836
0 0.912033 0.447691 0.0173981 0.0212491 0.359534
0 0.1666 0.801648 0.0117198 0.0270218 0.35899
0 0.988726 0.366194 0.0141815 0.0290541 0.358341
0 0.534096 0.47765 0.0172686 0.0327282 0.357447
0 0.73095 0.869312 0.0107533 0.0246195 0.356081
0 0.858231 0.697749 0.00977745 0.0238712 0.354973
0 0.450317 0.308203 0.0165026 0.0227116 0.35457
0 0.892939 0.668574 0.018432 0.0337605 0.353257
0 0.0564302 0.864373 0.0157106 0.0280596 0.352848
0 0.281801 0.466306 0.0134854 0.021698 0.351267
0 0.279776 0.979476 0.0158224 0.0216336 0.350381
0 0.430712 0.829662 0.0131599 0.0284193 0.347993
0 0.703573 0.300757 0.0140114 0.0189362 0.347579
0 0.309903 0.972066 0.0164361 0.032491 0.347366
0 0.193729 0.183175 0.0150001 0.0240244 0.347071
0 0.89635 0.986586 0.0145819 0.026358 0.34605
0 0.273938 0.280833 0.00982835 0.0215679 0.345433
0 0.841427 0.386394 0.0185154 0.0320845 0.34462
0 0.424346 0.355438 0.0199607 0.0268972 0.344549
0 0.897141 0.492418 0.0230404 0.0381161 0.341436
0 0.943244 0.851658 0.015979 0.0306224 0.340324
0 0.941797 0.533309 0.0137413 0.0276746 0.339865
0 0.292355 0.0866523 0.0143997 0.0248638 0.339017
0 0.400761 0.0307912 0.0187471 0.036769 0.337447
0 0.673485 0.244829 0.0154816 0.0287701 0.33689
0 0.35977 0.451565 0.0128052 0.0262643 0.33678
0 0.863116 0.010528 0.0213783 0.0200583 0.336445
0 0.478456 0.742101 0.0164871 0.0309492 0.335662
0 0.739709 0.900943 0.0133729 0.023091 0.334316
0 0.447599 0.268917 0.0210672 0.0375354 0.33351
0 0.293756 0.121268 0.0166172 0.0286225 0.332676
0 0.968086 0.135987 0.0169289 0.0321225 0.33227
0 0.486893 0.906525 0.0138832 0.0302521 0.331475
0 0.742378 0.792698 0.0171694 0.033567 0.330337
0 0.93407 0.701084 0.0162338 0.0306085 0.33022
0 0.553765 0.351527 0.0135393 0.0257771 0.328206
0 0.967686 0.177942 0.0181778 0.0268184 0.327591
0 0.323857 0.345162 0.0145221 0.0278995 0.327347
0 0.175023 0.663828 0.0193121 0.0266232 0.326608
0 0.722302 0.587326 0.0180752 0.0340131 0.326141
0 0.695332 0.756433 0.0134933 0.0275798 0.324384
0 0.763206 0.760446 0.0238856 0.0357647 0.324007
0 0.196391 0.27527 0.0142182 0.025566 0.323828
0 0.39333 0.445503 0.0177511 0.0342044 0.323786
0 0.133257 0.391774 0.0241696 0.0315809 0.321982
0 0.233345 0.61953 0.00975237 0.0245683 0.321958
0 0.0520708 0.539764 0.0129885 0.0250848 0.32079
0 0.307742 0.713182 0.0232431 0.0398736 0.320205
0 0.165197 0.0294221 0.0258659 0.0419229 0.319935
0 0.245385 0.599014 0.0167159 0.0271559 0.318909
0 0.446916 0.619171 0.018399 0.027156 0.318603
0 0.713582 0.829796 0.0202814 0.0330217 0.318094
0 0.0165758 0.964515 0.0260992 0.0577206 0.316428
0 0.412154 0.651595 0.0176546 0.0389957 0.315103
0 0.377453 0.696322 0.0120819 0.0246566 0.314673
0 0.442005 0.754176 0.0185034 0.033008 0.314467
0 0.952448 0.0323383 0.0129046 0.0222651 0.314218
0 0.593089 0.00696549 0.0191228 0.0135242 0.313824
0 0.894322 0.616216 0.0169239 0.026292 0.313554
0 0.391714 0.68585 0.0141675 0.0261013 0.312927
0 0.163765 0.400621 0.0122446 0.0216656 0.312837
0 0.778029 0.122495 0.0122028 0.0257233 0.310564
0 0.129232 0.140967 0.0182334 0.0287267 0.308925
0 0.0141325 0.372457 0.0172893 0.0276403 0.308086
0 0.515662 0.104769 0.0121857 0.0238558 0.307817
0 0.21512 0.741968 0.0205149 0.0361091 0.305576
0 0.0224598 0.262762 0.0199918 0.0333006 0.303901
0 0.0380435 0.814407 0.0142482 0.0217092 0.303835
0 0.8606 0.470789 0.0203377 0.0279987 0.303116
0 0.0215988 0.919479 0.0141317 0.02272 0.300932
0 0.987696 0.289769 0.0150822 0.0323799 0.299705
0 0.227476 0.151347 0.013459 0.0223066 0.298087
0 0.791802 0.718879 0.016593 0.0314596 0.297418
0 0.405673 0.341877 0.0106625 0.0166787 0.296781
0 0.0767554 0.13647 0.0138482 0.0256173 0.295729
0 0.393486 0.60237 0.0145254 0.0261965 0.295581
0 0.0672494 0.501145 0.0223264 0.0274536 0.295005
0 0.723752 0.067805 0.0195854 0.0305903 0.294787
0 0.028702 0.631302 0.0159949 0.0279117 0.293119
0 0.38961 0.962291 0.0193075 0.0344153 0.292921
0 0.0463146 0.0254647 0.0270116 0.0487289 0.29236
0 0.287579 0.502057 0.0153415 0.0316288 0.290654
0 0.0809047 0.382509 0.0158254 0.0211663 0.289913
0 0.124742 0.557685 0.0156271 0.0306322 0.289562
0 0.189765 0.373165 0.014717 0.0241353 0.289077
0 0.417749 0.75057 0.0159185 0.0254737 0.289049
0 0.780924 0.793258 0.0201248 0.0403914 0.28862
0 0.162211 0.13156 0.0203547 0.0307607 0.288453
0 0.755012 0.0244626 0.028623 0.0465226 0.288357
0 0.835972 0.440324 0.0175842 0.0271523 0.288248
0 0.59854 0.37829 0.0199855 0.0375493 0.287948
0 0.900495 0.817768 0.0170214 0.020728 0.287923
0 0.381386 0.504458 0.0185305 0.0254306 0.287101
0 0.828557 0.0725991 0.0148755 0.0241039 0.284842
0 0.647438 0.572961 0.0131344 0.0244517 0.284797
0 0.268667 0.656398 0.0172366 0.0288171 0.284713
0 0.182164 0.140423 0.017268 0.0320647 0.283953
0 0.20232 0.601996 0.0122939 0.0350206 0.282783
0 0.298324 0.344464 0.0154168 0.0321304 0.282474
0 0.963521 0.678349 0.0139946 0.0291733 0.282048
0 0.908199 0.252663 0.0132271 0.0262627 0.281866
0 0.413699 0.986831 0.015676 0.0251026 0.281543
0 0.440237 0.549197 0.0234434 0.0363203 0.280395
0 0.406031 0.266369 0.0163735 0.0265192 0.280157
0 0.457395 0.753365 0.0145777 0.0255964 0.280154
0 0.751507 0.152267 0.0173145 0.0381411 0.280117
0 0.408001 0.117593 0.0154301 0.0390897 0.279542
0 0.43394 0.13773 0.0204782 0.0309999 0.279295
0 0.336394 0.397103 0.0145343 0.0263871 0.279241
0 0.222952 0.0495837 0.0154362 0.0334986 0.278849
0 0.401899 0.158983 0.0118521 0.0225741 0.277999
0 0.121592 0.622584 0.0170767 0.0261226 0.275227
0 0.915315 0.471221 0.0168514 0.029431 0.273668
0 0.481642 0.308461 0.0183756 0.0247476 0.273369
0 0.48222 0.153173 0.0234861 0.0324334 0.273304
0 0.315203 0.596096 0.0161407 0.0271012 0.273029
0 0.857405 0.406831 0.0137589 0.0227575 0.272483
0 0.38977 0.778285 0.0118038 0.0290348 0.272341
0 0.107137 0.547564 0.013313 0.0286864 0.27202
0 0.991818 0.331322 0.0160762 0.0274168 0.271267
0 0.433356 0.166214 0.0144729 0.0218412 0.271182
0 0.89202 0.923751 0.0175509 0.0289144 0.27019
0 0.0186028 0.0697836 0.019048 0.033348 0.269822
0 0.371834 0.39925 0.0199142 0.0320106 0.269403
0 0.141608 0.95519 0.0116672 0.0245489 0.268097
0 0.215175 0.0939022 0.0148059 0.0259476 0.266952
0 0.422767 0.292232 0.0156852 0.0260471 0.266854
0 0.423826 0.916576 0.0157823 0.0298708 0.266638
0 0.19285 0.310264 0.0169345 0.0326836 0.266372
0 0.519681 0.467493 0.0114803 0.0306007 0.26625
0 0.81692 0.572301 0.0150791 0.0316497 0.264946
0 0.839129 0.749377 0.0156631 0.030446 0.264536
0 0.330327 0.440854 0.0135746 0.0298575 0.264348
0 0.0641844 0.967092 0.0163315 0.0253438 0.263911
0 0.489769 0.00747636 0.0171392 0.0144575 0.263223
0 0.0143172 0.347151 0.0182049 0.023508 0.263139
0 0.0844686 0.817498 0.0201735 0.0273963 0.262717
0 0.233831 0.252344 0.0101865 0.0235439 0.262331
0 0.15528 0.172039 0.0123292 0.0237276 0.262129
0 0.898939 0.333944 0.0162556 0.0229945 0.261777
0 0.830233 0.945859 0.0177102 0.0329668 0.261116
0 0.15723 0.70964 0.0121471 0.0230888 0.260942
0 0.417428 0.754756 0.0160532 0.0246084 0.25999
0 0.996339 0.810513 0.00732136 0.027752 0.259337
0 0.732721 0.866841 0.0109951 0.0229631 0.259308
0 0.65592 0.618851 0.0167728 0.030358 0.25918
0 0.964847 0.0548866 0.010899 0.0216062 0.257458
0 0.808133 0.353374 0.0240063 0.0268645 0.256327
0 0.184519 0.756632 0.0108449 0.0189724 0.255912
0 0.340906 0.197513 0.0114953 0.0221433 0.255449
0 0.178794 0.537258 0.0207142 0.0310254 0.255199
0 0.262007 0.646997 0.0274785 0.0471758 0.253933
0 0.921606 0.837829 0.0128849 0.0224403 0.253837
0 0.0826089 0.0297992 0.018079 0.0337325 0.253821
0 0.56593 0.326306 0.0112984 0.0280664 0.253416
0 0.552516 0.42185 0.0124756 0.0228029 0.252663
0 0.348609 0.0573898 0.0163006 0.0285331 0.252056
0 0.806218 0.603759 0.0172596 0.0243984 0.25202
0 0.266466 0.930304 0.0184538 0.0305118 0.251629
0 0.831076 0.703852 0.0189062 0.0326682 0.251514
0 0.326539 0.485786 0.0122095 0.0258992 0.251456
0 0.201671 0.415499 0.0199562 0.0335483 0.251322
0 0.820327 0.127382 0.0124905 0.0321997 0.251096
0 0.0326013 0.596019 0.0163252 0.0260451 0.250429
0 0.217357 0.645373 0.0192538 0.0301317 0.250144
