0 0.680511 0.463996 0.0307169 0.0579771 0.688428
0 0.787506 0.359093 0.0210047 0.0530462 0.678265
0 0.780285 0.863963 0.029822 0.0413267 0.674626
0 0.881208 0.558086 0.0182274 0.0372859 0.673557
0 0.859622 0.527891 0.0222158 0.0370726 0.671816
0 0.546118 0.296351 0.0263672 0.0447324 0.669755
0 0.775226 0.820146 0.0193886 0.0349019 0.669755
0 0.705658 0.794618 0.0241531 0.0385088 0.665401
0 0.727173 0.957585 0.029364 0.0536614 0.661368
0 0.857525 0.48209 0.0248182 0.0475594 0.654432
0 0.598265 0.237124 0.0234343 0.0443083 0.654431
0 0.7287 0.274554 0.0245561 0.0373861 0.654303
0 0.975527 0.935126 0.0235588 0.0457609 0.646398
0 0.891855 0.685539 0.0201729 0.0346447 0.64537
0 0.910776 0.34514 0.0209335 0.0477201 0.642514
0 0.71143 0.842077 0.0217005 0.0385491 0.637545
0 0.823554 0.31003 0.0150929 0.0294256 0.637262
0 0.596294 0.720348 0.0259045 0.0423527 0.636444
0 0.661206 0.202815 0.0307053 0.0445262 0.634608
0 0.953083 0.504246 0.020261 0.0373445 0.633692
0 0.888602 0.5078 0.019207 0.036607 0.63124
0 0.856985 0.0646269 0.0178078 0.0376467 0.629168
0 0.920591 0.219686 0.0216873 0.0350761 0.628896
0 0.476084 0.248721 0.0195704 0.0347009 0.628722
0 0.513597 0.348422 0.0220026 0.0323292 0.62711
0 0.848052 0.776551 0.0217093 0.0381688 0.625059
0 0.809765 0.58753 0.0164405 0.0351274 0.623789
0 0.809667 0.898434 0.0208246 0.0328359 0.62371
0 0.963639 0.0116761 0.0190744 0.0226763 0.623708
0 0.794359 0.982566 0.0290834 0.0335012 0.623265
0 0.82989 0.22894 0.0203186 0.0416899 0.620955
0 0.897877 0.39101 0.018018 0.0327294 0.617922
0 0.926363 0.686609 0.0182814 0.0322799 0.617913
0 0.603305 0.975999 0.0205484 0.0407471 0.616903
0 0.988403 0.13369 0.0229565 0.0532035 0.615027
0 0.871692 0.0191513 0.0204702 0.0362538 0.612528
0 0.861383 0.72116 0.01777 0.0327908 0.61118
0 0.747163 0.345695 0.0189542 0.0341783 0.610596
0 0.90602 0.818768 0.0218056 0.039168 0.606308
0 0.706726 0.523647 0.0231871 0.042933 0.604874
0 0.831145 0.545874 0.0219952 0.0470439 0.604726
0 0.603075 0.882417 0.0204632 0.0353695 0.600932
0 0.789169 0.215218 0.0189758 0.0340247 0.600839
0 0.742507 0.600317 0.0189915 0.0436327 0.599503
0 0.975438 0.298464 0.0175264 0.0418029 0.599008
0 0.950269 0.230187 0.0144321 0.0266211 0.598472
0 0.955231 0.0532966 0.0178154 0.040576 0.597363
0 0.880459 0.308757 0.0199501 0.039854 0.5971
0 0.756487 0.475675 0.0204652 0.0394602 0.593163
0 0.786879 0.598844 0.0218115 0.0500615 0.591714
0 0.934656 0.19376 0.0131996 0.024634 0.589867
0 0.665371 0.734036 0.0253624 0.0423494 0.58954
0 0.907532 0.554666 0.0265774 0.0385804 0.588477
0 0.719582 0.637364 0.0238256 0.0368293 0.588295
0 0.894333 0.185612 0.0174416 0.0364396 0.587458
0 0.684545 0.675764 0.0255606 0.048497 0.585653
0 0.873432 0.360167 0.0153843 0.0329829 0.585608
0 0.760749 0.652277 0.0202061 0.038271 0.585315
0 0.692495 0.26048 0.015523 0.0355822 0.577742
0 0.681015 0.806002 0.0184568 0.035091 0.576989
0 0.827206 0.38669 0.0198307 0.0386037 0.57597
0 0.814548 0.177579 0.0294018 0.0521133 0.574836
0 0.80921 0.80094 0.0170689 0.0311452 0.573739
0 0.75511 0.299011 0.0187279 0.0319816 0.573502
0 0.594183 0.170038 0.0175073 0.0340408 0.573141
0 0.650015 0.630159 0.0190716 0.0320776 0.571351
0 0.569507 0.481526 0.0247603 0.0549233 0.569082
0 0.732906 0.817199 0.0201796 0.0326701 0.568421
0 0.785989 0.718825 0.0175195 0.0316596 0.56684
0 0.943765 0.273355 0.017709 0.0288924 0.565572
0 0.932438 0.4729 0.0163 0.0378401 0.561622
0 0.964656 0.756707 0.0205406 0.0388126 0.561575
0 0.84628 0.388426 0.0156837 0.0323997 0.561539
0 0.875728 0.875122 0.0165833 0.0445953 0.558863
0 0.766384 0.0218859 0.0231525 0.0408979 0.556363
0 0.728742 0.178257 0.0310944 0.0536352 0.556339
0 0.890082 0.350021 0.0159851 0.0300298 0.556271
0 0.963938 0.399402 0.0146599 0.0254848 0.555229
0 0.908261 0.639672 0.0141379 0.028305 0.555118
0 0.828119 0.733448 0.0203213 0.038289 0.552491
0 0.806155 0.266191 0.0191927 0.0379467 0.551253
0 0.796531 0.423912 0.0186932 0.0312385 0.549325
0 0.83762 0.0155572 0.0190895 0.0305954 0.547676
0 0.816525 0.420486 0.0145981 0.0271237 0.546385
0 0.752487 0.73702 0.0182571 0.0370348 0.546333
0 0.711815 0.24496 0.0134177 0.0307951 0.545802
0 0.74331 0.696889 0.0272343 0.0400397 0.544821
0 0.855439 0.42058 0.0143906 0.0369104 0.543212
0 0.992577 0.0636581 0.0148466 0.0410142 0.541327
0 0.768483 0.329518 0.0167097 0.0355086 0.541165
0 0.862398 0.860039 0.0161346 0.0327233 0.540015
0 0.858072 0.349317 0.0157002 0.0336196 0.536407
0 0.890279 0.638599 0.0153898 0.0292882 0.533897
0 0.794509 0.65126 0.0189021 0.0350211 0.533325
0 0.76734 0.777112 0.0187636 0.0400987 0.531398
0 0.460821 0.34 0.0193575 0.0393239 0.528397
0 0.869942 0.675557 0.0181538 0.0343024 0.52813
0 0.363838 0.910418 0.0227321 0.0445155 0.525846
0 0.811075 0.452246 0.0147774 0.0263828 0.514311
0 0.924454 0.59476 0.0188557 0.0416579 0.511121
0 0.783694 0.281894 0.0139746 0.0326307 0.511079
0 0.5932 0.281228 0.0198502 0.0370861 0.507979
0 0.728001 0.436865 0.0192721 0.0389248 0.505433
0 0.722068 0.565058 0.0181225 0.0327037 0.501469
0 0.553977 0.201832 0.0166554 0.0308337 0.501408
0 0.922126 0.149932 0.0151669 0.0277905 0.49971
0 0.537781 0.18329 0.0220284 0.0451988 0.498373
0 0.956022 0.545805 0.0165853 0.0306953 0.496446
0 0.723278 0.38137 0.0223202 0.0457457 0.496292
0 0.810242 0.513539 0.0216724 0.0336896 0.495251
0 0.940275 0.771258 0.0190993 0.0375037 0.494523
0 0.994335 0.552643 0.0113304 0.0292401 0.493861
0 0.78555 0.544445 0.0162838 0.0335237 0.491786
0 0.918516 0.271931 0.0127274 0.0244116 0.489197
0 0.890194 0.861858 0.0136158 0.0251082 0.488639
0 0.809889 0.2317 0.0124502 0.0280088 0.487573
0 0.688417 0.877153 0.0190709 0.0268833 0.486222
0 0.962915 0.337266 0.0200284 0.0374528 0.483573
0 0.658691 0.360861 0.0176055 0.0416789 0.482174
0 0.984181 0.406647 0.0198093 0.0308712 0.481846
0 0.716272 0.670265 0.0187469 0.0304014 0.479873
0 0.664737 0.595879 0.019254 0.034962 0.47732
0 0.659978 0.948458 0.0270517 0.0658365 0.471498
0 0.949214 0.584314 0.0176359 0.028449 0.47141
0 0.977066 0.236037 0.0241161 0.0474274 0.470671
0 0.944493 0.963778 0.035533 0.0650983 0.465243
0 0.929956 0.636874 0.0160301 0.0298555 0.463875
0 0.903194 0.0134044 0.0197598 0.0262657 0.462989
0 0.890782 0.121734 0.0119814 0.0265939 0.460407
0 0.745284 0.237945 0.0216972 0.0372535 0.456408
0 0.383473 0.952117 0.0152994 0.0304291 0.454785
0 0.786341 0.477825 0.022131 0.0352473 0.45469
0 0.5168 0.793373 0.0177045 0.0444892 0.44466
0 0.510567 0.195684 0.0174429 0.031576 0.442047
0 0.931538 0.365929 0.0148963 0.0267121 0.441853
0 0.89652 0.290683 0.0116932 0.0275339 0.440891
0 0.93102 0.534073 0.0176849 0.0381491 0.440227
0 0.909334 0.705324 0.0117855 0.0232878 0.438926
0 0.437941 0.0732488 0.0190517 0.0348788 0.43725
0 0.608069 0.937072 0.017986 0.0271479 0.43677
0 0.709048 0.283058 0.0121174 0.0302806 0.433129
0 0.930476 0.249576 0.0168537 0.0321912 0.429765
0 0.990213 0.462557 0.0195732 0.0397566 0.428939
0 0.561348 0.13548 0.0155037 0.0378618 0.427316
0 0.450913 0.139541 0.0242626 0.0481148 0.426563
0 0.964143 0.154161 0.0194633 0.0393813 0.425048
0 0.951594 0.112274 0.0149671 0.0295426 0.42278
0 0.780881 0.437111 0.0142082 0.033932 0.422607
0 0.624348 0.24425 0.0157626 0.0381983 0.421824
0 0.958826 0.291736 0.0139172 0.0266266 0.421775
0 0.756016 0.890561 0.0174868 0.0378486 0.420016
0 0.730835 0.905576 0.0174522 0.02545 0.418542
0 0.661489 0.262395 0.0183161 0.0337722 0.41591
0 0.929783 0.72866 0.0198929 0.0349101 0.415207
0 0.879766 0.452082 0.0205961 0.0326053 0.415154
0 0.96545 0.26133 0.0162388 0.0259043 0.413393
0 0.896014 0.735407 0.0174915 0.0422297 0.412932
0 0.678492 0.358587 0.0184658 0.0340207 0.409078
0 0.836368 0.0909787 0.0184809 0.030208 0.401655
0 0.521884 0.300842 0.0138287 0.0312846 0.401175
0 0.767242 0.566697 0.0195548 0.0346568 0.396677
0 0.738437 0.473887 0.014826 0.0350488 0.393785
0 0.994053 0.0214079 0.0118937 0.032839 0.391113
0 0.6743 0.146213 0.0191976 0.0345307 0.385544
0 0.863674 0.262284 0.0169601 0.0295852 0.384059
0 0.564476 0.408167 0.0122999 0.0382896 0.383208
0 0.542415 0.342452 0.0199433 0.0291878 0.38137
0 0.993738 0.893812 0.0125246 0.0409695 0.379712
0 0.992597 0.661999 0.0148062 0.033826 0.378355
0 0.598243 0.311482 0.0190407 0.0317312 0.376679
0 0.817366 0.486556 0.0135983 0.0262226 0.373391
0 0.979504 0.631969 0.0173393 0.0326899 0.372209
0 0.699132 0.94951 0.017544 0.0328864 0.370154
0 0.649138 0.146727 0.0183662 0.0396522 0.369331
0 0.89309 0.736428 0.0226214 0.0384126 0.368495
0 0.957162 0.293585 0.015189 0.0309095 0.367074
0 0.709207 0.390532 0.0158854 0.0321455 0.366913
0 0.915023 0.456965 0.0169155 0.0244971 0.364898
0 0.763335 0.411789 0.019493 0.037057 0.364566
0 0.901222 0.0800295 0.0141111 0.0230362 0.362553
0 0.470111 0.615258 0.0188372 0.048459 0.360176
0 0.864293 0.748108 0.0135175 0.0225338 0.353002
0 0.955052 0.182282 0.0162579 0.0254634 0.351983
0 0.938837 0.39172 0.0107319 0.0191029 0.350125
0 0.895998 0.465672 0.0138601 0.0307142 0.348323
0 0.494124 0.437735 0.0195362 0.0327754 0.345781
0 0.907684 0.146803 0.00901756 0.0233077 0.345038
0 0.8285 0.454925 0.0163193 0.0283712 0.344632
0 0.497872 0.621994 0.0197201 0.0317098 0.343916
0 0.705327 0.91056 0.0242332 0.0456936 0.343038
0 0.839216 0.630588 0.0173674 0.0307736 0.342096
0 0.819821 0.620191 0.0117868 0.0299461 0.332503
0 0.756827 0.416045 0.030879 0.0433434 0.332478
0 0.803189 0.838393 0.0177258 0.034514 0.331588
0 0.730587 0.88449 0.0234497 0.0405524 0.331536
0 0.967077 0.76021 0.0185795 0.0345311 0.330357
0 0.880016 0.145656 0.012225 0.0198293 0.328667
0 0.931635 0.0806797 0.0197857 0.0343206 0.324591
0 0.573256 0.945367 0.0277855 0.0361274 0.324357
0 0.866394 0.822952 0.0219868 0.0326753 0.32278
0 0.835857 0.542362 0.0141966 0.0424878 0.319811
0 0.709266 0.75315 0.0155583 0.0342573 0.31921
0 0.849727 0.158353 0.0243202 0.0468671 0.317536
0 0.563126 0.242901 0.0268213 0.0472649 0.315695
0 0.844466 0.812093 0.0187378 0.0325646 0.315691
0 0.929214 0.00784433 0.0168842 0.0150868 0.315105
0 0.649316 0.844139 0.047488 0.0880649 0.312291
0 0.867006 0.234862 0.0122303 0.0317706 0.31117
0 0.696356 0.357059 0.0181406 0.0333335 0.31029
0 0.454549 0.272517 0.0220997 0.0487678 0.310054
0 0.855942 0.566947 0.0201843 0.0319005 0.307266
0 0.430313 0.505558 0.0195431 0.034321 0.307196
0 0.551922 0.199952 0.0155748 0.0315017 0.299159
0 0.693906 0.304777 0.0175975 0.0333841 0.29794
0 0.765957 0.268739 0.0197262 0.0338541 0.295473
0 0.35712 0.81961 0.0183264 0.0376061 0.294804
0 0.604562 0.197555 0.0109081 0.028234 0.294714
0 0.809248 0.273535 0.0175842 0.0339754 0.289811
0 0.406169 0.820254 0.0179514 0.0343374 0.289448
0 0.747331 0.851138 0.0265945 0.0321092 0.286374
0 0.530398 0.52189 0.0123913 0.0301893 0.280668
0 0.992774 0.199584 0.0144518 0.0333781 0.278547
0 0.864474 0.62274 0.00967941 0.0311537 0.277488
0 0.807229 0.087972 0.0160508 0.0268852 0.276905
0 0.718807 0.387035 0.0254541 0.0385105 0.275889
0 0.871908 0.112941 0.0146286 0.0237291 0.275563
0 0.806487 0.083707 0.0166271 0.0351498 0.27327
0 0.834762 0.777467 0.0138021 0.0338616 0.273001
0 0.680873 0.907484 0.0178463 0.0306678 0.272164
0 0.931887 0.119909 0.0174778 0.0273389 0.271943
0 0.747381 0.568153 0.0126427 0.0216531 0.27118
0 0.902088 0.017442 0.0191029 0.0310875 0.269039
0 0.73939 0.561628 0.0135736 0.0254879 0.267899
0 0.711608 0.712534 0.0244832 0.0349182 0.266718
0 0.506599 0.554959 0.0177932 0.0310699 0.266564
0 0.540209 0.252741 0.0134815 0.0292383 0.265079
0 0.902317 0.0568311 0.0184705 0.0299413 0.264579
0 0.641696 0.594197 0.0197301 0.0331741 0.263107
0 0.81107 0.332913 0.0120062 0.0290432 0.261459
0 0.750636 0.570329 0.0109715 0.0235166 0.260693
0 0.444035 0.385925 0.0243202 0.0424414 0.260461
0 0.650131 0.400357 0.0159086 0.0274482 0.259506
0 0.857346 0.580897 0.0263763 0.0441597 0.258846
0 0.69967 0.580503 0.0219165 0.034502 0.258772
0 0.682327 0.112721 0.019088 0.0418615 0.257493
0 0.833021 0.504541 0.0174503 0.0278876 0.257106
0 0.791698 0.478852 0.0222794 0.0360187 0.254586
0 0.980281 0.573079 0.0194594 0.0333211 0.254535
0 0.644815 0.276643 0.0147001 0.0301426 0.251569
0 0.680467 0.598739 0.013621 0.0317546 0.250614
