0 0.963557 0.0523207 0.0327483 0.055926 0.703892
0 0.961702 0.260821 0.0216511 0.0444629 0.692915
0 0.828745 0.47828 0.0237595 0.0433914 0.666096
0 0.832291 0.265331 0.0254746 0.0431571 0.657697
0 0.795529 0.539919 0.0210003 0.0435647 0.651039
0 0.98327 0.0121446 0.0211876 0.0238439 0.6414
0 0.920756 0.573216 0.0221687 0.0406447 0.640792
0 0.906765 0.516902 0.0242378 0.040817 0.636786
0 0.825488 0.557671 0.0220093 0.0484789 0.634326
0 0.825436 0.214716 0.0227535 0.0374094 0.634128
0 0.711385 0.286195 0.0157444 0.0293463 0.62794
0 0.89598 0.382053 0.0193081 0.0342779 0.625481
0 0.716794 0.13523 0.0202932 0.0362821 0.624067
0 0.961399 0.656439 0.0242887 0.0440579 0.61759
0 0.913429 0.92622 0.0214592 0.0342434 0.617553
0 0.950139 0.95686 0.0141137 0.031778 0.617421
0 0.831363 0.0612669 0.0166626 0.0318387 0.611299
0 0.887698 0.100387 0.0194328 0.0417653 0.607869
0 0.764218 0.0606969 0.0188633 0.0375372 0.607843
0 0.800531 0.634856 0.0174453 0.0357357 0.606986
0 0.960311 0.304375 0.016998 0.0314863 0.606492
0 0.743288 0.250028 0.0140626 0.0319806 0.603836
0 0.011861 0.710482 0.0236408 0.0686094 0.601921
0 0.806527 0.586835 0.018148 0.0371957 0.598204
0 0.953544 0.449577 0.0233574 0.0485967 0.597425
0 0.814038 0.764308 0.0237141 0.0400525 0.596898
0 0.977907 0.327997 0.0184757 0.03759 0.59445
0 0.747466 0.044777 0.0175193 0.0313813 0.590618
0 0.965095 0.559913 0.016799 0.0336978 0.582506
0 0.805705 0.444651 0.0177174 0.0421699 0.578697
0 0.919726 0.871684 0.0236567 0.0409137 0.578398
0 0.666945 0.169649 0.0150993 0.0281224 0.572917
0 0.861164 0.0735507 0.0203148 0.0339339 0.571884
0 0.826275 0.642793 0.0223667 0.042225 0.57119
0 0.822237 0.435545 0.017812 0.0313617 0.570524
0 0.850663 0.69604 0.0181656 0.0289485 0.569947
0 0.70886 0.0259569 0.0250304 0.0467088 0.568115
0 0.939211 0.627468 0.016891 0.0351266 0.564362
0 0.784538 0.498569 0.0195051 0.032617 0.563278
0 0.88057 0.662745 0.0184319 0.036664 0.562864
0 0.0848737 0.847925 0.0155391 0.0305354 0.557157
0 0.957052 0.338587 0.0159258 0.0277775 0.555416
0 0.799616 0.727477 0.0175163 0.0279698 0.552972
0 0.872011 0.126574 0.0173321 0.0332549 0.551729
0 0.804997 0.381206 0.0271528 0.0436108 0.550936
0 0.867727 0.00985592 0.0181099 0.0184427 0.545106
0 0.957295 0.37606 0.0256138 0.0354597 0.543787
0 0.993509 0.047761 0.0129814 0.0377377 0.539565
0 0.887244 0.0133138 0.014938 0.0251759 0.538573
0 0.746771 0.387138 0.0158227 0.0338862 0.538562
0 0.669754 0.0760978 0.0148836 0.033981 0.537319
0 0.819045 0.176303 0.0160687 0.0281331 0.536513
0 0.781014 0.606361 0.0184418 0.0339047 0.533512
0 0.726015 0.0820493 0.0165264 0.0348163 0.53149
0 0.865719 0.193087 0.0188431 0.0407984 0.528534
0 0.724345 0.233023 0.0165559 0.0316662 0.525894
0 0.699552 0.317977 0.0170157 0.0309326 0.521005
0 0.976579 0.901769 0.0145775 0.0299996 0.520268
0 0.684359 0.014988 0.0179804 0.0294583 0.518525
0 0.89352 0.917621 0.0161779 0.0311651 0.517282
0 0.0468519 0.893592 0.0329148 0.0558719 0.516712
0 0.908574 0.98189 0.0287434 0.0356608 0.511621
0 0.753814 0.136656 0.0174894 0.029731 0.506531
0 0.85721 0.292813 0.0199654 0.039101 0.505884
0 0.806582 0.673161 0.0180847 0.0361759 0.50552
0 0.896127 0.0543175 0.0190891 0.0340526 0.505073
0 0.658224 0.0216579 0.0273183 0.0426476 0.504693
0 0.889109 0.810008 0.0308968 0.064252 0.501934
0 0.757457 0.592613 0.0165134 0.0317023 0.500782
0 0.0460737 0.779864 0.0177265 0.0340627 0.494572
0 0.741891 0.62219 0.0188076 0.0390717 0.493043
0 0.886434 0.592604 0.0268864 0.0565825 0.492467
0 0.980832 0.369429 0.0131519 0.0274708 0.492341
0 0.879496 0.549461 0.0191372 0.0287382 0.488716
0 0.787219 0.698893 0.018326 0.0306659 0.483306
0 0.0185411 0.899811 0.0182689 0.0300805 0.481905
0 0.855827 0.663111 0.0179646 0.0287627 0.479891
0 0.76479 0.169985 0.0181002 0.0339154 0.479694
0 0.683368 0.0520515 0.0159044 0.0298076 0.475398
0 0.740551 0.0109182 0.0191692 0.0208036 0.474931
0 0.921602 0.421657 0.0185707 0.0321738 0.474488
0 0.738863 0.294974 0.0168407 0.0301546 0.470116
0 0.666674 0.122816 0.0105313 0.0305323 0.469441
0 0.7017 0.179066 0.0154892 0.0257005 0.468357
0 0.990838 0.981757 0.0183235 0.0335368 0.46527
0 0.0109896 0.0653937 0.0218768 0.0477489 0.459176
0 0.952955 0.183876 0.0247154 0.041635 0.456609
0 0.726155 0.434854 0.0126275 0.0278699 0.456386
0 0.68348 0.113391 0.021538 0.0439107 0.456335
0 0.98832 0.288394 0.0233598 0.0427803 0.456013
0 0.784249 0.223184 0.0245416 0.0400946 0.453994
0 0.990708 0.421153 0.0185833 0.038346 0.450837
0 0.780216 0.0207195 0.0181271 0.0392045 0.448911
0 0.810296 0.0685088 0.0179173 0.0309189 0.446896
0 0.992036 0.249442 0.0159287 0.0331461 0.445052
0 0.993334 0.35351 0.0133314 0.0362719 0.442517
0 0.986092 0.47039 0.0186737 0.0348055 0.438868
0 0.00718171 0.0143922 0.0143634 0.0281549 0.437283
0 0.912153 0.139484 0.0165451 0.0289639 0.434826
0 0.721891 0.397676 0.0163485 0.0277566 0.429319
0 0.798841 0.275681 0.0290203 0.0488127 0.425832
0 0.96539 0.968835 0.0148705 0.0325977 0.42364
0 0.747852 0.106741 0.0179778 0.0299769 0.419626
0 0.692162 0.153976 0.0147305 0.0301898 0.417526
0 0.886382 0.0940803 0.0208721 0.0424874 0.414647
0 0.884753 0.603935 0.0259136 0.0415744 0.411258
0 0.802694 0.158821 0.0143364 0.0250459 0.408141
0 0.698965 0.0875631 0.00982056 0.0227245 0.407878
0 0.770837 0.136937 0.0103388 0.0235885 0.407241
0 0.919401 0.182506 0.0261696 0.0436686 0.406956
0 0.711496 0.572587 0.0205877 0.0332386 0.40683
0 0.932321 0.339957 0.0182316 0.0339044 0.404979
0 0.849138 0.545856 0.0182487 0.0384279 0.403289
0 0.888388 0.107837 0.0172613 0.0307715 0.401407
0 0.806137 0.487422 0.0157012 0.0266139 0.399349
0 0.761543 0.215559 0.0178473 0.0313297 0.398454
0 0.723468 0.648363 0.0210827 0.0291638 0.397638
0 0.579287 0.170296 0.0346838 0.0709144 0.395186
0 0.721648 0.193091 0.0140936 0.0254481 0.390092
0 0.768332 0.108385 0.0127074 0.0268281 0.3896
0 0.953638 0.862311 0.0172115 0.028823 0.387969
0 0.0495228 0.94626 0.0167642 0.0241874 0.386804
0 0.921844 0.876195 0.0241906 0.0399377 0.38632
0 0.763546 0.352304 0.0126663 0.0281768 0.385563
0 0.939266 0.0167765 0.0227238 0.0331055 0.385358
0 0.816405 0.131583 0.0160088 0.0304711 0.382244
0 0.0784534 0.878437 0.0230557 0.0303674 0.378207
0 0.791239 0.0647937 0.0203547 0.0309544 0.377075
0 0.992049 0.602798 0.0159014 0.0288198 0.37458
0 0.92418 0.738663 0.0149399 0.0252146 0.372557
0 0.961725 0.7071 0.019186 0.0323056 0.367873
0 0.888668 0.587865 0.0241493 0.0453188 0.366278
0 0.772148 0.314962 0.025313 0.0471392 0.36101
0 0.728724 0.317685 0.0142131 0.0228494 0.358069
0 0.84585 0.415066 0.0177317 0.0282153 0.356762
0 0.90588 0.759488 0.0236435 0.0363539 0.35551
0 0.845325 0.031154 0.0131152 0.0280562 0.355385
0 0.905155 0.0176197 0.0183487 0.0340187 0.353125
0 0.873768 0.874859 0.0394698 0.0710385 0.351433
0 0.977482 0.573037 0.0100043 0.0183487 0.351329
0 0.932596 0.710615 0.0177559 0.0278473 0.348489
0 0.789214 0.176893 0.0180166 0.0307968 0.346556
0 0.896804 0.202078 0.0237009 0.0511529 0.343441
0 0.74401 0.0101483 0.0249968 0.0193621 0.342605
0 0.982853 0.190003 0.017411 0.0267945 0.341899
0 0.739194 0.619737 0.0229956 0.0388844 0.340142
0 0.702701 0.387153 0.0200459 0.0343962 0.337658
0 0.807823 0.0313876 0.015894 0.0262841 0.336514
0 0.771107 0.640599 0.0238367 0.0351827 0.328333
0 0.0204539 0.799208 0.0313524 0.0445587 0.324798
0 0.90593 0.107108 0.0143265 0.0281685 0.323554
0 0.872767 0.43844 0.0175549 0.0331177 0.322394
0 0.61099 0.33282 0.0291729 0.0540173 0.315241
0 0.969809 0.565433 0.0126967 0.025903 0.313355
0 0.0170656 0.946363 0.0207816 0.0349006 0.306842
0 0.825416 0.0112062 0.0186201 0.0218025 0.305922
0 0.793352 0.123053 0.0176325 0.0337436 0.304525
0 0.685711 0.182234 0.0103818 0.0192635 0.299128
0 0.831557 0.688605 0.0167246 0.0316761 0.296416
0 0.752481 0.174482 0.0135748 0.0310932 0.295207
0 0.78315 0.452887 0.0213852 0.0341943 0.293406
0 0.851527 0.54778 0.0160797 0.0371905 0.292132
0 0.924397 0.879189 0.0200634 0.0360704 0.288304
0 0.013112 0.760614 0.0213718 0.032136 0.285938
0 0.909924 0.762669 0.0275883 0.0318865 0.285298
0 0.69427 0.154723 0.0118286 0.0279227 0.276383
0 0.907427 0.598325 0.0122004 0.024717 0.274588
0 0.631152 0.473303 0.027936 0.0655331 0.274132
0 0.778364 0.366393 0.0130711 0.0251806 0.272689
0 0.745491 0.422946 0.0140186 0.0282495 0.271388
0 0.975225 0.433937 0.0163559 0.035019 0.26848
0 0.692154 0.498117 0.0210169 0.0317103 0.266833
0 0.993694 0.663967 0.0126125 0.0352946 0.261995
0 0.76894 0.683377 0.0158796 0.0269138 0.256368
0 0.0137278 0.865546 0.0265536 0.0442039 0.256008
0 0.854064 0.236562 0.0193422 0.0351068 0.251116
0 0.859832 0.553882 0.0154282 0.0324459 0.246905
0 0.747231 0.203051 0.012907 0.0208842 0.246343
0 0.858298 0.0396132 0.0141922 0.0253413 0.24468
0 0.939688 0.540068 0.021381 0.034122 0.242315
0 0.853412 0.798909 0.0354416 0.0622498 0.241318
0 0.853768 0.549498 0.0160778 0.0356512 0.239328
0 0.72996 0.595439 0.0170259 0.0434755 0.236201
0 0.821924 0.711076 0.0191727 0.0293402 0.232569
0 0.703917 0.531531 0.0128233 0.0252706 0.231949
0 0.762266 0.172062 0.0188573 0.0346431 0.230046
0 0.812918 0.334086 0.0148721 0.0276549 0.22248
0 0.895792 0.718487 0.0252182 0.0329888 0.221712
0 0.731692 0.612015 0.0161791 0.0349301 0.216619
0 0.722245 0.201355 0.015391 0.0203093 0.213518
0 0.903055 0.75734 0.0180509 0.035965 0.212348
0 0.696429 0.239767 0.0177551 0.0298866 0.212302
0 0.873845 0.28417 0.0152622 0.0389815 0.209728
0 0.827955 0.0906717 0.012627 0.0168428 0.207045
0 0.930176 0.809355 0.0175343 0.0284305 0.20618
0 0.808463 0.081306 0.0209429 0.0375227 0.205572
0 0.881239 0.19362 0.00853977 0.0385615 0.200731
