0 0.847928 0.972906 0.0287558 0.0524549 0.714941
0 0.946101 0.229327 0.0213444 0.0389662 0.698597
0 0.76794 0.841652 0.0205706 0.0378844 0.688032
0 0.610501 0.625399 0.029845 0.0448602 0.686405
0 0.971871 0.787957 0.0225052 0.0397832 0.672036
0 0.5324 0.194275 0.0224636 0.0370207 0.668581
0 0.790376 0.813178 0.0223543 0.0476044 0.668087
0 0.676955 0.445989 0.0273567 0.0468994 0.660659
0 0.963713 0.829692 0.0203491 0.0338864 0.660095
0 0.557668 0.340705 0.0173739 0.0320447 0.658808
0 0.857464 0.887172 0.0165056 0.0366133 0.647017
0 0.891455 0.533197 0.023064 0.0485509 0.646941
0 0.37909 0.39933 0.0220943 0.0414725 0.643965
0 0.856459 0.702216 0.0211082 0.0391598 0.64123
0 0.645531 0.57615 0.0269817 0.0462175 0.639274
0 0.459975 0.260752 0.0234739 0.0381314 0.637134
0 0.747927 0.0661953 0.0173395 0.0406904 0.631462
0 0.979419 0.266041 0.0198354 0.0427186 0.631241
0 0.844574 0.536818 0.019445 0.0383761 0.625964
0 0.955238 0.169743 0.0204174 0.0376223 0.622777
0 0.673245 0.401738 0.0173588 0.0325434 0.622389
0 0.524689 0.0631741 0.0179052 0.0317939 0.620794
0 0.872952 0.842262 0.017226 0.0335856 0.620093
0 0.320498 0.269195 0.0131406 0.0340653 0.619271
0 0.955903 0.69901 0.0223228 0.0443661 0.613335
0 0.483605 0.237415 0.0139514 0.0303841 0.612717
0 0.60089 0.299402 0.0182564 0.0373699 0.612087
0 0.821034 0.483729 0.0147362 0.0299952 0.612
0 0.782286 0.514129 0.0153224 0.0316945 0.606671
0 0.920566 0.0519407 0.0231827 0.0397214 0.60647
0 0.894654 0.132774 0.0144173 0.0304416 0.605535
0 0.844611 0.121348 0.0216267 0.0380398 0.605171
0 0.900557 0.622941 0.0183044 0.0384298 0.602288
0 0.467185 0.313302 0.0221788 0.0487388 0.601886
0 0.818318 0.616065 0.0175816 0.0461813 0.600075
0 0.919066 0.452171 0.0170795 0.0309514 0.600065
0 0.408322 0.22313 0.0249774 0.0427024 0.597894
0 0.955055 0.486432 0.0173409 0.0376302 0.597623
0 0.783009 0.586178 0.0146228 0.0337345 0.597586
0 0.566686 0.145288 0.0282419 0.0533341 0.597317
0 0.93855 0.560279 0.0196976 0.0384143 0.595368
0 0.650028 0.266032 0.0165212 0.0340389 0.592081
0 0.806709 0.781615 0.0168549 0.0349087 0.591336
0 0.654041 0.378454 0.0199125 0.0371058 0.590713
0 0.58222 0.323508 0.0152809 0.0292999 0.588829
0 0.939328 0.511985 0.0166561 0.030583 0.587765
0 0.931598 0.0999247 0.0150143 0.0246666 0.584154
0 0.635723 0.425602 0.0208805 0.0407211 0.584112
0 0.618011 0.118041 0.0213652 0.0372812 0.583103
0 0.640355 0.145398 0.0175207 0.0316309 0.582403
0 0.576258 0.596727 0.0208702 0.0362083 0.582299
0 0.91358 0.10343 0.0160564 0.0296786 0.581555
0 0.687892 0.194526 0.0161018 0.0321414 0.578954
0 0.611931 0.255683 0.0175503 0.0342477 0.578187
0 0.37948 0.244543 0.0227659 0.0394549 0.577352
0 0.908265 0.371912 0.021451 0.0358558 0.576765
0 0.713938 0.11023 0.0216093 0.039122 0.575188
0 0.890844 0.0846832 0.0177921 0.0333839 0.57219
0 0.823162 0.152825 0.0150974 0.0326249 0.569548
0 0.571807 0.20821 0.0162515 0.0358322 0.569062
0 0.912427 0.807612 0.015942 0.0278255 0.567573
0 0.992755 0.886208 0.0144904 0.0399228 0.565684
0 0.867112 0.521776 0.0169285 0.0395955 0.563943
0 0.744573 0.384959 0.0162945 0.0305258 0.561858
0 0.444565 0.434838 0.0278861 0.0521691 0.560956
0 0.869884 0.228412 0.022649 0.0358516 0.559646
0 0.988718 0.954592 0.0222012 0.0502067 0.558073
0 0.69156 0.130614 0.0180939 0.0341633 0.556687
0 0.705608 0.570937 0.0170267 0.0341986 0.556062
0 0.590566 0.25178 0.021411 0.0319722 0.555618
0 0.782309 0.018457 0.02389 0.0356769 0.555526
0 0.690473 0.378965 0.01388 0.0299851 0.551895
0 0.428634 0.134777 0.0197111 0.0364477 0.550484
0 0.688116 0.0207098 0.0324964 0.0403204 0.549992
0 0.346632 0.304236 0.0206625 0.0369961 0.549172
0 0.516865 0.259569 0.0182453 0.035499 0.548958
0 0.816723 0.240515 0.0188572 0.0379607 0.545016
0 0.714169 0.70948 0.0139812 0.034708 0.543848
0 0.736665 0.441029 0.0219635 0.0482039 0.542413
0 0.634254 0.192614 0.0173852 0.0331108 0.541754
0 0.837054 0.250774 0.0155319 0.0258581 0.540986
0 0.751935 0.324738 0.0156469 0.0312348 0.540422
0 0.875231 0.342482 0.0136223 0.0267795 0.54019
0 0.764732 0.362651 0.0197195 0.0438334 0.53893
0 0.827492 0.786131 0.0100109 0.0368974 0.538137
0 0.685635 0.499277 0.0299768 0.0460915 0.537363
0 0.850781 0.025844 0.0139393 0.0273535 0.536322
0 0.672563 0.972869 0.021662 0.0429352 0.535364
0 0.927057 0.194935 0.0242004 0.0475038 0.533265
0 0.877336 0.131659 0.0163948 0.0325748 0.532198
0 0.836562 0.913028 0.0176914 0.0299349 0.530837
0 0.492716 0.149327 0.0250127 0.0392721 0.528418
0 0.879995 0.255313 0.0161999 0.0243839 0.527065
0 0.891574 0.172779 0.0149387 0.0283129 0.525713
0 0.805739 0.139032 0.0168785 0.0316648 0.523044
0 0.916898 0.320232 0.0201736 0.0316878 0.522876
0 0.410525 0.434919 0.0251364 0.0425722 0.520244
0 0.95532 0.083889 0.0174213 0.0281725 0.518384
0 0.951713 0.354353 0.0208433 0.0314891 0.518294
0 0.756881 0.573126 0.0324209 0.0502709 0.514186
0 0.874833 0.188439 0.0209194 0.037756 0.511775
0 0.938843 0.144791 0.0147175 0.0244281 0.510124
0 0.775188 0.0666872 0.0256547 0.0386913 0.508875
0 0.922543 0.973671 0.0151386 0.0300198 0.508635
0 0.865753 0.0754971 0.0162868 0.0302929 0.507524
0 0.912888 0.651204 0.0169673 0.0308445 0.505005
0 0.955317 0.875223 0.0177444 0.038798 0.502175
0 0.959201 0.0176439 0.0192036 0.0346122 0.502148
0 0.618982 0.157122 0.0167271 0.0260496 0.501363
0 0.898582 0.330359 0.0162506 0.0300505 0.499472
0 0.50899 0.0941607 0.0223135 0.0370046 0.496715
0 0.684074 0.707726 0.0183645 0.0377971 0.493388
0 0.93438 0.379333 0.0118076 0.0403327 0.490587
0 0.847084 0.751038 0.0114899 0.0443731 0.490199
0 0.93032 0.819165 0.0189903 0.0350606 0.486672
0 0.563584 0.270613 0.0119773 0.0262637 0.483978
0 0.850739 0.660166 0.0170843 0.0261315 0.483012
0 0.884509 0.614605 0.015538 0.0325693 0.481605
0 0.92044 0.239195 0.0140388 0.0216933 0.479657
0 0.512322 0.302599 0.01682 0.030725 0.479208
0 0.719706 0.308514 0.0159473 0.0276282 0.476866
0 0.839855 0.833509 0.0171257 0.0360714 0.475788
0 0.81706 0.197324 0.0141867 0.0297909 0.475511
0 0.737618 0.285792 0.0172411 0.0275826 0.475379
0 0.766129 0.212463 0.0228557 0.033675 0.474482
0 0.916929 0.758275 0.0164753 0.0214277 0.474113
0 0.828042 0.519396 0.0113846 0.028511 0.47388
0 0.705108 0.255285 0.017977 0.0362712 0.471675
0 0.541086 0.392279 0.0232746 0.0430831 0.471605
0 0.973093 0.738614 0.0179197 0.0311089 0.470373
0 0.734841 0.164117 0.0187448 0.029815 0.468204
0 0.512843 0.464523 0.0171307 0.0298908 0.467829
0 0.956138 0.626046 0.030706 0.0491299 0.467469
0 0.591124 0.414183 0.0153392 0.0255973 0.463538
0 0.966075 0.975219 0.0197914 0.0409736 0.463413
0 0.655335 0.414165 0.0158491 0.0274377 0.463393
0 0.536726 0.263079 0.0127506 0.0307765 0.462285
0 0.903342 0.833898 0.0162847 0.0297439 0.461335
0 0.93579 0.704359 0.0206763 0.033488 0.461245
0 0.666949 0.71694 0.0165161 0.0265593 0.458914
0 0.890777 0.944046 0.0122068 0.026814 0.458586
0 0.921424 0.585053 0.0289768 0.0493222 0.458522
0 0.818637 0.290364 0.0172764 0.0337387 0.455793
0 0.637578 0.652381 0.0146891 0.0315065 0.453947
0 0.934028 0.384594 0.0110233 0.032506 0.452803
0 0.754344 0.177405 0.0194272 0.0303031 0.451853
0 0.551801 0.294693 0.0141022 0.0257316 0.451511
0 0.818129 0.751229 0.0185537 0.0342792 0.448268
0 0.969571 0.303167 0.0131878 0.0249109 0.447849
0 0.363328 0.130145 0.0168969 0.0277348 0.447316
0 0.750439 0.0159147 0.0236445 0.0311981 0.443399
0 0.990986 0.100556 0.0156704 0.0299892 0.442422
0 0.958897 0.266257 0.0107258 0.025676 0.442091
0 0.816805 0.0260311 0.019455 0.0318383 0.441455
0 0.422003 0.309178 0.0217474 0.0435493 0.438935
0 0.567254 0.307849 0.0164742 0.026956 0.438743
0 0.991042 0.505994 0.0177948 0.0334209 0.436607
0 0.654038 0.651843 0.0203825 0.0381527 0.433073
0 0.504142 0.0353609 0.0215293 0.0419025 0.432807
0 0.385854 0.116869 0.014566 0.0331323 0.428729
0 0.901371 0.902294 0.0136875 0.0235229 0.423347
0 0.884601 0.818828 0.0157688 0.0330448 0.423258
0 0.593837 0.0843527 0.0184811 0.0300915 0.419732
0 0.878069 0.835266 0.0122426 0.0354936 0.418984
0 0.908775 0.0126064 0.0236399 0.0249347 0.418764
0 0.931328 0.427486 0.0124031 0.024491 0.417956
0 0.640699 0.319847 0.0202638 0.0309833 0.416919
0 0.951994 0.933407 0.014254 0.0288943 0.416092
0 0.550412 0.238561 0.0226407 0.0418434 0.415886
0 0.960774 0.532631 0.0210169 0.0393307 0.409011
0 0.856546 0.488926 0.0228437 0.0406955 0.408069
0 0.712437 0.525157 0.0140119 0.0391747 0.406936
0 0.46418 0.225132 0.0132115 0.0180214 0.405102
0 0.819925 0.401599 0.0263702 0.0467402 0.404817
0 0.801758 0.229808 0.0116215 0.0272163 0.403558
0 0.989426 0.188764 0.0205616 0.0464432 0.4017
0 0.827876 0.551872 0.0129032 0.0261625 0.399542
0 0.564699 0.415966 0.0201643 0.0362768 0.399522
0 0.483652 0.0737616 0.0093607 0.0208487 0.398057
0 0.510248 0.363276 0.0145168 0.0256792 0.392935
0 0.529969 0.52336 0.0203347 0.0359548 0.392454
0 0.44324 0.010941 0.0144182 0.0203832 0.390305
0 0.758833 0.456026 0.015071 0.0242472 0.389177
0 0.665925 0.109952 0.0169965 0.0283601 0.388207
0 0.748357 0.616778 0.0202477 0.0309055 0.388136
0 0.685907 0.298291 0.0249561 0.0440879 0.386831
0 0.852937 0.423518 0.0154593 0.0333676 0.385711
0 0.60802 0.197791 0.0192923 0.0356467 0.385214
0 0.663329 0.292295 0.010881 0.0325144 0.383259
0 0.468251 0.450336 0.0189042 0.0436776 0.381589
0 0.470694 0.0479896 0.0158432 0.0254241 0.38062
0 0.73707 0.322926 0.0120632 0.0302939 0.375287
0 0.754212 0.647006 0.0189248 0.0308193 0.37494
0 0.665254 0.153646 0.0256388 0.0487638 0.374387
0 0.709301 0.326636 0.0133382 0.0252706 0.374172
0 0.902004 0.878948 0.0176775 0.0288127 0.374064
0 0.965055 0.442387 0.0140183 0.0268576 0.372784
0 0.874293 0.913126 0.0194046 0.0335544 0.368841
0 0.907647 0.969562 0.00999107 0.0246982 0.368242
0 0.55127 0.503498 0.0143183 0.0231686 0.367786
0 0.907144 0.254297 0.0140617 0.0249672 0.366987
0 0.973603 0.163803 0.0140648 0.0286724 0.36666
0 0.717038 0.94571 0.0201176 0.0327589 0.365426
0 0.821556 0.431032 0.0183149 0.0261437 0.365089
0 0.989783 0.196643 0.0204296 0.0341646 0.364716
0 0.885974 0.0397282 0.0172455 0.0348195 0.363797
0 0.840505 0.471743 0.0174934 0.0303619 0.36102
0 0.52907 0.515173 0.0212165 0.0494418 0.359199
0 0.853414 0.615005 0.0226842 0.0410336 0.355596
0 0.627496 0.597555 0.0198023 0.0408686 0.354627
0 0.995605 0.0616524 0.00879116 0.0296023 0.353896
0 0.779675 0.474437 0.0161236 0.0293386 0.353164
0 0.592754 0.145686 0.0189537 0.0408546 0.351958
0 0.397213 0.165353 0.0189071 0.0368192 0.347126
0 0.399776 0.0901145 0.0150395 0.0194656 0.346746
0 0.739666 0.251919 0.0134674 0.0227858 0.345242
0 0.821241 0.0624521 0.0200787 0.0375588 0.342248
0 0.93236 0.904042 0.0179726 0.0313673 0.342103
0 0.924448 0.976654 0.0154629 0.0339203 0.341
0 0.980502 0.0802271 0.0150575 0.0232293 0.340828
0 0.873217 0.0188034 0.0203579 0.0286705 0.339095
0 0.795878 0.483653 0.0126244 0.0204705 0.338542
0 0.931402 0.273843 0.0117851 0.0292334 0.338154
0 0.624871 0.681366 0.0124353 0.0291972 0.337475
0 0.366629 0.184866 0.0287813 0.0525612 0.33744
0 0.848256 0.857323 0.0200375 0.0291724 0.33581
0 0.983927 0.383752 0.0149039 0.0307695 0.335255
0 0.840876 0.794617 0.0167484 0.0327891 0.334989
0 0.534477 0.465229 0.0172026 0.036124 0.334485
0 0.598527 0.21931 0.0145975 0.0265352 0.331756
0 0.993337 0.416767 0.0133265 0.027457 0.33142
0 0.453709 0.0665665 0.0129059 0.0290293 0.329583
0 0.713469 0.468515 0.0149775 0.0316054 0.32875
0 0.641684 0.695529 0.0158293 0.0297727 0.327806
0 0.774997 0.262911 0.0188618 0.0286275 0.32376
0 0.91566 0.401106 0.0138634 0.0286229 0.322464
0 0.772812 0.656708 0.0179825 0.0339255 0.322262
0 0.540792 0.0336148 0.015515 0.0216885 0.321655
0 0.686414 0.935238 0.0281481 0.0422767 0.321164
0 0.959746 0.538492 0.0203472 0.0378751 0.318997
0 0.531785 0.297125 0.0149896 0.0261061 0.318186
0 0.91795 0.155847 0.014155 0.022973 0.31574
0 0.890337 0.353359 0.0116707 0.0164737 0.312963
0 0.995606 0.845513 0.00878811 0.0301568 0.312722
0 0.798157 0.697387 0.0215711 0.0317343 0.31265
0 0.755638 0.132312 0.0191759 0.025487 0.31166
0 0.640692 0.238477 0.0184676 0.0310475 0.310985
0 0.619793 0.398915 0.0180531 0.0305186 0.310621
0 0.882283 0.490138 0.0171059 0.0240996 0.310519
0 0.73214 0.0785446 0.0140705 0.0275694 0.309235
0 0.972118 0.210601 0.0167568 0.0375116 0.309185
0 0.48024 0.268875 0.0147906 0.0233309 0.308339
0 0.713625 0.664264 0.0135096 0.0314888 0.308008
0 0.717732 0.400623 0.0224154 0.0398187 0.307219
0 0.789323 0.971983 0.0203073 0.0339973 0.306379
0 0.443446 0.221554 0.018892 0.0315915 0.304852
0 0.437064 0.896289 0.0218001 0.0394908 0.303783
0 0.844361 0.379554 0.0182064 0.0407525 0.30364
0 0.773501 0.134687 0.0127649 0.033172 0.302361
0 0.692442 0.341055 0.0123184 0.025272 0.301904
0 0.821674 0.104919 0.0126812 0.0287689 0.301422
0 0.338296 0.159437 0.0215471 0.0366579 0.300294
0 0.892401 0.768588 0.0204321 0.0437117 0.299642
0 0.843032 0.750192 0.0199879 0.0446025 0.299539
0 0.796922 0.395802 0.0158728 0.0271561 0.293474
0 0.87225 0.934763 0.0154249 0.0253823 0.292476
0 0.622052 0.494583 0.0183939 0.0351186 0.29074
0 0.348151 0.258163 0.0193714 0.0350034 0.290391
0 0.802207 0.49427 0.0144041 0.027847 0.290087
0 0.705616 0.164518 0.0170963 0.0351219 0.288488
0 0.991346 0.136634 0.0134054 0.0201311 0.287189
0 0.915589 0.892362 0.0154682 0.0309544 0.286483
0 0.794133 0.482418 0.0127724 0.0219532 0.284944
0 0.807282 0.909466 0.0151741 0.0275065 0.284
0 0.988424 0.550968 0.0157207 0.0293223 0.281834
0 0.440858 0.30678 0.0152101 0.0303825 0.280834
0 0.405935 0.382012 0.0237201 0.0449584 0.280187
0 0.577992 0.361414 0.0115411 0.0266525 0.279601
0 0.423976 0.471539 0.0233614 0.038462 0.277362
0 0.756512 0.420112 0.0161694 0.0268163 0.277189
0 0.832316 0.678336 0.0226051 0.0400682 0.275755
0 0.705956 0.159257 0.0152992 0.0311402 0.274135
0 0.769296 0.709227 0.0183283 0.0342823 0.273138
0 0.912406 0.490152 0.0171497 0.0287672 0.272052
0 0.539646 0.0306539 0.0166705 0.0271381 0.271845
0 0.782882 0.549575 0.0142939 0.0254253 0.27177
0 0.743567 0.204326 0.0187584 0.0315297 0.271611
0 0.817141 0.657237 0.016399 0.0271774 0.270708
0 0.637675 0.239779 0.0233779 0.0356376 0.269371
0 0.730952 0.656055 0.0190546 0.0284162 0.2667
0 0.797124 0.076236 0.0130731 0.026057 0.265193
0 0.698247 0.666918 0.014249 0.0383247 0.263303
0 0.919809 0.522161 0.0141123 0.0213181 0.258631
0 0.498817 0.239682 0.0138285 0.0280157 0.257915
0 0.558733 0.371396 0.0108364 0.0242299 0.256763
0 0.320498 0.317719 0.0101281 0.0311862 0.255298
0 0.838662 0.586876 0.0183125 0.0284873 0.25403
0 0.642643 0.824955 0.0240253 0.038962 0.253642
0 0.850977 0.618712 0.0229931 0.036089 0.252409
0 0.619878 0.491725 0.0209793 0.0396908 0.251923
0 0.668451 0.342644 0.019172 0.0364821 0.25154
0 0.743027 0.57866 0.0164345 0.0387397 0.250272
0 0.789846 0.326471 0.0130681 0.0265688 0.249255
0 0.301023 0.421113 0.0217436 0.0514054 0.246832
0 0.605758 0.449674 0.0248697 0.0427482 0.246555
0 0.603266 0.37441 0.0184208 0.0303075 0.246425
0 0.931962 0.94185 0.0168568 0.0266208 0.24633
0 0.471073 0.207639 0.0137487 0.0174503 0.245327
0 0.969571 0.103661 0.0137272 0.0236576 0.245298
0 0.80288 0.498327 0.0139181 0.0258115 0.245084
0 0.780245 0.303916 0.0203226 0.032853 0.243808
0 0.881427 0.574237 0.0193542 0.0297063 0.241908
0 0.646764 0.971397 0.0241817 0.0474894 0.241711
0 0.770176 0.0598048 0.0236383 0.036822 0.241359
0 0.873874 0.920935 0.0185773 0.0415696 0.241344
0 0.374491 0.44684 0.0273795 0.0454151 0.240749
0 0.868525 0.650198 0.0151871 0.0271413 0.239821
0 0.946842 0.28934 0.0220683 0.0338332 0.236973
0 0.985279 0.814369 0.00855179 0.0191596 0.236948
0 0.938233 0.466292 0.0163376 0.0348406 0.236797
0 0.599662 0.572668 0.0259852 0.044616 0.234967
0 0.355377 0.396537 0.0169789 0.0255952 0.234915
0 0.535408 0.324056 0.0188272 0.028531 0.232935
0 0.821497 0.421722 0.0243393 0.0365922 0.232591
0 0.993993 0.68538 0.0120146 0.0391761 0.231602
0 0.335679 0.238971 0.015864 0.0303315 0.231376
0 0.903865 0.228108 0.0199686 0.0269672 0.228499
0 0.721367 0.156396 0.0102879 0.0284941 0.225517
0 0.839153 0.467382 0.0172474 0.0358715 0.224921
0 0.750721 0.77006 0.0129629 0.0446062 0.224689
0 0.82581 0.519062 0.0146317 0.0288745 0.222581
0 0.909808 0.487654 0.0175983 0.0287608 0.21512
0 0.868534 0.390435 0.0195438 0.0256788 0.214996
0 0.969505 0.920384 0.0185223 0.0328913 0.213521
0 0.750419 0.967833 0.049365 0.060771 0.212914
0 0.665575 0.159777 0.0221813 0.0358635 0.212105
0 0.354804 0.427524 0.0139233 0.0320767 0.212023
0 0.627128 0.081377 0.0135628 0.0343479 0.211743
0 0.971063 0.101052 0.0134104 0.0243238 0.211589
0 0.324939 0.0288237 0.0390975 0.0570352 0.210644
0 0.901762 0.782381 0.0119207 0.0276137 0.209226
0 0.950037 0.401103 0.0223255 0.0240702 0.209144
0 0.47269 0.177382 0.0164221 0.0296988 0.209037
0 0.608014 0.523557 0.014736 0.0305002 0.208146
0 0.571108 0.0507563 0.013637 0.041623 0.207296
0 0.917113 0.524691 0.0126914 0.0188287 0.206907
0 0.99695 0.626471 0.00609996 0.0335583 0.20657
0 0.617551 0.348109 0.0167639 0.0290614 0.2042
0 0.604618 0.572423 0.0189407 0.0447223 0.203629
0 0.572378 0.309153 0.0128609 0.0283684 0.202078
0 0.802157 0.689701 0.021975 0.0385827 0.200792
