0 0.0677474 0.916868 0.0236791 0.0555389 0.672756
0 0.693258 0.265196 0.0205517 0.0447618 0.672184
0 0.823004 0.0955422 0.0199833 0.0445718 0.670751
0 0.881215 0.379519 0.023675 0.0438431 0.666938
0 0.591472 0.977853 0.02731 0.042523 0.66528
0 0.700477 0.197176 0.0188044 0.0342057 0.662282
0 0.608094 0.835097 0.0193462 0.0420596 0.654733
0 0.887533 0.153431 0.0244259 0.054568 0.647265
0 0.674827 0.63185 0.0252155 0.0618386 0.641829
0 0.945498 0.142925 0.0326256 0.0686202 0.640624
0 0.111701 0.725734 0.0117172 0.0230768 0.632883
0 0.816659 0.616596 0.0212891 0.0443434 0.626597
0 0.148664 0.0887894 0.014336 0.0254802 0.611847
0 0.724547 0.734328 0.0159905 0.0358287 0.611086
0 0.0703189 0.16572 0.0142078 0.0265562 0.607806
0 0.0133664 0.72307 0.0136959 0.0307228 0.606005
0 0.812085 0.321743 0.0151894 0.033797 0.605103
0 0.086397 0.143847 0.0155622 0.0261484 0.603213
0 0.601714 0.882934 0.0160709 0.0384967 0.599888
0 0.72663 0.784563 0.0153412 0.0315452 0.597108
0 0.667825 0.209505 0.0229734 0.0372308 0.596524
0 0.788808 0.914781 0.0155079 0.0281221 0.596288
0 0.645936 0.65205 0.0158545 0.0318235 0.593974
0 0.696017 0.569452 0.0263198 0.0587607 0.593524
0 0.738641 0.621039 0.0232447 0.0512096 0.591874
0 0.172364 0.0400799 0.01531 0.0292764 0.590029
0 0.153431 0.0498258 0.0146528 0.0252192 0.589386
0 0.73368 0.952304 0.0143105 0.0265098 0.587667
0 0.00503509 0.470101 0.0100588 0.0240005 0.584593
0 0.550318 0.791479 0.0142559 0.0228311 0.584273
0 0.82302 0.406243 0.0149002 0.0263162 0.583807
0 0.133538 0.0618655 0.0149741 0.0241643 0.582458
0 0.151763 0.737606 0.0149246 0.0239279 0.580445
0 0.686994 0.0523929 0.0165447 0.0345601 0.580346
0 0.226738 0.288471 0.0142783 0.0282145 0.580184
0 0.200907 0.883692 0.0134107 0.027038 0.57972
0 0.609353 0.936995 0.0176954 0.0318555 0.578614
0 0.217745 0.80614 0.0145756 0.0265061 0.578517
0 0.070646 0.122978 0.0149422 0.0289047 0.578149
0 0.108773 0.210964 0.0133179 0.0246527 0.57523
0 0.00913246 0.40748 0.0129627 0.0251587 0.574877
0 0.0857209 0.182272 0.0146677 0.0242434 0.574445
0 0.115977 0.764629 0.0146512 0.0245207 0.574003
0 0.0342416 0.422998 0.0134202 0.0262935 0.573594
0 0.159174 0.0120788 0.0146042 0.0241576 0.573476
0 0.173375 0.745499 0.0138484 0.0235056 0.570646
0 0.119308 0.845453 0.0144083 0.0266093 0.569124
0 0.238686 0.85508 0.0146034 0.0289204 0.568682
0 0.524316 0.92701 0.0125538 0.0237008 0.568453
0 0.0396868 0.364119 0.0137649 0.0241196 0.567338
0 0.1712 0.304157 0.0132804 0.0260876 0.564272
0 0.704121 0.72346 0.0133996 0.0232083 0.564172
0 0.191418 0.0301189 0.0137396 0.0240453 0.563006
0 0.0953584 0.0374015 0.0223631 0.0333061 0.56237
0 0.173606 0.401708 0.0128075 0.0259008 0.562313
0 0.0384217 0.128336 0.0134093 0.0264716 0.561963
0 0.0781683 0.830402 0.0148242 0.0267642 0.561828
0 0.533119 0.965539 0.014514 0.0280151 0.560026
0 0.00520565 0.1344 0.0103907 0.0308324 0.559376
0 0.0423923 0.455027 0.0108677 0.0245287 0.559231
0 0.568837 0.384329 0.0220438 0.0439642 0.559192
0 0.83275 0.0592506 0.0186035 0.0382779 0.55896
0 0.115586 0.247806 0.0122724 0.0234969 0.558136
0 0.0534562 0.0630966 0.0144976 0.0256805 0.557675
0 0.119579 0.0261093 0.0139465 0.0261239 0.556994
0 0.0707829 0.204898 0.0143771 0.0265102 0.556671
0 0.185964 0.0713459 0.0136833 0.0273735 0.556659
0 0.17604 0.789732 0.0144848 0.0247109 0.55657
0 0.853325 0.099523 0.0277496 0.0666672 0.556079
0 0.0913448 0.478994 0.0127518 0.0242939 0.554423
0 0.139001 0.0158722 0.0150746 0.0257333 0.553783
0 0.705497 0.767568 0.013291 0.0284529 0.553079
0 0.082099 0.445155 0.0130624 0.0252378 0.552122
0 0.670864 0.780152 0.0133495 0.0245103 0.551711
0 0.619068 0.907322 0.0173742 0.0336505 0.551285
0 0.0546786 0.341059 0.0128876 0.021675 0.55067
0 0.0569617 0.783801 0.0138124 0.0272661 0.550592
0 0.0383794 0.0863198 0.012658 0.0250111 0.549854
0 0.804291 0.88928 0.0130114 0.0244393 0.549353
0 0.0695479 0.317826 0.0141257 0.0226648 0.549218
0 0.690047 0.795361 0.0145 0.0263198 0.548455
0 0.0965642 0.0756258 0.0128356 0.0238586 0.548303
0 0.850668 0.616794 0.0280602 0.05474 0.547081
0 0.0573611 0.431929 0.0130502 0.0232432 0.546297
0 0.188362 0.613809 0.0140438 0.0256074 0.545901
0 0.171425 0.182732 0.0127103 0.0231011 0.545711
0 0.105073 0.104438 0.0138752 0.025717 0.545522
0 0.790374 0.962578 0.0139694 0.0229336 0.545044
0 0.121017 0.434013 0.012468 0.0243105 0.544391
0 0.498239 0.886265 0.015468 0.0261452 0.543965
0 0.0968834 0.511184 0.0134053 0.0237506 0.543891
0 0.131944 0.700099 0.0127094 0.0211373 0.543884
0 0.0386587 0.774142 0.0133134 0.0266516 0.543574
0 0.746381 0.796846 0.013755 0.0262674 0.542843
0 0.508653 0.926853 0.0118019 0.0229198 0.541615
0 0.0213117 0.0696705 0.0133347 0.0273358 0.540584
0 0.137317 0.660523 0.0121274 0.0265227 0.540389
0 0.274804 0.247965 0.0141341 0.0239862 0.539215
0 0.0411953 0.888787 0.0126094 0.0257393 0.539051
0 0.0186831 0.444872 0.0125861 0.0238819 0.538935
0 0.674701 0.821717 0.013673 0.0250393 0.538691
0 0.096508 0.4229 0.0129108 0.0260547 0.538101
0 0.180963 0.873754 0.0156454 0.0246629 0.537975
0 0.0657429 0.468034 0.0122276 0.0244399 0.53753
0 0.0273739 0.477245 0.0135672 0.0242494 0.537316
0 0.226814 0.724434 0.0134394 0.0253216 0.536484
0 0.0780689 0.354411 0.0117284 0.0228385 0.536481
0 0.0597474 0.864813 0.0121209 0.0270132 0.535979
0 0.204982 0.217595 0.0129318 0.0250912 0.535932
0 0.260253 0.86495 0.0128363 0.0276947 0.535881
0 0.130295 0.223533 0.0138795 0.0238914 0.535793
0 0.192302 0.388333 0.0125943 0.0255838 0.533927
0 0.540134 0.91227 0.0140915 0.0222186 0.533258
0 0.0932269 0.237213 0.0123691 0.0255361 0.533057
0 0.197352 0.576438 0.0139458 0.0249303 0.532784
0 0.220942 0.324665 0.0138827 0.0255038 0.532393
0 0.262596 0.908891 0.0139428 0.0233006 0.532256
0 0.075698 0.79119 0.0136117 0.0246585 0.53184
0 0.183814 0.216546 0.0136408 0.0246914 0.53169
0 0.784138 0.826916 0.0130851 0.0262902 0.53112
0 0.186906 0.291816 0.012877 0.0246506 0.530569
0 0.126153 0.621428 0.0129178 0.0247715 0.529295
0 0.979555 0.503308 0.020811 0.0404195 0.529072
0 0.808863 0.937797 0.0139416 0.0267954 0.528903
0 0.00540132 0.0528018 0.0107654 0.0236272 0.528879
0 0.137954 0.259981 0.0128802 0.023407 0.52853
0 0.768719 0.899055 0.0136081 0.0241092 0.528501
0 0.09835 0.837606 0.0131916 0.0239977 0.528212
0 0.16683 0.617258 0.0132641 0.0231768 0.527616
0 0.05389 0.74161 0.0116737 0.0253573 0.527247
0 0.135022 0.772328 0.0131766 0.0227802 0.525812
0 0.0722116 0.707078 0.0125916 0.0251674 0.524951
0 0.623435 0.753372 0.0146748 0.0276519 0.524917
0 0.709288 0.808851 0.0131145 0.023824 0.524826
0 0.221741 0.892448 0.0136075 0.0265345 0.524604
0 0.0202337 0.150539 0.0142675 0.0300016 0.524127
0 0.764238 0.811268 0.0112636 0.0237325 0.523292
0 0.820944 0.860505 0.0136883 0.0257113 0.523189
0 0.235585 0.251111 0.0132365 0.0241092 0.522748
0 0.825088 0.903724 0.0146553 0.0272548 0.522692
0 0.803506 0.385086 0.013183 0.0238409 0.522187
0 0.064924 0.374775 0.0125492 0.0275196 0.521912
0 0.748348 0.841931 0.0128311 0.0259378 0.521782
0 0.825609 0.142057 0.0208218 0.0372223 0.521525
0 0.106258 0.883415 0.0141639 0.0273844 0.521203
0 0.116637 0.810297 0.0119022 0.0221234 0.521093
0 0.194644 0.754917 0.0132509 0.0249305 0.520879
0 0.0950912 0.7585 0.0130929 0.0247357 0.520772
0 0.102142 0.365164 0.0137085 0.022561 0.520627
0 0.56776 0.714463 0.0129656 0.0223152 0.519404
0 0.786491 0.40956 0.0143528 0.0244877 0.518812
0 0.785472 0.873844 0.0131437 0.0244596 0.51859
0 0.229856 0.610823 0.0136726 0.0229076 0.518543
0 0.280428 0.8736 0.0133845 0.0242684 0.518535
0 0.194564 0.180572 0.013114 0.0235051 0.518139
0 0.678234 0.866215 0.0132024 0.0251038 0.51792
0 0.772576 0.944051 0.0133143 0.0237776 0.517451
0 0.103223 0.165312 0.0135164 0.0235536 0.517362
0 0.492967 0.731022 0.0140102 0.0263363 0.517358
0 0.712904 0.853516 0.0139595 0.0284977 0.516829
0 0.189773 0.717964 0.0121085 0.0240314 0.51643
0 0.0185859 0.0264042 0.0169766 0.0281617 0.516396
0 0.728348 0.233327 0.0178476 0.0362672 0.516003
0 0.0589538 0.82068 0.0131931 0.0239003 0.515482
0 0.0965323 0.800343 0.0121088 0.0276045 0.515103
0 0.2395 0.321675 0.013454 0.0238092 0.514936
0 0.133213 0.489855 0.013718 0.0252918 0.514769
0 0.218241 0.0985434 0.0172992 0.0343617 0.514383
0 0.111109 0.401043 0.012767 0.0243393 0.513854
0 0.0364365 0.51821 0.0125092 0.0271951 0.513476
0 0.0753635 0.502046 0.0140228 0.0232609 0.513324
0 0.840769 0.384652 0.0121204 0.0212188 0.512163
0 0.115513 0.661071 0.0143778 0.0258698 0.512118
0 0.825043 0.951226 0.0132961 0.0246575 0.511439
0 0.0213565 0.109762 0.0129289 0.0288388 0.511388
0 0.665492 0.983391 0.0129709 0.0275529 0.51037
0 0.108573 0.303906 0.013645 0.0251282 0.510313
0 0.139347 0.856197 0.0140477 0.023354 0.510297
0 0.164129 0.223384 0.0159245 0.0292475 0.510243
0 0.216099 0.252972 0.0141392 0.0276739 0.509937
0 0.824269 0.452001 0.0140701 0.0254999 0.509927
0 0.62282 0.877481 0.0154078 0.028481 0.509878
0 0.113132 0.0675271 0.0111768 0.0259097 0.509806
0 0.0844232 0.296106 0.0134184 0.0223956 0.509701
0 0.218437 0.84504 0.0146358 0.023474 0.508958
0 0.821328 0.362007 0.0128372 0.0243135 0.508948
0 0.0374097 0.16788 0.0121995 0.0279917 0.5087
0 0.765561 0.857959 0.0125716 0.0204573 0.508624
0 0.147282 0.621088 0.0120251 0.0240226 0.508419
0 0.23673 0.812979 0.0131759 0.0238592 0.508406
0 0.016881 0.762902 0.0120066 0.0230685 0.508315
0 0.195677 0.251343 0.0126876 0.0238733 0.508143
0 0.197026 0.799606 0.0153783 0.0279238 0.507909
0 0.042176 0.850198 0.0134812 0.0226103 0.507498
0 0.731315 0.867964 0.0133123 0.0269513 0.506873
0 0.559598 0.752016 0.0126339 0.0248093 0.50661
0 0.79897 0.079988 0.0257031 0.0705368 0.506577
0 0.134583 0.579001 0.0124544 0.0236945 0.506507
0 0.784271 0.326546 0.0144847 0.0243027 0.506211
0 0.729278 0.824976 0.0122528 0.0246797 0.505529
0 0.049491 0.399404 0.0129281 0.0267111 0.5055
0 0.177158 0.830003 0.0133808 0.0217873 0.504691
0 0.288435 0.709279 0.0144652 0.0268408 0.50451
0 0.69705 0.927176 0.0132907 0.0252068 0.50405
0 0.182084 0.435583 0.0121689 0.0231552 0.503648
0 0.150205 0.384742 0.0149156 0.0239096 0.503246
0 0.101013 0.270165 0.0128158 0.0267239 0.502958
0 0.0740241 0.586279 0.0123313 0.0268819 0.502003
0 0.0514818 0.707715 0.014014 0.0236664 0.501035
0 0.553278 0.875525 0.0128185 0.0225524 0.500603
0 0.948772 0.442877 0.0214504 0.0426646 0.498938
0 0.511076 0.80484 0.0129176 0.0243624 0.498204
0 0.0326848 0.32896 0.0111919 0.0218226 0.497108
0 0.00600557 0.860937 0.0120111 0.0206531 0.49694
0 0.197614 0.839471 0.0139394 0.0231114 0.496233
0 0.802927 0.844495 0.0128041 0.0257111 0.495962
0 0.545301 0.646211 0.0128317 0.0220192 0.495934
0 0.530769 0.720798 0.0125082 0.0228819 0.495599
0 0.135399 0.410035 0.0121937 0.0234927 0.495303
0 0.522191 0.762514 0.0129145 0.0219259 0.492716
0 0.0419062 0.812619 0.0124878 0.0250517 0.492288
0 0.539907 0.684051 0.0117111 0.0239222 0.49039
0 0.51224 0.724061 0.0128571 0.0251678 0.490133
0 0.566204 0.961929 0.0129956 0.0239635 0.489242
0 0.0724097 0.409778 0.012621 0.0229028 0.489071
0 0.809069 0.974825 0.0128391 0.0240565 0.489015
0 0.642132 0.880766 0.0117984 0.0263218 0.488236
0 0.515568 0.885445 0.0124077 0.0210101 0.487773
0 0.132699 0.734011 0.0137086 0.0239295 0.487583
0 0.265771 0.696288 0.0129555 0.0395731 0.485713
0 0.805947 0.430559 0.0154343 0.024369 0.485007
0 0.491576 0.802855 0.0118593 0.0221816 0.484758
0 0.548117 0.537895 0.0121893 0.0228323 0.484749
0 0.659401 0.892055 0.013924 0.0266317 0.484439
0 0.118171 0.34294 0.0124686 0.0254038 0.483561
0 0.113662 0.493147 0.0126334 0.0214472 0.483535
0 0.0531732 0.104879 0.013811 0.0239695 0.483171
0 0.103213 0.546206 0.0119368 0.0224721 0.482543
0 0.532103 0.795656 0.0119153 0.0209514 0.482064
0 0.291431 0.748907 0.0123397 0.0244508 0.481789
0 0.0238016 0.876636 0.0128171 0.0240198 0.481724
0 0.258686 0.32211 0.0136781 0.0229248 0.481355
0 0.21849 0.57241 0.0125059 0.0269033 0.480894
0 0.141372 0.356119 0.0129208 0.0213279 0.480467
0 0.556967 0.501683 0.0133005 0.0234168 0.480397
0 0.568025 0.536228 0.013228 0.0264413 0.480164
0 0.484133 0.766975 0.0125368 0.0244411 0.479207
0 0.145576 0.542319 0.0127709 0.0212739 0.478989
0 0.250459 0.608649 0.013124 0.0227632 0.478799
0 0.245391 0.287295 0.0132607 0.0233965 0.478282
0 0.164811 0.540174 0.0133077 0.0262327 0.478174
0 0.0546149 0.665151 0.0133964 0.024672 0.477906
0 0.0688587 0.0466464 0.0116169 0.0241906 0.477547
0 0.748078 0.928733 0.0135867 0.0236186 0.477299
0 0.152804 0.4814 0.0119174 0.0214632 0.477155
0 0.785103 0.367522 0.0133659 0.0228655 0.476943
0 0.215011 0.179559 0.0119937 0.0194577 0.476789
0 0.0902785 0.876024 0.0133426 0.0244956 0.476402
0 0.219646 0.649537 0.0123715 0.0248163 0.476098
0 0.153896 0.78112 0.0113702 0.0218847 0.475606
0 0.860139 0.450215 0.0133753 0.0240393 0.47539
0 0.115431 0.962703 0.0129698 0.0256021 0.475297
0 0.57219 0.871128 0.0130556 0.0204944 0.47514
0 0.00644149 0.175929 0.012883 0.0284593 0.474731
0 0.114496 0.583442 0.0136878 0.0232552 0.473834
0 0.126524 0.377125 0.012992 0.0251154 0.473496
0 0.840767 0.428972 0.0121741 0.0246174 0.473054
0 0.0361154 0.0108673 0.0148229 0.0217346 0.472844
0 0.271448 0.784737 0.0125374 0.0266449 0.471623
0 0.731568 0.91036 0.0138857 0.0255768 0.470287
0 0.128972 0.0980143 0.0116647 0.0230241 0.470196
0 0.475268 0.735313 0.0129056 0.0277551 0.470161
0 0.213587 0.76159 0.0124709 0.0221408 0.469973
0 0.71838 0.981169 0.0131708 0.0265061 0.469858
0 0.0532445 0.187763 0.0135331 0.0312683 0.468602
0 0.750265 0.0583782 0.0260824 0.0481818 0.468377
0 0.551576 0.94925 0.0137615 0.0220051 0.46788
0 0.549614 0.716056 0.0111101 0.0218671 0.467736
0 0.0252459 0.386772 0.0119248 0.0225138 0.466987
0 0.628955 0.947047 0.012516 0.0221699 0.466958
0 0.177866 0.576796 0.0125591 0.0203134 0.466113
0 0.132851 0.318885 0.0123453 0.0218515 0.465996
0 0.950091 0.65748 0.0141983 0.0300795 0.465894
0 0.0639976 0.283414 0.0116004 0.0254212 0.464867
0 0.552828 0.610604 0.0115372 0.0231778 0.464681
0 0.304567 0.209753 0.0119028 0.022857 0.463405
0 0.305829 0.279217 0.0135005 0.0211449 0.462509
0 0.082463 0.070334 0.0113973 0.0225107 0.462022
0 0.270235 0.743644 0.0134816 0.0248896 0.461527
0 0.557387 0.678386 0.0128357 0.0203802 0.460512
0 0.22679 0.213228 0.0123643 0.0197731 0.460367
0 0.767199 0.389625 0.0127597 0.0232833 0.460161
0 0.89769 0.584304 0.0140004 0.0254853 0.459706
0 0.231876 0.768362 0.0110567 0.0260931 0.459308
0 0.52617 0.649462 0.0118931 0.0220822 0.458704
0 0.503181 0.764649 0.0116146 0.0224531 0.458039
0 0.238678 0.571237 0.0113367 0.0223087 0.45748
0 0.253171 0.777425 0.012118 0.0240369 0.457473
0 0.208289 0.720416 0.0137219 0.0251072 0.457428
0 0.571482 0.78894 0.0131311 0.0239096 0.457154
0 0.7763 0.986347 0.01418 0.0234752 0.456082
0 0.016161 0.351778 0.0136014 0.0265651 0.456035
0 0.583047 0.637259 0.0123732 0.0213763 0.455613
0 0.266368 0.285531 0.0116343 0.0223333 0.455572
0 0.0556103 0.228619 0.0141971 0.0262329 0.455361
0 0.565361 0.639736 0.0114101 0.0228812 0.454071
0 0.0742544 0.747552 0.0105597 0.0270399 0.453916
0 0.0515372 0.492332 0.0123779 0.0238458 0.453578
0 0.641952 0.924893 0.0130863 0.0235367 0.453462
0 0.597012 0.565133 0.0130367 0.0254675 0.452746
0 0.53434 0.616662 0.0116989 0.0195465 0.451664
0 0.0886645 0.984698 0.0133435 0.0251981 0.451653
0 0.576531 0.67644 0.0130352 0.0201454 0.45101
0 0.0520219 0.0247967 0.0139689 0.0215185 0.450639
0 0.0133112 0.504882 0.0139512 0.0268836 0.449814
0 0.167282 0.0793957 0.0136236 0.0252459 0.449716
0 0.113445 0.132588 0.011853 0.026436 0.448977
0 0.108685 0.931545 0.012837 0.0231944 0.448747
0 0.0940208 0.332453 0.0121035 0.0217141 0.448334
0 0.0692291 0.00959962 0.012746 0.0191992 0.447644
0 0.0541901 0.149618 0.0137014 0.0238633 0.447531
0 0.232443 0.360599 0.0141521 0.0229762 0.44751
0 0.569821 0.603405 0.0120625 0.0213154 0.447496
0 0.714346 0.89854 0.0129477 0.0230644 0.446523
0 0.709336 0.0274312 0.0163884 0.0278241 0.446218
0 0.897009 0.629058 0.0132301 0.0207436 0.446165
0 0.750454 0.369701 0.0118219 0.0218686 0.445481
0 0.715694 0.94231 0.0123004 0.0265885 0.445284
0 0.094369 0.587728 0.0130914 0.0272012 0.444895
0 0.0917695 0.920521 0.0132395 0.0242023 0.444325
0 0.00417197 0.821377 0.0083055 0.0252392 0.443905
0 0.0220712 0.836912 0.0124648 0.0220818 0.442093
0 0.663707 0.0295915 0.0218507 0.0428065 0.440953
0 0.326769 0.278237 0.0125478 0.023398 0.43949
0 0.0892976 0.389295 0.0122694 0.0197788 0.439429
0 0.633277 0.785698 0.0187948 0.0428563 0.438634
0 0.539855 0.578452 0.011569 0.0225548 0.436837
0 0.245455 0.215562 0.0113155 0.0205671 0.436066
0 0.563751 0.832712 0.0121611 0.0215158 0.435417
0 0.179989 0.651334 0.0126259 0.0249844 0.435256
0 0.680676 0.912091 0.0127633 0.0242129 0.434588
0 0.66333 0.94074 0.0140512 0.0263279 0.434547
0 0.915298 0.609957 0.0123188 0.0234767 0.433985
0 0.578419 0.568345 0.0117265 0.022834 0.433128
0 0.247383 0.985836 0.0123753 0.0251476 0.432565
0 0.20895 0.613649 0.0126162 0.0241521 0.432409
0 0.952884 0.569152 0.0130264 0.0246954 0.432261
0 0.684965 0.0135144 0.0154328 0.0261891 0.430555
0 0.755343 0.97711 0.0110241 0.0246812 0.429471
0 0.295911 0.789034 0.0125687 0.0219168 0.429314
0 0.696467 0.885466 0.0126268 0.0233208 0.428582
0 0.879303 0.515727 0.011871 0.0233585 0.42539
0 0.842545 0.162148 0.0161087 0.0340643 0.425258
0 0.519589 0.686765 0.0136018 0.0249183 0.424819
0 0.31477 0.244582 0.0122673 0.0222982 0.423984
0 0.593233 0.495961 0.0136801 0.0231363 0.423006
0 0.575488 0.500352 0.011477 0.0208103 0.42154
0 0.841672 0.880048 0.0132059 0.0244089 0.421097
0 0.14249 0.445481 0.0109681 0.0233811 0.419674
0 0.953112 0.712701 0.0209652 0.046141 0.419575
0 0.250886 0.355797 0.0136128 0.0230012 0.41952
0 0.296685 0.246128 0.0125075 0.020119 0.418581
0 0.0984836 0.959464 0.0120195 0.0237871 0.418264
0 0.136701 0.814124 0.0123513 0.0219794 0.41774
0 0.691899 0.839104 0.0127171 0.0234343 0.417566
0 0.00638206 0.0945557 0.0126441 0.0312232 0.416085
0 0.331908 0.558414 0.012975 0.0240964 0.415291
0 0.0252629 0.188472 0.0119341 0.0266559 0.414392
0 0.298158 0.318354 0.0138629 0.0253934 0.413766
0 0.540734 0.753179 0.0112419 0.0204736 0.413717
0 0.617885 0.557134 0.0123078 0.0216813 0.41114
0 0.582443 0.462716 0.0143469 0.0273244 0.409901
0 0.133982 0.981037 0.0117346 0.0240002 0.408775
0 0.559515 0.573968 0.01194 0.0210847 0.408056
0 0.264523 0.212604 0.0118742 0.0170307 0.406641
0 0.842583 0.922369 0.0128267 0.0225665 0.40597
0 0.122523 0.193628 0.0135141 0.0203311 0.405807
0 0.513865 0.988536 0.0229814 0.0229276 0.405387
0 0.6315 0.721597 0.0194859 0.0286906 0.404625
0 0.207224 0.291986 0.0136271 0.022051 0.404359
0 0.525057 0.84638 0.0136118 0.0242928 0.404167
0 0.280175 0.90797 0.0113539 0.0208598 0.40354
0 0.0850738 0.553512 0.0116105 0.0249755 0.402975
0 0.195644 0.970001 0.0127677 0.025365 0.401249
0 0.0837023 0.626352 0.0131447 0.0220269 0.400402
0 0.605757 0.701034 0.0113492 0.023874 0.399897
0 0.20175 0.326604 0.0131101 0.0187098 0.39961
0 0.628133 0.590255 0.0119663 0.0221675 0.399528
0 0.0864537 0.104815 0.0145985 0.0271955 0.398945
0 0.284348 0.212088 0.0108654 0.0204087 0.397636
0 0.665701 0.16899 0.024041 0.0506564 0.397607
0 0.621055 0.685858 0.0129909 0.0197549 0.396122
0 0.10599 0.457449 0.0118391 0.0253748 0.396051
0 0.105068 0.622932 0.0119583 0.0212486 0.394051
0 0.506266 0.962543 0.0137863 0.0238457 0.392828
0 0.533014 0.881814 0.0133856 0.0216636 0.392528
0 0.261904 0.646778 0.012754 0.0247022 0.392205
0 0.699777 0.972102 0.0118206 0.0252767 0.391273
0 0.166602 0.99075 0.0130979 0.0175009 0.39097
0 0.9332 0.589896 0.0139999 0.0263573 0.39012
0 0.589584 0.781002 0.0110231 0.0205414 0.387236
0 0.646623 0.969371 0.0139351 0.0256787 0.387053
0 0.270442 0.606001 0.0118289 0.0248267 0.383833
0 0.99233 0.790646 0.0153403 0.0601506 0.383056
0 0.0284803 0.921481 0.0126617 0.0195955 0.382413
0 0.686217 0.71034 0.0115046 0.0214166 0.381682
0 0.0593516 0.529781 0.0130011 0.0219994 0.381576
0 0.00737931 0.214447 0.0141299 0.0270256 0.381032
0 0.0467267 0.306872 0.010298 0.022951 0.380835
0 0.234663 0.177496 0.0113192 0.0231042 0.380467
0 0.878973 0.631159 0.0160149 0.0324117 0.378571
0 0.18665 0.53722 0.017075 0.027257 0.377617
0 0.500298 0.689541 0.0131144 0.0238444 0.376607
0 0.489607 0.938359 0.0154806 0.0289619 0.374391
0 0.589446 0.706014 0.0119915 0.0191037 0.373733
0 0.589984 0.600812 0.0129758 0.0226164 0.373626
0 0.148396 0.295929 0.0117737 0.0217109 0.373398
0 0.162244 0.270745 0.0137463 0.024183 0.373388
0 0.179106 0.00680234 0.013984 0.0136047 0.372767
0 0.146886 0.201396 0.0136183 0.0235748 0.372612
0 0.228404 0.534711 0.012156 0.0220695 0.372283
0 0.334219 0.319687 0.0126702 0.0251563 0.371908
0 0.604119 0.527217 0.0127127 0.0246737 0.370435
0 0.278051 0.321072 0.0125262 0.0215069 0.368661
0 0.0195566 0.799917 0.0131886 0.0232291 0.368583
0 0.483996 0.842484 0.0119587 0.0203396 0.367953
0 0.665961 0.180645 0.0248228 0.0747706 0.367944
0 0.683611 0.954949 0.0123161 0.0239062 0.367837
0 0.267184 0.9867 0.0143545 0.0237393 0.36693
0 0.76506 0.304199 0.0127789 0.0245267 0.365988
0 0.356575 0.241922 0.0120384 0.024876 0.365674
0 0.903836 0.0931937 0.0231983 0.0392134 0.365322
0 0.157285 0.579059 0.0103067 0.0203022 0.364342
0 0.766741 0.346476 0.0121359 0.0218631 0.36344
0 0.65929 0.606775 0.0157791 0.0348387 0.363324
0 0.871496 0.196903 0.0156091 0.0378008 0.362532
0 0.545277 0.834909 0.0116954 0.0192904 0.362505
0 0.158236 0.657826 0.0139486 0.0222485 0.361979
0 0.0179967 0.984866 0.0158088 0.0244778 0.360272
0 0.834791 0.0619668 0.0159309 0.0364394 0.360069
0 0.376101 0.239876 0.0135835 0.0255076 0.359756
0 0.143157 0.953541 0.0127755 0.0203822 0.359531
0 0.242801 0.902333 0.0127824 0.02046 0.359291
0 0.205412 0.0636993 0.0118583 0.0208963 0.355842
0 0.0384216 0.0502183 0.00947408 0.0250175 0.355117
0 0.0338253 0.664418 0.0136025 0.0242926 0.353335
0 0.808923 0.498095 0.0202345 0.0440041 0.352188
0 0.157395 0.823355 0.0136738 0.0211868 0.348234
0 0.392315 0.381799 0.0145744 0.0295587 0.346996
0 0.0951106 0.662448 0.012465 0.020313 0.344593
0 0.544194 0.46966 0.0114822 0.0239838 0.344351
0 0.336614 0.383251 0.0161236 0.0268425 0.342554
0 0.577654 0.939227 0.0137085 0.0217855 0.340601
0 0.15069 0.987569 0.0130233 0.0218288 0.33643
0 0.650144 0.535595 0.0162024 0.0272831 0.336234
0 0.311146 0.559979 0.0159573 0.0320637 0.33608
0 0.402004 0.347512 0.013662 0.0266314 0.334784
0 0.226863 0.937447 0.0128078 0.0207849 0.333782
0 0.582238 0.82481 0.0114947 0.0210874 0.332611
0 0.0097848 0.903787 0.0116638 0.0214383 0.330302
0 0.285871 0.282968 0.0124547 0.0192223 0.327739
0 0.741206 0.990357 0.0146783 0.0183741 0.327404
0 0.0785837 0.261898 0.0106904 0.020006 0.326809
0 0.0740816 0.665464 0.0123447 0.0223607 0.326053
0 0.622072 0.626345 0.0131516 0.0240545 0.326051
0 0.0450033 0.932076 0.0123758 0.0216794 0.326021
0 0.170558 0.462702 0.0159177 0.0271486 0.325133
0 0.761714 0.769671 0.0115286 0.0232536 0.325009
0 0.505583 0.8467 0.0105765 0.0220889 0.324936
0 0.245041 0.686275 0.0129966 0.0230144 0.322677
0 0.74729 0.326852 0.0138264 0.0238302 0.322319
0 0.508312 0.656226 0.0123421 0.023671 0.319939
0 0.520099 0.585297 0.0135069 0.0252405 0.319126
0 0.851004 0.95033 0.0136591 0.0220717 0.318786
0 0.685351 0.752585 0.0126141 0.0219276 0.31076
0 0.183199 0.354343 0.0106773 0.0233 0.31001
0 0.743073 0.752764 0.00960121 0.0244873 0.30947
0 0.734545 0.0285742 0.0205798 0.030209 0.306982
0 0.126064 0.890365 0.0120156 0.0190932 0.305852
0 0.731063 0.350613 0.0138816 0.023932 0.303617
0 0.862472 0.494758 0.016119 0.0246581 0.302009
0 0.21509 0.978202 0.0124841 0.0239163 0.301975
0 0.335282 0.24428 0.0118122 0.0177458 0.301626
0 0.602714 0.629772 0.0116262 0.019032 0.297375
0 0.298405 0.903341 0.012877 0.0285114 0.294472
0 0.207695 0.692563 0.013754 0.0217148 0.292866
0 0.74877 0.885505 0.0120843 0.0223709 0.291856
0 0.163032 0.22764 0.0182642 0.0379644 0.290938
0 0.59613 0.666823 0.0114304 0.0175652 0.286396
0 0.255557 0.250926 0.0138789 0.0202999 0.282176
0 0.050592 0.628653 0.0148691 0.028906 0.281905
0 0.125454 0.543914 0.0130916 0.0212392 0.281382
0 0.970614 0.552661 0.0121666 0.0242848 0.278599
0 0.258956 0.568119 0.013268 0.0243463 0.277827
0 0.012421 0.947643 0.0136421 0.026626 0.276398
0 0.00436438 0.37602 0.00849058 0.0196679 0.276397
0 0.581822 0.745737 0.0112737 0.0226415 0.270187
0 0.535493 0.507032 0.0129238 0.0234625 0.27013
0 0.127317 0.938175 0.0125673 0.0199403 0.268101
0 0.123169 0.285124 0.0126747 0.0187406 0.266118
0 0.563726 0.467059 0.0106157 0.0240084 0.265027
0 0.642533 0.574912 0.0136079 0.0243571 0.263503
0 0.984677 0.509174 0.023563 0.0434021 0.262585
0 0.157957 0.332488 0.0120491 0.0214753 0.261195
0 0.128657 0.473472 0.0132472 0.0217245 0.257133
0 0.818473 0.55005 0.0202545 0.0431787 0.256811
0 0.306982 0.83549 0.0175847 0.0310831 0.248713
0 0.952207 0.613248 0.0143345 0.0256491 0.247978
0 0.983999 0.72827 0.0222755 0.0475799 0.247215
0 0.272949 0.823318 0.0130033 0.0241499 0.24582
0 0.24015 0.646822 0.0133998 0.028945 0.245198
0 0.980818 0.243348 0.0196098 0.0396791 0.244513
0 0.198697 0.651871 0.0103464 0.021457 0.244228
0 0.666753 0.195124 0.0253607 0.0646655 0.24372
0 0.898116 0.54097 0.0131369 0.0221124 0.242687
0 0.177115 0.255218 0.0119361 0.0221495 0.242657
0 0.257784 0.823187 0.0137232 0.0253012 0.242495
0 0.736584 0.0333242 0.0185455 0.0336564 0.240078
0 0.212406 0.363995 0.0137932 0.0222866 0.238239
0 0.0640657 0.563465 0.0108328 0.0177936 0.237065
0 0.159143 0.142595 0.0147306 0.020785 0.235404
0 0.513963 0.619162 0.0149689 0.029437 0.235107
0 0.843338 0.476624 0.0175262 0.0293815 0.23356
0 0.223982 0.691252 0.0116041 0.0215531 0.231748
0 0.179533 0.969902 0.0127296 0.0221263 0.230567
0 0.346808 0.27917 0.0122131 0.0196719 0.229371
0 0.0240423 0.231075 0.0140471 0.0249652 0.228781
0 0.634705 0.612425 0.0135618 0.0207601 0.228596
0 0.307225 0.708636 0.0132352 0.0219204 0.227515
0 0.0024225 0.787152 0.00484501 0.0258063 0.227037
0 0.838666 0.973662 0.0123135 0.0228428 0.226137
0 0.067001 0.627991 0.00914511 0.0214166 0.223377
0 0.597995 0.74146 0.0112339 0.0234288 0.222723
0 0.803178 0.348703 0.0136627 0.0209991 0.222185
0 0.801951 0.806365 0.0146346 0.0223782 0.221675
0 0.326461 0.594883 0.0143725 0.027238 0.218501
0 0.283641 0.990885 0.0140985 0.0171915 0.218058
0 0.323719 0.354251 0.014948 0.0338148 0.21795
0 0.113465 0.698929 0.0120733 0.0217623 0.217762
0 0.351686 0.719964 0.0146542 0.0312312 0.217277
0 0.0398044 0.248257 0.0125597 0.0276392 0.216694
0 0.610159 0.597484 0.00997289 0.0231304 0.215331
0 0.859685 0.892265 0.015686 0.028353 0.213775
0 0.604051 0.78824 0.017753 0.0336404 0.210536
0 0.586427 0.531862 0.0118893 0.022746 0.209563
0 0.705229 0.688354 0.0154306 0.0263044 0.208576
0 0.180303 0.694178 0.010011 0.0186892 0.204338
0 0.108319 0.931574 0.0144432 0.0313981 0.204192
0 0.207886 0.534135 0.0120165 0.024058 0.203301
