0 0.968271 0.379199 0.0289473 0.0409238 0.715749
0 0.830312 0.409672 0.0212189 0.0331262 0.705432
0 0.391357 0.840014 0.0275643 0.045233 0.705073
0 0.899671 0.107993 0.0202944 0.03168 0.69731
0 0.987935 0.323499 0.0219627 0.0354839 0.692193
0 0.933262 0.734866 0.0255165 0.0466071 0.68936
0 0.604661 0.613281 0.0261333 0.042451 0.680215
0 0.366095 0.512215 0.0226903 0.0333125 0.679013
0 0.417738 0.92224 0.0201113 0.0285845 0.675332
0 0.529326 0.818923 0.0236896 0.037362 0.675265
0 0.629431 0.651349 0.021158 0.0416868 0.670271
0 0.769311 0.0802721 0.0246872 0.0416775 0.670201
0 0.796248 0.621036 0.026469 0.0376702 0.668112
0 0.620201 0.690758 0.0228378 0.0307729 0.665266
0 0.838553 0.603776 0.0350956 0.0422694 0.665007
0 0.456065 0.620533 0.0273437 0.0407986 0.663564
0 0.578786 0.288672 0.0241618 0.0410107 0.662367
0 0.950232 0.34294 0.0196819 0.0320471 0.661302
0 0.878361 0.674017 0.0207176 0.0314452 0.660712
0 0.989212 0.243398 0.0192537 0.030186 0.656812
0 0.827049 0.792344 0.0263308 0.0378771 0.656445
0 0.902017 0.915667 0.0217255 0.0332955 0.653322
0 0.717192 0.499053 0.0190487 0.0314948 0.65311
0 0.61754 0.453802 0.0203919 0.0423414 0.651922
0 0.319805 0.893668 0.0210273 0.0391103 0.651611
0 0.593616 0.515828 0.0187962 0.0330766 0.647865
0 0.651863 0.699213 0.0145174 0.0270582 0.646026
0 0.711931 0.744874 0.0200983 0.0373216 0.642981
0 0.936492 0.79253 0.0195831 0.0351661 0.640243
0 0.742507 0.0764268 0.0190016 0.0353733 0.63993
0 0.904062 0.146132 0.0170986 0.0294285 0.635077
0 0.654577 0.159903 0.024731 0.0402564 0.633714
0 0.306769 0.567806 0.0208597 0.0309894 0.632525
0 0.29899 0.644695 0.0268756 0.0545946 0.631508
0 0.828283 0.656541 0.0163097 0.030653 0.630279
0 0.598105 0.20131 0.0238079 0.0356142 0.628221
0 0.969649 0.593334 0.0191265 0.0320964 0.626482
0 0.597893 0.726748 0.0141058 0.0293532 0.626396
0 0.532473 0.42457 0.0244049 0.0454449 0.625459
0 0.896664 0.24453 0.0163559 0.0262716 0.622858
0 0.681648 0.656106 0.0165434 0.0277044 0.620369
0 0.842775 0.549273 0.020525 0.0332055 0.619674
0 0.87928 0.189991 0.0157444 0.0321526 0.619092
0 0.494544 0.970519 0.0229013 0.0423968 0.616893
0 0.708106 0.596236 0.0169033 0.0299164 0.61685
0 0.627258 0.733389 0.0180239 0.0297872 0.616587
0 0.903605 0.667358 0.01509 0.025008 0.615926
0 0.5444 0.304884 0.0193167 0.0333509 0.614111
0 0.991201 0.592661 0.0175987 0.0517481 0.611002
0 0.437964 0.845176 0.0194565 0.0341412 0.610663
0 0.448021 0.784543 0.0230053 0.0400209 0.609791
0 0.842014 0.705365 0.0213079 0.0372728 0.608458
0 0.799903 0.117259 0.0218079 0.0322231 0.608019
0 0.872657 0.264913 0.014241 0.0213429 0.607615
0 0.909923 0.499688 0.0192459 0.0316893 0.607475
0 0.886904 0.71346 0.0187161 0.0252784 0.606956
0 0.134361 0.92624 0.0289701 0.0493035 0.606012
0 0.916754 0.2857 0.0164192 0.0289409 0.604214
0 0.806446 0.733329 0.0158302 0.0296533 0.603357
0 0.769006 0.219934 0.023811 0.0429824 0.600957
0 0.801179 0.967595 0.0170705 0.027682 0.600803
0 0.72744 0.433462 0.0214876 0.0386729 0.599594
0 0.98393 0.731756 0.0150949 0.024429 0.599078
0 0.959384 0.769476 0.0161369 0.0257332 0.598602
0 0.929126 0.105639 0.0169712 0.0275819 0.597668
0 0.783037 0.479453 0.0253482 0.0367012 0.596908
0 0.927689 0.9512 0.0172169 0.0259263 0.593845
0 0.8452 0.953347 0.0140087 0.02537 0.593051
0 0.93065 0.625722 0.0246878 0.0368103 0.59231
0 0.576982 0.737836 0.0164682 0.030129 0.592093
0 0.865906 0.471405 0.0197462 0.0296058 0.586538
0 0.66354 0.637251 0.0154678 0.0216946 0.585524
0 0.811873 0.863461 0.0218609 0.0354006 0.585098
0 0.62425 0.191048 0.0221565 0.0361437 0.584757
0 0.0332151 0.85185 0.0191445 0.0316294 0.58461
0 0.719043 0.148078 0.0247255 0.0453012 0.582076
0 0.82673 0.200732 0.0157425 0.0268959 0.578647
0 0.835017 0.924691 0.021732 0.0344777 0.576776
0 0.409824 0.523167 0.0178442 0.0329031 0.576107
0 0.804572 0.401681 0.0204182 0.0430661 0.574889
0 0.952658 0.0716707 0.0172537 0.0225264 0.574277
0 0.680301 0.774987 0.0203407 0.0332347 0.573705
0 0.443785 0.509691 0.0131493 0.0224482 0.573207
0 0.040742 0.721062 0.0187604 0.0360918 0.572127
0 0.166403 0.938843 0.0236243 0.0499347 0.569993
0 0.478155 0.768468 0.0287334 0.0677521 0.569036
0 0.876375 0.515876 0.0137966 0.0288803 0.566249
0 0.658688 0.740646 0.0207096 0.0235029 0.565247
0 0.599598 0.649898 0.0187823 0.0283661 0.564551
0 0.361181 0.791013 0.0209065 0.0462731 0.562486
0 0.0578481 0.913185 0.0280568 0.0509087 0.562101
0 0.787142 0.89025 0.0203206 0.0261553 0.561497
0 0.322744 0.591679 0.016309 0.0257998 0.559496
0 0.861308 0.131978 0.0150784 0.0220992 0.559485
0 0.567325 0.235862 0.0247497 0.0371736 0.559396
0 0.656935 0.864818 0.0256389 0.0332892 0.55686
0 0.576583 0.702213 0.0180467 0.0264086 0.555435
0 0.604375 0.239035 0.0207228 0.0305837 0.555158
0 0.69232 0.181592 0.0230357 0.0372142 0.553271
0 0.848577 0.232781 0.0134069 0.0241883 0.548173
0 0.880302 0.416884 0.0198946 0.0360967 0.547555
0 0.412124 0.976796 0.0269659 0.0448905 0.547409
0 0.848117 0.171849 0.0294773 0.0457314 0.547185
0 0.506477 0.556221 0.0224703 0.0351683 0.545566
0 0.54201 0.619082 0.0148685 0.0275746 0.545359
0 0.0983946 0.922396 0.0193985 0.0363552 0.543572
0 0.65538 0.602547 0.0291798 0.0451415 0.539286
0 0.768502 0.337447 0.0223788 0.0368164 0.537513
0 0.856161 0.0705853 0.019101 0.0323578 0.535125
0 0.97748 0.552265 0.0205925 0.0336314 0.532368
0 0.486011 0.575701 0.0165514 0.0342719 0.526843
0 0.418724 0.430712 0.0140324 0.0262841 0.526035
0 0.467294 0.986764 0.017795 0.0246908 0.525797
0 0.952612 0.0412963 0.0122246 0.0195321 0.522193
0 0.334903 0.640543 0.0259819 0.0482301 0.52055
0 0.99481 0.63419 0.0103802 0.0293971 0.519032
0 0.403093 0.455964 0.020682 0.0316165 0.518509
0 0.650683 0.281289 0.0200085 0.0369703 0.517803
0 0.426643 0.512891 0.0133894 0.0250309 0.517498
0 0.742977 0.13103 0.021126 0.0339811 0.517191
0 0.692 0.619115 0.0150735 0.0309674 0.514388
0 0.00745815 0.675116 0.0149163 0.0445312 0.511805
0 0.782302 0.758596 0.0149595 0.0211294 0.504093
0 0.608694 0.154231 0.0204769 0.0333224 0.498024
0 0.978691 0.887485 0.0147521 0.0241912 0.497396
0 0.440165 0.985176 0.0229896 0.0283495 0.493841
0 0.901972 0.782224 0.0239807 0.0372074 0.493689
0 0.787881 0.713336 0.0153957 0.0225199 0.493426
0 0.868326 0.894831 0.0214703 0.0361279 0.492373
0 0.466716 0.856135 0.0153404 0.0214322 0.486123
0 0.748067 0.74203 0.0193748 0.0283789 0.484593
0 0.815326 0.0917961 0.0196079 0.0239089 0.484085
0 0.814444 0.355893 0.0219631 0.0319935 0.481015
0 0.632723 0.60556 0.0155573 0.0294344 0.47949
0 0.846275 0.654263 0.0131275 0.0241916 0.478515
0 0.979417 0.0230653 0.0292931 0.0441214 0.478434
0 0.430169 0.739803 0.0141144 0.0275057 0.472543
0 0.778155 0.416606 0.0240155 0.0351471 0.471518
0 0.698267 0.552314 0.0173197 0.0238671 0.470161
0 0.498177 0.693275 0.0206223 0.0217655 0.468069
0 0.56392 0.594068 0.0192458 0.0315254 0.467678
0 0.356619 0.877509 0.0197681 0.0365211 0.466723
0 0.701395 0.457051 0.0171904 0.0295065 0.462161
0 0.689728 0.579414 0.0161023 0.0276558 0.461954
0 0.747792 0.475712 0.0144694 0.0242682 0.46114
0 0.648095 0.0381202 0.0220252 0.036334 0.459277
0 0.00872925 0.867605 0.0171406 0.0334954 0.458621
0 0.46686 0.577203 0.0157328 0.0297926 0.457097
0 0.707199 0.42411 0.0201229 0.0333188 0.448653
0 0.948619 0.4302 0.0161438 0.0330677 0.447902
0 0.766064 0.259707 0.0198414 0.0300134 0.445759
0 0.973901 0.64685 0.0258099 0.0345118 0.445411
0 0.661467 0.865743 0.0173027 0.03174 0.444889
0 0.839705 0.349195 0.0171562 0.0316581 0.439352
0 0.867807 0.317652 0.0187567 0.028032 0.436832
0 0.877502 0.033349 0.0135179 0.0232931 0.436569
0 0.917574 0.401631 0.0211258 0.0312805 0.436172
0 0.404844 0.697954 0.020323 0.0272663 0.436061
0 0.905876 0.860407 0.0166053 0.0284848 0.435118
0 0.990251 0.472555 0.0194988 0.030335 0.434274
0 0.968544 0.63783 0.0227665 0.0395011 0.43281
0 0.865583 0.732666 0.0167622 0.0283427 0.432053
0 0.873953 0.842921 0.0148491 0.0254579 0.431356
0 0.870318 0.591287 0.0198189 0.0295839 0.429863
0 0.666726 0.371898 0.0184577 0.0357112 0.428281
0 0.918861 0.571504 0.0123451 0.0229716 0.427368
0 0.728362 0.714226 0.013517 0.02328 0.426324
0 0.95217 0.918656 0.0182762 0.0249054 0.424789
0 0.443568 0.401651 0.0219093 0.0313734 0.423699
0 0.538662 0.239187 0.0153791 0.0247464 0.423587
0 0.9136 0.208749 0.0194187 0.0277611 0.420869
0 0.350647 0.56746 0.0184687 0.0213025 0.418938
0 0.826425 0.314911 0.021122 0.0354382 0.418341
0 0.703575 0.700397 0.0171526 0.0261241 0.417136
0 0.692712 0.46059 0.0212467 0.0288632 0.414701
0 0.955826 0.836744 0.0162212 0.0256037 0.414374
0 0.559469 0.434076 0.0167351 0.038092 0.411067
0 0.994269 0.153642 0.0114625 0.0258214 0.411007
0 0.996496 0.746846 0.00700798 0.0285899 0.408895
0 0.84876 0.889414 0.0132275 0.022486 0.40881
0 0.857023 0.0168191 0.0239258 0.0328113 0.408312
0 0.816773 0.703392 0.0181297 0.0331614 0.407071
0 0.741229 0.0300119 0.0191544 0.0250685 0.404473
0 0.971301 0.641168 0.0272896 0.0420711 0.403379
0 0.428475 0.708878 0.0141105 0.0205892 0.400293
0 0.397352 0.936245 0.0152306 0.0372066 0.397201
0 0.743874 0.696436 0.0176463 0.0287923 0.39634
0 0.977591 0.943242 0.0222446 0.0357032 0.395112
0 0.988404 0.423376 0.0152002 0.0202664 0.393902
0 0.528633 0.503783 0.0236279 0.0492671 0.391862
0 0.620262 0.785045 0.0171103 0.0313616 0.391324
0 0.615704 0.297145 0.0369957 0.0554387 0.390847
0 0.826421 0.241426 0.0135191 0.0259553 0.389167
0 0.732581 0.590592 0.0134628 0.0312034 0.385794
0 0.831592 0.84618 0.013678 0.0222812 0.385584
0 0.86157 0.982518 0.0193188 0.0314401 0.384477
0 0.829191 0.492991 0.0273048 0.0274017 0.383422
0 0.653371 0.537248 0.0313614 0.0514469 0.380838
0 0.995851 0.877063 0.00829868 0.0290049 0.379376
0 0.390019 0.790815 0.0139913 0.0278527 0.377637
0 0.345401 0.725104 0.01608 0.0270526 0.373988
0 0.917656 0.894369 0.0151905 0.0266954 0.373528
0 0.588873 0.768089 0.0139627 0.023839 0.373256
0 0.715929 0.382904 0.016573 0.0318122 0.3717
0 0.959872 0.104001 0.0149921 0.020939 0.362861
0 0.814018 0.231201 0.0130932 0.0229166 0.361761
0 0.394053 0.615789 0.0214201 0.0277128 0.353981
0 0.34045 0.691049 0.0162418 0.024076 0.353548
0 0.34795 0.933591 0.026567 0.0385885 0.352508
0 0.705395 0.651322 0.0163843 0.020023 0.351789
0 0.30539 0.922351 0.0125144 0.0280151 0.349278
0 0.977101 0.648227 0.0202145 0.032172 0.347818
0 0.366225 0.960162 0.0123313 0.0208866 0.344364
0 0.371033 0.916487 0.0185961 0.0315562 0.344357
0 0.993997 0.0807291 0.0120052 0.0355912 0.343901
0 0.635305 0.130333 0.0233185 0.0414537 0.343461
0 0.796555 0.781168 0.0119061 0.0212009 0.342622
0 0.00832797 0.914694 0.0165751 0.0322035 0.342606
0 0.844499 0.0412943 0.0151255 0.0169478 0.341585
0 0.993658 0.920496 0.0126839 0.0310219 0.340649
0 0.811906 0.229464 0.0129742 0.0244438 0.339614
0 0.787251 0.269503 0.015907 0.0208313 0.337952
0 0.988079 0.855855 0.0158194 0.0311069 0.33332
0 0.387971 0.653474 0.0319352 0.0391687 0.329617
0 0.691877 0.0236817 0.0455494 0.0471894 0.329421
0 0.523583 0.767391 0.0285612 0.0532705 0.327166
0 0.697321 0.45824 0.0239838 0.0308757 0.32418
0 0.692046 0.753988 0.0131446 0.0181533 0.322092
0 0.43815 0.878129 0.01745 0.0177826 0.320765
0 0.496311 0.501627 0.0138678 0.0318095 0.319219
0 0.88733 0.287416 0.0138031 0.0202947 0.316968
0 0.288899 0.782301 0.0198176 0.0377848 0.316353
0 0.632242 0.572957 0.0146742 0.0266303 0.312647
0 0.783919 0.830022 0.0141691 0.0262741 0.310104
0 0.567797 0.205512 0.0168421 0.0218531 0.309842
0 0.966226 0.216386 0.0140388 0.018365 0.308528
0 0.69242 0.389064 0.0205221 0.0339615 0.303125
0 0.578431 0.429358 0.0241498 0.0449978 0.302377
0 0.466863 0.571992 0.0170773 0.0363156 0.301321
0 0.273668 0.837955 0.0189622 0.0327362 0.293596
0 0.335922 0.547288 0.0178494 0.0253179 0.293244
0 0.950687 0.137157 0.0124222 0.02027 0.291122
0 0.67218 0.444782 0.0160042 0.0303345 0.29096
0 0.751306 0.405034 0.0143881 0.027273 0.290562
0 0.370874 0.908044 0.0186216 0.0327623 0.289446
0 0.829679 0.460532 0.0214764 0.0346297 0.287967
0 0.997289 0.707205 0.00542202 0.029601 0.284334
0 0.97967 0.946899 0.0210815 0.0290234 0.282993
0 0.859961 0.211117 0.0164936 0.0235139 0.281615
0 0.77096 0.635112 0.0118313 0.0206399 0.276426
0 0.520806 0.755837 0.0355127 0.0751292 0.276337
0 0.611751 0.0547988 0.030497 0.0476013 0.275795
0 0.347989 0.728174 0.0193694 0.0323137 0.272838
0 0.704282 0.456816 0.0146584 0.0283761 0.266513
0 0.778135 0.0116354 0.0231548 0.0213316 0.263176
0 0.885726 0.940252 0.0154865 0.0225996 0.261412
0 0.45202 0.438981 0.0122256 0.0252913 0.261059
0 0.923397 0.853147 0.0192421 0.0348962 0.260127
0 0.45243 0.48276 0.0191532 0.0306587 0.258691
0 0.803729 0.311438 0.0196814 0.0347983 0.257217
0 0.823375 0.983847 0.0168953 0.0282886 0.254522
0 0.371171 0.923554 0.017625 0.0248476 0.254143
0 0.691379 0.238034 0.015658 0.0247744 0.251689
0 0.833231 0.729823 0.011871 0.0182626 0.250461
0 0.733369 0.392167 0.0166018 0.0339507 0.247051
0 0.742491 0.621356 0.0262906 0.0442038 0.242129
0 0.733877 0.490405 0.0118865 0.0200301 0.241432
0 0.823729 0.237744 0.0116238 0.0233068 0.240267
0 0.424804 0.584121 0.0201659 0.0345859 0.238838
0 0.625036 0.569722 0.026634 0.0327391 0.236462
0 0.0554424 0.866803 0.0140686 0.0286725 0.234603
0 0.481421 0.343983 0.0232092 0.0342591 0.232417
0 0.894625 0.630112 0.0181414 0.0250073 0.232282
0 0.509766 0.554321 0.0252457 0.0397866 0.231168
0 0.794732 0.569438 0.0119822 0.0316238 0.229924
0 0.372898 0.910043 0.0225819 0.0457208 0.226403
0 0.561867 0.433752 0.0205864 0.0441688 0.223701
0 0.979496 0.650846 0.0169964 0.0284827 0.221342
0 0.442486 0.577391 0.0179081 0.0428656 0.219745
0 0.372239 0.91207 0.0205305 0.0332882 0.218418
0 0.74151 0.518555 0.0145664 0.0225918 0.217847
0 0.871117 0.630308 0.0208469 0.0254079 0.216368
0 0.945023 0.50406 0.022921 0.0380542 0.214752
0 0.918256 0.894276 0.0189205 0.0308171 0.212666
0 0.375949 0.797748 0.0102947 0.0234755 0.211856
0 0.799955 0.204325 0.0175936 0.0206978 0.210384
0 0.530659 0.497352 0.0202381 0.0375394 0.210086
0 0.855948 0.844574 0.0167171 0.0239633 0.207039
0 0.498569 0.279768 0.0149086 0.0264302 0.205174
0 0.795597 0.0409392 0.0166563 0.0303944 0.203724
