0 0.157322 0.245194 0.0295417 0.0542993 0.711987
0 0.850032 0.570581 0.0204563 0.0383311 0.691473
0 0.894923 0.851513 0.0199875 0.037913 0.688911
0 0.663152 0.622118 0.0261275 0.0472084 0.68582
0 0.639936 0.193636 0.0286248 0.0457501 0.684997
0 0.881267 0.224046 0.0244188 0.0410185 0.680837
0 0.842887 0.490766 0.0195553 0.0300981 0.678015
0 0.381822 0.69772 0.0262815 0.0391706 0.677425
0 0.729383 0.790754 0.0272373 0.0434458 0.675754
0 0.276547 0.22086 0.0253337 0.0485311 0.675614
0 0.126951 0.262759 0.0206831 0.0395902 0.674643
0 0.22713 0.903783 0.0241877 0.0403748 0.666819
0 0.907749 0.327131 0.0230145 0.0399201 0.665716
0 0.131701 0.371883 0.0215939 0.0365716 0.663346
0 0.451986 0.903471 0.0226587 0.0489872 0.660523
0 0.252586 0.887269 0.0222161 0.0403876 0.65954
0 0.0572247 0.27436 0.0265907 0.0448018 0.65952
0 0.132622 0.468865 0.0184518 0.0329747 0.659194
0 0.290403 0.0234847 0.0285161 0.0459478 0.658478
0 0.947148 0.197821 0.0199436 0.0312417 0.657248
0 0.170931 0.839159 0.0205747 0.0382359 0.65632
0 0.346493 0.0601679 0.020377 0.0370444 0.655963
0 0.438138 0.307251 0.0268459 0.0601705 0.651988
0 0.473236 0.93284 0.0244556 0.0404819 0.648582
0 0.112261 0.872824 0.0190043 0.0348384 0.64685
0 0.956885 0.527919 0.0208012 0.0474036 0.646502
0 0.0752697 0.674162 0.0182557 0.0311929 0.645028
0 0.437536 0.375964 0.0208668 0.0423533 0.643364
0 0.597172 0.0404765 0.0144122 0.0332739 0.643235
0 0.557856 0.322129 0.0238472 0.0406028 0.638581
0 0.294191 0.927356 0.0240527 0.037557 0.636322
0 0.498446 0.602576 0.0186598 0.0347964 0.635697
0 0.280255 0.698323 0.0204493 0.0423087 0.633243
0 0.982403 0.35228 0.017889 0.0297668 0.631738
0 0.527819 0.667198 0.0205801 0.0384 0.627747
0 0.76339 0.281835 0.0177156 0.0322728 0.626184
0 0.220341 0.576044 0.0216112 0.0419488 0.626134
0 0.00747961 0.669404 0.0147282 0.042433 0.62583
0 0.513881 0.0217324 0.016663 0.0290193 0.624894
0 0.398917 0.0745744 0.0180061 0.0342446 0.624338
0 0.359228 0.539768 0.0142807 0.0300911 0.622524
0 0.892444 0.547604 0.0181032 0.0323903 0.621773
0 0.948721 0.125811 0.0196808 0.0338523 0.620222
0 0.770558 0.417134 0.0204063 0.033096 0.620154
0 0.251648 0.302475 0.0186845 0.0332055 0.619942
0 0.562599 0.424899 0.0181229 0.0331362 0.619621
0 0.387799 0.733855 0.0165831 0.0286233 0.618207
0 0.197797 0.11689 0.0203157 0.0368235 0.618188
0 0.301672 0.567721 0.0139532 0.0362821 0.617076
0 0.560623 0.191299 0.020525 0.0339254 0.61608
0 0.571758 0.366653 0.0207655 0.0456137 0.615686
0 0.742314 0.509924 0.0192772 0.042119 0.615639
0 0.481004 0.306614 0.0135349 0.0328233 0.615147
0 0.200317 0.825752 0.0166211 0.0324231 0.614672
0 0.13255 0.517801 0.017425 0.0362669 0.614539
0 0.988259 0.251656 0.0158699 0.0322052 0.612193
0 0.328158 0.951678 0.0201358 0.0356909 0.611957
0 0.807602 0.446997 0.0158985 0.0324402 0.611197
0 0.914199 0.164767 0.0190571 0.0307198 0.610836
0 0.575539 0.135481 0.0158577 0.0300944 0.610787
0 0.790422 0.328823 0.0174435 0.0413589 0.610652
0 0.32366 0.171416 0.0178041 0.0363775 0.608154
0 0.675079 0.152516 0.0166821 0.0452113 0.607239
0 0.109152 0.217399 0.0252704 0.037631 0.606799
0 0.419607 0.795671 0.0207712 0.0374752 0.6061
0 0.295996 0.13277 0.0130939 0.0357233 0.606041
0 0.426572 0.643951 0.0162806 0.0297187 0.605959
0 0.153293 0.780404 0.0227572 0.0415934 0.60525
0 0.155401 0.0303533 0.0194067 0.0301588 0.604057
0 0.742705 0.30541 0.0189165 0.0295909 0.603828
0 0.253336 0.598389 0.0177015 0.0409414 0.603744
0 0.05883 0.942797 0.0187274 0.0417592 0.603234
0 0.170446 0.351407 0.0182446 0.0330076 0.603199
0 0.593951 0.11531 0.0157783 0.0320008 0.602487
0 0.489464 0.424143 0.0192611 0.0452667 0.602405
0 0.413031 0.604959 0.0174549 0.0285561 0.601809
0 0.672894 0.847183 0.0168322 0.0342621 0.600065
0 0.558808 0.0846171 0.016809 0.0306919 0.59981
0 0.0972094 0.783813 0.0156839 0.0342329 0.599285
0 0.667558 0.471034 0.0181538 0.0322534 0.596625
0 0.454274 0.958444 0.0168568 0.034406 0.596463
0 0.901202 0.199425 0.0178135 0.0329592 0.596453
0 0.480522 0.0638902 0.0183718 0.0293192 0.596386
0 0.41953 0.0503719 0.0186338 0.0365783 0.596373
0 0.93692 0.280772 0.0208403 0.0359133 0.596308
0 0.189058 0.882363 0.0174288 0.0341675 0.595816
0 0.60432 0.572462 0.0163731 0.0313785 0.595615
0 0.763504 0.600025 0.0266518 0.0442645 0.594681
0 0.921029 0.605287 0.0235516 0.0409129 0.594573
0 0.932931 0.703928 0.0180122 0.03454 0.593054
0 0.14648 0.177336 0.0210499 0.0418406 0.592867
0 0.710231 0.355408 0.0172429 0.0300761 0.592742
0 0.709731 0.455728 0.0128424 0.025539 0.591886
0 0.0224805 0.334077 0.0178464 0.0340229 0.591024
0 0.221384 0.469194 0.0164479 0.0320641 0.590688
0 0.862932 0.251431 0.0158642 0.028819 0.590355
0 0.674429 0.435309 0.017808 0.0356935 0.589301
0 0.556466 0.246184 0.0176995 0.0413256 0.589024
0 0.203836 0.0716391 0.0198052 0.0324483 0.587004
0 0.396574 0.622507 0.0162477 0.0355533 0.586834
0 0.119956 0.563949 0.0200715 0.0302634 0.585566
0 0.3122 0.273174 0.0175125 0.0302646 0.584729
0 0.384009 0.419589 0.0234691 0.04416 0.583953
0 0.721079 0.0612702 0.0144075 0.0331836 0.583698
0 0.82805 0.463953 0.0158978 0.0286418 0.583682
0 0.377594 0.526372 0.0132841 0.0279656 0.583431
0 0.578929 0.168129 0.013968 0.0246614 0.583274
0 0.367896 0.756861 0.0199198 0.0371996 0.583237
0 0.473718 0.270948 0.0222244 0.0349147 0.583083
0 0.239816 0.768858 0.0158716 0.0293566 0.583055
0 0.113585 0.770544 0.0167161 0.0368568 0.583048
0 0.506982 0.305892 0.0254224 0.0447123 0.581849
0 0.774996 0.103726 0.018384 0.0338523 0.581433
0 0.417934 0.21805 0.0145779 0.0291839 0.579159
0 0.559433 0.124177 0.0147256 0.0312596 0.578876
0 0.20112 0.756277 0.014695 0.0285226 0.578747
0 0.988066 0.558833 0.0237202 0.0438966 0.578604
0 0.657973 0.0417417 0.0136288 0.0303653 0.576817
0 0.81623 0.52061 0.0158573 0.0282143 0.576282
0 0.197041 0.625641 0.015026 0.02743 0.576227
0 0.326011 0.113148 0.0128457 0.0289322 0.576082
0 0.658584 0.313477 0.0164301 0.0315203 0.575989
0 0.840306 0.626744 0.0186773 0.0364193 0.5752
0 0.403248 0.575381 0.0143 0.0252171 0.574555
0 0.35486 0.709968 0.0172407 0.0262457 0.574229
0 0.0566307 0.757679 0.0163006 0.0296397 0.574002
0 0.443975 0.0369296 0.01783 0.0335376 0.573752
0 0.476364 0.465117 0.0147723 0.0266257 0.573503
0 0.0948402 0.850672 0.0110289 0.0382243 0.572838
0 0.750223 0.129031 0.0171158 0.027691 0.572197
0 0.578803 0.49788 0.0199604 0.0307304 0.571732
0 0.728545 0.629274 0.0205182 0.0292976 0.571348
0 0.130822 0.819908 0.0300307 0.0625483 0.570949
0 0.400541 0.66928 0.017364 0.0331304 0.569823
0 0.845457 0.0463728 0.0266155 0.0447033 0.567897
0 0.586649 0.282295 0.0221172 0.037556 0.567697
0 0.742383 0.676808 0.0141574 0.0248101 0.566697
0 0.0314882 0.686018 0.0179796 0.0299459 0.564747
0 0.654892 0.247031 0.0193569 0.0316294 0.564706
0 0.607979 0.394814 0.0141735 0.0275146 0.563806
0 0.757586 0.779221 0.01253 0.0284475 0.563635
0 0.807535 0.665532 0.0153715 0.0300641 0.56295
0 0.247855 0.0994979 0.0191567 0.0319512 0.559957
0 0.149992 0.855903 0.0112236 0.0330482 0.559418
0 0.726559 0.559543 0.0130199 0.0241577 0.55932
0 0.727896 0.842966 0.0191589 0.0383296 0.559286
0 0.656469 0.753268 0.0190237 0.0341041 0.559149
0 0.950848 0.341888 0.0184254 0.0314042 0.558635
0 0.614798 0.156126 0.019058 0.0331091 0.558577
0 0.255469 0.639839 0.0154213 0.0297799 0.558093
0 0.358069 0.854126 0.0159417 0.0292745 0.557846
0 0.416679 0.338266 0.0155365 0.0302361 0.557749
0 0.309085 0.518298 0.0168197 0.0290606 0.556833
0 0.892983 0.406572 0.0180149 0.0318517 0.556719
0 0.290942 0.389396 0.0126125 0.0253782 0.556687
0 0.134029 0.0716101 0.0194184 0.0348982 0.556499
0 0.712781 0.193586 0.0173587 0.03529 0.556157
0 0.0817158 0.790501 0.0124457 0.0340846 0.554688
0 0.856548 0.222707 0.0169642 0.0241351 0.553315
0 0.677031 0.0278097 0.0191062 0.036422 0.552973
0 0.256352 0.559755 0.0133084 0.0290491 0.55295
0 0.325105 0.835831 0.0208545 0.0349172 0.552567
0 0.383879 0.0253749 0.0182835 0.0309679 0.552456
0 0.821149 0.489582 0.0135017 0.0231907 0.552439
0 0.0141181 0.754698 0.0148667 0.029086 0.550078
0 0.603321 0.428184 0.0180876 0.0351181 0.549657
0 0.115239 0.0171781 0.0189054 0.0331259 0.548921
0 0.414088 0.931212 0.0229767 0.0467285 0.548579
0 0.774036 0.165187 0.0201249 0.031289 0.548505
0 0.816429 0.721863 0.0203545 0.0418871 0.548354
0 0.874579 0.0796439 0.0149813 0.0290475 0.548141
0 0.899624 0.971902 0.0140583 0.0346074 0.547345
0 0.975105 0.777476 0.018924 0.0321289 0.546694
0 0.22877 0.309433 0.0177104 0.0305871 0.5459
0 0.740535 0.169615 0.0163225 0.0344281 0.543628
0 0.868389 0.0352734 0.016383 0.0334098 0.541993
0 0.850482 0.192515 0.018116 0.034513 0.541971
0 0.428344 0.714751 0.0145999 0.0297855 0.541693
0 0.231391 0.214741 0.0172362 0.0324552 0.541085
0 0.349052 0.602018 0.0183381 0.0354194 0.540819
0 0.687183 0.312564 0.0184039 0.0258689 0.539659
0 0.953669 0.26263 0.0137341 0.032802 0.539623
0 0.77005 0.470912 0.0229897 0.0346281 0.539341
0 0.427613 0.684319 0.0170504 0.0298297 0.539087
0 0.776311 0.230372 0.0137896 0.0270218 0.538334
0 0.329047 0.383118 0.0214214 0.0354082 0.536979
0 0.398136 0.977096 0.0229703 0.0405201 0.536932
0 0.442712 0.193908 0.0142813 0.0307469 0.53661
0 0.918742 0.258317 0.0173519 0.0338794 0.536566
0 0.220445 0.634501 0.0229142 0.0377567 0.53497
0 0.696253 0.603713 0.0118984 0.0279922 0.534667
0 0.0494505 0.427426 0.0207857 0.0346151 0.532466
0 0.0569892 0.214994 0.0159571 0.0284951 0.532359
0 0.442674 0.839809 0.0164406 0.0395623 0.531858
0 0.759652 0.636338 0.0157124 0.0281509 0.531801
0 0.688892 0.171524 0.0200371 0.0360833 0.531343
0 0.31666 0.986632 0.0178334 0.0258097 0.531047
0 0.946938 0.164984 0.0153061 0.0280348 0.53049
0 0.108265 0.609615 0.0145377 0.0260619 0.529401
0 0.0307563 0.761136 0.0141463 0.024834 0.529366
0 0.71716 0.427372 0.0145382 0.0267049 0.528382
0 0.810143 0.8753 0.0164375 0.03184 0.527841
0 0.227438 0.78739 0.0108026 0.0216015 0.527202
0 0.831359 0.535729 0.0160454 0.0265772 0.527127
0 0.293677 0.257105 0.0175446 0.0349792 0.526344
0 0.878874 0.570548 0.0186451 0.0336828 0.525938
0 0.505824 0.645658 0.0192497 0.0378607 0.525419
0 0.12855 0.303646 0.0149068 0.0263029 0.524633
0 0.351223 0.297735 0.0173686 0.0321654 0.52402
0 0.697034 0.521967 0.0131001 0.0243821 0.523791
0 0.756819 0.233913 0.0170544 0.0323752 0.523104
0 0.714641 0.228746 0.0121019 0.0280701 0.522683
0 0.170506 0.185948 0.0190272 0.0373312 0.52265
0 0.519009 0.394403 0.0183453 0.0307066 0.522397
0 0.130898 0.746349 0.0217427 0.0361426 0.521944
0 0.221644 0.81242 0.012879 0.0222009 0.520436
0 0.399882 0.294059 0.0203254 0.0392458 0.519981
0 0.828496 0.944944 0.0179493 0.0310867 0.519602
0 0.779308 0.29965 0.0148485 0.0276839 0.518521
0 0.241956 0.341163 0.0209546 0.0367625 0.518198
0 0.833396 0.191861 0.0144878 0.0240621 0.517553
0 0.710638 0.157194 0.0145369 0.0314058 0.517048
0 0.00714124 0.236073 0.0138702 0.0327164 0.516598
0 0.481218 0.0282507 0.0149328 0.0273332 0.516265
0 0.102428 0.966996 0.0206716 0.0371643 0.515676
0 0.442627 0.4237 0.0145736 0.0259335 0.515323
0 0.153142 0.301014 0.0182992 0.0326707 0.515267
0 0.789413 0.196721 0.0160194 0.0288695 0.514201
0 0.0777641 0.877123 0.0165237 0.0307668 0.514142
0 0.614151 0.472299 0.0206422 0.0336168 0.513456
0 0.192673 0.157257 0.0221391 0.0387465 0.513369
0 0.775343 0.706677 0.0170706 0.0308811 0.513252
0 0.154363 0.976314 0.0154045 0.0385569 0.512292
0 0.493509 0.372227 0.0137159 0.0300959 0.512163
0 0.397993 0.365039 0.0155114 0.0233723 0.511034
0 0.115899 0.535784 0.0160553 0.0256003 0.510038
0 0.613401 0.511227 0.01785 0.0330309 0.509602
0 0.568997 0.461146 0.0227783 0.0348256 0.509577
0 0.689097 0.0727829 0.0149868 0.0334639 0.509001
0 0.392446 0.550671 0.0124252 0.0247172 0.508905
0 0.480951 0.502709 0.0197144 0.0336958 0.508788
0 0.445029 0.732368 0.014711 0.0374967 0.508128
0 0.552647 0.0300298 0.0146479 0.0265543 0.50644
0 0.0827429 0.413132 0.0146604 0.0308868 0.504424
0 0.257356 0.935069 0.0196348 0.0313968 0.503874
0 0.684439 0.978079 0.0209425 0.0398531 0.50341
0 0.787506 0.568834 0.0178181 0.0300262 0.503406
0 0.390765 0.188872 0.0160031 0.0303631 0.500932
0 0.128024 0.177648 0.0167583 0.03986 0.500556
0 0.0306231 0.730405 0.0165398 0.0267426 0.500341
0 0.456804 0.634034 0.0157537 0.0282567 0.499731
0 0.0454211 0.339129 0.0142323 0.0261774 0.499044
0 0.392584 0.517044 0.014116 0.0243722 0.498597
0 0.00697128 0.714733 0.0138658 0.0355757 0.497562
0 0.274209 0.574489 0.0185609 0.0324679 0.497231
0 0.477719 0.659141 0.016396 0.0363491 0.497215
0 0.30287 0.715214 0.0169073 0.0351093 0.49707
0 0.828195 0.572537 0.0103414 0.0220166 0.496941
0 0.477508 0.129602 0.0187862 0.0378134 0.496618
0 0.298314 0.43791 0.0193291 0.031396 0.49597
0 0.522045 0.200276 0.014528 0.0342949 0.495469
0 0.26921 0.169018 0.0265263 0.03957 0.495268
0 0.837292 0.257722 0.0229654 0.036807 0.495187
0 0.103942 0.35407 0.0169697 0.0308012 0.495022
0 0.21612 0.84895 0.0169524 0.0304698 0.494718
0 0.451169 0.532136 0.0106339 0.0254144 0.494181
0 0.296033 0.975617 0.0162358 0.0376953 0.493921
0 0.928798 0.226892 0.020462 0.0283632 0.492852
0 0.931946 0.553269 0.0226463 0.0543131 0.491324
0 0.892407 0.096236 0.0204943 0.0410229 0.491288
0 0.971358 0.71653 0.01852 0.0363836 0.491027
0 0.0548714 0.645129 0.0212732 0.0351815 0.4895
0 0.66997 0.270872 0.0137952 0.0238371 0.488554
0 0.904623 0.125026 0.0206085 0.0328814 0.486441
0 0.50893 0.0795707 0.0143037 0.0310448 0.48556
0 0.832761 0.0828572 0.0161493 0.024541 0.485228
0 0.0282203 0.85782 0.0240528 0.0452593 0.485199
0 0.211204 0.362374 0.0181996 0.0342497 0.484706
0 0.42329 0.42234 0.0144614 0.0248923 0.484223
0 0.707838 0.841013 0.013682 0.0258599 0.483623
0 0.794822 0.690796 0.0184116 0.0396465 0.483011
0 0.57996 0.0396366 0.0127756 0.0243024 0.482569
0 0.700974 0.00921012 0.0218019 0.0183345 0.481927
0 0.0167223 0.3663 0.0181388 0.0228113 0.481904
0 0.593384 0.656065 0.0236362 0.0491351 0.481232
0 0.422022 0.973301 0.0157243 0.0357971 0.480872
0 0.973449 0.410798 0.0185478 0.0388 0.480676
0 0.403907 0.151397 0.0164815 0.0280671 0.480621
0 0.416561 0.184485 0.0133572 0.0225036 0.480151
0 0.290646 0.768095 0.0157059 0.0323719 0.47997
0 0.652648 0.571324 0.0192963 0.0344404 0.478112
0 0.904519 0.757603 0.0197979 0.0343955 0.477966
0 0.69128 0.822375 0.0185079 0.0348122 0.477944
0 0.142739 0.604943 0.0162468 0.0306919 0.477017
0 0.507379 0.118175 0.0170663 0.0290385 0.476778
0 0.317285 0.613235 0.0209838 0.044224 0.476768
0 0.21196 0.188783 0.0186326 0.029704 0.475728
0 0.862747 0.448334 0.0280182 0.0618491 0.475689
0 0.795175 0.505312 0.0171798 0.0273134 0.475548
0 0.813469 0.385942 0.014728 0.0303126 0.471915
0 0.472277 0.98619 0.02222 0.0268487 0.471844
0 0.495448 0.176652 0.0229659 0.040659 0.470378
0 0.256558 0.68003 0.0183198 0.0307892 0.469568
0 0.535771 0.0379368 0.011902 0.0231069 0.469133
0 0.606612 0.083597 0.0169502 0.0377437 0.468046
0 0.643835 0.442044 0.0191458 0.0326504 0.467808
0 0.100178 0.583068 0.0171407 0.0293328 0.466585
0 0.525035 0.445663 0.0179233 0.0355127 0.466001
0 0.100074 0.707974 0.0175615 0.0348633 0.465773
0 0.727038 0.662662 0.0139823 0.0218929 0.465247
0 0.433067 0.538402 0.0185995 0.0330831 0.46494
0 0.244758 0.962387 0.0191094 0.0329389 0.464171
0 0.810837 0.161815 0.020572 0.0343686 0.463884
0 0.0755756 0.0201815 0.0214399 0.0396133 0.463256
0 0.154072 0.447567 0.0162066 0.0241177 0.462815
0 0.539013 0.783079 0.0135297 0.0232139 0.462492
0 0.958614 0.954685 0.0201008 0.0369792 0.461245
0 0.773304 0.805197 0.0174152 0.0322741 0.461211
0 0.0641812 0.897436 0.0163025 0.0305227 0.461098
0 0.886886 0.140539 0.016606 0.028314 0.458746
0 0.434681 0.166757 0.0141541 0.0225302 0.458745
0 0.00939381 0.795381 0.016956 0.0282447 0.458217
0 0.820062 0.314334 0.014986 0.0229797 0.455074
0 0.629653 0.400426 0.0221666 0.0413937 0.454538
0 0.0101202 0.592902 0.0189932 0.035806 0.453519
0 0.218662 0.328506 0.0140325 0.0270165 0.452514
0 0.670726 0.355692 0.0165782 0.0214616 0.451748
0 0.657766 0.51596 0.0105089 0.0246982 0.451574
0 0.0309974 0.640862 0.0184079 0.028862 0.451407
0 0.601299 0.301835 0.0132262 0.027183 0.4511
0 0.616354 0.0288304 0.0145738 0.0266687 0.45063
0 0.244501 0.259116 0.0170576 0.0292948 0.448514
0 0.291802 0.826243 0.0183915 0.0283925 0.448468
0 0.209969 0.221831 0.0211522 0.0320939 0.448348
0 0.0532385 0.15796 0.0173797 0.0327068 0.447695
0 0.00659819 0.176433 0.0129884 0.0335541 0.447464
0 0.95425 0.404473 0.0219501 0.0406027 0.447409
0 0.29077 0.527545 0.0129663 0.0268567 0.446947
0 0.691823 0.875814 0.0154818 0.0230632 0.446273
0 0.364413 0.623009 0.0123894 0.022518 0.446241
0 0.678149 0.245884 0.0118226 0.0248056 0.446118
0 0.936985 0.371675 0.0191525 0.0372072 0.44533
0 0.0891294 0.096743 0.0119988 0.0240781 0.444467
0 0.650709 0.983593 0.0152912 0.0303324 0.443899
0 0.466786 0.170947 0.0129317 0.0249048 0.443709
0 0.0210051 0.389334 0.0140858 0.0250576 0.442702
0 0.546915 0.564786 0.027344 0.0461098 0.442453
0 0.676412 0.330397 0.0139791 0.0268363 0.44188
0 0.799293 0.270811 0.018277 0.0326742 0.4416
0 0.433994 0.929883 0.0138203 0.0244219 0.441491
0 0.607479 0.33463 0.0178673 0.024116 0.441489
0 0.0648283 0.861987 0.0127745 0.0224776 0.44121
0 0.428391 0.134781 0.0144569 0.0226392 0.440983
0 0.918623 0.0583185 0.0229919 0.0383789 0.440073
0 0.542014 0.390204 0.0127951 0.0251092 0.439977
0 0.871295 0.531433 0.01614 0.0255368 0.438156
0 0.991247 0.867887 0.017506 0.0364561 0.436745
0 0.0749333 0.709896 0.0139907 0.0271625 0.43662
0 0.879557 0.279088 0.0190134 0.0345643 0.434445
0 0.217688 0.0937309 0.0174765 0.027059 0.43342
0 0.931932 0.025748 0.0189537 0.0362793 0.433319
0 0.633696 0.0628051 0.0181383 0.0328758 0.433063
0 0.805137 0.91121 0.0192229 0.0346066 0.432985
0 0.0469392 0.861954 0.0144336 0.0294454 0.431861
0 0.472822 0.35622 0.0215076 0.045632 0.431781
0 0.638273 0.29666 0.0196598 0.030682 0.431266
0 0.00578315 0.327221 0.0115065 0.0233162 0.430289
0 0.0534871 0.690196 0.0206772 0.0349959 0.430201
0 0.752761 0.0518652 0.0149367 0.0247887 0.429325
0 0.0713708 0.986698 0.0209879 0.026074 0.429253
0 0.745826 0.576106 0.0124279 0.0251229 0.428426
0 0.205994 0.265617 0.0225888 0.0426081 0.42762
0 0.182935 0.732569 0.0192081 0.0336812 0.427016
0 0.538453 0.510353 0.0274119 0.0365077 0.425756
0 0.853733 0.295706 0.0138931 0.0373066 0.42558
0 0.981328 0.48217 0.0239765 0.0510113 0.424973
0 0.149928 0.478394 0.0113149 0.0299361 0.424395
0 0.598763 0.165755 0.0111877 0.0322442 0.423981
0 0.746872 0.862514 0.0162366 0.0246753 0.423837
0 0.262362 0.745448 0.0184538 0.0324171 0.423269
0 0.345399 0.398617 0.0114855 0.026702 0.422456
0 0.0786137 0.200256 0.0162951 0.0340823 0.422327
0 0.629679 0.864788 0.0169453 0.0308575 0.421813
0 0.52254 0.578444 0.0169199 0.0309955 0.421562
0 0.828756 0.671663 0.012775 0.0263562 0.420586
0 0.826496 0.352649 0.0248741 0.0437918 0.420438
0 0.763013 0.0676475 0.0157604 0.0306656 0.419974
0 0.180894 0.797012 0.0171275 0.0373898 0.419346
0 0.516724 0.618613 0.0147139 0.0221849 0.418631
0 0.881974 0.564969 0.0141506 0.0315429 0.416951
0 0.0404852 0.513222 0.0149849 0.0269791 0.416335
0 0.346456 0.806946 0.0152894 0.0223836 0.415736
0 0.0970416 0.894524 0.0156571 0.0307488 0.415676
0 0.698228 0.110767 0.0204085 0.0296765 0.414623
0 0.501054 0.481396 0.0183819 0.0307243 0.414586
0 0.340585 0.349473 0.0192434 0.0329339 0.414425
0 0.159578 0.654842 0.0180911 0.0312386 0.414174
0 0.805204 0.111609 0.021021 0.0320957 0.413102
0 0.214748 0.152733 0.0107319 0.0289922 0.413066
0 0.164995 0.133082 0.0207149 0.0414047 0.411851
0 0.962678 0.797933 0.01834 0.029248 0.411669
0 0.365986 0.484933 0.0227524 0.0410716 0.411394
0 0.0589905 0.394798 0.0179106 0.0285897 0.410106
0 0.188331 0.446232 0.0145417 0.026887 0.409852
0 0.0532607 0.785115 0.0155032 0.0247109 0.409585
0 0.138107 0.420208 0.0110878 0.0352819 0.409366
0 0.120934 0.338542 0.0111963 0.0252458 0.409268
0 0.818839 0.632796 0.0142433 0.0221288 0.40855
0 0.613397 0.202991 0.0142717 0.0352653 0.407684
0 0.962837 0.363392 0.0145401 0.030874 0.407638
0 0.057808 0.610105 0.0153774 0.0289396 0.407633
0 0.644892 0.722092 0.0142822 0.0242445 0.406837
0 0.0699552 0.465091 0.0269433 0.0454361 0.404305
0 0.858177 0.367484 0.0310394 0.047382 0.403923
0 0.0032285 0.633519 0.00641911 0.0316058 0.40153
0 0.830166 0.705886 0.0130878 0.0244886 0.400651
0 0.766542 0.67281 0.019244 0.0296314 0.400176
0 0.205129 0.973797 0.0195801 0.0305641 0.399462
0 0.78471 0.652605 0.0131065 0.0267526 0.399139
0 0.0659734 0.818607 0.0159699 0.0292738 0.398666
0 0.587399 0.53272 0.0171065 0.0317858 0.39853
0 0.983791 0.938762 0.0165489 0.0296137 0.398161
0 0.250515 0.431822 0.0178223 0.0328107 0.398012
0 0.694839 0.431177 0.0125675 0.0243451 0.396776
0 0.284179 0.19674 0.0156983 0.0241717 0.396315
0 0.0351028 0.406728 0.014826 0.0252153 0.396263
0 0.33471 0.711581 0.0147589 0.0284299 0.39258
0 0.845118 0.301603 0.0282114 0.0424641 0.392094
0 0.253516 0.0250324 0.0208451 0.0309017 0.391255
0 0.41636 0.381996 0.0145842 0.0257646 0.391153
0 0.00985816 0.857268 0.015218 0.0297123 0.388807
0 0.129684 0.905431 0.0160011 0.0253445 0.388361
0 0.505556 0.529847 0.0240687 0.04341 0.38534
0 0.0675384 0.14604 0.0172031 0.0300282 0.385122
0 0.779211 0.052038 0.0217157 0.0349236 0.384992
0 0.403385 0.395292 0.0126905 0.025677 0.384879
0 0.0582928 0.725386 0.0131807 0.0218872 0.384589
0 0.0290008 0.167831 0.0283547 0.0469009 0.384464
0 0.703337 0.987684 0.0174328 0.0238142 0.383785
0 0.0698088 0.416428 0.0125386 0.029155 0.383349
0 0.91635 0.453135 0.0174824 0.0353945 0.383127
0 0.446809 0.232695 0.0185434 0.0266272 0.382165
0 0.341451 0.772624 0.0223318 0.0399784 0.380954
0 0.151876 0.479274 0.0107424 0.0293781 0.379586
0 0.751955 0.424016 0.0111263 0.0318639 0.379076
0 0.273686 0.615431 0.0139212 0.0286323 0.378249
0 0.935211 0.32081 0.0139641 0.0213465 0.376444
0 0.280175 0.269701 0.0171087 0.0294302 0.37602
0 0.15011 0.357924 0.0144095 0.0299193 0.375532
0 0.37506 0.18472 0.0130212 0.0240302 0.375184
0 0.676344 0.587944 0.0163846 0.026028 0.37439
0 0.183302 0.22412 0.0156173 0.0244703 0.37424
0 0.312172 0.312656 0.0158677 0.0336665 0.371848
0 0.501563 0.240091 0.0169672 0.0296657 0.371765
0 0.091031 0.631849 0.0232091 0.0345154 0.371512
0 0.588086 0.0768515 0.0128872 0.0279728 0.371246
0 0.899525 0.508763 0.018185 0.0371535 0.37113
0 0.751502 0.718098 0.018469 0.0269348 0.37013
0 0.131311 0.654345 0.0179087 0.0276699 0.369782
0 0.427062 0.46403 0.0156094 0.0298431 0.369605
0 0.393935 0.928819 0.0133321 0.0317179 0.369587
0 0.352281 0.646859 0.0143432 0.023427 0.369044
0 0.333492 0.422142 0.0167458 0.0318737 0.367958
0 0.877075 0.176347 0.0200447 0.0376328 0.367952
0 0.899968 0.437565 0.0136143 0.0246155 0.367693
0 0.477382 0.810638 0.0218962 0.0308171 0.367159
0 0.956249 0.586032 0.021653 0.0383252 0.364081
0 0.738303 0.0273551 0.0172365 0.0309373 0.363917
0 0.758967 0.329151 0.0134016 0.0248978 0.36275
0 0.914797 0.987239 0.0168167 0.024507 0.361805
0 0.557868 0.732615 0.0145798 0.0268553 0.360444
0 0.0330174 0.950371 0.0113606 0.028021 0.360192
0 0.855415 0.864429 0.0215504 0.0392419 0.360189
0 0.230384 0.52339 0.0235815 0.0446609 0.360035
0 0.926341 0.666557 0.0256645 0.041518 0.359772
0 0.690063 0.376277 0.0195794 0.0330538 0.358922
0 0.00548339 0.399232 0.0109171 0.0354394 0.354822
0 0.232349 0.687626 0.0127694 0.0222123 0.354612
0 0.802779 0.368488 0.0107132 0.0294378 0.354419
0 0.387559 0.120743 0.0244068 0.0527693 0.354415
0 0.647814 0.684772 0.0151054 0.0279663 0.354051
0 0.0108638 0.20747 0.0178163 0.0256599 0.352599
0 0.107285 0.734506 0.0153473 0.0233385 0.351921
0 0.408215 0.725081 0.0111858 0.0308712 0.351299
0 0.135171 0.222433 0.0152879 0.0258597 0.350896
0 0.3022 0.165099 0.0147959 0.0260308 0.350803
0 0.275499 0.404963 0.0174419 0.031582 0.350039
0 0.71837 0.487279 0.0165881 0.0309931 0.349859
0 0.774606 0.769448 0.0174417 0.0258372 0.34841
0 0.0647518 0.349596 0.0203622 0.035154 0.347606
0 0.327981 0.535868 0.0159098 0.0319982 0.347257
0 0.428215 0.0103658 0.0209158 0.0203291 0.347052
0 0.808728 0.0420197 0.0198212 0.0315534 0.345646
0 0.20179 0.668251 0.0134297 0.0266087 0.343606
0 0.382149 0.300014 0.0129427 0.0298265 0.343552
0 0.543285 0.0934674 0.0114019 0.0263818 0.343459
0 0.276187 0.104716 0.0166025 0.0287011 0.34293
0 0.00955937 0.450123 0.0190565 0.0501001 0.341814
0 0.741088 0.217505 0.0132151 0.0243696 0.341511
0 0.416306 0.106422 0.0177006 0.0308885 0.339652
0 0.143757 0.328581 0.0232129 0.0320826 0.338969
0 0.541751 0.429963 0.0137024 0.0254094 0.338192
0 0.7604 0.0636769 0.0148712 0.0304118 0.337951
0 0.746371 0.828053 0.011555 0.0335198 0.337045
0 0.334157 0.771094 0.0159885 0.0321338 0.336931
0 0.346179 0.738682 0.0138173 0.023908 0.335786
0 0.931735 0.869647 0.0190243 0.0326626 0.335701
0 0.443052 0.48156 0.0140175 0.0291341 0.335538
0 0.372191 0.664557 0.0153344 0.0252051 0.33546
0 0.730033 0.382809 0.020524 0.0262668 0.335427
0 0.33857 0.149672 0.0162377 0.0258839 0.335025
0 0.863852 0.680647 0.0257977 0.0448855 0.334959
0 0.992031 0.70965 0.0159378 0.0318597 0.334295
0 0.0430482 0.116183 0.0203889 0.0329971 0.333829
0 0.331697 0.291022 0.0177075 0.0316246 0.333468
0 0.715551 0.528082 0.0134007 0.0299441 0.333116
0 0.405583 0.526476 0.0127582 0.034804 0.329661
0 0.275935 0.326988 0.0147439 0.0278611 0.329448
0 0.520175 0.203501 0.017589 0.0411831 0.328763
0 0.532502 0.283398 0.0177204 0.0289473 0.328498
0 0.93161 0.974349 0.0186466 0.0330865 0.328393
0 0.878494 0.506544 0.0125671 0.0240822 0.32716
0 0.70473 0.0560552 0.0155203 0.0257199 0.326491
0 0.418597 0.103332 0.0191042 0.0309461 0.326259
0 0.86606 0.638598 0.0150199 0.0323104 0.325954
0 0.896674 0.165809 0.0143406 0.0226405 0.325695
0 0.10999 0.455454 0.0226748 0.0411133 0.32554
0 0.276663 0.859627 0.0148372 0.0261176 0.325506
0 0.357308 0.396564 0.0149909 0.0268014 0.325062
0 0.1661 0.402627 0.0123789 0.030594 0.323687
0 0.261946 0.0489514 0.0164864 0.0300569 0.323433
0 0.350044 0.26686 0.0199368 0.029239 0.322943
0 0.781883 0.301376 0.0135393 0.0256879 0.322575
0 0.746846 0.349898 0.0232918 0.0414194 0.321405
0 0.539762 0.702095 0.0158802 0.0323629 0.321365
0 0.781769 0.0559959 0.0267677 0.0440094 0.320907
0 0.915689 0.563276 0.00971375 0.019942 0.319289
0 0.902747 0.901601 0.0195633 0.0325358 0.318584
0 0.906773 0.285307 0.0152576 0.0217435 0.318535
0 0.174684 0.973312 0.0180017 0.0312625 0.317563
0 0.0945601 0.552295 0.0167915 0.0283361 0.316356
0 0.190875 0.953862 0.0111402 0.0248515 0.315776
0 0.37179 0.333326 0.0144547 0.0260416 0.315342
0 0.240564 0.826362 0.017371 0.0235921 0.314711
0 0.449398 0.531903 0.0114491 0.0275509 0.313918
0 0.328088 0.804666 0.0149008 0.0208449 0.313686
0 0.657288 0.545361 0.010817 0.0245755 0.313348
0 0.359465 0.365895 0.0136413 0.025956 0.312703
0 0.621823 0.125062 0.0159603 0.0188698 0.31257
0 0.182874 0.10208 0.0149807 0.0308404 0.312525
0 0.581264 0.590444 0.0172291 0.0293625 0.310706
0 0.541398 0.0927695 0.0124455 0.0242716 0.310459
0 0.534628 0.513649 0.0254422 0.0392775 0.310408
0 0.176856 0.297172 0.0178507 0.0368687 0.310174
0 0.168135 0.895763 0.0143842 0.0281264 0.310017
0 0.264517 0.534432 0.0106746 0.0236016 0.308944
0 0.485175 0.691978 0.0194645 0.0311557 0.307883
0 0.808853 0.303244 0.00936928 0.0192367 0.307201
0 0.0312778 0.0408352 0.0192855 0.0401669 0.306271
0 0.383689 0.59218 0.0155056 0.0307732 0.30624
0 0.162267 0.133601 0.0261254 0.0481445 0.305574
0 0.307981 0.396781 0.0106764 0.0290731 0.3047
0 0.488635 0.539326 0.01215 0.0219737 0.302775
0 0.9151 0.698582 0.0144932 0.0269142 0.30271
0 0.272378 0.836291 0.0189455 0.0331511 0.301003
0 0.725774 0.660862 0.0156062 0.0266545 0.300028
0 0.307468 0.659296 0.0174848 0.028433 0.29923
0 0.0576524 0.391164 0.0194476 0.0334817 0.298169
0 0.704146 0.797897 0.0175996 0.0327248 0.296943
0 0.294249 0.628335 0.0158416 0.0301231 0.296903
0 0.00311508 0.884159 0.00622187 0.0471803 0.296792
0 0.636231 0.542593 0.0173302 0.023882 0.29676
0 0.868497 0.679577 0.0184029 0.0367348 0.296571
0 0.877496 0.305521 0.0207157 0.0311092 0.296243
0 0.434221 0.570835 0.016536 0.0259974 0.295853
0 0.74989 0.0907023 0.0168015 0.0244376 0.295619
0 0.498447 0.181186 0.021018 0.0347156 0.295316
0 0.933377 0.480227 0.0182442 0.021386 0.294351
0 0.899977 0.263486 0.0190247 0.0447473 0.294304
0 0.266101 0.780804 0.0159492 0.0261539 0.293511
0 0.115512 0.497457 0.0140738 0.0225772 0.290844
0 0.719871 0.657209 0.0200755 0.0307137 0.290536
0 0.320166 0.906179 0.0166139 0.0341702 0.289442
0 0.305062 0.856246 0.0195901 0.0355937 0.287494
0 0.453417 0.772996 0.0177797 0.028952 0.286932
0 0.571916 0.224137 0.0152462 0.0308073 0.286908
0 0.298675 0.0798789 0.0241699 0.0526215 0.286606
0 0.0316696 0.473577 0.0334002 0.04478 0.286021
0 0.299082 0.0711436 0.0224666 0.0358139 0.285508
0 0.828266 0.423509 0.0204702 0.0365002 0.285234
0 0.1875 0.366902 0.0209846 0.029027 0.283982
0 0.134856 0.987957 0.0171553 0.0228122 0.283555
0 0.187282 0.401108 0.0240064 0.0326385 0.282967
0 0.102597 0.929171 0.0132029 0.0262372 0.282568
0 0.592634 0.216469 0.0193335 0.0278389 0.282549
0 0.613141 0.750222 0.0159687 0.0275314 0.282374
0 0.226173 0.956054 0.0148391 0.0274009 0.281963
0 0.824171 0.761157 0.0213479 0.0337708 0.281823
0 0.787783 0.749963 0.0158093 0.0281852 0.280752
0 0.11421 0.310291 0.0137598 0.0259555 0.280706
0 0.682206 0.787414 0.0134357 0.0253198 0.278321
0 0.573091 0.243751 0.0128302 0.0252274 0.278295
0 0.369508 0.664959 0.0150778 0.02514 0.277662
0 0.089756 0.270343 0.0264174 0.0487735 0.277428
0 0.275721 0.464869 0.01385 0.0270379 0.276681
0 0.893191 0.620303 0.0292482 0.0437189 0.2764
0 0.432236 0.873376 0.0167248 0.0242076 0.274189
0 0.36979 0.825184 0.0134523 0.0244239 0.274004
0 0.208407 0.0231209 0.0158379 0.0281721 0.273326
0 0.660285 0.411015 0.0163703 0.0236192 0.27166
0 0.891192 0.339653 0.00918655 0.0212048 0.271509
0 0.478462 0.776222 0.0230459 0.0332638 0.271153
0 0.658665 0.6955 0.0110801 0.0231959 0.270827
0 0.231054 0.0415691 0.0146277 0.0276168 0.270238
0 0.111784 0.406052 0.023761 0.0408591 0.270017
0 0.726617 0.591321 0.0109102 0.0252864 0.269029
0 0.800783 0.779315 0.0128338 0.0337372 0.268967
0 0.54009 0.118119 0.0136786 0.0252626 0.268483
0 0.807313 0.610918 0.0127214 0.0197361 0.267713
0 0.190481 0.270412 0.0115097 0.0304008 0.267537
0 0.955983 0.849095 0.0219011 0.0378471 0.26692
0 0.343662 0.400308 0.0127337 0.0262522 0.266756
0 0.204192 0.906939 0.010569 0.0260406 0.265671
0 0.0301972 0.200202 0.0157156 0.0214084 0.265454
0 0.516579 0.266304 0.0169011 0.0276847 0.265311
0 0.0442197 0.579351 0.0175833 0.0303972 0.264633
0 0.636165 0.864089 0.01804 0.0352859 0.263408
0 0.644296 0.508398 0.0131248 0.0291928 0.263067
0 0.225021 0.00557824 0.0189093 0.0111565 0.26148
0 0.185238 0.310846 0.019101 0.0385722 0.261472
0 0.469928 0.403144 0.0162159 0.0261397 0.261285
0 0.12852 0.118119 0.0145542 0.0282468 0.260031
0 0.663025 0.216585 0.0190976 0.0308412 0.259882
0 0.439382 0.838834 0.0225834 0.0398682 0.259617
0 0.21094 0.798543 0.0100566 0.0224301 0.259097
0 0.416116 0.047287 0.0249427 0.0397835 0.257844
0 0.440032 0.0635232 0.0149704 0.018436 0.257234
0 0.631064 0.648138 0.0187993 0.03672 0.2572
0 0.0635689 0.85915 0.015396 0.0301446 0.256935
0 0.98568 0.165054 0.0161018 0.026857 0.256349
0 0.0148633 0.918664 0.0265792 0.0350684 0.255787
0 0.189853 0.274095 0.0132037 0.0268039 0.255681
0 0.63492 0.151317 0.0137533 0.0234314 0.255628
0 0.853602 0.912543 0.0145708 0.0307471 0.255583
0 0.532978 0.143589 0.0183963 0.0279408 0.255395
0 0.220561 0.751264 0.0174325 0.0295515 0.255257
0 0.307607 0.210625 0.0189789 0.0382527 0.254866
0 0.58039 0.0414497 0.0154892 0.02954 0.254311
0 0.626644 0.0984369 0.0141777 0.0304154 0.254058
0 0.817153 0.817898 0.0187305 0.0365573 0.254047
0 0.515134 0.620993 0.0136976 0.0216223 0.253961
0 0.274059 0.400338 0.0196784 0.0395357 0.253407
0 0.713942 0.391449 0.0110535 0.0177726 0.252921
0 0.0112896 0.124947 0.0204366 0.0321823 0.252714
0 0.778647 0.849724 0.0134387 0.0253357 0.25251
0 0.803905 0.983909 0.0190441 0.0309901 0.251934
0 0.489643 0.21106 0.0165779 0.0257268 0.250576
0 0.206442 0.905495 0.0107782 0.0290697 0.250021
0 0.468752 0.17242 0.0141347 0.0250918 0.249262
0 0.0145984 0.063342 0.0219396 0.0361682 0.249157
0 0.10441 0.969834 0.0157467 0.0300047 0.248884
0 0.0113757 0.972949 0.0217246 0.0476325 0.248734
0 0.140669 0.568395 0.0158743 0.0271961 0.248728
0 0.155286 0.746338 0.0184682 0.0243459 0.248444
0 0.396366 0.218849 0.0150981 0.0242977 0.248175
0 0.228168 0.241774 0.0142054 0.0218509 0.248169
0 0.911436 0.392443 0.0137447 0.0191224 0.247908
0 0.978969 0.847997 0.0151291 0.0305278 0.247565
0 0.272584 0.570998 0.017825 0.0338006 0.246962
0 0.14103 0.943764 0.0197482 0.0354615 0.245821
0 0.375162 0.662691 0.0128588 0.024331 0.245543
0 0.462426 0.443742 0.0120729 0.0286955 0.245261
0 0.271232 0.438417 0.011472 0.019993 0.244822
0 0.716398 0.720447 0.0166369 0.0286045 0.244725
0 0.0939532 0.324252 0.016089 0.0236319 0.244721
0 0.435719 0.583843 0.0156551 0.0183101 0.242243
0 0.921953 0.74237 0.0151787 0.0234122 0.242179
0 0.768862 0.138758 0.015576 0.0216118 0.242097
0 0.464681 0.0880507 0.0209707 0.0349127 0.240642
0 0.342453 0.157547 0.0173716 0.026718 0.24061
0 0.278414 0.104969 0.0125036 0.0253938 0.240051
0 0.278502 0.135219 0.00851158 0.0249048 0.239756
0 0.442966 0.102632 0.0153207 0.036844 0.23949
0 0.558281 0.618605 0.018574 0.0321111 0.238756
0 0.504882 0.462091 0.0165735 0.0287438 0.237861
0 0.236335 0.435093 0.0162637 0.0323583 0.237758
0 0.548677 0.374537 0.0156698 0.0309276 0.23763
0 0.519749 0.349594 0.0138004 0.0264825 0.237501
0 0.96111 0.835049 0.0199204 0.0370556 0.236752
0 0.269585 0.991268 0.0240006 0.0169142 0.236548
0 0.435234 0.574915 0.0159072 0.0273453 0.236219
0 0.608983 0.337822 0.0176975 0.0315392 0.235746
0 0.291596 0.260267 0.0157204 0.0353208 0.235391
0 0.932721 0.475682 0.0183464 0.0266385 0.23539
0 0.380907 0.862236 0.0200267 0.0345876 0.234243
0 0.0752582 0.751252 0.0171335 0.0339155 0.234158
0 0.466429 0.737724 0.0161734 0.0335059 0.233603
0 0.370247 0.883928 0.0135139 0.0220951 0.233301
0 0.257743 0.709809 0.016842 0.0228536 0.233203
0 0.9969 0.507657 0.00620098 0.0325753 0.23281
0 0.990376 0.984097 0.0192484 0.0306571 0.232584
0 0.948086 0.436128 0.0123753 0.0271145 0.232366
0 0.334162 0.0182713 0.0241236 0.0335156 0.232189
0 0.00607516 0.663095 0.0121503 0.0573218 0.228243
0 0.315343 0.00578574 0.0191337 0.0115715 0.228063
0 0.945972 0.498123 0.0150173 0.0253248 0.227809
0 0.088787 0.382973 0.0172854 0.0259811 0.227116
0 0.517224 0.718076 0.0193237 0.0324838 0.226248
0 0.422831 0.277988 0.0130775 0.0224474 0.226242
0 0.593079 0.241585 0.0206882 0.0313946 0.225861
0 0.861796 0.118318 0.0168564 0.0330666 0.225555
0 0.170178 0.767625 0.0141854 0.0290385 0.225238
0 0.590311 0.443587 0.0131123 0.0304298 0.22454
0 0.805107 0.838596 0.0136892 0.0232147 0.224115
0 0.382862 0.596041 0.0161773 0.0274183 0.223996
0 0.38554 0.587705 0.015341 0.0350216 0.223942
0 0.048587 0.426685 0.0166214 0.0298534 0.22393
0 0.841702 0.0393196 0.0202492 0.0337189 0.223647
0 0.0646664 0.557095 0.0191834 0.0318565 0.223504
0 0.760245 0.20188 0.0182727 0.0275013 0.222943
0 0.762407 0.839014 0.0169138 0.0213477 0.222902
0 0.754613 0.0575153 0.0181245 0.0331003 0.222849
0 0.318058 0.620549 0.0221699 0.0460887 0.221721
0 0.00489794 0.17703 0.00979588 0.0387915 0.221154
0 0.530457 0.476549 0.0166153 0.0250036 0.221128
0 0.737186 0.454436 0.0189968 0.0296234 0.220689
0 0.733111 0.895104 0.0121117 0.024687 0.22012
0 0.0341896 0.478309 0.0286952 0.0361619 0.219838
0 0.701393 0.925864 0.0112256 0.0329207 0.219628
0 0.829459 0.41847 0.0192513 0.0399346 0.219558
0 0.238183 0.649437 0.0119758 0.0232359 0.219436
0 0.792341 0.805987 0.015296 0.0336951 0.218521
0 0.170593 0.769264 0.0118541 0.0224426 0.218451
0 0.725711 0.138235 0.0183514 0.0217102 0.218148
0 0.736374 0.245386 0.0145204 0.0217801 0.21758
0 0.884172 0.621088 0.0142991 0.027484 0.216802
0 0.487667 0.0970164 0.0193172 0.0278659 0.216254
0 0.27813 0.961695 0.0122221 0.0247175 0.215819
0 0.600683 0.165446 0.00938339 0.0333868 0.214854
0 0.50037 0.186277 0.0174239 0.0269042 0.214346
0 0.894452 0.375422 0.0158686 0.0243791 0.214218
0 0.899987 0.674311 0.0165142 0.0238878 0.21372
0 0.269027 0.0815179 0.0191081 0.028753 0.212299
0 0.63974 0.467872 0.0150784 0.0249032 0.212222
0 0.311227 0.776389 0.0211618 0.0313865 0.212119
0 0.317849 0.633005 0.0214481 0.0278033 0.212083
0 0.41809 0.18668 0.0128278 0.0262108 0.21136
0 0.591885 0.381062 0.0146497 0.021698 0.210746
0 0.218088 0.850899 0.0212782 0.0354989 0.210424
0 0.0412183 0.224889 0.018636 0.0368024 0.209743
0 0.905134 0.799293 0.0148781 0.0360733 0.209642
0 0.844943 0.447984 0.00838064 0.0337507 0.209395
0 0.320551 0.0527803 0.0182884 0.0291949 0.209225
0 0.563868 0.16185 0.0106328 0.0235266 0.209063
0 0.46122 0.830873 0.0188929 0.0344898 0.208574
0 0.168162 0.690808 0.0154 0.0283542 0.20795
0 0.643164 0.102704 0.0150929 0.031886 0.207877
0 0.879453 0.283836 0.0216953 0.0428032 0.207626
0 0.237697 0.063984 0.0185534 0.026687 0.206785
0 0.591017 0.650024 0.0230576 0.0499496 0.206521
0 0.25488 0.0311875 0.0232668 0.041219 0.206506
0 0.17844 0.643922 0.0147737 0.0321464 0.206036
0 0.13086 0.117908 0.0201891 0.0293459 0.205798
0 0.278833 0.80015 0.0135054 0.025226 0.205218
0 0.0429683 0.803324 0.0180056 0.0359743 0.204105
0 0.50789 0.163086 0.0101096 0.022764 0.204102
0 0.214413 0.431202 0.0165249 0.0341804 0.203701
0 0.298448 0.093534 0.0237063 0.0330882 0.20294
0 0.817969 0.522431 0.012714 0.0266565 0.202591
0 0.917459 0.369648 0.0158062 0.0294885 0.202467
0 0.641728 0.298176 0.0157105 0.0276859 0.202265
0 0.238525 0.434467 0.0133828 0.034997 0.201458
0 0.727859 0.00771107 0.0194216 0.0153657 0.201399
0 0.225619 0.790037 0.0121422 0.0204861 0.201285
