0 0.497535 0.686002 0.0260045 0.0378427 0.689383
0 0.341631 0.637103 0.0227486 0.0397699 0.68577
0 0.761 0.869609 0.0200521 0.0429077 0.682616
0 0.558956 0.912464 0.0239307 0.0383752 0.672611
0 0.718116 0.445216 0.01942 0.0280865 0.665795
0 0.835414 0.124223 0.0201578 0.0312033 0.662986
0 0.374661 0.798168 0.0206007 0.0348511 0.661717
0 0.862782 0.369542 0.0177578 0.0298652 0.65924
0 0.966525 0.400593 0.0269293 0.0458457 0.658897
0 0.352541 0.556023 0.020549 0.0413018 0.652746
0 0.671741 0.444073 0.0255957 0.0398619 0.650988
0 0.99041 0.0658252 0.0191797 0.0362093 0.648746
0 0.702887 0.265491 0.0232527 0.0431419 0.646646
0 0.357039 0.88838 0.0294363 0.0487885 0.644568
0 0.96383 0.4464 0.0170216 0.0312795 0.642054
0 0.318415 0.857318 0.0183786 0.0317485 0.638932
0 0.991708 0.302074 0.0165836 0.0309504 0.637208
0 0.553183 0.685837 0.0178461 0.0366382 0.632825
0 0.551316 0.731667 0.021033 0.0370714 0.628522
0 0.918757 0.201516 0.0222843 0.0256595 0.628242
0 0.279798 0.702213 0.0193911 0.0351922 0.624103
0 0.564218 0.875526 0.0152727 0.0284797 0.622185
0 0.831959 0.393256 0.0199499 0.0321914 0.62112
0 0.385889 0.315814 0.0198469 0.0359801 0.62
0 0.372161 0.601053 0.0216238 0.0421424 0.617767
0 0.772831 0.504764 0.0150895 0.0263041 0.615586
0 0.816307 0.165865 0.0197601 0.0380523 0.615349
0 0.963481 0.622965 0.0212683 0.0372023 0.613063
0 0.49088 0.900869 0.0183407 0.0326209 0.612711
0 0.991892 0.5277 0.0162167 0.0363581 0.612687
0 0.571241 0.406825 0.0182529 0.0278117 0.612418
0 0.809008 0.259442 0.0145931 0.0286394 0.612166
0 0.87557 0.251054 0.024369 0.0365557 0.612137
0 0.953662 0.154461 0.0174671 0.0338897 0.611049
0 0.571548 0.0640156 0.0191959 0.0321127 0.610501
0 0.628774 0.898242 0.0217505 0.028149 0.610346
0 0.818227 0.306098 0.0191064 0.0264813 0.609865
0 0.371263 0.841079 0.0202124 0.0296421 0.608609
0 0.568791 0.354433 0.0231197 0.0316416 0.607456
0 0.928773 0.509212 0.0194897 0.0351596 0.607005
0 0.439376 0.197782 0.0269644 0.0472673 0.605187
0 0.435255 0.956348 0.0181318 0.0268572 0.604577
0 0.756851 0.38485 0.0221766 0.0462165 0.603694
0 0.896463 0.48839 0.0165075 0.0266244 0.603138
0 0.469877 0.68038 0.0179749 0.0348448 0.60263
0 0.352329 0.329275 0.0252129 0.0414827 0.60256
0 0.709686 0.172613 0.0151987 0.0257904 0.602545
0 0.432057 0.561768 0.0237287 0.0371218 0.60022
0 0.459044 0.358781 0.0166599 0.039064 0.598889
0 0.827793 0.776861 0.0128529 0.0235007 0.597958
0 0.798072 0.0391343 0.0210098 0.0286413 0.597007
0 0.684074 0.18404 0.0226988 0.038704 0.596894
0 0.286922 0.762916 0.0199452 0.0336937 0.596346
0 0.57094 0.673651 0.0169586 0.0333902 0.595587
0 0.624547 0.863486 0.0161585 0.0289463 0.595584
0 0.956902 0.517668 0.0218615 0.0327826 0.59501
0 0.869137 0.884635 0.0157679 0.0311764 0.594312
0 0.973522 0.259758 0.0140699 0.0266614 0.593712
0 0.764382 0.0238937 0.0172069 0.0308772 0.593644
0 0.737995 0.265548 0.0193445 0.0356783 0.592954
0 0.903441 0.375253 0.0160938 0.0304633 0.592389
0 0.927943 0.91097 0.019915 0.0376624 0.591012
0 0.903987 0.838424 0.0179882 0.0340505 0.589548
0 0.844379 0.944446 0.0182076 0.0243808 0.589389
0 0.699343 0.608708 0.0222486 0.0256139 0.587875
0 0.936269 0.0452035 0.0246124 0.0456621 0.587592
0 0.446137 0.913356 0.0155815 0.028412 0.587563
0 0.605688 0.703921 0.0122087 0.0280989 0.586596
0 0.845506 0.902088 0.0173712 0.0332591 0.583828
0 0.696964 0.463416 0.0161908 0.0320582 0.583561
0 0.465407 0.589164 0.0217646 0.0362579 0.58275
0 0.745325 0.0222179 0.0163973 0.0290972 0.580825
0 0.373205 0.539586 0.0166771 0.0313001 0.579811
0 0.723308 0.0205134 0.018875 0.0348671 0.579621
0 0.494242 0.294806 0.0170563 0.0296668 0.578787
0 0.836341 0.272286 0.0179494 0.0304448 0.577382
0 0.924419 0.426328 0.0128212 0.0279789 0.577193
0 0.867677 0.473314 0.0173365 0.0240218 0.576018
0 0.641157 0.854076 0.0128951 0.0253153 0.575132
0 0.661538 0.829527 0.0160299 0.0310716 0.575122
0 0.630136 0.940683 0.0185104 0.0306437 0.574883
0 0.381774 0.395126 0.0163896 0.0300603 0.574646
0 0.815165 0.751042 0.0138027 0.0264008 0.574552
0 0.698975 0.75439 0.0162793 0.0308189 0.573764
0 0.59469 0.584422 0.0130745 0.0291273 0.572162
0 0.731321 0.509388 0.0167812 0.027836 0.571931
0 0.443493 0.8292 0.02345 0.0309319 0.571507
0 0.614468 0.507138 0.0187252 0.0323647 0.571354
0 0.339495 0.835087 0.0219327 0.0391473 0.570072
0 0.601839 0.756138 0.0145971 0.0278985 0.5699
0 0.519051 0.415915 0.0219898 0.0371637 0.568817
0 0.597317 0.146378 0.0170792 0.0320789 0.567966
0 0.6118 0.57789 0.0140131 0.0202334 0.567744
0 0.708103 0.136091 0.015751 0.0241455 0.56646
0 0.849659 0.497094 0.0161339 0.0219009 0.565699
0 0.978041 0.216481 0.0195656 0.0382834 0.564972
0 0.397593 0.566526 0.0188377 0.0318547 0.564671
0 0.904062 0.325546 0.0177311 0.0251829 0.564347
0 0.802252 0.197247 0.0204109 0.0287049 0.564045
0 0.607659 0.307523 0.0256554 0.0363175 0.563081
0 0.745617 0.539671 0.0175333 0.024074 0.562651
0 0.951255 0.700771 0.0257668 0.0396122 0.56193
0 0.49943 0.151825 0.0176749 0.0352941 0.560611
0 0.529993 0.472633 0.0204828 0.0342928 0.559157
0 0.698517 0.348111 0.0182265 0.0286202 0.558997
0 0.786533 0.772955 0.0195278 0.0341554 0.558863
0 0.529017 0.685053 0.0184422 0.0406976 0.554685
0 0.687929 0.718269 0.0167639 0.0300883 0.553853
0 0.470638 0.894535 0.0197926 0.0319331 0.55285
0 0.635142 0.426217 0.0281784 0.0537323 0.551835
0 0.468274 0.144894 0.0180645 0.0283222 0.55176
0 0.921241 0.824414 0.0143869 0.0276679 0.551538
0 0.575519 0.272298 0.0163747 0.0290666 0.548362
0 0.592198 0.188033 0.018508 0.0360573 0.547248
0 0.616885 0.546565 0.0131668 0.0262548 0.546458
0 0.963086 0.0162359 0.0217014 0.0321945 0.546088
0 0.705922 0.857669 0.0220863 0.036948 0.545541
0 0.571458 0.714971 0.0121492 0.0238027 0.54424
0 0.487457 0.192719 0.0180612 0.0360205 0.543944
0 0.704531 0.812122 0.0188016 0.044446 0.543938
0 0.586662 0.726606 0.0192571 0.0351423 0.543279
0 0.488737 0.463374 0.0241718 0.0358821 0.540991
0 0.516991 0.903033 0.0257381 0.0488583 0.540235
0 0.552743 0.262768 0.017584 0.0280306 0.539952
0 0.767626 0.143746 0.015107 0.0235978 0.539263
0 0.828965 0.490929 0.0172585 0.0220778 0.53757
0 0.923226 0.270977 0.0205765 0.0296251 0.537143
0 0.593265 0.270203 0.0135286 0.0255167 0.536323
0 0.772251 0.0722883 0.0156956 0.0238236 0.53435
0 0.438142 0.124763 0.0151361 0.0291049 0.533417
0 0.644626 0.5746 0.0170967 0.0212251 0.532484
0 0.794542 0.869707 0.0187749 0.038803 0.530492
0 0.267416 0.780485 0.0196748 0.0338365 0.529924
0 0.836885 0.158232 0.0139139 0.0232695 0.528378
0 0.405807 0.297483 0.0188607 0.0311621 0.525463
0 0.651914 0.872417 0.0134607 0.0259271 0.524473
0 0.381669 0.485274 0.0164602 0.0300291 0.522563
0 0.427888 0.614051 0.0209087 0.0367866 0.522078
0 0.978616 0.483165 0.021595 0.0288537 0.521642
0 0.30616 0.62468 0.0206678 0.0380772 0.521005
0 0.470296 0.977081 0.0187452 0.0354091 0.514555
0 0.274072 0.920894 0.0171972 0.0314447 0.514533
0 0.256283 0.954845 0.0227934 0.0420529 0.514469
0 0.732122 0.34686 0.0134125 0.0240514 0.513438
0 0.345921 0.441572 0.019982 0.0350584 0.513241
0 0.551464 0.0606848 0.0194934 0.0360038 0.512695
0 0.67475 0.508786 0.0215651 0.0360878 0.510959
0 0.805956 0.581179 0.01775 0.0273072 0.510223
0 0.636655 0.5387 0.0148736 0.0216501 0.509808
0 0.980691 0.130677 0.0226717 0.0288535 0.509717
0 0.805417 0.473686 0.0153767 0.0301171 0.507574
0 0.367638 0.667082 0.0177835 0.0325958 0.505024
0 0.91648 0.108153 0.013876 0.0277611 0.503356
0 0.804496 0.423087 0.0152496 0.0271603 0.502531
0 0.992409 0.186098 0.0151824 0.0383514 0.502488
0 0.804448 0.0971882 0.012828 0.024479 0.502452
0 0.393909 0.854606 0.0200422 0.0303585 0.501847
0 0.969767 0.324214 0.0156925 0.0296569 0.501604
0 0.601476 0.966868 0.0136851 0.0300915 0.500159
0 0.392311 0.354677 0.022105 0.035391 0.499977
0 0.810315 0.855635 0.0134365 0.0269819 0.49728
0 0.865776 0.922793 0.0149443 0.0303443 0.496382
0 0.313957 0.774091 0.0162233 0.0324548 0.494529
0 0.386941 0.425935 0.0159241 0.0222318 0.493203
0 0.883827 0.0902804 0.0169708 0.031515 0.492616
0 0.708191 0.68123 0.0140006 0.0292548 0.491348
0 0.946517 0.953343 0.0213198 0.0308523 0.489342
0 0.577765 0.308035 0.0177383 0.0256682 0.489028
0 0.289518 0.843194 0.0190235 0.0343472 0.488245
0 0.583005 0.644723 0.0131207 0.0231804 0.487102
0 0.657391 0.91354 0.0188403 0.0312018 0.486523
0 0.809812 0.926042 0.0307354 0.0410839 0.483149
0 0.659513 0.602544 0.0201905 0.0237102 0.482609
0 0.963643 0.884988 0.0227478 0.0375853 0.482588
0 0.994708 0.262085 0.0105841 0.0290022 0.48258
0 0.734897 0.822794 0.0325635 0.0645318 0.481755
0 0.772491 0.794349 0.0151228 0.0255153 0.480683
0 0.538492 0.894897 0.0139601 0.0290334 0.480508
0 0.806453 0.696836 0.0221577 0.0339224 0.477988
0 0.833258 0.806551 0.01591 0.0284682 0.476575
0 0.443831 0.700756 0.0233118 0.0372057 0.474462
0 0.745559 0.478358 0.0131931 0.0236745 0.474226
0 0.948805 0.911021 0.0185394 0.0325287 0.47409
0 0.564007 0.813018 0.0129935 0.0237498 0.473774
0 0.848353 0.306404 0.0138809 0.0230754 0.473441
0 0.544626 0.0183506 0.0200059 0.035289 0.472113
0 0.690306 0.412681 0.0171296 0.0233582 0.471028
0 0.464094 0.791812 0.0174923 0.0264279 0.470992
0 0.762301 0.821796 0.018363 0.0337143 0.470901
0 0.838279 0.219779 0.0185532 0.0313591 0.463188
0 0.610981 0.103747 0.0198454 0.0400568 0.462617
0 0.990032 0.914132 0.0199356 0.0321598 0.461642
0 0.733066 0.119776 0.0147387 0.0253913 0.461039
0 0.362447 0.988392 0.0170218 0.02205 0.461017
0 0.905973 0.803961 0.0149502 0.0288391 0.460908
0 0.655683 0.752812 0.0230354 0.0348476 0.46085
0 0.741534 0.415748 0.0137009 0.0264279 0.459157
0 0.848034 0.0425517 0.0212097 0.0339472 0.458732
0 0.772309 0.108394 0.0163403 0.0320491 0.4583
0 0.437448 0.434449 0.0196123 0.0419537 0.458179
0 0.726748 0.173507 0.0108215 0.0208609 0.457313
0 0.247132 0.745219 0.0124692 0.0245809 0.457276
0 0.495864 0.971946 0.0185471 0.0332241 0.455774
0 0.892686 0.77707 0.0172342 0.0250264 0.454918
0 0.890983 0.717359 0.022633 0.0372179 0.454802
0 0.812676 0.0102812 0.0162086 0.0205624 0.454596
0 0.499596 0.831297 0.0197678 0.040483 0.452907
0 0.792483 0.0737692 0.0142298 0.0188268 0.451777
0 0.492831 0.255603 0.0213419 0.0323394 0.450732
0 0.853747 0.602812 0.0232967 0.0436259 0.449157
0 0.947636 0.2249 0.0164818 0.0193735 0.448845
0 0.816598 0.892256 0.0153332 0.0258986 0.446424
0 0.471059 0.25499 0.0150021 0.0250594 0.445956
0 0.776503 0.673205 0.014369 0.0264374 0.4418
0 0.590787 0.882077 0.0124917 0.0274228 0.435593
0 0.803273 0.81119 0.0213875 0.0359511 0.43445
0 0.504485 0.0862127 0.0129927 0.0300189 0.434242
0 0.588989 0.788886 0.0230395 0.0238878 0.432146
0 0.7638 0.637529 0.0173143 0.0320069 0.431148
0 0.77343 0.232957 0.0232152 0.044352 0.429553
0 0.659603 0.786352 0.0187016 0.0354565 0.429405
0 0.932544 0.644141 0.0267983 0.0443685 0.429334
0 0.991488 0.718666 0.0170239 0.0324078 0.427151
0 0.981984 0.585124 0.0214367 0.039051 0.426431
0 0.867288 0.643808 0.0162067 0.030215 0.425139
0 0.866497 0.0897402 0.0164774 0.0315779 0.424231
0 0.661744 0.262222 0.029343 0.0391932 0.42285
0 0.609005 0.611647 0.013332 0.0240854 0.422243
0 0.310527 0.488159 0.0175032 0.0334785 0.414133
0 0.408306 0.981574 0.0214811 0.0352173 0.411206
0 0.631273 0.210444 0.0143686 0.0221745 0.409895
0 0.799926 0.624878 0.0161655 0.0369188 0.408265
0 0.325537 0.421114 0.0163741 0.0262131 0.405127
0 0.872353 0.796879 0.019445 0.0299961 0.40376
0 0.779208 0.403139 0.0119717 0.0202671 0.403518
0 0.677015 0.511299 0.0180812 0.0317054 0.402892
0 0.45444 0.127796 0.0174939 0.0378298 0.400171
0 0.539143 0.325503 0.0141445 0.0335349 0.399248
0 0.401253 0.526175 0.0311844 0.0358051 0.398985
0 0.78511 0.175469 0.0166641 0.0304068 0.398692
0 0.254486 0.713033 0.0206048 0.0407045 0.397772
0 0.366548 0.503935 0.017155 0.0301348 0.397225
0 0.322787 0.976172 0.0189163 0.0329053 0.396991
0 0.917423 0.0338392 0.0128384 0.0219464 0.396756
0 0.603375 0.368473 0.023027 0.0373042 0.395041
0 0.623825 0.602453 0.010449 0.0226468 0.393792
0 0.982593 0.0191826 0.0158588 0.0367645 0.391538
0 0.549748 0.160958 0.0183365 0.0310739 0.391199
0 0.63771 0.431311 0.0238629 0.0452727 0.391151
0 0.330462 0.911779 0.015649 0.0361403 0.390917
0 0.504675 0.349822 0.0225754 0.0373106 0.389485
0 0.791549 0.283494 0.0174644 0.020406 0.389237
0 0.752045 0.302086 0.0142146 0.0219869 0.387798
0 0.476277 0.33978 0.0184002 0.0322214 0.387483
0 0.468154 0.7275 0.0115002 0.0275241 0.384744
0 0.413856 0.839359 0.0226087 0.0371599 0.382693
0 0.63222 0.740193 0.0138189 0.0245104 0.381661
0 0.63213 0.688681 0.018896 0.0316503 0.380914
0 0.670702 0.578415 0.0128963 0.0188568 0.379811
0 0.307014 0.929438 0.017283 0.0296285 0.377867
0 0.501736 0.225674 0.0150377 0.0164969 0.377022
0 0.493388 0.0623841 0.0178237 0.0321252 0.375532
0 0.784294 0.635562 0.016953 0.0310802 0.374099
0 0.352757 0.964173 0.0143747 0.0331272 0.372939
0 0.701383 0.544475 0.0199306 0.0293556 0.371149
0 0.416536 0.731208 0.0161156 0.0300635 0.369793
0 0.802863 0.355976 0.0111412 0.0179392 0.3682
0 0.714491 0.920178 0.0197918 0.0335008 0.365072
0 0.331652 0.774434 0.0159489 0.0261074 0.36487
0 0.456795 0.431759 0.0220543 0.0427456 0.364545
0 0.907172 0.0666149 0.0185692 0.022113 0.363926
0 0.532225 0.770812 0.0159735 0.0324667 0.361658
0 0.372651 0.956866 0.0258291 0.0397797 0.360539
0 0.804586 0.50481 0.02033 0.0266494 0.360509
0 0.956324 0.0923702 0.0165981 0.0239532 0.360179
0 0.814306 0.0591308 0.0130014 0.0203417 0.358848
0 0.480243 0.194669 0.0210537 0.0379142 0.358799
0 0.759608 0.757948 0.0176708 0.0330104 0.357368
0 0.760836 0.636349 0.0217498 0.0333594 0.357165
0 0.931147 0.468691 0.0169671 0.0289561 0.356954
0 0.867117 0.323413 0.014349 0.021063 0.35477
0 0.783653 0.82312 0.0144344 0.0238761 0.353659
0 0.688765 0.567971 0.0134176 0.027158 0.353251
0 0.345435 0.597977 0.0144133 0.0275045 0.352699
0 0.857887 0.121067 0.0132652 0.0204408 0.351589
0 0.307528 0.443193 0.0231447 0.0425553 0.349829
0 0.992712 0.336113 0.01423 0.0215298 0.349172
0 0.849659 0.652283 0.0151035 0.0371311 0.348679
0 0.573077 0.0238756 0.0197414 0.0369599 0.347786
0 0.351728 0.685862 0.0160671 0.0293618 0.345849
0 0.975867 0.772031 0.0253134 0.0342105 0.345479
0 0.474996 0.196048 0.0137128 0.0362717 0.344547
0 0.521872 0.849189 0.0224192 0.0269226 0.344076
0 0.291623 0.593414 0.0149784 0.0332665 0.342906
0 0.563465 0.229174 0.0197886 0.0267806 0.33855
0 0.942044 0.809816 0.0158279 0.0228936 0.338171
0 0.451931 0.166424 0.0124236 0.0253887 0.335014
0 0.652218 0.512684 0.0145533 0.0221271 0.332944
0 0.419281 0.463133 0.0141186 0.0283354 0.331052
0 0.977525 0.682943 0.0238246 0.0371069 0.327552
0 0.365952 0.450948 0.0200368 0.034737 0.327058
0 0.889661 0.422792 0.012566 0.024575 0.326107
0 0.951483 0.73492 0.0229481 0.0309177 0.324998
0 0.263385 0.891327 0.0153323 0.0294539 0.324965
0 0.629426 0.770125 0.0166789 0.0326687 0.324
0 0.430292 0.907371 0.0119867 0.0266958 0.322619
0 0.307148 0.961954 0.0198289 0.0287403 0.321918
0 0.556351 0.773345 0.0142263 0.0226322 0.319209
0 0.792102 0.12294 0.0119279 0.0228493 0.318764
0 0.846726 0.549298 0.0120068 0.0238008 0.316908
0 0.523485 0.178362 0.0282314 0.0619106 0.315952
0 0.722302 0.738609 0.0217852 0.0431522 0.312909
0 0.476269 0.333116 0.0196098 0.0443299 0.30955
0 0.404009 0.383554 0.0161485 0.0277365 0.308182
0 0.490847 0.608475 0.0127085 0.0196267 0.307729
0 0.901632 0.263128 0.0155525 0.0357268 0.306295
0 0.630525 0.987197 0.0246681 0.0249109 0.305451
0 0.783964 0.0105351 0.0168476 0.0192297 0.299589
0 0.455293 0.519447 0.0222643 0.0366639 0.298632
0 0.549979 0.155565 0.0206411 0.0404757 0.295966
0 0.633084 0.512663 0.0139332 0.0263028 0.291819
0 0.742842 0.761891 0.012766 0.026158 0.291382
0 0.654501 0.977125 0.0171749 0.0252417 0.291269
0 0.905145 0.903829 0.013937 0.0303728 0.29115
0 0.528388 0.966121 0.0220061 0.0373833 0.28972
0 0.752846 0.719824 0.0129405 0.0247799 0.28957
0 0.492851 0.403217 0.0283331 0.036013 0.289265
0 0.629488 0.381871 0.0157591 0.023466 0.287741
0 0.290404 0.837989 0.022566 0.0413086 0.287096
0 0.916428 0.712992 0.021413 0.0397976 0.286838
0 0.567046 0.229523 0.0234732 0.0256218 0.282544
0 0.551778 0.143281 0.0216838 0.04086 0.281654
0 0.922851 0.948915 0.0197151 0.0311103 0.280063
0 0.837477 0.683611 0.0178467 0.032361 0.277375
0 0.849202 0.190935 0.0129263 0.0240076 0.277215
0 0.577741 0.271561 0.0134102 0.0262819 0.275733
0 0.64844 0.726986 0.0188607 0.0231191 0.27454
0 0.332151 0.463288 0.0122099 0.0260106 0.273138
0 0.669463 0.865863 0.0176432 0.0364141 0.272736
0 0.520709 0.820021 0.0203831 0.0281447 0.270555
0 0.79332 0.333037 0.011055 0.0211011 0.270385
0 0.937892 0.649719 0.0183966 0.0338408 0.268399
0 0.310461 0.438766 0.0223958 0.0408502 0.266051
0 0.418784 0.917974 0.0118025 0.0301366 0.264618
0 0.701227 0.97169 0.0112074 0.0212626 0.264027
0 0.567408 0.59979 0.0209591 0.0298065 0.262972
0 0.896093 0.0424032 0.0178438 0.0258622 0.26202
0 0.881014 0.914893 0.0116484 0.0201626 0.261752
0 0.883192 0.977381 0.0216774 0.0377482 0.256574
0 0.593969 0.226945 0.0187599 0.0299159 0.256169
0 0.221201 0.631082 0.0184097 0.0305371 0.255898
0 0.815806 0.925082 0.0224854 0.0382196 0.254636
0 0.289447 0.982882 0.0231205 0.0334336 0.254258
0 0.461775 0.856386 0.0139188 0.0188982 0.253753
0 0.30701 0.817872 0.017738 0.0322242 0.253298
0 0.273785 0.868776 0.0156217 0.0365309 0.252889
0 0.394136 0.59632 0.0162732 0.0189394 0.252882
0 0.448883 0.701965 0.0233814 0.0365431 0.252522
0 0.25635 0.716919 0.0190392 0.0347648 0.249607
0 0.498415 0.403453 0.0199833 0.0324119 0.248
0 0.380168 0.742111 0.0203172 0.0300751 0.247105
0 0.882145 0.837717 0.0158308 0.0259347 0.245849
0 0.315924 0.527344 0.0144863 0.0256054 0.243227
0 0.845157 0.834673 0.0137423 0.0252795 0.242788
0 0.972472 0.724262 0.0117603 0.0293198 0.242259
0 0.7042 0.500268 0.0134474 0.0277679 0.241756
0 0.935607 0.648579 0.0221291 0.0386878 0.240788
0 0.840228 0.837189 0.0180214 0.0298564 0.240478
0 0.60756 0.705712 0.0123814 0.0285373 0.239422
0 0.364565 0.765137 0.0108047 0.0232066 0.238856
0 0.465248 0.14296 0.0166363 0.0300266 0.238384
0 0.828357 0.635899 0.0233273 0.0363076 0.238196
0 0.573822 0.752205 0.0117824 0.0267249 0.237697
0 0.32033 0.374044 0.0180116 0.0351775 0.231951
0 0.582487 0.122879 0.0160734 0.038677 0.230978
0 0.903068 0.259975 0.0195381 0.0406453 0.230522
0 0.617647 0.0213827 0.0250627 0.0422805 0.227694
0 0.486239 0.581019 0.016058 0.0264982 0.226354
0 0.483773 0.194862 0.0223058 0.0356931 0.226227
0 0.993001 0.782053 0.0139904 0.0330716 0.226124
0 0.440049 0.788349 0.0164297 0.0268009 0.224352
0 0.476267 0.291053 0.0141344 0.0187477 0.222091
0 0.553392 0.381938 0.011635 0.0252179 0.22205
0 0.955005 0.833325 0.0175785 0.0327145 0.221306
0 0.760272 0.68772 0.0130491 0.0256897 0.220832
0 0.89251 0.12372 0.0156353 0.023605 0.220503
0 0.41318 0.463566 0.0222673 0.0288914 0.22012
0 0.96941 0.974658 0.0224426 0.045693 0.218671
0 0.907325 0.41546 0.0160915 0.0267096 0.218482
0 0.592612 0.514552 0.0172342 0.0267033 0.217109
0 0.577256 0.754217 0.0140045 0.0227553 0.216259
0 0.667055 0.104296 0.0131986 0.0311096 0.216168
0 0.39216 0.778734 0.012422 0.0251258 0.216098
0 0.542827 0.443045 0.0147793 0.0285 0.215914
0 0.786992 0.984306 0.0196912 0.0312607 0.215857
0 0.734298 0.831852 0.02824 0.0529804 0.215534
0 0.616004 0.716969 0.01224 0.0253235 0.21549
0 0.7709 0.797897 0.0153313 0.0227085 0.214829
0 0.742881 0.845225 0.016199 0.0330505 0.214127
0 0.289954 0.562794 0.0131597 0.0242209 0.213376
0 0.985302 0.589639 0.0245547 0.047838 0.212674
0 0.71318 0.960195 0.0156897 0.0283603 0.212126
0 0.903565 0.0754881 0.0201183 0.0348913 0.209306
0 0.58562 0.787694 0.020491 0.0229545 0.207774
0 0.474019 0.230964 0.0165716 0.0251087 0.207172
0 0.605931 0.856424 0.0159535 0.028398 0.206935
0 0.625778 0.600967 0.0129315 0.0243562 0.206041
0 0.634192 0.597126 0.0143412 0.0215099 0.20592
0 0.666535 0.262089 0.0211346 0.0379474 0.205149
0 0.747618 0.704481 0.0117415 0.0224303 0.201376
0 0.963781 0.359446 0.0186317 0.028274 0.201321
0 0.558097 0.77541 0.0149561 0.0208856 0.200371
