0 0.18257 0.11769 0.0666144 0.0228172 0.744448
0 0.282174 0.862615 0.0733032 0.0264826 0.729784
0 0.346583 0.0909787 0.0668533 0.0216494 0.725753
0 0.409822 0.148111 0.0551612 0.0207467 0.717691
0 0.360714 0.050631 0.0623725 0.0226238 0.714599
0 0.658689 0.10678 0.0578165 0.0233144 0.711686
0 0.432127 0.0746686 0.0551158 0.0188114 0.708923
0 0.675795 0.0311995 0.0570915 0.0212858 0.70868
0 0.275727 0.0661278 0.0602205 0.0270514 0.707854
0 0.572865 0.118436 0.0644028 0.0237169 0.706378
0 0.257116 0.101831 0.0594192 0.0238156 0.7052
0 0.436869 0.879066 0.0653248 0.0222883 0.700468
0 0.442091 0.0365002 0.0602698 0.02009 0.70033
0 0.0564196 0.115293 0.0676171 0.0240077 0.69712
0 0.436119 0.939356 0.0596566 0.0215715 0.695912
0 0.503089 0.99066 0.0648638 0.0186795 0.695311
0 0.552943 0.719198 0.0597156 0.0201866 0.695063
0 0.84297 0.00870444 0.0573491 0.0173646 0.694766
0 0.51208 0.0588024 0.053099 0.0208955 0.694396
0 0.85748 0.697227 0.0716619 0.0270645 0.693943
0 0.614099 0.00891246 0.0494935 0.0177854 0.692757
0 0.0842435 0.89607 0.0639545 0.0226496 0.692239
0 0.292236 0.893961 0.0573757 0.0222347 0.69184
0 0.362286 0.888306 0.0596155 0.0265476 0.691133
0 0.652874 0.93865 0.0538979 0.0198042 0.690995
0 0.510416 0.959541 0.0589096 0.021397 0.689765
0 0.71219 0.963311 0.0655568 0.0231259 0.689503
0 0.964541 0.69149 0.0626713 0.0238344 0.688603
0 0.0786322 0.92613 0.0479032 0.0161792 0.687797
0 0.244177 0.300477 0.050737 0.0197581 0.686615
0 0.170096 0.206507 0.0653941 0.0215012 0.686335
0 0.509979 0.928218 0.0575145 0.0204841 0.685746
0 0.827499 0.0672277 0.0617744 0.0250924 0.684752
0 0.347801 0.855415 0.0533291 0.0193642 0.684045
0 0.784955 0.920921 0.0535293 0.0194134 0.683617
0 0.583709 0.0826013 0.0590852 0.0204944 0.683359
0 0.184463 0.879865 0.0583716 0.021904 0.681814
0 0.776647 0.789912 0.0670293 0.0238413 0.681624
0 0.644795 0.972023 0.0697077 0.0290367 0.681353
0 0.216197 0.90509 0.0655373 0.0227814 0.680958
0 0.293091 0.326482 0.05125 0.0198168 0.680759
0 0.0546129 0.747944 0.0618857 0.0227127 0.67969
0 0.758455 0.0202628 0.0517548 0.0218926 0.679203
0 0.57942 0.818478 0.0684121 0.0289471 0.679181
0 0.362553 0.948496 0.0569653 0.0191361 0.678933
0 0.876547 0.776908 0.064713 0.023813 0.678296
0 0.441809 0.813545 0.0575011 0.0201477 0.678251
0 0.221661 0.967589 0.0505108 0.0204003 0.678244
0 0.74816 0.0550613 0.0550808 0.0206989 0.677841
0 0.676866 0.803995 0.0708122 0.0254196 0.67743
0 0.778453 0.705397 0.052181 0.0185171 0.675531
0 0.73992 0.0849381 0.0599713 0.0217655 0.674744
0 0.729402 0.865847 0.0476396 0.0194204 0.674738
0 0.366139 0.916398 0.0544706 0.0194595 0.674372
0 0.931684 0.2753 0.054787 0.0207742 0.674106
0 0.579225 0.949804 0.0510287 0.0217724 0.672933
0 0.969432 0.188754 0.0485542 0.0183153 0.672843
0 0.418447 0.110721 0.0548769 0.0206501 0.672815
0 0.148423 0.91747 0.0564552 0.0212933 0.672381
0 0.46987 0.781599 0.0556277 0.019794 0.671656
0 0.240447 0.17324 0.0530555 0.0199882 0.671193
0 0.486039 0.134413 0.0567779 0.020643 0.670301
0 0.203891 0.940155 0.0648233 0.0214529 0.669079
0 0.126663 0.0904596 0.0680084 0.0246271 0.669057
0 0.440287 0.723155 0.0544864 0.0211771 0.668628
0 0.88536 0.130207 0.0479529 0.0165647 0.668259
0 0.0643803 0.811009 0.0530144 0.0199779 0.668053
0 0.374894 0.0145744 0.0641655 0.0207712 0.667881
0 0.254026 0.139217 0.0644994 0.0219617 0.667876
0 0.332863 0.124424 0.057593 0.0233272 0.667716
0 0.58168 0.91797 0.05403 0.0202801 0.667408
0 0.481936 0.834954 0.0619209 0.023193 0.667348
0 0.166813 0.976691 0.046652 0.0187412 0.666724
0 0.323704 0.160505 0.057962 0.0214985 0.666559
0 0.0252573 0.937148 0.0495003 0.0256104 0.666467
0 0.585476 0.884519 0.0559596 0.0204285 0.666436
0 0.207055 0.0437918 0.0593577 0.0246812 0.666435
0 0.819246 0.73085 0.0539505 0.020842 0.666332
0 0.110395 0.37562 0.0427898 0.0184033 0.665817
0 0.217876 0.00905933 0.0615512 0.0179519 0.665778
0 0.50922 0.0964765 0.0457975 0.0209908 0.664395
0 0.287036 0.0267571 0.0635101 0.0239468 0.664005
0 0.794175 0.761469 0.0604527 0.0217953 0.663894
0 0.0732051 0.406204 0.0549605 0.019278 0.663196
0 0.306185 0.793721 0.0533342 0.0213307 0.663114
0 0.899313 0.940014 0.0520868 0.0239048 0.662611
0 0.436741 0.968874 0.0544775 0.0174551 0.662233
0 0.720806 0.928218 0.0551711 0.020693 0.661608
0 0.659621 0.306981 0.0464049 0.0185989 0.661524
0 0.23473 0.488694 0.0525106 0.0192843 0.661488
0 0.576862 0.985561 0.061432 0.025581 0.661428
0 0.441514 0.399135 0.0557546 0.0202947 0.660943
0 0.827968 0.0405772 0.0618611 0.020212 0.66063
0 0.966722 0.506642 0.0501509 0.0188095 0.65888
0 0.132855 0.947392 0.0533287 0.0206286 0.658343
0 0.972051 0.246448 0.0544067 0.022654 0.658239
0 0.0202235 0.781683 0.03899 0.018042 0.657749
0 0.172719 0.153037 0.0637444 0.0247916 0.657504
0 0.141562 0.023248 0.0617602 0.023049 0.656759
0 0.129555 0.432063 0.0478637 0.0198742 0.656624
0 0.396788 0.476045 0.0485742 0.0192818 0.654065
0 0.115117 0.0588345 0.0541321 0.0223919 0.653831
0 0.136259 0.338538 0.0541756 0.0190802 0.653699
0 0.0496126 0.345666 0.0552247 0.0179953 0.653647
0 0.64397 0.19376 0.0505671 0.0169056 0.653513
0 0.435654 0.444878 0.051585 0.0180278 0.653263
0 0.345665 0.450242 0.0500056 0.0165823 0.652344
0 0.0903616 0.149905 0.0565962 0.0213825 0.652164
0 0.030545 0.0824376 0.0598571 0.0261418 0.652143
0 0.083173 0.31475 0.0501499 0.0165206 0.651052
0 0.863134 0.334231 0.0519464 0.019648 0.650103
0 0.0180829 0.87256 0.0361657 0.022862 0.649576
0 0.436512 0.421973 0.0506602 0.0185687 0.649474
0 0.568901 0.25391 0.0433764 0.0188047 0.649351
0 0.0940039 0.46668 0.0478658 0.0192465 0.649309
0 0.975347 0.721066 0.049039 0.0252666 0.649166
0 0.239912 0.393766 0.0642484 0.0206375 0.648816
0 0.0968202 0.776611 0.0543657 0.0195808 0.648599
0 0.657714 0.74251 0.0537077 0.0189371 0.647651
0 0.19257 0.276159 0.0511052 0.0207303 0.647418
0 0.358175 0.819224 0.0518948 0.0196421 0.646969
0 0.398828 0.282158 0.0489695 0.0165009 0.646417
0 0.366511 0.97939 0.0547074 0.0212012 0.646169
0 0.53458 0.0229714 0.0580238 0.0206381 0.645065
0 0.948481 0.391492 0.0559664 0.0214207 0.645038
0 0.226826 0.798333 0.0523248 0.0186904 0.643806
0 0.0872407 0.865699 0.0530398 0.0210121 0.643443
0 0.0613862 0.958925 0.04512 0.0175196 0.643433
0 0.651672 0.25227 0.0506385 0.016309 0.643216
0 0.763557 0.162433 0.0455632 0.0181254 0.643188
0 0.339352 0.761942 0.0438733 0.0200076 0.642118
0 0.720406 0.895541 0.0536179 0.0193531 0.641246
0 0.166597 0.309032 0.0485042 0.0183951 0.640474
0 0.670703 0.0707811 0.061885 0.0228898 0.639883
0 0.853054 0.276763 0.0519415 0.0189455 0.639478
0 0.928727 0.216211 0.0554057 0.0170154 0.63932
0 0.550773 0.468352 0.0460755 0.0173891 0.639283
0 0.911514 0.420088 0.0506215 0.0190008 0.639257
0 0.503931 0.442881 0.0462079 0.0171924 0.638447
0 0.0197333 0.469758 0.0394666 0.0217761 0.63744
0 0.0675304 0.0345194 0.0694939 0.0248015 0.637091
0 0.798786 0.987011 0.0554036 0.0186484 0.636797
0 0.708768 0.767433 0.0486391 0.0184248 0.636664
0 0.529792 0.226285 0.0386965 0.0151571 0.63646
0 0.11174 0.279531 0.0538948 0.0198089 0.636141
0 0.599084 0.0474544 0.0537184 0.0222839 0.63539
0 0.511275 0.895955 0.0528466 0.0188297 0.634888
0 0.847932 0.220389 0.0490046 0.0171072 0.633362
0 0.872965 0.391858 0.0471937 0.0174253 0.633164
0 0.453279 0.243451 0.0496082 0.0191102 0.632873
0 0.924744 0.159839 0.0434551 0.0161276 0.632286
0 0.898298 0.247327 0.0511202 0.020634 0.631924
0 0.958353 0.448545 0.0517819 0.0173676 0.631893
0 0.72319 0.192548 0.0467505 0.016398 0.631833
0 0.609883 0.278642 0.0503696 0.0178663 0.63129
0 0.025076 0.378426 0.0481178 0.0207389 0.631141
0 0.869557 0.754772 0.0539078 0.0179489 0.630844
0 0.821715 0.306156 0.0458462 0.0177755 0.630559
0 0.222098 0.335899 0.0492446 0.0181125 0.629042
0 0.0387768 0.840702 0.053483 0.0194542 0.628888
0 0.413878 0.755382 0.0388942 0.0177782 0.628777
0 0.466335 0.357032 0.0483952 0.0168496 0.62868
0 0.439423 0.908721 0.0528336 0.0176811 0.627371
0 0.955482 0.965735 0.0561399 0.0191099 0.6271
0 0.883109 0.822359 0.0504611 0.018253 0.627054
0 0.840783 0.912356 0.0470706 0.018813 0.626525
0 0.219729 0.429227 0.043813 0.0190883 0.625015
0 0.146532 0.803578 0.0523472 0.0193388 0.624034
0 0.277637 0.824419 0.0493785 0.0185675 0.623693
0 0.95304 0.745928 0.0526586 0.0193684 0.62302
0 0.515912 0.310054 0.0567587 0.019234 0.622785
0 0.700198 0.335673 0.0472259 0.0151994 0.622491
0 0.97678 0.302188 0.0458455 0.0173377 0.621712
0 0.28881 0.927378 0.0445651 0.0145779 0.621551
0 0.901766 0.726499 0.052599 0.0216143 0.620959
0 0.575722 0.745546 0.0428031 0.017054 0.620283
0 0.264345 0.454936 0.0589216 0.0203402 0.620186
0 0.158863 0.400792 0.0479138 0.0195951 0.619805
0 0.613127 0.417034 0.0536953 0.0208519 0.619555
0 0.411242 0.84446 0.0444521 0.0164349 0.619548
0 0.590347 0.856501 0.0500024 0.0155846 0.619289
0 0.316907 0.484301 0.0458068 0.0175468 0.618493
0 0.876239 0.976978 0.054568 0.02029 0.617917
0 0.029824 0.694309 0.0486051 0.0200439 0.617052
0 0.188325 0.369407 0.0439883 0.0171614 0.617039
0 0.628792 0.716688 0.0547039 0.0194563 0.616623
0 0.294689 0.959913 0.0463963 0.0185211 0.616254
0 0.626148 0.773602 0.0502989 0.0186464 0.614301
0 0.935569 0.535422 0.0528718 0.0186624 0.614154
0 0.979321 0.360864 0.0410925 0.019016 0.613955
0 0.702842 0.710244 0.0560321 0.0193249 0.613083
0 0.156693 0.493934 0.041157 0.0180181 0.61266
0 0.540959 0.499274 0.0479195 0.0200508 0.612491
0 0.6259 0.494527 0.0503678 0.0174954 0.612452
0 0.944948 0.765291 0.0485242 0.0173798 0.611356
0 0.582918 0.379812 0.0513945 0.0191952 0.609324
0 0.375791 0.416836 0.0505214 0.0182742 0.609082
0 0.493958 0.750843 0.0432594 0.0178511 0.608374
0 0.913001 0.477115 0.0518212 0.0186582 0.607782
0 0.189359 0.077701 0.0635177 0.0217647 0.607581
0 0.498454 0.694566 0.0521366 0.0204674 0.60735
0 0.606078 0.796208 0.0532856 0.0196687 0.606832
0 0.962954 0.130846 0.0512722 0.0174691 0.606314
0 0.544701 0.777703 0.0510886 0.0189078 0.60589
0 0.293043 0.422757 0.051994 0.0180362 0.605
0 0.305777 0.29221 0.044842 0.0174458 0.604027
0 0.678352 0.165196 0.0454057 0.0170019 0.603426
0 0.499894 0.391916 0.0457435 0.017076 0.603055
0 0.77551 0.218512 0.0395607 0.015488 0.60302
0 0.486524 0.471652 0.0475838 0.0158578 0.602584
0 0.346219 0.332836 0.0415919 0.0146438 0.602375
0 0.744644 0.420483 0.0446115 0.016828 0.601567
0 0.0748663 0.719549 0.0562239 0.0197919 0.601439
0 0.909529 0.303425 0.0428414 0.0163014 0.600244
0 0.175961 0.772038 0.0473775 0.0167427 0.599862
0 0.651514 0.907416 0.0496885 0.0184362 0.59957
0 0.16151 0.555619 0.0466425 0.0181519 0.599523
0 0.737615 0.452227 0.0440044 0.0155071 0.599355
0 0.739454 0.736354 0.047368 0.0178226 0.598713
0 0.290925 0.512438 0.0541642 0.0191944 0.59563
0 0.461202 0.00455669 0.0570894 0.00904803 0.594603
0 0.198052 0.831319 0.0515892 0.0184665 0.594308
0 0.0655182 0.00598736 0.0744351 0.011861 0.59287
0 0.0144369 0.228491 0.0288419 0.0182945 0.591656
0 0.690608 0.279388 0.0517056 0.0170131 0.590553
0 0.802349 0.133542 0.0456226 0.0164706 0.590047
0 0.911523 0.362972 0.045141 0.0189132 0.589719
0 0.0905118 0.219688 0.0454967 0.0194877 0.5895
0 0.632701 0.339019 0.048367 0.0164413 0.588715
0 0.27168 0.260754 0.0562802 0.0190976 0.5887
0 0.0140986 0.908081 0.0281421 0.0225258 0.588653
0 0.286646 0.989425 0.0496833 0.0177781 0.588313
0 0.73615 0.248202 0.0506035 0.0182025 0.587972
0 0.377749 0.50949 0.0545645 0.0200753 0.587435
0 0.981593 0.417617 0.0368141 0.0153544 0.586446
0 0.980925 0.792745 0.0381364 0.0180172 0.585689
0 0.377156 0.309937 0.0464945 0.0152533 0.584622
0 0.821907 0.363497 0.0442574 0.0176105 0.584385
0 0.607427 0.474075 0.0519296 0.0201557 0.584356
0 0.286205 0.675592 0.0495406 0.0194709 0.583834
0 0.116985 0.984267 0.0489578 0.0190269 0.582889
0 0.704638 0.39471 0.0486533 0.0182959 0.582867
0 0.943993 0.844095 0.0421211 0.0161274 0.581844
0 0.214097 0.994009 0.0643469 0.0119824 0.580974
0 0.387671 0.787943 0.0530459 0.019895 0.579428
0 0.745169 0.364189 0.0432359 0.0139903 0.576893
0 0.518643 0.808738 0.0516531 0.0196358 0.575755
0 0.11463 0.835515 0.0500615 0.0196407 0.573603
0 0.960177 0.812085 0.0431382 0.0152881 0.573226
0 0.158581 0.854048 0.0432312 0.0161274 0.57274
0 0.553256 0.345499 0.0449049 0.0180859 0.570892
0 0.66044 0.363721 0.0449438 0.0160895 0.570764
0 0.0318538 0.284064 0.04911 0.0198259 0.569656
0 0.406457 0.341929 0.0462891 0.0164292 0.568631
0 0.852512 0.881618 0.0437106 0.0170887 0.568529
0 0.367055 0.250623 0.0375126 0.0158815 0.56567
0 0.922367 0.108791 0.0427711 0.0150055 0.560627
0 0.692437 0.00355824 0.05351 0.00711648 0.560053
0 0.204355 0.517712 0.0498736 0.0175463 0.558894
0 0.866373 0.853251 0.0436131 0.0163315 0.557665
0 0.395524 0.362965 0.0414477 0.0147293 0.551708
0 0.794698 0.451032 0.0439564 0.0144619 0.551073
0 0.60203 0.176682 0.0444764 0.0180696 0.54833
0 0.775056 0.478966 0.0432809 0.0162586 0.546554
0 0.602099 0.223311 0.0490856 0.0172483 0.546262
0 0.482896 0.275238 0.0473886 0.0150877 0.544545
0 0.333911 0.270384 0.0408673 0.0131218 0.542134
0 0.83284 0.420557 0.0423442 0.0150318 0.539676
0 0.877333 0.449676 0.0391335 0.0150952 0.539094
0 0.814457 0.250433 0.0405185 0.016991 0.537976
0 0.987243 0.530941 0.0247361 0.0180589 0.527289
0 0.496732 0.337855 0.0435602 0.0154171 0.526696
0 0.839822 0.158568 0.0404027 0.015222 0.523362
0 0.113837 0.591595 0.044499 0.0164585 0.523278
0 0.985859 0.473488 0.0276256 0.0192403 0.521307
0 0.656604 0.526402 0.046177 0.0186963 0.51955
0 0.0645543 0.254752 0.040984 0.0139167 0.51854
0 0.777798 0.333615 0.0446896 0.0151424 0.518371
0 0.0139607 0.0471221 0.0279214 0.0279983 0.515379
0 0.77404 0.27672 0.0415378 0.0153624 0.515212
0 0.407143 0.699326 0.0538946 0.0205456 0.514925
0 0.0118035 0.32116 0.0235343 0.02084 0.509108
0 0.529602 0.369428 0.0407755 0.0136217 0.508837
0 0.188932 0.461557 0.0430087 0.0185162 0.507664
0 0.458392 0.298081 0.0433437 0.0165813 0.507031
0 0.0436078 0.437797 0.0474659 0.0182741 0.506881
0 0.114888 0.52444 0.0470609 0.0174476 0.505396
0 0.98513 0.0245643 0.0293215 0.0184955 0.505229
0 0.31999 0.390956 0.0459157 0.0163806 0.500001
0 0.610146 0.308157 0.0417709 0.0142651 0.497136
0 0.919593 0.571766 0.049327 0.0180477 0.489136
0 0.456935 0.505761 0.0561119 0.0186026 0.485084
0 0.988999 0.215054 0.0211884 0.01729 0.484998
0 0.946372 0.994014 0.057151 0.0119719 0.47288
0 0.982652 0.0981279 0.0346951 0.0165907 0.471906
0 0.987705 0.898304 0.0243891 0.0154612 0.467137
0 0.988691 0.865977 0.0217502 0.0178436 0.462709
0 0.875057 0.506811 0.0401058 0.0130074 0.461783
0 0.408653 0.208577 0.0463705 0.0189463 0.461495
0 0.913935 0.0262421 0.052003 0.0243883 0.456358
0 0.562054 0.402946 0.0469581 0.0176964 0.456341
0 0.434602 0.321578 0.0472295 0.0117337 0.451505
0 0.989991 0.156691 0.0187689 0.0170102 0.443477
0 0.790682 0.393811 0.0460294 0.0175124 0.441527
0 0.890606 0.187119 0.0399511 0.0136565 0.439378
0 0.168992 0.231437 0.0450004 0.0186123 0.435106
0 0.137261 0.24555 0.050032 0.0140454 0.433679
0 0.270943 0.360435 0.0500576 0.0158749 0.430196
0 0.536137 0.426002 0.045199 0.0142015 0.408742
0 0.577071 0.44826 0.0435952 0.0162752 0.404116
0 0.060711 0.997219 0.0484755 0.00556143 0.402389
0 0.557699 0.194852 0.0434165 0.0158081 0.401743
0 0.988359 0.916732 0.0232821 0.0163601 0.387578
0 0.331045 0.21756 0.0468059 0.0169966 0.384652
0 0.810109 0.191898 0.0395071 0.015311 0.382299
0 0.73466 0.308066 0.0424601 0.0118476 0.381453
0 0.33055 0.353056 0.0481538 0.0153807 0.380392
0 0.680865 0.222484 0.0369665 0.0149252 0.374858
0 0.506223 0.201305 0.0400275 0.0146073 0.351781
0 0.723302 0.994303 0.0513361 0.0113944 0.350533
0 0.550479 0.688948 0.0374845 0.0153179 0.346909
0 0.853918 0.55537 0.0453815 0.0178305 0.344495
0 0.926399 0.00243184 0.0467265 0.00478734 0.331467
0 0.663418 0.682457 0.0505898 0.0186734 0.326564
0 0.929028 0.666819 0.0387826 0.0167362 0.324088
0 0.115326 0.685508 0.0567906 0.0230125 0.323965
0 0.992106 0.751738 0.0150649 0.0185799 0.319177
0 0.42847 0.997244 0.0653846 0.00551114 0.317453
0 0.0377601 0.981979 0.0361288 0.0119932 0.315058
0 0.428032 0.265749 0.0438829 0.0153291 0.309762
0 0.161366 0.588903 0.0355902 0.0138655 0.303959
0 0.913786 0.803581 0.040261 0.0143646 0.288157
0 0.222459 0.649174 0.0448277 0.0175039 0.286075
0 0.242035 0.613566 0.0706206 0.0269462 0.282455
0 0.0609342 0.498644 0.0648777 0.0239574 0.281266
0 0.762843 0.67548 0.047823 0.0198351 0.281045
0 0.901197 0.604453 0.051317 0.0213272 0.27204
0 0.800506 0.551039 0.0416169 0.0157633 0.271081
0 0.835157 0.478831 0.0454992 0.0155582 0.267953
0 0.00875589 0.725813 0.0175118 0.0204445 0.255553
0 0.298399 0.643471 0.0700282 0.024202 0.253224
0 0.398288 0.233232 0.0416356 0.0136503 0.239986
0 0.850904 0.578347 0.0485205 0.0180557 0.236802
0 0.458352 0.668663 0.0472928 0.0190548 0.224289
0 0.65332 0.457994 0.0610604 0.0216054 0.221372
0 0.426336 0.604167 0.054031 0.0215403 0.216161
0 0.340741 0.705558 0.0441755 0.0199581 0.213324
0 0.301715 0.236618 0.0504145 0.0166242 0.206695
0 0.967588 0.660522 0.0432439 0.0161738 0.204798
