0 0.279959 0.627138 0.0204027 0.0394277 0.682222
0 0.596497 0.785342 0.0292524 0.0524024 0.667348
0 0.305137 0.0914445 0.0249466 0.0383617 0.667129
0 0.800867 0.498087 0.0373501 0.066441 0.66415
0 0.82694 0.407772 0.0291405 0.0518552 0.663611
0 0.803457 0.439964 0.0241932 0.0434767 0.662954
0 0.786874 0.866914 0.0212528 0.0315175 0.658313
0 0.893256 0.544049 0.0233917 0.0392106 0.653758
0 0.162572 0.834361 0.0236716 0.0350882 0.653571
0 0.87291 0.700261 0.0220234 0.0358632 0.65173
0 0.596641 0.474926 0.0291313 0.0360176 0.650291
0 0.507275 0.743976 0.0161553 0.0234609 0.646654
0 0.764317 0.467166 0.0201313 0.0360533 0.644032
0 0.977573 0.766184 0.0222885 0.0373708 0.642932
0 0.454424 0.982986 0.0255053 0.0329522 0.642553
0 0.777029 0.389127 0.0287118 0.0475711 0.642534
0 0.650505 0.81855 0.0216446 0.0382996 0.634385
0 0.605343 0.555488 0.0284836 0.0373652 0.632342
0 0.529186 0.754983 0.0154832 0.0253204 0.628954
0 0.954699 0.790412 0.0184917 0.0333466 0.628589
0 0.523697 0.721076 0.0162708 0.0237243 0.626157
0 0.224807 0.307771 0.0192458 0.0372809 0.625605
0 0.457708 0.780558 0.0151281 0.0244208 0.625115
0 0.479759 0.046417 0.027092 0.0495427 0.624292
0 0.868044 0.530971 0.0193853 0.0287057 0.62404
0 0.75107 0.38705 0.0201865 0.0347332 0.623112
0 0.199553 0.324802 0.01848 0.0369739 0.622761
0 0.620193 0.882425 0.0238423 0.0395138 0.622063
0 0.368205 0.687659 0.0275634 0.0508052 0.62117
0 0.910618 0.178115 0.0400768 0.037949 0.620436
0 0.617348 0.837848 0.0221258 0.0353648 0.616004
0 0.955553 0.756243 0.0197052 0.0320309 0.615809
0 0.934812 0.568632 0.025958 0.0423677 0.61491
0 0.513426 0.779246 0.0149455 0.0244415 0.61342
0 0.201848 0.215671 0.0150197 0.0296943 0.612104
0 0.836559 0.538764 0.029164 0.0404682 0.61094
0 0.918124 0.328732 0.021349 0.036806 0.609257
0 0.119189 0.496551 0.0231308 0.033686 0.606068
0 0.629692 0.797731 0.0215015 0.0349884 0.604379
0 0.943815 0.339917 0.0210613 0.0371827 0.601906
0 0.976308 0.804111 0.0202332 0.0321665 0.601738
0 0.212735 0.352382 0.0161048 0.0343691 0.601253
0 0.460182 0.819841 0.016025 0.0211772 0.599881
0 0.303098 0.432187 0.0261164 0.0414247 0.598559
0 0.139898 0.104508 0.0251066 0.0392058 0.594685
0 0.733178 0.468939 0.0260811 0.0351407 0.593137
0 0.394138 0.327141 0.0254242 0.0492293 0.593004
0 0.00942458 0.124422 0.0186819 0.0443054 0.591989
0 0.540136 0.694007 0.0151707 0.0251947 0.591452
0 0.87234 0.156379 0.0179857 0.0286416 0.589641
0 0.444188 0.84541 0.0168121 0.0253945 0.589525
0 0.15076 0.533596 0.0334797 0.0407237 0.586748
0 0.961314 0.591296 0.0204887 0.0323549 0.586716
0 0.327568 0.106831 0.015051 0.0295056 0.585081
0 0.317826 0.350567 0.019073 0.0387975 0.577804
0 0.860141 0.42339 0.0223732 0.033797 0.576964
0 0.519964 0.621954 0.0212238 0.0378571 0.576696
0 0.707345 0.345416 0.0177965 0.028656 0.573298
0 0.607146 0.601584 0.0144207 0.0242759 0.573094
0 0.480748 0.830684 0.015517 0.0235852 0.572571
0 0.473313 0.75441 0.0165908 0.0261215 0.568584
0 0.164441 0.366808 0.0156517 0.038446 0.567825
0 0.667993 0.886286 0.0175847 0.0329359 0.567121
0 0.370718 0.645808 0.0184971 0.0256205 0.566677
0 0.533484 0.795322 0.0161036 0.0245614 0.56624
0 0.491924 0.769536 0.0156056 0.0239159 0.566016
0 0.249588 0.0806575 0.0138592 0.0273836 0.564207
0 0.413363 0.890586 0.0154267 0.0238366 0.562548
0 0.53482 0.149922 0.0257635 0.0419755 0.562004
0 0.231211 0.0750811 0.018328 0.0344077 0.561399
0 0.433435 0.904226 0.0150709 0.0237915 0.561239
0 0.279642 0.210699 0.0165225 0.0374875 0.559394
0 0.545612 0.729837 0.0148151 0.0228583 0.559334
0 0.390867 0.177394 0.0174116 0.0370786 0.554705
0 0.538569 0.907716 0.023308 0.0360589 0.5542
0 0.50044 0.841091 0.0135551 0.0226217 0.553923
0 0.280485 0.117712 0.0188504 0.0348214 0.552448
0 0.611522 0.635045 0.0162203 0.0243399 0.548213
0 0.916044 0.615424 0.0170847 0.0312298 0.547144
0 0.476121 0.793635 0.0139038 0.0234273 0.546987
0 0.557521 0.671678 0.0151035 0.0244405 0.545807
0 0.556455 0.480625 0.0354813 0.0450921 0.544815
0 0.192497 0.851934 0.0222057 0.0318373 0.542781
0 0.0907313 0.200052 0.0223643 0.0476113 0.542322
0 0.483641 0.870153 0.0140379 0.0230292 0.536863
0 0.187214 0.0801611 0.0180924 0.0333201 0.53656
0 0.45076 0.880372 0.0150452 0.0219498 0.535304
0 0.497052 0.802506 0.015291 0.0222565 0.535197
0 0.428241 0.869375 0.0134949 0.0224789 0.535099
0 0.337554 0.0160003 0.0190741 0.0316091 0.529585
0 0.456352 0.0446395 0.0177286 0.0356348 0.523977
0 0.840295 0.498915 0.0141685 0.0249335 0.522097
0 0.655425 0.136381 0.0183731 0.0313621 0.520029
0 0.204286 0.404619 0.0301191 0.0500237 0.519146
0 0.451484 0.732982 0.0162509 0.0285884 0.518122
0 0.36958 0.415219 0.01904 0.0381302 0.514434
0 0.902244 0.0157497 0.0188618 0.0291288 0.51404
0 0.440603 0.805554 0.0156414 0.0220074 0.51354
0 0.467773 0.893921 0.0147787 0.0226414 0.510301
0 0.72945 0.0302027 0.0202543 0.0359921 0.510017
0 0.671211 0.45063 0.0400597 0.0559265 0.509842
0 0.179571 0.324147 0.0201547 0.0403961 0.50839
0 0.190621 0.360898 0.0149047 0.0288744 0.508077
0 0.841999 0.984419 0.0328588 0.0308173 0.507694
0 0.790834 0.0129415 0.0204918 0.025624 0.505703
0 0.965156 0.212501 0.0219393 0.035822 0.503394
0 0.40847 0.113636 0.013411 0.0260194 0.499934
0 0.561619 0.705085 0.0136278 0.0228633 0.497567
0 0.208969 0.0169132 0.023558 0.0333664 0.493263
0 0.453169 0.917977 0.013914 0.021086 0.492685
0 0.0298605 0.104975 0.020779 0.0366582 0.491551
0 0.706164 0.0566962 0.0238501 0.037437 0.490293
0 0.406804 0.0454965 0.0153139 0.0302953 0.489334
0 0.201881 0.327059 0.0152696 0.0349408 0.488606
0 0.24111 0.209963 0.0143755 0.021953 0.488052
0 0.567059 0.43705 0.0120902 0.0209637 0.484419
0 0.412366 0.981688 0.0185514 0.0345669 0.48406
0 0.581621 0.0787805 0.0156142 0.0348352 0.483812
0 0.0520305 0.226079 0.0335828 0.0482775 0.481186
0 0.410992 0.854645 0.0136547 0.0218279 0.481086
0 0.516075 0.817593 0.0138189 0.0208794 0.480542
0 0.353254 0.127823 0.016253 0.0351445 0.480472
0 0.162151 0.323173 0.0166338 0.0282736 0.479988
0 0.536874 0.827044 0.0141687 0.0212365 0.475639
0 0.573158 0.644378 0.0136435 0.0226473 0.475463
0 0.646249 0.868047 0.0175402 0.0292284 0.474394
0 0.989667 0.695272 0.0206656 0.0524514 0.473733
0 0.595478 0.0984831 0.0152261 0.0304851 0.469876
0 0.51414 0.453357 0.0182148 0.031553 0.469704
0 0.169556 0.08812 0.0172117 0.0296803 0.469615
0 0.697131 0.380953 0.0158648 0.0260991 0.46633
0 0.266752 0.290436 0.0167106 0.0327243 0.462754
0 0.300212 0.602932 0.0134752 0.0206409 0.462002
0 0.239788 0.123724 0.0154961 0.0272101 0.460221
0 0.240691 0.183637 0.0169307 0.0267158 0.460169
0 0.627016 0.611917 0.0158007 0.0214948 0.459875
0 0.214652 0.0658829 0.0148167 0.0247407 0.45952
0 0.937083 0.763952 0.017065 0.0285368 0.456647
0 0.302944 0.158019 0.0182263 0.0322672 0.453214
0 0.59031 0.626109 0.0140319 0.0224023 0.452974
0 0.521767 0.851079 0.0130634 0.0203105 0.451875
0 0.39467 0.0728163 0.0146971 0.0267455 0.450596
0 0.636483 0.0317706 0.0261057 0.0447937 0.450414
0 0.968682 0.347283 0.0262894 0.0516456 0.450404
0 0.178391 0.127638 0.0280644 0.0415628 0.44935
0 0.487002 0.655995 0.0214731 0.0359714 0.448437
0 0.598319 0.378082 0.0119732 0.0212065 0.444187
0 0.465248 0.857702 0.0128721 0.0190186 0.440123
0 0.505869 0.878829 0.0149933 0.0208198 0.438619
0 0.76308 0.610934 0.0347654 0.063445 0.437789
0 0.583428 0.410329 0.0118997 0.0163484 0.437358
0 0.89888 0.601997 0.017322 0.0275725 0.436887
0 0.57554 0.810696 0.0126185 0.0261485 0.435417
0 0.433603 0.610529 0.0266377 0.0501228 0.434246
0 0.588931 0.436677 0.0133236 0.0219111 0.434121
0 0.584872 0.0148598 0.0297869 0.0292946 0.429143
0 0.171848 0.430938 0.0234955 0.0313131 0.422138
0 0.256432 0.411712 0.020743 0.0407523 0.41655
0 0.550247 0.596193 0.0323101 0.0574493 0.416257
0 0.538657 0.662571 0.0154577 0.0244342 0.414555
0 0.833335 0.27937 0.019235 0.0280036 0.413818
0 0.25362 0.627067 0.019466 0.0318458 0.413259
0 0.224749 0.151647 0.0194273 0.0351637 0.412797
0 0.566446 0.922357 0.0243444 0.0399082 0.411606
0 0.81363 0.639984 0.0308388 0.0360323 0.411308
0 0.550791 0.442379 0.0151969 0.0243541 0.410856
0 0.354759 0.274956 0.0183643 0.0371614 0.410107
0 0.55462 0.980147 0.0293835 0.0374585 0.410044
0 0.0574528 0.135903 0.0192642 0.0351121 0.40977
0 0.624724 0.137403 0.0229784 0.0357853 0.407231
0 0.449143 0.371249 0.0206695 0.0328427 0.40699
0 0.308894 0.635379 0.0190131 0.024921 0.40688
0 0.207098 0.178883 0.0136458 0.0275824 0.406506
0 0.814606 0.012772 0.0236507 0.0255441 0.402716
0 0.333073 0.162515 0.0223568 0.0461745 0.401566
0 0.469781 0.00947585 0.0208862 0.0187556 0.396789
0 0.289353 0.971863 0.0261133 0.0398638 0.394836
0 0.522593 0.682456 0.0152431 0.024257 0.394286
0 0.628589 0.923089 0.017779 0.0242883 0.390388
0 0.473799 0.92981 0.0129051 0.0188659 0.388602
0 0.671013 0.921584 0.0147998 0.0229282 0.386626
0 0.660528 0.569006 0.0193623 0.0330032 0.384553
0 0.601035 0.407245 0.0137566 0.0193938 0.382091
0 0.962427 0.445146 0.0193666 0.0368322 0.38113
0 0.174289 0.234809 0.0162289 0.0285913 0.379205
0 0.561021 0.479196 0.0278404 0.0405448 0.379097
0 0.519642 0.499361 0.0202289 0.0348389 0.3784
0 0.719362 0.89975 0.0246185 0.0396022 0.375164
0 0.263172 0.124237 0.0135331 0.0270314 0.373696
0 0.834353 0.463847 0.0247387 0.0344803 0.373458
0 0.682964 0.0951097 0.018549 0.0313692 0.372972
0 0.118604 0.433232 0.0244875 0.0434633 0.371382
0 0.658035 0.010869 0.0158939 0.0211845 0.367031
0 0.298601 0.330479 0.0154216 0.0271576 0.363966
0 0.698102 0.570368 0.0189299 0.0319066 0.360562
0 0.267474 0.0266091 0.0194828 0.0340047 0.359728
0 0.650242 0.925437 0.0176327 0.0271189 0.358488
0 0.350663 0.333709 0.0302301 0.0491106 0.356546
0 0.182292 0.0326149 0.0182276 0.0355049 0.355694
0 0.444984 0.129854 0.0149202 0.0298256 0.35446
0 0.0872163 0.152907 0.0167909 0.0358857 0.353074
0 0.364682 0.0828611 0.0211811 0.0372113 0.351103
0 0.50623 0.705201 0.0138792 0.0229967 0.35084
0 0.489713 0.904765 0.0124531 0.0198959 0.346217
0 0.468289 0.145237 0.0225084 0.0384754 0.345841
0 0.626157 0.458665 0.0108272 0.0211114 0.345016
0 0.292481 0.0300658 0.0193044 0.0309236 0.344835
0 0.20572 0.104191 0.017525 0.029276 0.344134
0 0.266933 0.242987 0.0137903 0.032637 0.342399
0 0.258179 0.207391 0.0114023 0.0190456 0.339063
0 0.468843 0.720243 0.0147544 0.0249775 0.338741
0 0.406093 0.233359 0.0153293 0.0244873 0.336105
0 0.295454 0.215429 0.0132387 0.0223622 0.335976
0 0.387675 0.258923 0.0177485 0.0317944 0.335055
0 0.536464 0.902227 0.0274172 0.0444207 0.332675
0 0.67166 0.073716 0.0199586 0.0282283 0.332269
0 0.341315 0.0481282 0.012507 0.0208776 0.331765
0 0.956392 0.412082 0.0164215 0.0222877 0.330347
0 0.413346 0.0808457 0.0179895 0.0269046 0.328787
0 0.671816 0.0604775 0.0232363 0.0516537 0.326319
0 0.497188 0.142775 0.0284615 0.0446604 0.324422
0 0.299997 0.054092 0.0171368 0.0256921 0.323083
0 0.213607 0.601127 0.0211477 0.0318263 0.320183
0 0.447605 0.0792659 0.013451 0.0291613 0.317781
0 0.286255 0.355328 0.0143993 0.0298103 0.317652
0 0.429861 0.144938 0.017635 0.0278436 0.31679
0 0.232902 0.269077 0.0135967 0.0253792 0.316705
0 0.585354 0.0457295 0.0214583 0.0309844 0.315331
0 0.875449 0.0113152 0.022728 0.0222959 0.314337
0 0.269387 0.45401 0.0337886 0.0462599 0.313931
0 0.109779 0.392247 0.0160804 0.0341549 0.309425
0 0.382478 0.811404 0.0324239 0.0579166 0.308637
0 0.425107 0.834488 0.0150105 0.0209629 0.303606
0 0.0155403 0.175056 0.0279731 0.0531176 0.30163
0 0.626596 0.580185 0.0161163 0.023871 0.298833
0 0.470005 0.0991452 0.0201366 0.0344239 0.297091
0 0.12205 0.213187 0.0185418 0.0331104 0.295951
0 0.206344 0.17563 0.0154305 0.0353016 0.295882
0 0.605209 0.432351 0.0127265 0.020423 0.295282
0 0.592284 0.967454 0.0207617 0.0482959 0.290073
0 0.812197 0.974094 0.0199219 0.0487473 0.286145
0 0.181353 0.175637 0.0160827 0.0286302 0.285201
0 0.675533 0.120928 0.0167952 0.0283248 0.283634
0 0.616241 0.0749995 0.0227425 0.0439034 0.281226
0 0.107771 0.154744 0.0257689 0.0417321 0.28085
0 0.411643 0.196929 0.0191698 0.0337778 0.279165
0 0.554177 0.804314 0.0136673 0.020812 0.276615
0 0.576743 0.768223 0.0138028 0.0292392 0.274736
0 0.802596 0.394183 0.0191254 0.0347027 0.274159
0 0.0417254 0.159777 0.0234178 0.0621137 0.272249
0 0.532816 0.446811 0.0127145 0.0231042 0.269077
0 0.39818 0.13586 0.0154398 0.0229706 0.267479
0 0.186552 0.27852 0.0146945 0.0260329 0.267446
0 0.374788 0.144009 0.0210744 0.0380992 0.263552
0 0.794478 0.979026 0.0201523 0.038565 0.262298
0 0.554267 0.591826 0.0312829 0.0496367 0.260862
0 0.645774 0.899541 0.015362 0.0197944 0.260608
0 0.165989 0.196661 0.0131964 0.0235613 0.25969
0 0.429884 0.708561 0.0159827 0.025139 0.256642
0 0.17826 0.397528 0.0145874 0.0308462 0.256467
0 0.706838 0.0242869 0.0221181 0.0317516 0.253541
0 0.140116 0.172215 0.0262564 0.0528243 0.252047
0 0.308163 0.125876 0.015404 0.0222008 0.250074
0 0.491171 0.657177 0.0297261 0.0391691 0.249918
0 0.979674 0.472783 0.0128464 0.0249942 0.249822
0 0.406803 0.14744 0.0145924 0.0220416 0.246924
0 0.555685 0.585878 0.0286186 0.0358612 0.246077
0 0.496328 0.0131269 0.0195099 0.0260468 0.245796
0 0.375821 0.37428 0.0194241 0.0341839 0.240138
0 0.213522 0.261501 0.014522 0.0268869 0.239883
0 0.557701 0.774176 0.0134246 0.0273851 0.227278
0 0.378653 0.37737 0.0185345 0.0357179 0.226456
0 0.0642941 0.165557 0.0194798 0.027392 0.223796
0 0.24509 0.291931 0.014424 0.0245643 0.223231
0 0.439163 0.0360521 0.0173361 0.0314677 0.223137
0 0.515264 0.07697 0.0221671 0.0387625 0.222835
0 0.957438 0.723671 0.0203754 0.0307868 0.222218
0 0.119356 0.358149 0.0222942 0.0448769 0.221067
0 0.997162 0.141557 0.00567627 0.033179 0.220597
0 0.466992 0.0106522 0.0252266 0.0213043 0.219615
0 0.672263 0.0770246 0.0157281 0.0226447 0.218736
0 0.149643 0.392573 0.0195735 0.0295118 0.217782
0 0.268167 0.360705 0.0169017 0.0323108 0.216411
0 0.245546 0.240533 0.0122437 0.0236123 0.215579
0 0.682361 0.0161279 0.0267647 0.0322554 0.211676
0 0.496715 0.00991146 0.0180575 0.0198229 0.207468
0 0.277534 0.409703 0.0197471 0.0323764 0.2029
0 0.505779 0.525798 0.0236202 0.0381149 0.202745
0 0.468971 0.683526 0.0166412 0.0301368 0.202725
0 0.435149 0.0991293 0.0145163 0.0235241 0.202599
0 0.668937 0.970802 0.0169886 0.0335195 0.202021
0 0.0759556 0.128692 0.0172976 0.032463 0.200678
0 0.280884 0.0738312 0.0150475 0.02233 0.200058
