0 0.485468 0.623819 0.0281902 0.0509192 0.697038
0 0.748855 0.408742 0.033132 0.048298 0.696769
0 0.788969 0.431346 0.0398718 0.0743368 0.693314
0 0.495909 0.843861 0.0294175 0.0453474 0.689599
0 0.537581 0.929887 0.0299401 0.0432359 0.688418
0 0.453767 0.790127 0.0301205 0.0526221 0.684117
0 0.73113 0.47208 0.0229504 0.0375519 0.677629
0 0.356897 0.892713 0.0214006 0.039333 0.672574
0 0.904388 0.481047 0.0287476 0.0472917 0.67216
0 0.558407 0.0966585 0.0267529 0.0407909 0.667075
0 0.379189 0.796456 0.0219517 0.0366143 0.66619
0 0.769002 0.311178 0.0221535 0.0345773 0.663484
0 0.179948 0.52107 0.0249175 0.0394524 0.662502
0 0.380576 0.865028 0.0200229 0.0375893 0.661566
0 0.846055 0.402891 0.02195 0.0352337 0.661212
0 0.94509 0.640007 0.0243599 0.0496026 0.657425
0 0.427047 0.765892 0.0215343 0.0461014 0.652202
0 0.744589 0.29316 0.0223033 0.0319179 0.652156
0 0.376863 0.928282 0.0235202 0.0411334 0.645759
0 0.877516 0.461764 0.0225309 0.0449519 0.645436
0 0.271058 0.0182789 0.025331 0.0355788 0.645083
0 0.719412 0.246157 0.0217361 0.0339582 0.639112
0 0.169656 0.728959 0.024963 0.0394328 0.633245
0 0.157444 0.634959 0.0209169 0.0495447 0.631956
0 0.58824 0.951728 0.0274588 0.0466203 0.62895
0 0.978295 0.168358 0.02155 0.0344849 0.624361
0 0.697485 0.139074 0.0217098 0.0405355 0.624009
0 0.526153 0.339281 0.0209579 0.0356504 0.620724
0 0.0505599 0.56346 0.0198837 0.0317115 0.619513
0 0.59968 0.174602 0.0240509 0.0413267 0.618642
0 0.132257 0.519331 0.0284145 0.0407881 0.614387
0 0.971934 0.221111 0.0295528 0.0545636 0.608529
0 0.942906 0.226984 0.0224731 0.042996 0.607706
0 0.790762 0.0265997 0.0204891 0.0362017 0.601745
0 0.94558 0.177686 0.0251531 0.0432324 0.601394
0 0.570853 0.601659 0.0195957 0.0324449 0.599722
0 0.902595 0.197823 0.0239727 0.0385918 0.598831
0 0.193776 0.0177656 0.036989 0.0354593 0.593015
0 0.667596 0.303812 0.027178 0.0451455 0.590195
0 0.046287 0.611272 0.013875 0.0253552 0.586906
0 0.134399 0.475418 0.022653 0.0368498 0.585131
0 0.343562 0.108803 0.039606 0.0776696 0.582125
0 0.376346 0.745406 0.0198428 0.0343496 0.576312
0 0.498492 0.279562 0.020265 0.0296872 0.574835
0 0.407569 0.787079 0.0195465 0.0343131 0.573734
0 0.655829 0.161683 0.0245827 0.044515 0.572051
0 0.356248 0.844844 0.0234039 0.0400516 0.571572
0 0.787115 0.680156 0.0189171 0.0333754 0.565013
0 0.987212 0.664014 0.0255756 0.048337 0.560141
0 0.819815 0.764818 0.0175255 0.0306719 0.558729
0 0.167687 0.0780411 0.0318815 0.0537536 0.557177
0 0.203576 0.542152 0.0178461 0.0274519 0.546543
0 0.880977 0.566743 0.019446 0.0312881 0.544945
0 0.153085 0.0110795 0.0182492 0.0221591 0.543336
0 0.734751 0.330683 0.0146103 0.027511 0.541267
0 0.111261 0.444259 0.0209871 0.0388928 0.540557
0 0.0584728 0.501876 0.0274424 0.0435727 0.536997
0 0.218253 0.560026 0.0192425 0.0335999 0.535125
0 0.155252 0.51184 0.0183403 0.0347558 0.534622
0 0.00464596 0.684399 0.00923734 0.0413276 0.531166
0 0.561943 0.0232526 0.02343 0.0442903 0.529116
0 0.567592 0.92795 0.0200403 0.0328552 0.522671
0 0.184292 0.688281 0.0255378 0.0516382 0.522301
0 0.0126669 0.76873 0.0247592 0.0509633 0.518337
0 0.186639 0.574097 0.0251356 0.0486053 0.512325
0 0.696841 0.248981 0.0144199 0.0279466 0.50759
0 0.955807 0.279704 0.0188004 0.0292099 0.497873
0 0.699776 0.294943 0.0232765 0.035186 0.496676
0 0.662662 0.426438 0.0199065 0.0343672 0.494226
0 0.351544 0.800854 0.0275195 0.0444858 0.494126
0 0.405521 0.825547 0.0217184 0.0351751 0.49412
0 0.676485 0.155748 0.0194499 0.041639 0.490068
0 0.638894 0.220862 0.026052 0.0511217 0.486117
0 0.769235 0.34469 0.0161917 0.0222414 0.482867
0 0.644631 0.11615 0.0193899 0.0318467 0.478936
0 0.0418518 0.64843 0.0161552 0.0274445 0.476244
0 0.454806 0.163369 0.0182989 0.0285214 0.46495
0 0.516158 0.028949 0.0167856 0.0350463 0.463241
0 0.97572 0.592883 0.0252792 0.0411222 0.459705
0 0.634756 0.176793 0.0191612 0.0326536 0.451644
0 0.804883 0.911645 0.0174747 0.025707 0.447831
0 0.711735 0.418791 0.0183289 0.0242032 0.424208
0 0.026098 0.623515 0.0182397 0.032185 0.423902
0 0.567723 0.426553 0.0253871 0.0474569 0.419328
0 0.12267 0.782109 0.0284666 0.04106 0.413685
0 0.85512 0.0135577 0.0188953 0.0271154 0.410473
0 0.852148 0.0589028 0.013335 0.0216583 0.409891
0 0.864862 0.0389549 0.0140469 0.0229215 0.408441
0 0.0470506 0.882903 0.0211235 0.0333598 0.400275
0 0.668734 0.298083 0.0301883 0.0588032 0.392916
0 0.539926 0.0644797 0.0244668 0.0253417 0.384418
0 0.332155 0.844097 0.0191195 0.0424445 0.379561
0 0.163755 0.583375 0.018001 0.0292843 0.372681
0 0.292882 0.966768 0.0217668 0.0371426 0.367626
0 0.0247195 0.922906 0.0147268 0.029067 0.364736
0 0.00783494 0.617347 0.0153878 0.0422283 0.356876
0 0.649049 0.736642 0.0169628 0.0245711 0.356592
0 0.722178 0.0891353 0.0192001 0.030748 0.355541
0 0.397915 0.758677 0.0206727 0.0366295 0.346816
0 0.205366 0.544975 0.0144636 0.0258582 0.345896
0 0.334918 0.909689 0.0220101 0.0383754 0.345751
0 0.805113 0.956887 0.016226 0.0250793 0.344101
0 0.536737 0.0373351 0.0197761 0.027491 0.342451
0 0.639621 0.227427 0.0223907 0.0430155 0.338344
0 0.918763 0.565305 0.0240501 0.0445983 0.335449
0 0.818102 0.461261 0.0280403 0.0538089 0.320901
0 0.0347076 0.685418 0.0173324 0.0342072 0.317219
0 0.874391 0.082242 0.021627 0.0332536 0.316062
0 0.868728 0.527102 0.0262253 0.0445609 0.311145
0 0.613659 0.126028 0.0255648 0.0401585 0.307741
0 0.744842 0.0288743 0.017658 0.032364 0.303434
0 0.0329697 0.83718 0.01172 0.0305613 0.298133
0 0.405208 0.780777 0.0189283 0.033688 0.29225
0 0.0770088 0.839956 0.0287226 0.0496563 0.287499
0 0.187506 0.579465 0.0224869 0.0388477 0.285126
0 0.090762 0.527174 0.0313756 0.0442598 0.284558
0 0.0526955 0.684214 0.0164495 0.0317315 0.280613
0 0.106228 0.637554 0.029447 0.0299445 0.280495
0 0.172517 0.0458902 0.0203407 0.0332081 0.27222
0 0.0523842 0.826175 0.0192865 0.0251957 0.271264
0 0.0205625 0.840936 0.0355176 0.041194 0.268094
0 0.028437 0.580006 0.0148649 0.0257219 0.266265
0 0.922477 0.172443 0.0181393 0.033083 0.266137
0 0.840891 0.931189 0.0156391 0.023664 0.263245
0 0.943252 0.946791 0.0211529 0.0362343 0.262762
0 0.00639526 0.612854 0.0127562 0.0510944 0.255129
0 0.248092 0.0331333 0.0219534 0.0424659 0.25512
0 0.563759 0.430006 0.0333931 0.0499517 0.250548
0 0.00740216 0.932535 0.0147437 0.0519423 0.249374
0 0.0193313 0.849686 0.037074 0.0642076 0.246168
0 0.277187 0.0923008 0.0287125 0.0508918 0.245631
0 0.920629 0.625292 0.0202586 0.0314289 0.244373
0 0.882351 0.172786 0.0252102 0.0461051 0.243443
0 0.00707169 0.888967 0.0138581 0.0227733 0.238759
0 0.941 0.144634 0.0211632 0.0303148 0.227776
0 0.407301 0.183869 0.0230615 0.0379964 0.225495
0 0.133771 0.0251322 0.0233078 0.0350125 0.221378
0 0.126596 0.616344 0.0234717 0.0413208 0.2194
0 0.668564 0.268487 0.0244064 0.0317801 0.215472
0 0.864258 0.879611 0.0158241 0.0255086 0.212661
0 0.681782 0.235418 0.0202021 0.0338133 0.212596
0 0.25391 0.90174 0.0246789 0.040682 0.212374
0 0.0681114 0.603279 0.0183705 0.0248606 0.210509
0 0.992323 0.618375 0.0153542 0.0369614 0.209093
0 0.852639 0.907311 0.0144497 0.0232415 0.206491
0 0.00810899 0.569145 0.0157912 0.0207714 0.205965
