0 0.939644 0.446518 0.0918222 0.0360782 0.6979
0 0.397378 0.951897 0.0505564 0.0175239 0.650669
0 0.0452934 0.938545 0.0538652 0.01816 0.649477
0 0.366931 0.980964 0.0554267 0.0171028 0.649166
0 0.357383 0.90025 0.0526366 0.0180654 0.648622
0 0.157826 0.924533 0.0501822 0.0152188 0.64817
0 0.253193 0.913856 0.0503917 0.0152076 0.640669
0 0.203566 0.875134 0.0505869 0.016592 0.636526
0 0.0903871 0.993537 0.0635021 0.0129259 0.63259
0 0.11032 0.877335 0.044542 0.0161942 0.622724
0 0.667685 0.76821 0.0499755 0.0167292 0.622116
0 0.226938 0.945177 0.0514832 0.0180138 0.61758
0 0.0368334 0.124876 0.0625716 0.0233658 0.617179
0 0.11511 0.958981 0.0467682 0.0172807 0.616368
0 0.435596 0.917243 0.0482425 0.0178602 0.613425
0 0.192174 0.974832 0.0510442 0.0169392 0.612495
0 0.288761 0.964507 0.064272 0.0190808 0.612326
0 0.565814 0.652162 0.0452641 0.0158188 0.612299
0 0.634728 0.643025 0.046161 0.0167862 0.610962
0 0.424595 0.499036 0.0493773 0.0191282 0.607374
0 0.0590605 0.789029 0.053154 0.0194855 0.606995
0 0.333718 0.136883 0.0452407 0.0131671 0.603983
0 0.574019 0.956922 0.0459884 0.0174125 0.602943
0 0.597909 0.216973 0.0562546 0.021758 0.602225
0 0.0429024 0.856414 0.0524086 0.0155754 0.596573
0 0.294377 0.463297 0.0419642 0.0162682 0.596482
0 0.325188 0.483008 0.0454082 0.015572 0.594291
0 0.529434 0.687704 0.0448147 0.0164953 0.593976
0 0.765332 0.0357527 0.0502889 0.0195661 0.591296
0 0.287211 0.883187 0.0469974 0.0148392 0.591147
0 0.215588 0.265594 0.0579091 0.0203099 0.589476
0 0.504635 0.9372 0.0471036 0.0159904 0.589451
0 0.233138 0.849324 0.047491 0.0144146 0.587941
0 0.252647 0.993216 0.0628927 0.0135672 0.586896
0 0.0361044 0.302687 0.0485758 0.0205826 0.585797
0 0.243257 0.490386 0.0476494 0.0184484 0.584567
0 0.320118 0.932747 0.0495112 0.0162834 0.582869
0 0.300197 0.859673 0.053145 0.0151893 0.582666
0 0.575225 0.83441 0.0493525 0.015764 0.580024
0 0.85256 0.0587204 0.0496672 0.0181555 0.578658
0 0.0199098 0.891551 0.0397871 0.0178999 0.577459
0 0.0330219 0.211319 0.0572188 0.0193898 0.577427
0 0.504308 0.407922 0.0430292 0.0136429 0.574053
0 0.101099 0.830619 0.0497381 0.0171657 0.57402
0 0.116614 0.188706 0.0392791 0.0170205 0.567286
0 0.581983 0.874037 0.046083 0.0156696 0.566577
0 0.482262 0.662082 0.0447937 0.0155764 0.566403
0 0.764708 0.726983 0.0488424 0.0152273 0.566226
0 0.610568 0.0893098 0.04289 0.0157475 0.564402
0 0.069751 0.906906 0.0485331 0.0134648 0.564289
0 0.737444 0.759919 0.0517676 0.0166986 0.563973
0 0.512988 0.846671 0.0430141 0.0153667 0.562737
0 0.810202 0.00961036 0.0495425 0.0170423 0.562317
0 0.127389 0.8547 0.0473143 0.0154091 0.560505
0 0.466667 0.886567 0.0427053 0.0151542 0.560013
0 0.473761 0.97092 0.0441349 0.0145206 0.557241
0 0.849345 0.775766 0.0401598 0.0140648 0.556209
0 0.466372 0.527554 0.0446193 0.0161686 0.555454
0 0.545426 0.582986 0.0369584 0.0138706 0.554786
0 0.699371 0.245824 0.0544034 0.0178867 0.553264
0 0.541017 0.51964 0.0393094 0.0133734 0.551412
0 0.536701 0.990959 0.0472136 0.0180819 0.548394
0 0.288468 0.221685 0.0444701 0.0156658 0.54333
0 0.353384 0.229714 0.0479316 0.0157322 0.541145
0 0.511069 0.558198 0.035908 0.0143869 0.539933
0 0.446749 0.854178 0.0413685 0.0146011 0.538875
0 0.274084 0.301433 0.0511833 0.0187492 0.538322
0 0.022992 0.969755 0.044053 0.0153754 0.53635
0 0.83223 0.71309 0.0431044 0.0160783 0.536106
0 0.164854 0.23162 0.0543707 0.0246335 0.535185
0 0.653011 0.620541 0.0382158 0.0134369 0.533991
0 0.166724 0.840703 0.0463676 0.0150196 0.528087
0 0.638742 0.830025 0.0428674 0.0140949 0.525614
0 0.462218 0.466109 0.0366549 0.0133605 0.524321
0 0.378529 0.263783 0.0447832 0.0157016 0.523122
0 0.751855 0.578226 0.0403216 0.0142076 0.521183
0 0.151223 0.803817 0.0514991 0.0186413 0.519704
0 0.252578 0.821011 0.0397651 0.0150208 0.519554
0 0.525144 0.25049 0.0554114 0.02331 0.519515
0 0.528984 0.0309484 0.0468438 0.0149881 0.515796
0 0.549262 0.195083 0.0484217 0.0169836 0.512507
0 0.543979 0.05887 0.0476377 0.0169074 0.511592
0 0.810956 0.120421 0.0511418 0.0207613 0.510587
0 0.782425 0.817307 0.043152 0.0147018 0.510233
0 0.702721 0.632688 0.0352865 0.0127411 0.50882
0 0.675906 0.221802 0.0475723 0.0174012 0.507705
0 0.1961 0.11957 0.0356877 0.0131442 0.506731
0 0.376819 0.86258 0.05096 0.0138821 0.506691
0 0.595835 0.549659 0.0362351 0.0139248 0.50578
0 0.651221 0.972495 0.0497779 0.0171497 0.504651
0 0.338261 0.200786 0.0434048 0.0149566 0.50459
0 0.359078 0.509525 0.0350531 0.0172621 0.500187
0 0.794958 0.685281 0.0433602 0.0154234 0.497663
0 0.350448 0.354934 0.0560916 0.0207316 0.492596
0 0.972666 0.279449 0.0536972 0.0180949 0.490559
0 0.159595 0.0331091 0.0446004 0.0177368 0.490347
0 0.406413 0.539599 0.0332477 0.0139131 0.488632
0 0.92683 0.252679 0.0494155 0.0127697 0.488304
0 0.0417607 0.819731 0.0455418 0.0173769 0.487834
0 0.646427 0.557974 0.0374874 0.012894 0.485607
0 0.186652 0.893163 0.0405964 0.0128124 0.481872
0 0.346192 0.314057 0.0451919 0.0151414 0.476593
0 0.497539 0.489786 0.0371076 0.0140639 0.475764
0 0.468169 0.284241 0.0384193 0.0155693 0.473865
0 0.252586 0.0997619 0.0406027 0.0133994 0.473812
0 0.740157 0.657929 0.035035 0.0127197 0.473487
0 0.45273 0.154604 0.0443386 0.0170236 0.470892
0 0.444944 0.56557 0.0393351 0.0148522 0.470833
0 0.955734 0.647441 0.0455881 0.0160827 0.469839
0 0.339655 0.831283 0.0429505 0.017202 0.466623
0 0.786176 0.310952 0.0452538 0.0158201 0.460005
0 0.592693 0.171455 0.0456855 0.0166214 0.459865
0 0.115248 0.285301 0.0540074 0.0194526 0.457456
0 0.824617 0.200456 0.0521127 0.0156686 0.455297
0 0.869779 0.225301 0.0448119 0.0182513 0.454794
0 0.924816 0.0802192 0.0558402 0.0173376 0.449267
0 0.897032 0.0340205 0.0477401 0.0154674 0.446871
0 0.228141 0.792171 0.0468625 0.0153168 0.446474
0 0.516235 0.620548 0.0384769 0.0129229 0.444664
0 0.317502 0.788154 0.0507518 0.0151684 0.440764
0 0.120829 0.483395 0.0563779 0.0228611 0.438047
0 0.974363 0.717478 0.0452574 0.0155466 0.435553
0 0.606888 0.679136 0.0421558 0.0178072 0.433118
0 0.78755 0.60067 0.0459617 0.0141929 0.433009
0 0.57196 0.712631 0.0391956 0.0151836 0.431332
0 0.667361 0.671889 0.0413505 0.0155592 0.431216
0 0.408359 0.206166 0.0460037 0.0143299 0.42942
0 0.470362 0.256078 0.0400141 0.0133752 0.428424
0 0.193388 0.767583 0.0398518 0.0164597 0.428389
0 0.750166 0.882504 0.0456876 0.0185655 0.42563
0 0.23143 0.0721995 0.0463966 0.0128645 0.423748
0 0.58607 0.460672 0.0486577 0.0165615 0.421316
0 0.737027 0.0762419 0.0432884 0.0144437 0.420477
0 0.0217276 0.362231 0.0417975 0.0164422 0.418842
0 0.714721 0.697353 0.0382109 0.0134329 0.418834
0 0.882823 0.117526 0.0620572 0.0244237 0.4141
0 0.143542 0.614338 0.0486755 0.0177231 0.406857
0 0.700128 0.414632 0.0483407 0.0140275 0.402824
0 0.0799388 0.156803 0.0542508 0.017867 0.401641
0 0.539293 0.906126 0.049641 0.0160208 0.397558
0 0.3077 0.252056 0.0389317 0.0151054 0.393955
0 0.394693 0.145608 0.0441086 0.0138802 0.392503
0 0.773604 0.849339 0.0410895 0.0167415 0.391214
0 0.101913 0.0535562 0.0410943 0.0138589 0.390786
0 0.317394 0.333846 0.0414497 0.0133284 0.389765
0 0.931033 0.767647 0.0370143 0.0128585 0.389279
0 0.726739 0.441051 0.0512761 0.0205488 0.387687
0 0.171482 0.324415 0.0531471 0.0195762 0.38562
0 0.420122 0.356389 0.0548482 0.0240178 0.381358
0 0.953513 0.351516 0.0513237 0.0158603 0.381184
0 0.160669 0.46579 0.0706213 0.0293111 0.378253
0 0.896868 0.557987 0.0430079 0.0173574 0.373955
0 0.427235 0.276202 0.0393538 0.0139055 0.373104
0 0.52964 0.767132 0.0383194 0.0113382 0.372215
0 0.0180056 0.0967698 0.0360112 0.0158625 0.37155
0 0.640742 0.325035 0.0500123 0.0170822 0.370112
0 0.420615 0.435418 0.0464793 0.0165441 0.365562
0 0.300242 0.724876 0.0477294 0.0167701 0.363482
0 0.291157 0.82504 0.0363721 0.0116566 0.363054
0 0.350931 0.442162 0.0523305 0.0193197 0.362217
0 0.747344 0.272974 0.0380079 0.0151564 0.361868
0 0.283287 0.0509291 0.0482964 0.016063 0.361104
0 0.936227 0.208626 0.0480499 0.0153925 0.353787
0 0.535507 0.21595 0.0332299 0.0127561 0.353356
0 0.367001 0.718796 0.0415291 0.0162207 0.351045
0 0.0140492 0.515773 0.0280984 0.0187884 0.345603
0 0.429998 0.319475 0.0333034 0.0137525 0.340973
0 0.333404 0.690267 0.040566 0.0142671 0.335711
0 0.204966 0.452866 0.0369124 0.0167365 0.333555
0 0.322775 0.285031 0.045286 0.0158576 0.333296
0 0.404717 0.600109 0.0434279 0.015003 0.331297
0 0.23092 0.355432 0.0627349 0.0242592 0.324108
0 0.686448 0.355507 0.0469277 0.0165877 0.323985
0 0.580079 0.809184 0.0467043 0.0200762 0.322699
0 0.690952 0.0143304 0.0542067 0.0211692 0.321365
0 0.877719 0.590259 0.0476726 0.0172195 0.319878
0 0.898345 0.615987 0.0466184 0.0139772 0.31756
0 0.380716 0.385955 0.0596212 0.0214702 0.317333
0 0.220887 0.0420628 0.0417039 0.0136785 0.313279
0 0.122773 0.440691 0.052027 0.0215784 0.310638
0 0.268677 0.761739 0.0519664 0.0202364 0.308927
0 0.0160414 0.181203 0.0320829 0.0180727 0.30761
0 0.502712 0.801589 0.0416638 0.0137571 0.307541
0 0.639096 0.186813 0.0487306 0.0206127 0.307467
0 0.697276 0.733456 0.0403591 0.0138448 0.304499
0 0.554907 0.435564 0.0449625 0.0168409 0.297686
0 0.444475 0.629922 0.0391125 0.0161371 0.29346
0 0.0890407 0.342673 0.0567618 0.0193067 0.292149
0 0.734627 0.615855 0.0442615 0.0173485 0.291876
0 0.488875 0.217778 0.0377954 0.0111665 0.286993
0 0.530513 0.283104 0.0753037 0.0269168 0.283134
0 0.261534 0.129147 0.036834 0.0117851 0.281554
0 0.658987 0.453745 0.0462414 0.0167009 0.280071
0 0.683584 0.095314 0.0499896 0.0167095 0.279782
0 0.540028 0.120929 0.0487134 0.0201159 0.277942
0 0.516712 0.705858 0.039509 0.0117526 0.275426
0 0.632272 0.25317 0.0508329 0.0160759 0.272324
0 0.667884 0.517663 0.0598658 0.0244121 0.271654
0 0.311481 0.806047 0.0620531 0.0238806 0.263292
0 0.528196 0.166314 0.0449676 0.0163817 0.257897
0 0.276679 0.15717 0.0462015 0.016861 0.254242
0 0.431228 0.241216 0.0381481 0.0134176 0.25167
0 0.251755 0.0116691 0.0555187 0.0198327 0.250041
0 0.468388 0.776013 0.040368 0.0147888 0.244325
0 0.783305 0.0599443 0.0425325 0.0112585 0.243799
0 0.480181 0.591576 0.0465224 0.0150341 0.242904
0 0.869224 0.10032 0.0486506 0.018133 0.24201
0 0.879412 0.113735 0.0656279 0.030678 0.240122
0 0.781109 0.535048 0.0419074 0.0164984 0.239642
0 0.405637 0.685316 0.049875 0.0195949 0.239476
0 0.437075 0.416646 0.0456391 0.015607 0.235706
0 0.208381 0.147488 0.0376084 0.0138699 0.23136
0 0.712949 0.287899 0.0494917 0.0171395 0.230127
0 0.736766 0.154993 0.063823 0.0338385 0.228675
0 0.755378 0.108609 0.0363963 0.0115792 0.226992
0 0.51364 0.0027752 0.0360717 0.00540188 0.223637
0 0.820577 0.338428 0.048358 0.0166586 0.220283
0 0.183939 0.0908569 0.035148 0.0116039 0.22018
0 0.985692 0.236969 0.0281929 0.0129255 0.21881
0 0.581018 0.0114773 0.0516336 0.0163164 0.217145
0 0.523878 0.283646 0.0584375 0.0232932 0.212644
0 0.296836 0.0833656 0.0374524 0.0122781 0.212265
0 0.0135573 0.762078 0.0262178 0.0254801 0.209916
0 0.038524 0.721199 0.0513005 0.0204262 0.20861
0 0.702256 0.824497 0.0393423 0.013406 0.200399
