0 0.251163 0.326834 0.0295959 0.0558076 0.710588
0 0.606853 0.161934 0.0237122 0.0471555 0.706625
0 0.54548 0.550452 0.0297619 0.045204 0.697285
0 0.594844 0.368366 0.032891 0.0479687 0.691884
0 0.597612 0.217762 0.023593 0.0386567 0.687187
0 0.701936 0.27972 0.020512 0.0384475 0.681202
0 0.260744 0.548002 0.0290779 0.0533531 0.671531
0 0.633825 0.0938993 0.0200485 0.0342212 0.662747
0 0.358572 0.149407 0.0165263 0.0335023 0.654546
0 0.613848 0.115381 0.0233555 0.0367893 0.65181
0 0.696379 0.117181 0.0269161 0.0469393 0.651407
0 0.920587 0.49449 0.0189075 0.0356058 0.651174
0 0.804213 0.846929 0.0196835 0.032512 0.651053
0 0.280556 0.307784 0.0216781 0.0365152 0.650192
0 0.63293 0.64512 0.01985 0.033464 0.649963
0 0.598491 0.297606 0.0243263 0.0364614 0.646702
0 0.53639 0.119203 0.0156151 0.0220319 0.636208
0 0.0243677 0.864412 0.0139821 0.0219231 0.634803
0 0.117728 0.0175658 0.0215773 0.033758 0.6345
0 0.607441 0.254224 0.0184419 0.0274849 0.633587
0 0.646507 0.157182 0.016229 0.0306732 0.633279
0 0.577328 0.789639 0.0141687 0.0287323 0.630365
0 0.683397 0.298842 0.0184587 0.0361706 0.626271
0 0.952318 0.45945 0.0197117 0.0358663 0.625491
0 0.271028 0.458241 0.0191093 0.0382584 0.616788
0 0.986714 0.0801145 0.0265711 0.0616925 0.615494
0 0.73139 0.231011 0.0219677 0.0378611 0.614861
0 0.63433 0.27166 0.0210201 0.0296885 0.614762
0 0.630383 0.145169 0.0130122 0.0214859 0.613503
0 0.0117683 0.963991 0.0166451 0.0279842 0.613049
0 0.00658283 0.855694 0.0131657 0.0206295 0.611678
0 0.0115424 0.883688 0.0156176 0.0240865 0.610403
0 0.485298 0.121403 0.0136556 0.0244104 0.608593
0 0.962089 0.716892 0.0145969 0.0288883 0.608368
0 0.523085 0.147248 0.0174934 0.0242816 0.608217
0 0.674278 0.70034 0.0214334 0.0390065 0.606506
0 0.592863 0.793806 0.0119142 0.0206223 0.605553
0 0.882128 0.765622 0.0184849 0.0297947 0.605421
0 0.281196 0.49816 0.0156521 0.0275982 0.60479
0 0.64324 0.981472 0.0299814 0.0355652 0.604469
0 0.157226 0.0411318 0.0316949 0.0409513 0.60307
0 0.979433 0.525935 0.0146389 0.0238502 0.600998
0 0.512457 0.177503 0.0163071 0.0236816 0.597846
0 0.991571 0.628737 0.0149242 0.0223545 0.596208
0 0.973431 0.616434 0.01502 0.0222685 0.591818
0 0.5815 0.435535 0.018689 0.0290939 0.591523
0 0.765603 0.833279 0.0236317 0.0438863 0.590393
0 0.360109 0.986407 0.0168476 0.0253585 0.589048
0 0.223727 0.459841 0.0177689 0.0313338 0.588644
0 0.988325 0.592282 0.0150009 0.0245567 0.58723
0 0.317049 0.916609 0.0162214 0.0245292 0.586949
0 0.978488 0.650346 0.0139343 0.0245928 0.586838
0 0.488087 0.298621 0.0162567 0.0237167 0.585511
0 0.011245 0.802281 0.013678 0.0193112 0.584891
0 0.00440496 0.771837 0.00880991 0.0211005 0.584838
0 0.912704 0.920753 0.0209589 0.0330583 0.582333
0 0.2409 0.441575 0.0184691 0.0318108 0.581788
0 0.64867 0.807298 0.0125692 0.0222392 0.581546
0 0.608754 0.070808 0.0193935 0.0359814 0.581388
0 0.375095 0.0484448 0.0171234 0.0283136 0.580975
0 0.985096 0.560907 0.0152607 0.0221775 0.579038
0 0.594219 0.580694 0.0157866 0.0338277 0.578765
0 0.660193 0.782598 0.0125753 0.0207855 0.578486
0 0.260292 0.379123 0.0203906 0.035507 0.578185
0 0.702856 0.968068 0.0134167 0.0257039 0.577709
0 0.6843 0.962566 0.0141101 0.0229902 0.575795
0 0.60397 0.913527 0.0128397 0.0212524 0.573874
0 0.621843 0.916912 0.0131111 0.0211507 0.571269
0 0.969505 0.58337 0.0140274 0.0203784 0.571007
0 0.557285 0.769107 0.0215485 0.0275231 0.570495
0 0.262813 0.4138 0.0198366 0.0327028 0.569987
0 0.0187094 0.914998 0.0148944 0.025325 0.569356
0 0.640101 0.921262 0.0132642 0.0189187 0.569267
0 0.959502 0.64045 0.0148664 0.0230157 0.56836
0 0.59976 0.0299091 0.0146225 0.0209344 0.568329
0 0.423877 0.329673 0.0153887 0.0237321 0.56823
0 0.657002 0.839441 0.0132008 0.0225793 0.567292
0 0.672122 0.987881 0.0134547 0.0230993 0.566941
0 0.577396 0.875609 0.0132767 0.0210114 0.565991
0 0.663867 0.870965 0.0130556 0.0222897 0.565331
0 0.486635 0.237135 0.017544 0.0223164 0.564089
0 0.612211 0.797932 0.0116496 0.0218211 0.56396
0 0.929325 0.26276 0.0163532 0.0256106 0.56277
0 0.634336 0.890886 0.0136835 0.0211466 0.561652
0 0.667702 0.813731 0.0113578 0.0204268 0.561533
0 0.548977 0.0914034 0.0162458 0.0238268 0.560508
0 0.353433 0.0584263 0.0195721 0.0326053 0.560328
0 0.6587 0.927369 0.0125828 0.0212799 0.56028
0 0.635274 0.744015 0.0124332 0.0204946 0.55941
0 0.0108596 0.721408 0.0134316 0.0187722 0.559049
0 0.580386 0.965603 0.0129452 0.0200646 0.558911
0 0.26877 0.981147 0.0162789 0.0262724 0.558353
0 0.940411 0.726393 0.018541 0.0359375 0.55772
0 0.954463 0.607598 0.011808 0.0200672 0.557144
0 0.314516 0.328531 0.0150685 0.027035 0.557103
0 0.97964 0.705348 0.0249031 0.0554413 0.556216
0 0.0394379 0.243324 0.0131612 0.0200348 0.555355
0 0.0342789 0.331173 0.0138726 0.0206313 0.555018
0 0.965522 0.547881 0.0125854 0.0194307 0.554845
0 0.640649 0.238301 0.0166428 0.0288216 0.554586
0 0.56335 0.0593917 0.0132001 0.0212014 0.554474
0 0.582579 0.819569 0.0118614 0.0200492 0.553046
0 0.645293 0.864321 0.0143996 0.0179467 0.55272
0 0.695655 0.685256 0.0214527 0.0363739 0.55209
0 0.0178264 0.83261 0.0141822 0.0214288 0.551508
0 0.901167 0.591961 0.0328278 0.0643668 0.549841
0 0.0470407 0.871536 0.01347 0.0214634 0.54977
0 0.963488 0.673535 0.0135338 0.0229872 0.548857
0 0.510409 0.0595252 0.0140914 0.0239696 0.548757
0 0.39717 0.330188 0.0165782 0.0275345 0.548463
0 0.64219 0.775873 0.0128268 0.020176 0.54816
0 0.817468 0.204815 0.0162979 0.0277096 0.547743
0 0.601387 0.824716 0.0136156 0.0203861 0.546915
0 0.59197 0.93842 0.0107412 0.0197689 0.546682
0 0.332277 0.939671 0.0164223 0.0248619 0.546475
0 0.599083 0.969591 0.0135799 0.0181968 0.546235
0 0.382305 0.363153 0.0161118 0.0253264 0.545977
0 0.522205 0.0296218 0.0130955 0.022971 0.545489
0 0.410629 0.358311 0.0142035 0.0224513 0.544393
0 0.473306 0.208051 0.0142557 0.022662 0.542377
0 0.584415 0.907566 0.0128825 0.0181708 0.541853
0 0.626802 0.859173 0.0133022 0.0212663 0.541407
0 0.46168 0.239244 0.0135538 0.0251903 0.541143
0 0.04678 0.79242 0.012628 0.0198497 0.541021
0 0.63797 0.833706 0.0132509 0.0207421 0.540576
0 0.604477 0.766068 0.0143026 0.0176778 0.539614
0 0.898564 0.728297 0.021064 0.0375061 0.539537
0 0.410174 0.236747 0.0140558 0.0226531 0.539248
0 0.0330014 0.812124 0.0135909 0.0178396 0.538728
0 0.283911 0.528129 0.0156736 0.0274549 0.538477
0 0.153788 0.128404 0.0123529 0.018542 0.538249
0 0.674858 0.842583 0.0126197 0.018083 0.538134
0 0.574317 0.087004 0.0162655 0.0206805 0.538042
0 0.0618804 0.853521 0.0134481 0.0187191 0.537867
0 0.606758 0.854991 0.0131463 0.0185115 0.5368
0 0.422506 0.789835 0.0139064 0.0214634 0.536798
0 0.0385167 0.842598 0.0129177 0.0185295 0.536618
0 0.346212 0.962393 0.0137531 0.0211507 0.535851
0 0.596405 0.881932 0.0124146 0.0192491 0.534892
0 0.99173 0.388141 0.0165409 0.0286945 0.533575
0 0.616046 0.975135 0.0131155 0.0191863 0.533006
0 0.74442 0.85885 0.0274967 0.0549923 0.532921
0 0.652563 0.895315 0.0137638 0.0187391 0.53291
0 0.0334867 0.893403 0.013242 0.0210507 0.532894
0 0.47417 0.26892 0.0147257 0.0208433 0.532617
0 0.574429 0.932661 0.0118219 0.018976 0.532289
0 0.535406 0.178161 0.0147988 0.0219624 0.531644
0 0.00947 0.0875338 0.0121011 0.0187068 0.531531
0 0.447704 0.149896 0.0142595 0.0256282 0.530898
0 0.628716 0.946848 0.0118388 0.0202593 0.530372
0 0.665228 0.95921 0.0139406 0.0171899 0.530139
0 0.449 0.266731 0.0146109 0.0196831 0.530067
0 0.474163 0.148304 0.0154816 0.0211289 0.529211
0 0.502484 0.926658 0.0150845 0.0216465 0.528471
0 0.620075 0.829632 0.0129698 0.0198798 0.526879
0 0.485539 0.176414 0.0152842 0.0235058 0.52686
0 0.0908348 0.297574 0.0113542 0.0179003 0.526363
0 0.45978 0.176514 0.0126677 0.0204835 0.525828
0 0.422811 0.208482 0.0127324 0.0227336 0.524633
0 0.321 0.969631 0.014617 0.0214206 0.524555
0 0.395655 0.212135 0.0142221 0.0216508 0.52422
0 0.548763 0.145958 0.0160411 0.0188937 0.522763
0 0.623506 0.771568 0.0118067 0.0210921 0.521061
0 0.177398 0.135339 0.0118258 0.0195823 0.52048
0 0.810745 0.241695 0.0172339 0.0287848 0.519925
0 0.550307 0.846637 0.0151638 0.0222241 0.517813
0 0.476382 0.328932 0.0142622 0.022515 0.514976
0 0.573859 0.0323071 0.0165299 0.020393 0.514905
0 0.453265 0.388331 0.0134632 0.0228872 0.511229
0 0.568198 0.991022 0.0148241 0.0169074 0.510721
0 0.409455 0.300481 0.0141031 0.0203273 0.509984
0 0.370984 0.903239 0.0133386 0.0211032 0.509574
0 0.522452 0.0886451 0.0147614 0.0247081 0.509462
0 0.103662 0.0730845 0.0119647 0.0184544 0.508669
0 0.563422 0.729967 0.0149483 0.0192735 0.508338
0 0.629593 0.803056 0.0112025 0.0176401 0.506588
0 0.39614 0.849107 0.0152586 0.0225803 0.506539
0 0.574477 0.700443 0.0145795 0.0216782 0.505661
0 0.46465 0.354634 0.013061 0.0198915 0.505626
0 0.52652 0.323745 0.0143897 0.0216159 0.505136
0 0.677417 0.931271 0.0130365 0.0179972 0.503927
0 0.696778 0.936611 0.0135949 0.0195384 0.503925
0 0.0844006 0.388922 0.011897 0.0184972 0.503259
0 0.501174 0.724393 0.0135254 0.0199158 0.502835
0 0.522113 0.863099 0.0125294 0.0245313 0.502827
0 0.589021 0.0585455 0.0144402 0.0204782 0.502564
0 0.128212 0.324859 0.0123211 0.0180857 0.501885
0 0.385887 0.927352 0.0133088 0.0204261 0.501786
0 0.384347 0.876145 0.0151178 0.020995 0.501752
0 0.517406 0.411324 0.0130085 0.0215865 0.50175
0 0.438085 0.294103 0.0161314 0.0204401 0.501407
0 0.478233 0.386219 0.012985 0.0211821 0.500513
0 0.292072 0.920512 0.0143928 0.0208284 0.499836
0 0.682431 0.876119 0.0136922 0.0158807 0.499622
0 0.615086 0.884588 0.0130793 0.0189857 0.499264
0 0.707911 0.909492 0.0121593 0.0192023 0.498845
0 0.305977 0.945654 0.0160742 0.02175 0.496788
0 0.647444 0.951728 0.0123231 0.0168634 0.496606
0 0.398929 0.901047 0.0137451 0.0190578 0.495217
0 0.053443 0.823566 0.0127629 0.018001 0.495209
0 0.448278 0.207646 0.0134065 0.0220094 0.494962
0 0.127688 0.287002 0.0118563 0.0183873 0.493711
0 0.0961961 0.210141 0.0111295 0.0170536 0.49299
0 0.790406 0.0474503 0.0235414 0.044944 0.492607
0 0.501023 0.26483 0.0130074 0.0179233 0.492595
0 0.101691 0.121658 0.0132828 0.0175266 0.492532
0 0.104228 0.522506 0.0123869 0.0197613 0.492292
0 0.473078 0.0901529 0.0131247 0.020354 0.491785
0 0.794477 0.188269 0.0125973 0.0233226 0.491414
0 0.302084 0.894785 0.0159381 0.0252404 0.490729
0 0.396539 0.271221 0.0146034 0.0203485 0.490642
0 0.524149 0.204739 0.0152525 0.01941 0.490582
0 0.989052 0.302368 0.0180645 0.0261413 0.490325
0 0.741758 0.0585049 0.0150833 0.0265262 0.490312
0 0.00511172 0.4135 0.0102234 0.0179101 0.488793
0 0.54853 0.0278228 0.0135951 0.0215755 0.488295
0 0.610875 0.943739 0.0111208 0.0164968 0.487873
0 0.335309 0.990542 0.0168109 0.018344 0.487702
0 0.39516 0.793651 0.0138043 0.0211277 0.486568
0 0.423084 0.265536 0.0131559 0.0240623 0.485795
0 0.551244 0.263348 0.0113621 0.0180446 0.484997
0 0.0399261 0.762632 0.0127721 0.0188327 0.484975
0 0.43546 0.23817 0.0150557 0.0194479 0.484952
0 0.960962 0.517654 0.0122509 0.0216456 0.484646
0 0.71537 0.941042 0.0138603 0.0179761 0.484549
0 0.589625 0.850665 0.012948 0.0181268 0.484382
0 0.512145 0.236467 0.0166412 0.0187487 0.48405
0 0.409336 0.818171 0.0147245 0.0188293 0.483352
0 0.485968 0.0574289 0.0126946 0.0197166 0.48275
0 0.162234 0.397392 0.0127704 0.0203629 0.482146
0 0.437851 0.816312 0.0128243 0.0227658 0.481825
0 0.514523 0.896266 0.0154707 0.0235469 0.480755
0 0.380753 0.303428 0.0157078 0.0233372 0.480231
0 0.961871 0.926967 0.0190067 0.0343733 0.480058
0 0.605631 0.722283 0.0119616 0.0213701 0.478178
0 0.0710547 0.159808 0.0115623 0.0183791 0.476659
0 0.49665 0.14952 0.01319 0.0200249 0.476634
0 0.803391 0.00916346 0.0219271 0.0180456 0.475847
0 0.496991 0.207227 0.0131809 0.0190653 0.475663
0 0.0339067 0.132639 0.0117596 0.017287 0.475655
0 0.870048 0.216379 0.0148847 0.0227685 0.472765
0 0.57581 0.404569 0.0236658 0.0296521 0.47162
0 0.766118 0.881799 0.0180294 0.0330062 0.470798
0 0.158034 0.28593 0.0124522 0.0161271 0.470516
0 0.505363 0.447451 0.0134026 0.0188738 0.470325
0 0.204487 0.385757 0.0119972 0.0173447 0.470305
0 0.539175 0.605259 0.0284366 0.0403112 0.470166
0 0.401722 0.953137 0.0136529 0.019521 0.469285
0 0.0105584 0.281645 0.012394 0.0196685 0.468964
0 0.46525 0.415654 0.0155508 0.0233459 0.468885
0 0.461554 0.301058 0.0133711 0.020159 0.46867
0 0.473343 0.728101 0.0136061 0.0211277 0.466652
0 0.82892 0.232536 0.0127438 0.0191063 0.466564
0 0.510383 0.114717 0.0122488 0.0189269 0.466363
0 0.470403 0.672125 0.0145083 0.0206414 0.465672
0 0.782378 0.870648 0.0194825 0.0387967 0.464413
0 0.50184 0.326964 0.0136961 0.0215068 0.464258
0 0.0227653 0.308095 0.0114423 0.0188008 0.463816
0 0.0879801 0.141548 0.0109506 0.0199735 0.463278
0 0.096082 0.453172 0.0117118 0.0176836 0.463224
0 0.495701 0.876851 0.0120308 0.0209484 0.462125
0 0.4788 0.444597 0.0142632 0.0190011 0.461813
0 0.156765 0.0856199 0.0108915 0.017597 0.461637
0 0.55788 0.290959 0.0120648 0.0172 0.459785
0 0.67096 0.900549 0.0122414 0.0178381 0.459024
0 0.039808 0.487255 0.011795 0.0209557 0.458892
0 0.00465692 0.176152 0.00931385 0.0180934 0.458736
0 0.0247536 0.0662989 0.0115583 0.0187345 0.458437
0 0.495152 0.473521 0.0135618 0.0216109 0.458394
0 0.689504 0.906949 0.0135389 0.0182654 0.456461
0 0.0289483 0.220465 0.0106976 0.0174143 0.456239
0 0.0527135 0.51185 0.0121283 0.018719 0.456204
0 0.536652 0.232128 0.0132761 0.0167159 0.455836
0 0.399281 0.387323 0.0147891 0.0237703 0.455335
0 0.110409 0.432239 0.0107319 0.0181598 0.455247
0 0.0289722 0.421359 0.0111775 0.0175369 0.453535
0 0.532925 0.829329 0.0144806 0.0249408 0.453271
0 0.945718 0.420787 0.0161612 0.025965 0.452947
0 0.440534 0.868951 0.0127993 0.0192223 0.451702
0 0.727201 0.312304 0.0165123 0.0266588 0.451235
0 0.134065 0.480033 0.0119907 0.0177666 0.450832
0 0.85804 0.788364 0.0198629 0.0344599 0.45072
0 0.557425 0.815889 0.0136518 0.0199602 0.450659
0 0.439043 0.358067 0.0139871 0.0180739 0.450544
0 0.163463 0.198619 0.0118442 0.0166356 0.450352
0 0.196381 0.316043 0.0117554 0.0171943 0.450026
0 0.563518 0.176092 0.0138325 0.0196169 0.447074
0 0.471654 0.0338692 0.0155262 0.0207877 0.446723
0 0.451431 0.326899 0.0142038 0.0198452 0.446576
0 0.0557427 0.714468 0.0135602 0.023501 0.446468
0 0.310683 0.808094 0.0139622 0.0205063 0.445982
0 0.100173 0.368428 0.0116413 0.0161306 0.445699
0 0.0225902 0.0279514 0.011704 0.017487 0.445345
0 0.120647 0.50076 0.0130218 0.0171512 0.44492
0 0.120122 0.258333 0.010758 0.0181334 0.443621
0 0.036914 0.289849 0.0121139 0.0168585 0.443063
0 0.0302515 0.175806 0.0126128 0.0190629 0.442339
0 0.428793 0.652206 0.0142302 0.0201069 0.441587
0 0.484203 0.697196 0.0137074 0.020282 0.440677
0 0.084373 0.345289 0.0132144 0.0160497 0.440155
0 0.367304 0.798705 0.0134977 0.022167 0.43992
0 0.0438897 0.200327 0.012084 0.0175754 0.439797
0 0.210144 0.294078 0.0113092 0.0187046 0.438257
0 0.379697 0.243238 0.0153015 0.0282978 0.437533
0 0.233718 0.290853 0.0129204 0.0232166 0.437278
0 0.381235 0.825439 0.0131514 0.0212419 0.437171
0 0.0517729 0.268787 0.0121224 0.0163186 0.436509
0 0.4949 0.613563 0.0130301 0.0209223 0.436459
0 0.0649392 0.0457512 0.0140667 0.0181577 0.436336
0 0.539657 0.294805 0.0130275 0.0176705 0.435185
0 0.70012 0.879215 0.0130056 0.0147993 0.43319
0 0.66859 0.282867 0.0223843 0.0350787 0.43308
0 0.388596 0.686029 0.0142981 0.0213026 0.432841
0 0.996092 0.538492 0.00781536 0.0226872 0.432504
0 0.0166132 0.752492 0.0113209 0.0190716 0.432428
0 0.21797 0.0185804 0.0261864 0.0371608 0.431754
0 0.461347 0.119764 0.0119598 0.0210099 0.430934
0 0.995897 0.660415 0.00820694 0.0209338 0.43086
0 0.164053 0.0109171 0.0145471 0.0190167 0.43068
0 0.367546 0.273709 0.0155663 0.0279699 0.430167
0 0.425137 0.598075 0.0150833 0.0245051 0.428089
0 0.167902 0.110382 0.0104923 0.0174265 0.427746
0 0.0359628 0.0901457 0.0155671 0.016635 0.42744
0 0.975934 0.441486 0.0173195 0.0343792 0.426886
0 0.927014 0.705378 0.0205818 0.0404924 0.425979
0 0.113375 0.303832 0.010419 0.0179973 0.425947
0 0.99473 0.350271 0.01054 0.0260478 0.425279
0 0.140334 0.347986 0.0117162 0.016796 0.425149
0 0.515915 0.354304 0.012876 0.0227803 0.424908
0 0.080579 0.230191 0.0119138 0.0156926 0.424586
0 0.376421 0.716253 0.012744 0.023744 0.424422
0 0.890328 0.233558 0.0137615 0.0188797 0.42362
0 0.56099 0.115155 0.0118261 0.0206002 0.4221
0 0.369209 0.851291 0.0139014 0.0224148 0.421899
0 0.152405 0.37605 0.0108396 0.0176064 0.421061
0 0.0338799 0.376081 0.0114475 0.0160697 0.420428
0 0.0679765 0.690374 0.0134967 0.0199643 0.420144
0 0.130319 0.080954 0.0113169 0.018113 0.419254
0 0.121914 0.457618 0.0111577 0.0192291 0.418853
0 0.42021 0.735899 0.0125119 0.0206783 0.418641
0 0.109969 0.189169 0.0111178 0.0172769 0.418592
0 0.951219 0.27232 0.0158413 0.0232269 0.418361
0 0.52581 0.263126 0.0105507 0.0194885 0.418148
0 0.114982 0.348145 0.0112882 0.0167321 0.41805
0 0.0488025 0.355149 0.0100397 0.0174246 0.416821
0 0.115783 0.100309 0.011387 0.017386 0.416376
0 0.00936671 0.326166 0.0112378 0.0163363 0.416107
0 0.406787 0.764573 0.0138213 0.0244537 0.416023
0 0.834329 0.18994 0.01318 0.0219709 0.415725
0 0.461414 0.755729 0.0147985 0.0196337 0.415066
0 0.104709 0.278019 0.0115422 0.0166755 0.415055
0 0.358286 0.931862 0.0139248 0.0203145 0.414173
0 0.877378 0.185009 0.015428 0.023176 0.412367
0 0.670096 0.0128405 0.0228789 0.025597 0.412139
0 0.138448 0.149285 0.010942 0.017503 0.409814
0 0.366671 0.333413 0.0153308 0.0206518 0.409781
0 0.54936 0.201697 0.0133141 0.0171422 0.407965
0 0.930547 0.608322 0.0152559 0.0253089 0.407052
0 0.464348 0.811512 0.0133404 0.018021 0.40535
0 0.251541 0.158124 0.0188514 0.0263395 0.404805
0 0.0413089 0.0456065 0.0114956 0.0175567 0.404572
0 0.428831 0.950337 0.0124916 0.0188561 0.404522
0 0.539857 0.352048 0.0140895 0.0223391 0.404215
0 0.515957 0.810248 0.0133224 0.0250332 0.403952
0 0.413641 0.627026 0.015287 0.0219035 0.40389
0 0.191616 0.402478 0.0106689 0.017337 0.403872
0 0.165148 0.156275 0.0119634 0.0164258 0.40242
0 0.0766292 0.0773597 0.0113858 0.01776 0.400026
0 0.176772 0.423642 0.0122483 0.0163518 0.399404
0 0.616569 0.739438 0.0114251 0.0148373 0.398801
0 0.0326464 0.732229 0.011969 0.0186184 0.398152
0 0.337706 0.803243 0.0147019 0.0216119 0.39807
0 0.404745 0.709986 0.0134621 0.0244066 0.397153
0 0.530876 0.912494 0.0154623 0.0258257 0.396965
0 0.325614 0.83334 0.0139778 0.0204597 0.396286
0 0.489429 0.35458 0.0126131 0.017396 0.396265
0 0.203467 0.192627 0.0186224 0.036462 0.396078
0 0.0571303 0.179552 0.0113275 0.0166368 0.394871
0 0.42751 0.897866 0.0125904 0.0169888 0.393403
0 0.0610587 0.772317 0.0113624 0.0186432 0.393156
0 0.0593435 0.134952 0.0117427 0.0160552 0.393142
0 0.498313 0.0900299 0.0126823 0.0197804 0.392511
0 0.295894 0.675866 0.0183304 0.0515966 0.392507
0 0.489411 0.960733 0.0141403 0.0209183 0.390625
0 0.107153 0.47744 0.0101166 0.018049 0.390296
0 0.322798 0.78206 0.014608 0.0241028 0.390225
0 0.980497 0.363339 0.0158895 0.0231681 0.389971
0 0.411854 0.873065 0.0128236 0.0221542 0.389646
0 0.513746 0.749398 0.0124207 0.0207449 0.386957
0 0.373308 0.957007 0.0127696 0.0162832 0.385779
0 0.497213 0.0299199 0.011648 0.0208715 0.384666
0 0.452527 0.841393 0.012018 0.0217261 0.384036
0 0.135041 0.239239 0.0108619 0.0162368 0.383976
0 0.559301 0.679703 0.0129865 0.0202913 0.38387
0 0.88334 0.701226 0.0249783 0.0442474 0.38382
0 0.458931 0.0589698 0.0128458 0.0186462 0.383761
0 0.850509 0.200923 0.0162556 0.0206942 0.382646
0 0.654086 0.748646 0.0106001 0.0168576 0.382472
0 0.425986 0.38982 0.0135504 0.0202367 0.381734
0 0.425831 0.845738 0.0139184 0.0188226 0.381056
0 0.0570509 0.379444 0.011768 0.016607 0.379131
0 0.353407 0.827085 0.0133213 0.0204772 0.377887
0 0.0745638 0.113252 0.0112544 0.0183262 0.37785
0 0.0842497 0.186323 0.0109473 0.0157232 0.3769
0 0.0252072 0.782547 0.0110654 0.0189397 0.376475
0 0.895967 0.202481 0.0158169 0.0238892 0.376285
0 0.675501 0.242236 0.0260092 0.0336557 0.376072
0 0.0691701 0.201761 0.00969541 0.0197647 0.375768
0 0.442554 0.991626 0.0143047 0.0152662 0.375751
0 0.0199351 0.99324 0.0187826 0.0125277 0.374965
0 0.545787 0.712088 0.0111128 0.0192049 0.374519
0 0.422096 0.151314 0.0126637 0.0225097 0.374308
0 0.542833 0.797294 0.0142614 0.0210351 0.373849
0 0.127205 0.123838 0.0126641 0.0148595 0.373337
0 0.154007 0.331089 0.0102135 0.0153488 0.372145
0 0.0767755 0.833722 0.0138032 0.0190049 0.371668
0 0.693572 0.8503 0.0109261 0.0182648 0.371141
0 0.97664 0.493268 0.0136826 0.0213774 0.370832
0 0.0153562 0.240203 0.0122467 0.0164485 0.370819
0 0.456223 0.646902 0.0123487 0.0192899 0.367703
0 0.0262083 0.263186 0.0123434 0.0174681 0.366737
0 0.838866 0.160947 0.0152302 0.0210073 0.366074
0 0.414034 0.923858 0.0127808 0.017394 0.365927
0 0.125134 0.168954 0.0096241 0.0177789 0.364833
0 0.386043 0.633304 0.0149361 0.0225038 0.362893
0 0.0407894 0.446839 0.0122575 0.0154744 0.362666
0 0.81352 0.175803 0.0176373 0.0263906 0.362562
0 0.0987573 0.324783 0.00967119 0.0187222 0.361486
0 0.445397 0.0932144 0.0124516 0.0182935 0.359751
0 0.532949 0.441951 0.0125586 0.0203564 0.35956
0 0.0619534 0.09439 0.010853 0.0158696 0.359333
0 0.018506 0.395844 0.0107962 0.0157264 0.3566
0 0.910996 0.692462 0.0186806 0.0343253 0.35653
0 0.491272 0.414213 0.0147532 0.0171585 0.356242
0 0.474639 0.986669 0.0161851 0.0238916 0.354638
0 0.416275 0.681622 0.0131468 0.0196208 0.350316
0 0.996072 0.733282 0.00785624 0.0246082 0.350014
0 0.120659 0.214541 0.0111689 0.0153676 0.349758
0 0.440309 0.622683 0.0126247 0.0185611 0.348087
0 0.540116 0.960191 0.0165966 0.02714 0.347054
0 0.631024 0.356219 0.023064 0.0371279 0.346318
0 0.373639 0.66107 0.0153259 0.0250132 0.345096
0 0.00712788 0.126924 0.012747 0.0161945 0.344992
0 0.561303 0.960458 0.00968844 0.0191645 0.343557
0 0.741801 0.111229 0.0320568 0.0454803 0.343095
0 0.162463 0.443625 0.0136004 0.0186744 0.343086
0 0.540618 0.881741 0.0168388 0.0259957 0.341216
0 0.514529 0.295191 0.0125148 0.01926 0.340542
0 0.126946 0.613377 0.0125424 0.0190248 0.33943
0 0.117545 0.589668 0.013211 0.0194134 0.339414
0 0.76272 0.0732456 0.0193844 0.0271099 0.338683
0 0.219538 0.365903 0.0131654 0.0184872 0.338541
0 0.351928 0.775236 0.0133623 0.0214247 0.338342
0 0.0679412 0.803225 0.010821 0.0159092 0.338261
0 0.00436816 0.693036 0.00872985 0.0192819 0.336436
0 0.634487 0.891182 0.0128095 0.0154046 0.336349
0 0.17613 0.178499 0.0116199 0.018276 0.336162
0 0.340956 0.854818 0.0147625 0.0197757 0.335764
0 0.506567 0.844951 0.0109749 0.0192416 0.335721
0 0.0191042 0.15481 0.0115997 0.017143 0.334916
0 0.408133 0.180274 0.0115267 0.0187908 0.334787
0 0.0551198 0.224662 0.0111912 0.0181304 0.334436
0 0.0436906 0.68933 0.0112383 0.0181048 0.334034
0 0.245994 0.849164 0.0144073 0.0250743 0.333006
0 0.191618 0.0325083 0.0169606 0.0281944 0.332307
0 0.0420502 0.402788 0.012536 0.015432 0.332087
0 0.343097 0.909271 0.0124688 0.019728 0.331149
0 0.364477 0.745673 0.0135876 0.0194404 0.328183
0 0.410239 0.572191 0.0125448 0.0204614 0.325249
0 0.945562 0.666191 0.0134527 0.0193553 0.322779
0 0.261064 0.239916 0.0247213 0.0416163 0.321893
0 0.0138844 0.482745 0.0120308 0.018387 0.32175
0 0.182693 0.288848 0.0111896 0.0164951 0.321574
0 0.0672537 0.44986 0.0102454 0.0213332 0.320209
0 0.14858 0.172768 0.0104209 0.0183829 0.319398
0 0.482554 0.643701 0.0135668 0.0196478 0.318596
0 0.449969 0.784631 0.0139666 0.02221 0.317347
0 0.473868 0.939053 0.01218 0.019438 0.316991
0 0.692123 0.992427 0.014168 0.0138255 0.315418
0 0.138141 0.679892 0.0156772 0.0230881 0.314762
0 0.434354 0.760127 0.0136358 0.0192583 0.314603
0 0.13575 0.43983 0.0116474 0.0156691 0.313885
0 0.0256406 0.506592 0.0130655 0.023034 0.312818
0 0.456826 0.439905 0.0138683 0.0215797 0.309798
0 0.726109 0.823499 0.0202377 0.039999 0.30876
0 0.142995 0.305394 0.0112066 0.0161802 0.307333
0 0.0163153 0.196365 0.012602 0.0139778 0.307258
0 0.102503 0.611474 0.0127817 0.0190642 0.307121
0 0.502561 0.383088 0.0134537 0.0168388 0.306965
0 0.526528 0.77675 0.0140703 0.0191542 0.306811
0 0.547421 0.320971 0.0127921 0.0194059 0.305125
0 0.0385728 0.533665 0.0116964 0.0172433 0.305036
0 0.433012 0.0627175 0.0122078 0.0208506 0.304404
0 0.199026 0.515705 0.0132107 0.022359 0.304031
0 0.603001 0.68798 0.0121499 0.0184547 0.303582
0 0.356785 0.87931 0.0112331 0.0184801 0.302732
0 0.0220798 0.108201 0.00945464 0.0163358 0.302719
0 0.0446104 0.155156 0.0113153 0.0172808 0.30176
0 0.31271 0.862009 0.0149286 0.022639 0.301317
0 0.85761 0.169372 0.0136528 0.0167495 0.298194
0 0.416959 0.978275 0.0148994 0.0217721 0.297703
0 0.145912 0.547023 0.0118081 0.0181356 0.296923
0 0.4473 0.731301 0.0130913 0.0212199 0.29464
0 0.690081 0.746522 0.0167718 0.0284563 0.293205
0 0.142902 0.984822 0.0177557 0.0295137 0.293152
0 0.750848 0.0268259 0.0196762 0.0339952 0.291366
0 0.57749 0.744782 0.0140743 0.0162981 0.291003
0 0.536928 0.744242 0.0113577 0.0166682 0.290486
0 0.168848 0.311307 0.0110638 0.0168275 0.290251
0 0.0176654 0.639131 0.0118036 0.0195471 0.289182
0 0.245962 0.122973 0.0226081 0.0445198 0.286497
0 0.555608 0.921917 0.0150436 0.0364518 0.28626
0 0.972003 0.256268 0.0179771 0.0244831 0.285628
0 0.172718 0.268275 0.0115938 0.0147303 0.284851
0 0.529238 0.384305 0.0142491 0.0221558 0.283536
0 0.696599 0.175199 0.0230299 0.0514936 0.280515
0 0.7235 0.0143571 0.0190029 0.0265111 0.279583
0 0.611376 0.592723 0.0151286 0.0247164 0.279484
0 0.406946 0.518763 0.0128324 0.0206706 0.274725
0 0.535343 0.0632654 0.0146759 0.0198841 0.271273
0 0.831146 0.723892 0.022604 0.051665 0.27122
0 0.443839 0.92376 0.0145723 0.0175683 0.268864
0 0.0760062 0.318083 0.0118691 0.0155332 0.267891
0 0.0901057 0.496086 0.0124473 0.0165283 0.265937
0 0.0480463 0.112414 0.00972133 0.0176511 0.264778
0 0.456535 0.00762998 0.0147884 0.01526 0.263031
0 0.335776 0.753096 0.0149662 0.0252336 0.260995
0 0.700911 0.177151 0.0308814 0.0524414 0.260612
0 0.0681104 0.490741 0.0140316 0.0162803 0.259543
0 0.138548 0.394614 0.0107822 0.0157933 0.258761
0 0.15791 0.246546 0.0109482 0.014992 0.25661
0 0.05734 0.426518 0.0113579 0.0172187 0.256396
0 0.148887 0.219995 0.0109612 0.0174873 0.256378
0 0.760251 0.580059 0.0203869 0.0349792 0.253511
0 0.215555 0.0746249 0.0361215 0.0446588 0.25218
0 0.294718 0.974994 0.0141526 0.022661 0.252124
0 0.328853 0.88368 0.0124693 0.0206858 0.250803
0 0.00767253 0.571047 0.0133504 0.0183108 0.250695
0 0.57074 0.648966 0.0117278 0.0188807 0.247833
0 0.436469 0.179374 0.0129539 0.017415 0.247406
0 0.570406 0.845822 0.0113926 0.0255151 0.246346
0 0.183572 0.333839 0.0112683 0.014144 0.242786
0 0.820637 0.772588 0.0222904 0.0366933 0.236611
0 0.672769 0.256506 0.02802 0.0593585 0.236547
0 0.117539 0.54496 0.0119117 0.0200943 0.235325
0 0.825128 0.816769 0.0221985 0.0301849 0.234344
0 0.169017 0.555869 0.0128167 0.0190917 0.233767
0 0.590612 0.714894 0.0117406 0.0185093 0.232475
0 0.0218204 0.597913 0.0119955 0.0200902 0.231815
0 0.671577 0.268268 0.0277709 0.061205 0.231369
0 0.610658 0.634667 0.0180354 0.03447 0.231315
0 0.479769 0.836018 0.0120039 0.0182231 0.229673
0 0.432304 0.706373 0.0134054 0.0198094 0.228534
0 0.490136 0.753984 0.012088 0.0185137 0.22852
0 0.148453 0.465103 0.0116199 0.0166156 0.226721
0 0.444976 0.946607 0.0124297 0.0194517 0.224895
0 0.0141858 0.441434 0.011657 0.0207717 0.224482
0 0.946348 0.57133 0.0236034 0.0365278 0.224053
0 0.247237 0.693169 0.0151489 0.0249314 0.223094
0 0.665802 0.116169 0.0220614 0.0298518 0.222078
0 0.4082 0.124104 0.013505 0.0192088 0.222035
0 0.395213 0.550026 0.0119203 0.0204897 0.221424
0 0.15625 0.577418 0.0122397 0.019231 0.219978
0 0.612211 0.00533569 0.0135553 0.0106714 0.218537
0 0.911607 0.25018 0.0150925 0.0245004 0.218062
0 0.391628 0.740807 0.013712 0.0235072 0.217758
0 0.993136 0.236941 0.0137276 0.0254511 0.216748
0 0.0827297 0.473048 0.0114143 0.0171599 0.214838
0 0.997027 0.695286 0.00594616 0.0274557 0.214014
0 0.227734 0.795803 0.0146096 0.0268945 0.211441
0 0.887221 0.123287 0.0151018 0.019375 0.210458
0 0.928428 0.444551 0.0197041 0.0325387 0.210371
0 0.0646509 0.538051 0.0133247 0.017157 0.207812
0 0.736003 0.79118 0.018358 0.0263947 0.205155
0 0.238775 0.373826 0.0165298 0.0432921 0.20441
0 0.673437 0.24807 0.0273198 0.041766 0.204103
0 0.503229 0.77879 0.0119183 0.0177951 0.20373
0 0.421822 0.544421 0.0132602 0.0188365 0.203709
0 0.401627 0.656053 0.0128172 0.0205244 0.203136
0 0.70262 0.186697 0.0338596 0.0565036 0.202817
0 0.788678 0.0419589 0.0205444 0.0386352 0.201292
0 0.350742 0.529246 0.0128512 0.0204627 0.201204
0 0.626599 0.042524 0.0180424 0.027087 0.200663
0 0.160593 0.48734 0.00979611 0.0165653 0.200554
