0 0.804004 0.439785 0.0297123 0.040123 0.687398
0 0.321354 0.662688 0.027361 0.0469014 0.684167
0 0.558946 0.0904167 0.0237191 0.037765 0.676184
0 0.356557 0.0652532 0.029851 0.0503254 0.673795
0 0.627832 0.921754 0.0227463 0.0435606 0.670886
0 0.737507 0.18926 0.0200918 0.0352069 0.659112
0 0.944311 0.752333 0.0218119 0.0405281 0.65634
0 0.732584 0.334211 0.026653 0.049998 0.652862
0 0.7609 0.0479976 0.019858 0.0413809 0.65266
0 0.981721 0.359886 0.0269989 0.0343463 0.647749
0 0.806757 0.673163 0.0257585 0.0347751 0.647578
0 0.408855 0.165071 0.0212305 0.0376663 0.64694
0 0.63392 0.641073 0.0217414 0.0376022 0.64295
0 0.300757 0.755861 0.0249706 0.0470323 0.641855
0 0.881546 0.197215 0.0211734 0.0368549 0.64151
0 0.873998 0.840268 0.0224403 0.033727 0.641118
0 0.887701 0.891364 0.0208458 0.0361243 0.638552
0 0.680432 0.181546 0.0183474 0.033933 0.637593
0 0.844778 0.121357 0.0200214 0.0245583 0.637482
0 0.580915 0.215253 0.0191032 0.0320473 0.636906
0 0.256224 0.132048 0.0216599 0.039506 0.635682
0 0.337374 0.935264 0.0181372 0.0307178 0.635365
0 0.318373 0.0349508 0.0177943 0.0304157 0.634829
0 0.628527 0.687881 0.0180108 0.0331338 0.634088
0 0.25346 0.294884 0.0211805 0.0393672 0.633668
0 0.740647 0.585572 0.0176937 0.0316207 0.633461
0 0.681238 0.661078 0.019254 0.0303966 0.628213
0 0.564389 0.0532187 0.0151323 0.0287607 0.628169
0 0.295624 0.250685 0.0144188 0.0337182 0.627347
0 0.59216 0.175652 0.0180985 0.0293905 0.627345
0 0.811614 0.388232 0.0195555 0.035379 0.625511
0 0.601679 0.14487 0.0129909 0.0280877 0.62511
0 0.698622 0.207015 0.0171099 0.0329363 0.624492
0 0.910766 0.710749 0.0234913 0.0367915 0.62412
0 0.801436 0.969216 0.0252832 0.0441714 0.622656
0 0.812504 0.208535 0.0133717 0.0279689 0.619897
0 0.491002 0.0780819 0.0188074 0.0337387 0.619847
0 0.43534 0.134085 0.0179379 0.0266914 0.618387
0 0.629244 0.076374 0.0220267 0.0278261 0.617509
0 0.757727 0.18016 0.0136002 0.0281464 0.616981
0 0.977898 0.203355 0.025248 0.0437355 0.615839
0 0.915409 0.907391 0.0237331 0.0404236 0.615524
0 0.534171 0.76502 0.0208007 0.0371462 0.614819
0 0.096343 0.887339 0.0172153 0.0337636 0.614546
0 0.826533 0.713226 0.0147964 0.0258332 0.612138
0 0.792414 0.906717 0.0273546 0.0455371 0.609177
0 0.751179 0.983578 0.0269965 0.0321509 0.609175
0 0.46689 0.673172 0.0205954 0.0391863 0.608495
0 0.339119 0.179024 0.0130134 0.0261263 0.606948
0 0.948403 0.0230749 0.0266731 0.0457972 0.606745
0 0.362845 0.171123 0.0168882 0.0304823 0.606085
0 0.857042 0.560842 0.0144663 0.0322608 0.605914
0 0.52887 0.350071 0.0182285 0.0339693 0.60396
0 0.675857 0.729745 0.027329 0.0396101 0.60395
0 0.714041 0.18395 0.0160131 0.0297921 0.602702
0 0.855911 0.78053 0.0183483 0.0285112 0.601733
0 0.624495 0.0411548 0.0161739 0.028874 0.600061
0 0.131878 0.841501 0.0218989 0.0369168 0.599876
0 0.546678 0.188732 0.0226753 0.0372149 0.599533
0 0.809339 0.104043 0.031199 0.0402773 0.59915
0 0.801536 0.279642 0.0173749 0.0300859 0.598319
0 0.446075 0.0913549 0.0155102 0.0280641 0.596251
0 0.630279 0.118664 0.0184088 0.030922 0.595906
0 0.78898 0.162908 0.0175791 0.0344299 0.595895
0 0.644584 0.957181 0.0206034 0.0327386 0.595253
0 0.937893 0.804557 0.0268944 0.0335836 0.593342
0 0.927199 0.0890502 0.0204292 0.0368768 0.590925
0 0.257667 0.548465 0.0167465 0.0306482 0.590286
0 0.290786 0.0194874 0.0245785 0.0380941 0.587522
0 0.3415 0.374052 0.0172203 0.0325122 0.587166
0 0.26655 0.922379 0.0170435 0.0244307 0.586751
0 0.864989 0.664608 0.0191583 0.0295097 0.586286
0 0.329802 0.317841 0.0172818 0.0340703 0.585905
0 0.790487 0.2345 0.0163219 0.0290599 0.585177
0 0.413673 0.427755 0.0164223 0.0327766 0.584976
0 0.655359 0.904526 0.0165161 0.0300429 0.584748
0 0.856548 0.705547 0.021423 0.0320111 0.584648
0 0.432147 0.485503 0.0175992 0.0337617 0.582747
0 0.698192 0.379737 0.0163057 0.0310234 0.582592
0 0.322942 0.967618 0.0165661 0.0299761 0.581974
0 0.643933 0.194432 0.0194398 0.0326166 0.581888
0 0.366806 0.233575 0.0182635 0.0374007 0.581494
0 0.755169 0.217305 0.0176781 0.0268238 0.581057
0 0.886799 0.728114 0.0186298 0.029603 0.577756
0 0.603437 0.48601 0.0159405 0.0323307 0.575621
0 0.845315 0.0787092 0.0192446 0.034909 0.569323
0 0.640962 0.0312372 0.0135044 0.0266697 0.569208
0 0.869145 0.0622179 0.0162605 0.0323625 0.568473
0 0.448831 0.452127 0.0157085 0.0316344 0.568389
0 0.738037 0.821667 0.0167402 0.0321562 0.568346
0 0.314012 0.476813 0.0308998 0.0500351 0.567079
0 0.732831 0.616902 0.0146179 0.0240795 0.566294
0 0.794926 0.0481 0.0185146 0.0391262 0.565615
0 0.538956 0.29057 0.0175522 0.0328574 0.564425
0 0.181682 0.969412 0.024243 0.0354385 0.563926
0 0.567453 0.905762 0.0199512 0.0352154 0.563313
0 0.362115 0.360843 0.0235474 0.0347766 0.562817
0 0.582562 0.517764 0.0215773 0.0273566 0.562782
0 0.461691 0.492983 0.0199198 0.0349335 0.562403
0 0.194839 0.731991 0.0307158 0.0526671 0.561882
0 0.470593 0.0722639 0.0198395 0.0318601 0.558691
0 0.509097 0.262941 0.0193805 0.0349346 0.558583
0 0.700872 0.150732 0.0121045 0.0227796 0.555975
0 0.965747 0.828156 0.0141911 0.0279558 0.555033
0 0.414711 0.972679 0.0188334 0.0292331 0.552632
0 0.652174 0.0496971 0.0148671 0.0270529 0.552322
0 0.65409 0.15684 0.0159222 0.0247964 0.551986
0 0.30368 0.876608 0.0189858 0.0356834 0.551745
0 0.67424 0.386407 0.0160688 0.0288279 0.551314
0 0.72356 0.502595 0.0191905 0.0265351 0.551167
0 0.425858 0.835094 0.0196936 0.0317518 0.550252
0 0.524863 0.239541 0.0124442 0.0272641 0.548724
0 0.543138 0.959169 0.0192794 0.0388063 0.548312
0 0.788886 0.201029 0.0137531 0.0235636 0.546226
0 0.274199 0.0985962 0.0172493 0.0313048 0.544181
0 0.923033 0.611077 0.0144995 0.0274919 0.544006
0 0.00859158 0.928585 0.0169352 0.0326974 0.543815
0 0.205635 0.647074 0.0228017 0.0499724 0.543491
0 0.470991 0.955329 0.0201248 0.0398197 0.543049
0 0.369859 0.91809 0.0195773 0.0350935 0.542395
0 0.339506 0.0169743 0.0220846 0.0326299 0.542382
0 0.829406 0.747776 0.0176889 0.032211 0.541375
0 0.556002 0.757829 0.0132992 0.0277768 0.540267
0 0.283088 0.874149 0.0159029 0.0326131 0.538669
0 0.332732 0.876283 0.0157849 0.0264323 0.538231
0 0.978939 0.315273 0.0154083 0.0270967 0.538204
0 0.313439 0.26664 0.0206986 0.0371302 0.537701
0 0.459755 0.226284 0.018878 0.0329057 0.534174
0 0.379798 0.199285 0.0150185 0.028112 0.533407
0 0.602287 0.952037 0.018893 0.0328376 0.533353
0 0.98159 0.526831 0.0161167 0.0295755 0.533304
0 0.765435 0.39401 0.0169646 0.029727 0.532007
0 0.622183 0.824149 0.0151335 0.0292119 0.530088
0 0.854513 0.486101 0.0159033 0.0299252 0.529332
0 0.94713 0.130731 0.0196621 0.0290139 0.529052
0 0.747993 0.381186 0.0127529 0.0241369 0.528525
0 0.20121 0.88474 0.019619 0.0357424 0.528324
0 0.652856 0.235589 0.0121429 0.0257374 0.526371
0 0.663738 0.190505 0.012071 0.0262147 0.526332
0 0.282815 0.793814 0.0179507 0.0246979 0.526028
0 0.255745 0.514133 0.0157964 0.0293993 0.524981
0 0.660176 0.468938 0.0165361 0.036937 0.52434
0 0.951647 0.392783 0.0237926 0.0463428 0.521983
0 0.925023 0.126503 0.0176325 0.0299494 0.520572
0 0.340564 0.620003 0.0229219 0.0369902 0.520417
0 0.65763 0.090419 0.0187063 0.0304208 0.519984
0 0.951323 0.596712 0.0146809 0.0273181 0.518536
0 0.33523 0.819196 0.014276 0.0283464 0.518514
0 0.572011 0.553648 0.0164112 0.0264872 0.517928
0 0.72893 0.278877 0.020473 0.0363942 0.517546
0 0.904536 0.0183378 0.0184956 0.0354405 0.517192
0 0.125584 0.980212 0.0162531 0.027983 0.515907
0 0.773213 0.186474 0.013446 0.0239165 0.515421
0 0.735008 0.0198106 0.0288609 0.0393467 0.514567
0 0.425147 0.529432 0.0188318 0.0357321 0.513477
0 0.780654 0.463291 0.0152361 0.0274167 0.512718
0 0.40415 0.249302 0.0150855 0.0284806 0.512609
0 0.901095 0.668193 0.0168148 0.0286016 0.511763
0 0.975463 0.280178 0.0133877 0.0231419 0.511737
0 0.374243 0.709481 0.0188783 0.0332682 0.510388
0 0.714757 0.569103 0.015255 0.0265635 0.510387
0 0.470251 0.154737 0.0191829 0.0354306 0.509855
0 0.428613 0.721225 0.0151482 0.0257138 0.509821
0 0.96736 0.483708 0.0299065 0.0420362 0.509543
0 0.495739 0.149585 0.018173 0.0312384 0.509082
0 0.323359 0.152148 0.0167262 0.0288468 0.508009
0 0.781649 0.529945 0.0155109 0.0340088 0.507931
0 0.874055 0.549753 0.0181664 0.0284779 0.507175
0 0.976422 0.928033 0.0246243 0.0387326 0.507025
0 0.924068 0.315887 0.0200821 0.0306218 0.506576
0 0.926592 0.514219 0.0193432 0.0264811 0.506444
0 0.809869 0.0325411 0.0136219 0.0288015 0.504798
0 0.753438 0.918404 0.0208845 0.0381415 0.504579
0 0.890256 0.574392 0.0128376 0.0210428 0.504537
0 0.0660048 0.819693 0.0217186 0.0394135 0.503488
0 0.542861 0.902085 0.0201527 0.0374054 0.503183
0 0.540124 0.802721 0.0189932 0.0271217 0.501109
0 0.315886 0.53613 0.0201435 0.0387793 0.501099
0 0.816654 0.0696218 0.0147661 0.0265344 0.500768
0 0.706436 0.0331598 0.0224957 0.0403192 0.496598
0 0.280878 0.426527 0.017916 0.0275947 0.495946
0 0.442095 0.677433 0.0152241 0.0267648 0.49546
0 0.931369 0.242445 0.0179138 0.0245032 0.495005
0 0.709807 0.345344 0.0130182 0.0257599 0.494841
0 0.294178 0.167437 0.0173673 0.0336488 0.494089
0 0.346751 0.278223 0.013169 0.0290679 0.493911
0 0.476433 0.544842 0.017399 0.0280564 0.493625
0 0.692479 0.987091 0.0176577 0.024922 0.492945
0 0.430511 0.647606 0.0142997 0.0270647 0.492938
0 0.837793 0.368224 0.0191093 0.0233658 0.492081
0 0.944642 0.207629 0.0274963 0.0408874 0.490772
0 0.374917 0.0208313 0.0207688 0.0290996 0.489016
0 0.951084 0.557459 0.0126886 0.0314451 0.488617
0 0.865731 0.100453 0.0147827 0.0297888 0.487624
0 0.787529 0.586862 0.0154163 0.030397 0.487596
0 0.866889 0.906895 0.0138428 0.0240132 0.487013
0 0.893091 0.494424 0.0169979 0.0233112 0.48658
0 0.525215 0.536124 0.0226618 0.0396776 0.486442
0 0.825869 0.216866 0.0109423 0.0284353 0.48109
0 0.502332 0.350597 0.0143464 0.0277848 0.480096
0 0.263673 0.0689082 0.0158256 0.028747 0.47979
0 0.411823 0.569946 0.0219612 0.0380768 0.478933
0 0.279869 0.343382 0.0205043 0.0402412 0.478827
0 0.585503 0.873472 0.0158638 0.0288555 0.478344
0 0.836337 0.275896 0.0177444 0.030691 0.478139
0 0.731073 0.858824 0.0145655 0.0345436 0.477068
0 0.585917 0.983071 0.0167463 0.0302471 0.476153
0 0.843585 0.521635 0.0147444 0.0252007 0.475822
0 0.250209 0.188611 0.0142859 0.0330761 0.47541
0 0.83051 0.396834 0.018932 0.02775 0.474664
0 0.990321 0.0918793 0.0193581 0.031401 0.474636
0 0.321318 0.709327 0.0214649 0.0347543 0.473312
0 0.344599 0.239431 0.0124475 0.0254053 0.470742
0 0.49377 0.644705 0.0223207 0.0362605 0.470602
0 0.991758 0.729615 0.0164848 0.0333927 0.469433
0 0.962956 0.0621312 0.0243528 0.0375678 0.46926
0 0.923959 0.661575 0.0227757 0.0444324 0.469057
0 0.92967 0.272463 0.0153702 0.021091 0.46857
0 0.239433 0.417754 0.0150107 0.0366633 0.468298
0 0.322487 0.40496 0.0185706 0.035285 0.467588
0 0.438418 0.41085 0.014353 0.0289424 0.467528
0 0.330518 0.0892149 0.0161233 0.0358252 0.466613
0 0.667335 0.820665 0.0128071 0.0203607 0.46629
0 0.790247 0.378396 0.0167239 0.0310705 0.465905
0 0.417183 0.684709 0.02132 0.0311742 0.465222
0 0.288368 0.204235 0.0165794 0.0280507 0.465132
0 0.538571 0.0725297 0.0143305 0.0295838 0.463116
0 0.164538 0.767186 0.0247994 0.0505442 0.462395
0 0.337721 0.445332 0.0186255 0.0309516 0.461825
0 0.440967 0.374987 0.0251541 0.0337678 0.461394
0 0.658829 0.665807 0.0201801 0.0338632 0.460246
0 0.949348 0.0888753 0.018139 0.0322755 0.4587
0 0.55308 0.512995 0.0224836 0.0347411 0.457604
0 0.307029 0.107221 0.0171814 0.0283391 0.456998
0 0.944359 0.854462 0.0170971 0.0297221 0.454516
0 0.417495 0.910683 0.0140873 0.0218497 0.454229
0 0.856616 0.939485 0.0177422 0.0322658 0.453466
0 0.238878 0.497469 0.0126409 0.0280633 0.452383
0 0.838842 0.485957 0.0114578 0.0279659 0.451465
0 0.30773 0.138197 0.0196595 0.029378 0.451363
0 0.284208 0.46297 0.0164942 0.0290677 0.451167
0 0.392236 0.691859 0.012863 0.0231184 0.450476
0 0.584805 0.75206 0.0178293 0.0283362 0.449499
0 0.699969 0.907109 0.0236642 0.0415558 0.44917
0 0.232505 0.581158 0.0215079 0.0385491 0.449128
0 0.278404 0.278826 0.0161524 0.0285665 0.448537
0 0.517565 0.0802266 0.0267094 0.0508439 0.448218
0 0.794661 0.855445 0.0232721 0.0359668 0.447822
0 0.852313 0.815196 0.0154636 0.0213026 0.44764
0 0.414452 0.0191858 0.0217831 0.0369623 0.447602
0 0.149241 0.976883 0.0260281 0.0382265 0.446695
0 0.400925 0.458583 0.0165765 0.0278763 0.445829
0 0.911478 0.207762 0.0193077 0.0266047 0.44574
0 0.638198 0.729637 0.013592 0.0224409 0.444232
0 0.354321 0.712352 0.0213001 0.0384515 0.442427
0 0.733116 0.138369 0.014859 0.0271972 0.440852
0 0.534903 0.839095 0.0165914 0.0307812 0.439383
0 0.549258 0.51398 0.0181327 0.0316376 0.438346
0 0.57117 0.254705 0.013785 0.02849 0.437422
0 0.992773 0.28815 0.0144539 0.0328869 0.435581
0 0.258982 0.705562 0.015909 0.0273526 0.435575
0 0.833789 0.0175123 0.02799 0.0350245 0.435496
0 0.597419 0.570438 0.0200478 0.031569 0.434639
0 0.164308 0.93377 0.0170876 0.0256504 0.432985
0 0.506767 0.905769 0.0243512 0.0318736 0.431741
0 0.102744 0.968759 0.0290236 0.057096 0.430555
0 0.969629 0.15032 0.0212952 0.0414008 0.430106
0 0.916499 0.361036 0.0144846 0.0290012 0.428461
0 0.783425 0.634282 0.0148168 0.0311698 0.424644
0 0.273217 0.0451482 0.0171924 0.0355057 0.424227
0 0.715929 0.841085 0.019293 0.0362698 0.422896
0 0.351422 0.142751 0.016603 0.0321544 0.420714
0 0.263839 0.170889 0.0123191 0.0234739 0.418362
0 0.523698 0.0265634 0.0192892 0.0287926 0.416911
0 0.643924 0.81349 0.0212362 0.0350758 0.415549
0 0.552676 0.361069 0.0203629 0.0433626 0.415314
0 0.951163 0.699012 0.0153484 0.0272829 0.413633
0 0.269082 0.208473 0.0150598 0.0330099 0.41287
0 0.453128 0.253527 0.0191319 0.0295993 0.411422
0 0.489506 0.967804 0.0161617 0.0311349 0.409309
0 0.332826 0.224603 0.015434 0.024078 0.409232
0 0.88162 0.152438 0.0202736 0.0333712 0.405858
0 0.594761 0.899724 0.0115349 0.0218648 0.40516
0 0.680569 0.454274 0.0189777 0.0318121 0.404722
0 0.253814 0.757636 0.0225642 0.0475484 0.403877
0 0.851869 0.747899 0.0166622 0.0309082 0.403262
0 0.912581 0.829891 0.0169284 0.0217953 0.402812
0 0.772752 0.90984 0.0107187 0.0257172 0.402531
0 0.677023 0.783942 0.0198658 0.0350755 0.40217
0 0.762552 0.261269 0.017977 0.0365365 0.40214
0 0.647772 0.531345 0.020363 0.0314056 0.401572
0 0.736163 0.224911 0.0117479 0.0246381 0.400407
0 0.931547 0.348974 0.01493 0.0270416 0.399962
0 0.829379 0.778036 0.0185444 0.024174 0.399138
0 0.433461 0.289415 0.0172613 0.0266331 0.397613
0 0.994867 0.568624 0.0102659 0.0385883 0.397142
0 0.44336 0.0117376 0.0249598 0.0225518 0.396561
0 0.433134 0.285157 0.0187061 0.0356814 0.39637
0 0.428109 0.875516 0.0140713 0.0317954 0.396175
0 0.259956 0.357647 0.0192786 0.0329041 0.394607
0 0.509309 0.983138 0.013579 0.0266762 0.392482
0 0.062899 0.980993 0.0253157 0.0371412 0.390594
0 0.432914 0.274062 0.0190796 0.0380256 0.389721
0 0.219272 0.359405 0.0316424 0.0552918 0.388751
0 0.892975 0.352015 0.0205376 0.0337838 0.385652
0 0.275833 0.620091 0.0254762 0.0458644 0.38163
0 0.66891 0.043045 0.0183638 0.0397483 0.380982
0 0.912316 0.480156 0.0154863 0.0264125 0.380255
0 0.207656 0.803175 0.0261973 0.0497069 0.379466
0 0.590709 0.0599337 0.0124919 0.0282899 0.375166
0 0.774916 0.188012 0.0121775 0.0237412 0.375104
0 0.229793 0.634251 0.0265745 0.0440993 0.370642
0 0.564727 0.162841 0.0121991 0.0254797 0.36905
0 0.662113 0.0107735 0.0187666 0.020648 0.368492
0 0.350266 0.414697 0.0156876 0.0254649 0.367867
0 0.805258 0.786032 0.0154913 0.0192288 0.364542
0 0.820966 0.920396 0.0179207 0.031053 0.363985
0 0.022325 0.891151 0.019076 0.0387417 0.36224
0 0.625093 0.471199 0.0201778 0.032675 0.360519
0 0.495714 0.383752 0.0128717 0.0226015 0.360343
0 0.573114 0.468767 0.0190044 0.0324669 0.360283
0 0.528301 0.985824 0.0158144 0.0266923 0.360189
0 0.833701 0.58623 0.013813 0.0204518 0.359978
0 0.280243 0.678935 0.0286119 0.0422163 0.359721
0 0.0123612 0.971706 0.0198161 0.043894 0.357049
0 0.878158 0.95719 0.0202538 0.0322554 0.356768
0 0.234035 0.324687 0.0143883 0.0272404 0.355973
0 0.670921 0.534294 0.0185141 0.0292122 0.35542
0 0.214562 0.427658 0.016318 0.0297986 0.354255
0 0.490498 0.277672 0.0141079 0.0257236 0.354199
0 0.483636 0.330399 0.017524 0.0322166 0.353753
0 0.928002 0.480788 0.00991726 0.0235962 0.353358
0 0.342886 0.118616 0.0124853 0.0229909 0.352735
0 0.319021 0.830819 0.0142216 0.0175859 0.350799
0 0.634225 0.252496 0.0181931 0.027313 0.349937
0 0.511382 0.316946 0.0170366 0.0356866 0.349376
0 0.0585197 0.939109 0.0214868 0.0363529 0.348988
0 0.64909 0.379044 0.0149562 0.032099 0.348225
0 0.200411 0.956721 0.010815 0.0231248 0.347045
0 0.626511 0.971439 0.0135283 0.021123 0.346595
0 0.87884 0.258109 0.0182796 0.0243781 0.345378
0 0.892949 0.445004 0.0176792 0.0327114 0.344334
0 0.265166 0.017578 0.0129456 0.0250843 0.34253
0 0.599003 0.754828 0.00837746 0.0255044 0.342197
0 0.224032 0.857596 0.0228831 0.0425022 0.342048
0 0.880553 0.769222 0.0155591 0.0216624 0.340503
0 0.456349 0.878485 0.0217749 0.032218 0.34043
0 0.73693 0.464728 0.0259048 0.0439305 0.340391
0 0.445014 0.166912 0.0149452 0.0235562 0.336999
0 0.9465 0.670017 0.0147993 0.0289936 0.336532
0 0.458976 0.880557 0.0183258 0.0308977 0.335487
0 0.094118 0.847751 0.0210919 0.0360943 0.332457
0 0.969452 0.722462 0.0150841 0.0258336 0.331604
0 0.394349 0.0346189 0.0200335 0.0323967 0.330903
0 0.934139 0.803758 0.02062 0.0317217 0.328863
0 0.695368 0.119512 0.0114966 0.0218207 0.327672
0 0.581551 0.982418 0.0242242 0.0314473 0.327416
0 0.763083 0.145218 0.0234646 0.0370328 0.326298
0 0.567606 0.854202 0.0143244 0.0248437 0.324474
0 0.0873045 0.927279 0.0164859 0.0306441 0.322957
0 0.385253 0.622255 0.017966 0.0319473 0.321119
0 0.555208 0.841004 0.0128667 0.0327186 0.319013
0 0.475049 0.834666 0.0161106 0.0280902 0.314188
0 0.605385 0.253147 0.0225393 0.0394245 0.31312
0 0.749318 0.424034 0.0157048 0.0301473 0.312714
0 0.199935 0.459456 0.021845 0.0374719 0.310114
0 0.367645 0.980775 0.0111563 0.028576 0.3097
0 0.185203 0.97048 0.0186173 0.0343506 0.309558
0 0.581499 0.304613 0.0187483 0.0270963 0.308924
0 0.977444 0.486097 0.0159786 0.0354311 0.308002
0 0.551516 0.354513 0.0184935 0.0382306 0.306637
0 0.649627 0.691186 0.0132492 0.0231493 0.305711
0 0.714457 0.0972271 0.0185913 0.0296499 0.304539
0 0.201929 0.2932 0.0206064 0.0396018 0.303371
0 0.727239 0.653775 0.0135413 0.0232082 0.301783
0 0.797027 0.0437301 0.0179281 0.0354227 0.301428
0 0.263615 0.449283 0.0165981 0.0257331 0.301359
0 0.221756 0.363061 0.0254939 0.0478446 0.299101
0 0.818765 0.260076 0.0134167 0.024952 0.297913
0 0.383419 0.137659 0.0155168 0.0348827 0.297479
0 0.566573 0.689854 0.0185935 0.0416436 0.296768
0 0.719182 0.151978 0.0145517 0.0195094 0.296127
0 0.367528 0.815991 0.0147147 0.0272491 0.296084
0 0.337917 0.854511 0.0166376 0.0197908 0.294282
0 0.964462 0.777562 0.0179024 0.0259514 0.294009
0 0.815259 0.102914 0.0227985 0.0374319 0.293178
0 0.855646 0.172067 0.0189201 0.0367049 0.293037
0 0.27479 0.0481371 0.0135924 0.0400776 0.290832
0 0.205977 0.795474 0.0226314 0.0322583 0.290783
0 0.259033 0.408384 0.0238266 0.0345588 0.290479
0 0.38911 0.970621 0.015739 0.0198363 0.290138
0 0.584579 0.722287 0.0154964 0.0216823 0.289595
0 0.587547 0.0582816 0.0155186 0.0295191 0.288195
0 0.318099 0.832868 0.0168429 0.0165568 0.287662
0 0.92597 0.240135 0.0247608 0.0253138 0.287448
0 0.872137 0.798647 0.0137062 0.0238129 0.287159
0 0.298867 0.294462 0.0203364 0.0321408 0.286684
0 0.396573 0.659669 0.0140553 0.0251116 0.285028
0 0.604622 0.637654 0.0171848 0.0255208 0.283927
0 0.488181 0.576869 0.0205377 0.0310879 0.281015
0 0.82728 0.31328 0.0134167 0.0243813 0.280785
0 0.970332 0.985909 0.0188465 0.0273491 0.278004
0 0.784217 0.714204 0.0138815 0.0269674 0.277201
0 0.346002 0.0180788 0.0251523 0.0336179 0.27659
0 0.430253 0.0849724 0.0124651 0.0271106 0.276346
0 0.470319 0.454629 0.0189804 0.0341956 0.276056
0 0.311277 0.318778 0.01867 0.0334848 0.275708
0 0.599733 0.678108 0.0172298 0.0323502 0.273989
0 0.762265 0.526126 0.0176752 0.0343664 0.27333
0 0.245141 0.660095 0.0164964 0.0295912 0.272635
0 0.670611 0.781638 0.0295343 0.0403181 0.272567
0 0.29278 0.818658 0.0210543 0.022937 0.272511
0 0.713319 0.13643 0.0158185 0.0265676 0.272473
0 0.650128 0.126926 0.016184 0.0278406 0.271364
0 0.39771 0.885394 0.0196979 0.0296733 0.270833
0 0.734961 0.716715 0.0194648 0.027223 0.270007
0 0.462658 0.577781 0.0145852 0.0273435 0.269203
0 0.84407 0.240246 0.0209087 0.027059 0.268426
0 0.970591 0.667245 0.0249203 0.0357177 0.267993
0 0.705398 0.679268 0.0164272 0.0259613 0.267692
0 0.425269 0.332218 0.0160391 0.0277021 0.266002
0 0.762847 0.575236 0.0149551 0.0244163 0.265858
0 0.158887 0.88742 0.013536 0.0295573 0.264211
0 0.289301 0.962544 0.0161698 0.030881 0.263426
0 0.634852 0.167669 0.0175241 0.0251523 0.26326
0 0.668508 0.861174 0.0172128 0.0294384 0.262254
0 0.156606 0.88607 0.0155337 0.0309065 0.261919
0 0.686455 0.295206 0.018651 0.0357533 0.26159
0 0.841271 0.972237 0.024762 0.0359754 0.258865
0 0.229981 0.529604 0.0199145 0.0305175 0.258322
0 0.768019 0.355653 0.0172726 0.0318126 0.258261
0 0.554326 0.234017 0.0182791 0.0300749 0.257576
0 0.468751 0.364808 0.0189186 0.0380681 0.255866
0 0.716048 0.399506 0.0135686 0.0249149 0.254767
0 0.360246 0.52132 0.0149991 0.0296149 0.254217
0 0.377666 0.407573 0.0229933 0.0394653 0.25335
0 0.90616 0.298305 0.0144066 0.0267803 0.253061
0 0.204306 0.51746 0.0224178 0.0319015 0.250596
0 0.910453 0.789124 0.0170685 0.0274662 0.249947
0 0.94757 0.923154 0.0173958 0.0279697 0.249943
0 0.904945 0.0820514 0.0143631 0.031185 0.249879
0 0.624855 0.20725 0.0157383 0.0291617 0.249853
0 0.853467 0.409794 0.0197077 0.0260205 0.24871
0 0.741947 0.540672 0.0179394 0.0283784 0.247083
0 0.23114 0.283888 0.0208358 0.0369462 0.246314
0 0.316069 0.371202 0.0216734 0.0310853 0.244213
0 0.813492 0.740524 0.00864868 0.0218882 0.243835
0 0.371661 0.479339 0.0170203 0.0347502 0.243725
0 0.332732 0.589155 0.0166885 0.0215152 0.243537
0 0.245461 0.979972 0.0343307 0.0386293 0.243525
0 0.926338 0.519524 0.0198619 0.0291872 0.243103
0 0.377319 0.330471 0.0184624 0.0273296 0.242848
0 0.285828 0.571693 0.0180629 0.0284532 0.242573
0 0.279127 0.682819 0.0246164 0.0340037 0.242552
0 0.449661 0.97384 0.0198333 0.0380079 0.241892
0 0.558791 0.291852 0.0129772 0.022193 0.241759
0 0.755776 0.719915 0.0154575 0.0247209 0.241131
0 0.60843 0.0951218 0.0156586 0.0267073 0.240195
0 0.277186 0.986596 0.0160451 0.0247611 0.238398
0 0.94338 0.625966 0.0184696 0.0259574 0.238266
0 0.673634 0.143904 0.0189173 0.0272092 0.237571
0 0.351971 0.806985 0.014965 0.0177431 0.237412
0 0.444621 0.585805 0.0140362 0.0298265 0.236243
0 0.47876 0.79733 0.0129059 0.0195877 0.236204
0 0.739897 0.956761 0.014306 0.016996 0.234996
0 0.573014 0.821479 0.013327 0.0197868 0.23419
0 0.485269 0.0346778 0.0132527 0.0179042 0.233502
0 0.820007 0.490414 0.0165852 0.0266203 0.232411
0 0.115539 0.859889 0.013939 0.0298421 0.231682
0 0.476084 0.235304 0.0111838 0.0255447 0.231367
0 0.486073 0.326727 0.0202382 0.033296 0.231349
0 0.379737 0.793651 0.0186165 0.0301641 0.230848
0 0.683521 0.237277 0.0204128 0.0330267 0.230537
0 0.836878 0.985447 0.0285221 0.0277106 0.228969
0 0.99722 0.210674 0.00556068 0.0305032 0.228764
0 0.711091 0.475014 0.0157205 0.0244317 0.227457
0 0.991487 0.872486 0.0170263 0.0418162 0.225572
0 0.925966 0.311369 0.0246395 0.0347732 0.225123
0 0.343574 0.778393 0.0124565 0.0316983 0.220506
0 0.764641 0.635679 0.0164862 0.0303397 0.220329
0 0.757009 0.847099 0.0264071 0.050963 0.219908
0 0.53961 0.631186 0.0199675 0.0308985 0.218744
0 0.763781 0.00762517 0.0204894 0.0152503 0.218602
0 0.812351 0.884958 0.0134857 0.0241319 0.216888
0 0.545273 0.514262 0.0130974 0.0308379 0.216536
0 0.418798 0.0961625 0.0121101 0.0345899 0.21592
0 0.952047 0.927838 0.0151596 0.0273956 0.21591
0 0.555731 0.0150731 0.02043 0.0278515 0.214877
0 0.916096 0.208617 0.0162163 0.0247081 0.212835
0 0.807491 0.340314 0.0134763 0.0251927 0.212506
0 0.495142 0.638467 0.0262026 0.0499347 0.212249
0 0.354869 0.201667 0.0129166 0.0209869 0.211389
0 0.0596834 0.903359 0.0180762 0.0310235 0.210252
0 0.504226 0.0161593 0.0247791 0.0315629 0.208166
0 0.830467 0.424748 0.0158907 0.0221951 0.207385
0 0.414895 0.498915 0.0153226 0.0261308 0.206967
0 0.774424 0.910712 0.0117168 0.0305511 0.206607
0 0.0788608 0.89927 0.0151976 0.0246036 0.205224
0 0.52857 0.537938 0.0170008 0.0362486 0.204158
0 0.82814 0.685661 0.0135128 0.0207357 0.204138
0 0.764183 0.572383 0.0153624 0.0283893 0.203877
0 0.571346 0.820028 0.0118515 0.0187802 0.203036
0 0.573518 0.589019 0.0214649 0.0312363 0.201752
0 0.741767 0.0997681 0.012636 0.0235928 0.201561
