0 0.477382 0.786522 0.0352303 0.0487142 0.711758
0 0.482499 0.623266 0.0276038 0.039541 0.693191
0 0.679476 0.249076 0.0203133 0.036 0.689692
0 0.744914 0.778672 0.0242966 0.0405972 0.679805
0 0.38706 0.684363 0.020048 0.0371061 0.677053
0 0.435856 0.599041 0.0215767 0.0344555 0.676865
0 0.172141 0.442906 0.0260143 0.0472795 0.674921
0 0.134981 0.511146 0.0425865 0.0674585 0.674594
0 0.407784 0.615747 0.0301892 0.0512733 0.671698
0 0.437138 0.815324 0.023155 0.0302466 0.659309
0 0.349948 0.291796 0.0277063 0.0474726 0.656398
0 0.322822 0.161753 0.0248302 0.04524 0.654253
0 0.465114 0.574719 0.0235462 0.0375137 0.653779
0 0.18347 0.0179649 0.0164865 0.0347401 0.650765
0 0.632394 0.604329 0.0256554 0.0461353 0.650193
0 0.229076 0.554247 0.0224462 0.0400018 0.647904
0 0.483695 0.216518 0.0253727 0.0369388 0.647147
0 0.60225 0.570162 0.0303413 0.0499931 0.646206
0 0.937673 0.438195 0.0269084 0.049521 0.643688
0 0.669593 0.354594 0.0256732 0.047168 0.640995
0 0.567626 0.276403 0.0211089 0.0434865 0.638136
0 0.0833538 0.281439 0.0247077 0.0429857 0.636231
0 0.515153 0.476249 0.0144554 0.0280055 0.633568
0 0.537564 0.298215 0.0290821 0.0452304 0.630797
0 0.910303 0.0300093 0.0268267 0.046229 0.627382
0 0.21443 0.143314 0.0157413 0.0259551 0.625501
0 0.715382 0.768112 0.0190233 0.0327067 0.623194
0 0.968643 0.460987 0.0174416 0.0332789 0.622454
0 0.431682 0.262625 0.0238764 0.0499373 0.618865
0 0.296287 0.710117 0.0136314 0.0324939 0.614612
0 0.493976 0.438354 0.0200104 0.0336266 0.611091
0 0.616391 0.134197 0.0209658 0.0378532 0.6098
0 0.116558 0.280661 0.0163178 0.0325444 0.60895
0 0.783489 0.461885 0.0299924 0.0411382 0.608286
0 0.880959 0.497441 0.0251762 0.0407884 0.605901
0 0.438847 0.442876 0.0148043 0.0282588 0.605147
0 0.326081 0.351835 0.0208988 0.0346146 0.604049
0 0.38571 0.290154 0.0311509 0.0446198 0.60212
0 0.743957 0.163175 0.0159314 0.0330499 0.601376
0 0.0648697 0.0353258 0.0231846 0.0447337 0.598899
0 0.194574 0.245792 0.0215968 0.0393358 0.598766
0 0.858741 0.854808 0.0166519 0.03229 0.598356
0 0.250255 0.801257 0.0162169 0.0332028 0.593295
0 0.595837 0.40647 0.0208519 0.0319394 0.588303
0 0.870573 0.920096 0.0168808 0.0337904 0.586907
0 0.152363 0.107375 0.0169243 0.0325234 0.586114
0 0.298339 0.14621 0.01686 0.0329338 0.585554
0 0.338485 0.0768411 0.0201318 0.0382315 0.581348
0 0.199827 0.109063 0.0183716 0.0330595 0.576396
0 0.778816 0.162095 0.016297 0.0323994 0.574299
0 0.767213 0.308559 0.0206417 0.0368266 0.572124
0 0.95588 0.981228 0.0212097 0.0350485 0.570441
0 0.985005 0.569214 0.0248367 0.0410956 0.570367
0 0.404489 0.174877 0.0199625 0.0345105 0.570256
0 0.693807 0.573149 0.0176884 0.0361374 0.569771
0 0.850393 0.909067 0.0137074 0.0302765 0.568459
0 0.766669 0.714563 0.0233849 0.0382962 0.568007
0 0.49141 0.298381 0.0189297 0.0341351 0.565663
0 0.519376 0.0173157 0.0177707 0.0320951 0.56329
0 0.190914 0.846884 0.0241922 0.0434235 0.5627
0 0.31519 0.0181134 0.0303098 0.0358516 0.562406
0 0.569935 0.567615 0.0228067 0.0389898 0.557924
0 0.39165 0.577482 0.0178149 0.0286595 0.556921
0 0.992515 0.474474 0.0149704 0.0403703 0.555897
0 0.299062 0.567702 0.0292153 0.0411245 0.555458
0 0.578406 0.629553 0.0271841 0.046716 0.553607
0 0.87378 0.969494 0.014455 0.0282237 0.550685
0 0.0866208 0.0293099 0.0148958 0.0321314 0.548223
0 0.365231 0.249904 0.0156493 0.0298703 0.547889
0 0.860014 0.379904 0.0192905 0.0356684 0.54701
0 0.300071 0.821522 0.0265158 0.0439741 0.545236
0 0.186268 0.909554 0.022419 0.0422736 0.545118
0 0.349073 0.35749 0.0152191 0.0326267 0.542826
0 0.122079 0.35233 0.0128401 0.0246504 0.542377
0 0.950812 0.82426 0.0232914 0.0396508 0.54193
0 0.101369 0.220915 0.0282966 0.0476387 0.541393
0 0.16959 0.132616 0.0120116 0.0269873 0.538492
0 0.93347 0.942433 0.0207617 0.0419216 0.537427
0 0.911122 0.947857 0.0173904 0.0320219 0.536663
0 0.962106 0.381995 0.0213871 0.0350869 0.53246
0 0.288117 0.865822 0.019636 0.0376326 0.532068
0 0.0982964 0.409131 0.0168039 0.0281403 0.532029
0 0.343732 0.198591 0.0167142 0.0302641 0.531489
0 0.315101 0.96734 0.0308988 0.0595945 0.527481
0 0.769097 0.207815 0.0165325 0.0275771 0.526695
0 0.807192 0.434054 0.0160156 0.0323285 0.525152
0 0.157729 0.0260859 0.018007 0.0314148 0.524453
0 0.535102 0.4899 0.0218654 0.0372654 0.523897
0 0.371593 0.598092 0.0213437 0.0367577 0.520449
0 0.703061 0.283031 0.0161949 0.0276969 0.520068
0 0.0950777 0.0626996 0.0152865 0.0252289 0.517193
0 0.133171 0.419717 0.0178099 0.0326185 0.512127
0 0.815434 0.0467806 0.0166115 0.0318726 0.512033
0 0.718481 0.205501 0.0209135 0.0319728 0.511138
0 0.0716843 0.140547 0.0223514 0.0432946 0.510556
0 0.122005 0.227466 0.0143182 0.0347027 0.509975
0 0.478447 0.525362 0.0206668 0.0425677 0.506641
0 0.302056 0.37889 0.019027 0.0288028 0.506006
0 0.535143 0.611662 0.0230957 0.0403746 0.504303
0 0.183792 0.132047 0.0144775 0.02976 0.503409
0 0.875046 0.885294 0.0171062 0.0308977 0.502295
0 0.0834265 0.0860534 0.0204954 0.0414984 0.501588
0 0.568694 0.472267 0.0238942 0.0384754 0.500154
0 0.371623 0.647967 0.0234042 0.044507 0.497913
0 0.570193 0.430376 0.0248049 0.0364248 0.497483
0 0.241818 0.0157165 0.0231724 0.0314331 0.492725
0 0.172003 0.0577345 0.0197815 0.0393517 0.488372
0 0.679586 0.407219 0.0266891 0.0349471 0.485063
0 0.833099 0.266302 0.0195328 0.0328451 0.48401
0 0.89574 0.876871 0.0181583 0.0317132 0.48362
0 0.466407 0.120619 0.0200339 0.035055 0.483121
0 0.319294 0.705434 0.0243479 0.0400336 0.481976
0 0.184302 0.172779 0.0184147 0.0344335 0.480454
0 0.668024 0.538254 0.0339817 0.0601418 0.480222
0 0.57236 0.857068 0.0184996 0.0303179 0.47727
0 0.24808 0.152517 0.0180572 0.0300308 0.476438
0 0.273659 0.154616 0.0208215 0.033743 0.475204
0 0.38418 0.958037 0.024322 0.0419479 0.474462
0 0.373282 0.181141 0.0202736 0.0399081 0.474182
0 0.429149 0.49959 0.0164845 0.0292172 0.474025
0 0.555181 0.630838 0.0137058 0.0293137 0.470372
0 0.881707 0.282568 0.0159505 0.0261983 0.468342
0 0.0746111 0.204406 0.0203766 0.0347437 0.4682
0 0.670383 0.803586 0.0263943 0.0394685 0.466172
0 0.929959 0.861469 0.0206097 0.0328298 0.464959
0 0.00331875 0.0659302 0.00662493 0.0283268 0.45908
0 0.946316 0.340658 0.0242302 0.0412427 0.458452
0 0.752029 0.38246 0.0162504 0.0348708 0.456081
0 0.0954349 0.15589 0.0180181 0.0359282 0.455709
0 0.69445 0.36938 0.0173848 0.0317813 0.4512
0 0.232442 0.0475297 0.0194219 0.0355719 0.45089
0 0.488954 0.586594 0.0116028 0.0199949 0.448982
0 0.290548 0.424353 0.0176424 0.0411358 0.446154
0 0.752098 0.255923 0.0156261 0.032435 0.442357
0 0.776679 0.425489 0.0140971 0.0225327 0.442116
0 0.347289 0.731901 0.0241496 0.0469811 0.441707
0 0.747519 0.3796 0.0236744 0.0388094 0.440914
0 0.342503 0.935071 0.0218777 0.0431481 0.438392
0 0.937371 0.897599 0.013059 0.030309 0.438205
0 0.285671 0.765073 0.014512 0.0234945 0.436255
0 0.754989 0.549388 0.0245106 0.0403136 0.432891
0 0.768122 0.0423262 0.0163284 0.0285957 0.428477
0 0.668854 0.0863889 0.0185596 0.0304654 0.42844
0 0.144635 0.222774 0.0155853 0.0276378 0.427317
0 0.870467 0.57908 0.0329037 0.0489782 0.427149
0 0.951696 0.926422 0.0118401 0.0244954 0.426994
0 0.929227 0.50463 0.0244259 0.0343114 0.42683
0 0.375265 0.196816 0.0168894 0.0246235 0.425978
0 0.051929 0.941874 0.0365819 0.0616625 0.424959
0 0.40576 0.925507 0.0270393 0.0518825 0.422786
0 0.141531 0.348262 0.0170864 0.0239236 0.421639
0 0.7144 0.243813 0.0176597 0.0271291 0.420803
0 0.67996 0.0159364 0.018272 0.0311885 0.419415
0 0.144248 0.452408 0.0194278 0.0266336 0.419126
0 0.932138 0.00938308 0.0233696 0.0182909 0.415025
0 0.43906 0.178772 0.019272 0.0302598 0.414169
0 0.134665 0.308704 0.015055 0.0276822 0.412161
0 0.78823 0.680525 0.0234951 0.0401626 0.411849
0 0.754349 0.0185767 0.0194815 0.0344992 0.408337
0 0.349618 0.418289 0.0413066 0.0610992 0.407092
0 0.146628 0.885563 0.0216728 0.0374668 0.406527
0 0.720886 0.655591 0.0203682 0.0357157 0.406075
0 0.750569 0.214686 0.0190764 0.0356798 0.405631
0 0.875812 0.192095 0.0133989 0.0292766 0.405192
0 0.296876 0.185896 0.0167282 0.0308041 0.402653
0 0.619304 0.633559 0.0191858 0.0323585 0.401976
0 0.707981 0.125613 0.0176193 0.0346873 0.401628
0 0.932456 0.948805 0.0183109 0.0451608 0.400303
0 0.905228 0.627865 0.0230242 0.0438933 0.399227
0 0.930409 0.827203 0.0155371 0.0320661 0.398995
0 0.784211 0.524165 0.0258812 0.0438006 0.396499
0 0.790238 0.198567 0.0146542 0.0261825 0.395757
0 0.0164375 0.00912168 0.0242909 0.0182434 0.393874
0 0.287736 0.981662 0.0233449 0.0359434 0.39266
0 0.414276 0.399245 0.0124819 0.0170307 0.392042
0 0.825757 0.38388 0.0268192 0.0441303 0.391363
0 0.551526 0.147887 0.0249877 0.0407313 0.390693
0 0.901441 0.914937 0.0143291 0.0208876 0.390035
0 0.717259 0.402185 0.0170525 0.0275265 0.388667
0 0.202658 0.297016 0.0205669 0.0390357 0.385815
0 0.13863 0.192226 0.0196122 0.0308942 0.38537
0 0.984024 0.884963 0.0205837 0.0344014 0.384441
0 0.393034 0.422531 0.0188913 0.0247052 0.382514
0 0.458493 0.0282199 0.0207691 0.0354708 0.382179
0 0.694796 0.328108 0.0228981 0.0320938 0.379298
0 0.14984 0.419005 0.0153484 0.0311682 0.377785
0 0.0165915 0.0839894 0.0142079 0.0241053 0.377222
0 0.49692 0.0278675 0.017028 0.030351 0.375303
0 0.376344 0.199076 0.0138721 0.022488 0.371646
0 0.437872 0.336782 0.01824 0.0254745 0.366929
0 0.822812 0.571084 0.0270056 0.0531856 0.365907
0 0.975558 0.0603609 0.0226875 0.0389677 0.364063
0 0.641317 0.0842799 0.0227643 0.0395581 0.363781
0 0.393531 0.220381 0.019781 0.0375245 0.362434
0 0.275543 0.342741 0.019416 0.034564 0.362033
0 0.372406 0.186557 0.0195693 0.0366378 0.361995
0 0.227965 0.351439 0.021828 0.0413645 0.359019
0 0.328253 0.384494 0.0145176 0.0255366 0.358461
0 0.279305 0.18987 0.0191751 0.0320975 0.357841
0 0.193922 0.0689207 0.0167237 0.0281017 0.354775
0 0.436096 0.0182863 0.0208076 0.0345325 0.352889
0 0.0607358 0.352183 0.01214 0.02497 0.350787
0 0.51217 0.0855729 0.0138833 0.0273096 0.347867
0 0.252819 0.337106 0.012528 0.0230347 0.345152
0 0.366275 0.470147 0.0160716 0.0295867 0.342502
0 0.79159 0.075045 0.0167595 0.0311955 0.341752
0 0.874946 0.117867 0.0183117 0.031573 0.339508
0 0.253525 0.0350167 0.0134762 0.0208066 0.339419
0 0.648663 0.228649 0.0138906 0.0299018 0.338323
0 0.905161 0.839858 0.0184844 0.0339681 0.334928
0 0.309234 0.0854324 0.0242727 0.0447786 0.330469
0 0.756164 0.0875557 0.0178843 0.0313509 0.328914
0 0.507082 0.530942 0.0236059 0.0390905 0.328073
0 0.240991 0.223311 0.0125063 0.0260468 0.327809
0 0.84946 0.52689 0.0253567 0.0420788 0.327497
0 0.836643 0.0424479 0.0158882 0.0306008 0.327408
0 0.205579 0.446121 0.0248069 0.0413897 0.325649
0 0.350758 0.664362 0.0222505 0.0466536 0.322552
0 0.790033 0.0419633 0.0155581 0.0257279 0.322443
0 0.610222 0.45809 0.0430061 0.075836 0.318722
0 0.00939224 0.958665 0.0187641 0.0800273 0.316647
0 0.305085 0.216153 0.012697 0.022125 0.315219
0 0.310314 0.772928 0.0194006 0.0339203 0.314851
0 0.117518 0.322158 0.017103 0.026975 0.313767
0 0.822733 0.332939 0.0195815 0.0356954 0.312765
0 0.749422 0.332918 0.0150454 0.0344091 0.306556
0 0.353773 0.552759 0.0202932 0.031544 0.306074
0 0.463613 0.190551 0.0152775 0.0263168 0.305782
0 0.898581 0.130376 0.0200731 0.028677 0.302622
0 0.608674 0.371471 0.0132502 0.0289563 0.30197
0 0.719233 0.173762 0.0165555 0.0220496 0.301851
0 0.312141 0.415983 0.0210877 0.0396666 0.296567
0 0.95823 0.0444399 0.0192202 0.0348818 0.296305
0 0.918498 0.136009 0.0173203 0.031684 0.295086
0 0.976701 0.515703 0.0220005 0.0369956 0.294625
0 0.670545 0.30613 0.0162756 0.027982 0.293669
0 0.487628 0.145947 0.0209928 0.0390085 0.293089
0 0.183563 0.204878 0.0123165 0.0193343 0.292908
0 0.981848 0.220973 0.0167801 0.0330635 0.289745
0 0.439257 0.211735 0.0199003 0.0323361 0.289656
0 0.299592 0.745586 0.0126421 0.0292189 0.289327
0 0.0430825 0.169632 0.0177548 0.031763 0.288893
0 0.85831 0.110573 0.0128063 0.0237941 0.287266
0 0.554734 0.878551 0.0240122 0.0336631 0.287104
0 0.744993 0.376164 0.0267597 0.0383024 0.287052
0 0.436504 0.38392 0.0209631 0.034797 0.286739
0 0.590482 0.515055 0.0231047 0.0387176 0.284499
0 0.684489 0.182658 0.0138264 0.0257609 0.282451
0 0.329935 0.543898 0.0173164 0.0297614 0.282439
0 0.259731 0.281339 0.0175047 0.0322453 0.279215
0 0.161014 0.204543 0.0126564 0.0234511 0.27842
0 0.212576 0.900025 0.0303231 0.0454237 0.278089
0 0.959859 0.881092 0.0218063 0.0381449 0.277497
0 0.26663 0.432278 0.0220084 0.0383659 0.277137
0 0.538134 0.421115 0.022082 0.0362825 0.276972
0 0.465716 0.164451 0.0168066 0.0292615 0.276446
0 0.321019 0.700041 0.0272031 0.0473122 0.276418
0 0.865277 0.253997 0.016309 0.0305723 0.276311
0 0.517671 0.258831 0.0204897 0.0348438 0.276006
0 0.872972 0.583371 0.0280014 0.0396005 0.272699
0 0.171241 0.242579 0.0133239 0.0262059 0.272679
0 0.233794 0.313477 0.0162378 0.0265665 0.27203
0 0.347097 0.24301 0.0163266 0.030918 0.271836
0 0.602136 0.650334 0.0186279 0.0385919 0.271568
0 0.277537 0.390369 0.0148969 0.0311103 0.271344
0 0.0858587 0.507157 0.0242127 0.0412001 0.270974
0 0.421612 0.218094 0.0117136 0.0250927 0.2692
0 0.921053 0.902707 0.0191366 0.0319085 0.268968
0 0.330987 0.251622 0.0160062 0.0277812 0.26812
0 0.0372179 0.115584 0.0107202 0.0323036 0.268078
0 0.703334 0.608719 0.0288932 0.0396536 0.266714
0 0.6081 0.646839 0.0156523 0.0358654 0.266423
0 0.560683 0.0635059 0.0189334 0.0326577 0.265345
0 0.631818 0.232928 0.0166897 0.0224994 0.264924
0 0.116042 0.112878 0.0231998 0.0350309 0.264231
0 0.887157 0.938474 0.0150627 0.027759 0.264138
0 0.865126 0.0733269 0.0170769 0.0352331 0.263525
0 0.559058 0.880875 0.0171141 0.0298767 0.262228
0 0.613501 0.91385 0.0227798 0.040468 0.260442
0 0.486955 0.561841 0.023012 0.0300708 0.259647
0 0.420375 0.344224 0.0137569 0.0214121 0.256911
0 0.88712 0.386681 0.0245838 0.04026 0.256435
0 0.162583 0.947258 0.022259 0.0413361 0.254562
0 0.473454 0.981206 0.0270283 0.0370443 0.254174
0 0.866402 0.328628 0.0216305 0.0387074 0.25303
0 0.937651 0.259838 0.0176529 0.0339569 0.250116
0 0.787356 0.522843 0.0230392 0.0390716 0.249733
0 0.644912 0.333947 0.0205799 0.034377 0.249637
0 0.918261 0.365268 0.0275288 0.0454894 0.249271
0 0.61682 0.472416 0.0304049 0.0464525 0.2488
0 0.486685 0.473554 0.0163873 0.0278629 0.248637
0 0.590311 0.312193 0.0193893 0.0346573 0.248629
0 0.105477 0.375686 0.0179057 0.0220982 0.247258
0 0.522074 0.0205528 0.018808 0.0285336 0.246559
0 0.0567416 0.323049 0.0145521 0.0261042 0.245846
0 0.795615 0.154984 0.0123352 0.0296591 0.245814
0 0.21728 0.821664 0.0226822 0.0328057 0.244285
0 0.622626 0.330454 0.0167225 0.0271134 0.243808
0 0.699886 0.221447 0.0109666 0.023232 0.241705
0 0.734147 0.732104 0.0232304 0.0366689 0.241664
0 0.221933 0.254591 0.0225539 0.0375359 0.241413
0 0.162875 0.29682 0.0181211 0.0322415 0.241286
0 0.202816 0.212207 0.017865 0.0184157 0.240816
0 0.423586 0.161291 0.0160864 0.0314395 0.240685
0 0.459031 0.345323 0.0166361 0.0289753 0.240623
0 0.27319 0.0394907 0.0191431 0.0313184 0.239504
0 0.425058 0.538154 0.0278391 0.0511251 0.238634
0 0.876907 0.584529 0.0200144 0.035101 0.237083
0 0.579013 0.157044 0.0172005 0.0302687 0.236382
0 0.163323 0.390744 0.0218779 0.0413923 0.236249
0 0.792736 0.0426346 0.013206 0.0243139 0.235892
0 0.363887 0.703202 0.0223993 0.0381613 0.235873
0 0.0341771 0.9814 0.018901 0.0346439 0.234556
0 0.307744 0.460681 0.026786 0.0379601 0.232626
0 0.884302 0.0121428 0.0161964 0.0242342 0.232422
0 0.746329 0.0575675 0.0158332 0.0186 0.231425
0 0.906307 0.165146 0.0154872 0.0259007 0.228863
0 0.463206 0.382169 0.0206108 0.028449 0.22885
0 0.684819 0.0184665 0.0256798 0.0356042 0.226584
0 0.696525 0.220862 0.0151297 0.0232404 0.226341
0 0.612252 0.467655 0.0370756 0.0548057 0.22428
0 0.063726 0.484716 0.0191575 0.0340138 0.223422
0 0.715786 0.239686 0.0204777 0.0329652 0.223373
0 0.248064 0.0768651 0.0149069 0.0252741 0.222992
0 0.0463323 0.092336 0.0142889 0.0253616 0.222477
0 0.28579 0.799363 0.01747 0.0257401 0.222175
0 0.833659 0.899838 0.01418 0.0218421 0.222149
0 0.582939 0.0131546 0.0160412 0.0233765 0.221312
0 0.866355 0.0694885 0.0204739 0.0428338 0.219188
0 0.23099 0.510166 0.0194406 0.0292941 0.218663
0 0.267199 0.85515 0.0174495 0.03856 0.217296
0 0.395757 0.0314994 0.0100594 0.025797 0.216998
0 0.62177 0.473576 0.026929 0.0450606 0.216105
0 0.304865 0.338941 0.0179747 0.0298959 0.215063
0 0.0504578 0.469202 0.0132646 0.0299705 0.215036
0 0.513571 0.0487649 0.013549 0.0213322 0.214135
0 0.122543 0.909209 0.026336 0.0431947 0.214056
0 0.0191282 0.416614 0.0169712 0.0275884 0.209559
0 0.996286 0.604683 0.00742817 0.0329559 0.209388
0 0.159142 0.709819 0.0180949 0.0301688 0.208915
0 0.541239 0.0498237 0.0141777 0.0243064 0.207882
0 0.204635 0.197421 0.0194352 0.0347751 0.207809
0 0.26006 0.224017 0.0215412 0.0339994 0.20743
0 0.91797 0.332121 0.0173222 0.024853 0.205327
0 0.982135 0.127536 0.0144997 0.0256853 0.205261
0 0.787254 0.040487 0.0139858 0.0255216 0.204495
0 0.964604 0.142047 0.021283 0.0326364 0.203468
0 0.990087 0.415982 0.019787 0.0532298 0.201217
0 0.0734862 0.445072 0.018011 0.022424 0.200927
0 0.786736 0.241006 0.0177733 0.0271461 0.20052
0 0.527728 0.0750168 0.0172261 0.0289195 0.20011
