0 0.531366 0.0757404 0.0247471 0.0363155 0.677106
0 0.480621 0.339031 0.0309461 0.0421448 0.657853
0 0.501841 0.295674 0.0272152 0.0352166 0.654685
0 0.479741 0.153407 0.018557 0.0381524 0.646697
0 0.256518 0.221633 0.0228861 0.0350761 0.640986
0 0.181139 0.147116 0.0218603 0.0341089 0.637486
0 0.0443709 0.0635233 0.0221456 0.0335297 0.635563
0 0.427275 0.344805 0.0201548 0.0327468 0.633038
0 0.295383 0.171495 0.019176 0.029909 0.632869
0 0.0432267 0.112381 0.0251196 0.0313964 0.632497
0 0.546776 0.154205 0.0213978 0.0355573 0.62519
0 0.568511 0.157867 0.0168022 0.0328239 0.624382
0 0.323724 0.188169 0.026602 0.0404294 0.623725
0 0.644742 0.0253816 0.0293102 0.0435386 0.623231
0 0.0785395 0.894261 0.0201601 0.0408559 0.622905
0 0.155341 0.151256 0.0200863 0.035448 0.617588
0 0.0518718 0.199317 0.0204903 0.0334771 0.614317
0 0.14307 0.10258 0.0202347 0.0337501 0.608296
0 0.518421 0.340773 0.0288185 0.0366134 0.606686
0 0.635608 0.311808 0.0185616 0.0297812 0.60558
0 0.579093 0.259622 0.0238316 0.0442369 0.603459
0 0.676171 0.21233 0.023888 0.0379019 0.603198
0 0.213178 0.189758 0.0195153 0.0346935 0.602847
0 0.231365 0.152184 0.0204866 0.0368983 0.598241
0 0.0221484 0.065792 0.0153932 0.0313581 0.592056
0 0.469744 0.397893 0.0210321 0.0320433 0.587404
0 0.191795 0.216598 0.0245868 0.0386082 0.585
0 0.45586 0.300001 0.0218445 0.0322782 0.583228
0 0.446291 0.406578 0.0137671 0.0255463 0.5771
0 0.708165 0.0929661 0.0272481 0.0523912 0.576635
0 0.00890795 0.986309 0.0167777 0.0258884 0.574635
0 0.116994 0.0662926 0.0228209 0.0365092 0.571329
0 0.1122 0.110976 0.0208754 0.031465 0.56956
0 0.511348 0.179181 0.0350958 0.048082 0.566392
0 0.559122 0.0635748 0.0182009 0.0309272 0.563908
0 0.666725 0.163066 0.0214062 0.0401186 0.560559
0 0.453195 0.355965 0.024256 0.0495734 0.556311
0 0.12441 0.921266 0.0198083 0.0366548 0.554718
0 0.351303 0.184992 0.0169147 0.0321945 0.544144
0 0.369516 0.172165 0.0169111 0.0308979 0.535575
0 0.376361 0.308717 0.0147467 0.0295243 0.534927
0 0.0531302 0.97364 0.0277789 0.0495716 0.529889
0 0.0603308 0.863377 0.0188266 0.0359117 0.528331
0 0.686254 0.0232252 0.0235157 0.0419169 0.527394
0 0.575124 0.326333 0.024803 0.0393094 0.524506
0 0.655516 0.207839 0.0130192 0.0274439 0.498889
0 0.139596 0.142963 0.0137171 0.0245361 0.498081
0 0.488447 0.385878 0.016366 0.0294885 0.49474
0 0.0242685 0.954672 0.0247115 0.034237 0.494116
0 0.50487 0.245104 0.0339821 0.040452 0.493581
0 0.00363935 0.197507 0.00727327 0.0344913 0.493305
0 0.465904 0.216731 0.0180832 0.0284477 0.489353
0 0.620635 0.257054 0.0212113 0.0361182 0.487344
0 0.219445 0.231606 0.0171218 0.0287197 0.48579
0 0.70357 0.160288 0.0211155 0.047329 0.484073
0 0.0922295 0.142516 0.0187178 0.0281469 0.481605
0 0.597664 0.231978 0.0222344 0.0461924 0.478561
0 0.636235 0.22399 0.0169598 0.0260109 0.470681
0 0.418697 0.243134 0.0243879 0.0388159 0.46961
0 0.480222 0.45562 0.016208 0.0295361 0.460549
0 0.649724 0.108422 0.020002 0.0361117 0.458861
0 0.346189 0.288876 0.0151322 0.0240826 0.456316
0 0.576525 0.211969 0.019669 0.0269101 0.455158
0 0.367559 0.259802 0.0230017 0.0394387 0.452579
0 0.64126 0.176982 0.0166856 0.0287037 0.448922
0 0.517311 0.179433 0.0245956 0.0463584 0.448888
0 0.343333 0.244647 0.0219221 0.0475164 0.448256
0 0.390705 0.322597 0.0165347 0.0307578 0.444206
0 0.588485 0.158424 0.0172215 0.03007 0.430892
0 0.551659 0.273459 0.0176397 0.0267374 0.42916
0 0.459059 0.178114 0.0138786 0.0228671 0.427601
0 0.302524 0.2672 0.0158718 0.0262361 0.425872
0 0.573012 0.101867 0.0166159 0.0308758 0.425745
0 0.177966 0.183725 0.0151257 0.0259555 0.423157
0 0.508049 0.126072 0.0200726 0.0419509 0.422435
0 0.00646504 0.94427 0.0128535 0.0387363 0.416621
0 0.15269 0.912387 0.0297939 0.0581317 0.414521
0 0.552603 0.447802 0.0195612 0.0333922 0.412762
0 0.537844 0.383886 0.014986 0.0284536 0.410691
0 0.541503 0.227155 0.0331374 0.0543937 0.401085
0 0.426147 0.126639 0.0144102 0.0228387 0.399901
0 0.598901 0.224102 0.0204666 0.0334863 0.397183
0 0.524123 0.307295 0.0116291 0.023743 0.395474
0 0.610774 0.320129 0.0258257 0.0411825 0.392365
0 0.363064 0.341344 0.016033 0.0278463 0.37405
0 0.00518982 0.0615002 0.0103198 0.0319923 0.371976
0 0.547417 0.342576 0.018935 0.032216 0.367855
0 0.294557 0.225685 0.0175161 0.0340052 0.367105
0 0.280392 0.308199 0.0266205 0.0416883 0.349333
0 0.0165437 0.905497 0.0222907 0.0459408 0.344083
0 0.63028 0.128459 0.0170158 0.0325255 0.343612
0 0.610081 0.158379 0.0170261 0.0255985 0.339643
0 0.650689 0.0683175 0.0141615 0.0331028 0.339562
0 0.570766 0.375562 0.0268037 0.0485325 0.336063
0 0.0745015 0.171527 0.0165428 0.0243258 0.33078
0 0.0683612 0.943116 0.0191583 0.0348789 0.330585
0 0.356425 0.313791 0.0168175 0.0268075 0.329348
0 0.556589 0.02849 0.0217933 0.0299629 0.326862
0 0.044864 0.926827 0.0180741 0.0321045 0.324917
0 0.542084 0.235575 0.0314808 0.0377911 0.324836
0 0.161416 0.198875 0.0122112 0.0228905 0.324261
0 0.560387 0.419285 0.0163815 0.0255697 0.323897
0 0.453415 0.376107 0.019684 0.026622 0.318159
0 0.0613946 0.166559 0.0164507 0.0273468 0.317001
0 0.408585 0.325131 0.0163689 0.0313266 0.316224
0 0.361386 0.385328 0.0175115 0.0323869 0.313016
0 0.184693 0.94566 0.0260345 0.0446689 0.301133
0 0.616543 0.0401013 0.0203694 0.030351 0.300064
0 0.462624 0.427288 0.0130432 0.0219854 0.295768
0 0.451693 0.24328 0.0131735 0.0232239 0.292424
0 0.605887 0.0878834 0.0132721 0.0275502 0.291131
0 0.588011 0.00827078 0.014426 0.0165416 0.290892
0 0.596699 0.357918 0.0239118 0.0378693 0.286749
0 0.145867 0.216438 0.0186989 0.0348762 0.286262
0 0.284707 0.344572 0.0326821 0.0307847 0.28001
0 0.0387806 0.88234 0.0197967 0.0337597 0.27576
0 0.514238 0.115614 0.0195526 0.0390581 0.273439
0 0.621873 0.0712149 0.0172531 0.0316661 0.273326
0 0.556815 0.419244 0.0208271 0.0248001 0.272549
0 0.13554 0.961414 0.0222444 0.0346337 0.270374
0 0.0272861 0.952674 0.0220642 0.0301378 0.270247
0 0.592772 0.122726 0.018507 0.0315588 0.264937
0 0.323588 0.345091 0.0205036 0.0365123 0.262847
0 0.318991 0.239425 0.0202593 0.0357243 0.260203
0 0.601974 0.185143 0.0143929 0.0258802 0.260173
0 0.0297297 0.990076 0.0147836 0.0188331 0.257505
0 0.541416 0.217462 0.0305982 0.0594412 0.254514
0 0.164678 0.239375 0.0244251 0.0297852 0.251192
0 0.645986 0.26657 0.0206946 0.0307356 0.249947
0 0.179697 0.184478 0.0203731 0.0278637 0.248665
0 0.477232 0.429049 0.0146629 0.0184667 0.248069
0 0.61792 0.0461777 0.0185766 0.0221976 0.245678
0 0.649204 0.255966 0.0257782 0.0420675 0.244375
0 0.0678214 0.168164 0.0169988 0.0277077 0.234971
0 0.0732392 0.103913 0.0281787 0.0451166 0.231319
0 0.647581 0.262606 0.0244098 0.0376378 0.229738
0 0.510526 0.12098 0.0244104 0.0479643 0.227886
0 0.203094 0.261065 0.0174824 0.0266713 0.227146
0 0.344918 0.239113 0.0207331 0.0384573 0.226021
0 0.197909 0.260487 0.0274708 0.0284961 0.218392
0 0.529195 0.275019 0.0165954 0.025474 0.216545
0 0.65385 0.246847 0.0220264 0.0354485 0.209996
0 0.320136 0.342294 0.0258426 0.0430998 0.206983
0 0.541199 0.203735 0.0296734 0.0340454 0.205553
0 0.544788 0.306261 0.024143 0.0348807 0.202447
0 0.632975 0.132552 0.0180317 0.0340968 0.201047
