0 0.372811 0.459565 0.027338 0.0495846 0.72244
0 0.229937 0.492692 0.0286267 0.0449025 0.702045
0 0.537661 0.107997 0.0311015 0.0455582 0.701719
0 0.0627839 0.571909 0.0187687 0.0360024 0.68663
0 0.217483 0.819755 0.0324995 0.0521432 0.6802
0 0.206236 0.61712 0.0222562 0.0367215 0.680042
0 0.320896 0.444731 0.0235935 0.0337256 0.676907
0 0.356722 0.0703572 0.0215569 0.0399769 0.674654
0 0.804488 0.420457 0.0351196 0.0530334 0.673467
0 0.337368 0.371242 0.0270963 0.0458872 0.672121
0 0.496637 0.0239255 0.0315112 0.0474142 0.670694
0 0.152805 0.464015 0.026314 0.0467809 0.664095
0 0.259726 0.479407 0.0199071 0.0341548 0.664015
0 0.256727 0.349111 0.0202517 0.0319426 0.660569
0 0.574584 0.373314 0.031221 0.044986 0.657252
0 0.0275185 0.626333 0.0224246 0.0445404 0.655603
0 0.380499 0.0423523 0.0201383 0.0380408 0.654806
0 0.541036 0.916547 0.0232036 0.0396776 0.653826
0 0.973201 0.253659 0.0259991 0.0462217 0.653589
0 0.588323 0.129754 0.0285943 0.0484425 0.650525
0 0.376971 0.106935 0.0241181 0.0425529 0.646838
0 0.180631 0.916316 0.023952 0.0553701 0.644967
0 0.688647 0.615651 0.0232836 0.0498595 0.643907
0 0.754607 0.548346 0.0209908 0.0371408 0.64388
0 0.384924 0.413482 0.0283876 0.0513271 0.642037
0 0.374374 0.321917 0.0241319 0.0398555 0.641312
0 0.619588 0.913549 0.0251253 0.0489224 0.640835
0 0.162825 0.95416 0.0188388 0.0368099 0.639546
0 0.925832 0.394734 0.0222084 0.0409705 0.638972
0 0.218431 0.39474 0.0226183 0.0383943 0.636978
0 0.283801 0.481899 0.0213671 0.0367598 0.636568
0 0.38031 0.844906 0.0203687 0.0388248 0.633486
0 0.676282 0.245123 0.0244818 0.0416984 0.631076
0 0.254219 0.220992 0.0250162 0.0473943 0.628823
0 0.277111 0.903078 0.0270679 0.0497998 0.627474
0 0.388422 0.195995 0.025037 0.0384727 0.62594
0 0.701172 0.532832 0.0275187 0.0519341 0.625394
0 0.952585 0.290625 0.0234962 0.0413663 0.623183
0 0.00731699 0.985605 0.014634 0.0270112 0.623066
0 0.854928 0.470859 0.0276937 0.0408097 0.618995
0 0.826113 0.710923 0.0210762 0.0386837 0.614225
0 0.671718 0.730216 0.02068 0.0365668 0.613457
0 0.365372 0.355656 0.0200272 0.0309272 0.611014
0 0.441911 0.645253 0.0198826 0.0396031 0.607354
0 0.261014 0.29258 0.0212764 0.0328054 0.605642
0 0.260003 0.586002 0.0367434 0.0660473 0.603198
0 0.395116 0.343485 0.0210478 0.0364864 0.600027
0 0.803461 0.934426 0.0189927 0.0333706 0.599132
0 0.310555 0.288062 0.0226947 0.0370232 0.598273
0 0.738087 0.764324 0.0190107 0.0308695 0.592808
0 0.137069 0.782766 0.0199371 0.0331265 0.586756
0 0.721962 0.967682 0.0240913 0.0387743 0.586056
0 0.428048 0.842216 0.0217216 0.0414096 0.584714
0 0.526685 0.761827 0.0243625 0.0450202 0.583964
0 0.933865 0.464591 0.0249813 0.0430601 0.575828
0 0.299836 0.4029 0.0181074 0.0309764 0.575281
0 0.774316 0.601681 0.0161084 0.029926 0.574959
0 0.196561 0.397776 0.0168393 0.0338911 0.569863
0 0.903116 0.569381 0.0187504 0.0390043 0.569745
0 0.533986 0.513713 0.0282259 0.0466148 0.565424
0 0.71244 0.597894 0.0126072 0.0300757 0.565198
0 0.405597 0.011517 0.0217735 0.0230339 0.564792
0 0.58873 0.484862 0.0174515 0.033886 0.561715
0 0.218428 0.44731 0.0262882 0.0351587 0.559397
0 0.602631 0.750966 0.0226973 0.0376728 0.558946
0 0.641877 0.925822 0.0150494 0.0318661 0.558364
0 0.0189216 0.0303858 0.0372578 0.0603156 0.556789
0 0.620395 0.644167 0.0216988 0.0402379 0.556104
0 0.352991 0.916556 0.0204391 0.0333859 0.552378
0 0.00948695 0.600917 0.0179595 0.0382404 0.552274
0 0.53769 0.835171 0.0189407 0.0314256 0.551106
0 0.84414 0.544237 0.0224184 0.0393159 0.551012
0 0.142485 0.408112 0.0195625 0.036192 0.550273
0 0.469693 0.816835 0.0194752 0.0322107 0.547464
0 0.605435 0.499406 0.0172911 0.0306571 0.54604
0 0.991083 0.643056 0.0178347 0.041158 0.538967
0 0.184578 0.321218 0.0214313 0.0346164 0.538932
0 0.88894 0.465257 0.0169186 0.0312759 0.5361
0 0.729482 0.514623 0.0140946 0.028498 0.535906
0 0.692378 0.790145 0.0199829 0.0405867 0.534767
0 0.805104 0.13435 0.0162104 0.0240742 0.534538
0 0.741585 0.933209 0.0220409 0.0390428 0.534455
0 0.778725 0.736476 0.0226032 0.0372335 0.534399
0 0.676325 0.777685 0.0141079 0.0269772 0.532163
0 0.292737 0.145453 0.0199439 0.0370532 0.531745
0 0.358679 0.595314 0.018214 0.0327223 0.531183
0 0.427513 0.382627 0.0295864 0.0488346 0.526957
0 0.0298035 0.818222 0.0219159 0.0328356 0.525789
0 0.311239 0.229892 0.0272324 0.0399812 0.524489
0 0.383142 0.621629 0.0264709 0.0445788 0.523727
0 0.177764 0.167121 0.0279983 0.0426759 0.521517
0 0.0556448 0.286611 0.0177341 0.0307209 0.521051
0 0.494577 0.801882 0.016536 0.0321221 0.519563
0 0.111136 0.511931 0.0288436 0.0432651 0.519355
0 0.828754 0.527045 0.0218658 0.0395925 0.516457
0 0.56766 0.105965 0.0204773 0.0335191 0.515181
0 0.355214 0.0217915 0.0257349 0.0423501 0.510692
0 0.20853 0.299173 0.0250106 0.0451273 0.505198
0 0.967315 0.703224 0.0191887 0.0331092 0.503319
0 0.725517 0.652662 0.0214245 0.0412279 0.501852
0 0.757247 0.683769 0.0188772 0.0363801 0.498087
0 0.651017 0.821216 0.018325 0.0375926 0.497112
0 0.563518 0.856324 0.0198608 0.0363758 0.495001
0 0.446034 0.352246 0.0189497 0.0303389 0.49462
0 0.461591 0.914432 0.0225971 0.039129 0.493515
0 0.31834 0.505837 0.0180298 0.0321686 0.490943
0 0.453908 0.720137 0.0175118 0.028403 0.490045
0 0.296878 0.180432 0.0148864 0.0279302 0.485326
0 0.0126555 0.659884 0.0213338 0.0328488 0.484745
0 0.357144 0.771838 0.0165431 0.0306902 0.483104
0 0.975694 0.529855 0.0216763 0.0340461 0.482085
0 0.804866 0.0888734 0.0178555 0.0265245 0.480907
0 0.279711 0.193651 0.0190624 0.0371847 0.477955
0 0.340083 0.634357 0.0160094 0.0489882 0.477539
0 0.261535 0.599904 0.0349355 0.0413588 0.474288
0 0.0762994 0.0201908 0.0276116 0.0394837 0.474268
0 0.906351 0.692069 0.0184244 0.0347477 0.466406
0 0.185292 0.463968 0.022507 0.0357135 0.458445
0 0.820028 0.907116 0.0193493 0.025098 0.454205
0 0.284128 0.392568 0.0161923 0.0308563 0.452324
0 0.903659 0.860711 0.0180992 0.0296468 0.448792
0 0.459295 0.667816 0.0164805 0.0340964 0.448273
0 0.435725 0.950132 0.0226564 0.0397854 0.445764
0 0.0470456 0.0602992 0.0194775 0.0315141 0.44105
0 0.0825793 0.949325 0.0135612 0.0242376 0.437195
0 0.542013 0.465703 0.0234629 0.0400986 0.434134
0 0.3492 0.956941 0.0214847 0.0422512 0.433199
0 0.668989 0.669721 0.0191603 0.0372732 0.431397
0 0.95831 0.917567 0.0232071 0.0452065 0.428935
0 0.100455 0.349605 0.0285843 0.0509343 0.42879
0 0.493668 0.685481 0.0212336 0.0320193 0.428316
0 0.546067 0.598235 0.0207603 0.0341956 0.4276
0 0.322169 0.662085 0.0240386 0.03942 0.425429
0 0.475818 0.488069 0.0186541 0.0297543 0.42283
0 0.852959 0.785783 0.0236474 0.0342563 0.422574
0 0.479374 0.869406 0.0188589 0.036787 0.421981
0 0.604248 0.671688 0.0180595 0.0312088 0.420636
0 0.194287 0.353353 0.0208092 0.0316503 0.412625
0 0.0398367 0.582674 0.0238437 0.0442991 0.412088
0 0.502657 0.391621 0.0294592 0.0443098 0.406282
0 0.253672 0.44537 0.0165725 0.0271194 0.406129
0 0.224202 0.238607 0.0308047 0.0584501 0.398428
0 0.755485 0.63142 0.0232708 0.0443078 0.385909
0 0.546607 0.738311 0.0163001 0.0319946 0.384663
0 0.487894 0.629946 0.0237215 0.0383247 0.383628
0 0.829975 0.206873 0.0198505 0.0331947 0.383619
0 0.468502 0.640146 0.0158237 0.0270209 0.380682
0 0.572588 0.900177 0.0181254 0.0304827 0.379292
0 0.579224 0.668249 0.0169537 0.0367776 0.378886
0 0.334812 0.087634 0.0217361 0.0377181 0.376197
0 0.457212 0.524918 0.0157238 0.0286643 0.373916
0 0.894003 0.752763 0.0188351 0.0338006 0.373716
0 0.031356 0.502031 0.0175704 0.034495 0.372077
0 0.5137 0.498873 0.0202667 0.0331948 0.369147
0 0.269213 0.604379 0.0200648 0.032359 0.366624
0 0.568628 0.958785 0.0215947 0.0402123 0.364845
0 0.0766335 0.88099 0.0211005 0.0375834 0.364663
0 0.0199741 0.549203 0.0166772 0.0256692 0.363936
0 0.376509 0.785884 0.0241622 0.037057 0.363095
0 0.523926 0.872476 0.0235153 0.0386315 0.362965
0 0.854924 0.134026 0.0137058 0.0200958 0.360931
0 0.493 0.462256 0.0173344 0.0310103 0.359692
0 0.863567 0.0570834 0.015633 0.0264272 0.359192
0 0.828295 0.479279 0.0172142 0.0303557 0.358452
0 0.669039 0.562371 0.0284807 0.0464163 0.355681
0 0.510932 0.596421 0.0176426 0.0297326 0.350778
0 0.840734 0.668044 0.0232513 0.0388772 0.347497
0 0.796309 0.524528 0.0167205 0.0319122 0.346707
0 0.900652 0.489962 0.0180988 0.026445 0.345035
0 0.715543 0.907986 0.0168461 0.0332577 0.343708
0 0.442524 0.774718 0.0199453 0.0359858 0.342836
0 0.943042 0.124164 0.0208401 0.0353235 0.342198
0 0.870262 0.931681 0.0164656 0.0270233 0.341722
0 0.40322 0.761197 0.0178059 0.0397925 0.341604
0 0.48689 0.946748 0.0222693 0.0350546 0.339151
0 0.074836 0.0129123 0.0264246 0.025247 0.338462
0 0.840905 0.109274 0.0143305 0.0234942 0.338048
0 0.762434 0.488232 0.0228447 0.0400613 0.337952
0 0.222568 0.248272 0.026808 0.0398664 0.337175
0 0.630236 0.602605 0.0216051 0.0404772 0.336402
0 0.852723 0.0849002 0.0138569 0.0235921 0.335329
0 0.993166 0.583032 0.0136684 0.0345289 0.328491
0 0.708418 0.279788 0.0343374 0.0481089 0.327793
0 0.0250953 0.100557 0.0145243 0.0291595 0.327788
0 0.178016 0.98264 0.0170891 0.0300788 0.326301
0 0.814405 0.0192169 0.0161015 0.0263309 0.32276
0 0.477983 0.592052 0.0136612 0.0234716 0.320907
0 0.865125 0.966872 0.0128021 0.023564 0.319121
0 0.880915 0.175625 0.014164 0.0237517 0.314463
0 0.345012 0.755848 0.0328975 0.047839 0.310729
0 0.311303 0.375523 0.015008 0.0185198 0.305201
0 0.173477 0.7143 0.020777 0.0219326 0.304351
0 0.237236 0.32668 0.0159039 0.0227879 0.303505
0 0.739445 0.928731 0.0229636 0.0391807 0.301388
0 0.362613 0.269221 0.0282688 0.0452762 0.298405
0 0.914143 0.779647 0.0210907 0.0388184 0.296905
0 0.0124028 0.853347 0.0239347 0.0522651 0.295655
0 0.590616 0.882885 0.0139035 0.0256229 0.295338
0 0.391323 0.956599 0.0151734 0.0289292 0.293092
0 0.877796 0.880181 0.0136492 0.0251516 0.291154
0 0.645217 0.590948 0.0220687 0.0480086 0.289725
0 0.438143 0.982087 0.0219259 0.0351942 0.282125
0 0.0510291 0.00786597 0.0201906 0.0153233 0.279912
0 0.820848 0.662105 0.0168709 0.032137 0.279521
0 0.403469 0.875802 0.0187031 0.0285651 0.278193
0 0.110809 0.978169 0.018793 0.0361715 0.276223
0 0.664096 0.919973 0.0182009 0.026279 0.274468
0 0.644886 0.884981 0.0136571 0.0285007 0.273466
0 0.955428 0.807586 0.0179484 0.0324403 0.271818
0 0.825146 0.799163 0.0160965 0.0294671 0.271475
0 0.253887 0.0798686 0.0239323 0.0406256 0.271104
0 0.970267 0.631752 0.0184236 0.0312415 0.270169
0 0.378325 0.735407 0.0306601 0.045756 0.269929
0 0.0258918 0.017156 0.0236847 0.0340632 0.2699
0 0.805437 0.55999 0.0201225 0.0314816 0.266124
0 0.551096 0.871261 0.0118898 0.0240919 0.265146
0 0.0403752 0.468773 0.0146715 0.0260532 0.264912
0 0.83033 0.134451 0.0142521 0.0212182 0.264261
0 0.769052 0.93146 0.0170715 0.0297563 0.261686
0 0.89416 0.75845 0.0197774 0.0471436 0.260994
0 0.0282731 0.506093 0.0225893 0.0392707 0.260771
0 0.1624 0.903068 0.0121098 0.0318061 0.259882
0 0.506208 0.392782 0.0232688 0.0393929 0.259649
0 0.454578 0.610896 0.0153062 0.0254106 0.258381
0 0.491205 0.634491 0.0223473 0.0380064 0.256825
0 0.00691826 0.822904 0.0136914 0.0304996 0.254354
0 0.940029 0.719649 0.0196331 0.0339648 0.254004
0 0.834232 0.40339 0.0253374 0.0455126 0.253564
0 0.759321 0.688197 0.0205936 0.0386755 0.249717
0 0.973594 0.500849 0.0207588 0.0244631 0.249621
0 0.969635 0.772736 0.0173813 0.0293979 0.248947
0 0.330497 0.0318851 0.0234071 0.0421181 0.248246
0 0.908137 0.907667 0.0149094 0.02673 0.244712
0 0.103908 0.811587 0.0223839 0.0355013 0.244042
0 0.359501 0.674357 0.016507 0.0253465 0.243342
0 0.744983 0.490549 0.010755 0.0327749 0.239117
0 0.725601 0.431593 0.0197599 0.0273419 0.235854
0 0.380623 0.981645 0.0174231 0.0343211 0.235707
0 0.29055 0.864376 0.0221207 0.0375063 0.233969
0 0.714333 0.284246 0.0235256 0.0402325 0.233156
0 0.791412 0.0211528 0.0172838 0.0264964 0.231258
0 0.443121 0.542085 0.0148783 0.0266061 0.227931
0 0.0104038 0.669371 0.0208076 0.0534403 0.226889
0 0.641324 0.593663 0.0289879 0.0526947 0.226375
0 0.803424 0.0441959 0.0147802 0.0173515 0.221924
0 0.896048 0.246838 0.0148685 0.0219218 0.219029
0 0.6251 0.987837 0.021291 0.0239438 0.218454
0 0.781736 0.979119 0.0269781 0.0386536 0.217634
0 0.518786 0.910971 0.015938 0.0319567 0.216971
0 0.545774 0.426321 0.0213463 0.0346725 0.215482
0 0.230052 0.943912 0.0213961 0.0347157 0.212256
0 0.867505 0.154452 0.0136379 0.0216124 0.211987
0 0.532093 0.706352 0.0207752 0.0354532 0.211717
0 0.0643031 0.962243 0.0200644 0.034585 0.210293
0 0.925096 0.264841 0.0207577 0.0336991 0.210103
0 0.839826 0.0608679 0.0129337 0.0199809 0.209952
0 0.827087 0.0417361 0.0146347 0.0229226 0.208381
0 0.663573 0.878552 0.01967 0.0304989 0.207016
0 0.992476 0.767404 0.0150477 0.0423997 0.207015
0 0.807561 0.690453 0.0161521 0.0283966 0.206365
0 0.744966 0.937231 0.0173396 0.0352912 0.204573
0 0.341728 0.638783 0.0170715 0.045363 0.204251
0 0.741568 0.710648 0.0195427 0.0406164 0.202732
0 0.730941 0.600399 0.0200443 0.026118 0.2009
