0 0.291783 0.315884 0.0275768 0.0532772 0.68748
0 0.175139 0.64069 0.0265585 0.0336708 0.675916
0 0.212666 0.410055 0.0253221 0.0437154 0.67157
0 0.18257 0.518626 0.0240549 0.043702 0.671267
0 0.152762 0.338336 0.0267021 0.0477379 0.670756
0 0.0948066 0.169196 0.0225248 0.0384558 0.654401
0 0.66374 0.976013 0.0232088 0.0410066 0.651951
0 0.181616 0.423474 0.022797 0.0403436 0.649393
0 0.124649 0.357834 0.0223639 0.0384176 0.649226
0 0.155185 0.224055 0.0224977 0.0378608 0.645365
0 0.164217 0.594792 0.020852 0.038377 0.642937
0 0.557377 0.159672 0.0193576 0.0364458 0.642419
0 0.709964 0.784193 0.0193288 0.0344293 0.640913
0 0.639378 0.321089 0.0197824 0.0359937 0.639539
0 0.338602 0.505367 0.0231084 0.0444041 0.638164
0 0.170014 0.899607 0.0167276 0.0336107 0.637106
0 0.111192 0.519152 0.0250981 0.041635 0.633701
0 0.207662 0.182795 0.0246187 0.043168 0.633077
0 0.442495 0.196749 0.0198704 0.0318041 0.632307
0 0.504953 0.378059 0.0262585 0.0418581 0.630588
0 0.110097 0.954124 0.0214665 0.0387845 0.629685
0 0.0211782 0.93583 0.0222373 0.0390107 0.627922
0 0.172466 0.276116 0.0225277 0.038299 0.624253
0 0.227564 0.139724 0.0158868 0.0344206 0.622269
0 0.218049 0.299377 0.0212024 0.0323548 0.618556
0 0.241326 0.0202913 0.0200002 0.0368277 0.618021
0 0.0301808 0.52317 0.0174423 0.0311208 0.6169
0 0.121086 0.633218 0.0191557 0.0414543 0.614909
0 0.0370699 0.178058 0.0209396 0.0322239 0.614091
0 0.0253518 0.241531 0.0127509 0.0355323 0.613275
0 0.473457 0.0275537 0.0299637 0.0546614 0.612353
0 0.0890765 0.62113 0.0322393 0.0555294 0.61205
0 0.59019 0.361167 0.0192574 0.0357592 0.607553
0 0.831019 0.601723 0.0175262 0.0311791 0.606221
0 0.715509 0.951655 0.0190056 0.0348707 0.605857
0 0.611357 0.557503 0.0185749 0.0374943 0.604686
0 0.0473947 0.350783 0.0266505 0.0468383 0.604453
0 0.390132 0.32072 0.0249439 0.042524 0.604199
0 0.132745 0.0720097 0.023417 0.0378161 0.602968
0 0.350999 0.466025 0.0205978 0.0376513 0.601236
0 0.314204 0.9619 0.0218757 0.0325996 0.600047
0 0.0339321 0.285427 0.0202673 0.0338734 0.599794
0 0.0075889 0.0792581 0.0145291 0.028186 0.599347
0 0.584502 0.156291 0.0172153 0.0274784 0.598269
0 0.00838652 0.119801 0.016773 0.032481 0.596375
0 0.480881 0.436834 0.0183716 0.033834 0.592388
0 0.447928 0.895103 0.0197376 0.0346871 0.590276
0 0.510527 0.425022 0.0212065 0.0337004 0.587933
0 0.37062 0.365189 0.0237962 0.038426 0.584177
0 0.0818625 0.495622 0.02591 0.0370349 0.582827
0 0.520513 0.17739 0.0164303 0.0292451 0.582536
0 0.0305556 0.611544 0.0203815 0.0369848 0.581252
0 0.0242974 0.14039 0.0196902 0.033058 0.579778
0 0.405793 0.98726 0.026488 0.0242919 0.579186
0 0.0965865 0.436988 0.0262279 0.0543888 0.577896
0 0.215967 0.979721 0.0239158 0.0370617 0.57657
0 0.332349 0.219313 0.0159175 0.0323309 0.575243
0 0.260284 0.466753 0.029612 0.0504763 0.574246
0 0.139367 0.441465 0.0258536 0.040763 0.5731
0 0.982068 0.503366 0.0172453 0.0318306 0.571656
0 0.435442 0.967687 0.0264657 0.0417237 0.56958
0 0.330278 0.891934 0.0240666 0.0431139 0.568449
0 0.257014 0.228876 0.0181061 0.0294991 0.567755
0 0.0730686 0.567766 0.0246422 0.0457867 0.564136
0 0.19248 0.96822 0.0160671 0.032666 0.564066
0 0.410187 0.954741 0.0221567 0.034415 0.56293
0 0.0785292 0.964742 0.0209011 0.0348247 0.558877
0 0.476705 0.926943 0.0226286 0.0381321 0.554912
0 0.336606 0.669719 0.0325762 0.058639 0.554715
0 0.274391 0.837677 0.0186235 0.0307051 0.551527
0 0.535604 0.396991 0.0276245 0.0377039 0.54789
0 0.430563 0.220181 0.0132616 0.025481 0.547506
0 0.00848931 0.219335 0.0166821 0.03512 0.547028
0 0.294204 0.627181 0.0222541 0.0407685 0.543981
0 0.738554 0.650062 0.0234108 0.0349979 0.542723
0 0.207165 0.0416127 0.0178404 0.0317163 0.540229
0 0.352026 0.755414 0.024005 0.0418933 0.534082
0 0.185049 0.203495 0.0160717 0.0280529 0.533962
0 0.274938 0.567031 0.0175071 0.027547 0.526625
0 0.241244 0.271439 0.0173315 0.0357124 0.525794
0 0.751913 0.674644 0.0200439 0.0308342 0.524545
0 0.654065 0.921794 0.0193456 0.0339657 0.524479
0 0.305245 0.862649 0.0292747 0.0431376 0.516773
0 0.0480042 0.0275044 0.0163435 0.0323785 0.510499
0 0.66489 0.546912 0.0148313 0.0295746 0.510094
0 0.138499 0.566371 0.015835 0.0253487 0.508944
0 0.629559 0.541416 0.0142475 0.0285641 0.50789
0 0.844526 0.778032 0.0235874 0.0418294 0.507879
0 0.992485 0.622175 0.0150305 0.0380744 0.507467
0 0.0770701 0.0769528 0.0220191 0.0400371 0.50227
0 0.150137 0.741113 0.0219722 0.0411221 0.500848
0 0.890503 0.483958 0.0292408 0.0482006 0.498208
0 0.277686 0.0551791 0.0140109 0.0261193 0.49665
0 0.0739511 0.267165 0.0162788 0.0297707 0.496227
0 0.0510218 0.420688 0.0252788 0.0427143 0.493336
0 0.994447 0.373906 0.0111061 0.0311061 0.493039
0 0.199826 0.306885 0.0128246 0.0260036 0.49161
0 0.216173 0.0931024 0.0186861 0.0344151 0.490405
0 0.218384 0.664894 0.0279725 0.0452109 0.489527
0 0.68034 0.307545 0.0196843 0.0343333 0.487716
0 0.237655 0.796219 0.0233978 0.0352861 0.487118
0 0.48432 0.580894 0.016111 0.0317017 0.48444
0 0.812597 0.773273 0.0196758 0.033119 0.483401
0 0.416927 0.191999 0.018474 0.0309928 0.481555
0 0.568918 0.96592 0.0164753 0.0279989 0.480732
0 0.545127 0.0165253 0.0222547 0.0330507 0.480264
0 0.0873783 0.732624 0.0182926 0.0323171 0.475237
0 0.080605 0.232234 0.0226959 0.0330302 0.474917
0 0.269237 0.982548 0.0202439 0.0323611 0.472932
0 0.618683 0.944722 0.0167264 0.0320795 0.472914
0 0.635067 0.85778 0.018513 0.0296254 0.472852
0 0.0472409 0.807797 0.0168318 0.0346581 0.467721
0 0.357968 0.292311 0.0178634 0.0318635 0.467678
0 0.250867 0.199387 0.0172012 0.0278272 0.466746
0 0.192763 0.47783 0.0201143 0.0314183 0.465824
0 0.76503 0.0924758 0.0173183 0.030967 0.461627
0 0.69171 0.610583 0.0176881 0.0272708 0.461357
0 0.707023 0.729471 0.0154568 0.0317613 0.460316
0 0.730284 0.407008 0.0234517 0.0401152 0.453069
0 0.531147 0.13997 0.0170014 0.0280314 0.447454
0 0.690987 0.900323 0.0164047 0.0313575 0.443983
0 0.286059 0.687086 0.0161752 0.0250766 0.443333
0 0.528494 0.874336 0.0288855 0.0405094 0.443071
0 0.0639957 0.113081 0.0193672 0.0328774 0.439311
0 0.0766382 0.139645 0.0191576 0.0326446 0.437491
0 0.273777 0.765787 0.0208278 0.036594 0.434913
0 0.437184 0.561429 0.0192579 0.0328824 0.434891
0 0.881299 0.252176 0.0170357 0.0300333 0.434778
0 0.603458 0.142197 0.0170093 0.025694 0.434435
0 0.263099 0.266483 0.0207648 0.0364578 0.432799
0 0.143899 0.857286 0.0209209 0.0363491 0.431683
0 0.204232 0.804466 0.0172784 0.0353 0.430889
0 0.467368 0.968032 0.0241521 0.0372542 0.430415
0 0.582051 0.305517 0.0192087 0.0289817 0.428725
0 0.578002 0.820397 0.0211294 0.0418355 0.428591
0 0.861905 0.812075 0.0162912 0.0294271 0.42583
0 0.38046 0.964165 0.0205248 0.034095 0.42534
0 0.0559402 0.518873 0.0194423 0.0367298 0.422768
0 0.41508 0.516568 0.0248129 0.0367406 0.422116
0 0.121059 0.687521 0.0183064 0.0338924 0.420654
0 0.197325 0.133509 0.0231318 0.0415855 0.415838
0 0.687969 0.751856 0.0221363 0.0374054 0.414612
0 0.139658 0.262388 0.0163331 0.0267949 0.412349
0 0.9214 0.462985 0.0226196 0.0371085 0.412263
0 0.245642 0.124415 0.0166631 0.0336594 0.407259
0 0.335599 0.844572 0.0172481 0.0331194 0.407009
0 0.166854 0.846484 0.0216341 0.0406253 0.405892
0 0.0854468 0.873154 0.0200204 0.0371769 0.403178
0 0.17248 0.471046 0.0151413 0.0301929 0.403051
0 0.095802 0.772309 0.016334 0.0252123 0.402192
0 0.256256 0.339291 0.0210689 0.0384577 0.400362
0 0.183716 0.796367 0.0148082 0.0282535 0.398366
0 0.980883 0.347607 0.0177792 0.0351047 0.397582
0 0.181406 0.332866 0.0203546 0.0380605 0.393042
0 0.0452785 0.242269 0.0213783 0.0358286 0.391629
0 0.320933 0.396661 0.0197107 0.0284929 0.388884
0 0.707654 0.865224 0.019239 0.0298459 0.388297
0 0.865221 0.295181 0.0231731 0.0365662 0.388166
0 0.607609 0.83588 0.0161605 0.0362339 0.387583
0 0.291035 0.976678 0.0177693 0.0342985 0.386835
0 0.207805 0.463896 0.0116411 0.0286446 0.385672
0 0.0944113 0.987178 0.0196203 0.0243252 0.385012
0 0.107928 0.271932 0.0183053 0.0374877 0.384805
0 0.667286 0.838053 0.0178984 0.0301195 0.383273
0 0.784422 0.468432 0.0241566 0.0445213 0.383084
0 0.473176 0.530942 0.0186319 0.0354626 0.379259
0 0.493256 0.137893 0.0175802 0.0301606 0.375066
0 0.389704 0.797403 0.0225896 0.0448324 0.37487
0 0.301004 0.376915 0.0244723 0.0525085 0.374063
0 0.812687 0.704038 0.0153292 0.0294586 0.373187
0 0.138526 0.3005 0.019008 0.0360721 0.37058
0 0.361154 0.52792 0.0145222 0.0264729 0.369645
0 0.215064 0.255685 0.0174234 0.0343043 0.363612
0 0.411704 0.148931 0.018224 0.0311122 0.361037
0 0.0679299 0.855254 0.0134702 0.0271479 0.360798
0 0.167484 0.176507 0.0186255 0.0329798 0.356882
0 0.991754 0.019445 0.0164912 0.0380875 0.355203
0 0.90219 0.788779 0.0192425 0.0348662 0.355111
0 0.383363 0.276892 0.0174586 0.0328926 0.35442
0 0.780466 0.266796 0.0189565 0.0369402 0.353999
0 0.171797 0.946115 0.0153391 0.0319621 0.353623
0 0.845519 0.554522 0.0174335 0.0290115 0.353244
0 0.812481 0.596845 0.0141886 0.0279778 0.353155
0 0.292828 0.256032 0.0207688 0.0345562 0.351886
0 0.35956 0.10694 0.0165791 0.0304924 0.350468
0 0.0472577 0.338402 0.0251824 0.0575882 0.348361
0 0.251301 0.0708473 0.0178334 0.0323465 0.345446
0 0.166 0.128876 0.0224294 0.0281208 0.343176
0 0.724487 0.901862 0.0207733 0.0361677 0.341937
0 0.981235 0.397906 0.0176119 0.030939 0.34159
0 0.256627 0.965455 0.0122175 0.0268087 0.341505
0 0.0391509 0.877677 0.0197861 0.042059 0.340612
0 0.314217 0.712131 0.024018 0.0397658 0.34038
0 0.19583 0.239368 0.0151342 0.02425 0.339444
0 0.762594 0.886244 0.0158183 0.0304555 0.337637
0 0.137474 0.932538 0.0199979 0.0364005 0.33685
0 0.265246 0.639176 0.0228977 0.0366733 0.336778
0 0.475152 0.857958 0.0232505 0.0495136 0.336112
0 0.825486 0.318892 0.0163685 0.0324947 0.333527
0 0.359432 0.829436 0.0301576 0.0532983 0.332633
0 0.192243 0.854424 0.0222273 0.0330717 0.331021
0 0.979445 0.46813 0.0182632 0.0299977 0.3278
0 0.0201557 0.849141 0.0158778 0.0281379 0.322884
0 0.41691 0.910007 0.0238942 0.0419937 0.322675
0 0.306755 0.164365 0.0257055 0.0439646 0.321412
0 0.185479 0.925818 0.0157975 0.0272939 0.320007
0 0.765441 0.932538 0.0205659 0.0379478 0.318562
0 0.642212 0.958136 0.0195379 0.0364424 0.312913
0 0.541712 0.0839353 0.017701 0.028944 0.312095
0 0.0586189 0.159207 0.0153536 0.0256916 0.312037
0 0.298694 0.38208 0.0264597 0.0642039 0.310948
0 0.230835 0.441154 0.0209836 0.035418 0.309833
0 0.247704 0.870813 0.0191812 0.0317664 0.309171
0 0.0263746 0.817173 0.0209916 0.0317071 0.304947
0 0.696875 0.814988 0.0162598 0.0319923 0.304824
0 0.275711 0.912672 0.0212578 0.0347921 0.30287
0 0.27736 0.159783 0.0229243 0.0371291 0.299818
0 0.574179 0.331847 0.0209394 0.0296166 0.298555
0 0.196146 0.27192 0.0136807 0.0257828 0.297998
0 0.0981728 0.0930793 0.0109521 0.027419 0.290897
0 0.52265 0.228129 0.0135223 0.0302537 0.290022
0 0.234215 0.237464 0.0184848 0.0331511 0.28824
0 0.995615 0.480634 0.00877018 0.0273109 0.287367
0 0.504212 0.2369 0.0179073 0.0302168 0.286083
0 0.175031 0.0933656 0.0177663 0.0323586 0.286006
0 0.991815 0.0686208 0.0158173 0.0287722 0.281261
0 0.450651 0.477128 0.0147335 0.0291829 0.278055
0 0.439645 0.141029 0.0220423 0.032685 0.27573
0 0.411537 0.469109 0.031568 0.0475174 0.273894
0 0.209323 0.600103 0.0333901 0.0416868 0.273792
0 0.0714905 0.306328 0.0167856 0.0301637 0.272429
0 0.183829 0.607716 0.0131262 0.0246528 0.270914
0 0.0656081 0.116326 0.0170718 0.0326851 0.270273
0 0.106864 0.843847 0.0303868 0.0404432 0.267252
0 0.723069 0.240892 0.0150421 0.0283066 0.26687
0 0.107958 0.595817 0.0181866 0.0299146 0.266778
0 0.50807 0.841425 0.0159613 0.027476 0.266302
0 0.624626 0.28746 0.0182709 0.0322306 0.264054
0 0.21067 0.514028 0.0194324 0.0338548 0.263426
0 0.306072 0.80667 0.018386 0.0308867 0.263199
0 0.766158 0.790803 0.0206034 0.0375788 0.261033
0 0.821166 0.90352 0.0198742 0.0334196 0.260467
0 0.454335 0.855174 0.0183178 0.0427066 0.259856
0 0.475631 0.178696 0.0209791 0.03701 0.25968
0 0.88946 0.180945 0.0149986 0.0260402 0.259205
0 0.195133 0.112033 0.0207599 0.0257202 0.258966
0 0.606076 0.201653 0.0198858 0.0325494 0.257863
0 0.280054 0.360931 0.0160819 0.0242296 0.257171
0 0.164283 0.178619 0.0231543 0.0373854 0.257003
0 0.92075 0.401042 0.0200501 0.0279251 0.256921
0 0.507953 0.735794 0.018425 0.0334561 0.25577
0 0.267154 0.0113425 0.0165243 0.0220055 0.254711
0 0.779117 0.217917 0.0149328 0.0269832 0.253092
0 0.212425 0.351746 0.0156891 0.0438976 0.252906
0 0.371939 0.0864111 0.015479 0.0253091 0.252227
0 0.500474 0.162832 0.0157047 0.024867 0.251041
0 0.216892 0.258903 0.0175764 0.0309092 0.249958
0 0.265322 0.111169 0.0189606 0.0366651 0.249075
0 0.120714 0.198844 0.0233351 0.0374119 0.249065
0 0.700821 0.642517 0.0180866 0.0303118 0.248438
0 0.26036 0.913042 0.0139199 0.0327335 0.247787
0 0.218485 0.0150507 0.0127227 0.0200437 0.246317
0 0.265799 0.593477 0.0174755 0.0343239 0.245987
0 0.662355 0.872232 0.0189617 0.0290422 0.245536
0 0.2453 0.328977 0.0186408 0.029331 0.245237
0 0.586387 0.946345 0.0188877 0.0293976 0.244337
0 0.529578 0.0431602 0.0189594 0.0367972 0.243184
0 0.531605 0.337576 0.0183442 0.0272728 0.242714
0 0.584507 0.254221 0.0260113 0.0492854 0.242509
0 0.898892 0.830954 0.0135965 0.0278446 0.241638
0 0.7468 0.669662 0.0169634 0.0338334 0.240946
0 0.258457 0.966647 0.0106161 0.0241104 0.240299
0 0.658543 0.406539 0.0210444 0.0287647 0.239437
0 0.867938 0.516607 0.0182781 0.0311046 0.239185
0 0.227481 0.848689 0.020565 0.0296468 0.237999
0 0.37435 0.508103 0.0204597 0.0337407 0.237991
0 0.563737 0.583724 0.0166534 0.0333519 0.237556
0 0.243306 0.936372 0.0187284 0.0295603 0.237477
0 0.116331 0.55973 0.016875 0.0283203 0.236735
0 0.674116 0.735106 0.0133684 0.0282636 0.23444
0 0.378469 0.968927 0.0234051 0.038264 0.233638
0 0.527307 0.972696 0.0186532 0.0335987 0.233237
0 0.00844227 0.0414226 0.0147392 0.0252293 0.23164
0 0.071351 0.266061 0.0191002 0.0320608 0.230008
0 0.498503 0.0114317 0.0169156 0.0225629 0.229461
0 0.338003 0.362513 0.0200495 0.0346717 0.228824
0 0.563387 0.857675 0.0194364 0.0294481 0.227891
0 0.613991 0.767287 0.0182578 0.0289829 0.227552
0 0.642554 0.779575 0.0179827 0.0360419 0.226187
0 0.0209899 0.371743 0.0188719 0.0357051 0.226029
0 0.426206 0.064062 0.0241089 0.0473821 0.225875
0 0.346007 0.150239 0.0260885 0.0439011 0.224356
0 0.143191 0.61163 0.0156337 0.0280688 0.224325
0 0.763932 0.55835 0.0186021 0.0371019 0.223954
0 0.440667 0.204447 0.0201208 0.0321084 0.22332
0 0.490062 0.335549 0.0198708 0.0369984 0.223259
0 0.846181 0.315046 0.0134663 0.029332 0.21977
0 0.141121 0.0178893 0.0214429 0.0317447 0.219713
0 0.789743 0.13543 0.0160299 0.027658 0.216099
0 0.132309 0.930294 0.025458 0.0345944 0.215116
0 0.419135 0.194614 0.0179881 0.0285884 0.215028
0 0.101699 0.843863 0.0201874 0.0372325 0.214707
0 0.695966 0.943817 0.0156119 0.0284936 0.212625
0 0.28298 0.0940917 0.0169267 0.0270318 0.212549
0 0.843218 0.0500315 0.0211144 0.0373792 0.211581
0 0.34765 0.323776 0.0214535 0.0360062 0.21121
0 0.99297 0.780761 0.0140592 0.0338196 0.210541
0 0.129097 0.141116 0.0246119 0.0426412 0.210322
0 0.0689119 0.185665 0.0133363 0.0301348 0.210107
0 0.654215 0.5781 0.0154692 0.0292632 0.20781
0 0.708513 0.985376 0.0182333 0.0275578 0.206926
0 0.733045 0.357829 0.0209974 0.0349749 0.206432
0 0.607372 0.319181 0.0225725 0.0349398 0.206093
0 0.167265 0.779056 0.0251721 0.0483612 0.204551
0 0.588758 0.634421 0.0229298 0.0376516 0.204535
0 0.173921 0.941091 0.0135402 0.029223 0.20364
0 0.164086 0.985564 0.0181883 0.0277326 0.203145
0 0.472649 0.348283 0.0140921 0.0344233 0.203139
0 0.668748 0.441689 0.0145615 0.0267858 0.202572
0 0.388048 0.109145 0.0185143 0.0313385 0.20139
0 0.691659 0.578068 0.0166669 0.0284218 0.201255
0 0.63563 0.132329 0.0161187 0.0263352 0.200453
