0 0.342706 0.300055 0.0555187 0.0190989 0.689559
0 0.744036 0.427655 0.0476668 0.0199751 0.675662
0 0.671358 0.419816 0.0510011 0.0182993 0.672869
0 0.71224 0.394716 0.056936 0.0185924 0.671755
0 0.702468 0.251 0.0527169 0.0186011 0.669955
0 0.0778743 0.0429911 0.0591281 0.0194323 0.669126
0 0.450968 0.293709 0.0560727 0.0188625 0.668773
0 0.879215 0.44527 0.051366 0.0176301 0.666503
0 0.819362 0.434202 0.0500974 0.020598 0.665888
0 0.780415 0.301396 0.0540891 0.0191856 0.665144
0 0.926356 0.574395 0.0549192 0.0183264 0.664482
0 0.29669 0.0558949 0.049337 0.01857 0.660883
0 0.79043 0.401798 0.0455334 0.0193575 0.658614
0 0.0189658 0.0960522 0.0377427 0.0212076 0.658388
0 0.223177 0.486989 0.0478115 0.0183821 0.658277
0 0.455064 0.192409 0.0486857 0.0162011 0.656619
0 0.925418 0.418766 0.0547567 0.0200163 0.656093
0 0.830106 0.377734 0.0508723 0.0204776 0.65589
0 0.526589 0.787079 0.0579022 0.0203497 0.654514
0 0.949295 0.71987 0.0555527 0.0332772 0.65431
0 0.878817 0.349306 0.0460836 0.0193095 0.653491
0 0.474912 0.229589 0.058288 0.0185915 0.652757
0 0.877062 0.686437 0.0826495 0.0333319 0.652213
0 0.624886 0.445309 0.057252 0.0172575 0.652098
0 0.943702 0.454044 0.048197 0.0209206 0.650881
0 0.131198 0.318228 0.0491581 0.0162853 0.649908
0 0.135333 0.112325 0.0496195 0.0170087 0.648484
0 0.903519 0.28907 0.0556511 0.0171882 0.647874
0 0.551769 0.0440544 0.0544928 0.017137 0.647865
0 0.362558 0.238659 0.0556648 0.0187067 0.646957
0 0.882006 0.246488 0.0442378 0.0190086 0.645927
0 0.456753 0.0510039 0.05194 0.0171172 0.644937
0 0.313809 0.583708 0.0810983 0.0384684 0.643177
0 0.892094 0.539806 0.0494031 0.0160886 0.642999
0 0.201869 0.508576 0.0749885 0.0340962 0.642712
0 0.0349853 0.415507 0.0668089 0.0280495 0.642306
0 0.618379 0.298862 0.0508107 0.0192438 0.641522
0 0.278471 0.389282 0.053323 0.0171162 0.64072
0 0.768727 0.61776 0.0443604 0.0168108 0.640568
0 0.0626154 0.161694 0.0561475 0.0199589 0.640149
0 0.973905 0.48836 0.0496772 0.0186657 0.639584
0 0.0466777 0.116134 0.0517982 0.0187051 0.638906
0 0.802239 0.336489 0.051909 0.0167459 0.638002
0 0.843478 0.468948 0.0487255 0.0161404 0.637424
0 0.661857 0.275076 0.0519844 0.0185644 0.635934
0 0.551588 0.28196 0.0507709 0.0187752 0.635706
0 0.905342 0.384636 0.0513219 0.0185247 0.635104
0 0.171084 0.0834125 0.0474197 0.0167126 0.635024
0 0.591429 0.364505 0.0561782 0.0209386 0.634835
0 0.08276 0.09222 0.0480669 0.0155324 0.634057
0 0.503678 0.467596 0.0498906 0.0171738 0.633979
0 0.764295 0.124432 0.0490584 0.016279 0.633859
0 0.428684 0.251227 0.0506558 0.0159885 0.632592
0 0.175843 0.292846 0.0464382 0.0158392 0.632336
0 0.922963 0.320962 0.0560758 0.0200529 0.631202
0 0.816639 0.590918 0.0447018 0.0158073 0.630961
0 0.898805 0.194848 0.0544979 0.0159857 0.630951
0 0.158371 0.256762 0.0426347 0.0150929 0.63093
0 0.84123 0.181223 0.0532148 0.0149117 0.630093
0 0.755864 0.364939 0.0614444 0.0202116 0.629048
0 0.0271118 0.650431 0.0503796 0.0169678 0.628919
0 0.063989 0.368617 0.0421994 0.0142058 0.62885
0 0.827744 0.274721 0.0470213 0.0182349 0.628733
0 0.979008 0.196314 0.0411973 0.0183046 0.628428
0 0.533345 0.24423 0.0453111 0.0171004 0.6278
0 0.237564 0.0340365 0.0594548 0.0212714 0.627115
0 0.34549 0.399909 0.054232 0.0170441 0.626966
0 0.0648262 0.223312 0.0604596 0.0197942 0.626571
0 0.702701 0.452042 0.0557183 0.0173176 0.626089
0 0.0266735 0.0179082 0.04962 0.0192135 0.625552
0 0.0352268 0.947619 0.0594835 0.022578 0.625436
0 0.41158 0.316926 0.0539109 0.0176172 0.625282
0 0.101878 0.138327 0.0509991 0.0197 0.624997
0 0.273071 0.288048 0.0524779 0.0162953 0.624502
0 0.49788 0.267455 0.0522249 0.0166587 0.623396
0 0.672079 0.31376 0.0474835 0.0167752 0.623326
0 0.116692 0.457927 0.0556239 0.030011 0.623204
0 0.120485 0.0669521 0.0494416 0.0179555 0.62279
0 0.942544 0.35766 0.0491107 0.0160622 0.622647
0 0.854979 0.56718 0.046483 0.0155183 0.622612
0 0.0395005 0.0689745 0.0598464 0.0192443 0.62179
0 0.384434 0.277344 0.0600845 0.02 0.621333
0 0.302508 0.323384 0.050014 0.0201086 0.62119
0 0.805615 0.496383 0.0439801 0.0168318 0.620726
0 0.631467 0.336271 0.0512331 0.0171661 0.61942
0 0.676883 0.357564 0.0454781 0.0178317 0.619252
0 0.741649 0.57947 0.0481724 0.0157763 0.617847
0 0.257992 0.347331 0.0562391 0.0183311 0.61728
0 0.931447 0.220013 0.0488127 0.0178641 0.616135
0 0.273025 0.0073939 0.0658832 0.0146361 0.615902
0 0.242903 0.413817 0.0483967 0.0170659 0.615288
0 0.728863 0.328641 0.058 0.018366 0.615255
0 0.72005 0.147697 0.0531645 0.0174646 0.61522
0 0.265796 0.248268 0.0470284 0.0157494 0.615164
0 0.529676 0.347016 0.0498967 0.0189969 0.615134
0 0.669927 0.173652 0.0498306 0.0153894 0.615116
0 0.218125 0.370762 0.0454719 0.0155891 0.614463
0 0.657892 0.536114 0.048498 0.0178355 0.613892
0 0.859483 0.409455 0.0504959 0.0168104 0.61303
0 0.473499 0.632185 0.0678898 0.0275854 0.612885
0 0.738862 0.486095 0.0508616 0.0159891 0.612646
0 0.781949 0.458778 0.0487504 0.0190468 0.612324
0 0.435831 0.151822 0.0508774 0.0162717 0.611921
0 0.588077 0.411358 0.0481678 0.0173006 0.61192
0 0.887778 0.601449 0.0427421 0.0166851 0.61185
0 0.744132 0.692012 0.0899843 0.0323126 0.611757
0 0.892868 0.479741 0.041816 0.0177288 0.610909
0 0.527362 0.204696 0.0550773 0.0189659 0.609304
0 0.504464 0.0240717 0.0466086 0.0141788 0.608422
0 0.0958637 0.543986 0.065389 0.0302146 0.6074
0 0.747499 0.228186 0.0540938 0.0154248 0.607289
0 0.316112 0.363172 0.0518246 0.0160573 0.604833
0 0.861405 0.310186 0.0439217 0.0168784 0.604655
0 0.863569 0.0793243 0.0512648 0.0143337 0.604391
0 0.744193 0.0885292 0.047236 0.0141128 0.60202
0 0.540778 0.438921 0.0424354 0.019868 0.601419
0 0.829543 0.529033 0.0434053 0.015687 0.601112
0 0.663074 0.478558 0.0514205 0.0156405 0.600952
0 0.641724 0.234774 0.0518479 0.0184208 0.59995
0 0.5647 0.181045 0.0457246 0.0145582 0.59989
0 0.111364 0.278136 0.0469933 0.0142176 0.599521
0 0.300331 0.224981 0.0450887 0.0151861 0.598876
0 0.316251 0.26515 0.0439531 0.0139536 0.598694
0 0.657194 0.632149 0.0751328 0.0338256 0.598031
0 0.238967 0.310801 0.0517961 0.0189811 0.597268
0 0.615872 0.504335 0.0531985 0.0177454 0.596313
0 0.211615 0.109514 0.0444329 0.0165859 0.595961
0 0.933806 0.136241 0.0489295 0.0170555 0.595895
0 0.248949 0.0845314 0.0415736 0.01358 0.595097
0 0.674508 0.571707 0.0464429 0.0158788 0.593598
0 0.208537 0.0603694 0.052695 0.0144774 0.593596
0 0.788616 0.0646965 0.0492964 0.0142643 0.593461
0 0.0156911 0.371682 0.0303852 0.0209481 0.592972
0 0.808042 0.102358 0.0556867 0.0162385 0.59229
0 0.15737 0.0381203 0.0494631 0.0146022 0.591437
0 0.852106 0.880948 0.0508365 0.0193039 0.591202
0 0.582693 0.472341 0.0534712 0.0176933 0.589124
0 0.379355 0.136476 0.0452164 0.015085 0.588456
0 0.719077 0.291474 0.0481642 0.0156858 0.587837
0 0.215917 0.761581 0.0481797 0.0170014 0.587137
0 0.595514 0.258837 0.0522116 0.0195108 0.58626
0 0.980813 0.432478 0.0376067 0.0188252 0.585453
0 0.109632 0.0146185 0.057693 0.016976 0.585231
0 0.0724798 0.306048 0.0411659 0.0137641 0.584615
0 0.983024 0.234635 0.0337678 0.0166189 0.584017
0 0.630914 0.386147 0.0528926 0.0185677 0.583181
0 0.411229 0.215728 0.0458431 0.0157556 0.58184
0 0.577344 0.325503 0.0447634 0.0129235 0.5808
0 0.0907553 0.341652 0.0487426 0.0152656 0.580746
0 0.381141 0.378333 0.0557869 0.0144785 0.579656
0 0.809644 0.832339 0.0494934 0.0162628 0.579376
0 0.765587 0.858264 0.0516847 0.0201699 0.579344
0 0.804624 0.650773 0.0425772 0.016325 0.579258
0 0.842395 0.622615 0.04963 0.0143129 0.577722
0 0.733809 0.187817 0.0508255 0.0182986 0.576751
0 0.890097 0.157839 0.0529808 0.0148491 0.575482
0 0.547722 0.144327 0.048506 0.0144487 0.574978
0 0.430776 0.0754236 0.0458918 0.0167195 0.57401
0 0.66628 0.0333737 0.0477788 0.0141538 0.573607
0 0.610191 0.157913 0.0496511 0.0150736 0.573482
0 0.344753 0.2002 0.0459704 0.0142229 0.571238
0 0.364482 0.53352 0.074442 0.0343708 0.570825
0 0.369047 0.344541 0.0442117 0.0155125 0.570818
0 0.494811 0.371879 0.0496672 0.0159706 0.569838
0 0.589436 0.118366 0.0483331 0.0136925 0.568753
0 0.62736 0.197438 0.0520945 0.017603 0.56867
0 0.571409 0.0803481 0.0452033 0.0150082 0.568146
0 0.476459 0.329508 0.0474796 0.0177095 0.568144
0 0.502812 0.168279 0.0469077 0.0127805 0.56761
0 0.473627 0.732069 0.0530069 0.0174756 0.567227
0 0.76118 0.520867 0.0434752 0.0153273 0.566921
0 0.467619 0.0878759 0.04577 0.0143031 0.565569
0 0.0341136 0.516219 0.0612453 0.0203573 0.565012
0 0.980423 0.588445 0.037021 0.0132602 0.56493
0 0.221429 0.270469 0.0486824 0.0154225 0.564822
0 0.946774 0.172661 0.0509195 0.0158388 0.564606
0 0.0326914 0.618057 0.0474803 0.0139028 0.563651
0 0.785479 0.162987 0.0501816 0.0126892 0.563014
0 0.463154 0.492032 0.0380696 0.015851 0.562521
0 0.208359 0.231985 0.040468 0.0138238 0.562495
0 0.924039 0.0955051 0.0462435 0.0136905 0.562284
0 0.0832567 0.978973 0.0533896 0.0179201 0.562163
0 0.578989 0.220256 0.0510367 0.0143468 0.562015
0 0.354722 0.738301 0.0530262 0.0193836 0.560958
0 0.826921 0.139572 0.05083 0.0143621 0.560051
0 0.861517 0.508031 0.0442056 0.0138428 0.557292
0 0.333897 0.95901 0.0454648 0.0137731 0.555591
0 0.65636 0.134791 0.0493007 0.0147934 0.5524
0 0.965667 0.546933 0.0456729 0.0123622 0.552006
0 0.504477 0.708141 0.0457991 0.0153824 0.551198
0 0.437384 0.760429 0.0550396 0.0214895 0.549222
0 0.537997 0.387207 0.0492683 0.0176691 0.548169
0 0.983329 0.332502 0.0327737 0.0157569 0.54766
0 0.573243 0.527079 0.0440709 0.0156998 0.547536
0 0.180949 0.692442 0.0531269 0.015643 0.547328
0 0.2979 0.687179 0.0543508 0.0204277 0.546368
0 0.302278 0.425058 0.0496018 0.0155741 0.546324
0 0.69154 0.836378 0.0536669 0.0212749 0.54619
0 0.694022 0.513361 0.0476933 0.014821 0.544246
0 0.611878 0.0206943 0.0425059 0.0143137 0.544088
0 0.102173 0.18107 0.0591746 0.0250298 0.542224
0 0.116532 0.382528 0.0364861 0.012505 0.540568
0 0.0225471 0.188592 0.0383545 0.0133962 0.538392
0 0.366453 0.443648 0.0436903 0.0137213 0.537898
0 0.952476 0.0319348 0.0434754 0.0141946 0.537528
0 0.558853 0.758237 0.0526383 0.0170813 0.536819
0 0.6096 0.911142 0.0462802 0.0157934 0.536528
0 0.512738 0.305873 0.0506455 0.0165295 0.536334
0 0.46192 0.435961 0.0464314 0.0165857 0.535625
0 0.885578 0.691358 0.0704609 0.0233032 0.533634
0 0.968248 0.299759 0.0545985 0.0180792 0.533173
0 0.71524 0.0149902 0.0477298 0.01179 0.533038
0 0.155188 0.356347 0.0521026 0.0145524 0.530401
0 0.356415 0.778646 0.0487595 0.0142256 0.528041
0 0.500906 0.413449 0.043864 0.015559 0.527952
0 0.735149 0.0529752 0.0427937 0.0127211 0.526359
0 0.409297 0.418721 0.0428398 0.0140186 0.524327
0 0.691366 0.20928 0.0529978 0.0179306 0.524212
0 0.839998 0.0414487 0.0389327 0.0127038 0.523838
0 0.908936 0.0555587 0.0454711 0.0138092 0.522214
0 0.450562 0.392806 0.0496473 0.0129713 0.521407
0 0.230689 0.894047 0.0464689 0.0132054 0.519294
0 0.20709 0.512047 0.0659515 0.0271936 0.518072
0 0.236399 0.209328 0.0442946 0.0162663 0.517883
0 0.273224 0.715562 0.0598242 0.0198571 0.517748
0 0.939639 0.510676 0.0463938 0.0139155 0.515161
0 0.528498 0.102476 0.0424151 0.0140704 0.513228
0 0.385227 0.0546338 0.0450724 0.0149801 0.512032
0 0.629517 0.598599 0.0391831 0.0157618 0.511453
0 0.393045 0.176212 0.0421294 0.0138695 0.511105
0 0.710141 0.545112 0.0456939 0.0145641 0.510747
0 0.888839 0.0189503 0.0455204 0.011427 0.510378
0 0.550074 0.00636106 0.0518479 0.0124479 0.509348
0 0.769462 0.775904 0.0481887 0.0153099 0.506821
0 0.179832 0.395377 0.0502393 0.0135751 0.504911
0 0.502077 0.52225 0.0368729 0.0141116 0.50288
0 0.966229 0.402645 0.0512259 0.0140085 0.501246
0 0.51354 0.0653787 0.0520421 0.016347 0.500661
0 0.264276 0.503025 0.0552991 0.0232827 0.499999
0 0.159754 0.855496 0.0432003 0.0172428 0.499275
0 0.830239 0.00522434 0.0418142 0.010374 0.498676
0 0.810778 0.942785 0.0535885 0.0215746 0.498505
0 0.206974 0.665447 0.0479057 0.0173142 0.496916
0 0.897236 0.856793 0.0463835 0.0156787 0.496166
0 0.791506 0.204463 0.0448903 0.0150625 0.493242
0 0.426864 0.354333 0.0445557 0.0140477 0.49243
0 0.333898 0.662106 0.0502579 0.0146643 0.487554
0 0.175946 0.809501 0.0523893 0.0180874 0.48678
0 0.767856 0.266383 0.048086 0.012891 0.483726
0 0.777033 0.555776 0.0347313 0.0131743 0.482734
0 0.810301 0.241699 0.0432215 0.0122608 0.482516
0 0.979617 0.111542 0.039623 0.0120522 0.477373
0 0.191792 0.0117268 0.042157 0.0142707 0.477169
0 0.605225 0.813603 0.0476834 0.0172345 0.476698
0 0.683796 0.0723039 0.0450529 0.0111788 0.476295
0 0.101729 0.875699 0.0395622 0.0137607 0.475404
0 0.197583 0.333303 0.0410641 0.0137157 0.470603
0 0.730058 0.806961 0.0538967 0.0179279 0.464662
0 0.415084 0.681486 0.0500268 0.0144961 0.461158
0 0.6466 0.78231 0.0471615 0.01776 0.458664
0 0.249557 0.832196 0.049226 0.0188408 0.451107
0 0.54327 0.88142 0.0488249 0.018581 0.447414
0 0.595944 0.730883 0.0465948 0.0163719 0.439848
0 0.306752 0.796587 0.0527651 0.0191181 0.437047
0 0.284898 0.182995 0.0438079 0.016628 0.436645
0 0.540043 0.495843 0.0473352 0.0117622 0.436082
0 0.529774 0.853595 0.0450758 0.0152108 0.433181
0 0.689959 0.756174 0.0505644 0.0162317 0.431299
0 0.857106 0.21852 0.0463548 0.0127649 0.43084
0 0.19678 0.941896 0.0348714 0.0130363 0.429268
0 0.183296 0.810921 0.062881 0.0194343 0.426851
0 0.877304 0.114978 0.0391583 0.0132085 0.424571
0 0.0123653 0.042343 0.0247306 0.0139864 0.422715
0 0.989593 0.372694 0.0202173 0.0170895 0.421188
0 0.737536 0.898051 0.0415213 0.0139457 0.421086
0 0.203867 0.436945 0.0527416 0.0143049 0.414311
0 0.658143 0.00278047 0.0527032 0.00551125 0.413487
0 0.573296 0.650246 0.0756439 0.0261431 0.411046
0 0.383637 0.710401 0.0480237 0.0164861 0.410013
0 0.253158 0.922155 0.0416998 0.0140854 0.402976
0 0.452484 0.976975 0.0536908 0.0208866 0.400063
0 0.682123 0.917305 0.0489321 0.0157451 0.399626
0 0.942605 0.259849 0.0381808 0.0135774 0.394192
0 0.335238 0.16087 0.0441349 0.0136776 0.390078
0 0.281807 0.873078 0.0466975 0.0161495 0.385084
0 0.0242751 0.244826 0.045742 0.0208881 0.384894
0 0.988197 0.15041 0.0234162 0.014706 0.384829
0 0.855941 0.741377 0.054318 0.0178261 0.380776
0 0.0183269 0.919102 0.0366539 0.0159599 0.380767
0 0.899838 0.72665 0.0349566 0.0189106 0.37961
0 0.704441 0.109806 0.0407285 0.0127303 0.378671
0 0.114412 0.640393 0.0419473 0.0138457 0.374858
0 0.809912 0.677405 0.0389786 0.0135213 0.373948
0 0.26136 0.951359 0.0353341 0.0112741 0.373185
0 0.286418 0.771787 0.0477925 0.0169846 0.363818
0 0.925803 0.902903 0.0603798 0.0176859 0.361541
0 0.236962 0.636862 0.0498836 0.0180883 0.355399
0 0.208255 0.969656 0.0388678 0.0140961 0.353495
0 0.0149047 0.675201 0.0298093 0.0196354 0.351336
0 0.638697 0.0982675 0.0485485 0.0126944 0.345948
0 0.814273 0.726867 0.06282 0.0292569 0.345819
0 0.781264 0.881636 0.0405782 0.0113371 0.339682
0 0.0862809 0.201725 0.0481801 0.0178294 0.339502
0 0.393124 0.967805 0.0400937 0.013245 0.332005
0 0.623689 0.0584212 0.0476287 0.0119567 0.329288
0 0.325839 0.0291769 0.0413392 0.0129386 0.328351
0 0.314465 0.508719 0.0470844 0.0214888 0.326194
0 0.612643 0.560735 0.034303 0.0108656 0.322898
0 0.900164 0.693716 0.0423074 0.018397 0.322605
0 0.100049 0.670476 0.0492853 0.0150779 0.320834
0 0.704332 0.60386 0.0454706 0.0150109 0.320328
0 0.941874 0.669906 0.0526518 0.0154644 0.315636
0 0.949739 0.616375 0.0457021 0.0145802 0.308665
0 0.539292 0.943979 0.0549044 0.0224049 0.30692
0 0.99127 0.632214 0.0169832 0.0150922 0.300559
0 0.483536 0.127105 0.0411679 0.0127468 0.297035
0 0.991359 0.466362 0.0164666 0.0203434 0.291426
0 0.882872 0.938543 0.0705682 0.0273739 0.280857
0 0.783079 0.0260548 0.0409301 0.010619 0.279174
0 0.968647 0.399866 0.0547366 0.0191406 0.276116
0 0.725023 0.656837 0.0512816 0.0143624 0.267538
0 0.0997167 0.785716 0.065215 0.0283672 0.262419
0 0.867082 0.744045 0.077767 0.0237957 0.261729
0 0.992759 0.272403 0.013894 0.0188468 0.25248
0 0.296811 0.905067 0.0412436 0.0135483 0.250886
0 0.222309 0.865096 0.0414163 0.0146834 0.246111
0 0.472211 0.801758 0.0522213 0.0188377 0.245775
0 0.508375 0.558838 0.0518268 0.0182266 0.244793
0 0.637226 0.686541 0.0842135 0.0413143 0.244185
0 0.229614 0.995688 0.045042 0.00862359 0.239003
0 0.798499 0.915386 0.0434454 0.0153087 0.238617
0 0.955471 0.779051 0.0875724 0.0357397 0.227722
0 0.182895 0.913149 0.0345963 0.0119594 0.226757
0 0.973606 0.0730327 0.0426187 0.0123921 0.223641
0 0.0659899 0.00207314 0.0437755 0.0041117 0.218425
0 0.991741 0.519385 0.0153024 0.0207971 0.217371
0 0.0682098 0.749453 0.0609388 0.0216109 0.21394
0 0.0994964 0.526872 0.0488434 0.0138376 0.212989
0 0.967839 0.303035 0.0489315 0.0159578 0.211799
0 0.988348 0.00732934 0.0231987 0.0130466 0.209643
0 0.973988 0.395705 0.0482967 0.0164857 0.206653
0 0.754371 0.930313 0.0354398 0.0116802 0.206584
0 0.27857 0.980264 0.0455139 0.0156264 0.205006
0 0.811433 0.677633 0.0484941 0.015625 0.201568
0 0.0223404 0.997556 0.0405839 0.00488722 0.200482
0 0.869538 0.923205 0.0553633 0.0205219 0.200357
