0 0.412866 0.660297 0.0203592 0.0346954 0.691357
0 0.0366007 0.0609601 0.0250502 0.0411072 0.683233
0 0.224511 0.703058 0.020293 0.0375747 0.677535
0 0.255628 0.138113 0.0193703 0.0380259 0.676024
0 0.322272 0.881553 0.0246539 0.0431132 0.675744
0 0.417721 0.463573 0.0191698 0.0405609 0.672857
0 0.283762 0.313776 0.0231848 0.0465104 0.669827
0 0.133204 0.445674 0.0269936 0.0453269 0.669691
0 0.189848 0.766786 0.02278 0.0408081 0.665699
0 0.159294 0.768409 0.0290012 0.0533075 0.665281
0 0.215458 0.251815 0.024823 0.0467773 0.662311
0 0.215079 0.794597 0.0275085 0.0393705 0.659492
0 0.423731 0.360512 0.0185667 0.0380238 0.65134
0 0.167881 0.472213 0.0270939 0.0412938 0.651271
0 0.251244 0.0165974 0.0195442 0.0327236 0.647438
0 0.010147 0.240468 0.0201954 0.0403795 0.641108
0 0.267536 0.83403 0.0200476 0.0432231 0.63816
0 0.252189 0.0991983 0.0182117 0.0308517 0.637518
0 0.309405 0.183452 0.0214133 0.0417725 0.632181
0 0.377379 0.448241 0.0232139 0.052118 0.632037
0 0.297734 0.232085 0.0191956 0.0388715 0.631449
0 0.205011 0.0352506 0.021928 0.0414897 0.626666
0 0.224641 0.93955 0.0204491 0.031921 0.624771
0 0.408562 0.609439 0.0197564 0.0360501 0.622855
0 0.282605 0.0476075 0.0138504 0.0291871 0.621403
0 0.376348 0.622514 0.019072 0.0340868 0.621355
0 0.124916 0.0215474 0.0179011 0.0424384 0.621005
0 0.415605 0.548085 0.0183843 0.0355367 0.616482
0 0.201718 0.495352 0.0218946 0.0424596 0.613712
0 0.165465 0.0187126 0.0186655 0.0338167 0.613674
0 0.347124 0.0531339 0.0174625 0.0392049 0.612309
0 0.0102807 0.102237 0.0202539 0.0415484 0.611224
0 0.391527 0.639468 0.0158524 0.0289415 0.609794
0 0.266976 0.0721677 0.0211548 0.0353311 0.609221
0 0.218106 0.837964 0.0175631 0.0328491 0.607267
0 0.130145 0.118376 0.0207875 0.0326237 0.604999
0 0.39472 0.541551 0.0182 0.0352912 0.599501
0 0.395428 0.169531 0.0232752 0.0389146 0.597442
0 0.968635 0.583732 0.0276165 0.0412989 0.595706
0 0.00944854 0.530836 0.0157848 0.0171904 0.593494
0 0.775061 0.893369 0.0206165 0.0366027 0.591215
0 0.299616 0.120314 0.019473 0.0305089 0.585272
0 0.280335 0.38483 0.0179942 0.0330026 0.583847
0 0.156912 0.640344 0.0138231 0.0232954 0.583136
0 0.127317 0.587091 0.0130379 0.0217952 0.580935
0 0.220159 0.42434 0.0229675 0.0395286 0.580743
0 0.0787072 0.791588 0.0134143 0.0224464 0.579098
0 0.423915 0.411401 0.0157824 0.0370839 0.577927
0 0.198302 0.0878936 0.0170825 0.030533 0.575558
0 0.104025 0.687917 0.0150224 0.0169903 0.575549
0 0.127386 0.774738 0.0125316 0.0223277 0.574346
0 0.0291418 0.541163 0.0146916 0.0197293 0.5733
0 0.162268 0.710725 0.0161943 0.0237835 0.572905
0 0.00447647 0.565249 0.00893883 0.0197828 0.572328
0 0.140354 0.520554 0.014097 0.0178697 0.570969
0 0.145354 0.597838 0.0135331 0.0201755 0.57091
0 0.108821 0.0474582 0.0160846 0.0282915 0.570736
0 0.164241 0.608043 0.0142086 0.0208204 0.568211
0 0.261287 0.899348 0.0158828 0.02042 0.567506
0 0.0353168 0.505751 0.0150017 0.0226177 0.56746
0 0.251644 0.735386 0.0151625 0.0273198 0.567365
0 0.407911 0.268375 0.0146839 0.0295341 0.567238
0 0.0434146 0.471469 0.0142207 0.0190956 0.566994
0 0.04997 0.44039 0.0151013 0.0200364 0.566124
0 0.186094 0.314066 0.0198783 0.037495 0.566011
0 0.0834138 0.680661 0.0142474 0.0213852 0.565759
0 0.15444 0.241501 0.0202585 0.0334708 0.565417
0 0.0896793 0.456828 0.0134479 0.0219936 0.563968
0 0.0644674 0.671901 0.0137249 0.0238217 0.563693
0 0.0893076 0.756243 0.0138974 0.0187127 0.563313
0 0.0235242 0.464095 0.014048 0.0191706 0.561222
0 0.131615 0.664354 0.0144811 0.0198328 0.559589
0 0.339348 0.137708 0.0279937 0.0370307 0.559583
0 0.11965 0.809478 0.0145599 0.0183317 0.559396
0 0.204579 0.915728 0.0178872 0.028409 0.556704
0 0.889574 0.302292 0.0172401 0.0264739 0.556255
0 0.115112 0.73172 0.0134138 0.0173974 0.555083
0 0.167355 0.296234 0.01619 0.0280686 0.553703
0 0.121678 0.699139 0.0127848 0.0210958 0.552817
0 0.150722 0.345232 0.0169128 0.0341191 0.552817
0 0.241146 0.800685 0.0210224 0.0391405 0.552532
0 0.0253648 0.920443 0.0186406 0.0403481 0.551334
0 0.0812785 0.489952 0.0147093 0.0221792 0.551278
0 0.109414 0.840435 0.013776 0.0212613 0.550617
0 0.138782 0.629568 0.0152424 0.0170374 0.549763
0 0.0997967 0.799317 0.0153876 0.0175318 0.549086
0 0.0152133 0.496725 0.0136737 0.0183701 0.548113
0 0.0712489 0.634136 0.0135665 0.0184399 0.547988
0 0.270491 0.76245 0.0245946 0.0432558 0.547424
0 0.0699905 0.442608 0.0132512 0.0188529 0.5457
0 0.297731 0.465469 0.0191292 0.0319588 0.54528
0 0.267469 0.672393 0.0174034 0.031195 0.545109
0 0.279283 0.204797 0.0156954 0.0269768 0.544651
0 0.108542 0.764121 0.0141551 0.017447 0.543329
0 0.182852 0.0637595 0.0176594 0.027687 0.542878
0 0.0219473 0.572578 0.0142505 0.0205319 0.542456
0 0.206006 0.881355 0.0154975 0.0262922 0.542125
0 0.298904 0.86432 0.015134 0.0269552 0.539485
0 0.15587 0.432545 0.0188931 0.0288884 0.538076
0 0.153109 0.117565 0.0147602 0.0293216 0.537836
0 0.0616246 0.593151 0.0146095 0.0230046 0.537274
0 0.323232 0.982816 0.0184592 0.0305681 0.535562
0 0.870302 0.317898 0.0152114 0.0282756 0.535066
0 0.302898 0.601883 0.0201706 0.0413515 0.534626
0 0.140108 0.0713224 0.0201835 0.0341926 0.531951
0 0.0860168 0.565824 0.0121012 0.0188031 0.530566
0 0.721999 0.290921 0.0121979 0.0224097 0.530345
0 0.392079 0.780663 0.0222927 0.0320601 0.530181
0 0.0499557 0.550109 0.0146113 0.0201044 0.529469
0 0.134018 0.740731 0.013485 0.0230543 0.529014
0 0.379802 0.383409 0.0231663 0.0422306 0.528784
0 0.165904 0.87316 0.0233019 0.0339806 0.526836
0 0.0849598 0.870471 0.0128895 0.0204542 0.526748
0 0.315369 0.65441 0.0214182 0.0376712 0.525916
0 0.107389 0.577989 0.0119354 0.0221252 0.525841
0 0.287124 0.842252 0.0150765 0.0214766 0.525667
0 0.119975 0.621217 0.0114044 0.0209446 0.522845
0 0.72496 0.630865 0.0167862 0.0280959 0.522418
0 0.0295075 0.436614 0.0122475 0.0189622 0.521498
0 0.722332 0.69431 0.0169344 0.025975 0.520706
0 0.07258 0.822016 0.0140259 0.0183311 0.520019
0 0.110802 0.653047 0.011538 0.0202593 0.519921
0 0.0557439 0.516096 0.0158042 0.0207823 0.517762
0 0.10306 0.502989 0.012378 0.016974 0.515226
0 0.68598 0.277122 0.0139885 0.0202255 0.515221
0 0.0974493 0.723452 0.0136108 0.0178836 0.515027
0 0.716034 0.666431 0.0131673 0.0220727 0.512226
0 0.0998702 0.61249 0.0132182 0.0193678 0.510087
0 0.381103 0.234708 0.0297875 0.0473177 0.510002
0 0.152659 0.672364 0.0124395 0.0200291 0.509444
0 0.13305 0.553497 0.0133182 0.0193955 0.508867
0 0.0800702 0.602536 0.0123517 0.0182018 0.508575
0 0.0152419 0.364481 0.0237458 0.041934 0.507267
0 0.240264 0.065785 0.0118511 0.0254903 0.507048
0 0.778261 0.963994 0.0489525 0.0719667 0.506367
0 0.206272 0.663581 0.0243496 0.0399633 0.505827
0 0.108161 0.467303 0.0133921 0.0189145 0.504524
0 0.112635 0.541724 0.0120809 0.0196502 0.504072
0 0.243622 0.224298 0.0147518 0.0224753 0.503302
0 0.195158 0.207956 0.0191057 0.0307005 0.501791
0 0.246559 0.990394 0.0167038 0.0185064 0.501607
0 0.076118 0.524358 0.0141955 0.0177282 0.497672
0 0.0452378 0.387099 0.0283648 0.046538 0.496718
0 0.219677 0.753615 0.0153887 0.0284158 0.495604
0 0.32281 0.595299 0.0170855 0.0293044 0.495407
0 0.0425991 0.582463 0.0143017 0.0189921 0.494811
0 0.410999 0.0349781 0.0176727 0.0349324 0.494459
0 0.317172 0.516831 0.0141788 0.0231483 0.494373
0 0.0677865 0.558479 0.0142414 0.0155817 0.49333
0 0.327558 0.778419 0.0191248 0.0313626 0.493119
0 0.392988 0.716449 0.0174483 0.0308526 0.491832
0 0.104788 0.129716 0.0163525 0.0283638 0.49155
0 0.0148412 0.606888 0.0143761 0.0213131 0.491173
0 0.0929018 0.834312 0.0133117 0.0173894 0.490524
0 0.598171 0.233346 0.011146 0.0185417 0.489776
0 0.0945601 0.533095 0.0141623 0.0178144 0.488897
0 0.77031 0.341424 0.0130557 0.0181511 0.488097
0 0.119641 0.152992 0.0209705 0.0356974 0.48597
0 0.65136 0.283553 0.0130556 0.0192911 0.48502
0 0.15868 0.949809 0.0345438 0.0535204 0.483993
0 0.364165 0.335002 0.0162916 0.0298785 0.483388
0 0.122495 0.50849 0.0126828 0.0152256 0.481906
0 0.239272 0.457748 0.0150321 0.0240411 0.481723
0 0.667411 0.236256 0.012261 0.0201407 0.47983
0 0.0917076 0.644422 0.0129298 0.0162933 0.477211
0 0.762462 0.254279 0.0128559 0.0201099 0.476197
0 0.128398 0.961505 0.0208744 0.0308285 0.47516
0 0.134057 0.817542 0.0119477 0.0142679 0.47488
0 0.0529535 0.628434 0.0136732 0.0150837 0.474759
0 0.616105 0.243767 0.0122065 0.0187224 0.473081
0 0.734269 0.324285 0.012354 0.0190844 0.470994
0 0.770627 0.201107 0.0137792 0.0221009 0.470816
0 0.0877995 0.0685246 0.0276349 0.0453297 0.470057
0 0.354585 0.825396 0.0208744 0.0375258 0.469971
0 0.735138 0.266999 0.0134377 0.0195607 0.469589
0 0.130608 0.24852 0.0175905 0.0339193 0.467017
0 0.110711 0.193065 0.0197258 0.0326019 0.466834
0 0.221881 0.374189 0.0197353 0.0357085 0.465302
0 0.176692 0.650661 0.0129467 0.0171088 0.464061
0 0.338586 0.212774 0.0131098 0.0239375 0.463399
0 0.884385 0.344811 0.0214935 0.0400208 0.463071
0 0.608839 0.266504 0.0126565 0.0169066 0.462953
0 0.351119 0.614352 0.017436 0.026629 0.461812
0 0.740628 0.214651 0.0137269 0.0194354 0.461808
0 0.917359 0.542942 0.0273163 0.0422289 0.459517
0 0.076788 0.715114 0.0126909 0.0178167 0.459259
0 0.0622512 0.478875 0.0116915 0.0168454 0.456748
0 0.0999122 0.160683 0.0157456 0.0289386 0.455684
0 0.0345687 0.618176 0.0142811 0.0186877 0.455092
0 0.668273 0.268689 0.0149393 0.0176248 0.45455
0 0.754121 0.332086 0.01161 0.0169344 0.454245
0 0.826382 0.34262 0.0133291 0.0188079 0.450839
0 0.250821 0.861459 0.016051 0.0276125 0.449586
0 0.184739 0.011509 0.0141953 0.0229265 0.4494
0 0.208397 0.736854 0.012013 0.0226954 0.447365
0 0.316203 0.227855 0.0144499 0.0288391 0.447171
0 0.711227 0.231668 0.0116318 0.0164137 0.446564
0 0.790784 0.322472 0.0127261 0.0187944 0.444996
0 0.649508 0.229419 0.011636 0.0204113 0.440588
0 0.173913 0.258273 0.0188679 0.0349904 0.439934
0 0.333621 0.482703 0.0154659 0.025939 0.437405
0 0.082153 0.115608 0.0168105 0.0299881 0.437134
0 0.803001 0.300233 0.0127378 0.0204161 0.436895
0 0.883574 0.934829 0.0123898 0.0217909 0.436628
0 0.427882 0.724398 0.0237015 0.040625 0.43582
0 0.721648 0.204564 0.0122692 0.0172094 0.435047
0 0.645201 0.314962 0.0129345 0.0190574 0.434044
0 0.447749 0.0939018 0.0173666 0.0308462 0.433281
0 0.238615 0.759273 0.0204899 0.0342326 0.428256
0 0.177747 0.805126 0.0143754 0.023939 0.428191
0 0.496516 0.098747 0.0131369 0.0185548 0.427488
0 0.748174 0.365858 0.0130123 0.0194942 0.426161
0 0.672639 0.295632 0.0121904 0.0167864 0.424343
0 0.182998 0.616972 0.0119784 0.0192752 0.423873
0 0.501679 0.128457 0.0128666 0.0227827 0.421252
0 0.0648923 0.861808 0.0142535 0.0194911 0.421122
0 0.138603 0.376322 0.0132845 0.0272649 0.420458
0 0.68913 0.246842 0.0114166 0.0179779 0.420408
0 0.25787 0.277591 0.0131405 0.0209763 0.419998
0 0.239519 0.805564 0.0200164 0.0380022 0.415288
0 0.784788 0.295251 0.0118146 0.0176739 0.412977
0 0.253197 0.694358 0.0177544 0.0345227 0.410856
0 0.484675 0.118699 0.0132455 0.0196922 0.407713
0 0.716238 0.257569 0.0120089 0.0189482 0.407705
0 0.200877 0.367634 0.0173673 0.0333371 0.407415
0 0.00637958 0.986334 0.0127592 0.0219765 0.406553
0 0.768869 0.0705797 0.0197816 0.03238 0.40088
0 0.276866 0.125483 0.0161206 0.028349 0.400682
0 0.184763 0.409658 0.0206043 0.0377828 0.399927
0 0.733664 0.965779 0.0337549 0.0665626 0.399013
0 0.183073 0.836683 0.016843 0.0328256 0.395025
0 0.694603 0.303918 0.0124863 0.0197095 0.394399
0 0.310921 0.796343 0.0199881 0.0352059 0.392952
0 0.807376 0.330987 0.0136047 0.0178648 0.391242
0 0.367455 0.511431 0.0239396 0.0434502 0.391119
0 0.172329 0.186864 0.0185287 0.0332932 0.390746
0 0.76141 0.82586 0.0195618 0.0337338 0.387981
0 0.872236 0.983001 0.0146996 0.0224268 0.385573
0 0.676028 0.212865 0.0111284 0.016914 0.383456
0 0.0130339 0.398225 0.0218443 0.0271261 0.383391
0 0.379312 0.62933 0.0151377 0.0291226 0.382712
0 0.160892 0.987806 0.0181592 0.0233931 0.381967
0 0.069164 0.743125 0.0121174 0.0172777 0.380009
0 0.324785 0.3675 0.0143035 0.0273802 0.379206
0 0.703868 0.28368 0.0118294 0.0160951 0.377169
0 0.271966 0.54859 0.0217146 0.0371645 0.376023
0 0.814445 0.365568 0.0108959 0.01691 0.373646
0 0.00368221 0.199348 0.00733072 0.0321826 0.367692
0 0.766945 0.371059 0.0125369 0.0166807 0.367427
0 0.989946 0.541323 0.0201084 0.053945 0.36543
0 0.839539 0.319734 0.0147165 0.0207872 0.363559
0 0.0758014 0.178691 0.0222034 0.0372251 0.362308
0 0.735998 0.184439 0.0127863 0.0208329 0.362175
0 0.731571 0.353971 0.0126877 0.0211128 0.360895
0 0.19532 0.729349 0.0123416 0.0284566 0.360097
0 0.287132 0.891639 0.0134146 0.0183987 0.359874
0 0.243021 0.562301 0.012223 0.0318142 0.357315
0 0.773068 0.315222 0.0110123 0.0166114 0.35718
0 0.213123 0.185699 0.01789 0.0320699 0.35667
0 0.775685 0.233608 0.0122464 0.01784 0.356275
0 0.172161 0.684119 0.0123446 0.0169947 0.352523
0 0.430503 0.108102 0.0136471 0.0281478 0.351441
0 0.160157 0.151976 0.0159733 0.0286938 0.351394
0 0.611007 0.29689 0.0114068 0.021189 0.351353
0 0.309353 0.834843 0.0144907 0.0277215 0.349235
0 0.590283 0.28583 0.0125387 0.0184552 0.347516
0 0.751243 0.280017 0.0118528 0.0177134 0.345398
0 0.902196 0.251323 0.0154896 0.0312227 0.344088
0 0.33628 0.260956 0.0120811 0.0276505 0.343456
0 0.789651 0.266665 0.0212032 0.0233891 0.343154
0 0.289145 0.844425 0.0119856 0.0181139 0.343033
0 0.405689 0.746899 0.026833 0.0354533 0.341624
0 0.420101 0.136219 0.0148281 0.0253224 0.341109
0 0.6309 0.220335 0.0136341 0.0220452 0.3404
0 0.10717 0.13039 0.0129179 0.0270144 0.340249
0 0.150505 0.564505 0.0127629 0.0168328 0.338555
0 0.91833 0.0425817 0.0147312 0.0210322 0.3316
0 0.888431 0.877613 0.0140167 0.0222609 0.330212
0 0.661633 0.321837 0.0114408 0.0172959 0.329994
0 0.326126 0.716452 0.0261471 0.0433011 0.329497
0 0.884204 0.145848 0.0133833 0.0234692 0.32841
0 0.642646 0.197209 0.010273 0.0188425 0.327778
0 0.228023 0.0190825 0.0210093 0.0369144 0.326925
0 0.366031 0.10686 0.0279956 0.0524862 0.326303
0 0.842185 0.581056 0.0134878 0.0192584 0.326281
0 0.589869 0.256583 0.0130249 0.0190356 0.32625
0 0.156412 0.818588 0.018818 0.0394179 0.325754
0 0.651227 0.347015 0.0139436 0.0177497 0.325622
0 0.192582 0.989206 0.0255055 0.0207621 0.325486
0 0.350502 0.58095 0.0199725 0.0333282 0.322184
0 0.707859 0.198137 0.00980396 0.0165645 0.321162
0 0.757495 0.226801 0.0122727 0.0198126 0.319621
0 0.0160783 0.958088 0.0132264 0.0243218 0.318467
0 0.361455 0.0187736 0.0157807 0.0270357 0.316248
0 0.316697 0.558093 0.0190291 0.0329477 0.316003
0 0.279149 0.133767 0.0183345 0.019739 0.313538
0 0.244696 0.936515 0.011433 0.0175768 0.310497
0 0.00306909 0.488069 0.0061267 0.0187655 0.309793
0 0.6934 0.221243 0.0127496 0.0174112 0.309391
0 0.313781 0.0433968 0.0185891 0.0374543 0.308498
0 0.627085 0.305554 0.0123892 0.0202896 0.30822
0 0.35343 0.374886 0.0212253 0.0363394 0.307671
0 0.469211 0.0715954 0.0222218 0.042248 0.306999
0 0.733636 0.386716 0.0120163 0.0185338 0.305692
0 0.168792 0.349397 0.0168941 0.0284838 0.304428
0 0.718459 0.177269 0.0146702 0.0193843 0.303846
0 0.287685 0.16685 0.0187949 0.0371169 0.303253
0 0.86435 0.278449 0.0206341 0.0352069 0.302004
0 0.749351 0.0807501 0.017776 0.0319792 0.301288
0 0.836849 0.0106743 0.0156361 0.0213485 0.30097
0 0.69933 0.165308 0.0144901 0.0204653 0.297877
0 0.207654 0.659333 0.0279396 0.0501078 0.295711
0 0.76781 0.283355 0.0113553 0.0180719 0.294867
0 0.692414 0.366268 0.0148514 0.022051 0.294716
0 0.832108 0.370706 0.0119801 0.0178453 0.294179
0 0.2072 0.73456 0.0130497 0.0263346 0.292336
0 0.211668 0.324507 0.0181938 0.0299406 0.292056
0 0.762345 0.926752 0.0242167 0.022986 0.291492
0 0.894779 0.969219 0.0138294 0.0209503 0.289943
0 0.278335 0.877723 0.015761 0.0185788 0.287287
0 0.513704 0.107217 0.0131802 0.0182639 0.286705
0 0.670099 0.182894 0.0119404 0.0202194 0.285263
0 0.815372 0.396584 0.0120314 0.0163001 0.28365
0 0.307016 0.0814568 0.0131759 0.0214993 0.281904
0 0.264051 0.427081 0.0240144 0.0364588 0.280546
0 0.15076 0.407485 0.0163493 0.0269536 0.278814
0 0.660149 0.207737 0.0112792 0.0145378 0.277161
0 0.239385 0.606461 0.0225669 0.040862 0.275953
0 0.515976 0.13531 0.0116489 0.0214083 0.27522
0 0.346494 0.7726 0.0146706 0.0258877 0.274043
0 0.818639 0.237373 0.0154442 0.0338226 0.273426
0 0.633558 0.251991 0.0122585 0.0188694 0.273117
0 0.220436 0.793408 0.0202319 0.0374685 0.27053
0 0.293058 0.819221 0.0161263 0.024802 0.270447
0 0.273922 0.714587 0.0209257 0.0307678 0.269146
0 0.527032 0.0870522 0.01385 0.0191489 0.267446
0 0.92076 0.461491 0.0294598 0.0547777 0.264321
0 0.23821 0.842745 0.011736 0.0261471 0.263083
0 0.540966 0.17855 0.0139277 0.018839 0.262148
0 0.946681 0.508409 0.0190681 0.0353628 0.261628
0 0.00740279 0.287216 0.0146782 0.0423514 0.261534
0 0.313009 0.419449 0.0201084 0.0355774 0.261268
0 0.377983 0.231337 0.0239344 0.0375922 0.261044
0 0.504997 0.158668 0.0121813 0.0193768 0.260327
0 0.120476 0.0837841 0.0164861 0.0239824 0.259648
0 0.522896 0.169912 0.0125049 0.0192773 0.256809
0 0.581215 0.222755 0.0128278 0.0160749 0.25552
0 0.794347 0.240704 0.016494 0.0265272 0.255044
0 0.787808 0.210203 0.0124884 0.0189147 0.251769
0 0.299019 0.526923 0.0175494 0.0269274 0.25094
0 0.785532 0.37717 0.0112982 0.0159046 0.250169
0 0.399115 0.491233 0.0193892 0.0309745 0.249769
0 0.186442 0.404445 0.0231811 0.0439119 0.24969
0 0.278645 0.614094 0.0220457 0.0381716 0.249656
0 0.53391 0.145463 0.0129665 0.0205086 0.249389
0 0.792692 0.267363 0.0169872 0.0216168 0.249192
0 0.0182081 0.00671356 0.0165369 0.0134271 0.249045
0 0.29175 0.741419 0.0164803 0.0282203 0.24865
0 0.224789 0.480832 0.0127126 0.0273005 0.247924
0 0.828969 0.036374 0.0122482 0.0208219 0.247833
0 0.264587 0.46932 0.0240088 0.0376291 0.247459
0 0.0672255 0.991578 0.0217437 0.016511 0.243267
0 0.099101 0.376338 0.0143682 0.0193207 0.243169
0 0.875389 0.172326 0.0132736 0.0266087 0.242577
0 0.170382 0.353328 0.017839 0.0288463 0.240092
0 0.758021 0.309987 0.0113388 0.0161034 0.237869
0 0.101152 0.800968 0.0143224 0.0176036 0.237718
0 0.852036 0.992506 0.0141338 0.014987 0.237128
0 0.260885 0.802773 0.0125788 0.0212518 0.23696
0 0.367491 0.787264 0.020247 0.0347402 0.234758
0 0.0944153 0.533268 0.0122517 0.0138451 0.234136
0 0.866176 0.950847 0.0128891 0.0212496 0.234015
0 0.261958 0.576053 0.0179618 0.0255962 0.230144
0 0.683645 0.157668 0.0125849 0.0190865 0.228908
0 0.842029 0.247372 0.019138 0.0298165 0.227265
0 0.68774 0.187689 0.0112162 0.0155997 0.225854
0 0.871388 0.322053 0.016116 0.023197 0.225416
0 0.862143 0.274782 0.0262611 0.0435326 0.22378
0 0.0429325 0.186097 0.0267906 0.0453445 0.223654
0 0.484137 0.234669 0.0125462 0.0194442 0.222524
0 0.10364 0.881351 0.0126927 0.0161445 0.219992
0 0.482982 0.0239839 0.0194963 0.0415791 0.219169
0 0.490884 0.18466 0.0114584 0.0175494 0.216961
0 0.831756 0.213955 0.0159367 0.0301073 0.216861
0 0.347475 0.47782 0.0141108 0.0264243 0.215001
0 0.902004 0.0958299 0.0128628 0.0204952 0.214491
0 0.336664 0.441381 0.0172867 0.029233 0.210252
0 0.754333 0.335171 0.0110373 0.0164739 0.20883
0 0.00240584 0.674527 0.00475056 0.0510205 0.207352
0 0.872167 0.830568 0.0152164 0.0264709 0.20637
0 0.368149 0.78124 0.0186146 0.0259089 0.205502
0 0.224716 0.976075 0.01311 0.0289972 0.203674
0 0.799236 0.389016 0.0126438 0.018933 0.200457
