0 0.84213 0.373969 0.0284138 0.0360626 0.678698
0 0.0784892 0.761458 0.0221689 0.039561 0.674021
0 0.750547 0.962383 0.0318714 0.0530932 0.662846
0 0.925931 0.756248 0.0242287 0.0462921 0.661962
0 0.608898 0.334815 0.0162056 0.0318819 0.660251
0 0.115625 0.817538 0.0240943 0.0437103 0.655713
0 0.718057 0.335553 0.0184813 0.0371824 0.653921
0 0.751223 0.680893 0.01896 0.0327499 0.652815
0 0.91198 0.23024 0.0238094 0.0376429 0.650788
0 0.918783 0.175496 0.0214512 0.0373336 0.649663
0 0.0354997 0.611284 0.016576 0.0312812 0.648209
0 0.148466 0.748892 0.018209 0.035021 0.647136
0 0.552476 0.308288 0.0212385 0.0415686 0.644735
0 0.979835 0.754491 0.0197779 0.0337111 0.643963
0 0.596084 0.43859 0.0245832 0.0419727 0.643905
0 0.766896 0.494825 0.0228985 0.0434261 0.642621
0 0.767472 0.0865522 0.0271946 0.0510278 0.640897
0 0.677 0.864327 0.0267951 0.0451781 0.640639
0 0.208281 0.911515 0.0246057 0.0418722 0.634878
0 0.165876 0.555944 0.0218457 0.045369 0.634764
0 0.017687 0.114732 0.0182967 0.0328346 0.632237
0 0.851506 0.254592 0.0183395 0.0370472 0.632043
0 0.213034 0.982276 0.0145827 0.0322398 0.629155
0 0.0501753 0.95663 0.0172188 0.0346297 0.628055
0 0.0427413 0.75754 0.0156166 0.0313175 0.627503
0 0.319536 0.246945 0.0192917 0.0336092 0.624603
0 0.833652 0.587429 0.0221684 0.0352062 0.6235
0 0.946256 0.686439 0.0218898 0.0397917 0.621439
0 0.380892 0.552002 0.0150625 0.0262498 0.621121
0 0.0477085 0.908365 0.02076 0.0540717 0.621118
0 0.0487881 0.553312 0.015271 0.0261615 0.620844
0 0.254028 0.965176 0.0189782 0.0282545 0.620092
0 0.111767 0.889342 0.0169888 0.048821 0.616304
0 0.839072 0.294226 0.0193047 0.0378076 0.616241
0 0.216651 0.7441 0.0200329 0.0344889 0.614251
0 0.100594 0.0187019 0.0176023 0.0355299 0.612314
0 0.914919 0.593208 0.0226284 0.0413666 0.611452
0 0.0141143 0.613555 0.0218744 0.04022 0.609642
0 0.0757184 0.552114 0.0151963 0.0293893 0.60835
0 0.775262 0.256241 0.0170932 0.0426117 0.606451
0 0.72594 0.545057 0.020956 0.0314974 0.604827
0 0.366057 0.328399 0.0194035 0.0337844 0.604451
0 0.862782 0.719864 0.0169678 0.0346291 0.602758
0 0.625222 0.216497 0.0173681 0.0306454 0.602716
0 0.35655 0.29153 0.0139085 0.0264591 0.602235
0 0.292968 0.117226 0.0160957 0.0336058 0.602153
0 0.882107 0.0179772 0.0233013 0.0359544 0.599575
0 0.538146 0.0184416 0.0276361 0.0367664 0.599121
0 0.427608 0.526846 0.0138707 0.0250868 0.597917
0 0.178993 0.15308 0.0154089 0.038266 0.5974
0 0.074539 0.307293 0.0171221 0.0311117 0.597281
0 0.578049 0.68041 0.0158501 0.0342992 0.597023
0 0.110411 0.596193 0.0260117 0.0519037 0.596903
0 0.627532 0.316121 0.0144487 0.0338836 0.596293
0 0.663083 0.162065 0.0156914 0.0288142 0.596083
0 0.653669 0.805465 0.0160504 0.0299041 0.594648
0 0.203836 0.13221 0.0141406 0.027446 0.594242
0 0.817686 0.135051 0.0221642 0.0412476 0.593829
0 0.792699 0.393514 0.0169045 0.0306513 0.593656
0 0.539601 0.5489 0.0160714 0.0378045 0.593014
0 0.482928 0.365664 0.0159699 0.0343417 0.592529
0 0.903775 0.328572 0.0206532 0.0364371 0.592224
0 0.250667 0.529376 0.0201499 0.0384983 0.591655
0 0.371381 0.691093 0.0159207 0.0318471 0.590992
0 0.483267 0.549347 0.0208749 0.0445537 0.590098
0 0.354911 0.170512 0.0178047 0.0323156 0.589903
0 0.705557 0.529782 0.0157094 0.0367015 0.587639
0 0.861051 0.338199 0.0216671 0.037517 0.585546
0 0.564936 0.644324 0.01477 0.0294123 0.585486
0 0.494598 0.752067 0.0239567 0.0442495 0.585305
0 0.106876 0.532797 0.0207097 0.0418193 0.58494
0 0.693846 0.782952 0.0167269 0.0345164 0.584599
0 0.0576511 0.221552 0.0134875 0.0277874 0.584543
0 0.579594 0.226366 0.0186161 0.0324182 0.582808
0 0.657965 0.664755 0.0229143 0.0353443 0.582077
0 0.777902 0.801089 0.0271403 0.0458839 0.580208
0 0.879715 0.74691 0.0205318 0.0311957 0.578745
0 0.640974 0.730833 0.0167818 0.0303124 0.578093
0 0.679257 0.18452 0.0170322 0.0342072 0.57749
0 0.728594 0.0682993 0.0220732 0.0371675 0.577268
0 0.0803414 0.702994 0.0171292 0.0346176 0.576441
0 0.142013 0.524291 0.0113665 0.0385054 0.574194
0 0.425696 0.402173 0.0198032 0.0349589 0.574016
0 0.249728 0.108224 0.0186376 0.0369527 0.574006
0 0.547708 0.203111 0.0168231 0.0358546 0.573642
0 0.453163 0.97721 0.0223991 0.0429399 0.570355
0 0.60568 0.487664 0.0167645 0.0253889 0.569298
0 0.811977 0.981827 0.0209476 0.0346391 0.567481
0 0.829331 0.247405 0.0188854 0.0399263 0.56699
0 0.657198 0.77308 0.0167432 0.0282357 0.566178
0 0.844392 0.0476943 0.0205858 0.0312861 0.565864
0 0.803755 0.582361 0.0203691 0.0376773 0.565557
0 0.600697 0.946871 0.020426 0.0392734 0.565183
0 0.421791 0.591072 0.0150539 0.0298043 0.564443
0 0.855749 0.171802 0.0226831 0.0304475 0.564433
0 0.800968 0.876422 0.020052 0.0389091 0.562233
0 0.89629 0.175727 0.018041 0.0383287 0.561431
0 0.169264 0.194155 0.0214879 0.0369824 0.560417
0 0.126976 0.567808 0.0142942 0.0229573 0.558851
0 0.578048 0.583884 0.012896 0.0267032 0.558189
0 0.632513 0.799218 0.0143632 0.0229543 0.557956
0 0.986398 0.383535 0.0179626 0.031387 0.556746
0 0.056406 0.510056 0.0175422 0.0290832 0.556614
0 0.737911 0.909251 0.0208096 0.0362603 0.555879
0 0.623221 0.617868 0.0169245 0.0285759 0.555789
0 0.392677 0.793995 0.0202805 0.0417779 0.555039
0 0.420898 0.129701 0.0187012 0.0361517 0.554631
0 0.850073 0.201197 0.0168556 0.0272673 0.553656
0 0.71818 0.441441 0.0177268 0.0299449 0.552079
0 0.729944 0.786558 0.0173206 0.0273855 0.551166
0 0.692774 0.21603 0.0174332 0.0348995 0.550526
0 0.436473 0.663512 0.0173732 0.0294907 0.550405
0 0.132405 0.658194 0.020025 0.0356742 0.549647
0 0.62713 0.98398 0.0180372 0.0300171 0.549313
0 0.333752 0.3342 0.0119048 0.0264881 0.549098
0 0.756324 0.758491 0.0169186 0.0333874 0.548933
0 0.871648 0.887319 0.0192127 0.0300503 0.547777
0 0.934682 0.51514 0.0239342 0.0412106 0.54656
0 0.865327 0.930168 0.0165382 0.0271436 0.545768
0 0.522302 0.744073 0.0194789 0.0331867 0.545542
0 0.0655131 0.446399 0.0142988 0.0327305 0.544059
0 0.176794 0.940482 0.0218252 0.0350556 0.543682
0 0.747167 0.83283 0.0168947 0.0321913 0.543471
0 0.662981 0.198499 0.0153009 0.0284612 0.542156
0 0.266139 0.385056 0.0189105 0.0330207 0.540301
0 0.0441398 0.459268 0.0126675 0.0232827 0.539593
0 0.0982869 0.144962 0.0213224 0.0346888 0.538263
0 0.925242 0.448915 0.0201628 0.0394832 0.537947
0 0.177277 0.869015 0.0186572 0.0380303 0.5364
0 0.18036 0.632679 0.0200769 0.0418133 0.53451
0 0.749379 0.295003 0.0189927 0.038455 0.534233
0 0.098325 0.0902659 0.0216831 0.0368346 0.534027
0 0.0644468 0.98377 0.0156732 0.0310398 0.53328
0 0.0632081 0.828692 0.0232737 0.0536624 0.531808
0 0.135909 0.30941 0.0176978 0.0333701 0.531067
0 0.10866 0.230916 0.0187658 0.0385325 0.530622
0 0.437453 0.802406 0.0160381 0.0275826 0.528433
0 0.564339 0.241983 0.0142954 0.0282899 0.527779
0 0.246884 0.783857 0.0232081 0.0448717 0.527546
0 0.0597045 0.410882 0.0155121 0.0263601 0.527032
0 0.00626275 0.270832 0.0119364 0.0273859 0.525517
0 0.65157 0.839681 0.0183414 0.0302344 0.525154
0 0.282827 0.372651 0.0145802 0.0269923 0.525077
0 0.664016 0.923952 0.0142895 0.0256317 0.524805
0 0.287148 0.225897 0.017645 0.0340402 0.52417
0 0.453063 0.858738 0.0190351 0.0346787 0.523114
0 0.572369 0.344194 0.0143469 0.0376331 0.522963
0 0.992004 0.613243 0.0152821 0.0226248 0.520929
0 0.684011 0.30335 0.0171762 0.0319826 0.520747
0 0.0965375 0.298633 0.0130088 0.02619 0.520338
0 0.546407 0.658124 0.0127636 0.0233414 0.520069
0 0.953858 0.750529 0.0215656 0.0294913 0.519233
0 0.0137152 0.237728 0.0178202 0.036142 0.518754
0 0.237515 0.58928 0.0205518 0.0373342 0.51871
0 0.277943 0.494487 0.0144439 0.0234069 0.517863
0 0.241577 0.665299 0.0205125 0.036519 0.515938
0 0.803261 0.683518 0.021198 0.035804 0.512927
0 0.662765 0.725809 0.0163181 0.0292015 0.512777
0 0.48855 0.461972 0.0172556 0.0287112 0.512343
0 0.252563 0.413953 0.0179779 0.0362757 0.511583
0 0.365374 0.470573 0.0158024 0.0287062 0.509993
0 0.978338 0.628425 0.0151148 0.0290346 0.508991
0 0.568986 0.527909 0.0176394 0.0278629 0.50817
0 0.28758 0.44974 0.0196104 0.0316033 0.508116
0 0.281268 0.421322 0.0175858 0.0252433 0.507154
0 0.472099 0.596061 0.0169104 0.0334365 0.505529
0 0.680043 0.553415 0.022213 0.0370745 0.502424
0 0.696738 0.355128 0.0167103 0.0266357 0.502086
0 0.895724 0.920829 0.0143211 0.024722 0.501599
0 0.385077 0.521043 0.0136268 0.0248202 0.501194
0 0.556887 0.859536 0.0234772 0.0355938 0.498227
0 0.163564 0.505543 0.0190075 0.0363728 0.497993
0 0.284776 0.963837 0.0169224 0.0271371 0.497422
0 0.144114 0.0248832 0.0166838 0.0269156 0.496558
0 0.326604 0.189281 0.0133323 0.0294169 0.496512
0 0.267032 0.572664 0.0206444 0.0402584 0.49582
0 0.487678 0.963519 0.0189753 0.0320272 0.494431
0 0.589929 0.621567 0.0141198 0.0206033 0.492108
0 0.00411004 0.342512 0.00814402 0.0316787 0.491893
0 0.038918 0.721844 0.0151302 0.0280368 0.49155
0 0.733356 0.301159 0.0145407 0.0319879 0.48962
0 0.403207 0.546819 0.0161529 0.0342167 0.489516
0 0.377371 0.622313 0.0146495 0.0340458 0.487778
0 0.0908663 0.243374 0.0144294 0.0256336 0.486396
0 0.900685 0.444243 0.0158661 0.0296897 0.485691
0 0.824484 0.18983 0.0233997 0.045209 0.484374
0 0.437717 0.490632 0.013985 0.0418822 0.483962
0 0.299015 0.152644 0.016591 0.0268578 0.483649
0 0.266116 0.928398 0.0186207 0.035878 0.482673
0 0.614434 0.372045 0.015905 0.0317664 0.47813
0 0.266059 0.119983 0.0157967 0.0270476 0.477974
0 0.244202 0.93619 0.0148568 0.0244039 0.47671
0 0.0149174 0.570619 0.0127898 0.0255319 0.47556
0 0.314066 0.880423 0.0246058 0.0370263 0.475014
0 0.883207 0.650455 0.0271271 0.0402269 0.474302
0 0.330761 0.977789 0.0207325 0.0397707 0.473995
0 0.305852 0.957871 0.0127905 0.0213767 0.473822
0 0.0299045 0.142663 0.0221585 0.0343175 0.473781
0 0.903341 0.759803 0.0150832 0.0363958 0.472133
0 0.644066 0.584025 0.0171223 0.032423 0.472098
0 0.814269 0.0754169 0.0191765 0.0362845 0.471641
0 0.102557 0.199046 0.017198 0.0250352 0.468427
0 0.368348 0.011068 0.0119158 0.021086 0.468105
0 0.0252716 0.513412 0.0139895 0.0263975 0.467037
0 0.530557 0.785971 0.0179976 0.0305497 0.463739
0 0.301443 0.475276 0.0161755 0.0301821 0.463252
0 0.396428 0.727496 0.0240627 0.0367245 0.462713
0 0.133429 0.394167 0.0186774 0.0338543 0.462195
0 0.361712 0.128496 0.0178533 0.032395 0.461501
0 0.313186 0.175895 0.0152796 0.0311389 0.460955
0 0.645956 0.131799 0.0186756 0.0314447 0.457672
0 0.423528 0.763094 0.0214344 0.0434574 0.456836
0 0.319312 0.327572 0.0178776 0.0378052 0.455213
0 0.334133 0.222372 0.0119573 0.0290214 0.455156
0 0.433375 0.839651 0.0123423 0.0279249 0.453704
0 0.653967 0.438203 0.0212601 0.0539129 0.453582
0 0.680583 0.0498925 0.0136308 0.0309593 0.452465
0 0.973059 0.689395 0.0268738 0.0285928 0.452223
0 0.0358106 0.102811 0.0152564 0.0311078 0.449484
0 0.562306 0.144964 0.0133541 0.0298072 0.4494
0 0.355419 0.916525 0.0232272 0.0359182 0.447581
0 0.533677 0.693128 0.0165188 0.030183 0.446902
0 0.100414 0.786418 0.0165783 0.0272532 0.445837
0 0.379512 0.583306 0.0125764 0.0288527 0.445579
0 0.574351 0.458866 0.0176779 0.0262446 0.445401
0 0.2393 0.491054 0.0178182 0.0349548 0.445044
0 0.056573 0.667229 0.0160301 0.0251558 0.444325
0 0.735251 0.505997 0.0256332 0.039588 0.443762
0 0.865767 0.582395 0.0225891 0.0530314 0.442877
0 0.0470974 0.411229 0.0101446 0.0245582 0.441575
0 0.620168 0.70331 0.0207247 0.0326956 0.440121
0 0.289992 0.0557748 0.0152792 0.0245838 0.439155
0 0.905159 0.0444863 0.0210678 0.032167 0.439109
0 0.252904 0.604571 0.0170648 0.0355992 0.43907
0 0.428963 0.441594 0.0181683 0.0357307 0.43761
0 0.330055 0.76769 0.0182819 0.0308434 0.437512
0 0.846547 0.499822 0.0179543 0.0369323 0.437107
0 0.694808 0.660399 0.0147516 0.0340161 0.437083
0 0.760717 0.861163 0.0189114 0.0326321 0.435468
0 0.053568 0.286578 0.0156675 0.0321914 0.432553
0 0.651994 0.0324531 0.0130268 0.0224333 0.430728
0 0.639381 0.488416 0.0166016 0.0254591 0.429673
0 0.988387 0.465922 0.022253 0.0383481 0.42947
0 0.699936 0.0515532 0.0198926 0.0349218 0.428562
0 0.991424 0.654868 0.0171522 0.041675 0.427442
0 0.225898 0.28599 0.0193499 0.035922 0.427252
0 0.414738 0.490438 0.0183435 0.0299125 0.427059
0 0.00332584 0.17047 0.00661263 0.0409356 0.426885
0 0.127271 0.727136 0.0155646 0.0364695 0.426731
0 0.633986 0.400666 0.0153158 0.0267271 0.426221
0 0.0308312 0.576966 0.0146187 0.0262807 0.425735
0 0.0649857 0.12615 0.0128559 0.0247496 0.423634
0 0.676333 0.491732 0.0336784 0.0445533 0.423572
0 0.250191 0.890346 0.0158202 0.028185 0.422897
0 0.616763 0.181285 0.0167635 0.0292229 0.421999
0 0.026898 0.209876 0.015461 0.0287376 0.421965
0 0.819897 0.872501 0.0175831 0.038561 0.421249
0 0.334755 0.159978 0.0148331 0.0283662 0.42112
0 0.387544 0.981002 0.0198673 0.0348813 0.41971
0 0.153413 0.374546 0.0141959 0.0234507 0.418904
0 0.685569 0.944618 0.0171941 0.0325682 0.418784
0 0.964038 0.479119 0.0178454 0.033004 0.418664
0 0.314449 0.209731 0.0142013 0.024575 0.418121
0 0.788924 0.300169 0.0238082 0.0337369 0.417682
0 0.883561 0.213915 0.028174 0.0357043 0.413863
0 0.472718 0.159951 0.0223322 0.0358461 0.413512
0 0.0646339 0.338828 0.0149132 0.0346064 0.413446
0 0.107332 0.693956 0.0171198 0.0348952 0.413245
0 0.713916 0.652314 0.0153216 0.0324014 0.412433
0 0.572229 0.0449852 0.0194681 0.042145 0.410734
0 0.698948 0.274517 0.01524 0.0353779 0.410406
0 0.420333 0.5541 0.0119401 0.0246518 0.410174
0 0.775814 0.159142 0.0256555 0.0566717 0.409617
0 0.723536 0.102653 0.016308 0.031517 0.409449
0 0.453117 0.721542 0.0171793 0.0334581 0.409322
0 0.0167748 0.47469 0.0145737 0.0300913 0.408817
0 0.611189 0.370548 0.0207056 0.0327884 0.408772
0 0.61911 0.277939 0.0221871 0.0377944 0.40774
0 0.449093 0.754154 0.0127016 0.0285631 0.406122
0 0.852337 0.846211 0.0267555 0.0311107 0.406119
0 0.383875 0.482149 0.0151676 0.027008 0.405433
0 0.792822 0.301844 0.0174262 0.0282567 0.404199
0 0.350047 0.726437 0.0191156 0.0323798 0.402403
0 0.497654 0.0380462 0.0197454 0.0399432 0.402162
0 0.621688 0.151793 0.012359 0.0217619 0.402132
0 0.85544 0.527884 0.019059 0.0293207 0.402061
0 0.641487 0.0534412 0.0131176 0.0311582 0.401467
0 0.0578504 0.379894 0.0153824 0.0313887 0.401374
0 0.560219 0.938532 0.0160429 0.031407 0.400804
0 0.34926 0.597322 0.012876 0.027475 0.400759
0 0.00671705 0.494943 0.0129227 0.027667 0.400556
0 0.554965 0.901665 0.0169079 0.0324395 0.40047
0 0.22121 0.100018 0.0175826 0.0345985 0.398896
0 0.758488 0.565401 0.0287747 0.0416343 0.398259
0 0.523467 0.590917 0.0161451 0.0345537 0.396175
0 0.3371 0.805682 0.020911 0.040182 0.395781
0 0.673044 0.350501 0.0186812 0.0307336 0.393959
0 0.504519 0.287427 0.0216415 0.0470148 0.393908
0 0.599811 0.593246 0.0136675 0.0331329 0.393752
0 0.608356 0.228272 0.0130004 0.022283 0.393256
0 0.690354 0.592518 0.0150364 0.0266042 0.390486
0 0.97195 0.445637 0.0131393 0.0239257 0.389411
0 0.723203 0.0138119 0.0150966 0.0269033 0.388317
0 0.819775 0.190379 0.0328854 0.045323 0.38772
0 0.364036 0.652204 0.0128088 0.0237548 0.387593
0 0.480769 0.416823 0.0249888 0.0483632 0.387437
0 0.0693159 0.73482 0.0122234 0.0247972 0.385973
0 0.342314 0.264259 0.018151 0.0285658 0.385937
0 0.992835 0.58146 0.0142559 0.0212648 0.385292
0 0.349868 0.762268 0.0155898 0.0283203 0.384842
0 0.294951 0.883875 0.0122089 0.0297587 0.383645
0 0.715473 0.180651 0.0247681 0.0491381 0.381796
0 0.452402 0.825392 0.0139193 0.024772 0.381555
0 0.448791 0.931166 0.0156953 0.0301883 0.38086
0 0.995017 0.732492 0.00996704 0.023545 0.380849
0 0.0557997 0.484881 0.0175972 0.0314353 0.37995
0 0.859999 0.172223 0.018071 0.0306733 0.379926
0 0.0671711 0.268641 0.0197505 0.0419888 0.379671
0 0.324709 0.496209 0.0128845 0.0231969 0.378883
0 0.227359 0.455603 0.0166963 0.0278064 0.378698
0 0.624767 0.578939 0.0175292 0.0287884 0.377996
0 0.0153588 0.76291 0.0187562 0.0344964 0.374146
0 0.0511474 0.154046 0.0136802 0.0232279 0.372436
0 0.633878 0.907048 0.0237515 0.0399556 0.371624
0 0.342067 0.482931 0.0144072 0.021252 0.371377
0 0.177866 0.0076847 0.0155597 0.0147969 0.370981
0 0.378846 0.0620807 0.0202391 0.041492 0.370932
0 0.268399 0.188611 0.0222811 0.0365846 0.369799
0 0.925033 0.368899 0.0196205 0.0328117 0.369137
0 0.223302 0.0492909 0.0110346 0.0265579 0.368996
0 0.234925 0.854277 0.0296705 0.0407918 0.368622
0 0.576821 0.386589 0.0128558 0.0256312 0.368271
0 0.455548 0.158253 0.0107637 0.0358538 0.367316
0 0.127315 0.0369275 0.0158317 0.0261947 0.365605
0 0.382885 0.93574 0.025782 0.0419751 0.364029
0 0.130768 0.111706 0.0195342 0.0381789 0.363331
0 0.693966 0.741213 0.0231303 0.0404466 0.363235
0 0.325184 0.417274 0.0153246 0.0317273 0.363075
0 0.133617 0.195533 0.023123 0.0376801 0.362467
0 0.0945361 0.336075 0.0142854 0.0365943 0.361716
0 0.673001 0.749226 0.0151245 0.024162 0.361693
0 0.849045 0.134534 0.0245111 0.0435061 0.359102
0 0.774638 0.401375 0.0143369 0.0255147 0.356658
0 0.0631724 0.612065 0.0170199 0.0296424 0.356177
0 0.0866274 0.115126 0.0171337 0.031412 0.355567
0 0.932296 0.922995 0.0140434 0.0255537 0.354105
0 0.0325881 0.351303 0.0104447 0.0307563 0.353637
0 0.350311 0.509834 0.0159914 0.0259978 0.353452
0 0.708052 0.942119 0.0214991 0.030185 0.353126
0 0.15359 0.11774 0.0153479 0.0262431 0.352081
0 0.391012 0.24385 0.0171863 0.028634 0.351735
0 0.882004 0.489433 0.0192205 0.0378476 0.350931
0 0.203241 0.768605 0.0144368 0.0341343 0.350864
0 0.424671 0.368095 0.0170422 0.0221656 0.348651
0 0.85112 0.927731 0.0116196 0.0301961 0.34863
0 0.21165 0.0253784 0.0153436 0.0223372 0.34729
0 0.723892 0.892278 0.016148 0.0355403 0.346942
0 0.667393 0.0771724 0.0199377 0.0324663 0.346784
0 0.246306 0.00928467 0.016218 0.0180425 0.345389
0 0.263637 0.356481 0.0167051 0.0192373 0.344763
0 0.76654 0.20252 0.0189438 0.035654 0.344652
0 0.569922 0.824723 0.0139985 0.0266232 0.344413
0 0.0528138 0.705086 0.0115997 0.026872 0.343823
0 0.263697 0.147636 0.019656 0.0265344 0.342899
0 0.728338 0.232687 0.0170547 0.0350006 0.342012
0 0.280709 0.738539 0.0267503 0.0453332 0.341977
0 0.723707 0.398022 0.0208383 0.0389707 0.341535
0 0.282078 0.528341 0.0151677 0.0273074 0.34133
0 0.481394 0.237306 0.0225355 0.036449 0.340725
0 0.10794 0.730755 0.0166424 0.0283829 0.337054
0 0.0969595 0.74382 0.00685562 0.0333416 0.335553
0 0.590212 0.128937 0.0137928 0.0291574 0.334359
0 0.362951 0.986294 0.0200857 0.026423 0.331644
0 0.928534 0.368491 0.0258377 0.0402084 0.331491
0 0.107554 0.338914 0.0164789 0.0336756 0.330479
0 0.423661 0.13105 0.0167318 0.0340433 0.329883
0 0.0570715 0.786905 0.0112622 0.0278345 0.329435
0 0.504872 0.158114 0.0214632 0.0368091 0.328591
0 0.0175893 0.851651 0.0207581 0.0479814 0.327445
0 0.562681 0.729443 0.0168292 0.0321289 0.326353
0 0.452893 0.325895 0.0164666 0.0254892 0.326287
0 0.458398 0.791843 0.0141724 0.0286065 0.325563
0 0.468026 0.776205 0.0152937 0.0292535 0.325316
0 0.947279 0.586954 0.0158697 0.0357161 0.324611
0 0.0700887 0.0103979 0.0179741 0.0206905 0.324116
0 0.00269484 0.583021 0.00538821 0.024864 0.323452
0 0.065697 0.582975 0.011802 0.020165 0.322564
0 0.380614 0.762895 0.0154474 0.0251668 0.322155
0 0.296733 0.926478 0.0152821 0.0286523 0.322145
0 0.819143 0.543436 0.0176529 0.0336824 0.321229
0 0.905635 0.505559 0.0216103 0.0401756 0.320459
0 0.599127 0.647002 0.0135072 0.0254921 0.319246
0 0.554951 0.445727 0.0109689 0.025768 0.318789
0 0.344616 0.700427 0.0147641 0.021009 0.318668
0 0.032765 0.427896 0.0120587 0.0329072 0.318116
0 0.449877 0.627025 0.0165709 0.0386175 0.317831
0 0.239092 0.256775 0.0136677 0.0239377 0.315055
0 0.764048 0.567287 0.0189945 0.037915 0.311852
0 0.568074 0.979576 0.0179192 0.0362573 0.309602
0 0.290928 0.334402 0.0206455 0.0386008 0.308251
0 0.436373 0.696794 0.0155548 0.0254245 0.308234
0 0.327008 0.677424 0.0140026 0.0272369 0.307873
0 0.31162 0.65165 0.0191234 0.0361632 0.306964
0 0.369525 0.529852 0.0127165 0.0249288 0.306798
0 0.088155 0.111079 0.0145214 0.0263887 0.30471
0 0.270505 0.333486 0.0145134 0.0263968 0.302902
0 0.745582 0.137481 0.0120984 0.0328317 0.302779
0 0.596047 0.192346 0.00865803 0.0217544 0.302321
0 0.966732 0.575865 0.0185062 0.0334397 0.300719
0 0.451787 0.210504 0.0155844 0.031925 0.298044
0 0.179749 0.390251 0.0221121 0.0379795 0.297332
0 0.243057 0.933439 0.0144198 0.0211374 0.296843
0 0.4633 0.560944 0.0177401 0.0342639 0.296744
0 0.0799558 0.138188 0.0131297 0.017076 0.295831
0 0.0658537 0.093394 0.0146502 0.0282129 0.294644
0 0.238944 0.0615144 0.0165143 0.0293557 0.293175
0 0.111991 0.30769 0.0163068 0.0307726 0.291681
0 0.191815 0.671539 0.0170008 0.0250719 0.290997
0 0.383095 0.47908 0.0163359 0.0353155 0.290496
0 0.927118 0.654277 0.0230606 0.0376824 0.290202
0 0.5789 0.49272 0.016075 0.0331861 0.290104
0 0.00343851 0.436197 0.00679287 0.0275976 0.289759
0 0.29112 0.551196 0.00964661 0.0234993 0.289693
0 0.129917 0.120236 0.0185872 0.0262187 0.288026
0 0.414345 0.829841 0.0165955 0.025607 0.287842
0 0.230625 0.427256 0.0161759 0.0295967 0.286418
0 0.742184 0.0126203 0.0181705 0.0247762 0.284683
0 0.87461 0.888925 0.0229584 0.0324209 0.283047
0 0.168275 0.986738 0.0183362 0.0258965 0.28198
0 0.313567 0.280115 0.0187099 0.021455 0.280662
0 0.233725 0.130758 0.0121333 0.0311769 0.279939
0 0.338298 0.300484 0.0168213 0.0308055 0.27794
0 0.385134 0.37194 0.0199085 0.031279 0.277325
0 0.351425 0.224794 0.0155859 0.0229351 0.276868
0 0.203931 0.176115 0.0210721 0.0343678 0.276284
0 0.0164062 0.444596 0.0149081 0.0228492 0.27603
0 0.676122 0.622307 0.0166486 0.0272718 0.273674
0 0.653453 0.993453 0.0233003 0.0117405 0.273651
0 0.595436 0.253074 0.0130697 0.0333064 0.273649
0 0.279324 0.00797332 0.0148684 0.0156099 0.273481
0 0.310537 0.836654 0.0210032 0.0378821 0.273412
0 0.385166 0.283362 0.013826 0.0325461 0.273289
0 0.122771 0.504997 0.0139263 0.0182106 0.273128
0 0.496633 0.843702 0.0114214 0.0262678 0.272732
0 0.239434 0.634755 0.0203974 0.0279444 0.272557
0 0.477654 0.0639174 0.0193308 0.0347711 0.271819
0 0.408102 0.607665 0.00907145 0.029879 0.270292
0 0.0651561 0.543072 0.00914478 0.0289919 0.268968
0 0.815339 0.54108 0.0214382 0.036261 0.268929
0 0.758129 0.445123 0.016815 0.0311666 0.268847
0 0.231932 0.982826 0.0199153 0.0313382 0.268347
0 0.804879 0.942857 0.0149867 0.0347371 0.265836
0 0.408688 0.268175 0.0233174 0.034685 0.26577
0 0.354277 0.911783 0.0247829 0.0482291 0.264928
0 0.358366 0.0913593 0.013573 0.0311163 0.262083
0 0.879935 0.479834 0.0216688 0.0535066 0.259039
0 0.367754 0.802447 0.0190647 0.0341473 0.25832
0 0.283278 0.812578 0.0196807 0.0368254 0.258046
0 0.978078 0.912022 0.0189192 0.0366169 0.258021
0 0.166052 0.147565 0.00856403 0.0261302 0.257462
0 0.300661 0.803617 0.0176092 0.0321211 0.257073
0 0.519478 0.507178 0.0248369 0.0371798 0.257047
0 0.39303 0.690225 0.0130285 0.0257587 0.255913
0 0.440363 0.281869 0.0152173 0.0263627 0.25567
0 0.683704 0.939689 0.0188187 0.0360287 0.253662
0 0.33193 0.735838 0.0144342 0.0225298 0.253585
0 0.372864 0.198433 0.00888653 0.0227104 0.253396
0 0.638381 0.260018 0.0110355 0.0299739 0.253129
0 0.338285 0.0854954 0.0169105 0.0285294 0.252729
0 0.453755 0.215218 0.0136292 0.0368705 0.252277
0 0.135051 0.660061 0.0200222 0.0368264 0.251613
0 0.604721 0.21054 0.0107716 0.0205024 0.250763
0 0.508493 0.422171 0.0166883 0.0314103 0.250465
0 0.676919 0.219763 0.00961138 0.02403 0.25037
0 0.104109 0.363267 0.0138126 0.019556 0.250239
0 0.430894 0.880157 0.0186598 0.0354168 0.249613
0 0.643817 0.0564377 0.0123392 0.0273348 0.248879
0 0.385802 0.371771 0.0153936 0.0280482 0.248442
0 0.0604458 0.872829 0.0115011 0.0339108 0.24808
0 0.896821 0.443147 0.0213226 0.0358799 0.246164
0 0.229758 0.700113 0.0222638 0.0407511 0.245299
0 0.139892 0.689351 0.0142988 0.0194589 0.24505
0 0.0523838 0.178891 0.0158723 0.0238975 0.244785
0 0.747442 0.226196 0.0166458 0.0336996 0.244332
0 0.166335 0.226797 0.0208663 0.0244342 0.244329
0 0.468533 0.905754 0.0160639 0.0238312 0.244273
0 0.557939 0.398624 0.0153175 0.0301318 0.244247
0 0.314733 0.27888 0.0196181 0.0281265 0.243633
0 0.500975 0.878127 0.0153103 0.0245616 0.242777
0 0.617861 0.670556 0.0152575 0.0271573 0.241655
0 0.379512 0.415822 0.0185013 0.0369885 0.241107
0 0.11521 0.308596 0.0150738 0.0327874 0.241035
0 0.44783 0.621699 0.0206038 0.0437225 0.239025
0 0.4101 0.901499 0.0163799 0.0367815 0.238866
0 0.494916 0.0327725 0.0247448 0.0483624 0.237981
0 0.672608 0.00895772 0.0173193 0.017215 0.237838
0 0.198075 0.948898 0.0151874 0.0263188 0.237379
0 0.349277 0.338557 0.0122191 0.0258301 0.236041
0 0.430636 0.216372 0.0191614 0.0301825 0.235957
0 0.146072 0.584369 0.0120683 0.0248258 0.235868
0 0.741747 0.504917 0.0182863 0.0375948 0.23555
0 0.221799 0.175569 0.00907202 0.0300588 0.23502
0 0.158482 0.410245 0.0109554 0.0272501 0.233816
0 0.784385 0.300373 0.02405 0.0334225 0.233419
0 0.935524 0.418787 0.015102 0.0296592 0.233397
0 0.268432 0.249451 0.0127519 0.0272992 0.233329
0 0.640275 0.0937885 0.0167639 0.0368675 0.233296
0 0.674026 0.816993 0.0175908 0.0265381 0.232986
0 0.407824 0.61081 0.0106833 0.0315907 0.231643
0 0.414344 0.676893 0.0145344 0.0270352 0.231237
0 0.205139 0.765948 0.0130654 0.0343573 0.230973
0 0.374144 0.446071 0.0161264 0.0196743 0.230424
0 0.351705 0.339343 0.011769 0.0237892 0.229589
0 0.343804 0.660577 0.0169219 0.0236318 0.229544
0 0.604507 0.536688 0.0208357 0.0426592 0.228941
0 0.810337 0.526392 0.0229591 0.0483971 0.22851
0 0.577311 0.933928 0.0152958 0.0240548 0.228241
0 0.0248241 0.659735 0.0148595 0.0245841 0.227822
0 0.387466 0.282487 0.0134373 0.0309316 0.227473
0 0.411462 0.0956782 0.0119795 0.0255665 0.226854
0 0.741627 0.0170463 0.0188311 0.03142 0.226664
0 0.316055 0.139065 0.0139034 0.0223887 0.225643
0 0.254929 0.304437 0.0148325 0.0256049 0.224995
0 0.41899 0.557156 0.0116152 0.030132 0.22395
0 0.0328713 0.55517 0.0133646 0.0221217 0.221295
0 0.702829 0.183852 0.01604 0.0313489 0.219444
0 0.219406 0.0956947 0.0208241 0.0422899 0.218826
0 0.513479 0.836798 0.018742 0.0370126 0.218133
0 0.228246 0.947617 0.0155398 0.0215279 0.217859
0 0.125948 0.0407413 0.0168246 0.028609 0.217776
0 0.00806046 0.655453 0.015546 0.0320489 0.21714
0 0.333856 0.604216 0.0102533 0.0230039 0.216589
0 0.397255 0.646756 0.0193795 0.0342884 0.214881
0 0.323009 0.498692 0.0122526 0.0236259 0.214565
0 0.644852 0.19266 0.013097 0.0270197 0.213678
0 0.27877 0.874343 0.0157395 0.0296721 0.213345
0 0.0152278 0.719456 0.0157226 0.0319153 0.213128
0 0.381391 0.584509 0.0120607 0.0291153 0.211877
0 0.812414 0.533542 0.0255192 0.04902 0.211417
0 0.745331 0.297598 0.0256971 0.0398222 0.211252
0 0.194166 0.72893 0.0151671 0.0254205 0.210816
0 0.71565 0.194223 0.0191556 0.0291356 0.210799
0 0.194536 0.594937 0.0212728 0.0343708 0.209141
0 0.00390014 0.981675 0.00780028 0.0363625 0.208406
0 0.597708 0.594399 0.0126349 0.0320289 0.208223
0 0.445521 0.721766 0.0215706 0.0334632 0.207707
0 0.333166 0.163136 0.0139054 0.0262759 0.206896
0 0.210238 0.254597 0.0160193 0.0317817 0.206663
0 0.0944171 0.611486 0.0138705 0.026001 0.206619
0 0.725529 0.888009 0.0178982 0.0327959 0.206391
0 0.442854 0.558106 0.0181751 0.0430006 0.205073
0 0.0449953 0.463805 0.0134677 0.021103 0.20484
0 0.031621 0.98931 0.0234383 0.0208757 0.204549
0 0.241604 0.375216 0.018283 0.0276311 0.204034
0 0.194864 0.216132 0.0159399 0.0319644 0.204002
0 0.160162 0.335785 0.0243089 0.0366528 0.202905
0 0.0222043 0.513814 0.0174574 0.0327148 0.202493
0 0.154213 0.883544 0.0228017 0.041115 0.202248
0 0.467759 0.0381088 0.0149771 0.0268687 0.202237
0 0.536902 0.928557 0.0184458 0.0340349 0.201235
