0 0.0502375 0.352257 0.0262149 0.0480195 0.697789
0 0.566291 0.530029 0.0156768 0.0281826 0.64191
0 0.532707 0.429652 0.0155355 0.0256763 0.641655
0 0.587652 0.47656 0.013896 0.0235743 0.622397
0 0.614063 0.682521 0.0148733 0.0262001 0.62167
0 0.594631 0.665831 0.0149314 0.0242782 0.620585
0 0.582559 0.580464 0.0157557 0.0240732 0.616131
0 0.616656 0.643644 0.0149767 0.0236137 0.613293
0 0.574477 0.688063 0.0140287 0.0222499 0.610316
0 0.600842 0.596494 0.0157542 0.0229692 0.609139
0 0.749505 0.822119 0.0147007 0.0205163 0.607373
0 0.610485 0.725682 0.0170067 0.0265201 0.604503
0 0.544504 0.553108 0.0173937 0.0187056 0.601808
0 0.559795 0.404149 0.0233662 0.0306997 0.598564
0 0.629247 0.75313 0.0133335 0.0251136 0.597808
0 0.672836 0.696916 0.0148766 0.0235359 0.595958
0 0.68911 0.718704 0.0146412 0.0223195 0.595597
0 0.284159 0.320322 0.0137325 0.019966 0.59484
0 0.640156 0.681501 0.0144405 0.0249286 0.593209
0 0.541858 0.586109 0.0154277 0.0192989 0.593135
0 0.659894 0.798825 0.0130743 0.0207611 0.590456
0 0.574912 0.910311 0.0152402 0.0199126 0.589198
0 0.578437 0.615393 0.0135723 0.0253057 0.589002
0 0.715786 0.931045 0.0142969 0.0202147 0.588502
0 0.601465 0.557927 0.0152794 0.0227793 0.583653
0 0.522007 0.576148 0.0158413 0.0185233 0.582291
0 0.588096 0.773443 0.0133534 0.0239441 0.581628
0 0.59699 0.629999 0.0150926 0.0226938 0.580998
0 0.46676 0.533389 0.0129044 0.0214874 0.580575
0 0.0143039 0.17965 0.0235634 0.0466989 0.579997
0 0.743552 0.978927 0.0138151 0.0232198 0.57883
0 0.528344 0.466788 0.0175895 0.020978 0.578
0 0.501457 0.631954 0.0146853 0.0214525 0.577808
0 0.513932 0.415586 0.0145931 0.0239037 0.576314
0 0.558422 0.87219 0.0141664 0.023036 0.576046
0 0.674615 0.987311 0.0135984 0.0215394 0.576025
0 0.507404 0.488745 0.014785 0.0227964 0.574753
0 0.594634 0.704518 0.0138119 0.0238684 0.57294
0 0.711875 0.966554 0.0145388 0.0195038 0.572616
0 0.683287 0.756081 0.012479 0.0207986 0.572214
0 0.392244 0.832381 0.0124679 0.0193949 0.571163
0 0.561738 0.933718 0.0123596 0.0186535 0.568672
0 0.735281 0.922454 0.0145364 0.0179665 0.568141
0 0.606402 0.769099 0.0150372 0.0208357 0.566123
0 0.691849 0.0860922 0.012569 0.0188927 0.566005
0 0.572848 0.724558 0.0137536 0.0220008 0.56546
0 0.401056 0.333104 0.0141458 0.0219552 0.56518
0 0.415425 0.417975 0.0144084 0.0231389 0.56509
0 0.791538 0.0941622 0.0128744 0.0203798 0.564551
0 0.734095 0.793805 0.01346 0.0246012 0.56421
0 0.476971 0.388162 0.0139051 0.0205038 0.564084
0 0.726074 0.98856 0.0142059 0.0197485 0.563978
0 0.585897 0.508699 0.0129655 0.0214862 0.563769
0 0.653665 0.707262 0.0138391 0.0194712 0.56369
0 0.59117 0.740056 0.0123933 0.0242184 0.562553
0 0.577395 0.952613 0.0127012 0.0215108 0.562437
0 0.368969 0.500816 0.0125361 0.023506 0.562181
0 0.752786 0.910864 0.0139769 0.0182668 0.562161
0 0.626218 0.787511 0.0146132 0.0182207 0.561989
0 0.520646 0.610743 0.0144117 0.0199596 0.560698
0 0.186651 0.321237 0.0153079 0.0178245 0.560486
0 0.640539 0.811292 0.0141016 0.0174086 0.560066
0 0.546379 0.519149 0.0143281 0.0216122 0.558106
0 0.777452 0.869805 0.0136841 0.0193092 0.558056
0 0.429416 0.843752 0.0129394 0.0183655 0.556837
0 0.322099 0.349746 0.0137611 0.0239849 0.556636
0 0.804174 0.0693763 0.0122569 0.0208052 0.556172
0 0.678381 0.789676 0.0133241 0.0211292 0.555507
0 0.659039 0.964487 0.0134796 0.019593 0.5554
0 0.617718 0.856458 0.0131397 0.0204278 0.554817
0 0.765319 0.0987534 0.012612 0.0193904 0.554745
0 0.730226 0.829754 0.0141396 0.017991 0.553903
0 0.602881 0.812344 0.0142888 0.0223175 0.55292
0 0.932991 0.975412 0.0292053 0.0462633 0.55289
0 0.623056 0.555766 0.015932 0.0189188 0.55251
0 0.372754 0.773477 0.0128625 0.0217092 0.551279
0 0.796252 0.186034 0.0128713 0.020736 0.55082
0 0.587236 0.299538 0.0140625 0.0184066 0.550515
0 0.357997 0.413969 0.0142418 0.0196768 0.548274
0 0.504996 0.558845 0.0132284 0.0222343 0.547482
0 0.35795 0.754063 0.0130749 0.019851 0.54721
0 0.353628 0.447051 0.011979 0.0193159 0.545645
0 0.623097 0.435864 0.0134502 0.0210578 0.545609
0 0.692968 0.684419 0.0114038 0.0223769 0.543873
0 0.537296 0.661127 0.0134887 0.0232378 0.541392
0 0.342309 0.325589 0.0135018 0.0216918 0.541195
0 0.303481 0.334619 0.0150983 0.0204641 0.540614
0 0.00467381 0.803484 0.00934763 0.0197767 0.540145
0 0.267052 0.871946 0.0121846 0.0181864 0.539859
0 0.554136 0.710772 0.0145409 0.0211706 0.539218
0 0.209678 0.262899 0.0145721 0.0205035 0.538909
0 0.637544 0.844488 0.0133063 0.0189184 0.538872
0 0.817191 0.0447676 0.0139591 0.0205975 0.538314
0 0.645488 0.776981 0.0143129 0.0177243 0.537864
0 0.716422 0.298339 0.0126666 0.0189573 0.537093
0 0.446916 0.517546 0.013357 0.0225985 0.53672
0 0.339958 0.361595 0.0126887 0.0216068 0.536054
0 0.768428 0.93491 0.0146057 0.0195016 0.535077
0 0.391544 0.477578 0.0141355 0.0175503 0.534891
0 0.700454 0.226718 0.0137774 0.0191851 0.534478
0 0.336044 0.433082 0.0141411 0.0176966 0.533825
0 0.536041 0.69536 0.0124033 0.0227715 0.533419
0 0.621397 0.821423 0.0135901 0.0178563 0.533262
0 0.564512 0.566969 0.0145688 0.0185105 0.531555
0 0.570893 0.760776 0.0127656 0.0249451 0.531434
0 0.664189 0.92614 0.0132553 0.0213182 0.530899
0 0.488135 0.513719 0.014131 0.0179103 0.530559
0 0.636254 0.511183 0.0138959 0.0192275 0.5298
0 0.747817 0.252377 0.0148682 0.0197883 0.529436
0 0.404969 0.851746 0.0124778 0.0182851 0.529009
0 0.57746 0.651892 0.0124936 0.0219581 0.528247
0 0.319882 0.38542 0.0147692 0.0193658 0.528006
0 0.762036 0.969233 0.0150356 0.0193027 0.527502
0 0.634417 0.714738 0.013283 0.0193487 0.52728
0 0.683677 0.299512 0.0134623 0.0195518 0.526883
0 0.204379 0.866469 0.0118671 0.0191142 0.52655
0 0.596833 0.985294 0.0142811 0.0240679 0.526102
0 0.687487 0.88321 0.0138443 0.0204855 0.525761
0 0.699754 0.779796 0.0151433 0.0198249 0.52553
0 0.650567 0.110587 0.0128967 0.0205357 0.525464
0 0.78375 0.834254 0.0143847 0.0180623 0.525194
0 0.555137 0.25337 0.012682 0.0189755 0.525186
0 0.472938 0.425944 0.0133014 0.0202625 0.524553
0 0.0728504 0.81268 0.0146599 0.0221849 0.524285
0 0.599406 0.856503 0.0144886 0.0239 0.52332
0 0.48435 0.582897 0.0136175 0.0215573 0.523263
0 0.771374 0.903472 0.0120869 0.0192769 0.523192
0 0.746609 0.857012 0.0126451 0.0195309 0.523176
0 0.776125 0.0751789 0.0141712 0.0190024 0.522964
0 0.0182951 0.824555 0.0145167 0.0165517 0.521705
0 0.526451 0.498516 0.016713 0.0220715 0.521568
0 0.435071 0.430424 0.0123341 0.0220462 0.520907
0 0.591749 0.895792 0.0140043 0.0218051 0.520528
0 0.766834 0.189953 0.0114443 0.0194734 0.520167
0 0.603476 0.32476 0.0131214 0.0189877 0.519965
0 0.715592 0.34456 0.0128432 0.0196405 0.519714
0 0.719046 0.768748 0.0147456 0.0201826 0.51948
0 0.602367 0.276595 0.0127893 0.0180281 0.517372
0 0.500671 0.668052 0.0126324 0.0225259 0.517063
0 0.508718 0.524445 0.0150703 0.0225947 0.516892
0 0.58429 0.395696 0.013518 0.0228237 0.516712
0 0.398744 0.369476 0.0140271 0.0190153 0.516026
0 0.697826 0.945162 0.01283 0.0176684 0.516005
0 0.651953 0.297687 0.0136408 0.0210618 0.515688
0 0.652537 0.488839 0.0145297 0.0204424 0.515324
0 0.415073 0.825879 0.0122682 0.0201782 0.5149
0 0.784256 0.256195 0.0122082 0.0179872 0.514846
0 0.75921 0.878488 0.0137438 0.0183971 0.513803
0 0.574527 0.881003 0.0122898 0.0183466 0.513147
0 0.38253 0.316831 0.0127564 0.0212042 0.513108
0 0.95363 0.206215 0.013659 0.0213092 0.512739
0 0.572979 0.453508 0.0154661 0.0215549 0.512675
0 0.502081 0.593975 0.015461 0.020418 0.511654
0 0.483088 0.870466 0.0132214 0.020442 0.510798
0 0.732679 0.322931 0.0123032 0.019337 0.51079
0 0.635186 0.227772 0.0129147 0.0193296 0.510372
0 0.806466 0.114223 0.0125919 0.0188099 0.509828
0 0.0284337 0.98898 0.0142545 0.0197689 0.509761
0 0.559199 0.601102 0.0132193 0.0193295 0.509717
0 0.393519 0.438221 0.0142897 0.0243724 0.50896
0 0.568764 0.976982 0.0128487 0.0230037 0.508629
0 0.207672 0.980402 0.0141963 0.0218068 0.508456
0 0.548416 0.918733 0.0121742 0.0191544 0.50698
0 0.386841 0.789401 0.0145811 0.0186791 0.506653
0 0.634659 0.27656 0.0126832 0.0205007 0.506525
0 0.548803 0.478131 0.016144 0.0172865 0.506413
0 0.702806 0.746386 0.0141052 0.0195482 0.505583
0 0.45352 0.445099 0.0138165 0.0187341 0.50532
0 0.486511 0.544431 0.0140884 0.0172061 0.505255
0 0.478661 0.350868 0.0125011 0.0240068 0.504926
0 0.678303 0.953589 0.0126242 0.0177877 0.504653
0 0.533756 0.391354 0.0141151 0.020845 0.504602
0 0.650091 0.745054 0.0136288 0.0194851 0.504462
0 0.794916 0.140059 0.01199 0.0214342 0.504117
0 0.730209 0.956155 0.0139099 0.0216008 0.503846
0 0.976337 0.191203 0.0140165 0.0203755 0.503588
0 0.779026 0.118776 0.0113212 0.0181694 0.503438
0 0.634125 0.137304 0.0130035 0.0185201 0.5034
0 0.652829 0.346501 0.013386 0.0191423 0.503109
0 0.732225 0.275202 0.0145325 0.0195986 0.503023
0 0.496156 0.363348 0.0122082 0.0197098 0.5029
0 0.683297 0.918594 0.0143426 0.018354 0.502675
0 0.635866 0.321706 0.0130102 0.0188578 0.502191
0 0.770055 0.234512 0.012409 0.0182967 0.501234
0 0.706604 0.706932 0.0121868 0.0176258 0.501019
0 0.841424 0.0735987 0.0124332 0.0196602 0.500894
0 0.762903 0.843766 0.0121121 0.0182278 0.500823
0 0.246581 0.919425 0.0124493 0.0187029 0.499735
0 0.417905 0.380992 0.012397 0.0222655 0.49972
0 0.747138 0.034254 0.0122185 0.0180572 0.499503
0 0.51108 0.450586 0.0141705 0.0203078 0.498935
0 0.789764 0.805373 0.010958 0.0205153 0.498929
0 0.89463 0.0998955 0.0137718 0.020372 0.498864
0 0.95908 0.17327 0.0139305 0.0211231 0.498497
0 0.71515 0.252451 0.0134265 0.0198593 0.498193
0 0.665474 0.136023 0.0134522 0.0201758 0.497869
0 0.297907 0.408254 0.0129902 0.0191363 0.497835
0 0.265356 0.305971 0.0152048 0.0188394 0.497642
0 0.246684 0.766585 0.0118234 0.0209054 0.497541
0 0.635833 0.462703 0.0148103 0.0209469 0.497438
0 0.650219 0.158435 0.0129211 0.0196508 0.497406
0 0.227684 0.278387 0.0152119 0.017045 0.496138
0 0.27969 0.389888 0.013552 0.0174147 0.495968
0 0.749771 0.0773371 0.0129307 0.015913 0.495518
0 0.225309 0.313464 0.0148812 0.0192703 0.494833
0 0.678293 0.108807 0.0138655 0.0199873 0.494715
0 0.245936 0.288601 0.013531 0.0169129 0.494715
0 0.45355 0.837079 0.0116098 0.019268 0.494664
0 0.620105 0.60168 0.0145606 0.0171588 0.494521
0 0.667076 0.182751 0.0140166 0.020117 0.494017
0 0.592678 0.918243 0.0143713 0.0181802 0.493676
0 0.734188 0.367163 0.0125531 0.0204601 0.493344
0 0.711096 0.836062 0.0118618 0.0169172 0.493213
0 0.552656 0.96156 0.0123606 0.0193311 0.493184
0 0.631132 0.625203 0.0123201 0.0209984 0.492438
0 0.763586 0.275988 0.013961 0.0192184 0.492436
0 0.339139 0.396258 0.0138391 0.0186934 0.492326
0 0.479642 0.718412 0.014548 0.0212457 0.492322
0 0.585975 0.255002 0.0140688 0.017703 0.491894
0 0.0476682 0.9765 0.0130708 0.0195757 0.491747
0 0.701481 0.320708 0.012708 0.0200801 0.491726
0 0.377092 0.814039 0.0139783 0.0177897 0.491273
0 0.204252 0.336797 0.0126878 0.0181935 0.491014
0 0.55896 0.635538 0.012459 0.0192191 0.490646
0 0.657834 0.668764 0.0117716 0.0170475 0.490609
0 0.645796 0.939219 0.0135466 0.019651 0.490591
0 0.738903 0.19323 0.0124588 0.0194799 0.49036
0 0.715751 0.205154 0.0143822 0.0183744 0.490062
0 0.698397 0.18206 0.0130501 0.019991 0.489826
0 0.00854631 0.21858 0.0168883 0.0274718 0.489796
0 0.193694 0.888153 0.0125587 0.016828 0.489761
0 0.00715949 0.2551 0.014319 0.0374656 0.489681
0 0.827436 0.0163036 0.0143154 0.0208511 0.489377
0 0.205662 0.301006 0.0134964 0.0214862 0.489085
0 0.582667 0.806538 0.0129716 0.0236016 0.488992
0 0.359103 0.376881 0.0122147 0.0217553 0.488826
0 0.669899 0.731288 0.0130302 0.0165804 0.488423
0 0.529775 0.968163 0.0129541 0.0183896 0.488421
0 0.699016 0.275038 0.0135592 0.018998 0.488141
0 0.265055 0.563695 0.0116078 0.0176483 0.488103
0 0.538556 0.622536 0.0142004 0.0178167 0.487954
0 0.620365 0.344891 0.013045 0.0181344 0.487851
0 0.69008 0.847079 0.012464 0.0172529 0.487164
0 0.437083 0.396515 0.0130699 0.0199868 0.486968
0 0.496103 0.704545 0.0141642 0.0191192 0.486949
0 0.023087 0.245042 0.0159211 0.0267787 0.486901
0 0.602872 0.231663 0.0132929 0.0184706 0.485448
0 0.472845 0.897397 0.0127853 0.0213567 0.484595
0 0.248951 0.255603 0.0111579 0.0231559 0.484394
0 0.426942 0.799825 0.0128012 0.0186917 0.482865
0 0.736003 0.105499 0.0115107 0.0185287 0.482743
0 0.6513 0.205395 0.0133247 0.019342 0.482425
0 0.53374 0.729741 0.0132033 0.0175681 0.481908
0 0.410969 0.488831 0.0130674 0.0202822 0.481492
0 0.620321 0.392855 0.0131535 0.0190777 0.481109
0 0.740899 0.890204 0.0124217 0.0181456 0.480916
0 0.48683 0.914138 0.0141491 0.0178896 0.480617
0 0.47277 0.461331 0.0130133 0.0224147 0.47972
0 0.15807 0.918862 0.0141898 0.0206562 0.479691
0 0.192818 0.923421 0.0140704 0.019445 0.479689
0 0.771013 0.810463 0.0116608 0.0185248 0.478961
0 0.349696 0.480374 0.0154075 0.0229555 0.478174
0 0.723963 0.859266 0.0111046 0.0183241 0.477427
0 0.69764 0.410494 0.0122404 0.0170546 0.477324
0 0.801055 0.0246336 0.011042 0.0195574 0.477191
0 0.526241 0.539975 0.0148893 0.0200482 0.476994
0 0.738902 0.75802 0.0117714 0.0183308 0.476901
0 0.619059 0.252739 0.0149148 0.0209498 0.476512
0 0.166457 0.309561 0.0136237 0.022531 0.476385
0 0.0125362 0.124115 0.0175504 0.0274393 0.475612
0 0.396031 0.405341 0.0148445 0.020185 0.475267
0 0.0720632 0.851265 0.0143019 0.0222707 0.47519
0 0.247917 0.661985 0.0111765 0.016884 0.474566
0 0.705104 0.0641987 0.0117619 0.0160942 0.474564
0 0.239529 0.834718 0.0136006 0.0188492 0.474526
0 0.285439 0.283217 0.0113451 0.020215 0.474252
0 0.635457 0.369152 0.0126221 0.0191957 0.474036
0 0.373595 0.460559 0.0146922 0.0165307 0.473606
0 0.63308 0.879904 0.012885 0.0187649 0.473477
0 0.721808 0.0854407 0.0124603 0.0177959 0.473294
0 0.859563 0.0646927 0.012682 0.0192091 0.472528
0 0.549538 0.445177 0.0133125 0.0213264 0.472475
0 0.676937 0.659821 0.011659 0.0197544 0.472354
0 0.747696 0.946609 0.0136179 0.0171495 0.47098
0 0.796057 0.231882 0.0112357 0.0206809 0.47017
0 0.666409 0.894346 0.0135086 0.0199849 0.469029
0 0.568109 0.798378 0.0128475 0.024254 0.46877
0 0.0834102 0.979259 0.0142598 0.0214756 0.468126
0 0.707695 0.107557 0.0119258 0.0157351 0.468073
0 0.781961 0.210741 0.0114626 0.0196331 0.467857
0 0.182783 0.766388 0.0145687 0.0190141 0.467473
0 0.802944 0.827022 0.011871 0.0177743 0.46735
0 0.108361 0.820475 0.0136545 0.0205156 0.466692
0 0.284739 0.625564 0.0112635 0.0190458 0.466442
0 0.244893 0.32968 0.0157077 0.0191641 0.466126
0 0.304608 0.298658 0.0115538 0.02092 0.466045
0 0.69299 0.97594 0.0123679 0.0182 0.465909
0 0.457861 0.879325 0.0142621 0.0165853 0.465892
0 0.301176 0.36779 0.0127049 0.0185247 0.465857
0 0.952708 0.122923 0.0133441 0.0183425 0.465712
0 0.0540274 0.826202 0.0131371 0.0182905 0.465187
0 0.441064 0.740265 0.0120501 0.0177487 0.46493
0 0.343152 0.738688 0.0112558 0.0201094 0.464604
0 0.643642 0.649494 0.0128124 0.0190969 0.463002
0 0.751333 0.124185 0.0134481 0.0177483 0.462967
0 0.633892 0.183088 0.0134259 0.0192714 0.462934
0 0.162125 0.813614 0.0133693 0.0198714 0.462686
0 0.766219 0.145939 0.0120083 0.0169317 0.462457
0 0.208758 0.90459 0.0121691 0.0187398 0.460838
0 0.66543 0.231806 0.0130073 0.0177667 0.460818
0 0.316565 0.449591 0.0124273 0.0195986 0.460741
0 0.937879 0.189532 0.013866 0.018822 0.460265
0 0.694044 0.129032 0.0112457 0.0212747 0.459999
0 0.434264 0.887219 0.0127268 0.0166721 0.459926
0 0.206892 0.757945 0.0116359 0.0227819 0.459753
0 0.674408 0.825197 0.0130297 0.0178097 0.458624
0 0.700281 0.369607 0.0129397 0.0185844 0.458553
0 0.219426 0.621296 0.0136469 0.0190476 0.458017
0 0.420459 0.868452 0.0132456 0.0186805 0.457579
0 0.885115 0.0468512 0.0126427 0.0186859 0.457533
0 0.776603 0.028718 0.0119802 0.0183904 0.457308
0 0.675229 0.0216265 0.0125383 0.0182699 0.457237
0 0.212012 0.418906 0.012696 0.0201977 0.457092
0 0.141257 0.751138 0.0129218 0.0218191 0.456703
0 0.707882 0.150633 0.0111991 0.020264 0.45654
0 0.277068 0.422108 0.0124935 0.01817 0.456109
0 0.666924 0.276163 0.0127847 0.0182728 0.454291
0 0.721742 0.127992 0.0122541 0.0152377 0.452798
0 0.501814 0.933135 0.0119604 0.0192364 0.452329
0 0.152805 0.323754 0.0128641 0.0210284 0.452229
0 0.670139 0.368059 0.0130533 0.0174438 0.452109
0 0.604342 0.370397 0.0127661 0.0183523 0.451521
0 0.138368 0.711559 0.01375 0.0193766 0.451222
0 0.238593 0.68391 0.010773 0.0207113 0.449553
0 0.443662 0.862901 0.0109769 0.0180925 0.448733
0 0.683233 0.206709 0.0134052 0.0196943 0.448705
0 0.224995 0.349534 0.0136349 0.0192524 0.448441
0 0.20326 0.718095 0.0130222 0.0187931 0.448024
0 0.46989 0.496017 0.0153835 0.0205903 0.447908
0 0.0103002 0.968715 0.0156922 0.0186432 0.447872
0 0.986118 0.15931 0.014019 0.0181824 0.447457
0 0.684824 0.344291 0.012466 0.0178042 0.447004
0 0.63482 0.586482 0.0120306 0.01943 0.446622
0 0.0165522 0.859094 0.0132981 0.0192986 0.446003
0 0.0905159 0.835153 0.0137933 0.0200166 0.445832
0 0.261434 0.979171 0.0134456 0.0201319 0.445631
0 0.684422 0.392238 0.0133141 0.0199051 0.443399
0 0.440715 0.818117 0.0130373 0.0185768 0.442926
0 0.734561 0.0591557 0.0116539 0.0164033 0.442913
0 0.566661 0.492439 0.0125742 0.0164591 0.442277
0 0.158351 0.881479 0.0137565 0.0192219 0.44178
0 0.433275 0.470263 0.0133865 0.0188843 0.441769
0 0.151345 0.835609 0.0132576 0.0175924 0.441321
0 0.682703 0.159552 0.0132804 0.0181851 0.441136
0 0.0210211 0.78822 0.0130074 0.017286 0.440482
0 0.0662296 0.959559 0.0142761 0.020937 0.439208
0 0.737597 0.147025 0.0114287 0.0185307 0.439186
0 0.378045 0.39207 0.0118475 0.0220079 0.438751
0 0.558999 0.33901 0.012464 0.0193155 0.438526
0 0.570726 0.323146 0.0132726 0.0177128 0.438411
0 0.467571 0.854286 0.011895 0.0172855 0.438377
0 0.835478 0.110135 0.0122936 0.0188003 0.438283
0 0.0329386 0.953367 0.0127757 0.0198978 0.437825
0 0.806056 0.158879 0.0122616 0.0205204 0.437276
0 0.752664 0.168642 0.0131886 0.0172258 0.437185
0 0.200137 0.824562 0.0139605 0.0176459 0.43704
0 0.51704 0.683042 0.0115643 0.0218304 0.436811
0 0.570412 0.369053 0.0138715 0.0220234 0.435866
0 0.383322 0.747445 0.0118994 0.017707 0.433863
0 0.855102 0.0934143 0.0137876 0.0168545 0.433591
0 0.0705188 0.922136 0.0131722 0.0178874 0.433165
0 0.455964 0.407605 0.0133171 0.0197588 0.433092
0 0.235586 0.642548 0.0116606 0.0166764 0.431951
0 0.00417452 0.841267 0.00829568 0.01773 0.431614
0 0.264867 0.338241 0.0117668 0.0179187 0.431463
0 0.597573 0.427123 0.0124605 0.0213092 0.430874
0 0.695235 0.815352 0.015122 0.0149082 0.430834
0 0.662783 0.637752 0.0128708 0.0179108 0.428759
0 0.284053 0.927775 0.0116989 0.016591 0.427818
0 0.172666 0.973315 0.0122977 0.0178487 0.426721
0 0.133041 0.1293 0.0156943 0.0276929 0.425942
0 0.681711 0.430836 0.0119348 0.020202 0.425838
0 0.490202 0.472321 0.0142699 0.0202712 0.424987
0 0.428054 0.526666 0.013143 0.0224414 0.424581
0 0.100521 0.696207 0.0149367 0.0231687 0.424523
0 0.459297 0.337504 0.0131338 0.0199367 0.424373
0 0.817617 0.0911458 0.0148296 0.0196883 0.423819
0 0.414329 0.455648 0.0114876 0.0230455 0.422557
0 0.732631 0.22916 0.0147291 0.0180393 0.422355
0 0.721873 0.169995 0.0132456 0.0165694 0.422235
0 0.584716 0.546963 0.0122393 0.0203074 0.422116
0 0.664899 0.76629 0.0121258 0.01643 0.421932
0 0.91073 0.116342 0.0136536 0.0190324 0.421454
0 0.120018 0.984445 0.0144223 0.0212348 0.420871
0 0.496487 0.888733 0.013476 0.0166358 0.42071
0 0.323951 0.312527 0.0124033 0.0189192 0.419918
0 0.214356 0.689964 0.0116909 0.0183628 0.419809
0 0.228831 0.858405 0.0110962 0.0191615 0.419401
0 0.649932 0.254162 0.0125002 0.0180573 0.41876
0 0.440766 0.35665 0.0138884 0.0189936 0.418194
0 0.583417 0.844918 0.0132426 0.020462 0.418076
0 0.595486 0.95135 0.0118891 0.020347 0.418075
0 0.652473 0.870319 0.0131687 0.0169467 0.417855
0 0.763132 0.0544345 0.0113567 0.0172714 0.417054
0 0.1791 0.872758 0.0128582 0.016036 0.417001
0 0.993093 0.129834 0.0138132 0.0207427 0.416444
0 0.668834 0.323388 0.0123402 0.0190258 0.416384
0 0.61833 0.160155 0.013929 0.0197862 0.416286
0 0.188454 0.542241 0.01388 0.0214681 0.415779
0 0.291813 0.713236 0.0117288 0.0150302 0.415019
0 0.585799 0.345921 0.0138375 0.0178221 0.41491
0 0.525232 0.922672 0.0132827 0.0155558 0.413983
0 0.75717 0.78759 0.0131765 0.0194061 0.413982
0 0.28056 0.354948 0.011384 0.0188216 0.412984
0 0.63678 0.414672 0.013711 0.0186567 0.412925
0 0.602505 0.181539 0.0136069 0.0189223 0.412822
0 0.169338 0.272566 0.014755 0.0219155 0.41239
0 0.393295 0.720062 0.0111978 0.0183229 0.412168
0 0.564538 0.832885 0.0138449 0.0185326 0.412098
0 0.360942 0.338587 0.0162092 0.0198524 0.411322
0 0.123531 0.879614 0.0131968 0.0198341 0.411311
0 0.57155 0.231345 0.0131184 0.0205438 0.410852
0 0.68421 0.252491 0.0130985 0.0168102 0.409884
0 0.141009 0.862395 0.0143316 0.0190779 0.409293
0 0.0335894 0.197616 0.0134136 0.0250953 0.408604
0 0.108285 0.781935 0.0128544 0.0202654 0.408571
0 0.322069 0.746615 0.01081 0.0179311 0.408277
0 0.210725 0.799206 0.011931 0.0176829 0.408216
0 0.780755 0.165479 0.0107151 0.0174083 0.407931
0 0.210671 0.646545 0.0132879 0.0168467 0.4063
0 0.334682 0.7644 0.0115377 0.0168186 0.405741
0 0.419178 0.346025 0.0156097 0.018348 0.40571
0 0.267156 0.268404 0.0123794 0.0177351 0.404763
0 0.0539095 0.864676 0.0122739 0.0201236 0.402451
0 0.327214 0.283859 0.0129052 0.0213947 0.402131
0 0.520891 0.881271 0.0115244 0.0180018 0.401651
0 0.302325 0.688081 0.0118578 0.0163189 0.401504
0 0.12428 0.913888 0.0146516 0.0196394 0.401256
0 0.411318 0.779993 0.0136116 0.015691 0.401126
0 0.347888 0.780283 0.0103595 0.0167401 0.40108
0 0.534984 0.898407 0.0118416 0.0192773 0.40032
0 0.655878 0.83571 0.0138248 0.0158332 0.400203
0 0.652839 0.441209 0.0129358 0.0177399 0.400202
0 0.269821 0.608357 0.0125088 0.0192401 0.400017
0 0.617931 0.300025 0.0128994 0.0179373 0.399361
0 0.51555 0.715323 0.0120735 0.01763 0.398573
0 0.289268 0.667273 0.0102399 0.0188044 0.398162
0 0.271723 0.911777 0.0117545 0.0152293 0.39792
0 0.546302 0.818223 0.0137931 0.0206187 0.397598
0 0.677679 0.0674954 0.0140949 0.0163587 0.396831
0 0.228065 0.439365 0.0117806 0.0188331 0.396679
0 0.229546 0.242285 0.0142489 0.0192352 0.395428
0 0.156669 0.956813 0.0127023 0.0189528 0.394673
0 0.867413 0.0329303 0.0134916 0.0175447 0.394577
0 0.760779 0.00860585 0.0118085 0.0161342 0.394454
0 0.199515 0.673285 0.012411 0.0205309 0.393606
0 0.652844 0.392319 0.0129406 0.0183017 0.392931
0 0.585714 0.206181 0.0124821 0.0202523 0.392479
0 0.363129 0.797798 0.0106663 0.0182251 0.392139
0 0.723055 0.738138 0.0126142 0.016487 0.39067
0 0.87718 0.159061 0.0129224 0.0186701 0.388507
0 0.433177 0.762727 0.0111437 0.0202593 0.388037
0 0.510716 0.907623 0.0121883 0.0228904 0.388
0 0.156585 0.991679 0.0123804 0.0160356 0.387933
0 0.461092 0.921748 0.0123446 0.0171597 0.387715
0 0.61173 0.963598 0.0145232 0.0270189 0.387272
0 0.553921 0.299602 0.0140158 0.0185087 0.385075
0 0.0460115 0.171216 0.0230199 0.0381028 0.384542
0 0.849693 0.131871 0.0132126 0.0220289 0.383842
0 0.617846 0.206219 0.0142483 0.020136 0.3833
0 0.782123 0.297541 0.0139259 0.0186381 0.382727
0 0.338197 0.959208 0.0116068 0.0172689 0.382254
0 0.967314 0.142848 0.0154819 0.0186504 0.380606
0 0.648498 0.905485 0.0128998 0.0172652 0.37995
0 0.293692 0.436928 0.0140927 0.020637 0.379628
0 0.260895 0.93712 0.0110992 0.0174584 0.379428
0 0.174075 0.936858 0.0125359 0.0172203 0.377436
0 0.123586 0.840563 0.0129011 0.0204495 0.376211
0 0.191561 0.991524 0.0138549 0.0166638 0.375765
0 0.326275 0.984966 0.011943 0.0191956 0.373544
0 0.217822 0.46617 0.0123948 0.0173009 0.373003
0 0.78254 0.96419 0.0105187 0.0162645 0.372714
0 0.297887 0.947154 0.0113778 0.0160745 0.372163
0 0.927344 0.137186 0.0114418 0.0183873 0.371688
0 0.186458 0.286364 0.0158542 0.0191504 0.371315
0 0.0408603 0.770245 0.013476 0.0183909 0.371129
0 0.133482 0.773978 0.0133924 0.019477 0.370516
0 0.983853 0.0782383 0.012463 0.0191369 0.370386
0 0.223895 0.81822 0.0124058 0.01905 0.368501
0 0.312836 0.964973 0.0112204 0.0155613 0.367864
0 0.10378 0.964474 0.012706 0.0193224 0.367468
0 0.016543 0.896583 0.0139566 0.0172463 0.367253
0 0.306937 0.730873 0.0103708 0.018317 0.365083
0 0.608128 0.410623 0.012571 0.02056 0.364792
0 0.732994 0.0132899 0.0126516 0.0168742 0.363267
0 0.540223 0.940335 0.0114516 0.0155368 0.363188
0 0.369455 0.731771 0.0110334 0.0168413 0.362605
0 0.93718 0.102894 0.0126135 0.0166545 0.362569
0 0.503538 0.976361 0.0119024 0.0178189 0.36225
0 0.301845 0.533214 0.010949 0.0179433 0.36206
0 0.749163 0.29909 0.0119655 0.0175763 0.361952
0 0.242825 0.879198 0.0110162 0.0173667 0.361577
0 0.252195 0.430652 0.0132644 0.018703 0.361194
0 0.0361966 0.843398 0.0133025 0.0178032 0.357331
0 0.273922 0.953101 0.0128135 0.0156131 0.355997
0 0.351813 0.975069 0.0105073 0.0177132 0.355681
0 0.250769 0.809351 0.0111188 0.0159936 0.355676
0 0.790032 0.0473402 0.0120208 0.016232 0.355309
0 0.313864 0.554641 0.0122457 0.0200892 0.355253
0 0.0582142 0.75555 0.0142229 0.0187305 0.35512
0 0.218351 0.734088 0.013441 0.0170865 0.354528
0 0.877631 0.0829283 0.0126858 0.017318 0.354398
0 0.921435 0.17285 0.014336 0.0184211 0.354133
0 0.244885 0.365293 0.0135307 0.0198024 0.354028
0 0.00587395 0.766485 0.011463 0.0163734 0.353805
0 0.66142 0.0434153 0.0124081 0.0180393 0.352645
0 0.376988 0.428174 0.0147553 0.0197608 0.351138
0 0.715051 0.80687 0.0120859 0.0137207 0.350769
0 0.273736 0.542994 0.0100264 0.0174097 0.350416
0 0.646314 0.608621 0.0126364 0.0141256 0.349471
0 0.317716 0.418172 0.0127171 0.017463 0.348668
0 0.0351703 0.880039 0.0137126 0.0195724 0.347887
0 0.519006 0.648629 0.0142727 0.0195886 0.34764
0 0.0380764 0.806054 0.0116879 0.0209225 0.347134
0 0.140721 0.89777 0.0122059 0.0174761 0.345697
0 0.165366 0.85276 0.0124928 0.0175519 0.343259
0 0.323545 0.938479 0.0114236 0.0163923 0.342082
0 0.640155 0.97144 0.0126562 0.0156373 0.34003
0 0.29489 0.903731 0.0112883 0.0185527 0.339879
0 0.158749 0.772002 0.0132651 0.0218684 0.339302
0 0.904006 0.147606 0.0125 0.0144142 0.337292
0 0.367179 0.992142 0.0144889 0.0148148 0.337215
0 0.282007 0.585989 0.00935812 0.0185333 0.336178
0 0.185356 0.15178 0.0118625 0.0165765 0.334556
0 0.556693 0.674785 0.0121666 0.025409 0.334508
0 0.513163 0.754904 0.0112597 0.020281 0.332684
0 0.355135 0.51333 0.0137933 0.02093 0.332032
0 0.174729 0.902994 0.0147748 0.0200727 0.331953
0 0.704436 0.0187471 0.0112956 0.0175692 0.331213
0 0.518152 0.344372 0.0164448 0.0169579 0.330876
0 0.201645 0.166649 0.0136935 0.0162535 0.330855
0 0.571314 0.279066 0.0124429 0.0162223 0.330419
0 0.0122575 0.432976 0.0240685 0.0448741 0.330062
0 0.132907 0.626651 0.0137213 0.0202603 0.329982
0 0.347097 0.933023 0.0117145 0.0160746 0.329682
0 0.0867639 0.906548 0.0130661 0.0218753 0.328928
0 0.287258 0.971438 0.0108588 0.0182848 0.328693
0 0.458834 0.375311 0.0120493 0.0182297 0.327939
0 0.258633 0.632308 0.0119175 0.0180221 0.327901
0 0.471836 0.661608 0.0139421 0.0221566 0.327665
0 0.0902665 0.869806 0.0124827 0.0209751 0.327595
0 0.671199 0.85888 0.0119671 0.0147812 0.327095
0 0.127801 0.73274 0.0126085 0.0184 0.326922
0 0.514459 0.950441 0.0124189 0.0192352 0.325356
0 0.405523 0.73483 0.0117546 0.0162094 0.325252
0 0.104076 0.926993 0.012568 0.0164981 0.324731
0 0.122554 0.799651 0.0127575 0.01645 0.324486
0 0.447239 0.773858 0.0104193 0.0182753 0.323112
0 0.691419 0.0430538 0.0117617 0.0166323 0.321233
0 0.0337808 0.916438 0.0129537 0.0194702 0.320815
0 0.609895 0.450486 0.01234 0.0158808 0.320655
0 0.578476 0.418178 0.0129094 0.016969 0.319975
0 0.871611 0.117781 0.0127018 0.0198996 0.31904
0 0.25402 0.853642 0.0107056 0.017068 0.316474
0 0.66957 0.415426 0.0112389 0.0183985 0.315126
0 0.628581 0.916924 0.0118038 0.0185337 0.315088
0 0.474628 0.689547 0.0109622 0.0216778 0.314417
0 0.228393 0.55652 0.0133672 0.0172707 0.313916
0 0.0520301 0.902456 0.0127769 0.0184553 0.313899
0 0.846159 0.0413938 0.0128838 0.0116149 0.313144
0 0.302323 0.991113 0.01332 0.0164133 0.312419
0 0.174508 0.679459 0.0144724 0.0189658 0.312202
0 0.223756 0.664546 0.0113084 0.0190527 0.311359
0 0.375095 0.968015 0.0117046 0.0160604 0.310879
0 0.974726 0.110986 0.0142149 0.0187963 0.310602
0 0.550163 0.747238 0.0114268 0.0172489 0.309001
0 0.0651697 0.99218 0.0142568 0.0150608 0.308842
0 0.235839 0.944107 0.0127372 0.0177674 0.308281
0 0.150681 0.292347 0.0157451 0.0213236 0.307718
0 0.426986 0.951996 0.0115257 0.0156765 0.307702
0 0.2087 0.945362 0.0118073 0.0190253 0.306425
0 0.419194 0.711538 0.011803 0.0189365 0.306394
0 0.220872 0.925809 0.0131515 0.0155972 0.306049
0 0.219038 0.883019 0.0108095 0.0202286 0.305567
0 0.075388 0.777173 0.0147142 0.0208472 0.305449
0 0.324124 0.529755 0.0116611 0.020633 0.305054
0 0.282767 0.464529 0.0120343 0.0154197 0.303862
0 0.199241 0.400052 0.0107738 0.0173275 0.303061
0 0.51738 0.380635 0.0121471 0.0180262 0.302516
0 0.153865 0.726851 0.0125636 0.0176115 0.302073
0 0.339735 0.503891 0.0124193 0.0183646 0.301456
0 0.407944 0.892663 0.0105754 0.0182227 0.301246
0 0.224519 0.967259 0.0112015 0.0200354 0.300864
0 0.709956 0.99376 0.0133836 0.0115465 0.30052
0 0.0141864 0.934695 0.0142286 0.0193225 0.299667
0 0.528739 0.802068 0.0122588 0.0160914 0.298965
0 0.300891 0.642885 0.00825043 0.0180589 0.298526
0 0.186221 0.805718 0.0130132 0.0211468 0.298498
0 0.416809 0.981142 0.0113878 0.0179281 0.297394
0 0.888771 0.13352 0.0121521 0.0176927 0.297372
0 0.45133 0.483482 0.013859 0.0206869 0.296616
0 0.190315 0.847854 0.0128412 0.0151367 0.29572
0 0.719793 0.0397142 0.0114056 0.0160997 0.295542
0 0.542598 0.988805 0.0130245 0.0196402 0.295248
0 0.00262977 0.876795 0.00525953 0.0203461 0.294844
0 0.380441 0.352587 0.0147114 0.0174389 0.293842
0 0.221505 0.508405 0.0110781 0.0165921 0.2937
0 0.423149 0.310497 0.0147663 0.0204758 0.292583
0 0.357917 0.908604 0.012564 0.0147786 0.291634
0 0.465749 0.967444 0.0124413 0.0147269 0.290996
0 0.0888862 0.72524 0.0142172 0.0197966 0.289241
0 0.646404 0.0240502 0.0118244 0.0169457 0.289213
0 0.13545 0.818619 0.012103 0.0165691 0.288028
0 0.218043 0.580705 0.0132406 0.0202337 0.286885
0 0.959097 0.0918889 0.0123108 0.0171493 0.285863
0 0.0477148 0.176113 0.0211386 0.0392117 0.285674
0 0.549436 0.784577 0.0135256 0.0184235 0.283213
0 0.138026 0.971441 0.0135452 0.0196398 0.282723
0 0.544753 0.865501 0.0108167 0.021138 0.281998
0 0.703568 0.910814 0.0114805 0.0181454 0.281405
0 0.302147 0.47166 0.0137109 0.015819 0.280164
0 0.506878 0.863043 0.0116647 0.0198643 0.279029
0 0.269783 0.452256 0.0112706 0.0169819 0.278962
0 0.394171 0.878662 0.0100966 0.0146166 0.278671
0 0.420038 0.645033 0.0150688 0.0201296 0.278248
0 0.340327 0.849386 0.00985095 0.0168143 0.278189
0 0.332313 0.721707 0.00989018 0.017472 0.278043
0 0.0235133 0.715136 0.0121204 0.0196625 0.27788
0 0.254931 0.592737 0.0126336 0.0181771 0.276226
0 0.365323 0.305233 0.0130418 0.0194586 0.275131
0 0.257522 0.47601 0.0103127 0.0190378 0.272917
0 0.402272 0.964759 0.0121511 0.0148431 0.272735
0 0.971291 0.22777 0.013069 0.0198773 0.271835
0 0.667991 0.457613 0.0115988 0.0180801 0.270197
0 0.179149 0.726123 0.013904 0.0178983 0.269854
0 0.902371 0.0699217 0.0136097 0.0163891 0.268843
0 0.164964 0.703297 0.0121856 0.0200196 0.268135
0 0.140967 0.934786 0.0127213 0.017021 0.267023
0 0.992635 0.210386 0.0143818 0.0162525 0.2623
0 0.569309 0.324691 0.0117184 0.0140973 0.260575
0 0.529489 0.851746 0.0132121 0.0190698 0.259982
0 0.261342 0.379355 0.0118648 0.0174149 0.259173
0 0.420773 0.745754 0.010705 0.0170945 0.25756
0 0.337391 0.698768 0.0112684 0.0183144 0.255643
0 0.544635 0.318004 0.0136454 0.0209549 0.254503
0 0.196996 0.784051 0.0119468 0.0149626 0.251547
0 0.102475 0.0768804 0.0127526 0.0155044 0.251487
0 0.13565 0.668183 0.0137278 0.019428 0.250345
0 0.345428 0.892837 0.00987539 0.0158741 0.250173
0 0.0508798 0.939892 0.0127861 0.0176693 0.246849
0 0.0862545 0.943105 0.0105694 0.0180878 0.246746
0 0.482817 0.77808 0.0130756 0.0196635 0.24173
0 0.281927 0.887421 0.0110641 0.0151035 0.240939
0 0.309305 0.921497 0.0108737 0.0153583 0.240846
0 0.0153717 0.381997 0.029175 0.0394385 0.239969
0 0.120853 0.755453 0.0137125 0.0174791 0.239691
0 0.10784 0.893136 0.012632 0.0180332 0.237874
0 0.00837408 0.731918 0.0131058 0.0164998 0.237498
0 0.397306 0.765252 0.0121598 0.0153603 0.234465
0 0.773611 0.332052 0.0129973 0.0197086 0.233684
0 0.316172 0.704371 0.00924177 0.0184516 0.230828
0 0.125028 0.692411 0.0134925 0.0187557 0.228869
0 0.178869 0.454816 0.0120166 0.0168367 0.227983
0 0.519553 0.991961 0.0122471 0.0150238 0.226343
0 0.3648 0.694092 0.0102165 0.0199502 0.225512
0 0.0778391 0.306605 0.0128738 0.0193703 0.224289
0 0.305205 0.876978 0.012734 0.0163961 0.223981
0 0.0580454 0.792861 0.0138896 0.0170152 0.22301
0 0.330995 0.464565 0.0122284 0.0179742 0.220497
0 0.145843 0.646205 0.0115691 0.0165888 0.21734
0 0.336648 0.810418 0.00951363 0.016019 0.217141
0 0.263532 0.407397 0.0133533 0.0155267 0.217066
0 0.292225 0.556474 0.010114 0.0174892 0.215815
0 0.325109 0.832141 0.0103018 0.017196 0.21527
0 0.765642 0.320774 0.0101542 0.0164227 0.214947
0 0.718074 0.390605 0.0120018 0.0185783 0.21384
0 0.474128 0.899081 0.0113693 0.0186821 0.212961
0 0.235193 0.797151 0.0102832 0.0152301 0.21152
0 0.135999 0.312109 0.0155077 0.0211179 0.211167
0 0.863243 0.143109 0.0111561 0.0158269 0.211107
0 0.232573 0.903334 0.0128493 0.0137658 0.210039
0 0.481919 0.620898 0.0138527 0.0209621 0.208159
0 0.356214 0.510874 0.0124647 0.0171245 0.206382
0 0.35459 0.868589 0.0112501 0.015171 0.20566
0 0.627155 0.950042 0.0125004 0.0177857 0.205228
0 0.787729 0.0070586 0.0135099 0.0129083 0.20423
0 0.195346 0.631571 0.0108618 0.0177007 0.203723
0 0.0229808 0.752237 0.0132263 0.0180098 0.203316
0 0.892599 0.177018 0.013393 0.0189364 0.202056
0 0.23793 0.52541 0.0115862 0.0173101 0.201941
0 0.393311 0.655629 0.0124187 0.0199583 0.200809
0 0.36507 0.840651 0.0114903 0.0139794 0.20039
