0 0.417431 0.591552 0.0248221 0.040996 0.684616
0 0.512249 0.707125 0.0194899 0.0361395 0.680165
0 0.57782 0.380914 0.0229477 0.0387832 0.674705
0 0.213699 0.548055 0.0235673 0.0366728 0.67415
0 0.362928 0.625438 0.0270099 0.0534942 0.671143
0 0.44199 0.839231 0.0200531 0.0360789 0.667009
0 0.447464 0.88428 0.0217232 0.0390179 0.665861
0 0.775449 0.0660044 0.0216938 0.0373996 0.664434
0 0.333301 0.727204 0.0194341 0.0360297 0.66295
0 0.339429 0.594845 0.0167265 0.0415552 0.660822
0 0.380037 0.960261 0.0199332 0.0369141 0.660415
0 0.599018 0.946989 0.0189118 0.0353633 0.657708
0 0.944524 0.511629 0.0222649 0.0383195 0.656976
0 0.240814 0.621719 0.0216175 0.0368421 0.656526
0 0.54426 0.710651 0.0208725 0.0385687 0.656119
0 0.252205 0.700902 0.0221673 0.0381395 0.6549
0 0.0101718 0.580339 0.0202915 0.0509304 0.653693
0 0.388737 0.556549 0.0196469 0.0396956 0.65352
0 0.415546 0.139384 0.0195137 0.0365963 0.653265
0 0.500259 0.980223 0.0171947 0.0338086 0.651404
0 0.514478 0.257733 0.0171791 0.0330653 0.64746
0 0.882491 0.453729 0.0186041 0.0349945 0.647082
0 0.818626 0.249478 0.0202946 0.0407804 0.646909
0 0.938756 0.450625 0.0213856 0.0410492 0.645623
0 0.190662 0.512954 0.0199053 0.0382434 0.642698
0 0.562576 0.829588 0.0192739 0.0320655 0.642528
0 0.0786481 0.831758 0.0188918 0.0354516 0.641269
0 0.506777 0.890079 0.019338 0.0357198 0.640886
0 0.170573 0.0367691 0.0285429 0.0532236 0.640119
0 0.514738 0.759505 0.0161288 0.0328311 0.633298
0 0.464689 0.378548 0.0188997 0.039385 0.632118
0 0.329881 0.847803 0.0210442 0.0347022 0.631015
0 0.611472 0.615561 0.0173277 0.0350571 0.630625
0 0.28895 0.595682 0.0219256 0.0397079 0.629532
0 0.42747 0.365656 0.0188177 0.033891 0.626972
0 0.252947 0.558861 0.0240017 0.0404168 0.623917
0 0.929021 0.258686 0.0218014 0.039007 0.623701
0 0.951858 0.390287 0.0244175 0.044671 0.622478
0 0.680314 0.365703 0.0174076 0.0303104 0.62231
0 0.973497 0.434413 0.0221346 0.0369539 0.61988
0 0.556637 0.371204 0.0164845 0.0384165 0.619663
0 0.6277 0.483069 0.0241861 0.0427925 0.618708
0 0.299846 0.499963 0.0197573 0.0372443 0.618525
0 0.634605 0.949023 0.0241757 0.0459497 0.618331
0 0.773885 0.807875 0.0199219 0.0380185 0.617913
0 0.322553 0.611309 0.0197389 0.0390154 0.617472
0 0.895394 0.77457 0.0187126 0.0354319 0.617182
0 0.01421 0.261699 0.027685 0.0500954 0.616719
0 0.127268 0.889419 0.0209402 0.034721 0.616312
0 0.530303 0.207069 0.0175222 0.0343387 0.613838
0 0.212386 0.0296215 0.0222192 0.0400868 0.613361
0 0.652569 0.833358 0.0161156 0.0331029 0.613265
0 0.792882 0.534931 0.0173395 0.033628 0.612731
0 0.219032 0.110601 0.021752 0.0398269 0.612404
0 0.445225 0.474077 0.0183572 0.0380683 0.610972
0 0.504934 0.796592 0.0163973 0.0283461 0.607534
0 0.295704 0.419971 0.0200676 0.0336878 0.607317
0 0.88609 0.673138 0.0190269 0.0333117 0.607268
0 0.194563 0.062847 0.0203069 0.0317804 0.607186
0 0.568879 0.878641 0.0204493 0.0438883 0.604861
0 0.341556 0.440128 0.023016 0.0436022 0.603893
0 0.670819 0.963674 0.0193232 0.0417408 0.603775
0 0.890192 0.528873 0.0145458 0.0314621 0.602741
0 0.189964 0.565931 0.0155932 0.0320241 0.602251
0 0.55886 0.6042 0.0152771 0.0320715 0.601909
0 0.724504 0.316107 0.0183833 0.0366504 0.601742
0 0.354568 0.570406 0.0166581 0.0308718 0.598156
0 0.865798 0.977697 0.0186321 0.0379531 0.59772
0 0.454179 0.592347 0.0203943 0.0375724 0.597587
0 0.264063 0.358751 0.0163118 0.0305495 0.597583
0 0.272083 0.300174 0.0167488 0.0293264 0.596267
0 0.43374 0.986894 0.0175374 0.0250925 0.595998
0 0.310699 0.453876 0.0256626 0.0414846 0.595948
0 0.75241 0.0412876 0.0152221 0.030139 0.595936
0 0.016639 0.790392 0.0206883 0.0415226 0.595782
0 0.30718 0.978088 0.018803 0.0335675 0.593236
0 0.402464 0.194127 0.0150156 0.0264978 0.592379
0 0.32777 0.963014 0.0167431 0.0320251 0.590822
0 0.153338 0.968716 0.023757 0.0447117 0.589904
0 0.214065 0.930593 0.023473 0.037305 0.589864
0 0.927103 0.0170818 0.0197825 0.0334643 0.587591
0 0.169528 0.554913 0.0233069 0.0480661 0.587033
0 0.444665 0.398116 0.0128256 0.0289756 0.5863
0 0.704387 0.35128 0.0190407 0.0355635 0.582349
0 0.539481 0.767138 0.0166617 0.0398399 0.58211
0 0.751381 0.6456 0.0253277 0.0462936 0.581465
0 0.435273 0.683267 0.0186159 0.0370626 0.580545
0 0.248945 0.382177 0.018071 0.0298311 0.580328
0 0.793051 0.947038 0.0166255 0.0324829 0.580083
0 0.133453 0.794636 0.015926 0.028972 0.579853
0 0.455364 0.684588 0.0175383 0.0333901 0.579726
0 0.991929 0.128719 0.0161416 0.034059 0.579447
0 0.853147 0.752039 0.0188444 0.033912 0.578357
0 0.733515 0.0582842 0.0150236 0.0269212 0.578052
0 0.452411 0.514022 0.0156881 0.0360704 0.577452
0 0.458371 0.282973 0.0185055 0.0306213 0.576807
0 0.737404 0.452174 0.0187098 0.0321087 0.575804
0 0.706897 0.187527 0.0160467 0.0315325 0.575477
0 0.969204 0.146596 0.0188725 0.035217 0.575379
0 0.380391 0.514452 0.012989 0.0293972 0.573574
0 0.779939 0.737785 0.0297843 0.0487367 0.573225
0 0.364852 0.88557 0.0162415 0.036921 0.571712
0 0.358159 0.482027 0.014912 0.0434949 0.570133
0 0.51872 0.150705 0.0186577 0.0375907 0.570042
0 0.728607 0.980336 0.0180378 0.0357586 0.569862
0 0.479166 0.66028 0.0175215 0.0341718 0.569857
0 0.302321 0.541501 0.0193485 0.0297269 0.569707
0 0.676501 0.464104 0.0158127 0.0311118 0.565346
0 0.39339 0.040968 0.0209764 0.0324196 0.563948
0 0.589064 0.487478 0.0202641 0.0382017 0.561887
0 0.877474 0.132592 0.0142239 0.0305031 0.560634
0 0.0368785 0.80879 0.0190286 0.0358032 0.557618
0 0.40119 0.515648 0.0134971 0.0297628 0.555444
0 0.684812 0.42837 0.0170912 0.0290578 0.5554
0 0.398197 0.335178 0.0184355 0.0397084 0.55479
0 0.429524 0.0984414 0.0166367 0.0216766 0.554347
0 0.507032 0.459224 0.0185227 0.0320926 0.553918
0 0.907268 0.0251786 0.0145321 0.0391474 0.553855
0 0.311487 0.23345 0.0188331 0.0372329 0.551153
0 0.48915 0.159946 0.0255117 0.0420537 0.548918
0 0.196683 0.419348 0.0245116 0.0397269 0.548385
0 0.504363 0.927055 0.0147985 0.0321954 0.54667
0 0.822803 0.742568 0.0174152 0.0310606 0.546005
0 0.917332 0.665756 0.0245071 0.0421192 0.545749
0 0.602833 0.86387 0.0213148 0.0342729 0.545515
0 0.419824 0.181214 0.0165477 0.0322726 0.545371
0 0.295738 0.814254 0.0209933 0.0349338 0.544715
0 0.448702 0.136903 0.0250662 0.0508384 0.544091
0 0.619597 0.177658 0.0130753 0.0214208 0.54394
0 0.967801 0.296187 0.0178856 0.031663 0.543138
0 0.297495 0.0332454 0.0167353 0.0276815 0.542782
0 0.697186 0.157833 0.0171612 0.0333159 0.542138
0 0.364012 0.929997 0.012884 0.0280345 0.542102
0 0.731358 0.394448 0.0167964 0.0292838 0.541824
0 0.279585 0.544987 0.020753 0.0382326 0.541001
0 0.032531 0.123252 0.0216724 0.0486333 0.540805
0 0.22679 0.178473 0.0164536 0.0302995 0.539961
0 0.569093 0.130257 0.0209109 0.0311002 0.539814
0 0.729821 0.499431 0.0203171 0.036061 0.538447
0 0.423104 0.635466 0.0205132 0.0355421 0.538351
0 0.123239 0.344068 0.020153 0.0318919 0.53828
0 0.632859 0.0392551 0.0166936 0.0307876 0.535988
0 0.634588 0.361949 0.0166749 0.031307 0.535814
0 0.047117 0.684345 0.0218398 0.0319544 0.535585
0 0.250873 0.859068 0.0188688 0.0328071 0.535147
0 0.420611 0.410902 0.017425 0.039879 0.533622
0 0.234039 0.78072 0.0167737 0.0359863 0.533551
0 0.481264 0.966784 0.0136105 0.0325435 0.533393
0 0.936024 0.748603 0.0191605 0.0345554 0.533314
0 0.316054 0.787403 0.0147873 0.0264445 0.532828
0 0.797652 0.179021 0.0174118 0.0321427 0.532822
0 0.604702 0.233545 0.0209963 0.0304172 0.532185
0 0.56037 0.767511 0.0184492 0.0322232 0.530908
0 0.728762 0.932961 0.016847 0.0342564 0.529282
0 0.227583 0.964951 0.0161505 0.0429801 0.527452
0 0.478897 0.777363 0.0143343 0.0274724 0.524537
0 0.956106 0.425716 0.0159176 0.0309188 0.523775
0 0.206684 0.882801 0.0161927 0.0305648 0.522403
0 0.659204 0.0918465 0.0150608 0.0309885 0.521784
0 0.114498 0.245598 0.0410491 0.0634161 0.520449
0 0.804108 0.0364194 0.0201515 0.035623 0.520181
0 0.356375 0.979681 0.0194462 0.0287471 0.52003
0 0.872045 0.796781 0.0313263 0.0413035 0.518777
0 0.265405 0.818002 0.0115537 0.02681 0.51839
0 0.314838 0.279002 0.0162513 0.0290788 0.515899
0 0.0107921 0.124904 0.0200853 0.0333378 0.514945
0 0.536969 0.639136 0.0191782 0.0317308 0.510035
0 0.342645 0.331019 0.0198882 0.0371996 0.509921
0 0.844347 0.316583 0.0256348 0.0455851 0.509889
0 0.789885 0.220633 0.012809 0.0270731 0.509798
0 0.61102 0.307222 0.017923 0.0276865 0.509413
0 0.370844 0.195005 0.0259075 0.0545758 0.508527
0 0.190819 0.620434 0.0226779 0.0469287 0.508509
0 0.657526 0.13032 0.0122471 0.0277655 0.508265
0 0.570928 0.703344 0.021892 0.0374036 0.507894
0 0.347274 0.671578 0.0183235 0.0350988 0.506291
0 0.097469 0.308434 0.0238082 0.0417714 0.505104
0 0.352985 0.302806 0.0169451 0.0288093 0.504725
0 0.755959 0.383933 0.0161088 0.0361299 0.498395
0 0.113831 0.781115 0.0137957 0.029009 0.497875
0 0.840498 0.981929 0.0147789 0.0322683 0.496448
0 0.689247 0.921549 0.0179499 0.0301978 0.495349
0 0.79127 0.843079 0.0132664 0.0278765 0.495106
0 0.539871 0.389695 0.0169992 0.0270493 0.494367
0 0.991127 0.380949 0.0164131 0.0316625 0.49404
0 0.795175 0.148514 0.0143345 0.0283973 0.493664
0 0.344058 0.932641 0.017748 0.0293082 0.492154
0 0.658727 0.373201 0.0159152 0.0319058 0.491844
0 0.488334 0.901471 0.0152187 0.027691 0.490985
0 0.507089 0.508695 0.0186266 0.0310133 0.490582
0 0.607451 0.980899 0.016465 0.0341419 0.490302
0 0.0370835 0.0755147 0.0143363 0.0319617 0.48892
0 0.169262 0.616041 0.0196149 0.0370513 0.488278
0 0.803132 0.0828384 0.017514 0.0381453 0.487488
0 0.379347 0.343535 0.0175711 0.0334392 0.486448
0 0.0598669 0.913415 0.0193311 0.0374 0.48623
0 0.802113 0.488029 0.0122398 0.027475 0.486138
0 0.701095 0.457033 0.0190643 0.0310432 0.486127
0 0.693556 0.306407 0.0120406 0.0304877 0.485808
0 0.298214 0.940698 0.0194443 0.0310754 0.485631
0 0.46396 0.967377 0.0156033 0.0300874 0.4852
0 0.53624 0.45764 0.0156279 0.0259503 0.485075
0 0.889005 0.711397 0.0241711 0.0410308 0.484132
0 0.274149 0.792475 0.0157112 0.0225446 0.483152
0 0.315564 0.81966 0.0163554 0.0231764 0.482888
0 0.614837 0.26711 0.0187628 0.0356925 0.482201
0 0.559979 0.21176 0.0120847 0.037219 0.481504
0 0.400283 0.409907 0.0155821 0.028678 0.481335
0 0.353735 0.537512 0.0130083 0.0236683 0.481176
0 0.330292 0.64705 0.0177969 0.0300368 0.480986
0 0.462976 0.233736 0.0128639 0.02693 0.479921
0 0.865713 0.635763 0.016416 0.0322945 0.479638
0 0.273397 0.183432 0.0247825 0.0431417 0.479076
0 0.754634 0.0783006 0.0165296 0.029656 0.478183
0 0.730328 0.167321 0.0111186 0.0265942 0.478056
0 0.255484 0.0953516 0.0157327 0.0304621 0.477504
0 0.205847 0.984583 0.0190777 0.0299677 0.475987
0 0.746549 0.126892 0.0229513 0.0325863 0.473977
0 0.210126 0.842575 0.0174213 0.0324812 0.473292
0 0.40288 0.48278 0.0167953 0.0302043 0.472935
0 0.953206 0.635312 0.0173248 0.0351894 0.471792
0 0.231886 0.577213 0.0170641 0.0368366 0.469903
0 0.382475 0.908467 0.0152369 0.0263638 0.469375
0 0.654781 0.653973 0.0235371 0.0436117 0.468611
0 0.600719 0.0788762 0.0164752 0.028874 0.466476
0 0.875392 0.294584 0.0159647 0.0346698 0.463911
0 0.942163 0.862547 0.0198948 0.0389917 0.463355
0 0.0296073 0.0385334 0.0211605 0.0325542 0.462517
0 0.778169 0.971184 0.0197704 0.0350819 0.461481
0 0.456003 0.19104 0.0200633 0.0313013 0.461127
0 0.244232 0.906884 0.0216138 0.041547 0.461092
0 0.901468 0.489099 0.0241535 0.0449547 0.461086
0 0.171028 0.821818 0.0155842 0.0268273 0.459682
0 0.712593 0.114965 0.0163285 0.0220397 0.459636
0 0.207365 0.790206 0.0242051 0.0371572 0.459533
0 0.335075 0.806035 0.0135696 0.0397729 0.459158
0 0.595647 0.781356 0.0139528 0.0237305 0.456997
0 0.407261 0.666814 0.0158554 0.0297462 0.45577
0 0.282426 0.272157 0.0179733 0.0263038 0.455606
0 0.538808 0.834317 0.0148002 0.0223365 0.455125
0 0.233456 0.0178388 0.0200215 0.0330688 0.453796
0 0.993921 0.818504 0.0121585 0.0436115 0.452396
0 0.542522 0.803917 0.017671 0.0300846 0.451981
0 0.774102 0.18074 0.0180297 0.0336356 0.451094
0 0.0963289 0.806675 0.0146889 0.0235606 0.448891
0 0.188401 0.93509 0.0202812 0.0317057 0.445539
0 0.477922 0.544469 0.016324 0.0323359 0.445231
0 0.778124 0.246243 0.0145618 0.0242883 0.44453
0 0.736045 0.227138 0.0156602 0.0279535 0.443769
0 0.123881 0.305011 0.0141166 0.0279273 0.44363
0 0.543904 0.672543 0.0125127 0.023465 0.443591
0 0.4756 0.041313 0.0219046 0.0417858 0.442712
0 0.0421631 0.184817 0.0183327 0.0297481 0.441924
0 0.0485711 0.639389 0.0228246 0.0355946 0.441553
0 0.746436 0.251976 0.0148895 0.0319152 0.44137
0 0.92599 0.722866 0.0228943 0.0406321 0.440389
0 0.958349 0.585424 0.0254621 0.0447679 0.439572
0 0.575844 0.024416 0.0129163 0.0244423 0.439455
0 0.48772 0.322129 0.0161665 0.0254075 0.438505
0 0.0511605 0.0106376 0.0222343 0.0203558 0.43803
0 0.844944 0.720242 0.0154572 0.0286384 0.437921
0 0.405235 0.656575 0.019022 0.0436508 0.433961
0 0.623527 0.761881 0.0167714 0.0319061 0.431636
0 0.552393 0.485414 0.015235 0.0272214 0.430501
0 0.232978 0.466698 0.0190029 0.0387377 0.4295
0 0.152051 0.884561 0.0117022 0.0258403 0.429435
0 0.721448 0.14354 0.0131821 0.0277878 0.428032
0 0.234211 0.086486 0.0172127 0.0314941 0.427536
0 0.631685 0.204482 0.0195469 0.0293538 0.426525
0 0.779841 0.10499 0.01839 0.0334112 0.426207
0 0.629779 0.411709 0.0183064 0.0339636 0.426113
0 0.613507 0.824813 0.0168697 0.027946 0.425749
0 0.43177 0.453128 0.0176423 0.0258945 0.425409
0 0.406624 0.866782 0.0205326 0.0335049 0.424637
0 0.684255 0.842574 0.0115368 0.032202 0.424309
0 0.701308 0.510539 0.0148542 0.0369596 0.423283
0 0.831614 0.776156 0.0137417 0.0292548 0.42275
0 0.940787 0.0579764 0.0174599 0.0338909 0.421009
0 0.901114 0.942462 0.0160904 0.0254612 0.41954
0 0.454955 0.767041 0.0110029 0.0270516 0.419177
0 0.897083 0.120988 0.0176857 0.0294474 0.41784
0 0.115499 0.835143 0.0171179 0.0311568 0.417796
0 0.0922494 0.653047 0.0187401 0.0323371 0.416225
0 0.0730881 0.784849 0.0145318 0.030623 0.411313
0 0.416669 0.233321 0.013204 0.0281733 0.409215
0 0.78917 0.331315 0.0220301 0.0384244 0.408534
0 0.322911 0.347238 0.0164946 0.0323346 0.408271
0 0.829495 0.942552 0.0164958 0.0295685 0.408232
0 0.267692 0.986321 0.0153524 0.0266725 0.406033
0 0.507632 0.661262 0.0219391 0.0300244 0.405754
0 0.641393 0.109777 0.0210951 0.0321443 0.405542
0 0.275946 0.852714 0.0174313 0.0281264 0.404852
0 0.106762 0.88596 0.0147659 0.0267412 0.40396
0 0.156798 0.766299 0.0179333 0.0332058 0.403459
0 0.990061 0.229323 0.0193878 0.0355373 0.40337
0 0.298174 0.879053 0.016587 0.0313426 0.401793
0 0.937078 0.162842 0.0216259 0.0361 0.401364
0 0.850215 0.524645 0.0188282 0.0352693 0.400459
0 0.386603 0.834014 0.0203077 0.0300486 0.39964
0 0.751614 0.796295 0.015846 0.0318231 0.399623
0 0.39148 0.608519 0.0173637 0.0386358 0.399274
0 0.467514 0.114311 0.0141445 0.022185 0.398931
0 0.80006 0.602797 0.0164203 0.0344181 0.398146
0 0.627779 0.138321 0.0136517 0.0310813 0.397708
0 0.463162 0.82426 0.0201298 0.0397949 0.397592
0 0.0880314 0.59352 0.0158315 0.0303747 0.39729
0 0.866126 0.91302 0.0169552 0.0341821 0.394693
0 0.966683 0.845275 0.0220341 0.0484945 0.394102
0 0.808711 0.123846 0.015575 0.0299057 0.392294
0 0.0571139 0.606267 0.0183319 0.0303184 0.391999
0 0.142331 0.599242 0.0199174 0.0373659 0.391883
0 0.965283 0.954806 0.0149433 0.0300476 0.390191
0 0.0207906 0.0810656 0.0203159 0.0333675 0.38865
0 0.494945 0.2526 0.0176981 0.0285179 0.388451
0 0.404387 0.962338 0.0209428 0.0387581 0.387825
0 0.290364 0.382423 0.0127214 0.0238396 0.387659
0 0.417871 0.521828 0.0156235 0.0308025 0.387473
0 0.745102 0.165335 0.0134023 0.0275511 0.386762
0 0.579244 0.202694 0.019179 0.035257 0.38648
0 0.652666 0.465399 0.0222517 0.0389001 0.385887
0 0.523243 0.944843 0.0155409 0.0306947 0.38566
0 0.88878 0.232547 0.0156704 0.0351023 0.385244
0 0.969853 0.108316 0.0144306 0.0245103 0.38473
0 0.844347 0.569185 0.0187851 0.0313043 0.383249
0 0.705928 0.886009 0.0169588 0.0300622 0.383219
0 0.425582 0.864288 0.0109549 0.0282043 0.381658
0 0.206066 0.592344 0.0162126 0.0284983 0.380618
0 0.381628 0.840839 0.0204656 0.0251085 0.380459
0 0.427777 0.543199 0.0256508 0.0479554 0.378907
0 0.33332 0.495366 0.0247196 0.0479713 0.376966
0 0.110169 0.70078 0.0260958 0.0440037 0.376245
0 0.369256 0.436243 0.019235 0.0353438 0.374224
0 0.798584 0.790069 0.0206038 0.0364749 0.374077
0 0.354051 0.708468 0.0154377 0.0229446 0.373098
0 0.540919 0.894376 0.0212944 0.0395903 0.373029
0 0.959143 0.229933 0.0232426 0.0283161 0.372723
0 0.0598575 0.0585534 0.0218069 0.0385571 0.372236
0 0.572982 0.476042 0.0162634 0.0354054 0.371833
0 0.741482 0.596486 0.0213657 0.0377677 0.371225
0 0.00758428 0.0193335 0.0148485 0.0335706 0.371117
0 0.574758 0.631365 0.0145899 0.0314412 0.370912
0 0.15358 0.831135 0.0139272 0.0287769 0.37062
0 0.13329 0.827222 0.0142913 0.0271094 0.369737
0 0.791647 0.416496 0.011393 0.0291247 0.3692
0 0.845292 0.254915 0.0204685 0.0342993 0.369077
0 0.378931 0.78644 0.0164111 0.0303786 0.368627
0 0.594042 0.11378 0.0125148 0.028671 0.368125
0 0.0347202 0.843372 0.0163864 0.0280582 0.367704
0 0.58421 0.608064 0.0124944 0.027056 0.367446
0 0.332575 0.155835 0.0193019 0.0285968 0.367225
0 0.638265 0.89027 0.0197462 0.0356432 0.366423
0 0.741507 0.826218 0.0206241 0.0331641 0.365536
0 0.653221 0.22364 0.0147211 0.0289562 0.363862
0 0.275144 0.336211 0.0125146 0.0218697 0.360329
0 0.992665 0.472276 0.0146711 0.0395386 0.360314
0 0.491146 0.381163 0.0165379 0.0336017 0.360202
0 0.691319 0.123658 0.0126545 0.0227292 0.360049
0 0.575556 0.322062 0.0283318 0.0450008 0.359533
0 0.891793 0.86106 0.0195927 0.0318159 0.359329
0 0.40897 0.0919238 0.0158983 0.0301678 0.359318
0 0.726813 0.033235 0.0115861 0.0240773 0.359246
0 0.378191 0.306397 0.0165957 0.0276655 0.355074
0 0.807085 0.405004 0.0180906 0.0370998 0.354665
0 0.816174 0.81544 0.0178164 0.0351573 0.354554
0 0.554085 0.943141 0.015211 0.0278819 0.354404
0 0.310008 0.365548 0.0152422 0.0267494 0.354218
0 0.0336042 0.751739 0.0267354 0.0370819 0.353376
0 0.302421 0.76395 0.0124468 0.0232625 0.350971
0 0.478659 0.923316 0.0158676 0.0275923 0.350443
0 0.569659 0.424118 0.0225417 0.0373137 0.349091
0 0.281768 0.0519828 0.0183475 0.0338263 0.348906
0 0.632339 0.235238 0.0149459 0.0283071 0.348868
0 0.147631 0.715579 0.0151566 0.0291653 0.347953
0 0.85327 0.338101 0.0112499 0.0237105 0.347051
0 0.819603 0.598103 0.021254 0.0325567 0.34689
0 0.981221 0.803844 0.0175335 0.0383294 0.346198
0 0.443687 0.250659 0.0146368 0.0277292 0.344359
0 0.599847 0.193744 0.0112661 0.022338 0.344023
0 0.331089 0.385488 0.0180738 0.0305842 0.343788
0 0.579509 0.324081 0.0225276 0.0407459 0.343754
0 0.478385 0.183264 0.0140272 0.0259603 0.340667
0 0.12538 0.659597 0.0253526 0.0407441 0.339643
0 0.0902624 0.789814 0.0165469 0.0251855 0.339275
0 0.922195 0.797383 0.0189651 0.0338199 0.338673
0 0.512875 0.345704 0.0165371 0.0278359 0.338066
0 0.989593 0.658176 0.0207476 0.0344457 0.337706
0 0.686545 0.183768 0.0175173 0.0300279 0.337302
0 0.320702 0.197589 0.0188224 0.0279343 0.335043
0 0.554402 0.64103 0.0123858 0.0262904 0.334984
0 0.512638 0.384732 0.0151914 0.0276699 0.333985
0 0.879524 0.751259 0.0198093 0.031533 0.33384
0 0.296836 0.688411 0.0139453 0.0224855 0.33148
0 0.016216 0.852571 0.0190758 0.0372826 0.330892
0 0.978616 0.801891 0.0224312 0.0417512 0.329883
0 0.979068 0.751755 0.0175667 0.0314714 0.329672
0 0.940456 0.915322 0.0177006 0.0302148 0.328664
0 0.704257 0.646545 0.0202454 0.034945 0.328543
0 0.793835 0.416913 0.00849495 0.02909 0.328224
0 0.770666 0.858836 0.0122545 0.0263923 0.32794
0 0.336555 0.50093 0.018696 0.037587 0.327311
0 0.537498 0.58963 0.0167279 0.0310057 0.326827
0 0.0884976 0.785235 0.01679 0.0313009 0.325051
0 0.759932 0.493869 0.0149335 0.0370819 0.32478
0 0.85775 0.198069 0.0151566 0.0296861 0.324602
0 0.318578 0.931352 0.0178509 0.0334898 0.32447
0 0.00696147 0.75288 0.0136404 0.0378574 0.32326
0 0.57849 0.0810753 0.015809 0.0376773 0.32288
0 0.730008 0.787444 0.017709 0.0247158 0.322763
0 0.533475 0.941801 0.0148846 0.029315 0.31983
0 0.484863 0.480386 0.0163942 0.0323522 0.318999
0 0.265471 0.401511 0.0182787 0.0306964 0.318444
0 0.503044 0.420323 0.0120125 0.0241872 0.316228
0 0.254765 0.464725 0.0167032 0.0286275 0.315159
0 0.506872 0.503364 0.0196989 0.0401623 0.314654
0 0.0517661 0.103084 0.012736 0.0256186 0.313879
0 0.217211 0.630131 0.0159557 0.0311558 0.313543
0 0.76607 0.559161 0.0194325 0.0335498 0.313108
0 0.215586 0.277927 0.0236121 0.0440854 0.312296
0 0.41053 0.0497276 0.0140379 0.0340523 0.312145
0 0.0368523 0.227776 0.0264952 0.0451096 0.31082
0 0.397578 0.896956 0.016232 0.0311006 0.309402
0 0.920363 0.868411 0.0144156 0.0283468 0.309208
0 0.296707 0.808383 0.0225536 0.0440236 0.308958
0 0.295226 0.294435 0.015789 0.0289647 0.307611
0 0.279494 0.686707 0.0157681 0.0312915 0.307523
0 0.415279 0.919852 0.0198187 0.0379795 0.306078
0 0.180993 0.123347 0.0182173 0.0328321 0.303825
0 0.648194 0.569156 0.0173653 0.0310215 0.303785
0 0.621347 0.341649 0.0164033 0.0282988 0.303346
0 0.637431 0.178659 0.0121544 0.0184898 0.303209
0 0.705034 0.844309 0.0154401 0.0315759 0.302433
0 0.75122 0.711321 0.0211356 0.0372054 0.30145
0 0.191481 0.962195 0.0190949 0.0290368 0.300571
0 0.584601 0.744619 0.0161746 0.0280104 0.29952
0 0.705578 0.76925 0.0144503 0.0241957 0.299085
0 0.740183 0.832468 0.0211246 0.0383033 0.298854
0 0.792281 0.873557 0.0170151 0.0266947 0.29804
0 0.17895 0.155295 0.020327 0.0272034 0.296533
0 0.908103 0.619097 0.0154865 0.0313197 0.296469
0 0.224646 0.895872 0.011294 0.0298987 0.296443
0 0.190778 0.957395 0.0213018 0.0332221 0.295813
0 0.786474 0.0292306 0.0146254 0.0276712 0.293844
0 0.755299 0.207211 0.0148843 0.0241481 0.293413
0 0.991602 0.690513 0.0167965 0.0379208 0.293411
0 0.436263 0.223437 0.0166993 0.0296088 0.292539
0 0.344188 0.589549 0.0111128 0.0369453 0.292103
0 0.49352 0.734426 0.017915 0.0279049 0.290633
0 0.473756 0.409915 0.0151533 0.027907 0.290311
0 0.895388 0.975186 0.0177926 0.0312812 0.289548
0 0.0578537 0.784768 0.0159429 0.0270522 0.288765
0 0.26495 0.22682 0.0223333 0.0348377 0.288585
0 0.9238 0.793403 0.0201703 0.039789 0.286646
0 0.819828 0.176136 0.0162861 0.0320824 0.285827
0 0.256841 0.746151 0.015522 0.0337363 0.285659
0 0.14872 0.236124 0.0155284 0.028472 0.285501
0 0.249955 0.827295 0.0154154 0.0253935 0.284865
0 0.728986 0.899651 0.0167161 0.0290817 0.284073
0 0.283945 0.983074 0.0169212 0.0297709 0.283731
0 0.422787 0.764531 0.0212219 0.0433048 0.283406
0 0.901921 0.376741 0.0145725 0.0267892 0.282723
0 0.947879 0.333962 0.0190266 0.0384753 0.28246
0 0.819225 0.522698 0.0197994 0.034454 0.282424
0 0.45828 0.0581586 0.0186649 0.0392922 0.281742
0 0.429884 0.759273 0.0279936 0.0399953 0.279212
0 0.056641 0.163476 0.0189849 0.032789 0.278067
0 0.62781 0.404726 0.0171628 0.0380557 0.278
0 0.196186 0.903152 0.0134759 0.018006 0.27747
0 0.883147 0.916452 0.0141659 0.0294978 0.27743
0 0.841194 0.606826 0.0152912 0.0290223 0.276178
0 0.728322 0.367093 0.020365 0.0296715 0.275775
0 0.424077 0.865106 0.00960093 0.0311412 0.275475
0 0.970991 0.392009 0.0150864 0.0227735 0.273378
0 0.675619 0.105292 0.0170904 0.0374914 0.272941
0 0.70694 0.243366 0.0228535 0.0464608 0.271719
0 0.719117 0.55154 0.0223384 0.0374839 0.271075
0 0.704665 0.586928 0.0175852 0.0313973 0.270254
0 0.294623 0.817572 0.018743 0.0272844 0.269561
0 0.757121 0.0080961 0.0165536 0.0146545 0.26909
0 0.857493 0.941956 0.0139202 0.0236297 0.268546
0 0.937794 0.20472 0.0170586 0.0281234 0.268414
0 0.308631 0.39783 0.0136895 0.0237986 0.268121
0 0.370613 0.431262 0.0208397 0.0392849 0.267725
0 0.269282 0.623997 0.0167466 0.0327766 0.267065
0 0.272603 0.754768 0.0175619 0.0363115 0.267003
0 0.352644 0.169709 0.0129043 0.0228557 0.266034
0 0.86315 0.571652 0.0158272 0.03517 0.26596
0 0.328712 0.536048 0.020817 0.0342211 0.265586
0 0.439092 0.923467 0.0177783 0.0307614 0.265259
0 0.390881 0.0884867 0.0169025 0.031733 0.265042
0 0.453906 0.341498 0.0175784 0.0379742 0.264704
0 0.70373 0.968195 0.0127403 0.032999 0.263677
0 0.841806 0.978879 0.0138899 0.0326002 0.263592
0 0.0350766 0.232683 0.024841 0.0401032 0.263558
0 0.919193 0.576 0.0209038 0.0308773 0.262413
0 0.85046 0.335743 0.0175529 0.0279769 0.261558
0 0.288658 0.732074 0.0184362 0.0354065 0.260576
0 0.870997 0.874003 0.0166554 0.0265367 0.259023
0 0.815515 0.309689 0.0164551 0.0319038 0.258646
0 0.502707 0.851672 0.0149353 0.0275943 0.258531
0 0.120265 0.659377 0.020052 0.0405867 0.256817
0 0.321614 0.415692 0.0130133 0.026619 0.255456
0 0.780369 0.729817 0.0280738 0.0528503 0.255123
0 0.384108 0.837385 0.0236686 0.0303874 0.254654
0 0.423148 0.486396 0.0104176 0.0202767 0.254318
0 0.351483 0.278606 0.0192678 0.028981 0.254151
0 0.992198 0.0372231 0.0156034 0.0301178 0.253289
0 0.164395 0.312538 0.0199849 0.0351716 0.252513
0 0.549682 0.181402 0.0169825 0.0268324 0.251881
0 0.970187 0.00835585 0.0232231 0.0159955 0.250178
0 0.710096 0.734801 0.0139973 0.0253861 0.247984
0 0.575929 0.980235 0.017791 0.0330467 0.247648
0 0.82178 0.519282 0.0234318 0.0364755 0.246489
0 0.628644 0.142601 0.0137511 0.0283603 0.246321
0 0.508126 0.642917 0.0230893 0.0514921 0.246282
0 0.729173 0.743051 0.0176098 0.0323622 0.245177
0 0.801705 0.700238 0.0182533 0.0309528 0.24515
0 0.94016 0.343063 0.0151134 0.0323627 0.245052
0 0.37625 0.284691 0.0166612 0.0283423 0.242014
0 0.525157 0.0114807 0.0161577 0.0222679 0.241956
0 0.048998 0.883363 0.0183856 0.0277764 0.241004
0 0.565422 0.52152 0.0160294 0.0225566 0.240906
0 0.278083 0.502753 0.0146421 0.0249802 0.240906
0 0.234651 0.747526 0.0174532 0.0240241 0.240395
0 0.887661 0.0766263 0.015646 0.0382162 0.240018
0 0.943733 0.293209 0.0202583 0.0346469 0.239884
0 0.570965 0.550751 0.0188822 0.0323869 0.239351
0 0.818782 0.358013 0.0166466 0.0319568 0.238634
0 0.694251 0.0695561 0.0143232 0.0243933 0.238316
0 0.182242 0.250371 0.0152251 0.0317179 0.237636
0 0.542976 0.400838 0.0192105 0.0304347 0.236929
0 0.277865 0.67979 0.0182623 0.0384474 0.235185
0 0.167558 0.906323 0.0210093 0.0357334 0.234894
0 0.609762 0.144155 0.0141516 0.0258804 0.234671
0 0.123834 0.979956 0.0276785 0.0379259 0.23223
0 0.769658 0.343281 0.0145475 0.0199433 0.231264
0 0.0238711 0.706374 0.0163541 0.0298601 0.228641
0 0.570414 0.940491 0.0129424 0.0207214 0.22823
0 0.396381 0.279067 0.0132525 0.0321848 0.228169
0 0.790795 0.32299 0.0212598 0.0398173 0.227976
0 0.326933 0.531524 0.0194899 0.0303996 0.227686
0 0.772436 0.44253 0.0147144 0.0260437 0.225823
0 0.235799 0.431314 0.019459 0.0276971 0.225594
0 0.664223 0.258434 0.0178176 0.0226941 0.225358
0 0.778749 0.110062 0.0190245 0.0447396 0.22499
0 0.713309 0.0900778 0.0185322 0.0374467 0.224625
0 0.155176 0.829124 0.0131847 0.0305129 0.224291
0 0.326189 0.762165 0.0136556 0.025373 0.222565
0 0.555977 0.644536 0.0137178 0.0244051 0.222326
0 0.3181 0.679155 0.0161528 0.0227201 0.221696
0 0.421054 0.779985 0.0196527 0.0305067 0.220885
0 0.869187 0.173669 0.0156616 0.0276779 0.2203
0 0.262339 0.518582 0.0148853 0.0254789 0.220053
0 0.651682 0.759001 0.0208585 0.0311395 0.219657
0 0.815585 0.951644 0.016547 0.0357408 0.219203
0 0.44149 0.0264464 0.0236071 0.0422795 0.218105
0 0.688968 0.229915 0.0187866 0.0408207 0.216692
0 0.966196 0.713605 0.0221352 0.0199283 0.216448
0 0.502618 0.0262359 0.0196917 0.0333124 0.216368
0 0.421681 0.772202 0.0200199 0.0418213 0.216119
0 0.637427 0.595119 0.0241274 0.0334389 0.215424
0 0.970335 0.63627 0.0114944 0.032173 0.215284
0 0.143349 0.546847 0.0162225 0.0347551 0.214832
0 0.458749 0.649936 0.0109137 0.0269375 0.213588
0 0.893143 0.971404 0.0178797 0.0313183 0.213543
0 0.846143 0.820426 0.0120239 0.0333221 0.212926
0 0.752111 0.908629 0.0165482 0.0261731 0.212513
0 0.930762 0.835686 0.015387 0.0193922 0.212498
0 0.593872 0.672095 0.0196997 0.0307922 0.211149
0 0.659112 0.330295 0.0201265 0.0270766 0.2105
0 0.932782 0.746157 0.0222069 0.0362369 0.210252
0 0.996073 0.859066 0.00785408 0.0359667 0.209631
0 0.507607 0.630496 0.0195356 0.0286997 0.209529
0 0.701403 0.0109246 0.0151913 0.0186853 0.209135
0 0.0173071 0.201708 0.0173053 0.0304634 0.208063
0 0.712879 0.802743 0.0115725 0.024392 0.207664
0 0.263243 0.81914 0.0119429 0.0281409 0.207484
0 0.436959 0.758308 0.0159733 0.0367774 0.207269
0 0.753907 0.349205 0.012562 0.026758 0.205948
0 0.979198 0.748935 0.014378 0.0394012 0.205735
0 0.580914 0.152319 0.019072 0.0317487 0.205566
0 0.269719 0.0115123 0.0225921 0.0223662 0.204452
0 0.202541 0.742558 0.0195014 0.0376038 0.203849
0 0.729329 0.373207 0.0210868 0.033835 0.203771
0 0.579311 0.479661 0.0206313 0.039279 0.203209
0 0.370649 0.551123 0.0107219 0.0204634 0.202278
0 0.774998 0.290582 0.0166055 0.0256699 0.202186
0 0.0841272 0.0634277 0.0202165 0.0360164 0.200573
