0 0.967827 0.916933 0.0234444 0.054798 0.670905
0 0.752959 0.847574 0.0234098 0.0524966 0.656507
0 0.859104 0.676576 0.0229317 0.0452998 0.648538
0 0.450232 0.89404 0.0152641 0.0301014 0.631925
0 0.444103 0.9685 0.0164061 0.0303623 0.624785
0 0.877229 0.957592 0.0297218 0.0475965 0.621422
0 0.827003 0.797185 0.0157974 0.0296347 0.61996
0 0.502961 0.804306 0.0146668 0.0277917 0.618048
0 0.784718 0.908871 0.0211798 0.0388716 0.607108
0 0.487989 0.884192 0.0166615 0.0295173 0.603559
0 0.458469 0.934568 0.0170029 0.0306053 0.601145
0 0.502395 0.855489 0.0149166 0.0268684 0.601026
0 0.472869 0.909484 0.0164982 0.0354232 0.59991
0 0.78877 0.765526 0.0145526 0.0268203 0.598991
0 0.970322 0.165807 0.0145674 0.0277564 0.597263
0 0.829372 0.0226089 0.0145405 0.0254687 0.59689
0 0.91339 0.723154 0.0136696 0.0295964 0.593569
0 0.844628 0.0933176 0.0153605 0.0286697 0.593181
0 0.419447 0.80704 0.0152885 0.0285571 0.5899
0 0.288973 0.458781 0.0154555 0.0281135 0.58872
0 0.871279 0.0408832 0.0137722 0.0267255 0.586402
0 0.692281 0.72466 0.016457 0.0301269 0.586229
0 0.850752 0.126974 0.0151234 0.0288793 0.584887
0 0.430041 0.885607 0.0153214 0.0264551 0.584845
0 0.985586 0.182831 0.0151619 0.0260689 0.584685
0 0.442471 0.86113 0.0151241 0.0282448 0.584473
0 0.468042 0.816678 0.0131096 0.0247641 0.583437
0 0.437154 0.923793 0.0132177 0.0265175 0.581577
0 0.816171 0.143847 0.0157495 0.0265764 0.581475
0 0.72641 0.667666 0.0161958 0.0323951 0.580529
0 0.763504 0.65773 0.0157948 0.0249294 0.579492
0 0.286793 0.397434 0.0151323 0.0276072 0.57923
0 0.846697 0.819458 0.0126444 0.026508 0.57755
0 0.507725 0.753321 0.0144449 0.0255699 0.577441
0 0.986518 0.143819 0.0154314 0.0280408 0.575965
0 0.728042 0.713107 0.0156768 0.0278116 0.575119
0 0.982254 0.445314 0.0126259 0.0246643 0.57447
0 0.858694 0.0667916 0.013829 0.024442 0.571792
0 0.837568 0.0558979 0.0139028 0.0275064 0.571772
0 0.42989 0.749909 0.0141406 0.0297021 0.571405
0 0.807969 0.783102 0.014102 0.0276596 0.569517
0 0.300488 0.298573 0.0157024 0.0319881 0.569462
0 0.464534 0.869888 0.0128449 0.0229311 0.568664
0 0.697365 0.767236 0.0148045 0.0278638 0.56764
0 0.49831 0.721972 0.0132645 0.0269131 0.567281
0 0.712448 0.740935 0.016971 0.0267404 0.566344
0 0.71782 0.786875 0.0148523 0.0314255 0.565949
0 0.381723 0.68548 0.0134351 0.0253729 0.565701
0 0.245618 0.837677 0.0145123 0.0320529 0.564745
0 0.809511 0.104881 0.0127674 0.0241944 0.563178
0 0.365529 0.54105 0.0155892 0.026419 0.562977
0 0.809133 0.0126302 0.0123442 0.022875 0.561824
0 0.425382 0.846202 0.0131931 0.0253471 0.559954
0 0.939722 0.364186 0.0136515 0.02394 0.558271
0 0.991543 0.47882 0.013633 0.0246781 0.557937
0 0.934208 0.422719 0.0129637 0.0248317 0.557858
0 0.398363 0.698506 0.0131549 0.0260954 0.55772
0 0.821996 0.180891 0.0140654 0.028138 0.557323
0 0.938537 0.128384 0.0136478 0.0266366 0.555354
0 0.903263 0.46927 0.0132229 0.0222553 0.552213
0 0.953473 0.062943 0.0145817 0.0256206 0.548117
0 0.954715 0.341239 0.0128824 0.0221256 0.547877
0 0.26854 0.455313 0.0167167 0.0301302 0.547046
0 0.388148 0.722202 0.0143895 0.0273088 0.546408
0 0.402118 0.796696 0.0145774 0.0280783 0.545849
0 0.8235 0.0846434 0.0141769 0.0198459 0.543597
0 0.992936 0.237176 0.0141283 0.0291016 0.543108
0 0.956882 0.783828 0.0137604 0.0274264 0.542086
0 0.991645 0.0390648 0.01671 0.0342543 0.541491
0 0.872274 0.516457 0.0130192 0.023222 0.541273
0 0.978211 0.830302 0.0146564 0.026753 0.540355
0 0.815759 0.0481227 0.0119005 0.0214547 0.54033
0 0.965734 0.468078 0.0121056 0.0243172 0.539606
0 0.969521 0.318048 0.0139843 0.0229998 0.539241
0 0.708543 0.699468 0.0131605 0.0265013 0.538822
0 0.970527 0.123194 0.0151811 0.0301043 0.537944
0 0.920186 0.150462 0.0142334 0.0301237 0.537747
0 0.835065 0.157205 0.0131947 0.0266256 0.537486
0 0.767193 0.748829 0.0134474 0.0232027 0.537111
0 0.471827 0.768333 0.0137411 0.0241548 0.536995
0 0.94115 0.88883 0.0125233 0.0255007 0.536237
0 0.463485 0.735811 0.014201 0.027988 0.536227
0 0.89434 0.435953 0.0145297 0.0235582 0.536
0 0.208725 0.574779 0.013164 0.026783 0.535844
0 0.895501 0.748511 0.0139927 0.026707 0.535596
0 0.742802 0.638477 0.0146935 0.0261945 0.535316
0 0.17697 0.757032 0.0141261 0.0242961 0.535094
0 0.97584 0.791325 0.0137835 0.0247564 0.534819
0 0.957305 0.431846 0.0125622 0.0230026 0.534815
0 0.204646 0.533877 0.0102518 0.0241418 0.534625
0 0.863753 0.103151 0.012248 0.0241828 0.533703
0 0.753328 0.982225 0.0134449 0.025271 0.532743
0 0.406818 0.730636 0.0146391 0.0269473 0.532529
0 0.938748 0.774069 0.0131493 0.0262976 0.532347
0 0.405638 0.837431 0.0128654 0.0258811 0.532043
0 0.942415 0.455023 0.0101855 0.0240707 0.531572
0 0.240973 0.911803 0.0135327 0.0279552 0.530567
0 0.978033 0.35445 0.0116497 0.0228664 0.529234
0 0.921353 0.0695893 0.0135592 0.0274445 0.528768
0 0.936528 0.518313 0.0129013 0.0278622 0.528407
0 0.0250182 0.966469 0.015467 0.0295164 0.528397
0 0.765835 0.701225 0.0140339 0.0248276 0.527936
0 0.518207 0.784929 0.0150892 0.0261853 0.527519
0 0.223671 0.542688 0.0145778 0.0259847 0.527333
0 0.802618 0.0688812 0.0128593 0.0200165 0.526168
0 0.927423 0.47719 0.0130714 0.0234561 0.525347
0 0.162126 0.782751 0.0130419 0.0231934 0.524048
0 0.938419 0.0862122 0.0126404 0.0249704 0.524003
0 0.887438 0.491354 0.0132383 0.0255513 0.523037
0 0.886123 0.0165135 0.0136711 0.0214529 0.521915
0 0.953909 0.741728 0.0118904 0.025634 0.521816
0 0.85266 0.900122 0.0146999 0.0255039 0.520896
0 0.816916 0.616533 0.015337 0.0256092 0.520598
0 0.381912 0.78771 0.0139425 0.0264822 0.520411
0 0.964889 0.374847 0.0125145 0.0274293 0.519854
0 0.376111 0.751123 0.0113129 0.0244026 0.518983
0 0.517617 0.829243 0.0159292 0.0281192 0.517856
0 0.424101 0.962055 0.0144644 0.0259382 0.516758
0 0.98458 0.296624 0.0135609 0.0221058 0.516571
0 0.959778 0.864776 0.0120396 0.026784 0.516392
0 0.520134 0.729641 0.0145463 0.0270317 0.514323
0 0.201377 0.805616 0.0132437 0.0231188 0.514173
0 0.921099 0.109733 0.0132008 0.0301036 0.512386
0 0.971143 0.205367 0.0152447 0.0281935 0.512109
0 0.972237 0.707104 0.0124451 0.0248671 0.511478
0 0.411053 0.551524 0.0146007 0.0300474 0.511147
0 0.481141 0.796755 0.0146377 0.0233169 0.510662
0 0.24203 0.403008 0.0143827 0.0260443 0.509918
0 0.743578 0.252851 0.0130177 0.0236413 0.5099
0 0.808027 0.577458 0.0151789 0.0265203 0.50957
0 0.918663 0.444499 0.0122406 0.0229635 0.509526
0 0.208574 0.849386 0.0138323 0.0253731 0.509271
0 0.391574 0.866673 0.0125193 0.0238462 0.508701
0 0.185167 0.680341 0.0122311 0.0242337 0.508689
0 0.0843251 0.962566 0.0135968 0.0233087 0.508492
0 0.719497 0.940641 0.0118654 0.0248926 0.508307
0 0.782748 0.676813 0.0145638 0.0227087 0.507728
0 0.703951 0.972569 0.0140671 0.0262893 0.507006
0 0.195485 0.760434 0.0129621 0.0254378 0.506528
0 0.196249 0.965578 0.0128771 0.0231254 0.506209
0 0.779394 0.629275 0.0144817 0.0248755 0.50546
0 0.975457 0.502141 0.013887 0.0233661 0.504723
0 0.864426 0.479066 0.0125172 0.0253243 0.504413
0 0.882725 0.805024 0.0136833 0.0226413 0.50377
0 0.337819 0.500371 0.0141142 0.0233711 0.502989
0 0.159291 0.0414701 0.0128696 0.0269986 0.502658
0 0.27803 0.928398 0.0130875 0.0264174 0.502398
0 0.852123 0.0315669 0.0132942 0.0208297 0.502181
0 0.958968 0.820678 0.0132072 0.0242477 0.502149
0 0.805533 0.913526 0.0147256 0.0317165 0.501662
0 0.324497 0.418943 0.0127945 0.0260393 0.50132
0 0.903655 0.0521086 0.0132645 0.0241152 0.501179
0 0.990628 0.876211 0.0145679 0.0255144 0.501057
0 0.794469 0.0356797 0.0128983 0.0216797 0.500532
0 0.362655 0.598621 0.0167147 0.0371137 0.500519
0 0.80393 0.738987 0.0126545 0.0204215 0.500172
0 0.79609 0.599278 0.0121403 0.0259072 0.500164
0 0.942176 0.850166 0.0134164 0.0223185 0.500138
0 0.799284 0.645951 0.0142967 0.0222222 0.499434
0 0.046267 0.979303 0.0136889 0.0242112 0.497499
0 0.412389 0.876774 0.0136055 0.0224368 0.497223
0 0.259511 0.350243 0.013532 0.0294494 0.497127
0 0.800901 0.531484 0.0168259 0.0326655 0.496777
0 0.140421 0.969448 0.0127693 0.0244997 0.496488
0 0.909135 0.408526 0.0130796 0.0267196 0.496322
0 0.70496 0.813086 0.0145866 0.0280204 0.495572
0 0.192102 0.720242 0.0129414 0.0233368 0.495101
0 0.73255 0.758781 0.01444 0.0283024 0.495043
0 0.395325 0.758894 0.0136133 0.0245357 0.493924
0 0.923882 0.876458 0.0123997 0.0237336 0.49332
0 0.740208 0.952585 0.0139202 0.0231446 0.49317
0 0.647725 0.939513 0.0121396 0.0226715 0.490626
0 0.181813 0.794042 0.0142028 0.0229556 0.490428
0 0.917055 0.76299 0.0113277 0.0222724 0.49021
0 0.989365 0.389713 0.012661 0.0201652 0.490112
0 0.214982 0.616209 0.0130471 0.0250016 0.489015
0 0.949556 0.399317 0.0124952 0.0264618 0.488552
0 0.111472 0.0784565 0.0153164 0.0263122 0.487756
0 0.972306 0.409653 0.0123898 0.0226014 0.487211
0 0.147635 0.108549 0.0132787 0.0242012 0.487153
0 0.777749 0.581388 0.0142236 0.0264251 0.486793
0 0.951467 0.707739 0.0140465 0.0236935 0.484965
0 0.941913 0.81265 0.012249 0.0247047 0.484815
0 0.784457 0.717965 0.0159693 0.0239385 0.484739
0 0.773649 0.228378 0.0125069 0.020199 0.484722
0 0.398221 0.909546 0.0128206 0.022142 0.483753
0 0.937515 0.167418 0.0123167 0.0281797 0.483511
0 0.130107 0.0929785 0.0148248 0.0255116 0.483106
0 0.406722 0.60484 0.0141304 0.02822 0.483062
0 0.141049 0.0290624 0.0127246 0.0240217 0.482891
0 0.888248 0.399094 0.0121452 0.0251135 0.482678
0 0.654821 0.970882 0.0126902 0.0241063 0.482202
0 0.225987 0.812914 0.0134536 0.0234905 0.482167
0 0.181691 0.639717 0.0127357 0.024384 0.481575
0 0.477377 0.846327 0.0137737 0.0211598 0.481296
0 0.359898 0.892865 0.0115538 0.0226305 0.480892
0 0.974148 0.586059 0.0121521 0.0265082 0.480295
0 0.157455 0.741657 0.0131797 0.0219825 0.479338
0 0.762806 0.260548 0.0124685 0.0235637 0.477673
0 0.187794 0.837052 0.0136511 0.0237792 0.476765
0 0.217192 0.882915 0.0144779 0.0266329 0.475956
0 0.102383 0.934447 0.012736 0.0242538 0.475409
0 0.730561 0.914147 0.0132315 0.0251892 0.475289
0 0.827906 0.297457 0.0150494 0.0305781 0.474464
0 0.12324 0.013721 0.0145883 0.0256544 0.474316
0 0.417262 0.915803 0.0123158 0.0201837 0.474283
0 0.774161 0.988257 0.0134617 0.0214011 0.474209
0 0.751243 0.402579 0.0131039 0.0231054 0.473405
0 0.677214 0.196004 0.012569 0.0228574 0.473336
0 0.14547 0.0674436 0.0137843 0.027203 0.471739
0 0.115857 0.864763 0.0135355 0.0234087 0.471229
0 0.953206 0.104966 0.0137953 0.0241058 0.471057
0 0.324483 0.766587 0.0136297 0.0268749 0.470286
0 0.802281 0.690458 0.0122548 0.0216626 0.470124
0 0.746296 0.68499 0.0125088 0.0215112 0.469928
0 0.284861 0.277709 0.0149367 0.0299751 0.469884
0 0.30151 0.42224 0.0134314 0.0255948 0.468205
0 0.747719 0.730383 0.0140821 0.0221244 0.467839
0 0.530203 0.761341 0.0143469 0.0230877 0.467752
0 0.93614 0.0109176 0.0145832 0.0217178 0.467742
0 0.767014 0.18763 0.0120926 0.0216922 0.466887
0 0.795205 0.980855 0.0129057 0.0240018 0.466822
0 0.984752 0.553661 0.0118137 0.0261614 0.465209
0 0.954628 0.665141 0.0136402 0.0257768 0.465165
0 0.15227 0.69742 0.0124341 0.0224156 0.464219
0 0.440829 0.725532 0.012652 0.0261661 0.464198
0 0.27179 0.888403 0.0128611 0.0252625 0.463573
0 0.121971 0.951572 0.0124255 0.0232305 0.462992
0 0.673258 0.980963 0.0110037 0.0255764 0.461856
0 0.327818 0.285523 0.0157335 0.0273927 0.460875
0 0.690914 0.862005 0.0126247 0.0224879 0.459852
0 0.0963987 0.548225 0.0123411 0.0302248 0.459654
0 0.759053 0.6109 0.0125955 0.0233364 0.459323
0 0.850194 0.85829 0.0123756 0.0247804 0.457702
0 0.136615 0.924021 0.0127701 0.0210901 0.457244
0 0.175036 0.594184 0.0122068 0.021457 0.456533
0 0.22752 0.943784 0.0124177 0.0212643 0.456356
0 0.155919 0.901041 0.0126294 0.0237818 0.456134
0 0.145923 0.861931 0.0123059 0.0226313 0.456077
0 0.104769 0.979851 0.0121922 0.0229291 0.455492
0 0.918875 0.0263233 0.0167137 0.027847 0.455445
0 0.974704 0.747639 0.0106091 0.0270798 0.455254
0 0.784141 0.0840605 0.0122283 0.0176395 0.454425
0 0.968968 0.0467477 0.0116657 0.0242007 0.454052
0 0.22935 0.584369 0.011648 0.027114 0.454013
0 0.116698 0.909066 0.0107827 0.0215615 0.452916
0 0.438044 0.78193 0.0126781 0.0232419 0.452649
0 0.147945 0.812373 0.0119771 0.0213808 0.452419
0 0.511799 0.698913 0.0147308 0.0280725 0.452399
0 0.963914 0.283624 0.0119127 0.0260967 0.452052
0 0.669597 0.779387 0.0147467 0.0304526 0.451671
0 0.391072 0.450431 0.0140818 0.026737 0.451221
0 0.376507 0.643655 0.0131059 0.0285761 0.4509
0 0.413241 0.767135 0.0141478 0.0237556 0.45034
0 0.278384 0.82076 0.0128699 0.0236059 0.450262
0 0.388149 0.828089 0.0124755 0.0236937 0.449242
0 0.368471 0.822982 0.0133151 0.0250869 0.448137
0 0.253004 0.883005 0.0124337 0.0234713 0.448023
0 0.32919 0.525387 0.0137738 0.0244687 0.447773
0 0.108304 0.0392011 0.014201 0.0263908 0.446579
0 0.73713 0.21179 0.0115786 0.023872 0.445103
0 0.353682 0.85296 0.0115098 0.024993 0.444911
0 0.570081 0.0230122 0.0124248 0.0206923 0.443314
0 0.28448 0.969377 0.0141687 0.0250611 0.442716
0 0.172 0.714676 0.0133709 0.0222102 0.442693
0 0.995392 0.422207 0.00921542 0.0263913 0.442554
0 0.485209 0.742335 0.0148826 0.0271245 0.442451
0 0.371997 0.861095 0.012808 0.0234642 0.442049
0 0.756278 0.222222 0.0121943 0.0220774 0.442038
0 0.0435841 0.936003 0.0138334 0.0267832 0.441513
0 0.247119 0.951909 0.0126957 0.0199658 0.440649
0 0.0643204 0.947975 0.0128583 0.0254788 0.440622
0 0.177486 0.0574278 0.0144618 0.0257071 0.440256
0 0.951964 0.0249116 0.0141087 0.0218324 0.438905
0 0.969238 0.00969451 0.0127842 0.019389 0.438657
0 0.992536 0.92052 0.013719 0.0217503 0.438435
0 0.769198 0.301116 0.0124428 0.0218293 0.437853
0 0.265181 0.96256 0.0135892 0.0243243 0.437806
0 0.93272 0.329232 0.0103935 0.0218351 0.436947
0 0.424518 0.666086 0.0153128 0.0273816 0.436262
0 0.951595 0.49273 0.0123901 0.0244565 0.435837
0 0.905836 0.860775 0.0121975 0.0217709 0.43567
0 0.350217 0.474209 0.0148772 0.0269942 0.435607
0 0.866406 0.00619257 0.0139233 0.0123851 0.434056
0 0.902099 0.821195 0.0129359 0.0234067 0.43348
0 0.166461 0.823105 0.0119512 0.0213327 0.433287
0 0.0585703 0.87155 0.013949 0.0261688 0.432565
0 0.262725 0.402057 0.0121714 0.0232168 0.432429
0 0.378892 0.900235 0.0107332 0.0231634 0.431274
0 0.667359 0.949807 0.0106068 0.021325 0.43043
0 0.913376 0.504552 0.0132584 0.0253751 0.430187
0 0.196048 0.604819 0.0123648 0.0225343 0.428008
0 0.299576 0.362352 0.01347 0.0246732 0.427737
0 0.9258 0.387022 0.0112015 0.0213125 0.42584
0 0.995061 0.511686 0.00987841 0.0243775 0.425297
0 0.700676 0.0255393 0.0119364 0.0198108 0.425236
0 0.699041 0.9282 0.0125788 0.0226627 0.424523
0 0.410735 0.98929 0.0131758 0.0196397 0.424306
0 0.3125 0.449786 0.0126099 0.0247733 0.423728
0 0.609576 0.0342663 0.0114265 0.0195871 0.42353
0 0.792127 0.556827 0.0152845 0.0304741 0.422873
0 0.660452 0.909432 0.0115231 0.0220328 0.420753
0 0.791277 0.810049 0.0125391 0.0217347 0.420361
0 0.178479 0.91636 0.0125082 0.0219617 0.41961
0 0.693731 0.893343 0.014095 0.0230506 0.419362
0 0.128321 0.840238 0.0117145 0.0241047 0.419034
0 0.163746 0.0820852 0.013151 0.0254342 0.418953
0 0.679341 0.921036 0.0122879 0.0226798 0.418097
0 0.409823 0.453592 0.0153288 0.028304 0.417412
0 0.879778 0.456936 0.0118378 0.0217178 0.416685
0 0.447802 0.758393 0.0123625 0.0225663 0.416488
0 0.670893 0.157187 0.0127279 0.0202029 0.416226
0 0.756426 0.330253 0.0114939 0.0217188 0.415861
0 0.75934 0.0438278 0.0111187 0.0210103 0.415835
0 0.328598 0.344195 0.0146787 0.0262671 0.415614
0 0.23263 0.865258 0.0127279 0.0308926 0.415278
0 0.337277 0.442956 0.0114757 0.0270474 0.414061
0 0.687433 0.0572905 0.0122257 0.0209713 0.412339
0 0.457196 0.785425 0.0144873 0.0258438 0.412247
0 0.165716 0.121404 0.0135788 0.0246784 0.412229
0 0.680105 0.476891 0.0140292 0.0257481 0.411769
0 0.724116 0.247505 0.0113827 0.0210535 0.41147
0 0.391842 0.982205 0.0131819 0.0240148 0.411313
0 0.265542 0.853197 0.0130779 0.0218868 0.411308
0 0.752517 0.109873 0.0117708 0.0201363 0.41091
0 0.233301 0.98468 0.0131264 0.0242365 0.410644
0 0.0902528 0.0242097 0.0136429 0.02479 0.409768
0 0.769833 0.0125785 0.0115047 0.018626 0.408404
0 0.781685 0.267361 0.0109522 0.0237213 0.407772
0 0.651779 0.154113 0.0125832 0.0219495 0.407728
0 0.315196 0.321796 0.0149178 0.0280969 0.407274
0 0.405103 0.946746 0.0119676 0.0194764 0.406915
0 0.726667 0.974711 0.0126041 0.0207005 0.406563
0 0.732418 0.28641 0.0120295 0.0202617 0.405889
0 0.322192 0.983948 0.0122236 0.027292 0.405691
0 0.672178 0.709556 0.0153984 0.0327559 0.405287
0 0.35415 0.963052 0.0130859 0.0263502 0.405149
0 0.688088 0.795102 0.0144444 0.0252248 0.405115
0 0.721296 0.135273 0.0119357 0.0202591 0.403005
0 0.21465 0.973686 0.0132067 0.0223798 0.401885
0 0.344897 0.774525 0.0142913 0.0276685 0.401596
0 0.385594 0.936796 0.0103692 0.0204483 0.400552
0 0.744694 0.903715 0.0137291 0.0279649 0.399442
0 0.364199 0.676057 0.0127394 0.0219179 0.398326
0 0.274392 0.648216 0.0137108 0.0259657 0.397182
0 0.995569 0.801088 0.00886269 0.0282872 0.396964
0 0.341978 0.312718 0.0144103 0.022678 0.396438
0 0.993669 0.332213 0.0126629 0.0219226 0.395068
0 0.918213 0.984821 0.0154898 0.0237754 0.394549
0 0.718323 0.0349798 0.011075 0.0193737 0.394028
0 0.36678 0.934993 0.0120892 0.0230223 0.393869
0 0.172503 0.867494 0.0110718 0.0234569 0.393326
0 0.740969 0.595529 0.0150953 0.0316246 0.392085
0 0.684427 0.955368 0.0120905 0.0203356 0.391934
0 0.739049 0.326466 0.0122208 0.0204348 0.391256
0 0.993532 0.58842 0.0126667 0.0262315 0.390081
0 0.0968042 0.856701 0.0134687 0.0235028 0.389833
0 0.994131 0.757862 0.0117374 0.023294 0.389612
0 0.719802 0.315148 0.0126344 0.0213471 0.389512
0 0.277224 0.710586 0.0111705 0.0231932 0.387098
0 0.375523 0.476094 0.0156026 0.0257928 0.386676
0 0.814401 0.871318 0.0127701 0.0194493 0.385939
0 0.48911 0.823644 0.0120705 0.0231248 0.385016
0 0.393238 0.630151 0.0124935 0.0266312 0.383766
0 0.680434 0.0201143 0.0103132 0.0220757 0.383652
0 0.664926 0.404326 0.0132637 0.0224043 0.382784
0 0.303169 0.867016 0.0125999 0.0246127 0.382234
0 0.88643 0.850163 0.0114235 0.0249455 0.381622
0 0.717267 0.209423 0.0112448 0.0206526 0.380165
0 0.148702 0.541776 0.0136611 0.0221277 0.378889
0 0.641681 0.86091 0.0127263 0.022763 0.378817
0 0.32289 0.876076 0.0111019 0.0243017 0.378712
0 0.713819 0.10185 0.0124433 0.0191251 0.377152
0 0.72661 0.354614 0.0119667 0.019685 0.377088
0 0.226773 0.704129 0.0137445 0.0224788 0.376324
0 0.925229 0.187973 0.0117989 0.0272875 0.375485
0 0.300489 0.71628 0.0126884 0.0199446 0.375208
0 0.900065 0.786637 0.011298 0.0244345 0.375199
0 0.446944 0.811521 0.0123527 0.0180202 0.375189
0 0.845914 0.317126 0.0128555 0.0246535 0.374735
0 0.19388 0.881862 0.0118177 0.0243569 0.374477
0 0.161351 0.631715 0.0129413 0.0186411 0.373844
0 0.759777 0.957369 0.0124526 0.0210628 0.373322
0 0.892365 0.714283 0.0108398 0.0228024 0.371906
0 0.248585 0.6007 0.0110064 0.0233486 0.371799
0 0.108803 0.681029 0.0121734 0.0239925 0.371668
0 0.363532 0.782577 0.0129225 0.0211468 0.368447
0 0.415767 0.634534 0.0134928 0.028206 0.368255
0 0.818829 0.403135 0.0171295 0.0313372 0.367508
0 0.996252 0.836637 0.00749512 0.0230626 0.365597
0 0.865751 0.365515 0.013888 0.0288732 0.365577
0 0.24506 0.326259 0.0134539 0.0261668 0.365276
0 0.141874 0.772969 0.0111211 0.0199466 0.365003
0 0.764709 0.791332 0.014374 0.0225653 0.362827
0 0.334485 0.84525 0.0128382 0.0226887 0.362514
0 0.954158 0.149294 0.0138201 0.0236143 0.361164
0 0.24906 0.441054 0.0125412 0.0245317 0.3611
0 0.727132 0.0702966 0.0108667 0.0187436 0.360908
0 0.95944 0.530142 0.0131931 0.0227968 0.360888
0 0.659664 0.868904 0.0131144 0.0212216 0.360378
0 0.645298 0.899793 0.0119015 0.0196656 0.360343
0 0.184123 0.518943 0.0120268 0.0210946 0.359179
0 0.688776 0.682641 0.0166787 0.035446 0.358682
0 0.432922 0.696095 0.0146317 0.0247826 0.358616
0 0.676428 0.0893264 0.0113331 0.0196147 0.357315
0 0.269614 0.247619 0.0151706 0.0261375 0.353649
0 0.946828 0.307234 0.0104237 0.0232183 0.352447
0 0.766238 0.0817963 0.010693 0.020405 0.352234
0 0.604086 0.105136 0.0111275 0.0210935 0.351784
0 0.709608 0.170284 0.011769 0.0193943 0.351205
0 0.126871 0.0514823 0.0124546 0.0214657 0.351083
0 0.983663 0.625844 0.0133823 0.0218602 0.351062
0 0.258742 0.920639 0.0126785 0.0223518 0.350165
0 0.928539 0.921609 0.012355 0.0189668 0.349053
0 0.790369 0.466549 0.0140818 0.0254882 0.347893
0 0.978367 0.262193 0.011084 0.0214499 0.346306
0 0.77573 0.338366 0.0120054 0.0220341 0.345325
0 0.879788 0.771118 0.0103313 0.0221955 0.345083
0 0.119334 0.718007 0.0130556 0.0216056 0.342343
0 0.369968 0.713009 0.0116747 0.0193201 0.34193
0 0.639672 0.186198 0.0118788 0.0202741 0.339441
0 0.311041 0.795558 0.0129346 0.0216737 0.338104
0 0.73293 0.805521 0.0151676 0.0239359 0.337503
0 0.135348 0.886227 0.0114728 0.0228858 0.33685
0 0.746126 0.0744562 0.0115009 0.0191883 0.33645
0 0.263949 0.569705 0.0141085 0.0226255 0.336267
0 0.298516 0.829455 0.0122475 0.0259444 0.334329
0 0.745032 0.3641 0.0119292 0.0190632 0.333972
0 0.695796 0.380171 0.0129464 0.0221685 0.333194
0 0.919843 0.79981 0.0131264 0.0221112 0.333137
0 0.652832 0.759011 0.0142464 0.0291504 0.332987
0 0.153379 0.939107 0.01195 0.0199585 0.331496
0 0.982523 0.0696459 0.0114775 0.0218173 0.331067
0 0.734486 0.110217 0.0115965 0.0201643 0.329945
0 0.93841 0.0500368 0.0093792 0.024918 0.329591
0 0.302234 0.658653 0.0108688 0.0238803 0.329184
0 0.0755201 0.922022 0.0112357 0.0225305 0.328831
0 0.702931 0.133283 0.0119829 0.017583 0.327964
0 0.590113 0.0306898 0.0123123 0.0193701 0.327461
0 0.240151 0.788728 0.011358 0.0222564 0.327299
0 0.797427 0.938867 0.0135245 0.0194947 0.327291
0 0.635801 0.962142 0.0116062 0.0227966 0.326303
0 0.242861 0.670451 0.0137228 0.0243324 0.325728
0 0.787577 0.303133 0.0117402 0.0206809 0.325109
0 0.260915 0.683556 0.0116415 0.0246688 0.325049
0 0.318247 0.561653 0.0137852 0.0251162 0.323027
0 0.489371 0.691611 0.0137369 0.0239645 0.321676
0 0.328663 0.914586 0.0120859 0.0213083 0.321288
0 0.254263 0.48253 0.0127066 0.0270478 0.321068
0 0.388811 0.499999 0.0112403 0.0205094 0.319316
0 0.589508 0.20687 0.0139709 0.0249415 0.319254
0 0.757094 0.223281 0.011166 0.0169621 0.319153
0 0.833367 0.948813 0.013994 0.0257936 0.318609
0 0.793852 0.856596 0.0139233 0.0234145 0.317598
0 0.341053 0.882901 0.0124915 0.0217503 0.31734
0 0.94492 0.932162 0.0122169 0.0216688 0.316819
0 0.372052 0.9657 0.0124447 0.0212917 0.315952
0 0.793134 0.237432 0.0125578 0.0223101 0.315494
0 0.303169 0.976097 0.0124711 0.0231381 0.315127
0 0.708162 0.346082 0.0130657 0.0202904 0.31215
0 0.709995 0.905539 0.0110697 0.0226824 0.312144
0 0.643312 0.114469 0.0110765 0.0214956 0.311767
0 0.647745 0.0479741 0.010675 0.0217146 0.31176
0 0.922309 0.836994 0.012553 0.021546 0.311576
0 0.288917 0.685139 0.0112066 0.0230622 0.310778
0 0.357518 0.744632 0.0130315 0.0244034 0.310468
0 0.290653 0.508388 0.0136239 0.0261904 0.310001
0 0.467267 0.683101 0.0156221 0.0278908 0.309199
0 0.257531 0.806564 0.0159038 0.0345565 0.309188
0 0.40344 0.658331 0.0129147 0.0224449 0.308115
0 0.696211 0.0990281 0.0117237 0.0197962 0.308002
0 0.869301 0.873524 0.0142097 0.0217709 0.306032
0 0.327295 0.476934 0.0115147 0.0207606 0.304991
0 0.750495 0.00813134 0.0110378 0.0162627 0.304379
0 0.207016 0.936575 0.0149659 0.0156051 0.303144
0 0.700745 0.306585 0.0115726 0.0188597 0.302674
0 0.79873 0.274121 0.0125482 0.0212825 0.301346
0 0.398651 0.481358 0.0130486 0.026704 0.299334
0 0.182107 0.990014 0.013539 0.0199725 0.298355
0 0.674504 0.882672 0.0134388 0.024005 0.298105
0 0.314453 0.386995 0.01237 0.018957 0.295841
0 0.628482 0.0414243 0.00999165 0.0205146 0.294862
0 0.95304 0.18773 0.0135216 0.0310392 0.293235
0 0.630142 0.890169 0.0121969 0.0193687 0.2922
0 0.140133 0.612922 0.012602 0.0219029 0.290972
0 0.778178 0.0480742 0.0104998 0.0176142 0.290425
0 0.201336 0.647389 0.0137742 0.0258248 0.290255
0 0.292353 0.78991 0.00965932 0.0227654 0.289931
0 0.315662 0.835218 0.012149 0.0268861 0.289669
0 0.964145 0.563212 0.0110474 0.0181706 0.289602
0 0.28667 0.625012 0.0146882 0.0233158 0.288782
0 0.339086 0.736945 0.0114501 0.0281877 0.284929
0 0.660173 0.0179756 0.0102095 0.0254165 0.282847
0 0.82421 0.755009 0.0129997 0.0211479 0.282276
0 0.271819 0.772731 0.0139013 0.0323343 0.282103
0 0.710734 0.276515 0.011867 0.018562 0.280518
0 0.234785 0.358085 0.00994811 0.0209726 0.279223
0 0.27263 0.376893 0.0134176 0.021401 0.277151
0 0.974035 0.665254 0.0120375 0.0217245 0.276486
0 0.690987 0.162476 0.0117386 0.0179746 0.275957
0 0.246372 0.713689 0.0136494 0.025237 0.275913
0 0.747416 0.778927 0.0145191 0.0253224 0.275542
0 0.351614 0.703935 0.0119848 0.0207399 0.273559
0 0.657962 0.368089 0.0108387 0.0213894 0.272986
0 0.285097 0.86175 0.0131207 0.0234517 0.272681
0 0.955641 0.22996 0.0149982 0.0280853 0.271362
0 0.71451 0.385834 0.0107897 0.0204765 0.270209
0 0.804598 0.199439 0.011092 0.0212656 0.270072
0 0.07732 0.845231 0.0131022 0.0222965 0.26976
0 0.747055 0.469666 0.0137795 0.0278808 0.268356
0 0.907657 0.213903 0.0127003 0.0272656 0.267423
0 0.659052 0.192564 0.0123373 0.0198582 0.267207
0 0.83298 0.845267 0.0113699 0.020319 0.266923
0 0.750533 0.29083 0.0116291 0.0199816 0.266301
0 0.903655 0.135485 0.013546 0.0312032 0.265868
0 0.843088 0.00485046 0.0148512 0.00970092 0.26478
0 0.699107 0.485671 0.017171 0.0357076 0.263486
0 0.188559 0.0107821 0.0176136 0.0215642 0.262926
0 0.909806 0.903931 0.011573 0.021157 0.262756
0 0.446404 0.674235 0.0139081 0.0251478 0.261557
0 0.271502 0.31771 0.0146128 0.0265183 0.260723
0 0.183398 0.139053 0.0141903 0.0251041 0.260073
0 0.666776 0.051965 0.0101728 0.0183588 0.259417
0 0.68379 0.127772 0.0114883 0.0182968 0.258529
0 0.551608 0.0216175 0.0133615 0.023288 0.258473
0 0.330334 0.698392 0.0118031 0.0209754 0.258422
0 0.771892 0.494697 0.0191287 0.0340858 0.258248
0 0.253338 0.989009 0.0135205 0.0196553 0.258218
0 0.297189 0.936569 0.0113482 0.0229842 0.256821
0 0.283682 0.579902 0.0125312 0.0230601 0.256698
0 0.619808 0.812798 0.0138378 0.0228934 0.256144
0 0.632789 0.788168 0.0129012 0.0237796 0.25478
0 0.645642 0.801209 0.01236 0.0233237 0.251916
0 0.577761 0.062126 0.0112656 0.0183107 0.250857
0 0.269118 0.610409 0.0141976 0.0239752 0.25012
0 0.154495 0.585426 0.0101597 0.0212974 0.249534
0 0.650263 0.330531 0.011941 0.0213982 0.246783
0 0.794163 0.554777 0.011627 0.0279839 0.24647
0 0.912263 0.947615 0.013652 0.0266824 0.246138
0 0.436341 0.644315 0.0144491 0.0276177 0.243996
0 0.203171 0.289023 0.0147702 0.0289509 0.243969
0 0.330701 0.805501 0.0104551 0.0219793 0.243884
0 0.302466 0.590138 0.0146894 0.0265774 0.243306
0 0.995403 0.0768013 0.00919342 0.0277162 0.241805
0 0.472622 0.914889 0.0174477 0.0339223 0.241568
0 0.235896 0.471928 0.00957584 0.0225323 0.238898
0 0.397882 0.425968 0.0132093 0.0246505 0.23886
0 0.73887 0.0363875 0.0103065 0.0204342 0.23845
0 0.83419 0.688247 0.0145622 0.0230606 0.238212
0 0.58121 0.170114 0.0135298 0.0272215 0.236752
0 0.704804 0.239373 0.0116881 0.0214868 0.236408
0 0.097697 0.722686 0.0117233 0.021713 0.234948
0 0.217096 0.501986 0.0102181 0.0226522 0.233994
0 0.252744 0.760416 0.0128127 0.0244693 0.232734
0 0.626045 0.849604 0.0126245 0.0236923 0.23264
0 0.397589 0.576495 0.0128016 0.0269801 0.232623
0 0.495049 0.77491 0.0127157 0.01971 0.232441
0 0.0610391 0.0749829 0.0129982 0.0229358 0.231818
0 0.786208 0.196961 0.0116348 0.0201301 0.229988
0 0.311249 0.908979 0.0110837 0.0232805 0.228081
0 0.258338 0.641602 0.0112813 0.0265033 0.22688
0 0.616082 0.0750037 0.0105534 0.0191343 0.225128
0 0.613848 0.142269 0.0117081 0.019092 0.224332
0 0.133073 0.688507 0.0139378 0.0177857 0.222192
0 0.890898 0.237253 0.0153498 0.0286395 0.220499
0 0.304675 0.760487 0.0120222 0.0269248 0.220379
0 0.363593 0.451477 0.0131065 0.0238449 0.219572
0 0.692713 0.272888 0.0115524 0.0216925 0.219501
0 0.787256 0.413898 0.0224983 0.02833 0.21923
0 0.6627 0.118634 0.0108981 0.0192028 0.219112
0 0.865497 0.835914 0.0117634 0.0226232 0.218941
0 0.842755 0.267918 0.0171522 0.0364814 0.218546
0 0.00503826 0.950182 0.0100765 0.0209518 0.218138
0 0.889319 0.115914 0.0144772 0.0299272 0.216039
0 0.632525 0.147223 0.0125952 0.0167313 0.215163
0 0.812466 0.972224 0.0138068 0.024195 0.215076
0 0.449297 0.755208 0.0128304 0.0234089 0.214971
0 0.678323 0.754286 0.013031 0.0225771 0.212046
0 0.970695 0.0844059 0.0104164 0.019594 0.211854
0 0.201445 0.152083 0.0146124 0.0286737 0.211492
0 0.815513 0.94653 0.0132056 0.0242809 0.211307
0 0.411757 0.691665 0.0120853 0.0234833 0.21076
0 0.214481 0.461232 0.0121793 0.020258 0.21003
0 0.997471 0.272734 0.00505886 0.0350361 0.209141
0 0.65337 0.260287 0.012336 0.0214657 0.20896
0 0.906794 0.175993 0.0135361 0.0265069 0.206206
0 0.994014 0.66348 0.0119726 0.0219106 0.204707
0 0.908036 0.25355 0.0147259 0.032182 0.204112
0 0.933989 0.664599 0.0136305 0.0246406 0.203129
0 0.12198 0.758756 0.0128089 0.0184668 0.200729
