0 0.594483 0.72879 0.027968 0.0537686 0.696342
0 0.730049 0.843356 0.0271339 0.0466 0.68035
0 0.690773 0.714107 0.0262583 0.0388826 0.680249
0 0.312134 0.0540199 0.0195816 0.0304989 0.673261
0 0.19516 0.92285 0.0217676 0.0393144 0.67073
0 0.566821 0.0876131 0.0243598 0.0581594 0.670284
0 0.153923 0.818191 0.0203693 0.0355255 0.665623
0 0.601761 0.825443 0.0204703 0.0372294 0.664348
0 0.705696 0.826887 0.0191887 0.0357324 0.66306
0 0.714571 0.893097 0.0258557 0.0470791 0.658441
0 0.437894 0.769845 0.0248861 0.0460897 0.657684
0 0.444451 0.686456 0.0241172 0.0379856 0.656619
0 0.040362 0.552768 0.0212909 0.0352974 0.652914
0 0.0580576 0.683855 0.0196092 0.0404979 0.649505
0 0.68585 0.665927 0.0191807 0.0416307 0.64922
0 0.66547 0.644344 0.0200841 0.0312202 0.64755
0 0.645285 0.821474 0.0170309 0.0300273 0.646926
0 0.407495 0.747388 0.0217242 0.0378825 0.63553
0 0.483115 0.544901 0.0256166 0.0459144 0.635072
0 0.0515438 0.73038 0.0167927 0.0301605 0.633425
0 0.88105 0.799291 0.0149212 0.0229377 0.633322
0 0.611775 0.450378 0.0269638 0.0364797 0.632941
0 0.981816 0.91224 0.0156242 0.0218683 0.63171
0 0.562971 0.730019 0.0165736 0.0330839 0.631567
0 0.645778 0.490155 0.0240551 0.04798 0.630612
0 0.716505 0.743529 0.0199219 0.0328969 0.629591
0 0.889321 0.83185 0.0149681 0.0248979 0.629259
0 0.178513 0.334641 0.0172184 0.030503 0.62903
0 0.8552 0.619846 0.0141384 0.0251369 0.624801
0 0.902399 0.622125 0.014371 0.0242343 0.624434
0 0.91507 0.820329 0.0159019 0.0252384 0.622773
0 0.579403 0.14606 0.018662 0.0394079 0.622065
0 0.651282 0.377854 0.0185591 0.0372236 0.621298
0 0.948825 0.865394 0.0147152 0.0239539 0.619511
0 0.725446 0.341017 0.0151929 0.0238175 0.618772
0 0.920693 0.610578 0.0154049 0.0225555 0.618358
0 0.917739 0.782 0.0151253 0.0253977 0.616375
0 0.252023 0.176707 0.0166218 0.0334797 0.616167
0 0.984573 0.630699 0.0127138 0.0201054 0.615966
0 0.37774 0.150493 0.023027 0.0349193 0.614864
0 0.379657 0.727803 0.0219313 0.032293 0.614736
0 0.877301 0.884644 0.0150749 0.0213737 0.61353
0 0.848915 0.479103 0.0125317 0.0234968 0.613234
0 0.528319 0.0133138 0.0180636 0.0259742 0.612118
0 0.927774 0.676901 0.0137199 0.0218538 0.611405
0 0.944121 0.695853 0.014315 0.0245923 0.610857
0 0.967249 0.849203 0.0161282 0.0256402 0.609961
0 0.964961 0.888021 0.0144676 0.0265414 0.60977
0 0.865484 0.686766 0.0136971 0.0242016 0.609767
0 0.0507166 0.274611 0.0218635 0.0394904 0.60956
0 0.860464 0.733454 0.0139561 0.0192512 0.607999
0 0.951526 0.486106 0.0139272 0.0229529 0.607706
0 0.818198 0.984516 0.018243 0.0294635 0.607678
0 0.941045 0.732844 0.0150414 0.0206763 0.604937
0 0.897498 0.86736 0.0145321 0.0227005 0.604536
0 0.933719 0.844516 0.0151371 0.0244642 0.603747
0 0.939528 0.974805 0.0162977 0.0281762 0.602063
0 0.901554 0.763538 0.015081 0.0231215 0.601307
0 0.885157 0.635769 0.013792 0.0230147 0.599989
0 0.99201 0.765319 0.0145798 0.0210817 0.598699
0 0.641842 0.74046 0.0182055 0.0291967 0.598309
0 0.427767 0.97553 0.0162729 0.0354754 0.598084
0 0.9156 0.334857 0.0142643 0.0247948 0.597723
0 0.638073 0.305934 0.0212186 0.0372746 0.59644
0 0.949426 0.296494 0.0142841 0.0221712 0.595188
0 0.905645 0.904051 0.0158821 0.0224586 0.595185
0 0.862314 0.50499 0.0157354 0.021599 0.594936
0 0.97642 0.742215 0.0139416 0.0235485 0.594538
0 0.860049 0.899036 0.0131332 0.0226234 0.593038
0 0.931141 0.276409 0.014827 0.0223606 0.592754
0 0.960807 0.923844 0.015014 0.0227207 0.59228
0 0.921543 0.747941 0.0156158 0.0253218 0.592073
0 0.0112945 0.263183 0.0217186 0.0398404 0.59143
0 0.833584 0.880872 0.013718 0.0227258 0.59128
0 0.908333 0.689193 0.0146194 0.0207508 0.591176
0 0.92398 0.712671 0.0157614 0.020325 0.590994
0 0.861055 0.54238 0.0140167 0.0211025 0.590763
0 0.957964 0.75543 0.0142544 0.0213933 0.590251
0 0.825841 0.843836 0.0124018 0.0208377 0.589517
0 0.936087 0.498195 0.0124748 0.020451 0.589245
0 0.915534 0.508093 0.01437 0.0238277 0.589016
0 0.87696 0.532562 0.0147114 0.0225439 0.587669
0 0.936848 0.768489 0.0150875 0.020957 0.587079
0 0.885625 0.740225 0.0140709 0.0249725 0.586988
0 0.913641 0.937593 0.0149448 0.0226345 0.586697
0 0.898346 0.663832 0.015419 0.0206072 0.586069
0 0.844015 0.829574 0.0135704 0.0235665 0.584002
0 0.541747 0.73388 0.0168242 0.0271478 0.583924
0 0.871674 0.606073 0.014817 0.0238609 0.582912
0 0.952949 0.621072 0.0145414 0.0213973 0.582902
0 0.0783167 0.725977 0.0201332 0.0310009 0.582354
0 0.854908 0.780918 0.0126007 0.0227837 0.582016
0 0.382837 0.0193329 0.0194268 0.0324518 0.581746
0 0.903269 0.726046 0.0151299 0.0248193 0.581611
0 0.387292 0.211092 0.0218291 0.0387175 0.581601
0 0.845248 0.550944 0.0144062 0.023953 0.581285
0 0.882261 0.493703 0.0157686 0.0223171 0.580671
0 0.987169 0.836099 0.0147369 0.0196754 0.580379
0 0.803963 0.113433 0.0143714 0.0255912 0.58008
0 0.888103 0.595249 0.0152733 0.0250988 0.579563
0 0.867517 0.396697 0.0133232 0.0201145 0.579431
0 0.868142 0.645954 0.0142436 0.0239181 0.578791
0 0.798935 0.825689 0.0148232 0.0229543 0.578392
0 0.981878 0.534998 0.0135874 0.0205814 0.578132
0 0.942761 0.93865 0.0153618 0.0241876 0.577711
0 0.975861 0.981998 0.0155396 0.0238664 0.577584
0 0.200908 0.360411 0.0161022 0.029482 0.577278
0 0.977481 0.572048 0.014666 0.0224984 0.57704
0 0.725799 0.581695 0.0140381 0.0240126 0.576401
0 0.873699 0.429726 0.01343 0.0219421 0.576227
0 0.972229 0.779691 0.0133156 0.0231762 0.576138
0 0.971913 0.473925 0.0138626 0.0230651 0.575875
0 0.725234 0.621778 0.0128819 0.0192946 0.575727
0 0.62381 0.27062 0.0196032 0.0347953 0.574956
0 0.984138 0.872975 0.0155065 0.0233042 0.574767
0 0.135449 0.966095 0.0172634 0.0300285 0.574378
0 0.828604 0.341871 0.0132328 0.0209765 0.574033
0 0.910484 0.545835 0.0140766 0.0216205 0.574018
0 0.960198 0.720017 0.0152119 0.0187946 0.571296
0 0.86286 0.814477 0.0151863 0.0218455 0.570853
0 0.751547 0.531825 0.0137516 0.0202606 0.570039
0 0.8842 0.376461 0.0132301 0.0221625 0.56918
0 0.809374 0.778686 0.0131797 0.020263 0.568847
0 0.963872 0.414687 0.0126194 0.0214378 0.568337
0 0.814692 0.894135 0.0135925 0.021915 0.568234
0 0.287168 0.773987 0.0206108 0.0409256 0.568018
0 0.929645 0.912353 0.0149752 0.0245677 0.5677
0 0.972395 0.606678 0.0144657 0.0205078 0.567617
0 0.7348 0.657424 0.0120808 0.0204701 0.56715
0 0.978517 0.946354 0.014918 0.024648 0.566238
0 0.846349 0.747086 0.0131361 0.0222148 0.566196
0 0.890391 0.557888 0.0148058 0.0240938 0.565264
0 0.751827 0.493406 0.0143509 0.0229543 0.564994
0 0.802682 0.747206 0.0129494 0.0218764 0.564644
0 0.954148 0.792523 0.0152664 0.0227615 0.564556
0 0.872655 0.764884 0.0133364 0.0195869 0.563839
0 0.854485 0.983268 0.0196629 0.030904 0.562687
0 0.939476 0.463991 0.0140163 0.0208936 0.562207
0 0.755058 0.118324 0.0120081 0.0206265 0.562174
0 0.772026 0.810167 0.012771 0.0215884 0.562105
0 0.746354 0.790638 0.0135338 0.0227485 0.561919
0 0.945397 0.661576 0.0146511 0.0220088 0.561592
0 0.894908 0.253593 0.0139381 0.0218428 0.561495
0 0.934587 0.348247 0.0130463 0.0216693 0.560193
0 0.949501 0.52216 0.0141327 0.0231626 0.560029
0 0.844349 0.247133 0.0141754 0.0229369 0.55926
0 0.866241 0.365252 0.0127594 0.0218223 0.559242
0 0.907346 0.585104 0.0154594 0.0223672 0.558795
0 0.959612 0.960774 0.0145309 0.02166 0.558003
0 0.750467 0.459328 0.0160532 0.0246691 0.557579
0 0.933566 0.8059 0.0146065 0.0237573 0.557487
0 0.9003 0.478728 0.0146137 0.0194494 0.55691
0 0.866979 0.933634 0.0130363 0.0214664 0.556837
0 0.901255 0.791999 0.0142963 0.0196099 0.555802
0 0.963119 0.546668 0.0150202 0.0231336 0.555779
0 0.889278 0.70272 0.0138828 0.0205836 0.555099
0 0.946906 0.22656 0.0130993 0.0230421 0.554255
0 0.780414 0.305235 0.0144064 0.0236667 0.554088
0 0.821862 0.132744 0.0148102 0.0192463 0.553506
0 0.82582 0.200856 0.0121067 0.0224516 0.552663
0 0.707625 0.33012 0.0142174 0.0224467 0.551097
0 0.688073 0.320752 0.0140202 0.0224081 0.550997
0 0.836928 0.794759 0.0131591 0.0232154 0.550837
0 0.729162 0.378778 0.0135094 0.0229384 0.55067
0 0.777686 0.964772 0.0192523 0.0288771 0.5497
0 0.840601 0.914406 0.0142719 0.021656 0.549545
0 0.987885 0.595405 0.0131096 0.0230924 0.549519
0 0.926744 0.881155 0.0131283 0.0229227 0.548901
0 0.865418 0.467499 0.0144524 0.0220125 0.548689
0 0.938888 0.596323 0.0145569 0.0199105 0.548342
0 0.715195 0.0209234 0.0137323 0.021046 0.547905
0 0.647261 0.22285 0.0132087 0.0224767 0.547544
0 0.918881 0.369712 0.0151348 0.0202499 0.547504
0 0.471555 0.352726 0.024012 0.0444904 0.547348
0 0.590879 0.923386 0.0168763 0.0277374 0.54711
0 0.965484 0.275495 0.0133644 0.021763 0.546865
0 0.58295 0.844902 0.0121033 0.0283635 0.546758
0 0.915684 0.652828 0.0146673 0.0236311 0.546733
0 0.665109 0.197065 0.012534 0.0237016 0.545617
0 0.711275 0.44075 0.0135464 0.0240621 0.545396
0 0.696734 0.535093 0.0122833 0.0216682 0.545308
0 0.0274039 0.841896 0.0250293 0.0474497 0.544247
0 0.951548 0.82962 0.0146854 0.0226997 0.544095
0 0.693787 0.466982 0.0143286 0.0221576 0.543981
0 0.402139 0.289738 0.0148428 0.0238927 0.543919
0 0.744623 0.569382 0.0115012 0.0202776 0.543391
0 0.81766 0.427666 0.0145264 0.0224463 0.543102
0 0.916161 0.855996 0.0147541 0.0237328 0.543012
0 0.944071 0.558348 0.0145915 0.0223879 0.542889
0 0.759931 0.258149 0.011919 0.0208917 0.5404
0 0.750695 0.424328 0.0125111 0.0221158 0.540175
0 0.779759 0.84418 0.0122589 0.0212947 0.53994
0 0.929436 0.532962 0.012711 0.0200863 0.539528
0 0.678688 0.0314663 0.0134392 0.0208574 0.5395
0 0.990369 0.801925 0.0148857 0.0224121 0.539058
0 0.97075 0.812011 0.0147686 0.019515 0.538943
0 0.356446 0.0821303 0.0171844 0.0265558 0.538367
0 0.753712 0.824019 0.012632 0.0178815 0.538309
0 0.885985 0.916023 0.0127995 0.0203986 0.537731
0 0.965579 0.512335 0.0135485 0.0205365 0.537694
0 0.308878 0.883727 0.0161634 0.0317278 0.537269
0 0.905754 0.0952406 0.0138252 0.0206943 0.537181
0 0.964491 0.646534 0.0153471 0.0213586 0.536976
0 0.0930868 0.278872 0.0158512 0.0285034 0.536734
0 0.860111 0.260364 0.0143417 0.0221783 0.536718
0 0.920665 0.472399 0.0147315 0.0229242 0.536604
0 0.914161 0.299721 0.0139754 0.0184744 0.536446
0 0.693131 0.43171 0.0131592 0.0229262 0.536301
0 0.859633 0.580062 0.0132507 0.0210797 0.535667
0 0.730016 0.413638 0.0147667 0.022446 0.535577
0 0.711801 0.477362 0.0140252 0.0188359 0.535572
0 0.0762253 0.661118 0.0176802 0.0300725 0.53552
0 0.5712 0.482543 0.0220843 0.0321833 0.534879
0 0.788045 0.875806 0.0119968 0.0209446 0.534854
0 0.736013 0.10201 0.0134102 0.0216835 0.534806
0 0.957958 0.580747 0.014982 0.0230058 0.534601
0 0.697443 0.0445405 0.0130559 0.0194496 0.534095
0 0.850676 0.863916 0.0114905 0.0201416 0.53305
0 0.739075 0.174851 0.0141176 0.0210942 0.53295
0 0.225761 0.607073 0.016379 0.0297556 0.53272
0 0.811295 0.327302 0.013485 0.0207288 0.532568
0 0.931089 0.312547 0.0140889 0.0218985 0.532247
0 0.0941101 0.572693 0.0140265 0.0287871 0.532223
0 0.755557 0.601673 0.0128401 0.0206644 0.531887
0 0.434263 0.847493 0.0266167 0.0387495 0.53158
0 0.961422 0.2053 0.0144724 0.0204658 0.531421
0 0.854651 0.445877 0.0125999 0.0192335 0.529045
0 0.806416 0.859734 0.0125816 0.0201428 0.528231
0 0.920891 0.972089 0.0145187 0.0234711 0.527638
0 0.734236 0.0673039 0.0137099 0.0214983 0.527606
0 0.979058 0.704324 0.0136164 0.0194441 0.527601
0 0.605186 0.0906691 0.0147829 0.0214517 0.5254
0 0.844919 0.283456 0.0138348 0.0224923 0.524414
0 0.983508 0.296605 0.013377 0.018314 0.524379
0 0.962539 0.683501 0.0126835 0.0217124 0.524058
0 0.368203 0.331729 0.0246853 0.0294816 0.523912
0 0.89639 0.287065 0.0151997 0.0193199 0.523894
0 0.77039 0.523173 0.0134163 0.0203927 0.523817
0 0.602273 0.0567003 0.0138641 0.0212238 0.523802
0 0.963469 0.239878 0.0131664 0.0216929 0.523548
0 0.673181 0.96816 0.0206164 0.0281562 0.521706
0 0.981919 0.373576 0.0130934 0.0190283 0.520866
0 0.746538 0.352084 0.0139702 0.0212007 0.520548
0 0.817351 0.81335 0.0122025 0.0169305 0.518644
0 0.933552 0.640505 0.0136452 0.0220521 0.518207
0 0.947724 0.262029 0.013909 0.0174739 0.516514
0 0.428738 0.286955 0.0221123 0.0351592 0.516227
0 0.690325 0.355181 0.0131973 0.0195986 0.515946
0 0.708217 0.367432 0.0153576 0.0218909 0.515733
0 0.910257 0.230999 0.0148167 0.0206426 0.515577
0 0.704886 0.259534 0.012711 0.018313 0.515158
0 0.978032 0.402288 0.0128658 0.0204813 0.514904
0 0.773153 0.0922133 0.012586 0.0206755 0.514449
0 0.881371 0.677854 0.0129297 0.0240359 0.514248
0 0.685557 0.24942 0.0149063 0.0193736 0.513832
0 0.0407383 0.509797 0.0184785 0.0332599 0.513634
0 0.985673 0.327212 0.012412 0.0199865 0.513612
0 0.679652 0.0672811 0.0135249 0.0192678 0.51305
0 0.66734 0.26928 0.0143368 0.0197779 0.511716
0 0.993617 0.203684 0.0127658 0.0199448 0.51157
0 0.765733 0.403011 0.0125818 0.0206338 0.511459
0 0.564878 0.0280642 0.0144242 0.0217269 0.5114
0 0.830854 0.375993 0.013081 0.0203576 0.510759
0 0.82687 0.761968 0.0124138 0.0229143 0.510505
0 0.321811 0.915517 0.0144776 0.0279777 0.509831
0 0.890019 0.416371 0.0132023 0.0201577 0.509572
0 0.120013 0.517234 0.01891 0.0313061 0.508852
0 0.623642 0.140052 0.0120869 0.0205456 0.508469
0 0.316884 0.750893 0.020732 0.0380778 0.508088
0 0.665589 0.232935 0.0138325 0.02077 0.508085
0 0.752313 0.0453975 0.0140087 0.020851 0.508006
0 0.898743 0.323624 0.0108894 0.0209674 0.507627
0 0.694715 0.502458 0.0135191 0.0216793 0.507529
0 0.83357 0.410306 0.013271 0.0206317 0.50731
0 0.664213 0.162086 0.0131876 0.0206489 0.507177
0 0.791032 0.210278 0.0153172 0.023238 0.506436
0 0.660508 0.0893712 0.0117556 0.0193333 0.506021
0 0.990218 0.457096 0.0154547 0.0207287 0.506005
0 0.884526 0.457802 0.0137932 0.0227151 0.505457
0 0.742617 0.245773 0.0135831 0.0205457 0.505169
0 0.0923658 0.235747 0.0432606 0.0449801 0.504978
0 0.716818 0.0909285 0.014707 0.0206847 0.503696
0 0.764051 0.77606 0.0109615 0.0181556 0.503123
0 0.751818 0.0115727 0.0144737 0.0223355 0.502765
0 0.623179 0.105731 0.0151413 0.020393 0.500006
0 0.745839 0.315605 0.0137765 0.0205975 0.499571
0 0.807415 0.719688 0.0171405 0.0276204 0.497914
0 0.969644 0.344429 0.0126751 0.0177299 0.497238
0 0.828561 0.958781 0.0127544 0.018635 0.497008
0 0.516134 0.0440297 0.0129047 0.0230076 0.496382
0 0.839101 0.452213 0.0116333 0.0170468 0.496155
0 0.926219 0.400852 0.0127499 0.0196177 0.495494
0 0.902321 0.382789 0.0121357 0.0198573 0.494465
0 0.959838 0.172087 0.0131042 0.019465 0.492501
0 0.497678 0.0220738 0.01399 0.0226418 0.492145
0 0.764771 0.367068 0.0123178 0.0197531 0.491728
0 0.736465 0.137233 0.0136745 0.0196994 0.4916
0 0.714056 0.550119 0.012869 0.0219936 0.491375
0 0.363395 0.444246 0.0135612 0.0227554 0.491131
0 0.852233 0.418593 0.0147903 0.0210517 0.490853
0 0.909477 0.162721 0.0129089 0.0201323 0.490687
0 0.880368 0.305655 0.0140263 0.0208655 0.490541
0 0.758131 0.186591 0.0134089 0.0197725 0.489857
0 0.951489 0.331171 0.0140644 0.0201714 0.489633
0 0.849512 0.384921 0.0133511 0.0187485 0.489494
0 0.978219 0.154486 0.0130257 0.021845 0.489339
0 0.68418 0.211521 0.0133606 0.020474 0.488422
0 0.993971 0.96884 0.0120585 0.022921 0.48814
0 0.965379 0.312017 0.0135276 0.0182962 0.48813
0 0.845809 0.515906 0.0149357 0.0227051 0.487872
0 0.973104 0.118785 0.0112236 0.0198421 0.487648
0 0.752359 0.723992 0.0110481 0.0175788 0.487543
0 0.924487 0.57086 0.0112429 0.0214139 0.487076
0 0.707199 0.292973 0.0138079 0.0225987 0.486309
0 0.726988 0.30539 0.0133739 0.0214068 0.485907
0 0.761789 0.857734 0.0122503 0.018552 0.485551
0 0.58383 0.0417373 0.0131397 0.0218359 0.481754
0 0.197033 0.973327 0.0206057 0.0326131 0.481471
0 0.847347 0.35078 0.012845 0.022359 0.48147
0 0.848317 0.948816 0.0131931 0.0218044 0.481411
0 0.451469 0.0548683 0.0204865 0.036018 0.481011
0 0.820808 0.730678 0.0131348 0.0160316 0.480931
0 0.752711 0.0799877 0.0116634 0.0197628 0.480448
0 0.771163 0.0554173 0.0130786 0.0208137 0.480342
0 0.764198 0.327452 0.0137621 0.0193733 0.480046
0 0.641907 0.115334 0.0132336 0.0202656 0.478762
0 0.696231 0.00999707 0.015472 0.0182354 0.478644
0 0.583658 0.5272 0.0186245 0.040356 0.478193
0 0.821365 0.928912 0.0126831 0.0200779 0.477904
0 0.226588 0.467139 0.0208325 0.0401766 0.477514
0 0.828163 0.559725 0.0136457 0.0223712 0.477095
0 0.735476 0.734893 0.0114726 0.0202159 0.475207
0 0.847454 0.677141 0.0146168 0.0207069 0.475204
0 0.193291 0.572434 0.0212097 0.0371189 0.474473
0 0.769288 0.891855 0.0115036 0.0188384 0.474344
0 0.82829 0.304949 0.0124973 0.0189739 0.474318
0 0.243205 0.773894 0.0153222 0.032526 0.474037
0 0.827785 0.273085 0.0137483 0.0223063 0.473996
0 0.745631 0.691553 0.0113841 0.0185023 0.473686
0 0.721793 0.196234 0.0125837 0.0206121 0.473459
0 0.731715 0.514037 0.0140221 0.0215612 0.472794
0 0.890703 0.114148 0.0120638 0.0189334 0.472272
0 0.0964785 0.767104 0.0140314 0.0262095 0.471357
0 0.755667 0.150771 0.0125267 0.0207971 0.470865
0 0.796077 0.911811 0.0115129 0.0190158 0.470402
0 0.811641 0.292972 0.013942 0.0200957 0.470095
0 0.874062 0.713185 0.0130554 0.0205553 0.46971
0 0.983402 0.668644 0.0132706 0.0170245 0.46948
0 0.55026 0.61004 0.016878 0.0301056 0.468884
0 0.959704 0.135239 0.0136228 0.0212977 0.468809
0 0.943344 0.388969 0.0112831 0.0195699 0.468253
0 0.907625 0.414224 0.0124882 0.0179505 0.46735
0 0.803045 0.943203 0.0124956 0.0194147 0.466768
0 0.359719 0.271814 0.0165923 0.0289239 0.464923
0 0.901265 0.355147 0.0130702 0.0194451 0.464029
0 0.265328 0.298648 0.0208889 0.0293985 0.463965
0 0.0166569 0.017098 0.0173165 0.0253721 0.46331
0 0.738529 0.612693 0.0113876 0.0168159 0.463265
0 0.790183 0.174311 0.013022 0.0190387 0.462448
0 0.758195 0.748966 0.0098554 0.0167504 0.462082
0 0.226867 0.846485 0.0228888 0.032874 0.461551
0 0.823645 0.166907 0.0116051 0.0201908 0.461231
0 0.732425 0.486977 0.0144573 0.0229428 0.461188
0 0.601739 0.0219654 0.0140984 0.0174362 0.460481
0 0.731136 0.450125 0.0151151 0.022594 0.459292
0 0.945834 0.900542 0.0142586 0.0201371 0.458572
0 0.846582 0.318795 0.0135204 0.0181686 0.458488
0 0.924269 0.103758 0.0117359 0.0210148 0.458225
0 0.808666 0.26009 0.012479 0.021857 0.45686
0 0.942599 0.116915 0.0121143 0.0241881 0.456789
0 0.103249 0.834085 0.0139482 0.0246946 0.455559
0 0.0707209 0.420395 0.018732 0.0390383 0.454873
0 0.995195 0.727665 0.00960986 0.0220567 0.453282
0 0.741146 0.210785 0.0136432 0.0195146 0.452599
0 0.878152 0.27269 0.0119511 0.0203367 0.451739
0 0.460704 0.724922 0.0204605 0.0330383 0.450948
0 0.890776 0.149988 0.0132799 0.0202712 0.450637
0 0.995648 0.933873 0.008704 0.0223041 0.450565
0 0.702312 0.96581 0.0133873 0.0214927 0.449092
0 0.943009 0.426429 0.0106635 0.0227542 0.448706
0 0.759508 0.221335 0.012944 0.0188519 0.448682
0 0.874079 0.567603 0.0138735 0.022064 0.445251
0 0.795919 0.314749 0.012177 0.0213348 0.444768
0 0.933985 0.0365094 0.0125881 0.0232444 0.444115
0 0.542345 0.498888 0.02715 0.0472646 0.442338
0 0.380255 0.283775 0.0180976 0.0300087 0.441346
0 0.639446 0.00951558 0.0127439 0.019003 0.440143
0 0.978756 0.188026 0.0133961 0.0177695 0.4401
0 0.733805 0.0329003 0.013134 0.019066 0.439302
0 0.645415 0.150416 0.0129953 0.022039 0.438895
0 0.620503 0.0341089 0.0128247 0.0206849 0.438562
0 0.776102 0.199299 0.0141762 0.0219054 0.438194
0 0.922817 0.43543 0.0119788 0.0182952 0.4377
0 0.777696 0.927561 0.0120777 0.0193289 0.437157
0 0.700472 0.116869 0.0142633 0.0198156 0.436307
0 0.889006 0.0762981 0.0135296 0.0193676 0.434943
0 0.424322 0.447597 0.0428644 0.0786787 0.43395
0 0.39519 0.812219 0.012114 0.0223616 0.433659
0 0.680526 0.102622 0.0127148 0.0199917 0.428292
0 0.403307 0.346015 0.0161811 0.0258259 0.42783
0 0.621419 0.0694528 0.0123209 0.0208694 0.427244
0 0.69826 0.0805292 0.0136049 0.0174525 0.427221
0 0.1095 0.729703 0.0204852 0.0324629 0.425799
0 0.893592 0.952188 0.0153439 0.0232937 0.425255
0 0.877974 0.239031 0.0115345 0.0204756 0.424798
0 0.789258 0.513212 0.0143551 0.0217222 0.422679
0 0.690358 0.392413 0.0135307 0.0211405 0.420722
0 0.783164 0.34336 0.0136078 0.0197929 0.419131
0 0.138728 0.355137 0.0169745 0.0357948 0.41791
0 0.573671 0.956435 0.0172159 0.0314091 0.416612
0 0.930667 0.246301 0.0109863 0.016664 0.416235
0 0.00588208 0.329684 0.0116373 0.0238039 0.412072
0 0.0570856 0.890828 0.0162424 0.0278108 0.411729
0 0.616389 0.868954 0.0160823 0.0302295 0.411232
0 0.212462 0.758823 0.0160874 0.0318797 0.411226
0 0.714901 0.514505 0.0138559 0.0198069 0.405133
0 0.981239 0.258032 0.0118877 0.0210229 0.40402
0 0.244883 0.0857817 0.024981 0.0485187 0.402968
0 0.960713 0.101972 0.0126461 0.0180938 0.400838
0 0.853427 0.0863168 0.0132301 0.0191838 0.400221
0 0.672623 0.377493 0.0148767 0.0251382 0.399673
0 0.66238 0.124636 0.0136787 0.017036 0.398593
0 0.00871308 0.783247 0.0152517 0.0280053 0.398225
0 0.928872 0.173886 0.00996399 0.0213195 0.398158
0 0.529513 0.79875 0.01723 0.0312039 0.396626
0 0.874565 0.961546 0.0124763 0.022429 0.396444
0 0.416843 0.777769 0.0130022 0.022172 0.3963
0 0.631365 0.21173 0.0132044 0.022551 0.395617
0 0.0274298 0.783884 0.0137994 0.0266893 0.394943
0 0.974063 0.441108 0.0123981 0.0169902 0.394775
0 0.58888 0.112927 0.0130285 0.0188372 0.394382
0 0.748895 0.393038 0.0119884 0.0198685 0.394
0 0.717855 0.127464 0.0140423 0.0183756 0.393974
0 0.902202 0.0541298 0.0123821 0.0233397 0.393799
0 0.911529 0.203312 0.013939 0.0180368 0.39368
0 0.154069 0.87893 0.0181627 0.0344418 0.392773
0 0.722372 0.233648 0.0136732 0.0189358 0.392173
0 0.683359 0.176917 0.0113016 0.0170604 0.389021
0 0.582621 0.0091271 0.0153824 0.0171367 0.388807
0 0.720573 0.162649 0.0124365 0.0200899 0.388288
0 0.993155 0.558657 0.0133938 0.0228083 0.388109
0 0.927724 0.211718 0.0145037 0.0210083 0.387359
0 0.80847 0.22338 0.0119137 0.017883 0.386643
0 0.762011 0.67858 0.0122098 0.0174477 0.383887
0 0.988726 0.431753 0.012215 0.0210109 0.383335
0 0.177759 0.0689813 0.0215105 0.0272373 0.382984
0 0.799886 0.538926 0.0150379 0.0212571 0.381932
0 0.80692 0.1464 0.0152915 0.0183933 0.380872
0 0.861429 0.293372 0.0140736 0.0181644 0.380814
0 0.0867761 0.694726 0.0179445 0.0273424 0.377542
0 0.502761 0.257719 0.0204467 0.0374429 0.37669
0 0.871635 0.101541 0.0133804 0.0203143 0.376392
0 0.648352 0.258984 0.0145642 0.0209573 0.376147
0 0.548402 0.0113562 0.0120937 0.0204431 0.375653
0 0.626633 0.178339 0.0139414 0.0204397 0.373514
0 0.199619 0.304541 0.0163909 0.0244353 0.370904
0 0.996353 0.365768 0.00729345 0.0239772 0.370308
0 0.863557 0.329373 0.0112453 0.0201095 0.368619
0 0.733377 0.5396 0.0135702 0.0155863 0.368298
0 0.773074 0.13092 0.0149574 0.022857 0.365834
0 0.721087 0.794443 0.0220364 0.0337616 0.365161
0 0.00404767 0.121388 0.00808196 0.0425278 0.364844
0 0.210357 0.0700627 0.0224368 0.0374357 0.364696
0 0.0735685 0.872336 0.0138594 0.0245495 0.36359
0 0.528598 0.634089 0.0168824 0.0317515 0.363462
0 0.516471 0.605801 0.0178289 0.0307813 0.360803
0 0.128316 0.476716 0.0188767 0.0339725 0.359208
0 0.81429 0.568107 0.0108925 0.0171153 0.358029
0 0.767836 0.47379 0.0123573 0.0193483 0.356198
0 0.558237 0.69497 0.02155 0.0347863 0.353396
0 0.711353 0.404831 0.0125554 0.0250397 0.352565
0 0.454406 0.655773 0.0192669 0.0285851 0.349963
0 0.177785 0.807672 0.0196759 0.0348324 0.348587
0 0.106027 0.985067 0.0184507 0.0284834 0.347119
0 0.313996 0.818673 0.0202891 0.0353149 0.346074
0 0.807996 0.179554 0.0133051 0.0188095 0.345053
0 0.28397 0.605494 0.0152224 0.030238 0.34367
0 0.67707 0.492814 0.0147951 0.0216667 0.341454
0 0.250849 0.399342 0.0300263 0.0594372 0.341202
0 0.784188 0.0704364 0.011495 0.0200179 0.340034
0 0.659085 0.018297 0.0123633 0.0170809 0.339477
0 0.180311 0.191725 0.0186163 0.029349 0.338044
0 0.35709 0.72308 0.0189979 0.0287845 0.335612
0 0.0717018 0.917056 0.0163836 0.0274182 0.335323
0 0.771239 0.0243548 0.0112139 0.0177163 0.333377
0 0.769699 0.437221 0.0138063 0.0174432 0.33287
0 0.788871 0.622993 0.011461 0.0192481 0.332741
0 0.700875 0.150384 0.0128603 0.018283 0.332237
0 0.586605 0.530628 0.0221304 0.0485098 0.329539
0 0.701758 0.222388 0.0133135 0.0171264 0.328519
0 0.787072 0.732606 0.0154083 0.0184408 0.327326
0 0.798818 0.98304 0.0161943 0.0301353 0.325914
0 0.525718 0.304214 0.0190591 0.034325 0.319009
0 0.892835 0.183849 0.0136095 0.0148593 0.31864
0 0.645423 0.185459 0.0130232 0.0185011 0.313738
0 0.0780074 0.493672 0.0190838 0.0353754 0.312977
0 0.124565 0.678035 0.023208 0.0522998 0.312948
0 0.282763 0.196693 0.0146873 0.0280487 0.312485
0 0.876637 0.169584 0.00958462 0.0197338 0.311288
0 0.587734 0.0787457 0.0145962 0.023135 0.31043
0 0.953467 0.358321 0.0108603 0.0159088 0.309681
0 0.811552 0.642867 0.0141407 0.0224114 0.309085
0 0.85755 0.118335 0.0105848 0.0197837 0.308287
0 0.75045 0.647609 0.00984987 0.0162804 0.307749
0 0.674288 0.739353 0.0146515 0.0225179 0.306737
0 0.209494 0.436959 0.0163605 0.0291872 0.306189
0 0.94489 0.154296 0.0123657 0.018315 0.305276
0 0.773963 0.709859 0.0110081 0.0194231 0.304517
0 0.996429 0.691636 0.0071413 0.016188 0.30319
0 0.716946 0.0590653 0.0121503 0.0241498 0.303146
0 0.895828 0.521715 0.0114487 0.0180657 0.299784
0 0.795019 0.279521 0.0123056 0.0236484 0.299631
0 0.871728 0.0680251 0.0127476 0.0179809 0.299508
0 0.908128 0.129501 0.0122795 0.0185745 0.297194
0 0.956433 0.992178 0.0148251 0.015645 0.29561
0 0.525642 0.36475 0.0230469 0.0732707 0.292687
0 0.811745 0.683982 0.0129841 0.0218869 0.291319
0 0.446596 0.810408 0.0185146 0.0238597 0.2843
0 0.399548 0.0338412 0.0147491 0.0357564 0.281126
0 0.569052 0.820888 0.0160685 0.0338559 0.280761
0 0.0123981 0.431934 0.0171414 0.0328022 0.279859
0 0.396584 0.779679 0.0127001 0.0194375 0.27984
0 0.17182 0.635301 0.0152835 0.02669 0.279148
0 0.916251 0.270231 0.0102688 0.0177155 0.277574
0 0.210679 0.393514 0.0188571 0.0302088 0.277195
0 0.653087 0.678654 0.0110526 0.0306001 0.276465
0 0.178503 0.874316 0.0175207 0.026502 0.275911
0 0.238728 0.140784 0.0199714 0.0272441 0.269947
0 0.814816 0.368218 0.0147476 0.0284533 0.26957
0 0.850158 0.705542 0.0139709 0.024454 0.268734
0 0.858276 0.156616 0.0118242 0.01462 0.265746
0 0.769443 0.635953 0.00998065 0.0179677 0.265577
0 0.774993 0.164086 0.0133305 0.0195389 0.26494
0 0.834774 0.0391458 0.0116863 0.0201076 0.260366
0 0.920935 0.0584434 0.0126148 0.0216808 0.258997
0 0.00468426 0.983867 0.00931677 0.0300565 0.256479
0 0.555988 0.930738 0.0178024 0.0339301 0.255172
0 0.210611 0.0209494 0.0250007 0.0409644 0.254726
0 0.742975 0.280936 0.0147678 0.0185985 0.25343
0 0.639465 0.0427591 0.0131421 0.0200708 0.250913
0 0.785036 0.139871 0.0124047 0.0249945 0.250308
0 0.819161 0.727339 0.0118874 0.0188768 0.249682
0 0.141966 0.728983 0.0156576 0.0281052 0.249678
0 0.238082 0.0377456 0.0197482 0.0426348 0.244543
0 0.819098 0.0254542 0.0132823 0.0236527 0.242742
0 0.917732 0.0312973 0.012344 0.0207081 0.242699
0 0.796751 0.379902 0.0181753 0.0253204 0.242666
0 0.858134 0.190065 0.0126335 0.0173247 0.2408
0 0.749238 0.959209 0.0225636 0.0364614 0.239879
0 0.116787 0.961565 0.0144794 0.0299363 0.238801
0 0.326401 0.444783 0.0368841 0.0607717 0.236869
0 0.579989 0.386612 0.0186922 0.0310277 0.235411
0 0.477807 0.788425 0.017002 0.0276744 0.233375
0 0.436252 0.940658 0.0166332 0.0252471 0.23281
0 0.0712093 0.584295 0.0195976 0.0310786 0.232091
0 0.633259 0.983012 0.0143288 0.0307723 0.229284
0 0.552966 0.963792 0.00864474 0.0347653 0.227923
0 0.4213 0.212518 0.0426241 0.0685093 0.226397
0 0.471349 0.048361 0.0161929 0.0302231 0.225594
0 0.589575 0.541006 0.0178972 0.0329056 0.223853
0 0.409359 0.809841 0.0141521 0.0188622 0.223751
0 0.156015 0.430454 0.0145484 0.0273017 0.223497
0 0.155592 0.705016 0.0107441 0.0254642 0.221968
0 0.141395 0.724516 0.0171295 0.0353282 0.221484
0 0.898867 0.450705 0.0121644 0.0183898 0.218079
0 0.231134 0.560108 0.0162657 0.0283596 0.211831
0 0.250226 0.225779 0.0185198 0.0282962 0.203822
0 0.802466 0.449506 0.0130758 0.0182721 0.20255
