0 0.125498 0.56191 0.0291065 0.0485123 0.70016
0 0.362251 0.905648 0.0315189 0.0493717 0.698709
0 0.0300469 0.151641 0.0303899 0.0551515 0.691871
0 0.981437 0.631261 0.0371037 0.0666977 0.688207
0 0.00813885 0.198037 0.0162777 0.0483504 0.687987
0 0.984747 0.521912 0.0300417 0.0438992 0.684749
0 0.444254 0.487274 0.0309832 0.0520725 0.682017
0 0.565191 0.216819 0.0279015 0.0456884 0.671533
0 0.207041 0.577246 0.0228498 0.0401362 0.670198
0 0.793048 0.490247 0.0280861 0.0511876 0.669765
0 0.973362 0.127939 0.0262955 0.0380019 0.661862
0 0.271664 0.618554 0.0258859 0.0490044 0.659808
0 0.142932 0.464932 0.0218405 0.0396849 0.653929
0 0.743497 0.620409 0.0231758 0.0479036 0.653589
0 0.446621 0.422208 0.0252926 0.0419892 0.653348
0 0.190258 0.534959 0.0252407 0.044319 0.652912
0 0.215852 0.644167 0.0235147 0.0431839 0.652828
0 0.131361 0.265671 0.0291291 0.0573169 0.651942
0 0.619476 0.110746 0.0277336 0.043696 0.651287
0 0.785994 0.847597 0.0238164 0.0341254 0.649919
0 0.0412454 0.930178 0.0221837 0.0420386 0.648848
0 0.801287 0.0320903 0.0183125 0.0338284 0.64793
0 0.939116 0.112367 0.0257004 0.0526746 0.647699
0 0.338597 0.864496 0.0260839 0.050431 0.645812
0 0.945937 0.314026 0.0212561 0.0323462 0.644547
0 0.201857 0.220622 0.0251514 0.0420374 0.637572
0 0.930246 0.359 0.0175222 0.0348126 0.635482
0 0.982354 0.174261 0.0231834 0.0392956 0.634963
0 0.403105 0.621302 0.0229392 0.0472005 0.634842
0 0.0112573 0.0184039 0.020407 0.0351071 0.634233
0 0.784592 0.969602 0.0244776 0.0492927 0.632975
0 0.217397 0.307326 0.0181066 0.0310149 0.632226
0 0.211195 0.491914 0.0244509 0.0464762 0.631548
0 0.367287 0.850429 0.0207264 0.0381522 0.630296
0 0.36485 0.794763 0.0228945 0.0351583 0.628587
0 0.169619 0.34113 0.022402 0.0390792 0.625397
0 0.0879484 0.65013 0.0189992 0.0348978 0.612597
0 0.234647 0.273967 0.0238452 0.0382196 0.610625
0 0.102065 0.7556 0.0232498 0.0404193 0.609909
0 0.315109 0.100964 0.0207637 0.0398465 0.608892
0 0.0832259 0.953977 0.019734 0.0352121 0.60739
0 0.539187 0.205835 0.0237659 0.0408508 0.60552
0 0.287741 0.818841 0.0230556 0.0472683 0.604998
0 0.146935 0.621039 0.0203382 0.0352072 0.593792
0 0.127975 0.742168 0.0275231 0.053588 0.593412
0 0.386901 0.672679 0.0270152 0.045373 0.592399
0 0.133319 0.187463 0.0267774 0.0410064 0.589339
0 0.404202 0.186165 0.0266926 0.0422964 0.586727
0 0.412902 0.262963 0.0235239 0.0380594 0.585684
0 0.74876 0.973008 0.0319603 0.0529002 0.579716
0 0.252439 0.196575 0.0206912 0.0319106 0.576693
0 0.120925 0.661572 0.0224071 0.0401966 0.575729
0 0.36888 0.389151 0.0236095 0.0469902 0.574454
0 0.915659 0.0273852 0.0213341 0.0381471 0.573224
0 0.334477 0.916065 0.0190224 0.0304963 0.567783
0 0.867139 0.716274 0.0186081 0.0292867 0.566199
0 0.0914542 0.832824 0.0177693 0.0314813 0.564557
0 0.323736 0.59112 0.0195368 0.0273383 0.56347
0 0.83793 0.207054 0.0180607 0.0308318 0.562475
0 0.0127441 0.952805 0.0143734 0.0262256 0.56164
0 0.336639 0.808126 0.0234969 0.0341526 0.559658
0 0.00843531 0.250436 0.0160987 0.0380619 0.559234
0 0.820858 0.752958 0.0206635 0.0348701 0.557891
0 0.0944903 0.206534 0.0217634 0.0336088 0.557475
0 0.170509 0.536186 0.0176698 0.0352333 0.555109
0 0.15779 0.186543 0.0189726 0.0368319 0.553093
0 0.847172 0.351893 0.0172035 0.0261783 0.552548
0 0.303021 0.48824 0.0208844 0.0325913 0.552472
0 0.0821843 0.698384 0.0196751 0.0489224 0.552202
0 0.721499 0.965993 0.0169832 0.0281019 0.5498
0 0.785665 0.131846 0.0185484 0.0318302 0.548601
0 0.394666 0.732269 0.0209813 0.0471707 0.545696
0 0.427673 0.379768 0.0231499 0.0368032 0.541324
0 0.200055 0.336861 0.0188923 0.0270272 0.541176
0 0.295115 0.869957 0.0246449 0.0473151 0.540406
0 0.206132 0.897816 0.0168881 0.0303331 0.538122
0 0.105329 0.0607432 0.018451 0.0336387 0.537681
0 0.773079 0.792243 0.0341537 0.0532023 0.537554
0 0.289787 0.527511 0.0167144 0.0293722 0.537062
0 0.278426 0.346645 0.022029 0.0466061 0.535658
0 0.765743 0.588627 0.0233817 0.0477386 0.535217
0 0.840929 0.697792 0.0178209 0.0346022 0.535082
0 0.468327 0.367601 0.020407 0.0325712 0.533481
0 0.73048 0.56965 0.0233528 0.0336392 0.53133
0 0.168598 0.0215496 0.026555 0.042268 0.529645
0 0.788493 0.924715 0.0154493 0.0257538 0.529246
0 0.820756 0.378715 0.0235722 0.0334436 0.526314
0 0.37508 0.722866 0.0244822 0.044878 0.526249
0 0.84008 0.0547942 0.0232002 0.0405638 0.52324
0 0.899626 0.948952 0.0288216 0.040941 0.522646
0 0.303621 0.157885 0.0188242 0.0401468 0.521098
0 0.232309 0.0865501 0.0278763 0.0466969 0.518841
0 0.515051 0.308376 0.0210639 0.0314398 0.516625
0 0.170873 0.60343 0.0218287 0.0331662 0.516438
0 0.0779165 0.115499 0.0192106 0.0350387 0.516038
0 0.725436 0.910814 0.0243922 0.0396558 0.508722
0 0.0550077 0.751193 0.0210409 0.0388201 0.508556
0 0.145924 0.149828 0.0175674 0.0330645 0.506139
0 0.858695 0.640577 0.0171585 0.031997 0.50147
0 0.591532 0.16077 0.018412 0.0292631 0.497086
0 0.234064 0.0201198 0.0306028 0.0394378 0.492423
0 0.657842 0.0577222 0.0267375 0.0556091 0.491292
0 0.16946 0.257808 0.0234393 0.0424573 0.489994
0 0.440019 0.176345 0.0139814 0.0225427 0.486847
0 0.306662 0.803901 0.0173613 0.0321723 0.485573
0 0.328055 0.401019 0.0213223 0.0364134 0.485194
0 0.0733582 0.906254 0.0200319 0.0330373 0.479021
0 0.849809 0.401243 0.0211334 0.0414324 0.475581
0 0.799468 0.559079 0.0282594 0.0542388 0.469588
0 0.326624 0.48962 0.0169878 0.03441 0.468663
0 0.989196 0.559712 0.0212315 0.0316512 0.466544
0 0.0345777 0.328891 0.0216898 0.038295 0.466373
0 0.242452 0.791882 0.0167364 0.0265076 0.463537
0 0.255462 0.527105 0.0246838 0.0368991 0.461304
0 0.0778456 0.75042 0.0186306 0.0335821 0.460228
0 0.315521 0.627901 0.0206954 0.0350428 0.455446
0 0.477132 0.0505217 0.0216709 0.0345234 0.452052
0 0.124868 0.0360349 0.0157134 0.0298994 0.450635
0 0.227914 0.706593 0.0173728 0.0297463 0.449923
0 0.481855 0.219028 0.0277771 0.0590312 0.449392
0 0.254201 0.660325 0.0216012 0.0317161 0.446995
0 0.412348 0.0860278 0.0266041 0.0470811 0.44356
0 0.893327 0.0203641 0.0169666 0.0338411 0.44303
0 0.167209 0.0672216 0.0219512 0.0372112 0.440006
0 0.273758 0.764157 0.0224286 0.0446632 0.438911
0 0.177597 0.775551 0.0166096 0.0300181 0.435611
0 0.255772 0.363973 0.022103 0.0427185 0.431797
0 0.375269 0.527437 0.0219987 0.0346524 0.430746
0 0.782085 0.650946 0.0166612 0.0285916 0.430308
0 0.276419 0.97948 0.0169456 0.0357148 0.429987
0 0.769871 0.921965 0.0183531 0.029036 0.428516
0 0.86381 0.0515217 0.0164678 0.0315609 0.421332
0 0.257229 0.0881862 0.0221343 0.0423115 0.420537
0 0.833959 0.0941605 0.0152958 0.0228595 0.417311
0 0.027313 0.966095 0.0140072 0.0269986 0.413527
0 0.0115473 0.0735009 0.018748 0.0314131 0.412432
0 0.811089 0.158715 0.0218885 0.0369965 0.411566
0 0.0727271 0.155618 0.0153871 0.0257584 0.408208
0 0.198468 0.779265 0.0164296 0.0312775 0.407033
0 0.313514 0.687614 0.0207774 0.034539 0.404165
0 0.0205964 0.88605 0.0177173 0.0297424 0.403328
0 0.588354 0.118387 0.0221133 0.0471875 0.401868
0 0.151843 0.873145 0.0147528 0.0292914 0.401659
0 0.391951 0.572418 0.0200364 0.035142 0.401398
0 0.288869 0.231755 0.0163745 0.0333884 0.400423
0 0.797901 0.762726 0.0256758 0.0348779 0.399504
0 0.101629 0.165759 0.0125364 0.0280441 0.399297
0 0.248942 0.732144 0.018449 0.0261121 0.398628
0 0.191083 0.683057 0.0130962 0.0230121 0.395763
0 0.850529 0.669736 0.0155499 0.0262039 0.3938
0 0.813087 0.111876 0.0197043 0.0319007 0.393312
0 0.212947 0.266096 0.0166871 0.0386995 0.389246
0 0.305739 0.0657727 0.0154932 0.0272517 0.387551
0 0.327518 0.546052 0.0271955 0.0448485 0.387301
0 0.717643 0.242425 0.025322 0.0512528 0.386437
0 0.556183 0.270534 0.0154428 0.0315876 0.385607
0 0.0144922 0.317753 0.0186775 0.0355502 0.385329
0 0.033046 0.107551 0.0213877 0.0375625 0.385133
0 0.287578 0.138789 0.0139814 0.029972 0.384853
0 0.422838 0.43418 0.0200635 0.0428459 0.380965
0 0.346635 0.725809 0.018231 0.032431 0.380706
0 0.0698303 0.839487 0.0175953 0.0279368 0.380556
0 0.895327 0.637583 0.0177856 0.0378153 0.380435
0 0.399716 0.451224 0.0239442 0.0423023 0.380283
0 0.338298 0.765345 0.023701 0.0338577 0.379981
0 0.221483 0.910729 0.0161868 0.0306017 0.379683
0 0.712931 0.637341 0.0336548 0.051237 0.378067
0 0.930616 0.927329 0.0200619 0.0355615 0.377741
0 0.256696 0.264595 0.0187171 0.0318143 0.377306
0 0.292561 0.950251 0.0255671 0.0407366 0.375485
0 0.67264 0.663598 0.0222905 0.0412664 0.373316
0 0.0569037 0.0874139 0.0183277 0.0420231 0.37241
0 0.26246 0.563033 0.0165061 0.0239792 0.370434
0 0.397401 0.301575 0.0190164 0.0327847 0.366745
0 0.361793 0.562432 0.018376 0.02828 0.362702
0 0.909758 0.0956436 0.0328497 0.0601436 0.362577
0 0.371551 0.239872 0.0202094 0.0313305 0.361533
0 0.787464 0.201902 0.0225616 0.0249527 0.359085
0 0.863735 0.583306 0.0246922 0.044505 0.357415
0 0.165251 0.25979 0.0314088 0.0464619 0.357257
0 0.0169416 0.697821 0.0213933 0.0302112 0.354789
0 0.632267 0.013548 0.0357855 0.027096 0.353132
0 0.218349 0.184755 0.0248593 0.0381559 0.353088
0 0.0788902 0.797883 0.0162459 0.0274555 0.352398
0 0.0963258 0.0231488 0.022164 0.0378532 0.350596
0 0.479249 0.0542049 0.0236191 0.0414382 0.350123
0 0.776588 0.546784 0.0169654 0.0267436 0.349106
0 0.0127229 0.730432 0.0236239 0.0399946 0.349067
0 0.996552 0.122786 0.00689608 0.0385175 0.344464
0 0.939445 0.0110539 0.0224949 0.0220461 0.34362
0 0.139317 0.770054 0.0126931 0.0275892 0.343443
0 0.105248 0.112637 0.0180169 0.038467 0.342145
0 0.955761 0.215533 0.0271057 0.0419314 0.341564
0 0.392485 0.129052 0.0210935 0.0339892 0.341334
0 0.0612367 0.0516281 0.0168164 0.0272383 0.340282
0 0.25881 0.827981 0.0269128 0.0425347 0.339915
0 0.204502 0.70032 0.0168536 0.0293524 0.338071
0 0.0337738 0.0166056 0.0140756 0.0282342 0.336214
0 0.11735 0.821319 0.0139908 0.0249702 0.335906
0 0.195965 0.0961581 0.0314168 0.0533847 0.334386
0 0.223636 0.145289 0.0155293 0.0335238 0.33433
0 0.754374 0.285928 0.0188424 0.0234161 0.326541
0 0.229786 0.963249 0.0220779 0.0441714 0.322364
0 0.683117 0.0314215 0.030932 0.0504725 0.321967
0 0.782499 0.432206 0.0252909 0.0429664 0.321299
0 0.314211 0.0436387 0.0200308 0.0318061 0.321267
0 0.966545 0.0600034 0.0139198 0.0227123 0.319597
0 0.755423 0.833223 0.0154966 0.0250871 0.315049
0 0.366302 0.318504 0.0184579 0.0314782 0.313834
0 0.457777 0.155213 0.0145553 0.023777 0.312317
0 0.274384 0.0485201 0.0240788 0.0402493 0.312023
0 0.874652 0.678098 0.0221527 0.0277538 0.311862
0 0.113961 0.180921 0.0128171 0.0317329 0.310425
0 0.890342 0.303337 0.0239338 0.0363173 0.30511
0 0.0284233 0.922713 0.0134077 0.0310038 0.304111
0 0.946145 0.0683491 0.0188095 0.0234001 0.30393
0 0.804757 0.671228 0.0190702 0.0323564 0.302095
0 0.466822 0.275793 0.0184909 0.0288695 0.301651
0 0.26972 0.417733 0.015551 0.0301388 0.299519
0 0.506475 0.0537708 0.0256616 0.044603 0.297084
0 0.105782 0.922577 0.0179295 0.0307744 0.296049
0 0.0594734 0.898209 0.0148124 0.0303209 0.29508
0 0.269055 0.472691 0.0229437 0.0308718 0.295064
0 0.321833 0.360171 0.0156281 0.0297777 0.294436
0 0.00855025 0.289968 0.0165855 0.0235435 0.293651
0 0.0527538 0.80236 0.0162482 0.029107 0.2923
0 0.669353 0.888416 0.0134658 0.0308716 0.292087
0 0.207544 0.41216 0.0253262 0.0489966 0.290651
0 0.297551 0.111603 0.0170085 0.0289996 0.290417
0 0.340608 0.326092 0.0229967 0.0365989 0.28956
0 0.0674018 0.988461 0.0169536 0.0214206 0.286085
0 0.0442673 0.393447 0.0192344 0.0401026 0.284003
0 0.764551 0.384833 0.020583 0.0343183 0.282892
0 0.865229 0.588583 0.0233261 0.0353717 0.282448
0 0.933363 0.274522 0.0156269 0.028643 0.282149
0 0.741435 0.854957 0.016449 0.0316376 0.279245
0 0.330903 0.703675 0.0185276 0.0319988 0.279166
0 0.0486004 0.985375 0.0171921 0.0274249 0.277854
0 0.366887 0.458173 0.0193846 0.0329059 0.277605
0 0.81515 0.617012 0.0172726 0.0317339 0.275277
0 0.0886022 0.0896716 0.0139322 0.0233022 0.275215
0 0.334458 0.764217 0.0225459 0.0309471 0.275193
0 0.0482715 0.977027 0.0186508 0.0314601 0.273554
0 0.0406723 0.0852215 0.0134144 0.0277132 0.272481
0 0.402096 0.304265 0.0274188 0.0350646 0.27124
0 0.0250604 0.275183 0.0176341 0.03271 0.269467
0 0.385716 0.496914 0.0180841 0.0275414 0.267722
0 0.66196 0.0634234 0.0241432 0.0464091 0.267683
0 0.4753 0.013026 0.019515 0.0258682 0.267549
0 0.0440297 0.869955 0.0202327 0.0321567 0.267244
0 0.838751 0.69488 0.0209694 0.0391681 0.266005
0 0.0193652 0.79157 0.0168165 0.0278792 0.264806
0 0.0260761 0.962887 0.0142292 0.0256764 0.264565
0 0.0435182 0.72098 0.0172228 0.0319279 0.261429
0 0.772469 0.271672 0.0271039 0.0405468 0.258752
0 0.339529 0.444292 0.0175851 0.0286194 0.257635
0 0.783884 0.694697 0.021647 0.0313952 0.255
0 0.739194 0.326505 0.0196132 0.026501 0.254949
0 0.474121 0.332898 0.0256549 0.0364429 0.254935
0 0.364485 0.452196 0.0220845 0.0355199 0.253879
0 0.743023 0.539123 0.0241451 0.0338685 0.251365
0 0.145971 0.652937 0.0209594 0.0281119 0.251121
0 0.82074 0.467595 0.0292383 0.0550089 0.250132
0 0.29983 0.914615 0.0209981 0.0267188 0.2484
0 0.871545 0.406323 0.0157497 0.0286892 0.246393
0 0.142164 0.0149324 0.018089 0.0267253 0.246272
0 0.22579 0.820514 0.0177952 0.0310552 0.245513
0 0.229009 0.969106 0.0204462 0.0371676 0.245149
0 0.0568618 0.899253 0.0137831 0.0273102 0.243525
0 0.790933 0.372621 0.0257292 0.0403255 0.242937
0 0.416696 0.0325281 0.0176183 0.0267465 0.241799
0 0.687768 0.0317929 0.0232422 0.0444292 0.238673
0 0.537663 0.265308 0.0211777 0.0398704 0.237604
0 0.406139 0.398064 0.020171 0.037773 0.236255
0 0.102945 0.0620829 0.0185697 0.0294699 0.235944
0 0.662232 0.731268 0.0290311 0.0479251 0.234864
0 0.198967 0.0213026 0.0292657 0.041507 0.234663
0 0.127574 0.148292 0.0164401 0.0292422 0.234408
0 0.441733 0.0692176 0.0195313 0.0388022 0.234133
0 0.738295 0.85207 0.021592 0.0338774 0.233808
0 0.0862362 0.178477 0.0172633 0.0254785 0.233779
0 0.750945 0.114429 0.0169596 0.0241619 0.232953
0 0.263911 0.953668 0.0238486 0.0392708 0.232614
0 0.289429 0.739432 0.0188297 0.0294166 0.232588
0 0.330976 0.762785 0.0155023 0.0314475 0.232375
0 0.510765 0.126741 0.0271698 0.0442419 0.227431
0 0.173065 0.844927 0.0196813 0.0370397 0.224006
0 0.906179 0.452975 0.0166911 0.0292707 0.223285
0 0.89972 0.484951 0.0236523 0.0340188 0.22278
0 0.315608 0.86818 0.0171045 0.0405813 0.221521
0 0.831667 0.242903 0.0209993 0.0341978 0.220255
0 0.96397 0.164815 0.015353 0.0280772 0.219784
0 0.431592 0.539506 0.0218727 0.0343436 0.219686
0 0.0785588 0.0255416 0.0166561 0.0333703 0.218725
0 0.415754 0.0882785 0.0236113 0.0428647 0.218559
0 0.368452 0.0111354 0.0130967 0.0216914 0.218451
0 0.067264 0.639685 0.0178195 0.0280017 0.21772
0 0.762257 0.86544 0.0158016 0.028045 0.217635
0 0.0131351 0.448844 0.0256021 0.0532594 0.21648
0 0.273155 0.23221 0.0153313 0.0361607 0.213331
0 0.987768 0.562376 0.023786 0.0423459 0.213164
0 0.124674 0.896975 0.0181972 0.0302707 0.212711
0 0.665783 0.852547 0.018456 0.0351047 0.212067
0 0.299899 0.647993 0.0219198 0.038108 0.207834
0 0.0432571 0.874694 0.0185641 0.0243608 0.206456
0 0.221076 0.816304 0.0227027 0.0337633 0.206397
0 0.828853 0.718945 0.0229622 0.0277408 0.203501
0 0.905832 0.111091 0.0232341 0.0433399 0.202642
