0 0.620333 0.953638 0.0700919 0.0242759 0.731041
0 0.0499331 0.832481 0.0928483 0.045747 0.726239
0 0.368613 0.958223 0.0680395 0.0256064 0.723951
0 0.460212 0.955411 0.0724124 0.0222422 0.717574
0 0.347803 0.927905 0.0651757 0.02491 0.703518
0 0.872393 0.981218 0.0516748 0.0192314 0.696013
0 0.877253 0.828868 0.0600147 0.0247348 0.69446
0 0.3665 0.811339 0.0530554 0.0198244 0.69109
0 0.523741 0.92771 0.0644281 0.0242191 0.689801
0 0.166997 0.14362 0.0547615 0.019642 0.68683
0 0.426344 0.807262 0.0483593 0.0197485 0.686203
0 0.255202 0.928875 0.0646868 0.0250065 0.684888
0 0.556019 0.834776 0.0596545 0.0240452 0.683879
0 0.440298 0.927229 0.0664752 0.0250422 0.683071
0 0.489148 0.805902 0.0553227 0.0216381 0.681309
0 0.783355 0.317696 0.0680176 0.0227327 0.681141
0 0.681757 0.830893 0.052347 0.0222153 0.679713
0 0.347036 0.865876 0.0567415 0.0223533 0.678342
0 0.536751 0.954428 0.0573469 0.0226252 0.676303
0 0.622277 0.832213 0.0533629 0.0218859 0.675675
0 0.19799 0.960697 0.0517484 0.0215148 0.675191
0 0.276516 0.95881 0.0622257 0.0226546 0.673945
0 0.733075 0.858551 0.0704537 0.0237553 0.673935
0 0.725981 0.950431 0.0602239 0.022773 0.672229
0 0.245431 0.811445 0.0546488 0.0206451 0.672171
0 0.632951 0.862915 0.0682685 0.0246922 0.670752
0 0.306352 0.811977 0.0525735 0.0206255 0.670584
0 0.881656 0.231199 0.0549155 0.0221554 0.670523
0 0.039144 0.959189 0.0699495 0.0339054 0.670418
0 0.692158 0.982571 0.0527687 0.0201582 0.669588
0 0.159656 0.900103 0.0524021 0.0200932 0.667887
0 0.911731 0.953991 0.06629 0.0236376 0.66752
0 0.0642184 0.107357 0.0517708 0.0182519 0.665688
0 0.535495 0.868371 0.0662812 0.0249891 0.66516
0 0.524599 0.900252 0.0604203 0.0241455 0.663925
0 0.0219052 0.0271323 0.0428701 0.020976 0.662969
0 0.303981 0.0718754 0.049452 0.0188842 0.661891
0 0.532165 0.985477 0.0563688 0.0210068 0.661715
0 0.290741 0.405545 0.0527912 0.0194492 0.661704
0 0.883826 0.862671 0.0497283 0.0213123 0.661481
0 0.610947 0.984028 0.0539398 0.0192299 0.660314
0 0.945427 0.806305 0.0521559 0.0187733 0.660103
0 0.87022 0.269751 0.0514398 0.0210528 0.658536
0 0.303859 0.836811 0.0543189 0.0195293 0.658272
0 0.0786504 0.0382147 0.0480034 0.0193217 0.657992
0 0.71255 0.29339 0.0633439 0.0216309 0.656545
0 0.105908 0.0801648 0.0486037 0.0188641 0.656173
0 0.937387 0.829928 0.0525466 0.0213751 0.655169
0 0.748645 0.830853 0.0517023 0.0215212 0.654859
0 0.720704 0.897365 0.0579634 0.0215796 0.65381
0 0.372564 0.389781 0.0535638 0.0213993 0.653329
0 0.779799 0.982774 0.0503264 0.0206277 0.652372
0 0.758857 0.0213716 0.0492119 0.0198058 0.652117
0 0.13069 0.97926 0.0510414 0.026426 0.651958
0 0.262775 0.784317 0.0502075 0.0195475 0.651352
0 0.928002 0.328019 0.0612552 0.0230785 0.6512
0 0.299269 0.123606 0.0599732 0.0225807 0.650502
0 0.348282 0.0214567 0.048706 0.0215876 0.6505
0 0.14616 0.395069 0.0508121 0.0209872 0.650381
0 0.431589 0.897486 0.0546869 0.0222782 0.650156
0 0.619314 0.902025 0.0616958 0.0240811 0.649758
0 0.889829 0.125667 0.0516449 0.0214316 0.649699
0 0.618381 0.739366 0.0505926 0.0188852 0.648974
0 0.430591 0.836208 0.0561253 0.0212788 0.647614
0 0.339055 0.894786 0.053176 0.0209759 0.646862
0 0.0530273 0.136176 0.0476931 0.020634 0.646462
0 0.0898816 0.0166469 0.0588499 0.017753 0.646443
0 0.821018 0.949742 0.057394 0.022086 0.645967
0 0.954237 0.860909 0.0601143 0.0256804 0.645651
0 0.0423782 0.067918 0.0546813 0.0226747 0.645177
0 0.619365 0.801895 0.0509311 0.0194995 0.644955
0 0.445677 0.0735651 0.0571789 0.0210397 0.644761
0 0.556502 0.804321 0.053656 0.0196108 0.643445
0 0.0291836 0.167276 0.0509373 0.0199148 0.643407
0 0.137086 0.86536 0.0486601 0.0205998 0.643013
0 0.736403 0.926563 0.060226 0.0231695 0.642922
0 0.369248 0.836429 0.0509236 0.0209881 0.642736
0 0.913878 0.363503 0.0557039 0.019935 0.642226
0 0.965999 0.731145 0.0449213 0.0195969 0.641751
0 0.26596 0.47545 0.049954 0.0206246 0.641632
0 0.468469 0.985457 0.0501433 0.0194339 0.640913
0 0.620934 0.927966 0.0640103 0.0235257 0.640725
0 0.526926 0.397415 0.0592427 0.0231723 0.640623
0 0.795443 0.795675 0.058359 0.0231407 0.640391
0 0.230056 0.86066 0.0556055 0.0206955 0.639699
0 0.281665 0.989348 0.0537646 0.0191135 0.639063
0 0.0573763 0.409412 0.0611954 0.0214645 0.63793
0 0.619438 0.024017 0.0528041 0.020226 0.63697
0 0.469549 0.338017 0.050409 0.0186625 0.636606
0 0.128358 0.430249 0.0586503 0.019871 0.636506
0 0.347851 0.756144 0.0451514 0.0162094 0.635558
0 0.815166 0.82846 0.049572 0.0209587 0.634818
0 0.816726 0.856935 0.0551318 0.0216537 0.634469
0 0.615053 0.77162 0.0565904 0.0202354 0.634269
0 0.553874 0.745816 0.0585539 0.0227242 0.63333
0 0.439116 0.0980444 0.0520549 0.0198575 0.63218
0 0.208937 0.986506 0.0558435 0.0210758 0.631828
0 0.191152 0.110887 0.0579043 0.0202914 0.630913
0 0.372169 0.98504 0.0523497 0.020583 0.629838
0 0.629965 0.30923 0.0528103 0.0220337 0.62982
0 0.855199 0.790965 0.0493014 0.0209527 0.629807
0 0.827349 0.725261 0.0512657 0.0177015 0.629714
0 0.949844 0.926134 0.0633309 0.026575 0.629097
0 0.103856 0.505133 0.0501493 0.0202325 0.628569
0 0.975898 0.779916 0.0470899 0.0217527 0.627811
0 0.494708 0.836364 0.0518062 0.0208456 0.626949
0 0.826869 0.924799 0.0682848 0.0237226 0.626282
0 0.732344 0.796211 0.0504866 0.0194587 0.625545
0 0.779028 0.0455935 0.0518946 0.0218613 0.625281
0 0.475302 0.778564 0.0487592 0.0161678 0.624915
0 0.424449 0.00661467 0.0524316 0.0131187 0.624542
0 0.170368 0.0058302 0.0553293 0.0115651 0.624082
0 0.251283 0.897607 0.0554271 0.0194824 0.623308
0 0.686335 0.768276 0.0492482 0.015073 0.622949
0 0.299301 0.366986 0.0521545 0.0211483 0.622422
0 0.800174 0.247349 0.0566891 0.0208698 0.621891
0 0.383271 0.0618422 0.0569224 0.0232751 0.620827
0 0.282526 0.438827 0.0565664 0.0202242 0.620821
0 0.967427 0.563464 0.049684 0.0192326 0.620288
0 0.169662 0.930136 0.054937 0.0182097 0.619828
0 0.915623 0.783833 0.0520656 0.0207213 0.619646
0 0.458471 0.0490821 0.0461118 0.0161237 0.619566
0 0.175653 0.815866 0.043895 0.0179962 0.619523
0 0.24454 0.533701 0.0456696 0.0171427 0.617991
0 0.0261342 0.519643 0.0506079 0.0189685 0.61758
0 0.121255 0.124953 0.0518091 0.0202105 0.617252
0 0.856965 0.304533 0.0494866 0.0220812 0.61634
0 0.551492 0.32223 0.0548556 0.0218148 0.615919
0 0.847367 0.489146 0.0454529 0.0186945 0.615068
0 0.955227 0.896052 0.0596474 0.02383 0.614616
0 0.848096 0.34052 0.0565051 0.0212172 0.614605
0 0.364292 0.107289 0.0581636 0.0165769 0.61385
0 0.0947311 0.155691 0.0604426 0.0223183 0.613752
0 0.402998 0.779569 0.0489549 0.0187447 0.612668
0 0.518623 0.0633304 0.0527353 0.019034 0.611951
0 0.539511 0.0374772 0.0429731 0.0179839 0.611883
0 0.0379339 0.482486 0.0507992 0.0206358 0.609125
0 0.240195 0.835185 0.0472418 0.0190125 0.607552
0 0.441165 0.866269 0.0614923 0.0211121 0.606392
0 0.551207 0.772865 0.0510646 0.0176527 0.604737
0 0.198988 0.784332 0.0494526 0.0184483 0.603697
0 0.385498 0.35268 0.0524839 0.020448 0.602338
0 0.642543 0.0678614 0.0565634 0.0200091 0.602324
0 0.695187 0.330811 0.0542304 0.0197052 0.601438
0 0.445348 0.41209 0.0509971 0.0177637 0.599718
0 0.896473 0.71799 0.0500234 0.0169005 0.599478
0 0.150801 0.252766 0.0486586 0.0182039 0.599258
0 0.145831 0.790109 0.0491353 0.0179519 0.597091
0 0.201151 0.454247 0.0485736 0.0205313 0.596122
0 0.266549 0.561053 0.0461003 0.0177203 0.595904
0 0.27457 0.716291 0.0473689 0.0165245 0.595798
0 0.483516 0.753676 0.0445305 0.0145639 0.595606
0 0.899777 0.0640218 0.0439169 0.0154581 0.594206
0 0.963928 0.752868 0.0527358 0.0172126 0.593971
0 0.832485 0.135686 0.0442624 0.0177492 0.59397
0 0.880545 0.57446 0.0512526 0.020159 0.592181
0 0.140518 0.0967203 0.0528497 0.0208561 0.591075
0 0.119598 0.468486 0.0550011 0.0230294 0.591031
0 0.209809 0.417172 0.0508751 0.0214049 0.590565
0 0.961196 0.217654 0.0491267 0.0191456 0.590427
0 0.575771 0.079257 0.0434104 0.0184793 0.588569
0 0.188433 0.0673477 0.0523999 0.0217874 0.588212
0 0.894522 0.738132 0.0498544 0.0146374 0.588025
0 0.227468 0.380849 0.046999 0.0179985 0.586952
0 0.219672 0.0840565 0.0410727 0.0194141 0.586689
0 0.502789 0.0221759 0.0499907 0.0211993 0.586253
0 0.127764 0.0528571 0.0486559 0.0196085 0.585949
0 0.946536 0.289856 0.0441502 0.0185855 0.584942
0 0.233938 0.134881 0.0515238 0.0248151 0.584875
0 0.707772 0.0573651 0.0525379 0.0191721 0.584617
0 0.139096 0.766518 0.0453336 0.0178163 0.584187
0 0.122299 0.550251 0.0444996 0.0159995 0.583943
0 0.418531 0.0345825 0.0405407 0.0177209 0.583404
0 0.548317 0.30021 0.0489906 0.0174235 0.582135
0 0.762434 0.746752 0.0375846 0.0138941 0.579139
0 0.954294 0.253689 0.0431136 0.0197519 0.578767
0 0.179931 0.835891 0.0469143 0.0162144 0.577781
0 0.606905 0.381023 0.0529997 0.0190624 0.577573
0 0.156148 0.0275237 0.0509593 0.0200676 0.577069
0 0.619959 0.286227 0.0490964 0.0168848 0.576109
0 0.891527 0.758778 0.0517573 0.0145777 0.57507
0 0.960872 0.981926 0.044381 0.0184941 0.574838
0 0.0967017 0.906471 0.0542619 0.0316277 0.572955
0 0.824397 0.762224 0.0481828 0.015282 0.570432
0 0.414536 0.755541 0.0451974 0.0149361 0.569966
0 0.448724 0.374147 0.0481711 0.0175693 0.569853
0 0.141059 0.574792 0.0412776 0.0141476 0.566882
0 0.837228 0.0733888 0.0371286 0.0146457 0.566746
0 0.507229 0.0874485 0.0528162 0.0179552 0.565105
0 0.978534 0.473522 0.0427809 0.018524 0.564356
0 0.102857 0.731653 0.040014 0.016098 0.563551
0 0.366932 0.4243 0.0568965 0.0206331 0.562625
0 0.946098 0.597071 0.0468413 0.0180509 0.562083
0 0.0856496 0.986698 0.0339711 0.0179699 0.559632
0 0.291342 0.498162 0.0419914 0.0149661 0.559072
0 0.678651 0.033143 0.0516118 0.0189559 0.558709
0 0.272618 0.758625 0.0498176 0.0170141 0.556278
0 0.468324 0.316738 0.0424308 0.0175014 0.554766
0 0.366327 0.0855669 0.0519335 0.0198971 0.553432
0 0.33894 0.781935 0.0348448 0.0128561 0.553217
0 0.605772 0.204027 0.0393759 0.0179577 0.552057
0 0.157167 0.193176 0.0416665 0.0148618 0.550799
0 0.614049 0.346128 0.049501 0.0209648 0.549473
0 0.126708 0.226668 0.0370723 0.0141764 0.549327
0 0.197648 0.488495 0.0438997 0.017648 0.547321
0 0.712144 0.0951651 0.0395977 0.0156651 0.546007
0 0.84636 0.0338658 0.054589 0.0211615 0.545204
0 0.35582 0.705702 0.0382551 0.0148352 0.544414
0 0.0530155 0.303325 0.0418234 0.0151457 0.542005
0 0.179226 0.629268 0.055397 0.0222551 0.541937
0 0.837992 0.373937 0.0505552 0.0193935 0.540032
0 0.68954 0.73413 0.0517022 0.0176134 0.538072
0 0.883125 0.545597 0.0459768 0.0196546 0.537533
0 0.743374 0.690439 0.0412762 0.016247 0.536133
0 0.258727 0.00399177 0.0438438 0.0079341 0.53518
0 0.937377 0.419188 0.0420266 0.0140276 0.534741
0 0.0238501 0.00476162 0.0448078 0.00949252 0.533577
0 0.913945 0.394597 0.041643 0.017899 0.533481
0 0.822533 0.889145 0.0506559 0.0189236 0.530653
0 0.814611 0.744365 0.0372323 0.0118854 0.530504
0 0.164728 0.514157 0.0441519 0.0166747 0.530327
0 0.18847 0.725632 0.0418282 0.0186298 0.529861
0 0.816609 0.55143 0.0561859 0.0208697 0.52812
0 0.906931 0.483806 0.0421466 0.0177629 0.527441
0 0.965758 0.710717 0.0460818 0.0155646 0.526224
0 0.757748 0.390298 0.0433843 0.0156781 0.523971
0 0.336819 0.0447453 0.0438306 0.0186802 0.522698
0 0.702391 0.627749 0.0400925 0.0159302 0.52068
0 0.781901 0.495743 0.0410436 0.0146969 0.520651
0 0.354868 0.493077 0.0476963 0.0176288 0.518986
0 0.770056 0.353046 0.0480409 0.0211581 0.518882
0 0.193028 0.0416065 0.0535189 0.0176088 0.518805
0 0.957841 0.0510184 0.041496 0.0150379 0.518549
0 0.982709 0.346681 0.0345827 0.0211967 0.517542
0 0.217554 0.244109 0.037448 0.015336 0.516636
0 0.401171 0.213449 0.0372213 0.0145734 0.515905
0 0.765068 0.145178 0.0405918 0.0137913 0.51568
0 0.669694 0.191931 0.0380093 0.0147463 0.514786
0 0.854995 0.158527 0.0415822 0.0165272 0.511819
0 0.0198735 0.195781 0.0392442 0.0169817 0.510177
0 0.327656 0.553866 0.0420465 0.0166434 0.508747
0 0.460682 0.198552 0.0386218 0.0173925 0.508722
0 0.0295697 0.277072 0.0402454 0.0157909 0.507838
0 0.503961 0.500828 0.0419787 0.0151197 0.507633
0 0.75534 0.765238 0.0479163 0.0137218 0.505975
0 0.29262 0.098252 0.0435531 0.0154207 0.504902
0 0.623851 0.640208 0.0428448 0.0147181 0.502921
0 0.984353 0.50274 0.0312936 0.0168476 0.501918
0 0.151787 0.665338 0.0450222 0.018602 0.501499
0 0.877475 0.892165 0.0462881 0.0193155 0.501449
0 0.783482 0.618204 0.0403042 0.0148872 0.500807
0 0.121582 0.813106 0.0464892 0.0197735 0.500793
0 0.0120234 0.25176 0.0240468 0.0161682 0.500606
0 0.531583 0.36053 0.0473843 0.0190489 0.500098
0 0.0553608 0.558798 0.0430121 0.0172562 0.499696
0 0.313433 0.525752 0.04145 0.0162121 0.498719
0 0.313901 0.00641715 0.0426606 0.0126583 0.497494
0 0.676493 0.799069 0.0503503 0.02078 0.497335
0 0.50823 0.249565 0.0444924 0.0171115 0.494454
0 0.295089 0.67916 0.0438949 0.0172506 0.494386
0 0.105205 0.948328 0.0495621 0.0245465 0.494146
0 0.744712 0.119505 0.0361631 0.013047 0.493808
0 0.540769 0.649647 0.0421494 0.0156526 0.493671
0 0.0634996 0.241072 0.0359662 0.0144048 0.491146
0 0.212415 0.688011 0.0414089 0.0177202 0.490803
0 0.103493 0.527668 0.0379775 0.0131836 0.49038
0 0.566101 0.496818 0.038573 0.0139726 0.487652
0 0.801986 0.111583 0.0424746 0.014999 0.487601
0 0.176415 0.280979 0.0362892 0.0151876 0.486521
0 0.369181 0.245135 0.0362871 0.016112 0.486332
0 0.36888 0.458267 0.0388062 0.0184504 0.486121
0 0.686928 0.370419 0.0457439 0.0170143 0.485048
0 0.405048 0.722269 0.0389412 0.0165794 0.485022
0 0.93249 0.631581 0.0427466 0.0160404 0.48496
0 0.129451 0.696549 0.0471456 0.0162497 0.483046
0 0.983495 0.65615 0.0330091 0.0189951 0.478436
0 0.866207 0.608806 0.041122 0.0158109 0.478119
0 0.0825563 0.325155 0.0526926 0.0175763 0.478055
0 0.0433939 0.362511 0.038054 0.0159791 0.477245
0 0.719461 0.258575 0.0551474 0.0224385 0.475873
0 0.655174 0.51326 0.0406444 0.0163417 0.475329
0 0.0115957 0.0526164 0.0229846 0.0163915 0.47473
0 0.829049 0.678809 0.0494864 0.0173236 0.474086
0 0.578963 0.707353 0.0371698 0.0160666 0.473455
0 0.0297871 0.0900073 0.0448855 0.0181944 0.469998
0 0.152431 0.60285 0.0447295 0.0169783 0.469704
0 0.66442 0.696885 0.0349665 0.0151664 0.469588
0 0.791322 0.27976 0.0415799 0.0160611 0.468507
0 0.202172 0.565943 0.042204 0.0158392 0.466194
0 0.774897 0.0817815 0.0429888 0.0166992 0.466116
0 0.0491888 0.446698 0.0514032 0.0203936 0.46323
0 0.181992 0.541757 0.0355171 0.0133533 0.46312
0 0.923794 0.0879386 0.0460513 0.0163903 0.461915
0 0.737569 0.531684 0.0480604 0.0194494 0.461313
0 0.509881 0.433551 0.04425 0.0196405 0.458487
0 0.0142107 0.590326 0.0281644 0.0174328 0.457754
0 0.821497 0.0155282 0.0486625 0.0203572 0.457679
0 0.485939 0.226782 0.0480993 0.0200819 0.457164
0 0.724798 0.592667 0.0422084 0.0166626 0.456604
0 0.271772 0.0340386 0.0507195 0.0172978 0.456569
0 0.0937958 0.612185 0.047182 0.0183701 0.45647
0 0.844958 0.645128 0.0461997 0.0167866 0.454697
0 0.248931 0.205873 0.0445423 0.0164168 0.453552
0 0.953267 0.533726 0.0361975 0.0163552 0.452866
0 0.520064 0.00290156 0.0509167 0.00574489 0.452541
0 0.980779 0.137364 0.0382312 0.0148836 0.451967
0 0.163241 0.342448 0.0474652 0.0177729 0.450842
0 0.682876 0.664751 0.0433518 0.014765 0.450138
0 0.102033 0.20348 0.032411 0.0123965 0.450079
0 0.113084 0.292073 0.0371477 0.0132921 0.449935
0 0.120112 0.636737 0.0466619 0.0160548 0.449519
0 0.835339 0.214478 0.0390269 0.0137426 0.448378
0 0.676781 0.542149 0.0427369 0.0155336 0.447879
0 0.469575 0.137243 0.0398569 0.0141544 0.447856
0 0.65067 0.107282 0.0373513 0.0136418 0.445592
0 0.0705961 0.582339 0.038269 0.0154001 0.444809
0 0.799813 0.524901 0.0432634 0.0177364 0.444553
0 0.591855 0.115944 0.0364703 0.0137894 0.442195
0 0.136266 0.17319 0.0352738 0.0121279 0.440085
0 0.394572 0.272614 0.0389917 0.0171406 0.438967
0 0.0332637 0.759909 0.0634061 0.0294826 0.43735
0 0.801428 0.586541 0.0423019 0.0148666 0.436585
0 0.642458 0.165706 0.0455632 0.01654 0.43284
0 0.820862 0.197478 0.0368256 0.015151 0.431505
0 0.79374 0.169314 0.0449033 0.0177096 0.430134
0 0.632708 0.228626 0.0369926 0.0123734 0.42768
0 0.370473 0.184728 0.0439702 0.0171744 0.42688
0 0.0421355 0.76926 0.0561726 0.0261956 0.42633
0 0.698011 0.0128259 0.0514742 0.0177229 0.425009
0 0.704428 0.154289 0.0426738 0.0156739 0.424638
0 0.717644 0.504799 0.0390922 0.0167171 0.424576
0 0.713531 0.238378 0.044511 0.0164852 0.424552
0 0.856066 0.403657 0.0464051 0.0195097 0.420141
0 0.484694 0.626539 0.0462324 0.0183626 0.418549
0 0.0203803 0.337947 0.038727 0.0161753 0.418304
0 0.606138 0.674128 0.0396793 0.0153543 0.417314
0 0.769572 0.652195 0.0530836 0.0210707 0.416716
0 0.522429 0.683726 0.0424897 0.0174322 0.412919
0 0.989769 0.952972 0.0198057 0.0203072 0.412406
0 0.622637 0.140714 0.0417273 0.013316 0.411515
0 0.287486 0.615817 0.048634 0.0187378 0.410326
0 0.37863 0.671045 0.0459466 0.0180205 0.40936
0 0.586533 0.578098 0.047911 0.0169302 0.408454
0 0.23736 0.0154532 0.0446842 0.0148768 0.404505
0 0.933733 0.0256472 0.0539382 0.0207763 0.402545
0 0.256807 0.0576695 0.0429669 0.0163565 0.401673
0 0.959868 0.448701 0.0383235 0.0170233 0.398978
0 0.574619 0.242164 0.0461476 0.0166913 0.397603
0 0.350605 0.605558 0.0529458 0.0221529 0.3944
0 0.187823 0.217918 0.0370353 0.0128187 0.394225
0 0.762882 0.472956 0.039198 0.0145498 0.393764
0 0.989101 0.831249 0.0208872 0.0254061 0.393058
0 0.985044 0.0772698 0.0298925 0.0137206 0.392016
0 0.310254 0.335905 0.045692 0.0169406 0.391211
0 0.0836391 0.183099 0.0336045 0.0157656 0.390077
0 0.0917609 0.266246 0.0356359 0.0129704 0.387927
0 0.359188 0.136224 0.0431575 0.017145 0.387473
0 0.559139 0.150077 0.0359971 0.0149256 0.387324
0 0.428669 0.482228 0.0389786 0.0154557 0.382333
0 0.966533 0.192559 0.0449961 0.0152071 0.381755
0 0.866557 0.516409 0.0377201 0.0135441 0.374045
0 0.590021 0.00547227 0.0527794 0.0105886 0.373191
0 0.661183 0.253916 0.042841 0.0159096 0.372387
0 0.496952 0.718235 0.0389496 0.0147656 0.367527
0 0.43771 0.509839 0.0492368 0.0187209 0.366941
0 0.0734365 0.674273 0.0416679 0.0167376 0.366565
0 0.441346 0.4442 0.0385155 0.0157235 0.366533
0 0.779674 0.00508374 0.0712182 0.00994571 0.366083
0 0.988487 0.62168 0.0227912 0.0177737 0.361232
0 0.697483 0.220591 0.043787 0.0170999 0.359963
0 0.292162 0.146943 0.0347623 0.015162 0.358125
0 0.483074 0.562108 0.0417595 0.0177715 0.355879
0 0.909982 0.667785 0.0432404 0.0160379 0.35502
0 0.441887 0.696776 0.0391993 0.0151276 0.348797
0 0.533681 0.585961 0.0423318 0.0168683 0.347876
0 0.597635 0.418595 0.0418587 0.0156818 0.347731
0 0.27375 0.292628 0.0408673 0.0141984 0.346914
0 0.0451412 0.916187 0.0431509 0.0213039 0.342558
0 0.648097 0.605708 0.0443895 0.0152054 0.34148
0 0.329152 0.285452 0.0441175 0.0159779 0.33669
0 0.399202 0.635129 0.0399292 0.0154329 0.336567
0 0.888841 0.0073698 0.0793854 0.0145759 0.336549
0 0.983788 0.386852 0.0324241 0.0168231 0.33515
0 0.750495 0.73024 0.0399439 0.0118269 0.334614
0 0.732007 0.18365 0.0400803 0.0175434 0.332326
0 0.606695 0.0520499 0.0479685 0.0172065 0.331125
0 0.241598 0.271609 0.0381511 0.0145448 0.327443
0 0.430997 0.174053 0.0429006 0.0167537 0.316561
0 0.347782 0.159955 0.0386053 0.0150385 0.315646
0 0.926905 0.510341 0.0413859 0.0161961 0.312649
0 0.218505 0.180055 0.0369012 0.0153068 0.30736
0 0.917997 0.149365 0.0473275 0.0168567 0.306858
0 0.0699466 0.380809 0.032477 0.0140187 0.30447
0 0.277067 0.231746 0.0431258 0.0155036 0.303482
0 0.889411 0.00498422 0.0794291 0.00989183 0.296482
0 0.953442 0.113159 0.0391844 0.0141937 0.29395
0 0.035273 0.539485 0.0355416 0.0133392 0.292256
0 0.542278 0.555463 0.041539 0.0158127 0.291033
0 0.698896 0.480731 0.0390354 0.0146708 0.288059
0 0.377217 0.517451 0.0422739 0.0164507 0.286768
0 0.303008 0.259806 0.0455221 0.0163698 0.28515
0 0.522902 0.527718 0.0421942 0.0164985 0.284804
0 0.768175 0.651785 0.0448339 0.017366 0.284676
0 0.0285686 0.756831 0.0561444 0.0234499 0.282883
0 0.89011 0.20103 0.0464672 0.0161883 0.279922
0 0.677007 0.13157 0.0389659 0.014048 0.279774
0 0.566242 0.615059 0.0430044 0.0156779 0.279507
0 0.86366 0.0976317 0.0376327 0.0144529 0.279163
0 0.0537921 0.643725 0.0451058 0.0163416 0.278005
0 0.945984 0.177242 0.0372297 0.0139714 0.276079
0 0.424449 0.235322 0.0450139 0.0156534 0.273594
0 0.13019 0.834191 0.0357306 0.0132195 0.271229
0 0.109113 0.363437 0.0442263 0.021173 0.265267
0 0.991946 0.806718 0.015564 0.0159029 0.25862
0 0.7495 0.433963 0.107483 0.0346676 0.258496
0 0.478627 0.476917 0.0483525 0.0186727 0.25605
0 0.648749 0.571827 0.0478738 0.0202492 0.254182
0 0.908638 0.159469 0.0557365 0.0205476 0.252987
0 0.695957 0.570454 0.0427175 0.0219778 0.249803
0 0.754443 0.206885 0.0395277 0.0147277 0.242395
0 0.607207 0.545311 0.0436677 0.0164732 0.239864
0 0.497694 0.162343 0.0392059 0.0139249 0.237595
0 0.0121331 0.784691 0.0240995 0.0299908 0.23607
0 0.867319 0.608975 0.048881 0.0191017 0.234528
0 0.14386 0.316498 0.0354369 0.0135739 0.233918
0 0.885404 0.45851 0.0439325 0.016296 0.233678
0 0.568101 0.615061 0.0516347 0.0191385 0.233604
0 0.0393646 0.764501 0.0659692 0.0357466 0.230627
0 0.283163 0.586573 0.0391548 0.0171973 0.22894
0 0.579191 0.181145 0.03982 0.0154709 0.227028
0 0.0963695 0.915926 0.0505338 0.0192961 0.226424
0 0.638169 0.48932 0.0333183 0.0121099 0.222808
0 0.437998 0.508781 0.043002 0.0147827 0.219663
0 0.265559 0.0573958 0.0593217 0.0166729 0.212284
0 0.00799539 0.56547 0.0152273 0.0151777 0.212279
0 0.755295 0.56202 0.0498638 0.019865 0.211107
0 0.468888 0.577245 0.0603993 0.0223944 0.207956
0 0.317831 0.648369 0.0464257 0.0177917 0.207304
0 0.0131278 0.67441 0.026068 0.0214679 0.205375
0 0.203878 0.768499 0.0482334 0.0110067 0.203648
0 0.00978734 0.119888 0.0179618 0.0155631 0.203044
0 0.616163 0.0936411 0.0360631 0.0123103 0.201101
