0 0.617346 0.426569 0.0283861 0.056676 0.688641
0 0.691678 0.264256 0.0300976 0.074561 0.687249
0 0.511201 0.279983 0.027454 0.062102 0.686175
0 0.0799603 0.437065 0.0179354 0.0346828 0.681137
0 0.0688222 0.340404 0.0181657 0.0446359 0.680903
0 0.308248 0.0603841 0.0283833 0.0387392 0.680056
0 0.383429 0.249132 0.0198579 0.0449329 0.678687
0 0.675669 0.185965 0.0212711 0.0459076 0.678211
0 0.608841 0.27327 0.0317722 0.081853 0.675404
0 0.458389 0.306528 0.0203332 0.0551323 0.674676
0 0.438007 0.517763 0.0235828 0.0454453 0.674132
0 0.49221 0.428089 0.0233994 0.0410163 0.672262
0 0.413362 0.197063 0.0194893 0.0412132 0.670289
0 0.176688 0.581363 0.0169945 0.0363678 0.668536
0 0.347736 0.304979 0.0212728 0.0591518 0.666788
0 0.637712 0.13136 0.0209095 0.0480966 0.666743
0 0.525857 0.63214 0.0207043 0.0446834 0.66656
0 0.432001 0.309737 0.0247719 0.0511062 0.664465
0 0.153021 0.606004 0.0208935 0.0453802 0.663932
0 0.399335 0.312247 0.0210003 0.0426273 0.663621
0 0.677665 0.128645 0.0236594 0.05071 0.663467
0 0.239381 0.89177 0.0180436 0.0460381 0.660861
0 0.625265 0.190256 0.023482 0.0591063 0.659389
0 0.361112 0.132029 0.0171663 0.0343947 0.656638
0 0.300004 0.113859 0.0204858 0.0415163 0.655919
0 0.700888 0.168124 0.0244995 0.0533849 0.655444
0 0.295161 0.320855 0.01732 0.0336751 0.654834
0 0.646404 0.243323 0.0199994 0.0398505 0.653309
0 0.422078 0.979363 0.023699 0.0412744 0.648816
0 0.365301 0.0455029 0.0255592 0.0660055 0.648375
0 0.608829 0.0256603 0.0221096 0.0410004 0.64383
0 0.380451 0.179175 0.0199011 0.0450386 0.643619
0 0.303014 0.361532 0.0178322 0.0381272 0.64132
0 0.473693 0.0461368 0.0251034 0.0498357 0.64089
0 0.351364 0.441024 0.0247656 0.0486311 0.639597
0 0.454522 0.686055 0.0240592 0.0494978 0.638816
0 0.489698 0.548292 0.0189336 0.0405381 0.638485
0 0.214706 0.453013 0.0225695 0.040349 0.637514
0 0.256375 0.349649 0.0226257 0.0490499 0.634854
0 0.0576849 0.205615 0.0217037 0.0448074 0.634761
0 0.748716 0.0759732 0.021118 0.0445209 0.633966
0 0.11028 0.418591 0.0188758 0.0356926 0.633172
0 0.142287 0.123169 0.0211843 0.040945 0.632796
0 0.223256 0.27564 0.0169379 0.0293404 0.632629
0 0.381664 0.501318 0.0207522 0.0395097 0.632562
0 0.306369 0.174516 0.0186346 0.0475003 0.630738
0 0.30542 0.691327 0.0168357 0.0323412 0.627449
0 0.139654 0.855461 0.0191834 0.0353935 0.625686
0 0.293749 0.73672 0.0157319 0.0451383 0.624002
0 0.510172 0.342617 0.0225014 0.0497065 0.623987
0 0.248595 0.506511 0.023156 0.0412488 0.623634
0 0.639466 0.285334 0.0198452 0.0383304 0.623153
0 0.0305425 0.10339 0.0236289 0.0391517 0.622704
0 0.0108295 0.575091 0.0183044 0.0374686 0.622027
0 0.271418 0.573385 0.0142538 0.035088 0.620827
0 0.0267102 0.624697 0.0153751 0.0347241 0.61914
0 0.161863 0.884113 0.0148045 0.0389078 0.618277
0 0.437251 0.12779 0.0221478 0.0463186 0.614984
0 0.264065 0.60962 0.0164738 0.0286937 0.611542
0 0.168166 0.160184 0.0269938 0.0684966 0.609906
0 0.168259 0.390335 0.0190145 0.0351841 0.608255
0 0.226404 0.318296 0.0173209 0.0369416 0.607805
0 0.199275 0.663567 0.0157855 0.036223 0.607084
0 0.0259635 0.805152 0.0186543 0.044248 0.60589
0 0.0756092 0.788034 0.0149911 0.0354963 0.604354
0 0.291394 0.498625 0.0181313 0.0344795 0.60394
0 0.52157 0.0587334 0.023652 0.0480535 0.602706
0 0.281163 0.16957 0.0168904 0.0279298 0.601812
0 0.546881 0.518302 0.02349 0.0417849 0.600832
0 0.485758 0.0996501 0.0153151 0.0378982 0.60041
0 0.112129 0.160051 0.0146693 0.0326049 0.600285
0 0.00684178 0.624233 0.0135429 0.0368815 0.598318
0 0.00766812 0.4942 0.0146575 0.0308228 0.59783
0 0.329216 0.244737 0.017649 0.0364055 0.597061
0 0.113292 0.116735 0.0199827 0.0360675 0.596825
0 0.220102 0.596937 0.0176722 0.0340276 0.595624
0 0.250228 0.0624155 0.0186758 0.0414003 0.594234
0 0.469527 0.390222 0.0152283 0.0360562 0.592391
0 0.00619861 0.121399 0.0123972 0.0351474 0.592374
0 0.533023 0.316065 0.0210966 0.0520615 0.591522
0 0.0404731 0.671801 0.0157091 0.0265485 0.591388
0 0.433064 0.262056 0.0171049 0.0354482 0.589676
0 0.0148433 0.239561 0.0190393 0.0348603 0.586445
0 0.701831 0.116291 0.0196696 0.0365634 0.585024
0 0.0888733 0.164854 0.0216067 0.0388731 0.583277
0 0.243703 0.709149 0.0133136 0.0311341 0.582979
0 0.132495 0.587837 0.0184208 0.0391292 0.581828
0 0.610601 0.145079 0.0171234 0.0310543 0.581071
0 0.252421 0.638432 0.0157412 0.028905 0.580871
0 0.14627 0.0139191 0.0229451 0.0278383 0.580596
0 0.0456614 0.335848 0.0195276 0.0436735 0.580577
0 0.585555 0.497457 0.0170433 0.0325731 0.58013
0 0.0906137 0.714209 0.0176078 0.0352128 0.579463
0 0.246253 0.193879 0.0243752 0.0513532 0.579067
0 0.0918495 0.675272 0.0153632 0.0301623 0.578444
0 0.195557 0.837721 0.020808 0.0481478 0.577316
0 0.113245 0.721128 0.0155491 0.0310082 0.576417
0 0.217955 0.492025 0.016157 0.0344438 0.573941
0 0.0721402 0.681446 0.0167574 0.0395429 0.573054
0 0.402756 0.258702 0.0151583 0.0359187 0.572792
0 0.170055 0.350345 0.0153235 0.0292995 0.572661
0 0.0990858 0.464082 0.0165261 0.0273627 0.572545
0 0.648884 0.185576 0.0182794 0.0377315 0.570299
0 0.635165 0.0281641 0.0176847 0.0351393 0.570266
0 0.230001 0.790411 0.020201 0.0415065 0.569873
0 0.101748 0.24502 0.0134716 0.0306556 0.568114
0 0.483769 0.32777 0.0154109 0.0324261 0.566389
0 0.225461 0.695955 0.0165743 0.0377405 0.565325
0 0.761794 0.14903 0.0151489 0.0344871 0.562048
0 0.452245 0.224349 0.015236 0.0399744 0.56025
0 0.324652 0.333898 0.0165195 0.0298301 0.560178
0 0.0777568 0.931878 0.0175873 0.0337708 0.554
0 0.145962 0.3473 0.0167295 0.0352511 0.553792
0 0.143189 0.55518 0.0174275 0.0276639 0.553147
0 0.0767313 0.863163 0.0138662 0.0275675 0.552993
0 0.338963 0.208373 0.0179496 0.0393767 0.552582
0 0.411566 0.556035 0.0272659 0.0435443 0.549631
0 0.242329 0.255334 0.0215952 0.0442073 0.5472
0 0.4184 0.0159214 0.0169302 0.0318428 0.545559
0 0.541541 0.601746 0.0207003 0.0406752 0.545212
0 0.235974 0.575763 0.0136879 0.0302821 0.541571
0 0.206188 0.308902 0.0191628 0.0397316 0.541137
0 0.566551 0.135502 0.0256184 0.0498766 0.539765
0 0.545825 0.474085 0.0185994 0.037791 0.539705
0 0.0655193 0.0994368 0.0208245 0.0321548 0.538114
0 0.0592562 0.489949 0.0184503 0.0291889 0.538037
0 0.436367 0.362469 0.015937 0.0331655 0.537458
0 0.0376049 0.143657 0.0157878 0.0279643 0.536714
0 0.3653 0.349377 0.0157583 0.0400057 0.53444
0 0.0542684 0.888224 0.0151762 0.0366316 0.533321
0 0.0725773 0.268988 0.0150319 0.0291878 0.531316
0 0.0266573 0.315953 0.0213652 0.047437 0.529758
0 0.125666 0.497093 0.018162 0.0319776 0.529399
0 0.403331 0.495238 0.0207528 0.0460431 0.529232
0 0.587598 0.104893 0.0186071 0.0390658 0.527777
0 0.290041 0.212081 0.0123163 0.0266867 0.526895
0 0.45698 0.0856402 0.0202818 0.0361833 0.525717
0 0.0191467 0.0688411 0.0219427 0.0414595 0.522758
0 0.117993 0.251987 0.0144634 0.0255083 0.522294
0 0.0654198 0.144955 0.0159238 0.0278517 0.521061
0 0.414597 0.0988273 0.0221306 0.0413984 0.516985
0 0.49141 0.38146 0.0209402 0.0418382 0.516828
0 0.220375 0.178528 0.0147253 0.0316727 0.516402
0 0.166984 0.461377 0.0162914 0.0312708 0.516026
0 0.264667 0.0393704 0.0154562 0.025399 0.508445
0 0.332794 0.514205 0.0135085 0.0245327 0.506913
0 0.474475 0.478833 0.0185849 0.0370982 0.506819
0 0.651572 0.0150025 0.0137498 0.027595 0.501342
0 0.237887 0.66026 0.0124204 0.0232904 0.498369
0 0.120395 0.912753 0.0160421 0.0298839 0.497209
0 0.0939162 0.129691 0.0151269 0.0260759 0.49699
0 0.606286 0.0868987 0.0189587 0.0462085 0.496762
0 0.455025 0.487079 0.0153058 0.038427 0.496611
0 0.744451 0.282318 0.0208191 0.0412513 0.49579
0 0.0527372 0.735658 0.0127323 0.0318672 0.493345
0 0.121526 0.0266057 0.0142525 0.0339576 0.493329
0 0.66552 0.353478 0.0202026 0.0394149 0.492584
0 0.283295 0.0135064 0.01494 0.0236046 0.491672
0 0.443899 0.182008 0.0165436 0.0320594 0.489698
0 0.446465 0.420299 0.0192722 0.0419638 0.483473
0 0.478855 0.634717 0.0186406 0.0361238 0.481327
0 0.717249 0.0284692 0.0180319 0.0362974 0.478699
0 0.115836 0.530425 0.0139161 0.0255857 0.471919
0 0.394604 0.427671 0.0208906 0.0429494 0.467024
0 0.655935 0.119876 0.0117849 0.0265128 0.466186
0 0.211536 0.52815 0.0184743 0.0240825 0.465094
0 0.107411 0.860457 0.0147351 0.0336302 0.463094
0 0.411439 0.344588 0.0134933 0.0242764 0.462216
0 0.147424 0.394906 0.0128227 0.0269779 0.461521
0 0.261265 0.441407 0.0316992 0.0554431 0.457821
0 0.205366 0.0729436 0.0137196 0.0278701 0.457734
0 0.183271 0.0373731 0.0219021 0.0443895 0.457666
0 0.523059 0.569229 0.0213456 0.0438013 0.45678
0 0.263746 0.387581 0.0139168 0.0287238 0.456035
0 0.0198516 0.66193 0.0170799 0.0277796 0.452487
0 0.28432 0.0844523 0.0132548 0.0223115 0.442982
0 0.17709 0.239744 0.0149038 0.0289708 0.432798
0 0.0584249 0.939365 0.0126906 0.0275339 0.429713
0 0.00635792 0.798832 0.011529 0.0254895 0.426832
0 0.0909431 0.0525572 0.0164996 0.0389504 0.424995
0 0.342794 0.649116 0.0166638 0.0456236 0.422604
0 0.772575 0.089879 0.0242658 0.0565632 0.418736
0 0.379174 0.572692 0.0159128 0.0292471 0.417786
0 0.423666 0.452831 0.021135 0.0441756 0.41612
0 0.191731 0.623278 0.0137377 0.0247962 0.412158
0 0.801245 0.193509 0.014347 0.0320991 0.410836
0 0.12667 0.202574 0.0166047 0.0326609 0.410749
0 0.0213432 0.742452 0.0188629 0.0421519 0.410411
0 0.171244 0.792556 0.0188392 0.0339073 0.407637
0 0.0829204 0.192623 0.013966 0.0208052 0.406503
0 0.417753 0.055503 0.0159109 0.0273638 0.405401
0 0.418175 0.407871 0.0205328 0.0379989 0.403519
0 0.107065 0.0567479 0.015414 0.0360724 0.400737
0 0.51317 0.0130307 0.0319187 0.0252883 0.395745
0 0.350533 0.012456 0.0123352 0.0226874 0.385724
0 0.728324 0.321276 0.0181213 0.0513301 0.385235
0 0.669793 0.0399893 0.0278393 0.0461756 0.385019
0 0.322259 0.547397 0.014734 0.0276609 0.384017
0 0.154658 0.201821 0.0192823 0.0262077 0.38062
0 0.449823 0.960332 0.0295576 0.0592909 0.369101
0 0.627419 0.0654977 0.0139744 0.0240618 0.367141
0 0.0426703 0.0079259 0.029375 0.0158518 0.364105
0 0.265426 0.439622 0.0243774 0.053219 0.36404
0 0.53304 0.226609 0.0186819 0.036399 0.363519
0 0.756971 0.0155804 0.0250985 0.0311608 0.362828
0 0.2848 0.978133 0.0190783 0.0396122 0.360467
0 0.431887 0.227497 0.0169043 0.0300606 0.356968
0 0.0726421 0.0430556 0.0162822 0.0398252 0.348261
0 0.324992 0.755451 0.0171803 0.0451162 0.347537
0 0.0883276 0.545355 0.0242653 0.0360292 0.347266
0 0.503087 0.633178 0.015847 0.0310923 0.344622
0 0.51513 0.530275 0.0207008 0.037933 0.344085
0 0.162032 0.262808 0.0224481 0.0408491 0.340823
0 0.69154 0.0797064 0.0273808 0.0469704 0.340125
0 0.0422773 0.932055 0.0124343 0.0353689 0.338364
0 0.114728 0.81323 0.0187293 0.0352569 0.332454
0 0.0313073 0.874779 0.0167027 0.0366879 0.330273
0 0.333852 0.143786 0.0195125 0.0258573 0.328459
0 0.705511 0.212135 0.0143542 0.0284092 0.326405
0 0.0118467 0.0238742 0.0218527 0.0392136 0.320454
0 0.321812 0.404849 0.0166648 0.037199 0.315419
0 0.196334 0.502538 0.0131999 0.0202386 0.3148
0 0.114709 0.371544 0.0198921 0.0406516 0.309793
0 0.452624 0.553935 0.0160221 0.0317487 0.307907
0 0.781122 0.149357 0.0172925 0.0346753 0.301954
0 0.0826086 0.011765 0.0147391 0.0193027 0.298366
0 0.243603 0.826564 0.0140554 0.0252177 0.295775
0 0.309373 0.809172 0.0282227 0.0616346 0.294659
0 0.0961405 0.973662 0.0260004 0.039212 0.292609
0 0.190053 0.344812 0.0141501 0.0270377 0.291824
0 0.742656 0.231603 0.017708 0.0334897 0.290188
0 0.591403 0.152474 0.0150227 0.0392289 0.285744
0 0.154312 0.822667 0.0143027 0.0331221 0.284045
0 0.0888997 0.906011 0.0130134 0.0223113 0.28313
0 0.187673 0.54583 0.017166 0.0312606 0.278616
0 0.720341 0.0661094 0.0196517 0.0279965 0.276192
0 0.0582041 0.43602 0.0139824 0.0248455 0.274051
0 0.782275 0.027882 0.0334456 0.0557639 0.272611
0 0.0841421 0.0855064 0.012249 0.0184472 0.271868
0 0.192552 0.288571 0.0171086 0.0351953 0.267808
0 0.139176 0.274182 0.0145441 0.0243108 0.261293
0 0.00956029 0.974057 0.0189536 0.0449961 0.26115
0 0.564957 0.477312 0.0119975 0.0240087 0.261107
0 0.533956 0.620263 0.018338 0.0426182 0.259053
0 0.0517324 0.979059 0.0128326 0.0271602 0.253899
0 0.00654403 0.68014 0.0128195 0.0273129 0.252862
0 0.0198977 0.900868 0.0183222 0.026649 0.250656
0 0.407931 0.126709 0.0168207 0.0246492 0.247683
0 0.0262498 0.191652 0.0228877 0.0390687 0.247464
0 0.498484 0.588755 0.0199165 0.0362038 0.243725
0 0.448238 0.9423 0.0326596 0.0970209 0.238337
0 0.215178 0.120953 0.0183854 0.0457051 0.232398
0 0.184314 0.0999221 0.0195689 0.0375358 0.224736
0 0.79983 0.150049 0.018129 0.0382612 0.223931
0 0.441196 0.467465 0.0134384 0.0297299 0.223698
0 0.239101 0.547227 0.0189099 0.0234337 0.215617
0 0.0997147 0.971911 0.0203436 0.0364759 0.212636
0 0.26816 0.826362 0.0186176 0.0409951 0.211916
0 0.230316 0.0172436 0.0134344 0.0269022 0.210892
0 0.0804318 0.485687 0.0139842 0.035054 0.209371
0 0.486653 0.215924 0.0190249 0.0297066 0.206689
0 0.102451 0.204383 0.0121893 0.0216174 0.202968
0 0.275351 0.951189 0.0193751 0.0299754 0.202883
0 0.589372 0.155845 0.0182267 0.0477597 0.201795
