0 0.390843 0.418682 0.0269728 0.0418538 0.71287
0 0.328957 0.748434 0.023801 0.0415103 0.696361
0 0.883215 0.728162 0.0258851 0.0415809 0.689907
0 0.487177 0.459515 0.0288151 0.0512733 0.68909
0 0.305996 0.179397 0.030754 0.0490518 0.679841
0 0.501228 0.934936 0.0213433 0.0343842 0.679353
0 0.353972 0.67342 0.0221464 0.0389494 0.67858
0 0.359076 0.61858 0.0297129 0.0462524 0.678506
0 0.720079 0.197967 0.0253368 0.0448025 0.675896
0 0.0258306 0.756451 0.0249426 0.0496193 0.672863
0 0.018669 0.175933 0.0234923 0.0404448 0.670004
0 0.298541 0.738507 0.0296758 0.0430298 0.668618
0 0.740914 0.598712 0.0240626 0.0383947 0.66796
0 0.532621 0.282257 0.0259518 0.0416168 0.665877
0 0.562293 0.605757 0.0221581 0.0393305 0.665034
0 0.476693 0.324215 0.0202301 0.0348183 0.663248
0 0.352194 0.428781 0.0277021 0.0472382 0.659375
0 0.937127 0.813558 0.0223637 0.041745 0.656717
0 0.113646 0.462448 0.0215954 0.0352417 0.653615
0 0.525654 0.636201 0.0226913 0.0322209 0.653508
0 0.617113 0.931446 0.020057 0.0375916 0.652497
0 0.442069 0.630326 0.0248898 0.0461309 0.649272
0 0.435937 0.424899 0.0247947 0.0424394 0.646002
0 0.00777299 0.502147 0.0155032 0.0509637 0.645924
0 0.619701 0.857363 0.0221539 0.0330234 0.644902
0 0.785201 0.339431 0.0255985 0.0433712 0.644718
0 0.212661 0.788134 0.0230573 0.0416795 0.644683
0 0.615665 0.977908 0.0224806 0.0419648 0.643968
0 0.407254 0.845592 0.024393 0.0491705 0.643084
0 0.194848 0.626221 0.0261616 0.0417638 0.641063
0 0.529379 0.680426 0.0204525 0.0399246 0.639583
0 0.969326 0.149841 0.0226906 0.0392207 0.638669
0 0.590144 0.968392 0.0235418 0.0455695 0.638564
0 0.0453216 0.686773 0.0225362 0.0386485 0.63786
0 0.920851 0.90924 0.0207073 0.0328984 0.637697
0 0.890069 0.150345 0.0242983 0.040578 0.635385
0 0.426151 0.928864 0.0213192 0.0348701 0.635155
0 0.0795175 0.754837 0.0190281 0.0334591 0.634901
0 0.742367 0.0744591 0.0266905 0.0480598 0.634387
0 0.209546 0.281996 0.0212845 0.0365739 0.632773
0 0.216757 0.376535 0.021811 0.0373294 0.63119
0 0.0129254 0.229908 0.0224591 0.0383008 0.630821
0 0.465505 0.581445 0.0204769 0.0338814 0.630568
0 0.246671 0.555613 0.0227156 0.043601 0.628789
0 0.565619 0.554066 0.0265703 0.0425336 0.626979
0 0.14711 0.792812 0.0198174 0.031485 0.626368
0 0.0139791 0.594007 0.0234433 0.041544 0.624875
0 0.00700899 0.328207 0.014018 0.0366274 0.624363
0 0.472721 0.811657 0.0228242 0.0408413 0.622001
0 0.1672 0.633356 0.0200046 0.034168 0.618859
0 0.67913 0.655912 0.0257737 0.0421087 0.617339
0 0.639098 0.104127 0.0193483 0.0338866 0.615615
0 0.380628 0.0462205 0.0267858 0.0397794 0.615343
0 0.224811 0.914531 0.0212069 0.0346788 0.611974
0 0.534882 0.0215625 0.0342615 0.0425176 0.611119
0 0.113833 0.299353 0.0199363 0.0364126 0.607743
0 0.196698 0.864199 0.0241907 0.0429077 0.607257
0 0.630446 0.703095 0.0239315 0.0395517 0.605218
0 0.141177 0.620106 0.0179496 0.0341719 0.601525
0 0.847107 0.473345 0.0180626 0.0338707 0.600658
0 0.598082 0.588669 0.0222611 0.034532 0.600395
0 0.165925 0.552779 0.0206346 0.0324496 0.599967
0 0.609096 0.406107 0.0183535 0.0357817 0.593216
0 0.836907 0.594839 0.0194377 0.0355261 0.591213
0 0.863062 0.581826 0.0144377 0.0339648 0.590868
0 0.634003 0.0158727 0.0211269 0.0317453 0.59017
0 0.130702 0.957618 0.0204564 0.0329375 0.586775
0 0.176389 0.818287 0.0267715 0.0421882 0.583848
0 0.789878 0.538881 0.0172157 0.0301749 0.583747
0 0.535714 0.602806 0.0160604 0.028447 0.583605
0 0.622433 0.182389 0.0348422 0.0477979 0.583577
0 0.412855 0.466247 0.0199429 0.0363282 0.582759
0 0.520315 0.819457 0.0254101 0.0480591 0.58233
0 0.494248 0.798227 0.0170267 0.0320684 0.581951
0 0.239469 0.158666 0.0262058 0.0460347 0.581685
0 0.906143 0.498041 0.0150284 0.0290154 0.581338
0 0.883061 0.335819 0.0166401 0.0410732 0.580306
0 0.900337 0.949463 0.0176937 0.0399875 0.577999
0 0.21557 0.980861 0.0251099 0.0343662 0.577118
0 0.878364 0.683846 0.016976 0.0290514 0.576504
0 0.458954 0.52761 0.0173807 0.0301302 0.576129
0 0.850929 0.700294 0.0174282 0.0322455 0.574039
0 0.526415 0.986994 0.0191676 0.0250335 0.573822
0 0.510014 0.55029 0.0232134 0.0349787 0.573793
0 0.568827 0.859611 0.0238644 0.0343094 0.573541
0 0.601287 0.808432 0.0187576 0.0305805 0.570662
0 0.766155 0.797837 0.0259464 0.0371101 0.570139
0 0.662029 0.708236 0.0295877 0.0512197 0.567568
0 0.268753 0.166715 0.0213711 0.0330434 0.566726
0 0.384429 0.882056 0.0150955 0.0255941 0.566142
0 0.137451 0.46923 0.0139739 0.0258438 0.564704
0 0.4573 0.955278 0.0269538 0.0457859 0.564648
0 0.430253 0.736007 0.0248978 0.0435394 0.564115
0 0.0850981 0.383439 0.0160494 0.0299399 0.563084
0 0.919662 0.845579 0.0168108 0.0323334 0.562938
0 0.136466 0.747588 0.0192538 0.0346958 0.56219
0 0.430697 0.253429 0.0188234 0.0292165 0.560492
0 0.796652 0.504492 0.0180712 0.0316235 0.558752
0 0.486698 0.523968 0.0227005 0.0405884 0.557088
0 0.80396 0.72069 0.0210949 0.0333455 0.55295
0 0.8949 0.424227 0.0247112 0.0430072 0.552507
0 0.186135 0.540507 0.0120667 0.0250081 0.549079
0 0.459093 0.457415 0.0197712 0.0327392 0.546731
0 0.578601 0.9177 0.0227228 0.0401464 0.5465
0 0.740393 0.737722 0.0271732 0.0536655 0.546177
0 0.10851 0.952355 0.0191809 0.0377999 0.545843
0 0.38078 0.365228 0.01827 0.0318649 0.54563
0 0.600134 0.925376 0.0124575 0.0260705 0.545001
0 0.792452 0.835095 0.0193604 0.0386586 0.544005
0 0.236217 0.948801 0.0223345 0.0291602 0.543891
0 0.71595 0.326987 0.0313427 0.0552051 0.541346
0 0.0984604 0.650543 0.0292912 0.0488855 0.541311
0 0.515075 0.175081 0.0191024 0.0315221 0.541092
0 0.55558 0.959731 0.017947 0.0360145 0.541009
0 0.201142 0.576938 0.0160374 0.0271421 0.539455
0 0.54578 0.207336 0.0221443 0.0348669 0.539316
0 0.435722 0.0966391 0.0172123 0.0270945 0.537572
0 0.798717 0.785271 0.0210327 0.0328186 0.536904
0 0.0349411 0.515521 0.0231203 0.0410859 0.535936
0 0.177936 0.587691 0.0195594 0.0327326 0.535719
0 0.505773 0.28137 0.0215418 0.035861 0.532749
0 0.0538057 0.750683 0.0217087 0.029863 0.526348
0 0.689593 0.717476 0.017527 0.0315898 0.526207
0 0.922329 0.309517 0.0179134 0.033631 0.525507
0 0.955396 0.79448 0.01509 0.0284502 0.524581
0 0.894528 0.302692 0.0188217 0.0336184 0.521055
0 0.894265 0.817611 0.0217346 0.0371809 0.52052
0 0.611194 0.88992 0.0187939 0.027329 0.519947
0 0.108124 0.705806 0.0238849 0.0319675 0.516342
0 0.594594 0.848029 0.0162009 0.0280765 0.51556
0 0.512902 0.0958877 0.0266685 0.0481763 0.512103
0 0.573118 0.0666095 0.0226267 0.0380737 0.510148
0 0.421521 0.60247 0.016144 0.032968 0.507494
0 0.604805 0.779124 0.0166752 0.0269433 0.505033
0 0.923759 0.620742 0.0189392 0.0342402 0.504434
0 0.744368 0.0113796 0.0187656 0.0227592 0.504158
0 0.461447 0.409305 0.0218575 0.038855 0.50038
0 0.321303 0.952624 0.0253905 0.0354679 0.500368
0 0.906514 0.692905 0.0179704 0.0271579 0.499203
0 0.452848 0.0826709 0.0178342 0.0340575 0.499048
0 0.573002 0.342065 0.0218472 0.0342912 0.497587
0 0.802531 0.465769 0.023149 0.039103 0.497258
0 0.174654 0.94731 0.0233133 0.0360107 0.497116
0 0.617381 0.600975 0.0188812 0.0337286 0.494879
0 0.399366 0.727947 0.0252163 0.0455851 0.492079
0 0.254105 0.0372749 0.0178168 0.0298258 0.491635
0 0.670025 0.248012 0.0293049 0.0443402 0.490579
0 0.520352 0.919151 0.0159136 0.0294445 0.490565
0 0.693801 0.9631 0.0166225 0.0247281 0.489891
0 0.726422 0.0220715 0.0192047 0.033676 0.488963
0 0.0257066 0.449487 0.019386 0.0375463 0.488612
0 0.878466 0.929953 0.0220947 0.0356235 0.488402
0 0.327901 0.568704 0.0193657 0.0369052 0.487165
0 0.592989 0.0129403 0.023317 0.0258381 0.486315
0 0.0777321 0.627663 0.0157527 0.0332873 0.483706
0 0.855378 0.39532 0.0237839 0.0395551 0.48206
0 0.591159 0.886794 0.014982 0.0293718 0.480307
0 0.854646 0.81372 0.0147846 0.0251366 0.479472
0 0.355065 0.986491 0.01797 0.0257426 0.477244
0 0.00452989 0.446362 0.00905021 0.0359216 0.47668
0 0.0725309 0.688963 0.0254818 0.0278454 0.473277
0 0.548518 0.681642 0.0173231 0.0311684 0.472126
0 0.518408 0.73802 0.0212823 0.0432587 0.471472
0 0.749586 0.325736 0.02089 0.0322732 0.471284
0 0.792583 0.956611 0.0212698 0.037852 0.467982
0 0.12879 0.586069 0.0262033 0.0359733 0.467573
0 0.991562 0.799603 0.0166363 0.030049 0.466811
0 0.72335 0.137611 0.0183126 0.033179 0.458964
0 0.467171 0.763457 0.0152055 0.0274794 0.452842
0 0.908949 0.346246 0.0221796 0.0380242 0.452558
0 0.700677 0.241711 0.0225567 0.0344285 0.451191
0 0.430586 0.0104612 0.0219814 0.0209224 0.449493
0 0.830906 0.949753 0.0221682 0.0342428 0.448767
0 0.813902 0.901952 0.0174938 0.0277837 0.448384
0 0.993971 0.0615467 0.0120575 0.0431998 0.446744
0 0.751549 0.29039 0.0272606 0.03756 0.444747
0 0.10533 0.563408 0.0173609 0.0285855 0.444088
0 0.630004 0.622329 0.02269 0.0388791 0.443794
0 0.00565982 0.757411 0.0112928 0.0417226 0.439869
0 0.132555 0.91685 0.0167241 0.0307119 0.439799
0 0.351934 0.949244 0.0159473 0.0271804 0.438866
0 0.188167 0.921646 0.0184245 0.030201 0.437939
0 0.454496 0.792292 0.0155193 0.0297584 0.436679
0 0.638655 0.965986 0.0205016 0.033345 0.434145
0 0.403971 0.575066 0.0217109 0.0370585 0.434089
0 0.641095 0.826598 0.02449 0.035925 0.431477
0 0.82627 0.751617 0.0224636 0.0338062 0.431327
0 0.70958 0.933337 0.0205718 0.0320528 0.427474
0 0.713568 0.430334 0.0139037 0.0271837 0.424357
0 0.879977 0.635193 0.0177387 0.030157 0.422489
0 0.00695913 0.983037 0.0138313 0.0321741 0.420601
0 0.828883 0.987736 0.0184427 0.0236508 0.420315
0 0.0243405 0.36879 0.0199771 0.0328632 0.417187
0 0.597768 0.529061 0.0229703 0.0403905 0.410384
0 0.851437 0.330539 0.0169895 0.0306072 0.4101
0 0.940776 0.871568 0.0179516 0.0314284 0.4091
0 0.888329 0.989764 0.0198692 0.0198866 0.407444
0 0.65244 0.643589 0.0219656 0.0352247 0.406386
0 0.721873 0.6737 0.0204367 0.0308212 0.405803
0 0.0916424 0.6116 0.0152828 0.024482 0.405721
0 0.47352 0.69673 0.0183583 0.0294798 0.404458
0 0.475819 0.623781 0.0197905 0.0362693 0.404237
0 0.0639177 0.479549 0.0176114 0.0325551 0.403793
0 0.088103 0.470172 0.0231973 0.0410294 0.403285
0 0.824939 0.875884 0.0204426 0.0329007 0.402995
0 0.967258 0.925662 0.0150929 0.0230262 0.399206
0 0.677894 0.104994 0.0192974 0.0303776 0.398963
0 0.691105 0.514952 0.0257124 0.0524914 0.397873
0 0.582947 0.283971 0.0284861 0.0447032 0.397711
0 0.491483 0.683798 0.020158 0.0294003 0.39641
0 0.511559 0.878996 0.0214503 0.0394151 0.395947
0 0.618552 0.549538 0.0188561 0.0347851 0.390615
0 0.749164 0.951881 0.0168406 0.031842 0.386939
0 0.822549 0.826668 0.0142223 0.0267632 0.386633
0 0.263855 0.594685 0.018068 0.0313957 0.385461
0 0.102391 0.90934 0.017109 0.0289215 0.385131
0 0.797667 0.285363 0.0166561 0.0305367 0.38465
0 0.663699 0.761347 0.0136044 0.026298 0.384256
0 0.659645 0.49327 0.0208499 0.0365831 0.383701
0 0.865986 0.770828 0.0223244 0.0361215 0.383027
0 0.0258934 0.293509 0.0149782 0.0288465 0.382789
0 0.716877 0.729944 0.0145056 0.0324721 0.381294
0 0.430321 0.129064 0.0171324 0.0316014 0.378675
0 0.0315714 0.923331 0.0155798 0.0265649 0.377438
0 0.731509 0.951253 0.0186673 0.0327584 0.376757
0 0.860332 0.0473107 0.0163288 0.0274424 0.376004
0 0.376675 0.300287 0.0128747 0.0302135 0.37358
0 0.205957 0.83515 0.0163467 0.0263784 0.373278
0 0.468499 0.0540295 0.0188753 0.027413 0.371754
0 0.943967 0.616939 0.0159987 0.0273458 0.367331
0 0.539639 0.544981 0.0165025 0.0268438 0.365595
0 0.552453 0.81624 0.0203519 0.0303653 0.364673
0 0.926174 0.733771 0.0186649 0.0324465 0.364225
0 0.218073 0.217258 0.0197835 0.0354022 0.362892
0 0.686561 0.866078 0.0222958 0.0455277 0.362405
0 0.230465 0.850198 0.0214095 0.0472907 0.361991
0 0.34614 0.511691 0.0217893 0.0404678 0.361161
0 0.827597 0.0819412 0.0161419 0.0283729 0.360799
0 0.763799 0.93296 0.0150216 0.0267592 0.360375
0 0.133232 0.433012 0.0177514 0.0268048 0.360314
0 0.855751 0.969407 0.0188198 0.0351958 0.356651
0 0.238454 0.495881 0.0137411 0.0225866 0.355658
0 0.245234 0.670359 0.018983 0.0348428 0.35384
0 0.834446 0.521363 0.0178112 0.0276321 0.351866
0 0.474157 0.370001 0.0112642 0.022673 0.349238
0 0.326071 0.628263 0.0227157 0.0426526 0.348366
0 0.0277984 0.650273 0.021939 0.0344488 0.348208
0 0.828373 0.946856 0.0232067 0.041394 0.348013
0 0.746376 0.526386 0.0268322 0.0427756 0.346612
0 0.0274957 0.368372 0.0248871 0.0395355 0.34509
0 0.856954 0.857378 0.0187168 0.0315508 0.340244
0 0.538794 0.430756 0.0187113 0.0314703 0.337243
0 0.763936 0.975937 0.0180349 0.0273366 0.336761
0 0.487489 0.117723 0.0171633 0.0298788 0.336538
0 0.436223 0.517512 0.0175089 0.0274584 0.336447
0 0.991649 0.906872 0.0160001 0.0244507 0.334187
0 0.159474 0.862066 0.0163571 0.0301073 0.33395
0 0.669617 0.895104 0.0161703 0.0245049 0.333653
0 0.36573 0.555654 0.0283039 0.050021 0.331864
0 0.047505 0.586238 0.0148778 0.0343253 0.330968
0 0.711926 0.730068 0.0219911 0.0320879 0.329325
0 0.282974 0.711718 0.0161942 0.0335507 0.328486
0 0.0032119 0.172143 0.00632197 0.047764 0.327313
0 0.0666135 0.575916 0.0186743 0.032757 0.327225
0 0.630202 0.740404 0.0170765 0.02431 0.326428
0 0.916107 0.102386 0.0197279 0.035329 0.325652
0 0.0352615 0.418443 0.0150998 0.0302856 0.323086
0 0.00810404 0.0459212 0.0159859 0.0282687 0.322877
0 0.942699 0.328299 0.0180141 0.0300973 0.319071
0 0.435693 0.681982 0.0210716 0.0301117 0.31891
0 0.256833 0.982941 0.0138346 0.0319135 0.31712
0 0.852456 0.735275 0.0218491 0.0266015 0.313288
0 0.297016 0.683846 0.0214744 0.0346903 0.313165
0 0.763904 0.598891 0.0164141 0.0317545 0.3114
0 0.728293 0.489528 0.0282103 0.0394339 0.311221
0 0.613549 0.355943 0.0153694 0.0239178 0.310772
0 0.638923 0.930242 0.0132929 0.0266781 0.308351
0 0.290428 0.924127 0.0256272 0.0464402 0.306352
0 0.712487 0.785962 0.0178167 0.0276837 0.305735
0 0.0321191 0.616718 0.0136788 0.0229211 0.30477
0 0.284255 0.594516 0.0182083 0.0298496 0.304094
0 0.6923 0.147992 0.0242219 0.0338275 0.302399
0 0.630011 0.396172 0.0137367 0.0264709 0.297944
0 0.489849 0.419423 0.0152931 0.0201389 0.294001
0 0.984504 0.12653 0.0127872 0.0240553 0.293628
0 0.413429 0.117453 0.0189447 0.0440954 0.292775
0 0.715959 0.532644 0.0189613 0.0338875 0.285871
0 0.105539 0.909656 0.0155952 0.0283061 0.282112
0 0.764437 0.667992 0.0161764 0.0268172 0.281862
0 0.643606 0.422222 0.0209887 0.036224 0.279985
0 0.996311 0.511762 0.00737877 0.0308058 0.278243
0 0.99348 0.550158 0.0130397 0.0292094 0.277418
0 0.386493 0.337699 0.012995 0.0226271 0.273392
0 0.5022 0.977119 0.0172956 0.0279613 0.271654
0 0.423872 0.217877 0.0197964 0.0339904 0.269593
0 0.826998 0.870235 0.0244625 0.0394331 0.267161
0 0.122687 0.629013 0.0143336 0.0276971 0.266799
0 0.498105 0.604512 0.0195242 0.0323212 0.264929
0 0.968686 0.681119 0.016583 0.0242279 0.261164
0 0.621308 0.767907 0.0108899 0.0275755 0.260816
0 0.180608 0.314806 0.0161318 0.026408 0.25946
0 0.532893 0.791163 0.0198667 0.0283281 0.258813
0 0.694569 0.761916 0.0135813 0.0271167 0.258365
0 0.530544 0.495813 0.0262851 0.0464225 0.257602
0 0.547793 0.319418 0.0155159 0.0257325 0.256909
0 0.489123 0.393359 0.0157484 0.0276749 0.252414
0 0.840623 0.153421 0.0139738 0.0278252 0.249971
0 0.231108 0.857995 0.0220423 0.0406125 0.249274
0 0.777201 0.58529 0.0129363 0.0293347 0.249167
0 0.106939 0.519906 0.016384 0.0270903 0.248325
0 0.633169 0.619001 0.0188363 0.035344 0.247916
0 0.0461854 0.637614 0.0179967 0.0336227 0.247669
0 0.70647 0.473811 0.0201206 0.0259174 0.246567
0 0.797349 0.566468 0.021917 0.0313014 0.246165
0 0.423873 0.185875 0.0187288 0.0281768 0.241022
0 0.836544 0.803153 0.0130661 0.0258928 0.239954
0 0.359818 0.298576 0.0181735 0.0316483 0.239788
0 0.389815 0.288094 0.0148638 0.0272404 0.239397
0 0.353812 0.772989 0.028646 0.0531216 0.239296
0 0.558277 0.640403 0.0149459 0.0217584 0.239032
0 0.786545 0.192051 0.0204081 0.0340454 0.236048
0 0.106832 0.843586 0.0245038 0.0422838 0.235787
0 0.279402 0.710852 0.0217065 0.0368764 0.235742
0 0.657482 0.239456 0.0150987 0.0266261 0.235569
0 0.696415 0.543721 0.0158625 0.0243383 0.235093
0 0.834516 0.228025 0.022282 0.041369 0.233151
0 0.146532 0.919594 0.0168177 0.0371012 0.231072
0 0.906554 0.723816 0.0134186 0.0219354 0.230302
0 0.88541 0.570342 0.0232825 0.0342395 0.229945
0 0.724115 0.496103 0.0244177 0.031989 0.229708
0 0.777564 0.704279 0.0181598 0.0266086 0.227934
0 0.744304 0.531085 0.0225538 0.0352098 0.226971
0 0.316259 0.518522 0.0143981 0.0253362 0.223464
0 0.293293 0.973843 0.021117 0.039585 0.223323
0 0.451868 0.791384 0.0209651 0.0324681 0.222572
0 0.764465 0.760547 0.0197155 0.0311188 0.221322
0 0.659778 0.240303 0.0179523 0.0301751 0.221266
0 0.273579 0.402902 0.017642 0.0252297 0.22019
0 0.819236 0.512002 0.0145996 0.0242147 0.219791
0 0.0727542 0.446518 0.0135845 0.0259197 0.218612
0 0.539918 0.896905 0.0220215 0.0393524 0.218162
0 0.0997829 0.91125 0.017585 0.0290232 0.215705
0 0.560152 0.491861 0.0226479 0.0391824 0.214667
0 0.816957 0.897975 0.0164303 0.0224816 0.211388
0 0.59296 0.639042 0.0143723 0.0270003 0.210622
0 0.988902 0.955877 0.0179079 0.0311293 0.205748
0 0.465706 0.406526 0.0248508 0.0415083 0.205569
0 0.119753 0.496642 0.0136956 0.020338 0.205437
0 0.566839 0.991624 0.0151842 0.0156956 0.205357
0 0.271512 0.626969 0.0159692 0.0267406 0.204438
0 0.751158 0.520608 0.0338052 0.0473521 0.203672
0 0.707816 0.46984 0.0211501 0.0291523 0.203421
0 0.102937 0.648466 0.0211077 0.0438288 0.203417
0 0.601799 0.780664 0.0205235 0.025847 0.203322
0 0.150441 0.982486 0.0155313 0.0311509 0.202489
0 0.99504 0.878375 0.00991923 0.0253893 0.202352
0 0.765794 0.756963 0.0196247 0.0291718 0.201955
0 0.67344 0.794733 0.0213664 0.0365311 0.201759
0 0.821744 0.750428 0.0237816 0.0334613 0.200055
