0 0.0461115 0.229373 0.021981 0.0394965 0.716084
0 0.951933 0.870501 0.0248205 0.0409943 0.694344
0 0.864069 0.643841 0.0304199 0.0653171 0.689005
0 0.144983 0.776285 0.0183583 0.0325202 0.673612
0 0.0718352 0.788103 0.0215686 0.038277 0.669492
0 0.0968649 0.887148 0.02145 0.0415949 0.668649
0 0.66114 0.953614 0.0265049 0.0426561 0.665548
0 0.963725 0.776016 0.0217232 0.0380252 0.663562
0 0.249566 0.816311 0.0189956 0.038268 0.662496
0 0.975677 0.501815 0.0264378 0.0450684 0.662255
0 0.442186 0.460523 0.0206171 0.0357525 0.66202
0 0.955831 0.914086 0.0194515 0.0328573 0.660653
0 0.43363 0.64302 0.0307776 0.0622557 0.660262
0 0.348974 0.221283 0.0166231 0.0423237 0.65943
0 0.644917 0.649007 0.0285358 0.049524 0.65796
0 0.280441 0.171412 0.0192159 0.0363994 0.657702
0 0.42477 0.57435 0.0216432 0.0433543 0.655374
0 0.521937 0.0927233 0.0281584 0.0435438 0.654901
0 0.280784 0.301504 0.0197978 0.0370341 0.652931
0 0.242798 0.307114 0.0199514 0.0352332 0.650513
0 0.679708 0.46755 0.0229874 0.0365212 0.649328
0 0.821058 0.209684 0.0239858 0.0424302 0.649195
0 0.932984 0.741415 0.0197269 0.0390611 0.64736
0 0.0795425 0.266143 0.0214025 0.0439181 0.647089
0 0.0637798 0.829284 0.0198964 0.034269 0.646953
0 0.237223 0.544266 0.0144188 0.0298648 0.645818
0 0.23977 0.591605 0.0206116 0.0365089 0.640527
0 0.234598 0.351319 0.0231906 0.0402847 0.635443
0 0.501188 0.794692 0.0209179 0.0358365 0.635233
0 0.72696 0.792962 0.0189392 0.0352917 0.632723
0 0.906523 0.756686 0.0210342 0.0403633 0.631044
0 0.20375 0.646919 0.0164064 0.030547 0.62975
0 0.915017 0.178829 0.0181145 0.0328346 0.629525
0 0.727222 0.697767 0.0206131 0.0442434 0.629429
0 0.384829 0.733002 0.0221976 0.047389 0.629019
0 0.0552279 0.169914 0.0204111 0.0377397 0.62868
0 0.34303 0.625569 0.0274461 0.044879 0.628552
0 0.937271 0.587225 0.0181026 0.032396 0.628154
0 0.919093 0.490687 0.0181541 0.042021 0.626863
0 0.606638 0.396263 0.030824 0.0564382 0.623602
0 0.962593 0.831706 0.0213108 0.0287384 0.620553
0 0.653843 0.452739 0.0199703 0.0363027 0.620341
0 0.200878 0.254398 0.0150087 0.0305909 0.619057
0 0.227412 0.172242 0.02106 0.0362909 0.618835
0 0.0894175 0.954786 0.0259812 0.0513115 0.618557
0 0.979321 0.872027 0.0194859 0.0356944 0.617566
0 0.980833 0.631264 0.0137793 0.0370965 0.617412
0 0.674958 0.0815517 0.0191842 0.0344295 0.616555
0 0.402981 0.0956829 0.0197831 0.0387195 0.615224
0 0.0556638 0.699178 0.0212657 0.0431095 0.614228
0 0.738511 0.981673 0.0166496 0.0331414 0.612588
0 0.188119 0.115658 0.0213708 0.0370689 0.612209
0 0.733437 0.949294 0.0143026 0.0264846 0.610767
0 0.255306 0.527096 0.0159521 0.0305889 0.61034
0 0.223123 0.8261 0.0181764 0.0366035 0.609791
0 0.126968 0.486136 0.0205999 0.0391496 0.607786
0 0.19155 0.336871 0.0195324 0.0352563 0.606555
0 0.73555 0.547704 0.0209692 0.0396475 0.606262
0 0.914578 0.362043 0.0216618 0.0372524 0.605909
0 0.366594 0.0822488 0.0202845 0.0318922 0.605083
0 0.547506 0.887288 0.0236578 0.038462 0.604031
0 0.214558 0.475492 0.0143978 0.027331 0.602723
0 0.80096 0.553661 0.0158861 0.0288222 0.601273
0 0.370424 0.403612 0.0175281 0.0326089 0.601183
0 0.0152763 0.321765 0.0249466 0.0371255 0.600893
0 0.206598 0.87559 0.0193782 0.0319784 0.600471
0 0.430179 0.234338 0.0170537 0.0264744 0.600176
0 0.315098 0.963981 0.0171512 0.0323261 0.599252
0 0.944077 0.792009 0.0196648 0.0415687 0.598861
0 0.956924 0.416153 0.0184662 0.0320855 0.598786
0 0.611772 0.248602 0.0199402 0.0382117 0.59873
0 0.276706 0.762157 0.0130301 0.0300873 0.598537
0 0.0549872 0.486988 0.0175669 0.0373267 0.595995
0 0.314071 0.211651 0.0132909 0.0273617 0.595352
0 0.942785 0.349915 0.018906 0.0323985 0.595072
0 0.902696 0.211151 0.014296 0.026229 0.592983
0 0.349643 0.370124 0.0203567 0.0399325 0.592331
0 0.787568 0.428468 0.015183 0.0346664 0.592078
0 0.476397 0.606134 0.0183458 0.0354001 0.591109
0 0.407586 0.668811 0.0152606 0.0262692 0.590426
0 0.692913 0.513818 0.0184673 0.034442 0.589703
0 0.891819 0.395668 0.0225983 0.0383273 0.589535
0 0.293423 0.470831 0.0149184 0.0320767 0.588434
0 0.407024 0.760995 0.0187393 0.0358487 0.587789
0 0.347921 0.951546 0.0337983 0.0673485 0.587768
0 0.212136 0.361623 0.0152102 0.031133 0.586536
0 0.959964 0.0902226 0.0190695 0.0373781 0.586336
0 0.475151 0.259395 0.0241276 0.0429181 0.585647
0 0.0123113 0.807979 0.0171717 0.0286068 0.585575
0 0.915601 0.947587 0.0161533 0.0305159 0.585311
0 0.362183 0.455926 0.0191707 0.0321981 0.584998
0 0.821159 0.51811 0.0134945 0.0334835 0.584853
0 0.380091 0.111206 0.0167962 0.0336572 0.584411
0 0.366808 0.150906 0.0193373 0.0408412 0.584205
0 0.716865 0.97852 0.0202325 0.0352668 0.583936
0 0.391379 0.485567 0.0177585 0.0346458 0.583924
0 0.485842 0.455323 0.0170651 0.0323464 0.583641
0 0.27944 0.793679 0.0193737 0.0274689 0.583395
0 0.78192 0.485242 0.0178364 0.0326821 0.583338
0 0.993109 0.197651 0.0137817 0.0358561 0.582985
0 0.87505 0.972362 0.0174974 0.0325532 0.581838
0 0.137197 0.273065 0.016247 0.0287335 0.580614
0 0.309664 0.759935 0.0169184 0.0301336 0.580311
0 0.208196 0.785815 0.0170177 0.0351173 0.58012
0 0.348883 0.0780838 0.0127982 0.0307663 0.580093
0 0.0383924 0.559778 0.0201457 0.0369512 0.579594
0 0.842243 0.147877 0.0202469 0.0384738 0.579097
0 0.965663 0.446648 0.0163736 0.0321277 0.57896
0 0.920841 0.238338 0.0178027 0.033842 0.578628
0 0.0393803 0.512188 0.0164673 0.0303035 0.5785
0 0.23489 0.758447 0.0163553 0.0317864 0.577291
0 0.176196 0.984482 0.0215278 0.0301652 0.576616
0 0.688713 0.38999 0.0214263 0.0419498 0.574933
0 0.668193 0.418201 0.0203148 0.0339296 0.574307
0 0.136928 0.938948 0.017281 0.0350467 0.573894
0 0.168069 0.744869 0.0181053 0.0330349 0.568836
0 0.660479 0.492596 0.0160353 0.0354314 0.568746
0 0.0102396 0.372491 0.0200897 0.0381838 0.56834
0 0.979055 0.0154753 0.0185318 0.0305547 0.567313
0 0.247024 0.474316 0.0162344 0.0315074 0.566485
0 0.282361 0.515461 0.0133378 0.0328562 0.566314
0 0.246894 0.646181 0.0224694 0.0488751 0.565753
0 0.428555 0.504359 0.0274219 0.0565063 0.565501
0 0.123513 0.0583068 0.0170513 0.0305163 0.563722
0 0.126428 0.736568 0.0193411 0.0350908 0.563316
0 0.152055 0.952943 0.0147893 0.0288023 0.563091
0 0.140758 0.555636 0.0152843 0.0306437 0.561845
0 0.960352 0.222781 0.0230707 0.0463323 0.559882
0 0.178902 0.95359 0.0111559 0.0278788 0.558235
0 0.645891 0.0791033 0.0246845 0.0380859 0.557467
0 0.146822 0.733163 0.013613 0.0336422 0.556251
0 0.642183 0.274425 0.0211634 0.0335782 0.556243
0 0.528078 0.595247 0.0209668 0.0329138 0.55602
0 0.031416 0.0997825 0.0157305 0.0250565 0.555945
0 0.824175 0.742836 0.0205807 0.0313479 0.555429
0 0.50246 0.607204 0.0237926 0.0496419 0.554693
0 0.429673 0.923165 0.0375286 0.0490528 0.554556
0 0.102395 0.625376 0.0178204 0.032704 0.554503
0 0.979245 0.976721 0.0217204 0.0364095 0.553869
0 0.841769 0.595425 0.0200806 0.0339015 0.553628
0 0.715612 0.592856 0.0199973 0.0334106 0.553536
0 0.25365 0.564462 0.0163403 0.0274345 0.553264
0 0.0516079 0.354001 0.0208936 0.0319738 0.552806
0 0.163786 0.350538 0.0177185 0.0286352 0.552659
0 0.386788 0.142979 0.0151306 0.0314603 0.551929
0 0.271646 0.432823 0.0192745 0.0431142 0.55116
0 0.343269 0.780293 0.017768 0.0318756 0.550568
0 0.910836 0.430533 0.0212769 0.0372981 0.550198
0 0.911718 0.795821 0.0254257 0.03465 0.550164
0 0.853929 0.2981 0.0212017 0.0330082 0.54956
0 0.402564 0.798139 0.0150892 0.0324907 0.548626
0 0.629345 0.038606 0.0206164 0.0383819 0.54832
0 0.426594 0.789536 0.027253 0.0415882 0.547166
0 0.788849 0.643642 0.0258441 0.0514818 0.545919
0 0.621528 0.978729 0.0227987 0.0387805 0.545657
0 0.150398 0.835111 0.014577 0.0328622 0.545621
0 0.96225 0.590171 0.0164692 0.029561 0.545041
0 0.0904414 0.197996 0.0195383 0.0327894 0.542274
0 0.709694 0.431491 0.0206163 0.0387338 0.540126
0 0.842855 0.91451 0.0180145 0.0289815 0.539722
0 0.641823 0.739856 0.0165762 0.0313015 0.539121
0 0.0898072 0.549982 0.0160688 0.0322366 0.537731
0 0.51358 0.756119 0.0225749 0.0409212 0.536194
0 0.204872 0.152297 0.011205 0.0313933 0.535935
0 0.00449893 0.621835 0.0089416 0.0426531 0.535744
0 0.384086 0.071615 0.014522 0.0270943 0.535515
0 0.931593 0.64259 0.0134777 0.0314373 0.533209
0 0.198459 0.812278 0.0172298 0.026572 0.532897
0 0.272518 0.599307 0.0286844 0.0447388 0.531904
0 0.352455 0.422391 0.0173682 0.0360294 0.531729
0 0.207527 0.309491 0.0150405 0.0246051 0.53088
0 0.877621 0.343915 0.0204098 0.0340288 0.53053
0 0.90082 0.639785 0.0214911 0.0340025 0.529642
0 0.548401 0.442121 0.0266176 0.036343 0.529377
0 0.591788 0.594194 0.0186547 0.0325784 0.52908
0 0.399192 0.316084 0.0174667 0.028087 0.529064
0 0.906865 0.305525 0.0182449 0.0334688 0.527936
0 0.0553373 0.084015 0.0174833 0.0281184 0.527347
0 0.114507 0.24657 0.0234275 0.0391992 0.527037
0 0.19158 0.837313 0.0117751 0.0225098 0.526453
0 0.151147 0.479382 0.0127321 0.0251789 0.524175
0 0.405537 0.713767 0.0141637 0.0276003 0.524088
0 0.270257 0.388229 0.0152281 0.0244702 0.522771
0 0.405952 0.362367 0.0199587 0.0372253 0.522604
0 0.938534 0.188784 0.0199708 0.0348576 0.521014
0 0.214247 0.120806 0.0121193 0.0262274 0.518037
0 0.226283 0.409611 0.0124862 0.0317998 0.51792
0 0.349148 0.725925 0.0182386 0.0320452 0.517592
0 0.927465 0.399203 0.0150781 0.0300244 0.516308
0 0.938941 0.232738 0.0138655 0.0249084 0.516203
0 0.653411 0.911269 0.0151683 0.0275984 0.516096
0 0.935737 0.960843 0.0195213 0.0361131 0.515923
0 0.178254 0.0629863 0.0181514 0.0351397 0.515676
0 0.0191437 0.451634 0.0184391 0.0338171 0.515571
0 0.866511 0.939537 0.0201817 0.031665 0.515376
0 0.838642 0.434873 0.0156765 0.0271267 0.515341
0 0.0387348 0.144746 0.0149503 0.0247365 0.512703
0 0.689235 0.841353 0.0161951 0.0364234 0.512384
0 0.299524 0.714202 0.026763 0.0403129 0.512234
0 0.768811 0.600531 0.0173372 0.0339528 0.512054
0 0.466926 0.556714 0.0168089 0.0312059 0.51202
0 0.281254 0.868486 0.0177585 0.0229774 0.510624
0 0.168335 0.140575 0.0196382 0.0375185 0.510116
0 0.08994 0.100902 0.0166829 0.0306166 0.509534
0 0.0224935 0.973747 0.0156301 0.030658 0.507886
0 0.135209 0.217655 0.0112902 0.0218049 0.506626
0 0.902668 0.13935 0.0235989 0.0359925 0.506603
0 0.741568 0.142005 0.0232376 0.0426821 0.504726
0 0.297704 0.790932 0.0109569 0.0265996 0.50452
0 0.401887 0.639786 0.0112501 0.028218 0.504408
0 0.178715 0.588513 0.0197297 0.0371232 0.502887
0 0.277043 0.693316 0.0156971 0.0277282 0.502743
0 0.699649 0.126808 0.0167442 0.0348974 0.502706
0 0.245872 0.939299 0.0239297 0.0437981 0.502284
0 0.175563 0.557142 0.0152727 0.0264445 0.501536
0 0.372888 0.357805 0.0184123 0.0344673 0.500424
0 0.790852 0.52127 0.0161629 0.0318247 0.49968
0 0.244843 0.258545 0.0249684 0.0433848 0.498514
0 0.0279866 0.194177 0.0243955 0.0497329 0.498028
0 0.059021 0.0175643 0.0192059 0.0344182 0.497866
0 0.368064 0.215051 0.0137133 0.0318777 0.497366
0 0.865467 0.589018 0.0194635 0.0370907 0.49552
0 0.821231 0.955118 0.0278 0.0476047 0.49539
0 0.753579 0.958006 0.0155312 0.0318495 0.494944
0 0.0357606 0.704178 0.0205332 0.0345562 0.494672
0 0.979156 0.812613 0.0138367 0.0256158 0.494626
0 0.200589 0.962986 0.0145066 0.0281403 0.494398
0 0.951948 0.552828 0.0204472 0.0349895 0.493468
0 0.84313 0.334471 0.0175746 0.0332805 0.493373
0 0.0558008 0.62571 0.0296571 0.0454797 0.493354
0 0.17819 0.858519 0.0179172 0.03748 0.491443
0 0.74384 0.372729 0.0175232 0.0285172 0.491099
0 0.523138 0.468501 0.0149762 0.0305245 0.490855
0 0.823655 0.479418 0.01404 0.0246319 0.488103
0 0.0552561 0.875365 0.0173382 0.0383718 0.488063
0 0.281509 0.556196 0.0139894 0.0278804 0.487653
0 0.264323 0.847728 0.0155094 0.0293003 0.487574
0 0.257194 0.718058 0.0163041 0.0262894 0.486948
0 0.282753 0.904514 0.0154534 0.0293913 0.486549
0 0.219921 0.282156 0.0162977 0.0298416 0.485674
0 0.851472 0.715927 0.0142342 0.0349269 0.484955
0 0.957436 0.72319 0.0153423 0.0323954 0.484068
0 0.295856 0.6465 0.0230185 0.0487773 0.483898
0 0.852859 0.261342 0.0149963 0.0280408 0.48286
0 0.35729 0.307385 0.0155998 0.0320493 0.482683
0 0.368247 0.540726 0.0152276 0.0340448 0.482152
0 0.887621 0.541413 0.0301518 0.0418935 0.47967
0 0.32337 0.886713 0.0196507 0.030289 0.47889
0 0.532429 0.396845 0.0182566 0.0368941 0.478508
0 0.811015 0.46165 0.0151756 0.0255848 0.47757
0 0.0124613 0.651794 0.0149251 0.0303804 0.477128
0 0.254667 0.105283 0.0187512 0.0398226 0.477083
0 0.0129724 0.10447 0.0173999 0.0305605 0.475768
0 0.887173 0.205265 0.0166794 0.0301328 0.473856
0 0.507468 0.214851 0.0270811 0.0424299 0.473634
0 0.906457 0.861384 0.0135773 0.0353319 0.471634
0 0.383782 0.264901 0.0208133 0.0370211 0.470732
0 0.528555 0.542238 0.0201694 0.0346094 0.469621
0 0.211391 0.556121 0.020586 0.0429537 0.469515
0 0.270671 0.352939 0.0173807 0.0289199 0.469101
0 0.427567 0.0771338 0.0200314 0.0341236 0.468978
0 0.228016 0.785427 0.0135391 0.0282332 0.468327
0 0.0696853 0.303136 0.013027 0.0250344 0.467645
0 0.303265 0.427462 0.0120864 0.0233371 0.46553
0 0.298034 0.341305 0.0111215 0.0260051 0.465316
0 0.54248 0.815991 0.013833 0.0281472 0.465072
0 0.873401 0.273203 0.0136917 0.0319241 0.464779
0 0.155281 0.447719 0.0172326 0.030541 0.464051
0 0.655379 0.842928 0.0164651 0.030368 0.463879
0 0.817032 0.811477 0.0170681 0.0334737 0.463368
0 0.288852 0.377988 0.011718 0.0276312 0.460566
0 0.961795 0.639595 0.017193 0.0289729 0.459587
0 0.642042 0.134569 0.0144743 0.0243364 0.458806
0 0.171611 0.206325 0.0168639 0.0283966 0.458632
0 0.379468 0.683899 0.0164862 0.0344345 0.457334
0 0.0342415 0.379152 0.0128925 0.0406635 0.456883
0 0.346549 0.69229 0.0156937 0.0315028 0.456362
0 0.361898 0.670569 0.0183813 0.0323928 0.455434
0 0.0173598 0.757688 0.0174 0.0232408 0.454827
0 0.518988 0.818235 0.0166727 0.0315408 0.45276
0 0.763264 0.830837 0.0143885 0.0292237 0.452668
0 0.695204 0.941269 0.0148939 0.0263564 0.452102
0 0.32661 0.684891 0.0256445 0.0408428 0.45167
0 0.242852 0.980327 0.023586 0.0343119 0.451377
0 0.866081 0.902167 0.0189812 0.0356554 0.451317
0 0.851689 0.470613 0.0143162 0.0226364 0.449122
0 0.37092 0.0320507 0.0183333 0.0338612 0.446792
0 0.392271 0.530995 0.0176327 0.0378149 0.446603
0 0.877982 0.0186436 0.0203136 0.0325386 0.445266
0 0.925543 0.838033 0.0226131 0.0445695 0.445016
0 0.327825 0.46939 0.0149689 0.0311205 0.444954
0 0.73099 0.852857 0.0153119 0.0350701 0.444678
0 0.427766 0.148156 0.0206425 0.0376198 0.443343
0 0.292629 0.275073 0.0124192 0.0286335 0.443168
0 0.166418 0.284449 0.0135077 0.024768 0.443059
0 0.819132 0.606028 0.0169827 0.0283895 0.442619
0 0.00368554 0.77884 0.0073358 0.0337507 0.442242
0 0.260186 0.753154 0.0185639 0.0364694 0.441744
0 0.124973 0.806635 0.0177165 0.0327059 0.441726
0 0.453032 0.591681 0.0171282 0.0331579 0.44142
0 0.257332 0.166667 0.0145954 0.0333638 0.440304
0 0.876125 0.379467 0.0131542 0.0275169 0.440075
0 0.329259 0.730416 0.0186944 0.0280348 0.439726
0 0.759925 0.703024 0.0225479 0.0490254 0.438805
0 0.0589703 0.26615 0.0107825 0.0263314 0.437604
0 0.888712 0.611571 0.0152668 0.0295763 0.435406
0 0.794247 0.175307 0.0231581 0.0393575 0.434929
0 0.253509 0.210469 0.0123252 0.0336713 0.434288
0 0.030329 0.819799 0.0191838 0.0342821 0.43328
0 0.324928 0.395316 0.0182583 0.0332452 0.432607
0 0.44591 0.0164425 0.0150526 0.026519 0.431974
0 0.320487 0.351187 0.01739 0.0330831 0.429421
0 0.0737873 0.7394 0.0156067 0.0296613 0.427229
0 0.904569 0.639394 0.0220835 0.0348368 0.425076
0 0.244795 0.411453 0.0119581 0.0284242 0.425064
0 0.876028 0.107259 0.0168129 0.0289114 0.425054
0 0.757494 0.596304 0.0178604 0.0332345 0.424294
0 0.119588 0.168477 0.0133506 0.0283018 0.424246
0 0.980274 0.229491 0.0159409 0.0291573 0.424149
0 0.32639 0.429037 0.0157551 0.0277454 0.423356
0 0.644482 0.595482 0.020207 0.034051 0.420092
0 0.0339274 0.385069 0.0119328 0.0319271 0.420018
0 0.226423 0.68036 0.0171676 0.035123 0.41826
0 0.0731568 0.16336 0.0162284 0.0306956 0.415609
0 0.376126 0.791267 0.0188808 0.0354626 0.415462
0 0.992835 0.327298 0.0143303 0.0300745 0.415352
0 0.161014 0.236778 0.0184389 0.0320592 0.413311
0 0.809874 0.124771 0.0246212 0.0511006 0.412765
0 0.160329 0.409948 0.0159274 0.0295095 0.411306
0 0.367053 0.75203 0.0157794 0.0288177 0.410126
0 0.462729 0.494157 0.0258632 0.0471044 0.40963
0 0.795434 0.365484 0.0177574 0.0327254 0.408421
0 0.861056 0.0148697 0.0165684 0.0285218 0.407634
0 0.864619 0.501907 0.0122837 0.0255234 0.407248
0 0.94008 0.497239 0.01954 0.0310242 0.406731
0 0.121442 0.914777 0.0171041 0.0324167 0.406565
0 0.216751 0.0671371 0.0218302 0.0431183 0.404665
0 0.306798 0.387483 0.0173491 0.0319558 0.40456
0 0.144824 0.359391 0.0157864 0.0322718 0.404235
0 0.935297 0.0214225 0.0177177 0.0314912 0.404133
0 0.916313 0.0338786 0.0202198 0.0435429 0.403166
0 0.888403 0.0442678 0.0183121 0.0306376 0.402836
0 0.327608 0.193905 0.0100804 0.0307161 0.401697
0 0.994006 0.81353 0.0119884 0.0288686 0.399909
0 0.192358 0.567726 0.0126025 0.0289646 0.399779
0 0.757789 0.30678 0.0160132 0.029874 0.398905
0 0.288333 0.734257 0.0140055 0.0263324 0.39847
0 0.775531 0.362388 0.0169983 0.0293521 0.398329
0 0.882747 0.905667 0.0174099 0.0329973 0.397741
0 0.920066 0.716466 0.0131321 0.0250226 0.397703
0 0.305197 0.30607 0.0118817 0.0219646 0.397562
0 0.851963 0.103188 0.015086 0.0304937 0.397544
0 0.646509 0.812059 0.0143972 0.0241618 0.397509
0 0.833262 0.713143 0.0119907 0.0269314 0.39637
0 0.937474 0.435905 0.0168755 0.029931 0.395918
0 0.574344 0.604043 0.0169603 0.0312549 0.395706
0 0.898514 0.508644 0.0138844 0.0306918 0.394534
0 0.75194 0.95496 0.0165846 0.0343086 0.3945
0 0.220531 0.232714 0.0245785 0.0444361 0.394298
0 0.922447 0.33015 0.0155891 0.026504 0.392756
0 0.139454 0.660362 0.0157981 0.0273062 0.392216
0 0.0521753 0.93345 0.0133881 0.0280657 0.391984
0 0.163775 0.0306141 0.0138355 0.0259761 0.39111
0 0.163599 0.315306 0.0149543 0.0239353 0.39083
0 0.951165 0.664036 0.0129059 0.0317718 0.390712
0 0.984161 0.441595 0.0141674 0.030169 0.389693
0 0.962099 0.318822 0.015918 0.029973 0.389427
0 0.58775 0.0951363 0.0152712 0.0343217 0.389239
0 0.769003 0.398773 0.0153178 0.0327031 0.387646
0 0.198875 0.702518 0.015446 0.0367455 0.387115
0 0.492732 0.178291 0.0169937 0.0312746 0.384413
0 0.928173 0.101931 0.0226768 0.0384084 0.38373
0 0.217825 0.960139 0.0152061 0.0264643 0.382481
0 0.955768 0.980671 0.0161696 0.0342337 0.381515
0 0.270978 0.142913 0.0105077 0.0242964 0.380114
0 0.276805 0.689017 0.0175375 0.0348935 0.37881
0 0.0312562 0.427197 0.013638 0.0253847 0.378281
0 0.560116 0.773685 0.0200657 0.0376305 0.376905
0 0.258103 0.427326 0.0104495 0.0274004 0.376692
0 0.263847 0.0560355 0.0131925 0.0269455 0.376079
0 0.906745 0.679864 0.0126204 0.0270561 0.375886
0 0.97484 0.366643 0.022912 0.0393973 0.375705
0 0.845029 0.202164 0.0169647 0.0280149 0.375625
0 0.764574 0.599372 0.0246598 0.0364066 0.375147
0 0.688368 0.655031 0.0207703 0.0370517 0.374656
0 0.335497 0.261299 0.017766 0.0279416 0.37325
0 0.576809 0.428864 0.0229769 0.0375887 0.372495
0 0.957372 0.0251493 0.0241833 0.0387562 0.372493
0 0.557986 0.823811 0.017768 0.0338582 0.372304
0 0.512331 0.406106 0.0183363 0.0325307 0.371596
0 0.0652597 0.974932 0.0168246 0.0374395 0.371429
0 0.527105 0.0296098 0.0272272 0.0516714 0.371283
0 0.277859 0.264872 0.0130787 0.0251541 0.370939
0 0.312884 0.806344 0.0127699 0.0267324 0.370886
0 0.0872737 0.507065 0.0159569 0.0321508 0.370322
0 0.389953 0.195366 0.0171352 0.0332063 0.370114
0 0.978715 0.934524 0.0167015 0.0351739 0.369998
0 0.967427 0.67228 0.0214279 0.0316135 0.369003
0 0.883565 0.582757 0.0135399 0.0234356 0.368798
0 0.0854804 0.814122 0.00793629 0.0202191 0.368644
0 0.124742 0.309462 0.0197422 0.0404832 0.367639
0 0.456714 0.295697 0.0146832 0.033635 0.367318
0 0.292583 0.224824 0.0163857 0.0249903 0.367168
0 0.59118 0.75447 0.0203623 0.0357817 0.366891
0 0.199289 0.288272 0.016553 0.0228047 0.366768
0 0.611545 0.742922 0.0191463 0.0314206 0.366117
0 0.116056 0.948408 0.0158363 0.024061 0.366113
0 0.0317369 0.942306 0.0166855 0.0266293 0.365945
0 0.125424 0.965297 0.0161858 0.0270291 0.364957
0 0.111735 0.985816 0.0145462 0.0269391 0.364761
0 0.0716015 0.210468 0.0172443 0.0364475 0.364044
0 0.257965 0.687665 0.0154268 0.0251402 0.363633
0 0.0178941 0.236267 0.0192395 0.0275711 0.363506
0 0.889789 0.872847 0.0171362 0.0282684 0.362651
0 0.135469 0.245148 0.0137678 0.022515 0.362101
0 0.233304 0.889587 0.0208818 0.0424861 0.361741
0 0.214651 0.604573 0.0136812 0.0220686 0.36169
0 0.257537 0.904221 0.0110071 0.0264421 0.359969
0 0.80604 0.493295 0.0135206 0.0240977 0.359502
0 0.75704 0.530602 0.0201204 0.0363437 0.356839
0 0.928729 0.900933 0.0177469 0.0252862 0.356702
0 0.557434 0.176326 0.0191447 0.0329524 0.356608
0 0.925025 0.281795 0.0177906 0.0362493 0.355182
0 0.320656 0.320076 0.0146383 0.0226693 0.354353
0 0.123834 0.0123591 0.0193454 0.0244381 0.353819
0 0.464693 0.642967 0.0191521 0.0281484 0.353637
0 0.321095 0.315434 0.0147423 0.0295031 0.353545
0 0.00775744 0.686621 0.0137143 0.0249193 0.353359
0 0.589145 0.926963 0.017793 0.0326494 0.353285
0 0.0649541 0.442213 0.014042 0.0248838 0.353178
0 0.104531 0.490929 0.0203703 0.0391053 0.352916
0 0.528931 0.790255 0.01332 0.0274346 0.352698
0 0.18202 0.295689 0.0126649 0.0233712 0.35248
0 0.00311034 0.900728 0.00620897 0.0254971 0.351142
0 0.692031 0.565632 0.016997 0.0331667 0.350254
0 0.942547 0.463528 0.0177437 0.0226269 0.350129
0 0.0839869 0.383407 0.0144217 0.031084 0.349696
0 0.233663 0.896694 0.0201781 0.0326257 0.349477
0 0.85506 0.84329 0.0222851 0.0385003 0.349103
0 0.907281 0.899715 0.0157757 0.0322247 0.347766
0 0.982265 0.76552 0.0104912 0.0261334 0.347403
0 0.15953 0.242566 0.0205594 0.0438675 0.347106
0 0.172503 0.797523 0.030863 0.0435187 0.346395
0 0.314228 0.538393 0.0171712 0.0299623 0.346116
0 0.113439 0.080104 0.0130032 0.0313928 0.345983
0 0.31172 0.256682 0.01308 0.0215077 0.345586
0 0.80914 0.653817 0.01366 0.0261726 0.345081
0 0.675961 0.498045 0.0129128 0.0192253 0.344883
0 0.63307 0.223031 0.0269087 0.0456446 0.344482
0 0.678303 0.690379 0.019426 0.0361835 0.343988
0 0.215037 0.513041 0.0154055 0.0291846 0.343851
0 0.109178 0.0899349 0.0190311 0.0414549 0.34377
0 0.676925 0.500455 0.0117393 0.0181088 0.34356
0 0.938561 0.310075 0.0176765 0.0260522 0.341377
0 0.973779 0.175598 0.0194683 0.037188 0.341362
0 0.492565 0.106171 0.0148082 0.0238593 0.340604
0 0.240808 0.731225 0.0140567 0.0244171 0.340543
0 0.0311796 0.27425 0.0111889 0.0318862 0.340434
0 0.355239 0.903847 0.0178274 0.0283208 0.337998
0 0.366812 0.707271 0.0119814 0.0290439 0.337968
0 0.405367 0.260944 0.0166665 0.0233994 0.337819
0 0.145223 0.12021 0.0189119 0.0279928 0.336474
0 0.649372 0.546061 0.0163505 0.0406413 0.336103
0 0.804434 0.491589 0.0136701 0.0256951 0.335962
0 0.345964 0.848016 0.0204939 0.0314409 0.335237
0 0.150806 0.187518 0.0225125 0.0389231 0.334207
0 0.268193 0.463284 0.0136278 0.0208689 0.332846
0 0.0247447 0.977024 0.0159947 0.0340335 0.330807
0 0.298876 0.0585844 0.0200465 0.0368655 0.330428
0 0.778445 0.316935 0.0207636 0.029295 0.329952
0 0.0134544 0.492308 0.0158234 0.0261276 0.328352
0 0.613431 0.0928186 0.0271585 0.0442257 0.328112
0 0.255791 0.873192 0.0132908 0.0239879 0.327937
0 0.389102 0.368096 0.0111214 0.0270801 0.327832
0 0.333369 0.764698 0.0134485 0.0259674 0.327352
0 0.0468956 0.288601 0.0223799 0.035101 0.326607
0 0.64628 0.872329 0.017814 0.0313443 0.325603
0 0.84327 0.197611 0.0205124 0.0346728 0.323077
0 0.743935 0.0372012 0.0260624 0.0482846 0.322849
0 0.238599 0.201351 0.012667 0.0283395 0.32277
0 0.105699 0.805945 0.0157515 0.0296848 0.320689
0 0.0592718 0.534957 0.0197675 0.0374062 0.320234
0 0.704282 0.00863239 0.0168172 0.0167474 0.320013
0 0.759977 0.463081 0.0212146 0.0405636 0.319831
0 0.997061 0.465002 0.00587845 0.0404839 0.319803
0 0.69715 0.0540299 0.0273527 0.0441135 0.319435
0 0.465876 0.9202 0.0202856 0.0376224 0.318622
0 0.904617 0.589431 0.0164111 0.0300295 0.318549
0 0.139948 0.890552 0.0157089 0.0273075 0.317823
0 0.271095 0.227586 0.0154046 0.027578 0.317678
0 0.138269 0.152284 0.0146119 0.0236788 0.317492
0 0.942911 0.151597 0.014896 0.0290634 0.316917
0 0.179681 0.801498 0.0198315 0.0356235 0.316901
0 0.881092 0.153445 0.0159946 0.0323448 0.315227
0 0.620052 0.350877 0.0201984 0.0391012 0.314278
0 0.870594 0.713514 0.0189327 0.0326738 0.31422
0 0.794955 0.591706 0.0135181 0.0302912 0.313709
0 0.0560055 0.319218 0.0165376 0.0277941 0.312319
0 0.366157 0.167267 0.0175771 0.0241402 0.310995
0 0.822633 0.566243 0.0145199 0.0274874 0.310751
0 0.956221 0.266422 0.0157688 0.020886 0.309965
0 0.270387 0.21821 0.0156414 0.0290444 0.309468
0 0.43007 0.749089 0.0207226 0.0301459 0.308357
0 0.408342 0.474568 0.0144524 0.0319789 0.307538
0 0.619681 0.639689 0.0180346 0.0343128 0.306001
0 0.295355 0.503519 0.0172161 0.0273177 0.305577
0 0.488303 0.327623 0.0199989 0.0388686 0.305319
0 0.49258 0.69561 0.0256744 0.0453911 0.305007
0 0.110625 0.342014 0.0170182 0.0330226 0.304142
0 0.0836922 0.843285 0.0114598 0.0266951 0.303208
0 0.712682 0.545708 0.0206544 0.0491319 0.302156
0 0.639912 0.786703 0.0165739 0.0252825 0.30213
0 0.362218 0.79687 0.0137686 0.0337155 0.301712
0 0.502418 0.0640935 0.0131137 0.0238422 0.300725
0 0.386622 0.560396 0.0163544 0.0245994 0.300074
0 0.179756 0.635004 0.0209091 0.0353541 0.299877
0 0.128834 0.446587 0.0167055 0.0212076 0.299836
0 0.463379 0.961025 0.0265183 0.0388711 0.29975
0 0.752386 0.271906 0.0119595 0.0303364 0.299131
0 0.788943 0.0382149 0.0298889 0.0489793 0.298055
0 0.508261 0.00691212 0.0204697 0.0138242 0.297599
0 0.755507 0.798471 0.0185318 0.028104 0.295805
0 0.793855 0.771881 0.016463 0.0305742 0.29531
0 0.916865 0.045454 0.0191376 0.0330589 0.2921
0 0.709899 0.499295 0.014995 0.0230136 0.291756
0 0.195242 0.511079 0.015308 0.0227893 0.291516
0 0.201638 0.400365 0.0158604 0.029122 0.291041
0 0.00492085 0.967828 0.00971192 0.0262878 0.290091
0 0.483381 0.0172679 0.0164026 0.0268307 0.290084
0 0.430993 0.511639 0.025771 0.0405433 0.289929
0 0.348575 0.549801 0.0157272 0.0324254 0.289458
0 0.818835 0.00819761 0.0242157 0.0160261 0.286993
0 0.565284 0.481342 0.018583 0.0398661 0.286399
0 0.714694 0.935316 0.014724 0.035302 0.286217
0 0.869514 0.186794 0.0165333 0.0261761 0.285909
0 0.997054 0.380398 0.00589199 0.0294622 0.28424
0 0.464875 0.086283 0.0227425 0.0459811 0.284024
0 0.766784 0.0825012 0.027376 0.0484714 0.283124
0 0.751506 0.429266 0.0194908 0.0282354 0.282828
0 0.840871 0.435155 0.0168537 0.0297733 0.282571
0 0.418923 0.0247993 0.0149876 0.0407214 0.282529
0 0.752262 0.768051 0.0245979 0.0395094 0.279876
0 0.518313 0.859944 0.0230974 0.0434055 0.279668
0 0.285847 0.131745 0.0167949 0.0264355 0.279346
0 0.759016 0.0108556 0.022627 0.0207448 0.278823
0 0.0510521 0.395952 0.0237321 0.0352907 0.278514
0 0.457191 0.427292 0.0163624 0.028902 0.27825
0 0.312662 0.023023 0.0241375 0.0361846 0.278249
0 0.252391 0.341865 0.0113146 0.0227886 0.277611
0 0.117494 0.627471 0.0124879 0.031783 0.277121
0 0.679825 0.529245 0.0160645 0.0261668 0.276901
0 0.572826 0.744673 0.0163435 0.0249732 0.275634
0 0.288934 0.966625 0.0158874 0.0333611 0.275199
0 0.0697581 0.102848 0.012746 0.0204753 0.274506
0 0.232159 0.882626 0.0197732 0.0349521 0.273113
0 0.0324807 0.9047 0.0173642 0.0292286 0.271897
0 0.744704 0.408072 0.0113289 0.0203067 0.271276
0 0.993299 0.753831 0.0134024 0.041225 0.270861
0 0.718565 0.472522 0.0127669 0.0271408 0.270418
0 0.326045 0.570309 0.0175507 0.0343323 0.268779
0 0.156752 0.252566 0.0181067 0.0323358 0.267626
0 0.242814 0.728488 0.0132437 0.0244619 0.267167
0 0.106997 0.440015 0.0156918 0.0269887 0.265921
0 0.00588846 0.621742 0.0116494 0.0476731 0.26449
0 0.609078 0.565246 0.0212406 0.0447332 0.264287
0 0.778371 0.569706 0.0173683 0.0304928 0.264173
0 0.791855 0.738245 0.0158417 0.03526 0.262778
0 0.979557 0.303222 0.0145515 0.0320388 0.261709
0 0.571162 0.132595 0.0269773 0.0388448 0.261636
0 0.730359 0.904522 0.0103861 0.0289179 0.261144
0 0.94911 0.0600714 0.0194996 0.0285124 0.26054
0 0.282179 0.839135 0.0217743 0.0348524 0.260248
0 0.516788 0.642829 0.0230494 0.0369154 0.258972
0 0.0229523 0.589062 0.0311677 0.0433931 0.25852
0 0.255098 0.164848 0.017237 0.0350771 0.257827
0 0.482939 0.816747 0.0172661 0.0370265 0.257609
0 0.40713 0.574423 0.0122524 0.0321438 0.257157
0 0.767196 0.0936699 0.0316031 0.0706274 0.256678
0 0.145172 0.314503 0.0151967 0.0213438 0.256627
0 0.70309 0.819069 0.0155708 0.0240618 0.256373
0 0.869287 0.807706 0.0185461 0.0369427 0.2558
0 0.0139742 0.40394 0.0176882 0.0267932 0.255634
0 0.48534 0.0622589 0.0175777 0.0326474 0.253775
0 0.588171 0.362821 0.0157121 0.0272432 0.253626
0 0.832091 0.67308 0.0189461 0.0300175 0.253143
0 0.777854 0.516601 0.0123229 0.0247213 0.252524
0 0.123777 0.96278 0.0140911 0.0251034 0.252429
0 0.617614 0.196242 0.0201481 0.0347493 0.252264
0 0.529398 0.357619 0.019435 0.0301482 0.251675
0 0.6314 0.33611 0.0410556 0.071964 0.25096
0 0.832039 0.371254 0.0171406 0.026716 0.250676
0 0.713964 0.38677 0.0116787 0.0358176 0.249659
0 0.728151 0.497865 0.0153934 0.0257151 0.24958
0 0.755357 0.963643 0.0142962 0.023939 0.249469
0 0.134859 0.220174 0.0132313 0.0205625 0.249114
0 0.0146862 0.891927 0.0187362 0.0322305 0.248786
0 0.242155 0.132195 0.015259 0.0226643 0.248484
0 0.446659 0.759141 0.0146271 0.0260847 0.247665
0 0.272595 0.354508 0.0147518 0.0255216 0.247077
0 0.606589 0.68872 0.0181484 0.0318457 0.247053
0 0.861839 0.443943 0.0145796 0.0227939 0.246718
0 0.189052 0.456782 0.011187 0.0203843 0.246191
0 0.136944 0.658332 0.015313 0.0289995 0.244849
0 0.296836 0.524307 0.0136999 0.0183737 0.244727
0 0.728229 0.0798544 0.0274773 0.0403817 0.244468
0 0.806944 0.872199 0.0187536 0.0314775 0.244204
0 0.0907334 0.13671 0.0135009 0.0215248 0.244195
0 0.376966 0.93513 0.0181963 0.0383826 0.24353
0 0.180154 0.397194 0.0145114 0.0319021 0.243204
0 0.814366 0.423215 0.0149665 0.0236231 0.242934
0 0.960537 0.28795 0.0164455 0.0294703 0.242831
0 0.903954 0.0186759 0.0154312 0.0298676 0.242451
0 0.021059 0.0531525 0.02391 0.0405143 0.242386
0 0.411502 0.972013 0.0261034 0.0429182 0.240744
0 0.506891 0.478832 0.0135191 0.0310174 0.240547
0 0.899453 0.467776 0.0207198 0.0271744 0.240017
0 0.14066 0.096793 0.0162046 0.0262967 0.239659
0 0.780607 0.276042 0.0154155 0.039511 0.23872
0 0.995029 0.015524 0.00994244 0.0287925 0.238064
0 0.488564 0.573877 0.0171535 0.0272299 0.237302
0 0.590401 0.8016 0.0184589 0.0344957 0.236729
0 0.232831 0.644657 0.0109824 0.0324497 0.235953
0 0.898532 0.713881 0.0141754 0.0273661 0.235393
0 0.0126773 0.0159739 0.0252262 0.0318567 0.235344
0 0.993266 0.524482 0.0134675 0.0224369 0.235229
0 0.897762 0.64254 0.0192863 0.0325112 0.233934
0 0.940988 0.193341 0.0170124 0.0317996 0.233763
0 0.430311 0.275689 0.0197014 0.0317746 0.233353
0 0.202695 0.189681 0.0162594 0.0322841 0.232809
0 0.327332 0.796698 0.0152069 0.0236544 0.232313
0 0.295982 0.517199 0.0162914 0.0235333 0.231901
0 0.834884 0.374887 0.0167404 0.0265323 0.231261
0 0.0306096 0.649151 0.0235608 0.0404326 0.231121
0 0.433334 0.0369162 0.0120064 0.0295584 0.230484
0 0.878635 0.75027 0.018836 0.0278622 0.230464
0 0.658854 0.0353565 0.0161087 0.0309848 0.23044
0 0.404428 0.252389 0.0168968 0.0293716 0.230419
0 0.466615 0.0113012 0.0175355 0.0217775 0.229429
0 0.81501 0.418987 0.0143717 0.0259091 0.229144
0 0.702987 0.125112 0.0245491 0.0389699 0.228991
0 0.0197693 0.523783 0.013518 0.0217278 0.228091
0 0.246383 0.0201839 0.0192745 0.0317043 0.227779
0 0.960169 0.946785 0.0138893 0.0198046 0.227609
0 0.743204 0.406987 0.0110825 0.0225362 0.226981
0 0.168954 0.486909 0.0128483 0.0252415 0.226972
0 0.996442 0.962918 0.00711683 0.0323201 0.225727
0 0.9225 0.608054 0.014616 0.0179681 0.2251
0 0.303321 0.111241 0.0141781 0.0337731 0.225086
0 0.0123592 0.941058 0.0165666 0.0302534 0.22393
0 0.451462 0.220916 0.0151674 0.0269406 0.22336
0 0.814388 0.391326 0.0161673 0.0250357 0.222288
0 0.89772 0.461815 0.0225925 0.038582 0.221816
0 0.775628 0.787277 0.0198025 0.0337713 0.221418
0 0.865296 0.446415 0.0150494 0.0238633 0.22047
0 0.468539 0.866035 0.0239023 0.0435394 0.220219
0 0.755578 0.766387 0.0200224 0.0338328 0.220114
0 0.327463 0.801003 0.0163265 0.0226478 0.219994
0 0.630205 0.51776 0.0232264 0.0336646 0.21935
0 0.145319 0.593189 0.0130851 0.0278074 0.218762
0 0.996302 0.584299 0.00739632 0.0283994 0.218656
0 0.559499 0.415572 0.0126388 0.023325 0.218486
0 0.40979 0.524967 0.0161727 0.0377643 0.218412
0 0.463526 0.485319 0.0267235 0.057485 0.218302
0 0.383219 0.857564 0.03002 0.0548957 0.218028
0 0.714298 0.557992 0.0179246 0.0308851 0.217716
0 0.829792 0.668874 0.0209438 0.0352901 0.217143
0 0.0172427 0.156135 0.0146332 0.0214043 0.216805
0 0.834419 0.676906 0.0123373 0.0232669 0.216658
0 0.271376 0.923479 0.0138427 0.0236098 0.216431
0 0.572738 0.807548 0.0137653 0.0375709 0.215921
0 0.271967 0.232268 0.01403 0.0249663 0.215748
0 0.955392 0.128007 0.0130371 0.027152 0.215466
0 0.260328 0.767264 0.0166937 0.0321096 0.215222
0 0.487491 0.850152 0.0176279 0.0294168 0.213242
0 0.594683 0.815161 0.0186071 0.0295478 0.213078
0 0.759136 0.352 0.0142599 0.0225423 0.213075
0 0.270831 0.222457 0.013965 0.0380136 0.212152
0 0.611256 0.848637 0.0116154 0.0258396 0.212003
0 0.971672 0.711534 0.0135727 0.0221911 0.211862
0 0.729535 0.652668 0.0205537 0.0349267 0.211135
0 0.57399 0.812749 0.0157013 0.0406204 0.209641
0 0.0987641 0.692779 0.0166447 0.0313415 0.209568
0 0.0814039 0.348087 0.0182088 0.0275919 0.20916
0 0.867953 0.0167561 0.0296791 0.0324043 0.209103
0 0.0296466 0.77169 0.0132045 0.0309761 0.208917
0 0.719486 0.349409 0.018178 0.0267146 0.208903
0 0.576683 0.637442 0.00997111 0.0297453 0.208633
0 0.832212 0.778277 0.0200432 0.03074 0.208494
0 0.0801843 0.0805478 0.0139354 0.0200127 0.208297
0 0.524805 0.0355989 0.0262599 0.0447881 0.207917
0 0.995708 0.463879 0.00858479 0.0421201 0.207658
0 0.2983 0.641676 0.0240091 0.0448681 0.207467
0 0.00268601 0.0516324 0.00537202 0.0365579 0.207015
0 0.830242 0.0850101 0.018474 0.0276026 0.206857
0 0.707594 0.848512 0.0131513 0.0269663 0.206807
0 0.180212 0.294997 0.0118879 0.0217458 0.20655
0 0.632618 0.157331 0.0150521 0.0314543 0.205471
0 0.125319 0.704526 0.0171024 0.0278442 0.203744
0 0.239888 0.452059 0.0123811 0.0160202 0.203724
0 0.660089 0.27886 0.0125558 0.0282158 0.203599
0 0.914604 0.0259587 0.0220612 0.0353418 0.20352
0 0.0720712 0.652725 0.0138863 0.026467 0.201934
0 0.864573 0.179082 0.0218748 0.0307012 0.200948
0 0.22986 0.786738 0.0133608 0.0284709 0.200826
