0 0.924617 0.662113 0.0236115 0.0425334 0.632728
0 0.982185 0.860266 0.0197435 0.0306551 0.63117
0 0.811545 0.198409 0.0222509 0.0362174 0.625066
0 0.992628 0.810139 0.0147433 0.0293939 0.624134
0 0.988798 0.445681 0.0219532 0.0435986 0.623569
0 0.724439 0.117074 0.0189597 0.0369803 0.615692
0 0.850583 0.804115 0.0265646 0.0475045 0.607459
0 0.968178 0.348751 0.0164251 0.0318744 0.602485
0 0.955072 0.844357 0.0201324 0.0343689 0.598281
0 0.951022 0.482397 0.0128054 0.0274065 0.587734
0 0.891244 0.602729 0.0193035 0.0336348 0.577477
0 0.904785 0.12574 0.0195349 0.0336067 0.574329
0 0.840937 0.899389 0.0214938 0.0338708 0.566374
0 0.944599 0.0630228 0.0193827 0.0365764 0.56431
0 0.714758 0.0581858 0.0145799 0.0272632 0.563736
0 0.861222 0.686192 0.0225075 0.0385668 0.56199
0 0.972927 0.511355 0.0188383 0.0376135 0.561936
0 0.967847 0.468745 0.0211872 0.0371089 0.561835
0 0.930636 0.035322 0.0184811 0.031536 0.561742
0 0.694264 0.262274 0.0166143 0.0345616 0.561435
0 0.941052 0.595516 0.0156644 0.0314557 0.561344
0 0.577976 0.445735 0.0251814 0.0500935 0.559962
0 0.926401 0.24077 0.0178864 0.0281661 0.55745
0 0.784964 0.0626086 0.0152906 0.0259927 0.54793
0 0.986839 0.739874 0.022694 0.0313203 0.542712
0 0.992398 0.323684 0.0152045 0.0281468 0.541259
0 0.630137 0.208048 0.0202321 0.0436596 0.536676
0 0.822548 0.858774 0.0173958 0.0350567 0.528529
0 0.963993 0.425914 0.0163998 0.0329846 0.523192
0 0.612759 0.0278296 0.016268 0.032895 0.522664
0 0.978569 0.548797 0.0181705 0.0368279 0.518954
0 0.926792 0.743105 0.0202621 0.036829 0.513476
0 0.777787 0.159672 0.0147597 0.0338054 0.512992
0 0.974813 0.899307 0.0241364 0.0380819 0.504939
0 0.92288 0.598172 0.0171711 0.0466576 0.503081
0 0.948228 0.545343 0.0176291 0.0299049 0.499408
0 0.879567 0.942382 0.0220722 0.0387513 0.498252
0 0.940424 0.444867 0.0170959 0.0332097 0.493978
0 0.574992 0.225661 0.0149755 0.0287196 0.484758
0 0.58965 0.386264 0.0233276 0.0413885 0.481244
0 0.859965 0.113467 0.0176495 0.0307162 0.480096
0 0.995293 0.895136 0.00941493 0.0354822 0.477766
0 0.982119 0.287351 0.0176678 0.034042 0.474276
0 0.980279 0.226552 0.0162815 0.0324108 0.471921
0 0.890643 0.219508 0.0161984 0.0304433 0.469776
0 0.903857 0.778003 0.0175327 0.031955 0.463556
0 0.579522 0.188252 0.0191801 0.0353404 0.457429
0 0.790757 0.917475 0.0208204 0.0404677 0.45081
0 0.629987 0.327929 0.0161303 0.0269482 0.449304
0 0.900361 0.534286 0.0159946 0.0290466 0.44784
0 0.885067 0.118968 0.0173405 0.0275418 0.447295
0 0.901548 0.0610509 0.0112715 0.0268184 0.445794
0 0.887245 0.676424 0.0160049 0.0294762 0.445182
0 0.696748 0.0421501 0.0209483 0.029645 0.432766
0 0.80067 0.244929 0.020693 0.0321463 0.429303
0 0.472315 0.49917 0.0207582 0.0370897 0.4285
0 0.772587 0.123262 0.0148523 0.0260126 0.426847
0 0.905006 0.838475 0.0157766 0.0299055 0.423599
0 0.915317 0.0608582 0.0151428 0.0284433 0.420811
0 0.945061 0.697555 0.0166134 0.0298373 0.417906
0 0.491441 0.396549 0.0202187 0.0347318 0.417679
0 0.989471 0.965332 0.0198504 0.0287546 0.416707
0 0.99143 0.674419 0.0171396 0.0287025 0.409413
0 0.918683 0.953118 0.0153702 0.0249977 0.409378
0 0.81137 0.342477 0.0214211 0.0392506 0.404903
0 0.759622 0.0759661 0.0195877 0.0351067 0.399325
0 0.960283 0.0295531 0.0188595 0.0272255 0.394998
0 0.975246 0.398637 0.0211458 0.0330983 0.393452
0 0.860263 0.864792 0.0168869 0.0294022 0.393008
0 0.579619 0.264474 0.0226524 0.0368241 0.38879
0 0.460559 0.444941 0.0187206 0.0371173 0.387371
0 0.913243 0.303762 0.0207485 0.0301765 0.386033
0 0.858677 0.586862 0.0156925 0.0305239 0.385744
0 0.992188 0.0183269 0.0156242 0.0340845 0.385019
0 0.607232 0.318468 0.016722 0.0289279 0.377806
0 0.88756 0.0827867 0.0148098 0.0301164 0.376187
0 0.858794 0.638081 0.0270321 0.0435068 0.371822
0 0.99036 0.50856 0.0175789 0.0308026 0.367126
0 0.657001 0.242751 0.0171675 0.0319492 0.363533
0 0.732995 0.225133 0.0213497 0.0409188 0.361224
0 0.675041 0.107854 0.0153885 0.0310023 0.360763
0 0.820381 0.909534 0.0185341 0.0391401 0.359585
0 0.490238 0.51314 0.0189051 0.0296059 0.359276
0 0.992871 0.385472 0.014258 0.0346252 0.356069
0 0.962755 0.316868 0.0153 0.0285973 0.354393
0 0.875681 0.986736 0.0162916 0.0247404 0.347126
0 0.992413 0.561523 0.0151745 0.0263444 0.345489
0 0.754652 0.292215 0.0154409 0.0296883 0.342259
0 0.777135 0.0897748 0.0111434 0.0269527 0.34123
0 0.941637 0.318623 0.0139339 0.0304931 0.339598
0 0.62576 0.0075728 0.018955 0.0146385 0.338086
0 0.530145 0.108835 0.0233183 0.0425467 0.336939
0 0.605087 0.280854 0.0197678 0.0338463 0.336589
0 0.866489 0.21703 0.0181201 0.0328917 0.334856
0 0.640032 0.25725 0.0210579 0.036426 0.333076
0 0.875146 0.611436 0.0148308 0.0335223 0.321887
0 0.881434 0.811334 0.021151 0.0372001 0.315387
0 0.951006 0.648757 0.0184078 0.0323897 0.311284
0 0.453621 0.4736 0.0128582 0.0254822 0.310697
0 0.830872 0.761369 0.0192379 0.0359216 0.309381
0 0.572739 0.0669852 0.0257713 0.0457813 0.308562
0 0.562331 0.238322 0.0162485 0.0267911 0.305046
0 0.931579 0.415795 0.0181667 0.0256975 0.301856
0 0.816738 0.244016 0.0120144 0.0278522 0.298938
0 0.956769 0.392962 0.013036 0.0210832 0.297567
0 0.882332 0.759389 0.0211124 0.0469486 0.294527
0 0.814192 0.0111585 0.0167423 0.0211531 0.293819
0 0.990868 0.0616053 0.0167595 0.0332115 0.289505
0 0.519642 0.533609 0.0368019 0.0491116 0.286305
0 0.75664 0.240049 0.0221942 0.0373387 0.283583
0 0.592004 0.220337 0.0161026 0.0346296 0.281103
0 0.818561 0.0447507 0.0192728 0.0302977 0.271887
0 0.984769 0.553899 0.0136197 0.0346854 0.267856
0 0.702547 0.0803658 0.0179014 0.0334087 0.264696
0 0.618796 0.264721 0.0179333 0.0290104 0.264573
0 0.771288 0.302285 0.0155029 0.0209718 0.262194
0 0.891878 0.635102 0.011665 0.0222075 0.261161
0 0.691428 0.198674 0.0277843 0.0635303 0.259861
0 0.914867 0.988223 0.018207 0.0222666 0.259654
0 0.970078 0.609514 0.0168304 0.029039 0.254388
0 0.997265 0.935705 0.00547085 0.0253011 0.25438
0 0.469214 0.463795 0.0132818 0.0232005 0.254111
0 0.855392 0.988342 0.0183331 0.0226461 0.250387
0 0.976472 0.79294 0.0174667 0.025882 0.248618
0 0.672398 0.189861 0.0140802 0.0303683 0.248327
0 0.82759 0.426754 0.0258978 0.0330163 0.244682
0 0.898107 0.891469 0.0160271 0.0219625 0.244433
0 0.792638 0.170628 0.0158432 0.0223046 0.241951
0 0.901489 0.408929 0.0172501 0.0302043 0.240477
0 0.848291 0.518627 0.0274895 0.0378335 0.240466
0 0.894061 0.499274 0.0171886 0.0270079 0.239194
0 0.75996 0.23836 0.0258195 0.0382437 0.237712
0 0.960252 0.805807 0.0164046 0.022426 0.236747
0 0.811746 0.774023 0.0191502 0.033019 0.234945
0 0.884534 0.0810955 0.0180607 0.0335953 0.233234
0 0.365569 0.601291 0.0316581 0.0639092 0.232448
0 0.861858 0.553108 0.0158497 0.0232909 0.230828
0 0.587319 0.501434 0.0220354 0.035737 0.229555
0 0.987409 0.0591077 0.0156975 0.0318248 0.224397
0 0.927927 0.105146 0.0130383 0.0214247 0.224345
0 0.85673 0.0486786 0.0186371 0.0311796 0.217927
0 0.879156 0.470063 0.0114674 0.0269508 0.217308
0 0.554617 0.460668 0.0267918 0.0689336 0.217004
0 0.969887 0.51611 0.0207903 0.0326299 0.21597
0 0.52056 0.148515 0.0214112 0.0370434 0.215901
0 0.693252 0.210156 0.0242174 0.0432125 0.213465
0 0.919258 0.598426 0.0234936 0.0485777 0.21029
0 0.819418 0.244267 0.00934219 0.0265274 0.210145
0 0.784051 0.220724 0.0125261 0.0297077 0.209988
0 0.543864 0.306281 0.022281 0.0408928 0.208439
0 0.887935 0.422826 0.0115631 0.0458805 0.208161
0 0.893356 0.338064 0.015749 0.0274394 0.207555
0 0.736109 0.0529098 0.0187419 0.036232 0.204924
0 0.877985 0.876819 0.017207 0.0311584 0.204158
0 0.857698 0.863588 0.0185886 0.0321638 0.203256
0 0.432395 0.476371 0.0218612 0.0392888 0.20175
0 0.935422 0.513016 0.0172165 0.034578 0.20011
