0 0.695267 0.182813 0.0258553 0.0466523 0.731233
0 0.138617 0.277783 0.0265878 0.0386592 0.715504
0 0.208999 0.501596 0.0252074 0.0367689 0.704094
0 0.654286 0.754293 0.0253208 0.041373 0.698982
0 0.722366 0.758279 0.0280355 0.0437785 0.696278
0 0.250147 0.889655 0.0254176 0.0403984 0.691452
0 0.264773 0.177738 0.0193538 0.0286383 0.684868
0 0.014576 0.584665 0.0256138 0.0384274 0.67343
0 0.26532 0.222041 0.0241072 0.0392921 0.667684
0 0.433373 0.144701 0.0256121 0.0344466 0.667149
0 0.870212 0.644231 0.0205414 0.0394823 0.656756
0 0.097118 0.321687 0.0198578 0.029605 0.654727
0 0.578322 0.774074 0.0213076 0.0345751 0.65114
0 0.732953 0.664167 0.0245801 0.0354493 0.650416
0 0.337707 0.945648 0.0183001 0.0357452 0.649921
0 0.430815 0.704713 0.0201461 0.0336817 0.648893
0 0.215072 0.327576 0.0215809 0.0453103 0.646417
0 0.559284 0.798806 0.0194508 0.0291836 0.645084
0 0.57266 0.842211 0.0219063 0.0360367 0.644231
0 0.989303 0.814178 0.0210622 0.0520781 0.64388
0 0.903321 0.524077 0.0189739 0.0303961 0.64086
0 0.924132 0.355215 0.0221834 0.03462 0.640204
0 0.495065 0.287235 0.0191414 0.0327916 0.639534
0 0.730698 0.321864 0.0230652 0.0334697 0.638785
0 0.447329 0.921517 0.0193504 0.0299918 0.638683
0 0.0296113 0.0811962 0.020405 0.0387845 0.638424
0 0.303684 0.676651 0.022034 0.0314542 0.638186
0 0.517651 0.61374 0.0162018 0.0300487 0.637901
0 0.44827 0.676742 0.0193581 0.0348356 0.637455
0 0.643319 0.823111 0.0163641 0.0265177 0.636797
0 0.589717 0.149325 0.0231743 0.0405046 0.636481
0 0.537458 0.481779 0.0180722 0.0313779 0.635454
0 0.240038 0.127444 0.0192118 0.03266 0.635013
0 0.339532 0.276282 0.016511 0.0318324 0.632148
0 0.306002 0.950783 0.0215405 0.0380621 0.631142
0 0.529021 0.361058 0.0221024 0.04047 0.628971
0 0.417733 0.927626 0.0224619 0.0330287 0.62822
0 0.589217 0.236385 0.0151745 0.0337228 0.625756
0 0.677367 0.860665 0.0183604 0.0353082 0.625137
0 0.0936949 0.0241903 0.0180872 0.0293892 0.623963
0 0.459677 0.150321 0.0164196 0.0306837 0.622274
0 0.065689 0.43527 0.0153367 0.0302429 0.620285
0 0.403577 0.751862 0.0191666 0.0289727 0.61754
0 0.865986 0.594753 0.0222473 0.0332499 0.617458
0 0.544202 0.0816661 0.0141762 0.027923 0.616202
0 0.886006 0.399485 0.024328 0.0389743 0.615458
0 0.533633 0.53413 0.0270247 0.0481203 0.61453
0 0.667342 0.552851 0.0218788 0.0313661 0.614339
0 0.381239 0.781409 0.0257557 0.0401788 0.613886
0 0.88384 0.134739 0.0147301 0.0261425 0.613816
0 0.0175584 0.131689 0.0234479 0.0337579 0.611529
0 0.343218 0.662765 0.0182676 0.0294699 0.61152
0 0.635214 0.5569 0.0241539 0.0379474 0.610837
0 0.98082 0.765903 0.0165268 0.028175 0.609007
0 0.75095 0.952514 0.0171033 0.0332848 0.608395
0 0.845727 0.552169 0.0141251 0.0268391 0.607557
0 0.839394 0.0492102 0.0152626 0.0265572 0.606955
0 0.678851 0.668777 0.0181236 0.0305991 0.606447
0 0.042122 0.765736 0.0212413 0.0367091 0.606043
0 0.0113464 0.895876 0.0222537 0.0353171 0.606041
0 0.15687 0.0607921 0.0159652 0.0312492 0.605129
0 0.454095 0.819417 0.015468 0.0325144 0.604709
0 0.107996 0.598559 0.0238084 0.0450901 0.604533
0 0.278727 0.895878 0.0173658 0.0296136 0.604237
0 0.156945 0.353591 0.0148318 0.0254402 0.602766
0 0.614085 0.493336 0.0153572 0.0273183 0.601393
0 0.481078 0.356598 0.0204209 0.0348477 0.600627
0 0.965695 0.359935 0.0150753 0.0284915 0.600427
0 0.959272 0.252859 0.0150249 0.0289456 0.60034
0 0.638363 0.078077 0.0250558 0.0431714 0.597178
0 0.221523 0.656664 0.0263077 0.0452632 0.597122
0 0.503909 0.516954 0.0188835 0.0360281 0.595482
0 0.55382 0.760989 0.0164299 0.0243849 0.594345
0 0.967576 0.116847 0.0153389 0.0312029 0.593572
0 0.591484 0.498595 0.0169239 0.0339119 0.592922
0 0.635477 0.323712 0.0253347 0.03914 0.591968
0 0.265634 0.0529104 0.0194822 0.0329455 0.59192
0 0.513348 0.679634 0.0165683 0.0278083 0.589819
0 0.886428 0.170359 0.0138565 0.0309359 0.588956
0 0.617264 0.454509 0.0147774 0.0223289 0.588172
0 0.94725 0.301663 0.0144173 0.0248236 0.587855
0 0.928508 0.677214 0.0158897 0.0288822 0.586945
0 0.403597 0.895626 0.0217204 0.032471 0.586873
0 0.846765 0.772961 0.0214649 0.0335792 0.586764
0 0.967973 0.719981 0.0176559 0.0332282 0.585721
0 0.550936 0.160491 0.0185819 0.0257695 0.583928
0 0.582789 0.0615744 0.0228775 0.0314009 0.58237
0 0.379895 0.51418 0.019739 0.0350837 0.581655
0 0.778544 0.411924 0.0176698 0.0355837 0.580884
0 0.6869 0.733617 0.0184225 0.0325236 0.579754
0 0.930397 0.58714 0.0182375 0.0354601 0.578703
0 0.947287 0.332302 0.0151232 0.0209574 0.578617
0 0.106603 0.977836 0.0159479 0.0256834 0.57512
0 0.976718 0.948707 0.014076 0.027194 0.574512
0 0.473061 0.581464 0.0157316 0.032342 0.57409
0 0.943183 0.372537 0.0139038 0.0246223 0.574074
0 0.0759347 0.743996 0.0180922 0.0348372 0.573998
0 0.482285 0.778157 0.0249264 0.0326353 0.573827
0 0.50625 0.810089 0.0167681 0.0263502 0.570288
0 0.852591 0.0780344 0.0164658 0.0299491 0.56912
0 0.390905 0.855904 0.0167325 0.0299452 0.568803
0 0.170883 0.4947 0.0155912 0.0228717 0.568633
0 0.409048 0.489268 0.0217413 0.0360594 0.56851
0 0.599115 0.413485 0.0132338 0.0254449 0.568384
0 0.62681 0.217801 0.0156869 0.0326285 0.565348
0 0.111435 0.946073 0.0161844 0.0247273 0.565317
0 0.191 0.200458 0.0292296 0.0508131 0.56501
0 0.961617 0.982532 0.0202194 0.032968 0.564993
0 0.732071 0.579166 0.014981 0.031058 0.564266
0 0.60254 0.912721 0.0210915 0.0271246 0.56389
0 0.143028 0.311634 0.0150674 0.0198654 0.563784
0 0.509342 0.565878 0.0168707 0.031458 0.562242
0 0.672026 0.912219 0.0144636 0.0261758 0.560984
0 0.735612 0.263111 0.0228524 0.0328156 0.559618
0 0.447904 0.210721 0.0199156 0.0303605 0.558824
0 0.14719 0.926442 0.0314181 0.0493473 0.55771
0 0.769565 0.658677 0.0176736 0.0427734 0.556867
0 0.826141 0.115545 0.0173092 0.0314226 0.556608
0 0.354559 0.198554 0.0156057 0.0301656 0.553958
0 0.8474 0.122673 0.0144899 0.0309634 0.553131
0 0.630861 0.418649 0.0189786 0.0382051 0.552714
0 0.53504 0.696491 0.0163279 0.0299069 0.552562
0 0.221034 0.166146 0.0163056 0.0276374 0.55197
0 0.521729 0.428298 0.023374 0.0366116 0.551433
0 0.992551 0.582871 0.0148977 0.0326384 0.549525
0 0.566551 0.615967 0.0158021 0.023387 0.549277
0 0.176538 0.690043 0.0129124 0.0249196 0.548983
0 0.193686 0.42726 0.0180965 0.0241596 0.54789
0 0.518076 0.261635 0.0168888 0.0318352 0.547861
0 0.896092 0.0837932 0.0188717 0.041426 0.546836
0 0.390332 0.931846 0.0163138 0.0256365 0.546633
0 0.830047 0.511968 0.0205837 0.0368564 0.545901
0 0.0344823 0.270288 0.0208563 0.0363305 0.54557
0 0.250825 0.842308 0.0186447 0.0293057 0.545521
0 0.993747 0.523469 0.0125071 0.0359806 0.543293
0 0.583472 0.874125 0.0152268 0.0262488 0.542468
0 0.815685 0.274579 0.0171612 0.0319892 0.542306
0 0.66293 0.305697 0.017002 0.0306299 0.541449
0 0.349453 0.983501 0.0184308 0.0312403 0.539934
0 0.244358 0.313935 0.0193532 0.0349976 0.539847
0 0.0726843 0.284338 0.0204048 0.037218 0.53926
0 0.586582 0.311117 0.0186718 0.0337303 0.535243
0 0.890994 0.839865 0.0170414 0.0358483 0.534531
0 0.366267 0.675725 0.0207074 0.0283442 0.53337
0 0.966991 0.18031 0.0166504 0.0248927 0.532651
0 0.561115 0.0791307 0.0185716 0.0376307 0.532353
0 0.600487 0.856822 0.0136326 0.0236693 0.532065
0 0.603137 0.97138 0.0243519 0.0404083 0.531039
0 0.0801761 0.930694 0.01797 0.0280511 0.530763
0 0.79042 0.844897 0.0168339 0.0328008 0.529791
0 0.90248 0.474575 0.0141226 0.0327464 0.528858
0 0.966009 0.287528 0.0156811 0.0235026 0.52871
0 0.960405 0.395452 0.0127741 0.0245633 0.528255
0 0.621526 0.139873 0.0147797 0.0289032 0.528075
0 0.48143 0.739739 0.0114759 0.0254113 0.525581
0 0.885015 0.767181 0.024506 0.0477817 0.525531
0 0.112604 0.238523 0.0236457 0.0357126 0.524937
0 0.650108 0.674092 0.0193172 0.0285606 0.524535
0 0.0555372 0.55807 0.0205951 0.0342446 0.523236
0 0.213897 0.269895 0.020418 0.0330092 0.522957
0 0.966326 0.146021 0.0136734 0.022149 0.521489
0 0.939734 0.447265 0.0190983 0.0337406 0.521482
0 0.917443 0.228737 0.013138 0.0247958 0.520372
0 0.946804 0.201263 0.0141483 0.0262312 0.519486
0 0.604038 0.582453 0.0169992 0.0308464 0.51782
0 0.274122 0.69322 0.0194538 0.0303519 0.517517
0 0.603864 0.371567 0.0153349 0.0286229 0.517005
0 0.51307 0.469421 0.0158716 0.0252979 0.515683
0 0.116334 0.0169858 0.0190396 0.0306903 0.514725
0 0.481806 0.843605 0.0176298 0.0298004 0.513579
0 0.942232 0.558142 0.016267 0.0266282 0.512772
0 0.159601 0.457984 0.0195027 0.0392478 0.511607
0 0.932424 0.751534 0.0175776 0.0305825 0.509838
0 0.833341 0.589181 0.0218243 0.0330674 0.509747
0 0.68264 0.1373 0.0183426 0.028623 0.50848
0 0.548766 0.416662 0.0195104 0.0497087 0.508313
0 0.232387 0.247638 0.0157043 0.0283273 0.507166
0 0.0797029 0.895021 0.0190032 0.0326002 0.506409
0 0.543746 0.194725 0.0190022 0.0292887 0.506324
0 0.157607 0.411477 0.0174545 0.0286375 0.506238
0 0.0837972 0.813358 0.0183345 0.028695 0.505773
0 0.899195 0.350436 0.0205738 0.0375516 0.504567
0 0.444531 0.855575 0.0146921 0.0266195 0.503429
0 0.48447 0.0149104 0.013985 0.0247882 0.503249
0 0.00993187 0.252243 0.0196798 0.0320244 0.502902
0 0.598692 0.274786 0.0126384 0.0274853 0.50164
0 0.010286 0.348638 0.0187658 0.0451284 0.501242
0 0.993043 0.0207487 0.0139145 0.0362739 0.500998
0 0.289078 0.141974 0.0165972 0.0266285 0.499617
0 0.75587 0.156464 0.0189494 0.0232609 0.498931
0 0.559943 0.987002 0.0203201 0.0251116 0.498749
0 0.984248 0.336447 0.0178955 0.0376332 0.496952
0 0.239417 0.610736 0.020481 0.024013 0.496402
0 0.40196 0.801189 0.013018 0.021971 0.49568
0 0.4923 0.56928 0.0169333 0.0388968 0.49514
0 0.916028 0.263907 0.0152302 0.0291549 0.495022
0 0.909419 0.695115 0.0192057 0.0428142 0.494752
0 0.460497 0.535948 0.0284811 0.0416935 0.494528
0 0.157643 0.221395 0.0233663 0.0388905 0.494234
0 0.0875719 0.51849 0.0151293 0.0304657 0.49334
0 0.631538 0.0271239 0.0201412 0.0333331 0.492831
0 0.314456 0.26009 0.0189702 0.0324106 0.49282
0 0.613995 0.176665 0.0182552 0.0246406 0.490464
0 0.128606 0.428849 0.0178354 0.0300835 0.490093
0 0.422486 0.541972 0.0211657 0.0361654 0.48969
0 0.343562 0.48247 0.0147848 0.0273504 0.489457
0 0.297731 0.58411 0.0203579 0.0344191 0.488576
0 0.280925 0.297914 0.026822 0.0467994 0.488223
0 0.969889 0.0701732 0.0162174 0.026458 0.487061
0 0.195473 0.77424 0.0213633 0.0298954 0.48627
0 0.987066 0.124641 0.0133259 0.0316582 0.485937
0 0.240873 0.0787 0.0145864 0.0282063 0.483469
0 0.73572 0.200481 0.0199689 0.0375914 0.48179
0 0.433341 0.778814 0.0163301 0.0297258 0.47913
0 0.570658 0.550912 0.0176651 0.0337606 0.478168
0 0.984498 0.239039 0.0153988 0.0327277 0.477334
0 0.204395 0.866299 0.0182307 0.031408 0.47617
0 0.991496 0.448703 0.0170085 0.0343492 0.475816
0 0.803807 0.442969 0.0130833 0.0253462 0.475744
0 0.42061 0.650575 0.0164123 0.0298691 0.475024
0 0.0264417 0.947439 0.0201701 0.0321363 0.474282
0 0.414281 0.0144185 0.0220825 0.0283399 0.473487
0 0.922012 0.0974438 0.0133984 0.0221647 0.473015
0 0.576473 0.943507 0.0182734 0.0331175 0.472338
0 0.193374 0.314525 0.0211811 0.0402501 0.47134
0 0.485833 0.521151 0.0168253 0.0290901 0.471034
0 0.628804 0.729702 0.0100012 0.024606 0.468103
0 0.934276 0.917241 0.0109772 0.0270806 0.467839
0 0.340818 0.442948 0.0161451 0.0297724 0.467769
0 0.560522 0.707978 0.0197482 0.0383476 0.466972
0 0.145647 0.932933 0.0259273 0.0443688 0.466262
0 0.57088 0.125095 0.0253857 0.0388152 0.466051
0 0.11352 0.076472 0.0124602 0.0250492 0.465422
0 0.765836 0.218607 0.0145646 0.0290454 0.465344
0 0.787423 0.090971 0.0149158 0.0251511 0.464095
0 0.267313 0.636619 0.0175533 0.0275039 0.463628
0 0.681499 0.500526 0.0199471 0.038893 0.463558
0 0.754326 0.439407 0.0134201 0.0305055 0.463267
0 0.78974 0.232503 0.0241833 0.0399093 0.462641
0 0.0270665 0.395688 0.0142177 0.026309 0.462228
0 0.245626 0.27324 0.0155037 0.0265179 0.461928
0 0.65679 0.452653 0.0151857 0.0260815 0.461802
0 0.0833873 0.249588 0.0190148 0.0361365 0.459608
0 0.379408 0.424038 0.018396 0.0300735 0.458856
0 0.84285 0.888345 0.0179876 0.0238724 0.458834
0 0.169652 0.768574 0.0162067 0.0205672 0.456315
0 0.260389 0.593102 0.0159082 0.0225663 0.456077
0 0.284874 0.045583 0.0217246 0.0406685 0.4558
0 0.678316 0.701887 0.0160901 0.0224837 0.455069
0 0.921127 0.71474 0.0148249 0.024272 0.45457
0 0.815022 0.238638 0.0157518 0.0248684 0.453734
0 0.183754 0.909656 0.0208925 0.0320752 0.453148
0 0.574869 0.123783 0.0183311 0.0361115 0.451489
0 0.345788 0.776972 0.0170725 0.0322559 0.449864
0 0.6191 0.281011 0.0206051 0.0343049 0.449632
0 0.700256 0.467776 0.0180052 0.0269152 0.449283
0 0.191367 0.551788 0.0154785 0.0313017 0.448612
0 0.37028 0.981985 0.0175378 0.0330838 0.447607
0 0.742809 0.126373 0.0183258 0.0358436 0.446957
0 0.0999357 0.872149 0.0231119 0.0369741 0.446711
0 0.491641 0.944347 0.0182032 0.0385407 0.445588
0 0.405491 0.558151 0.0162911 0.0325659 0.444603
0 0.469972 0.434441 0.0227539 0.0488077 0.444569
0 0.677451 0.451954 0.0178396 0.0341726 0.443694
0 0.637362 0.359219 0.0138199 0.0232469 0.44197
0 0.130214 0.579734 0.0102399 0.0261093 0.439527
0 0.238099 0.756596 0.013577 0.0244788 0.438437
0 0.909346 0.391558 0.0135502 0.0313443 0.437268
0 0.471465 0.970415 0.0175267 0.0323963 0.43642
0 0.450206 0.0688084 0.0176054 0.0313612 0.434877
0 0.0333919 0.349778 0.0235787 0.0340743 0.432585
0 0.488922 0.627594 0.0351112 0.0460086 0.431065
0 0.32989 0.896982 0.0152664 0.0306603 0.430532
0 0.327788 0.860571 0.014333 0.0308987 0.430141
0 0.071167 0.466717 0.0154933 0.0196647 0.427815
0 0.995279 0.407262 0.00944119 0.0275126 0.426641
0 0.3667 0.850114 0.0211919 0.0388897 0.425228
0 0.966935 0.795012 0.0194347 0.036104 0.424966
0 0.426291 0.885906 0.0158953 0.0208245 0.424138
0 0.818868 0.967639 0.019381 0.0284657 0.423947
0 0.931983 0.47843 0.0164036 0.0261332 0.423814
0 0.0764559 0.784704 0.0153394 0.0220584 0.423558
0 0.992398 0.945344 0.015205 0.0328831 0.423216
0 0.598205 0.449302 0.0157473 0.0266512 0.422953
0 0.717644 0.826912 0.0332764 0.0475067 0.421219
0 0.289819 0.777445 0.0195281 0.0325309 0.420288
0 0.807098 0.709735 0.0151121 0.0269898 0.419145
0 0.583523 0.64472 0.0195745 0.0298728 0.418916
0 0.697253 0.551475 0.0182124 0.0270937 0.418833
0 0.894812 0.437834 0.0170616 0.0289144 0.418583
0 0.50456 0.0621266 0.0210805 0.0336858 0.417208
0 0.504022 0.151111 0.0160562 0.0267261 0.416201
0 0.686113 0.326899 0.0213318 0.0347699 0.416149
0 0.992205 0.696132 0.0155907 0.0412143 0.415214
0 0.0581766 0.505351 0.0224537 0.0332419 0.414641
0 0.649611 0.240795 0.0159512 0.0291356 0.414466
0 0.80104 0.920734 0.0237467 0.0469954 0.413186
0 0.67302 0.236972 0.0214014 0.0293708 0.411906
0 0.0627343 0.188588 0.0145326 0.029931 0.410654
0 0.803235 0.584969 0.0341755 0.0485366 0.409452
0 0.59642 0.20149 0.0144858 0.0267342 0.408736
0 0.857484 0.972586 0.0167404 0.0382833 0.408683
0 0.803756 0.924573 0.0199841 0.0428552 0.408463
0 0.889673 0.0274481 0.0213191 0.0342898 0.408353
0 0.973095 0.0194657 0.0146605 0.0252736 0.407055
0 0.397702 0.437967 0.0154015 0.0235396 0.405615
0 0.495164 0.485376 0.0160181 0.0280977 0.404762
0 0.866827 0.120382 0.0182716 0.0313303 0.404462
0 0.900204 0.895444 0.027842 0.0359875 0.403174
0 0.649213 0.129437 0.0189131 0.030144 0.40312
0 0.702726 0.627613 0.0196915 0.0392553 0.403104
0 0.603736 0.105891 0.0191335 0.0301515 0.401549
0 0.465216 0.311666 0.0184036 0.0315648 0.401304
0 0.860799 0.560293 0.0133198 0.0256532 0.40101
0 0.857501 0.73573 0.0173235 0.0322801 0.400365
0 0.214585 0.130274 0.0181734 0.0219544 0.400135
0 0.294891 0.192868 0.0258895 0.0485377 0.400082
0 0.811679 0.804228 0.0144791 0.0328278 0.398629
0 0.588034 0.0109318 0.0170103 0.0195994 0.3982
0 0.00676248 0.0668657 0.0134487 0.0311422 0.397945
0 0.626616 0.518904 0.0178448 0.0266937 0.397445
0 0.107265 0.741886 0.0147342 0.0219854 0.397208
0 0.970474 0.838331 0.0132884 0.0302433 0.397033
0 0.992871 0.299206 0.0142591 0.0226129 0.396868
0 0.781096 0.740675 0.0237015 0.0390099 0.396791
0 0.743054 0.425909 0.0266069 0.0520582 0.396661
0 0.351519 0.738466 0.0170522 0.0285695 0.396103
0 0.379281 0.0112848 0.022177 0.0222123 0.395176
0 0.088658 0.0834737 0.0181062 0.0277244 0.395108
0 0.616931 0.352991 0.0109689 0.0246145 0.394427
0 0.363656 0.304755 0.0185805 0.0322404 0.394133
0 0.0582268 0.799773 0.0137921 0.024645 0.392092
0 0.328016 0.207781 0.0188356 0.0281854 0.391167
0 0.976663 0.406175 0.0146336 0.0240692 0.390958
0 0.0957781 0.776044 0.0122132 0.0254303 0.390452
0 0.150567 0.581017 0.0227244 0.0467741 0.388767
0 0.612495 0.21158 0.0162393 0.0358187 0.387915
0 0.862527 0.829105 0.0145275 0.0277737 0.38622
0 0.643425 0.00801654 0.022416 0.0156163 0.386178
0 0.863582 0.9159 0.0295455 0.0394389 0.384989
0 0.943273 0.269965 0.0126169 0.0289782 0.384878
0 0.155991 0.530336 0.0205054 0.0356474 0.384798
0 0.462706 0.100222 0.0136028 0.0228866 0.383282
0 0.191946 0.143057 0.022949 0.0369348 0.381263
0 0.204114 0.704865 0.0142997 0.0283415 0.380118
0 0.0679343 0.0328582 0.0155997 0.0309753 0.380026
0 0.48432 0.89792 0.0154708 0.0257524 0.379852
0 0.926596 0.403938 0.0132969 0.0216628 0.379225
0 0.00546103 0.52637 0.0108402 0.0411761 0.375067
0 0.197629 0.648215 0.0152248 0.0285964 0.373603
0 0.258814 0.560673 0.0199759 0.0280053 0.373259
0 0.214048 0.124775 0.0186869 0.0322638 0.371332
0 0.836236 0.731588 0.0183379 0.027301 0.371249
0 0.514765 0.332204 0.0119594 0.0211434 0.367941
0 0.639898 0.49551 0.0230756 0.0383639 0.365872
0 0.847863 0.509324 0.0109091 0.0328513 0.365121
0 0.957563 0.0430947 0.0156034 0.026924 0.364862
0 0.325163 0.61779 0.0201108 0.0344527 0.363343
0 0.324274 0.577544 0.0169766 0.0327483 0.361064
0 0.00919378 0.830527 0.0182579 0.0338464 0.359426
0 0.1024 0.917642 0.0145125 0.0184265 0.358301
0 0.94025 0.111058 0.0159973 0.0300721 0.358207
0 0.532713 0.113732 0.0156443 0.0258769 0.357995
0 0.37188 0.366281 0.0275023 0.0438005 0.357335
0 0.37234 0.219165 0.0226868 0.0413697 0.355214
0 0.688964 0.328635 0.0173333 0.0319652 0.354272
0 0.615328 0.402185 0.0126675 0.017392 0.353962
0 0.19283 0.458636 0.0281792 0.0345369 0.353923
0 0.393433 0.141807 0.0251587 0.0326225 0.35252
0 0.127066 0.797139 0.0226984 0.0332948 0.352329
0 0.463685 0.358853 0.0131611 0.031581 0.351712
0 0.789121 0.13769 0.0122546 0.0276494 0.351291
0 0.714604 0.403551 0.0243118 0.0393272 0.351116
0 0.36118 0.416114 0.0180115 0.0278641 0.350082
0 0.563861 0.490663 0.0193343 0.0358966 0.348874
0 0.47656 0.217874 0.0169579 0.0287962 0.348616
0 0.138964 0.649587 0.0155788 0.043674 0.348564
0 0.0537782 0.115205 0.0234793 0.0351409 0.34831
0 0.837853 0.927864 0.017305 0.0335015 0.347967
0 0.245472 0.78927 0.0152575 0.0279524 0.347733
0 0.0468642 0.686051 0.0208191 0.0336238 0.347636
0 0.115413 0.656988 0.026439 0.0447171 0.347054
0 0.66362 0.412013 0.0252306 0.0485921 0.345845
0 0.370668 0.606324 0.0189038 0.0289537 0.345272
0 0.572089 0.262929 0.0146778 0.0263576 0.342843
0 0.905648 0.209044 0.0175497 0.0292674 0.342495
0 0.941796 0.171927 0.0187504 0.0245551 0.342366
0 0.645375 0.276502 0.0149443 0.0264443 0.341456
0 0.577329 0.033813 0.0152965 0.0219022 0.34068
0 0.732171 0.485498 0.0188175 0.0293128 0.33919
0 0.185689 0.458453 0.017619 0.0325211 0.33902
0 0.968983 0.31906 0.0117522 0.0283489 0.334139
0 0.908447 0.296159 0.0159939 0.0301222 0.333401
0 0.683477 0.826473 0.0169946 0.0200653 0.333381
0 0.982622 0.914696 0.0195923 0.0338643 0.33272
0 0.0407332 0.46313 0.0226662 0.0323571 0.33269
0 0.961565 0.496808 0.0119144 0.0309865 0.3311
0 0.693415 0.0773184 0.0160917 0.0308715 0.330675
0 0.0872792 0.556258 0.0187411 0.0224557 0.329933
0 0.504864 0.985258 0.0167089 0.0281505 0.328286
0 0.0406956 0.521209 0.0157181 0.0296647 0.327827
0 0.299041 0.632581 0.021928 0.0298786 0.324881
0 0.0973651 0.710906 0.0197494 0.0250919 0.324456
0 0.0197503 0.519913 0.0156142 0.0283641 0.324054
0 0.494757 0.433573 0.0189512 0.0295012 0.324005
0 0.42687 0.430133 0.015889 0.0307973 0.321781
0 0.0791754 0.0759772 0.0177467 0.0375359 0.32168
0 0.0348591 0.564324 0.0139038 0.0278476 0.320506
0 0.160066 0.72753 0.0212249 0.033394 0.320156
0 0.825088 0.882252 0.0129795 0.0231951 0.319805
0 0.174026 0.0312634 0.0186304 0.033527 0.319405
0 0.565491 0.662541 0.0134318 0.0214937 0.31937
0 0.939682 0.2312 0.0169584 0.0253374 0.318832
0 0.532835 0.587035 0.0169098 0.0312385 0.317773
0 0.801525 0.499831 0.0131504 0.029572 0.31656
0 0.460136 0.627368 0.0186253 0.0345912 0.3165
0 0.716853 0.836822 0.0344074 0.0676761 0.315871
0 0.517755 0.732213 0.0200249 0.0312337 0.31186
0 0.0104895 0.479579 0.0113834 0.0229682 0.310146
0 0.0562354 0.253223 0.015065 0.0268681 0.310066
0 0.502223 0.32234 0.0130237 0.0210588 0.308877
0 0.191004 0.698098 0.0141495 0.0279648 0.30865
0 0.96252 0.931988 0.0161901 0.0320792 0.305377
0 0.677704 0.498904 0.0250512 0.0418404 0.3048
0 0.540678 0.637673 0.0186201 0.0356494 0.304156
0 0.105621 0.414573 0.0191217 0.0272753 0.303378
0 0.889021 0.289819 0.0176718 0.0347812 0.303192
0 0.225174 0.404055 0.0286801 0.0442907 0.302867
0 0.0480832 0.964698 0.0168327 0.0283817 0.302814
0 0.805396 0.929936 0.0181612 0.0328586 0.302197
0 0.262897 0.136856 0.0151981 0.0252348 0.301559
0 0.144455 0.190614 0.0110178 0.0257818 0.301247
0 0.988844 0.127236 0.0142227 0.0351316 0.300989
0 0.526769 0.9838 0.0176947 0.0306858 0.300603
0 0.310321 0.863384 0.0243987 0.0422867 0.300176
0 0.632836 0.93987 0.0161335 0.0304144 0.299738
0 0.696846 0.236951 0.0199858 0.0352661 0.299704
0 0.251792 0.430923 0.0215481 0.0328801 0.299453
0 0.919571 0.869702 0.0170742 0.0222978 0.298306
0 0.977441 0.545055 0.0176014 0.0324101 0.297738
0 0.336689 0.239089 0.0171166 0.0320422 0.297486
0 0.543028 0.732229 0.0132278 0.0238422 0.296923
0 0.437924 0.361131 0.0268444 0.0447216 0.296872
0 0.148746 0.776824 0.0172136 0.0269955 0.296715
0 0.323386 0.164213 0.0237814 0.0341951 0.291912
0 0.0404209 0.641334 0.0225957 0.0353446 0.290077
0 0.228065 0.847686 0.0125947 0.019142 0.289935
0 0.077446 0.0721407 0.0174438 0.0378045 0.286083
0 0.878333 0.510036 0.0219673 0.0363379 0.285699
0 0.808851 0.663394 0.0226284 0.0351604 0.285039
0 0.975 0.494717 0.0253407 0.0472376 0.283466
0 0.948686 0.723188 0.0155254 0.0297501 0.283367
0 0.0570165 0.0735456 0.0174315 0.0334651 0.283
0 0.921355 0.897693 0.0127815 0.0277245 0.280419
0 0.315634 0.860313 0.0361813 0.0341779 0.279006
0 0.224378 0.74797 0.0178013 0.0271929 0.278674
0 0.860687 0.867856 0.0159172 0.0220452 0.278272
0 0.0412964 0.0106328 0.0209961 0.0199801 0.277082
0 0.22398 0.882054 0.0161347 0.0240794 0.277037
0 0.343141 0.699548 0.0114095 0.024498 0.276066
0 0.711614 0.726008 0.0191896 0.0206438 0.275755
0 0.772694 0.607336 0.0161676 0.0341578 0.275673
0 0.223359 0.911486 0.0173535 0.0291456 0.275566
0 0.742822 0.538641 0.0271468 0.0348646 0.275235
0 0.660863 0.269647 0.0155361 0.0291605 0.273631
0 0.03288 0.486893 0.0140524 0.0159189 0.271106
0 0.298224 0.423245 0.0203106 0.0329224 0.270584
0 0.981723 0.235788 0.0200395 0.0369538 0.270262
0 0.527078 0.893971 0.016694 0.0345971 0.269317
0 0.34601 0.626345 0.0157995 0.0225546 0.269164
0 0.520908 0.0157255 0.0197867 0.0296565 0.2691
0 0.747345 0.434223 0.0246999 0.0397758 0.268924
0 0.278611 0.662106 0.0142975 0.0260876 0.268804
0 0.373465 0.556767 0.020969 0.0333679 0.267514
0 0.920317 0.145449 0.0174229 0.0306786 0.266401
0 0.308533 0.8973 0.0156717 0.0228895 0.265493
0 0.514958 0.113642 0.0239935 0.0374005 0.264967
0 0.112236 0.475781 0.0168989 0.024819 0.2646
0 0.843188 0.287739 0.0197887 0.0334951 0.263984
0 0.595016 0.27393 0.0184629 0.0272281 0.262985
0 0.952832 0.906367 0.0177841 0.0330468 0.261736
0 0.179999 0.0656483 0.0163194 0.0313417 0.261697
0 0.373035 0.930876 0.0135009 0.0331881 0.261688
0 0.497165 0.699799 0.0122981 0.0198718 0.261185
0 0.188617 0.64597 0.0232055 0.0268832 0.259961
0 0.450875 0.485681 0.0238493 0.0408803 0.259458
0 0.945572 0.561557 0.0198401 0.0303009 0.259411
0 0.804359 0.805048 0.024375 0.0378601 0.25941
0 0.562548 0.711917 0.0194914 0.0463918 0.259116
0 0.192398 0.647583 0.0244336 0.0283768 0.257874
0 0.988144 0.0853451 0.014922 0.0256188 0.257864
0 0.125915 0.537637 0.0121047 0.0342838 0.257151
0 0.933105 0.962765 0.0211807 0.0345566 0.256455
0 0.94922 0.853872 0.0186123 0.0264465 0.256013
0 0.866705 0.921114 0.0345745 0.0438374 0.254961
0 0.507074 0.155374 0.0187834 0.0256369 0.254452
0 0.359084 0.807458 0.016432 0.026138 0.254318
0 0.213192 0.117696 0.0202911 0.036621 0.254195
0 0.110328 0.544771 0.0178805 0.0286411 0.253846
0 0.671716 0.068957 0.0118172 0.0250847 0.252562
0 0.925849 0.547824 0.0161476 0.0225895 0.252541
0 0.232971 0.465529 0.0204578 0.0271971 0.252287
0 0.195518 0.365633 0.0183853 0.0315746 0.252157
0 0.973951 0.403861 0.0124241 0.0250027 0.25171
0 0.383856 0.475224 0.0158628 0.0304493 0.251325
0 0.548309 0.881489 0.0163605 0.029205 0.251045
0 0.964012 0.14484 0.0161362 0.0245641 0.250856
0 0.0163415 0.984395 0.0173122 0.0293122 0.250692
0 0.967411 0.545416 0.0217041 0.0328849 0.250371
0 0.119056 0.655846 0.019915 0.0437971 0.250065
0 0.0597974 0.754031 0.0102271 0.0252438 0.249664
0 0.540953 0.660715 0.022863 0.0304159 0.249311
0 0.577985 0.471228 0.0155996 0.0265842 0.247375
0 0.890091 0.248835 0.0185031 0.0306926 0.246593
0 0.863611 0.558486 0.0168388 0.0273333 0.246585
0 0.987406 0.447236 0.0198622 0.0326575 0.246328
0 0.24972 0.520715 0.0178853 0.0298932 0.246026
0 0.716529 0.178061 0.0133774 0.0285215 0.245975
0 0.90785 0.170653 0.0163574 0.0285659 0.242826
0 0.498061 0.232308 0.0173331 0.0249885 0.242576
0 0.321312 0.860596 0.0258588 0.0354606 0.241312
0 0.546959 0.269643 0.0242495 0.0370063 0.239752
0 0.0831433 0.613487 0.0198142 0.0325239 0.239718
0 0.617515 0.2516 0.0195408 0.0220725 0.239309
0 0.484771 0.629619 0.0261602 0.0404936 0.238687
0 0.695391 0.0101935 0.020907 0.01978 0.238059
0 0.0417949 0.729341 0.0170168 0.0246306 0.237671
0 0.247305 0.661745 0.0144989 0.0240365 0.23365
0 0.714989 0.0379908 0.0241125 0.0396597 0.233214
0 0.262582 0.594834 0.017872 0.0243917 0.231361
0 0.350859 0.150574 0.0178349 0.028447 0.229555
0 0.568508 0.416435 0.0134779 0.0390939 0.229389
0 0.35681 0.932901 0.0174617 0.0329365 0.228786
0 0.711825 0.132687 0.0178591 0.032606 0.228455
0 0.11297 0.837174 0.0200315 0.0307371 0.227468
0 0.081467 0.968049 0.0190961 0.0226834 0.226566
0 0.96423 0.214209 0.0108883 0.0188028 0.226537
0 0.285186 0.29961 0.0205331 0.0445029 0.225774
0 0.789376 0.287663 0.0246921 0.0422026 0.225142
0 0.943938 0.658684 0.0100281 0.026138 0.223493
0 0.312367 0.807406 0.0201232 0.03585 0.223457
0 0.427469 0.97253 0.0171797 0.0363997 0.223033
0 0.567297 0.491738 0.0254763 0.0422347 0.222778
0 0.942122 0.656826 0.0102798 0.0251781 0.222664
0 0.216768 0.132402 0.0168334 0.0222722 0.222486
0 0.920003 0.137144 0.0190727 0.0459183 0.221266
0 0.014278 0.169615 0.0157968 0.0269151 0.220114
0 0.284147 0.111362 0.0223681 0.0329306 0.21966
0 0.826829 0.658811 0.0148483 0.0238927 0.219222
0 0.049173 0.689421 0.0216295 0.0319271 0.219062
0 0.360884 0.896314 0.0163164 0.0197639 0.218674
0 0.547366 0.298205 0.0147596 0.0183844 0.21783
0 0.266745 0.598096 0.0219624 0.0276846 0.216734
0 0.0185583 0.986643 0.0184454 0.025372 0.215019
0 0.869403 0.553152 0.016265 0.0268112 0.21483
0 0.183095 0.953412 0.0238111 0.0325938 0.214425
0 0.117774 0.707869 0.0166597 0.0262482 0.213999
0 0.957676 0.425472 0.011276 0.0236632 0.213538
0 0.322389 0.0642794 0.0195501 0.0299647 0.212398
0 0.105601 0.513334 0.0181303 0.0259371 0.212226
0 0.95267 0.470365 0.0122065 0.0219335 0.212076
0 0.972469 0.54493 0.0258949 0.0336104 0.210992
0 0.0830333 0.0801225 0.0213068 0.0328764 0.210327
0 0.469115 0.708704 0.0169226 0.017889 0.20924
0 0.0295635 0.312326 0.0187557 0.033449 0.20649
0 0.197754 0.807234 0.0146561 0.0245348 0.205871
0 0.18117 0.964782 0.0234456 0.0481822 0.205038
0 0.420466 0.614429 0.0169231 0.0283668 0.20462
0 0.543764 0.66336 0.0176797 0.0272167 0.202649
0 0.796305 0.497241 0.0226574 0.0330883 0.20221
0 0.00632283 0.790988 0.0124095 0.0223314 0.201406
0 0.576621 0.187511 0.0186019 0.0341129 0.201157
0 0.265022 0.786562 0.0159466 0.0350484 0.200238
0 0.182211 0.390378 0.0232067 0.0339103 0.200058
