0 0.0362774 0.619267 0.0361106 0.0646557 0.705261
0 0.0496394 0.27652 0.0248648 0.0516283 0.705099
0 0.124052 0.0377434 0.0385387 0.0754868 0.698083
0 0.0231947 0.179184 0.0327571 0.0781314 0.693464
0 0.125326 0.142376 0.0278623 0.0753349 0.687424
0 0.275127 0.45148 0.0223841 0.0481796 0.678806
0 0.366591 0.16744 0.0301059 0.0596968 0.672826
0 0.0703134 0.501095 0.0281405 0.0548751 0.668037
0 0.258469 0.308189 0.027044 0.0620839 0.658862
0 0.193229 0.5621 0.0224614 0.0525879 0.656998
0 0.237358 0.0221067 0.0229427 0.0430955 0.65064
0 0.157235 0.553867 0.0256054 0.0559989 0.648451
0 0.338212 0.201418 0.0234725 0.0442849 0.646402
0 0.0703251 0.610337 0.017822 0.0401288 0.629338
0 0.309077 0.257047 0.0243885 0.0433458 0.627918
0 0.0290946 0.10143 0.0219272 0.0438993 0.624054
0 0.154614 0.417009 0.0227226 0.043047 0.623586
0 0.229746 0.426127 0.0239071 0.0473011 0.622992
0 0.576401 0.593069 0.022224 0.0447539 0.615996
0 0.10174 0.721663 0.0225471 0.0387016 0.6153
0 0.082922 0.441841 0.0300351 0.0636642 0.615054
0 0.0234468 0.889797 0.0193943 0.0368196 0.604756
0 0.469008 0.259518 0.0140105 0.0280512 0.60251
0 0.521261 0.396452 0.0140784 0.0265155 0.602036
0 0.0747347 0.747558 0.0209439 0.0500698 0.601824
0 0.104154 0.85238 0.0229156 0.0376901 0.601742
0 0.487597 0.248261 0.0149593 0.0260027 0.600449
0 0.300833 0.312598 0.032413 0.0439016 0.597539
0 0.461663 0.301608 0.0147579 0.0259418 0.595688
0 0.248922 0.191121 0.0150473 0.0362148 0.595403
0 0.514403 0.438412 0.0149431 0.028942 0.591687
0 0.0846109 0.577856 0.0169014 0.0338267 0.591243
0 0.0662269 0.846234 0.0156951 0.0327147 0.591016
0 0.54918 0.580822 0.0153661 0.027238 0.590526
0 0.255564 0.101804 0.022112 0.0407926 0.588739
0 0.0767187 0.915481 0.0264221 0.0536564 0.585406
0 0.325732 0.664009 0.0216287 0.0389753 0.583824
0 0.523412 0.185349 0.0178741 0.0315994 0.583434
0 0.487174 0.367656 0.0144302 0.0252306 0.582965
0 0.479993 0.292888 0.0144435 0.0273088 0.576178
0 0.0122035 0.266944 0.0243374 0.0858467 0.573199
0 0.478813 0.413365 0.0148938 0.0285751 0.572014
0 0.219633 0.547088 0.0161205 0.0381698 0.571639
0 0.487251 0.488192 0.0159324 0.0283836 0.571613
0 0.0502342 0.763494 0.0245777 0.0523441 0.569745
0 0.521377 0.231415 0.0167912 0.0268862 0.569066
0 0.49283 0.025174 0.017667 0.0298125 0.568703
0 0.506394 0.479586 0.0163556 0.0252094 0.568391
0 0.473708 0.454073 0.0156093 0.0264577 0.567734
0 0.439541 0.307777 0.0149237 0.0275232 0.567501
0 0.491848 0.0733706 0.0153299 0.0270921 0.567069
0 0.47311 0.334337 0.0143867 0.0266826 0.565833
0 0.515133 0.314673 0.0136776 0.0248464 0.563798
0 0.0888762 0.324407 0.0308083 0.0767159 0.563329
0 0.52818 0.473373 0.0150692 0.0252443 0.561501
0 0.250746 0.0638902 0.0199945 0.0328095 0.560154
0 0.132591 0.775066 0.0157735 0.0322511 0.560101
0 0.521541 0.513713 0.0142948 0.023836 0.559691
0 0.495576 0.325634 0.0136984 0.0314606 0.557396
0 0.504816 0.154891 0.0138775 0.0286805 0.557201
0 0.426176 0.27609 0.0151873 0.0271066 0.552116
0 0.507669 0.103423 0.0146364 0.0277877 0.550206
0 0.459454 0.534845 0.0143853 0.0261452 0.54533
0 0.253687 0.432967 0.0166218 0.035313 0.545118
0 0.447046 0.269351 0.0150318 0.0289984 0.544036
0 0.431598 0.470879 0.0145678 0.0295936 0.543924
0 0.478784 0.528256 0.0134628 0.026131 0.542061
0 0.445935 0.504789 0.0144302 0.0258782 0.54205
0 0.123801 0.708406 0.0168887 0.0345615 0.541096
0 0.409 0.392909 0.0143627 0.0261487 0.540753
0 0.462416 0.181872 0.0137412 0.0245131 0.536912
0 0.45198 0.459925 0.0143656 0.0249354 0.535483
0 0.500383 0.401282 0.0156941 0.0233248 0.535271
0 0.410878 0.358366 0.0153824 0.0261562 0.534312
0 0.534516 0.432727 0.0138291 0.0238674 0.534132
0 0.528801 0.35242 0.013224 0.0254565 0.534078
0 0.512406 0.0549541 0.0155994 0.0293298 0.533101
0 0.431011 0.349477 0.0141129 0.0220301 0.531384
0 0.49249 0.44599 0.0145981 0.0259408 0.529571
0 0.465735 0.492425 0.0136272 0.0279807 0.528813
0 0.502086 0.283245 0.0137411 0.0265482 0.527776
0 0.466157 0.146891 0.0131922 0.0243266 0.527548
0 0.508577 0.35861 0.0134999 0.0262124 0.527192
0 0.545564 0.163516 0.0144179 0.0257909 0.526969
0 0.350574 0.250452 0.0162471 0.0284806 0.525204
0 0.0941915 0.813591 0.0248404 0.0499049 0.524019
0 0.548331 0.114068 0.0147846 0.0269657 0.5237
0 0.52642 0.588382 0.0155118 0.0295565 0.522408
0 0.468827 0.0937128 0.0151136 0.0270072 0.521931
0 0.493207 0.55967 0.0137878 0.0240452 0.521629
0 0.419214 0.432363 0.0155926 0.0257993 0.520814
0 0.531665 0.0832291 0.0160809 0.0286711 0.518192
0 0.473108 0.567985 0.0141638 0.0226226 0.517621
0 0.471862 0.0442178 0.0142233 0.0288471 0.516545
0 0.203533 0.0443894 0.0345909 0.0785231 0.515781
0 0.453828 0.344221 0.014216 0.0239353 0.515699
0 0.541218 0.388724 0.0127398 0.0203499 0.51061
0 0.475134 0.213125 0.0134401 0.0240479 0.51059
0 0.541101 0.503584 0.0136236 0.0265763 0.505823
0 0.263799 0.218884 0.021544 0.0433472 0.505788
0 0.153953 0.491129 0.0295207 0.0705379 0.504989
0 0.0580303 0.02025 0.0308997 0.0405 0.50043
0 0.298578 0.365139 0.0148893 0.0315658 0.497079
0 0.425926 0.395141 0.0114096 0.023713 0.491614
0 0.410037 0.694812 0.0247521 0.0394806 0.491037
0 0.498316 0.520931 0.0144869 0.0257928 0.490762
0 0.248907 0.484398 0.019434 0.0362378 0.490556
0 0.100617 0.266368 0.0326816 0.0589509 0.490551
0 0.018648 0.770988 0.0286436 0.0559587 0.489634
0 0.548192 0.462682 0.0124742 0.0235716 0.489198
0 0.433662 0.233546 0.0133551 0.0246745 0.488066
0 0.445705 0.385743 0.0125313 0.0246408 0.486191
0 0.0472141 0.85857 0.0134351 0.0261565 0.485083
0 0.488108 0.601657 0.0156458 0.0258898 0.4838
0 0.0646888 0.806399 0.0269844 0.04829 0.483629
0 0.559723 0.617101 0.0142662 0.0229948 0.482403
0 0.396878 0.32352 0.0137056 0.0278484 0.482371
0 0.552879 0.0154175 0.0149927 0.0264006 0.480574
0 0.526664 0.0280808 0.0136857 0.023787 0.479903
0 0.512156 0.557778 0.0140246 0.024322 0.479503
0 0.541357 0.215053 0.0152159 0.0227128 0.473755
0 0.570361 0.0398002 0.0124969 0.0258036 0.473303
0 0.26588 0.501182 0.0223785 0.0440812 0.470669
0 0.452863 0.222148 0.0129255 0.0228523 0.470469
0 0.946236 0.979642 0.0139896 0.0253577 0.468687
0 0.540483 0.624914 0.0129277 0.0256355 0.468683
0 0.563817 0.194491 0.0133539 0.0253979 0.465784
0 0.544653 0.0518795 0.0140944 0.0249081 0.462061
0 0.555474 0.660796 0.0136683 0.0228304 0.461544
0 0.458602 0.417396 0.0141196 0.0238937 0.461234
0 0.534473 0.546799 0.0136917 0.0212981 0.455764
0 0.419236 0.316158 0.01441 0.0227156 0.453097
0 0.300771 0.195615 0.0340054 0.0536971 0.449699
0 0.392584 0.0234511 0.0153977 0.0277254 0.44672
0 0.18317 0.504082 0.0203658 0.0466166 0.446111
0 0.405757 0.284049 0.0133881 0.0244363 0.44581
0 0.175327 0.35166 0.0289187 0.0473886 0.444058
0 0.539752 0.263725 0.012513 0.0267348 0.438886
0 0.333723 0.048912 0.0145364 0.0246916 0.438519
0 0.557525 0.422895 0.0128291 0.0263354 0.429459
0 0.467202 0.373227 0.012958 0.0222719 0.427745
0 0.429711 0.0719173 0.0199781 0.0408606 0.424874
0 0.439306 0.426704 0.0132168 0.0197291 0.419477
0 0.55535 0.54194 0.0134134 0.0218525 0.411999
0 0.85432 0.727779 0.0153422 0.0256248 0.408636
0 0.281326 0.254086 0.0169519 0.0287718 0.40586
0 0.00710476 0.840026 0.0141873 0.0378554 0.404478
0 0.557471 0.295323 0.0147848 0.0257351 0.401668
0 0.418762 0.141853 0.0313602 0.0766808 0.398502
0 0.213806 0.673567 0.0330202 0.0592951 0.39739
0 0.0196982 0.807778 0.0248097 0.0368123 0.380599
0 0.29068 0.654409 0.0183509 0.0321581 0.376331
0 0.288874 0.0909145 0.0136426 0.023117 0.37516
0 0.502786 0.636316 0.0145416 0.0269443 0.366011
0 0.426738 0.0710854 0.0248976 0.0479078 0.364051
0 0.549433 0.702223 0.0147302 0.0265595 0.362287
0 0.308557 0.0699776 0.0138338 0.024059 0.362198
0 0.210742 0.205272 0.0263971 0.038487 0.36177
0 0.983905 0.963235 0.0151329 0.0257255 0.361629
0 0.534247 0.666191 0.0125752 0.0251011 0.361581
0 0.119454 0.448771 0.0236223 0.0445438 0.35899
0 0.505674 0.597492 0.0141472 0.0242734 0.353105
0 0.936623 0.113888 0.0144025 0.0271969 0.347816
0 0.519856 0.663809 0.0152172 0.0280099 0.347093
0 0.384447 0.209021 0.0378689 0.0601312 0.344655
0 0.233754 0.521276 0.0194672 0.0388293 0.343086
0 0.924957 0.966585 0.0170235 0.0330068 0.341596
0 0.256823 0.663052 0.0280692 0.0407018 0.336726
0 0.560975 0.2461 0.0119268 0.022967 0.33302
0 0.372077 0.00702687 0.015523 0.0140537 0.327836
0 0.348922 0.0730023 0.0119741 0.0230434 0.327673
0 0.060643 0.961156 0.0223943 0.048292 0.324216
0 0.958635 0.871782 0.0142452 0.0271316 0.320178
0 0.305851 0.117913 0.0128026 0.0217757 0.316592
0 0.215497 0.265271 0.0205433 0.0443711 0.314945
0 0.943454 0.936183 0.015815 0.0293386 0.314666
0 0.101957 0.277375 0.0349157 0.0752535 0.311843
0 0.0424268 0.979207 0.0150854 0.0382354 0.309151
0 0.121807 0.50453 0.0253129 0.0508612 0.303306
0 0.560083 0.0769078 0.0135471 0.0234096 0.302435
0 0.994235 0.549595 0.0115303 0.0389129 0.298889
0 0.0196577 0.960227 0.0256477 0.0607116 0.296581
0 0.384304 0.292445 0.0130424 0.026806 0.290877
0 0.154288 0.322162 0.0205286 0.0355554 0.288961
0 0.487628 0.124839 0.0155808 0.0243446 0.284574
0 0.113457 0.302509 0.0141098 0.0406364 0.279147
0 0.452682 0.0142015 0.0124712 0.0182331 0.274457
0 0.527504 0.140266 0.0151765 0.0275085 0.274289
0 0.860098 0.760737 0.0124495 0.0242185 0.273308
0 0.15489 0.702122 0.0297845 0.0579954 0.270559
0 0.56709 0.145551 0.0131688 0.0214601 0.268052
0 0.229931 0.129578 0.0222136 0.0447357 0.261707
0 0.115969 0.557829 0.0331278 0.0553998 0.260545
0 0.448815 0.148633 0.0129523 0.0208185 0.257302
0 0.00673408 0.909735 0.013224 0.0359029 0.254814
0 0.228381 0.108279 0.0256585 0.0858982 0.251504
0 0.144248 0.7269 0.0202083 0.0364817 0.24694
0 0.102901 0.770036 0.0227814 0.0400555 0.245347
0 0.504524 0.2492 0.0111979 0.0231903 0.244235
0 0.252028 0.663238 0.0207419 0.0399752 0.241163
0 0.563327 0.500111 0.0143695 0.0206763 0.236183
0 0.18799 0.442035 0.0169997 0.0299567 0.231476
0 0.372096 0.674187 0.0245108 0.0393349 0.224093
0 0.51073 0.00704873 0.0134014 0.0140975 0.222588
0 0.0102412 0.839992 0.020106 0.0389076 0.221794
0 0.575919 0.726687 0.0183403 0.0372508 0.221331
0 0.991123 0.0251557 0.0162903 0.0280168 0.220163
0 0.203062 0.0561057 0.0330574 0.0560579 0.216933
0 0.422728 0.0718829 0.0332905 0.0526502 0.216638
0 0.40146 0.138269 0.0228865 0.0609487 0.215752
0 0.209937 0.457877 0.0217764 0.0382091 0.212841
0 0.310932 0.0186503 0.0117359 0.0227001 0.210992
0 0.84291 0.778516 0.0215145 0.0334512 0.210979
0 0.146699 0.71153 0.0244216 0.0675906 0.207481
0 0.792042 0.683742 0.0201073 0.045016 0.200352
0 0.03448 0.0513461 0.0237897 0.0372394 0.200213
