0 0.747976 0.494175 0.028194 0.0428504 0.717878
0 0.595953 0.610891 0.0270885 0.0471686 0.704215
0 0.823024 0.716089 0.0383198 0.0591651 0.697981
0 0.381877 0.0820954 0.0225513 0.0407464 0.696041
0 0.449873 0.273161 0.025271 0.059322 0.695356
0 0.649568 0.33 0.0306349 0.0475995 0.69475
0 0.597774 0.426773 0.0226289 0.0550613 0.688616
0 0.453725 0.069222 0.0240204 0.0496235 0.687026
0 0.594183 0.506502 0.0217103 0.0458128 0.684211
0 0.181214 0.0696633 0.0311267 0.056168 0.683933
0 0.477542 0.809496 0.0417854 0.0501584 0.681616
0 0.139116 0.308175 0.0269378 0.0450268 0.68105
0 0.398411 0.380525 0.0298982 0.0455643 0.676996
0 0.196456 0.123743 0.0190728 0.0330987 0.671775
0 0.300641 0.0981377 0.0213649 0.0375188 0.671173
0 0.250989 0.628493 0.0201505 0.0351749 0.669734
0 0.73476 0.226061 0.0276913 0.0486803 0.667777
0 0.686567 0.145291 0.0260162 0.0462864 0.665063
0 0.406678 0.743351 0.023496 0.0423102 0.660972
0 0.341242 0.0619056 0.0236423 0.0385897 0.660189
0 0.430159 0.824463 0.0216852 0.0357931 0.660079
0 0.563634 0.416531 0.0178853 0.0382628 0.658714
0 0.637615 0.158521 0.0167799 0.0307516 0.652218
0 0.572327 0.299963 0.0200303 0.0358593 0.651607
0 0.36424 0.648153 0.0191757 0.0333702 0.650625
0 0.472574 0.76099 0.021298 0.039506 0.647555
0 0.197408 0.609441 0.0228338 0.0339917 0.645124
0 0.680762 0.421286 0.0202846 0.0380839 0.644383
0 0.730585 0.179331 0.0171637 0.0281317 0.642927
0 0.574548 0.0183246 0.0239177 0.0365186 0.639854
0 0.610653 0.0118256 0.0256927 0.0235285 0.636617
0 0.695101 0.347423 0.0225397 0.0312961 0.632846
0 0.530099 0.230214 0.0183021 0.0335633 0.630307
0 0.543555 0.0188356 0.022049 0.0373611 0.629674
0 0.610611 0.186986 0.0202072 0.0467206 0.629627
0 0.67113 0.378266 0.0163792 0.0347483 0.628879
0 0.300948 0.98087 0.0201007 0.0360654 0.628547
0 0.429429 0.168522 0.0192682 0.0363522 0.627842
0 0.590313 0.356895 0.0219074 0.0358572 0.625189
0 0.1782 0.218188 0.0282697 0.0448505 0.623525
0 0.796344 0.017573 0.0222343 0.0346771 0.622481
0 0.405721 0.868524 0.0198509 0.0437954 0.621914
0 0.479521 0.296531 0.0204418 0.0304508 0.619552
0 0.547082 0.273309 0.0223364 0.0355273 0.617977
0 0.402277 0.140354 0.0197574 0.0381406 0.617593
0 0.651107 0.198901 0.0222046 0.0293038 0.615588
0 0.720399 0.145978 0.0198984 0.0358619 0.614118
0 0.320165 0.756858 0.0274582 0.0607218 0.613804
0 0.52171 0.0871987 0.0177347 0.0321749 0.61315
0 0.498054 0.722949 0.0224431 0.0363166 0.611699
0 0.479363 0.688576 0.0246456 0.0463833 0.610186
0 0.0362864 0.786196 0.0143364 0.0213708 0.610088
0 0.236792 0.124328 0.0179575 0.0310665 0.609205
0 0.0440766 0.189933 0.0164776 0.0297361 0.606465
0 0.873198 0.253929 0.0147831 0.0198602 0.602706
0 0.105382 0.906809 0.0159266 0.0222753 0.596301
0 0.0180814 0.0112849 0.0159198 0.0224734 0.593315
0 0.242597 0.0166895 0.020287 0.0327638 0.592394
0 0.598052 0.548223 0.0197462 0.0328915 0.592036
0 0.442411 0.514091 0.0269593 0.042088 0.588991
0 0.84917 0.178505 0.0147884 0.0220345 0.586163
0 0.0725799 0.577288 0.0151347 0.0237526 0.585916
0 0.578402 0.397634 0.0131425 0.0274388 0.583029
0 0.956486 0.1563 0.0162338 0.0225487 0.582875
0 0.0133442 0.130864 0.0167704 0.0302415 0.580733
0 0.392608 0.013027 0.0196047 0.0258443 0.576289
0 0.174011 0.467181 0.0153272 0.0220645 0.575492
0 0.0435645 0.818809 0.0132622 0.0217587 0.575421
0 0.529687 0.488993 0.0174018 0.0319202 0.574692
0 0.620897 0.135987 0.0192024 0.0341713 0.574376
0 0.0429961 0.0399009 0.0156002 0.0292711 0.5737
0 0.937333 0.166592 0.0150738 0.018689 0.572413
0 0.826946 0.189561 0.0145649 0.0234077 0.571124
0 0.857522 0.233861 0.0152893 0.0217448 0.570159
0 0.0309613 0.167966 0.0159205 0.030656 0.569955
0 0.906719 0.299961 0.0141201 0.0185513 0.568756
0 0.765092 0.14889 0.0305738 0.0727876 0.567012
0 0.890656 0.276121 0.0139339 0.0206588 0.566667
0 0.3129 0.0420491 0.0153834 0.0222587 0.564979
0 0.00407804 0.895003 0.00813573 0.0242883 0.562973
0 0.291867 0.329859 0.014077 0.0236635 0.562348
0 0.145792 0.632725 0.0148035 0.02464 0.560527
0 0.0856079 0.912141 0.0145928 0.0217801 0.559217
0 0.898968 0.330483 0.0147078 0.020007 0.559198
0 0.238316 0.665069 0.0213104 0.0395775 0.558889
0 0.26242 0.667366 0.0230748 0.0478421 0.557855
0 0.0375804 0.885804 0.0147625 0.0212425 0.557445
0 0.0943138 0.943257 0.0141643 0.021624 0.557258
0 0.851935 0.266006 0.0150473 0.0199912 0.555979
0 0.808542 0.170498 0.0157326 0.0265463 0.553997
0 0.652563 0.368596 0.0156651 0.0239458 0.553076
0 0.09717 0.191946 0.0159605 0.0337544 0.552203
0 0.634799 0.0277378 0.0177832 0.0323553 0.551751
0 0.0249579 0.720343 0.0146646 0.0224097 0.549268
0 0.0843864 0.112404 0.0161905 0.0350222 0.548829
0 0.0580875 0.879685 0.0144444 0.0232215 0.548678
0 0.0538368 0.579186 0.0150432 0.0264929 0.54813
0 0.00682999 0.824582 0.0135321 0.0231116 0.547825
0 0.218517 0.82303 0.0196816 0.0329254 0.547313
0 0.887473 0.059017 0.0162573 0.0241088 0.546434
0 0.859547 0.321535 0.0146931 0.0207074 0.546238
0 0.0776532 0.19137 0.01578 0.0288129 0.544517
0 0.222294 0.0496815 0.020714 0.0351468 0.544148
0 0.268191 0.962153 0.0166869 0.0321945 0.543144
0 0.153949 0.76205 0.0151694 0.0244259 0.542981
0 0.884845 0.398653 0.0141689 0.0196961 0.542659
0 0.272314 0.209056 0.0153109 0.0230365 0.541754
0 0.120522 0.604168 0.014579 0.024346 0.541219
0 0.320615 0.422356 0.0138091 0.0219552 0.540834
0 0.167894 0.728327 0.0145031 0.0229965 0.539205
0 0.0356811 0.684746 0.0151644 0.0240673 0.537266
0 0.0313933 0.75395 0.0142492 0.022388 0.537038
0 0.949074 0.0183699 0.0136444 0.0199031 0.536446
0 0.881107 0.218615 0.0148508 0.020347 0.535926
0 0.153277 0.970815 0.0286839 0.0553626 0.535745
0 0.103915 0.805133 0.0127503 0.0203074 0.535227
0 0.903015 0.209697 0.0145233 0.0209206 0.533628
0 0.0639332 0.0430949 0.0134706 0.0333466 0.531858
0 0.014458 0.277527 0.0167231 0.0280659 0.530634
0 0.735633 0.809146 0.012388 0.0174911 0.5299
0 0.670895 0.854757 0.0142012 0.0221917 0.529803
0 0.964631 0.420103 0.0168108 0.0239464 0.529664
0 0.245287 0.23065 0.0134528 0.0191432 0.5296
0 0.0970159 0.874195 0.0142738 0.0223726 0.529575
0 0.230819 0.414369 0.0136014 0.0228061 0.529547
0 0.986615 0.0306355 0.0130817 0.0208061 0.528609
0 0.822739 0.0999182 0.015242 0.0194397 0.528477
0 0.0149651 0.956504 0.0144507 0.0207438 0.528063
0 0.875602 0.344429 0.0136388 0.0216016 0.52743
0 0.478264 0.361561 0.0164291 0.0292472 0.526934
0 0.914815 0.354483 0.0145226 0.0213117 0.526903
0 0.841957 0.213078 0.0146755 0.021836 0.526757
0 0.0199661 0.889126 0.013196 0.0211876 0.526486
0 0.739069 0.770314 0.0140027 0.0220744 0.525813
0 0.00477857 0.624371 0.00954866 0.0205534 0.5254
0 0.0406334 0.229693 0.0170468 0.0342646 0.525199
0 0.556945 0.457604 0.0171114 0.0337808 0.524357
0 0.0713639 0.845379 0.0143214 0.0217977 0.524341
0 0.380195 0.739799 0.0174797 0.0345768 0.524324
0 0.0838724 0.810047 0.0126129 0.0181434 0.524087
0 0.965156 0.0434736 0.0145823 0.0194504 0.522981
0 0.0530272 0.952451 0.0134518 0.0182807 0.522516
0 0.91955 0.230906 0.0145996 0.0213731 0.522427
0 0.181544 0.790071 0.0148959 0.0210683 0.522267
0 0.0347881 0.584108 0.0152849 0.0238911 0.521182
0 0.0116203 0.856638 0.0155495 0.0203803 0.521154
0 0.034567 0.953595 0.0130489 0.0179901 0.519684
0 0.252237 0.713325 0.026117 0.0384777 0.519466
0 0.290917 0.447457 0.0134285 0.0203995 0.519202
0 0.935034 0.251729 0.0133263 0.0197102 0.519165
0 0.161282 0.796003 0.0133376 0.0176838 0.51908
0 0.0260212 0.82152 0.0133252 0.0185047 0.518783
0 0.285953 0.367042 0.0135531 0.0206898 0.518656
0 0.161204 0.418512 0.0134174 0.024284 0.517589
0 0.00995042 0.656442 0.0149127 0.0214193 0.517221
0 0.963794 0.0812358 0.0134811 0.022874 0.51707
0 0.0072873 0.926811 0.0135218 0.0222178 0.516743
0 0.890281 0.0198864 0.0138428 0.0218924 0.516741
0 0.266175 0.242618 0.0127628 0.0201013 0.516232
0 0.141637 0.699164 0.0128706 0.0200389 0.515681
0 0.0224631 0.618525 0.0149292 0.0236986 0.514488
0 0.26364 0.473885 0.0141705 0.0207825 0.513697
0 0.937798 0.130711 0.0127893 0.0219343 0.51355
0 0.0559688 0.681127 0.0143423 0.0244613 0.513142
0 0.4182 0.0262839 0.0142607 0.0327423 0.513085
0 0.15997 0.695988 0.0154342 0.021611 0.510578
0 0.0347948 0.126759 0.0128125 0.0225426 0.510572
0 0.0174385 0.78988 0.0137228 0.0196981 0.509695
0 0.27245 0.31749 0.0123785 0.0226807 0.509069
0 0.00557914 0.725676 0.0111583 0.018084 0.508846
0 0.882853 0.311812 0.0138593 0.0191306 0.508592
0 0.111933 0.54745 0.0124611 0.0201884 0.507484
0 0.0442618 0.717422 0.0129534 0.0220537 0.506776
0 0.116103 0.269257 0.0278045 0.0474827 0.506629
0 0.173607 0.759904 0.0147069 0.021917 0.506346
0 0.921138 0.321409 0.0131557 0.0219113 0.505821
0 0.418621 0.784388 0.0225823 0.0355886 0.504626
0 0.855004 0.143427 0.0136901 0.02222 0.50382
0 0.42151 0.127956 0.0164419 0.0292977 0.503337
0 0.120702 0.703912 0.0137559 0.0207225 0.502872
0 0.871125 0.0306574 0.0137222 0.0227274 0.501919
0 0.336415 0.555047 0.0129794 0.0180702 0.500333
0 0.222639 0.218643 0.0142938 0.020477 0.500297
0 0.0453615 0.920291 0.0150125 0.0188917 0.500177
0 0.277449 0.401638 0.0140895 0.019298 0.500093
0 0.0948045 0.576226 0.0141697 0.0221716 0.499261
0 0.113488 0.573577 0.013578 0.0229397 0.498943
0 0.134978 0.666593 0.0129693 0.0185479 0.49849
0 0.0906884 0.841768 0.0138894 0.019261 0.498148
0 0.0756625 0.944812 0.0124559 0.018673 0.49746
0 0.835213 0.24528 0.0122974 0.0205231 0.497274
0 0.81894 0.223551 0.0146976 0.0220148 0.497086
0 0.903831 0.082269 0.0143131 0.0209513 0.496675
0 0.0658059 0.915098 0.0132222 0.0180657 0.495969
0 0.0236087 0.0724932 0.0169599 0.0330952 0.495936
0 0.595798 0.326307 0.0169172 0.0278887 0.495356
0 0.920855 0.105963 0.0144878 0.020153 0.494895
0 0.117419 0.868512 0.0124751 0.0209935 0.494836
0 0.871845 0.166484 0.0141403 0.018331 0.494474
0 0.883876 0.0961743 0.0138374 0.0203748 0.493842
0 0.892061 0.364883 0.0125706 0.0204876 0.492125
0 0.970837 0.17951 0.0139389 0.0235205 0.491905
0 0.558656 0.153927 0.016777 0.035273 0.491852
0 0.501486 0.762303 0.0249346 0.044319 0.490726
0 0.86709 0.289246 0.015329 0.0189434 0.489585
0 0.835438 0.333892 0.0134797 0.0191624 0.488668
0 0.38188 0.678046 0.0266256 0.0610782 0.488662
0 0.423875 0.0801192 0.0212236 0.039433 0.487756
0 0.852801 0.355644 0.0130669 0.0192376 0.487629
0 0.251037 0.883817 0.0249555 0.0440169 0.487408
0 0.117663 0.969674 0.01433 0.022227 0.487394
0 0.12443 0.801817 0.0132819 0.0181885 0.486562
0 0.0387552 0.985914 0.0142827 0.0227275 0.486416
0 0.307811 0.378089 0.0131001 0.0202087 0.486258
0 0.0124392 0.757369 0.0156149 0.0226783 0.486075
0 0.0624312 0.713983 0.0133212 0.0222768 0.485212
0 0.112408 0.939416 0.0117507 0.0215037 0.48493
0 0.264301 0.358409 0.0137686 0.0185599 0.484917
0 0.709997 0.112753 0.0143801 0.0229572 0.484764
0 0.0958701 0.675331 0.0131183 0.0219011 0.484472
0 0.0546004 0.319258 0.0187401 0.0300399 0.483562
0 0.311722 0.576336 0.0125297 0.0227729 0.482635
0 0.898926 0.242698 0.0131538 0.0210158 0.482614
0 0.0512365 0.749234 0.0132579 0.0222161 0.481549
0 0.30403 0.494013 0.0139883 0.0205275 0.481198
0 0.842927 0.302226 0.013612 0.0196842 0.481026
0 0.314739 0.342329 0.013185 0.021391 0.48094
0 0.753622 0.785729 0.0141242 0.0182288 0.480719
0 0.945807 0.054433 0.0133099 0.0181573 0.480082
0 0.203006 0.437128 0.0120423 0.0175717 0.478971
0 0.238445 0.376605 0.0130845 0.0191969 0.478519
0 0.320126 0.541222 0.0141921 0.0202663 0.478494
0 0.294611 0.530273 0.0128415 0.0215359 0.478349
0 0.312074 0.457737 0.015862 0.0197605 0.478069
0 0.0885613 0.642572 0.0145977 0.0238259 0.478063
0 0.672221 0.891515 0.0133039 0.0198683 0.477584
0 0.773341 0.768736 0.0137182 0.0219218 0.47723
0 0.0334236 0.853294 0.0130926 0.0207028 0.476772
0 0.703135 0.812647 0.0122906 0.0200857 0.476586
0 0.108672 0.638949 0.0155055 0.0263376 0.476506
0 0.74075 0.845786 0.0127649 0.0189616 0.476472
0 0.775203 0.217915 0.0209909 0.0349617 0.475435
0 0.0172172 0.69009 0.0126692 0.0209631 0.475341
0 0.110755 0.836632 0.013276 0.0204259 0.474403
0 0.115245 0.671188 0.0136145 0.0205093 0.474374
0 0.0814327 0.710473 0.0149506 0.0229523 0.474139
0 0.146484 0.491425 0.0140172 0.0193869 0.474111
0 0.82677 0.279678 0.0136299 0.0175177 0.47318
0 0.636261 0.260658 0.0207342 0.032457 0.472527
0 0.966123 0.507305 0.0140013 0.0211797 0.472162
0 0.431251 0.205213 0.0144449 0.0270639 0.471605
0 0.957464 0.119872 0.0139797 0.0226326 0.471488
0 0.25181 0.307743 0.012858 0.016536 0.471041
0 0.949116 0.48731 0.0138706 0.0208159 0.470539
0 0.945117 0.218789 0.0129629 0.0205333 0.470455
0 0.940811 0.0948986 0.0136005 0.0205896 0.47011
0 0.0658317 0.812124 0.0140041 0.020452 0.469684
0 0.301169 0.297144 0.0135326 0.0218086 0.469278
0 0.802233 0.113017 0.0129318 0.0203489 0.469103
0 0.84722 0.0895695 0.012206 0.0203664 0.468151
0 0.840871 0.121571 0.013522 0.0196999 0.468111
0 0.927469 0.199768 0.0141632 0.0211661 0.467679
0 0.216482 0.36734 0.0124762 0.0202596 0.46754
0 0.908035 0.0438504 0.0135827 0.0172416 0.467142
0 0.241515 0.463319 0.0135262 0.0214135 0.46687
0 0.441086 0.123392 0.0163915 0.0318495 0.46594
0 0.907774 0.39029 0.0140507 0.0182432 0.465836
0 0.982932 0.0662826 0.0132175 0.0178286 0.46502
0 0.97868 0.108905 0.0118607 0.0220641 0.462845
0 0.169042 0.828592 0.0145475 0.0197333 0.462564
0 0.015336 0.587811 0.0137891 0.0206267 0.462281
0 0.257366 0.389151 0.0129573 0.0198825 0.462209
0 0.616808 0.808407 0.0151059 0.0213501 0.461844
0 0.953321 0.272649 0.0126896 0.0189425 0.460339
0 0.0270772 0.919881 0.0126419 0.0193125 0.460252
0 0.239796 0.264925 0.0130996 0.0210243 0.460058
0 0.283589 0.482056 0.0136644 0.0209035 0.45904
0 0.954123 0.189102 0.0118801 0.0178493 0.458778
0 0.329424 0.582985 0.0124104 0.0203332 0.456876
0 0.437143 0.341158 0.0238271 0.0353669 0.456176
0 0.282289 0.282768 0.012679 0.0202186 0.456132
0 0.101428 0.705188 0.0145088 0.0191214 0.455671
0 0.204438 0.326313 0.0147493 0.0225845 0.455633
0 0.04179 0.61643 0.0134219 0.0250479 0.454699
0 0.018849 0.509438 0.0241938 0.0415595 0.454389
0 0.571119 0.338707 0.0145079 0.0272196 0.4541
0 0.920034 0.140591 0.0145336 0.0200406 0.453436
0 0.125363 0.901177 0.0145902 0.0213314 0.452899
0 0.35042 0.401688 0.0152353 0.0215927 0.452519
0 0.568609 0.699412 0.0263585 0.0588713 0.451353
0 0.154206 0.665619 0.0137603 0.0233322 0.45134
0 0.205939 0.721029 0.0134737 0.0209176 0.451268
0 0.970675 0.385607 0.0132229 0.0204115 0.450578
0 0.187296 0.511904 0.0140286 0.0192729 0.449346
0 0.940297 0.429519 0.0148441 0.0212679 0.449209
0 0.230011 0.299922 0.0156023 0.0197422 0.449203
0 0.774252 0.338811 0.0301849 0.0431251 0.448447
0 0.346218 0.514505 0.0120384 0.0201806 0.448263
0 0.849382 0.0436208 0.0165253 0.0234261 0.447083
0 0.351463 0.169102 0.0387627 0.0597811 0.446272
0 0.755857 0.823693 0.0117155 0.0191589 0.444343
0 0.0478273 0.648694 0.0136899 0.0240879 0.444217
0 0.0289218 0.652615 0.0135421 0.0238092 0.443923
0 0.365136 0.333032 0.0128908 0.0224538 0.439883
0 0.867673 0.380342 0.0138421 0.0183972 0.439673
0 0.00353759 0.796059 0.00692218 0.0214994 0.439568
0 0.00892129 0.208048 0.017289 0.0278776 0.438956
0 0.2601 0.27629 0.0120445 0.0181139 0.438382
0 0.319605 0.766888 0.0251709 0.0410234 0.438144
0 0.136103 0.867539 0.0145674 0.0225661 0.437601
0 0.772573 0.840698 0.0117563 0.0171725 0.43719
0 0.875076 0.433011 0.0131035 0.0187025 0.436369
0 0.142569 0.801905 0.0121251 0.0200194 0.436293
0 0.197046 0.690449 0.0139133 0.0202187 0.436149
0 0.0592593 0.982828 0.0131552 0.0191793 0.431674
0 0.992508 0.37154 0.0149835 0.0252102 0.431643
0 0.352219 0.47969 0.0126092 0.0208782 0.430048
0 0.699359 0.0684091 0.0179461 0.0270612 0.428796
0 0.0799013 0.877689 0.0133777 0.0190682 0.42808
0 0.523443 0.620954 0.0144058 0.0267229 0.426939
0 0.315 0.010692 0.0133804 0.0213841 0.426932
0 0.101079 0.607703 0.0144035 0.0185016 0.426876
0 0.080065 0.977813 0.013644 0.019848 0.426095
0 0.771593 0.800603 0.013133 0.0188105 0.425443
0 0.596212 0.279177 0.0200479 0.0229526 0.425088
0 0.25029 0.427291 0.0140159 0.0183648 0.424797
0 0.341656 0.6293 0.0128471 0.0162408 0.42471
0 0.30926 0.670615 0.0143991 0.0201517 0.423715
0 0.844816 0.391787 0.0147686 0.0191947 0.422425
0 0.977164 0.350375 0.0151413 0.0222841 0.422334
0 0.622998 0.534659 0.017812 0.0387031 0.422327
0 0.912802 0.265824 0.0140949 0.0172557 0.421997
0 0.975972 0.148664 0.0144417 0.0171508 0.421935
0 0.310672 0.846791 0.0305996 0.0497626 0.420992
0 0.175932 0.857216 0.0136102 0.0215664 0.42087
0 0.865005 0.200925 0.0157845 0.0196326 0.420439
0 0.182374 0.0140424 0.0252565 0.0278824 0.420316
0 0.0505916 0.357284 0.0199221 0.033464 0.419516
0 0.923504 0.0683556 0.0137775 0.0176597 0.419417
0 0.211669 0.291428 0.01111 0.0226978 0.419184
0 0.0966952 0.40729 0.021572 0.0291046 0.418982
0 0.153 0.457616 0.0132918 0.0175569 0.418159
0 0.118205 0.181841 0.022806 0.0423471 0.417628
0 0.127325 0.636732 0.0138678 0.022905 0.41748
0 0.928165 0.0339965 0.0133333 0.0195177 0.416699
0 0.272888 0.0796144 0.0178166 0.0266275 0.41647
0 0.899867 0.421027 0.0120323 0.0175951 0.416368
0 0.817964 0.136168 0.0135582 0.0197931 0.416331
0 0.947375 0.395811 0.0130322 0.017885 0.415864
0 0.932633 0.463263 0.0139161 0.021907 0.415381
0 0.715573 0.72328 0.0125315 0.021442 0.415228
0 0.139156 0.523836 0.0133043 0.017242 0.415207
0 0.503121 0.259264 0.0155966 0.0226893 0.414642
0 0.371581 0.490913 0.0121899 0.0181396 0.413877
0 0.517599 0.270104 0.0133875 0.0270837 0.413655
0 0.0576127 0.781175 0.0131698 0.019308 0.413434
0 0.218496 0.868681 0.0207724 0.0359082 0.412074
0 0.793527 0.857928 0.0150305 0.0216153 0.412034
0 0.686938 0.868725 0.0128713 0.0192217 0.411457
0 0.0521945 0.848866 0.01341 0.0179972 0.411437
0 0.18162 0.428955 0.0146852 0.0198788 0.410467
0 0.809997 0.258556 0.0124104 0.0192219 0.410227
0 0.888438 0.184526 0.0121105 0.0203907 0.409357
0 0.415424 0.284527 0.021081 0.0339552 0.409171
0 0.358857 0.736603 0.0232642 0.0412842 0.409171
0 0.148657 0.831568 0.0127666 0.0176766 0.407825
0 0.00953015 0.173085 0.0139384 0.0309139 0.406442
0 0.734098 0.312103 0.0287933 0.0561354 0.404092
0 0.724403 0.899061 0.0145657 0.0183506 0.402458
0 0.328146 0.387997 0.0133991 0.0182045 0.402385
0 0.612874 0.374706 0.0243589 0.0368603 0.401293
0 0.879876 0.132764 0.0130817 0.020055 0.401036
0 0.159232 0.533885 0.0138886 0.0180691 0.399737
0 0.315861 0.647013 0.0129004 0.0211958 0.397879
0 0.00447103 0.991213 0.00894206 0.016536 0.39777
0 0.199675 0.787232 0.0114617 0.0174798 0.396922
0 0.183281 0.317921 0.0146036 0.0193788 0.396281
0 0.0970804 0.976223 0.0122731 0.0186501 0.39623
0 0.0410237 0.444277 0.0247951 0.0426963 0.395664
0 0.359728 0.444035 0.0131559 0.0215524 0.395024
0 0.225765 0.335375 0.0124802 0.0237403 0.394068
0 0.341986 0.101002 0.0136321 0.0250601 0.393306
0 0.022141 0.9894 0.014881 0.019387 0.391744
0 0.791939 0.81521 0.0130912 0.0197974 0.391458
0 0.335018 0.656175 0.0134429 0.0192328 0.391448
0 0.819402 0.31309 0.0111362 0.0159966 0.391388
0 0.64688 0.771626 0.0126869 0.0191243 0.390598
0 0.553864 0.727441 0.0160327 0.0301317 0.389511
0 0.0347228 0.289273 0.0138174 0.0237659 0.389188
0 0.19448 0.480504 0.015497 0.017976 0.388917
0 0.740229 0.913909 0.0125093 0.0195056 0.388538
0 0.276513 0.927976 0.0196097 0.0329697 0.386997
0 0.607291 0.082864 0.0447815 0.058037 0.386129
0 0.57831 0.149363 0.023463 0.0414011 0.385923
0 0.718292 0.791418 0.015308 0.020588 0.385866
0 0.125855 0.480295 0.0148558 0.0222207 0.382094
0 0.341597 0.437095 0.0130522 0.0198799 0.381971
0 0.828127 0.367796 0.0122963 0.0172075 0.38124
0 0.134656 0.769584 0.0119904 0.0212764 0.381048
0 0.301735 0.411335 0.0131255 0.0177599 0.380647
0 0.7777 0.878978 0.0138886 0.0198937 0.380161
0 0.971979 0.474264 0.013541 0.018497 0.379826
0 0.156711 0.86134 0.0142147 0.0231123 0.379275
0 0.867495 0.0716885 0.0177975 0.0195508 0.378737
0 0.802186 0.203702 0.0128965 0.0199179 0.37522
0 0.067451 0.645241 0.0141688 0.0236832 0.373615
0 0.216603 0.485417 0.0133905 0.0186838 0.372517
0 0.635405 0.286071 0.0179438 0.0230204 0.371984
0 0.130698 0.834608 0.0128553 0.0179699 0.370725
0 0.173506 0.579061 0.0111235 0.0184499 0.369233
0 0.995576 0.129405 0.00884756 0.0171681 0.369181
0 0.236749 0.0778427 0.0140135 0.0267721 0.368909
0 0.656575 0.909387 0.0120798 0.0180288 0.368297
0 0.996634 0.0938771 0.00673199 0.0206144 0.367609
0 0.321073 0.306981 0.0121628 0.0181103 0.367101
0 0.462278 0.458399 0.0200773 0.0340279 0.3645
0 0.00446972 0.0480251 0.00881386 0.0447784 0.363583
0 0.16617 0.501129 0.0150353 0.0179387 0.35903
0 0.0903972 0.538747 0.0135314 0.0206158 0.358848
0 0.17937 0.54779 0.0123218 0.0198838 0.358661
0 0.571561 0.253703 0.0139544 0.0206823 0.358052
0 0.678385 0.690382 0.0146521 0.0211964 0.357032
0 0.0157512 0.0419908 0.0120492 0.0249702 0.356925
0 0.347656 0.595512 0.0129456 0.0193242 0.356165
0 0.833188 0.156184 0.0133686 0.0185813 0.355662
0 0.291602 0.570271 0.0143582 0.0192635 0.355613
0 0.427133 0.257778 0.0147268 0.021944 0.355312
0 0.676151 0.924301 0.0127254 0.0206769 0.355223
0 0.097227 0.506252 0.015056 0.0230467 0.355151
0 0.7553 0.897051 0.0135221 0.0220354 0.354653
0 0.308635 0.263674 0.0135452 0.0179217 0.354486
0 0.409678 0.581699 0.0222694 0.036699 0.353676
0 0.0565398 0.151048 0.0143491 0.029091 0.353308
0 0.201174 0.557216 0.0117644 0.0196522 0.352799
0 0.251055 0.764384 0.0249931 0.0444383 0.35244
0 0.2426 0.788157 0.0264821 0.0414435 0.350892
0 0.767754 0.353973 0.0288877 0.042944 0.349615
0 0.289288 0.254505 0.0133657 0.0169655 0.349286
0 0.469122 0.173871 0.027218 0.0543918 0.346702
0 0.863861 0.110447 0.0133934 0.0184405 0.345631
0 0.223664 0.558429 0.0136323 0.0185921 0.345387
0 0.753031 0.756579 0.0125746 0.017942 0.344163
0 0.139559 0.600617 0.013291 0.0184148 0.344025
0 0.401132 0.511001 0.0268862 0.0488383 0.342817
0 0.708905 0.919011 0.0127312 0.0206701 0.342372
0 0.0649973 0.083486 0.0183085 0.0266183 0.340994
0 0.35575 0.364888 0.0135335 0.0208203 0.340836
0 0.845659 0.900804 0.013979 0.020853 0.340368
0 0.355846 0.56304 0.0126544 0.0165719 0.340343
0 0.86082 0.411322 0.0133312 0.0173694 0.339962
0 0.188658 0.394282 0.0121443 0.0213038 0.339099
0 0.754186 0.920958 0.0131826 0.0183733 0.336118
0 0.287335 0.93808 0.0343848 0.0537781 0.335818
0 0.207816 0.523369 0.0126152 0.0208851 0.334343
0 0.160081 0.248223 0.0202916 0.0412199 0.333138
0 0.291052 0.942674 0.0239818 0.0487528 0.332713
0 0.810829 0.867573 0.0149672 0.0175079 0.332669
0 0.276703 0.515917 0.0129374 0.0158703 0.332441
0 0.807427 0.0800495 0.0126537 0.0189134 0.331375
0 0.654859 0.87496 0.0129108 0.0213001 0.330603
0 0.188706 0.822445 0.0139348 0.0166248 0.330435
0 0.956144 0.452546 0.0126472 0.0227568 0.330428
0 0.256818 0.137608 0.0205776 0.0344477 0.330406
0 0.326033 0.506205 0.0115873 0.0198563 0.329711
0 0.0576516 0.227547 0.0128656 0.0263763 0.329641
0 0.163591 0.264571 0.0139101 0.0199112 0.329196
0 0.0230725 0.378146 0.0241299 0.0403649 0.329078
0 0.0706116 0.740848 0.0137609 0.0172036 0.328424
0 0.646264 0.73331 0.0131912 0.0188798 0.324823
0 0.341691 0.203512 0.0207649 0.0245548 0.32459
0 0.634806 0.795613 0.0132304 0.0204909 0.324544
0 0.655786 0.840664 0.011887 0.0189782 0.323614
0 0.437955 0.699795 0.0425228 0.0642476 0.32044
0 0.467034 0.168384 0.0246119 0.0489144 0.319149
0 0.152108 0.0247727 0.0311097 0.0487243 0.318515
0 0.427906 0.712599 0.024231 0.0467272 0.318263
0 0.760173 0.860208 0.0126103 0.0171456 0.316672
0 0.740312 0.880384 0.0130294 0.0173974 0.313644
0 0.683394 0.761103 0.0127974 0.0204073 0.313609
0 0.250308 0.0858846 0.0163116 0.0265192 0.312602
0 0.222475 0.449517 0.0115526 0.0138769 0.306068
0 0.506275 0.158567 0.0187263 0.0324097 0.305133
0 0.284949 0.157642 0.0216761 0.0384117 0.305063
0 0.383539 0.537657 0.0228565 0.0371124 0.304145
0 0.0725551 0.227158 0.0161033 0.0355792 0.299212
0 0.9113 0.00769365 0.0138887 0.0146356 0.299085
0 0.15753 0.24511 0.0162081 0.0343862 0.298429
0 0.248222 0.770324 0.0292661 0.0549584 0.298322
0 0.473125 0.0166541 0.0276271 0.0325085 0.294018
0 0.303952 0.696372 0.0120839 0.0153663 0.292799
0 0.684928 0.840028 0.0135715 0.0198788 0.292038
0 0.831316 0.0682144 0.0127716 0.0179673 0.291468
0 0.894926 0.155018 0.0145256 0.0179083 0.291439
0 0.327079 0.279281 0.0110748 0.0186999 0.291161
0 0.550075 0.382004 0.0229975 0.0372133 0.290615
0 0.831834 0.890745 0.0125462 0.0207404 0.288279
0 0.294223 0.221049 0.0123249 0.0184241 0.287764
0 0.497964 0.39304 0.0142067 0.0242399 0.287677
0 0.367322 0.183496 0.0165293 0.0357529 0.286869
0 0.233886 0.497708 0.0126864 0.0227329 0.286174
0 0.132185 0.5579 0.0122996 0.0195253 0.283946
0 0.567148 0.0951902 0.0209806 0.0279026 0.282773
0 0.888071 0.522292 0.0142988 0.018611 0.282605
0 0.214264 0.0819619 0.020188 0.029421 0.280743
0 0.0882274 0.0162723 0.0189329 0.0310303 0.279691
0 0.70037 0.380498 0.0099376 0.0189418 0.279524
0 0.658844 0.644152 0.0131779 0.0189806 0.279347
0 0.617311 0.487696 0.0165697 0.030471 0.279273
0 0.490041 0.504936 0.0288925 0.0512269 0.278826
0 0.911786 0.176131 0.013784 0.0198526 0.278179
0 0.408488 0.0869571 0.0111176 0.027707 0.277994
0 0.663905 0.713124 0.014028 0.0200511 0.277188
0 0.866985 0.911176 0.0145847 0.0205607 0.276996
0 0.705408 0.263653 0.0249073 0.0416207 0.276966
0 0.625467 0.140288 0.0177143 0.0314423 0.27602
0 0.430353 0.705662 0.0302231 0.0608706 0.274437
0 0.48561 0.141404 0.0177435 0.0328663 0.274282
0 0.170524 0.109899 0.0141435 0.0241717 0.273576
0 0.835915 0.990535 0.0143688 0.0181559 0.272329
0 0.442416 0.581735 0.016848 0.0260059 0.271847
0 0.666639 0.780761 0.0128012 0.0185618 0.270841
0 0.764388 0.358073 0.022629 0.0350579 0.270325
0 0.883889 0.556321 0.0132164 0.0204768 0.268217
0 0.777629 0.948536 0.0152626 0.0199795 0.267972
0 0.271632 0.552366 0.0126683 0.0182186 0.267876
0 0.960587 0.241832 0.0113266 0.0187903 0.267098
0 0.996696 0.338941 0.00660858 0.0216528 0.266728
0 0.253067 0.0483634 0.0142702 0.025858 0.266276
0 0.0649111 0.105709 0.0145465 0.0207729 0.264674
0 0.778947 0.914893 0.0136335 0.0194119 0.262655
0 0.282248 0.00657369 0.0188687 0.0131474 0.262468
0 0.396556 0.243205 0.0254288 0.0447124 0.261364
0 0.794422 0.148848 0.0128916 0.0172614 0.260996
0 0.599162 0.797822 0.0158402 0.0213625 0.260262
0 0.703204 0.184158 0.0154704 0.0239654 0.25942
0 0.00261191 0.692764 0.00519378 0.0214709 0.259046
0 0.408812 0.987484 0.0191738 0.0237718 0.257815
0 0.473184 0.187185 0.0233639 0.0332311 0.257077
0 0.489817 0.334706 0.0145813 0.0195181 0.256947
0 0.902567 0.118469 0.0128683 0.0178865 0.2563
0 0.993585 0.16769 0.0128296 0.0196141 0.256235
0 0.645069 0.701611 0.0140596 0.0213942 0.25442
0 0.0391659 0.438587 0.0238865 0.0332661 0.254009
0 0.21192 0.752063 0.0165133 0.0259577 0.253974
0 0.720935 0.869904 0.0138073 0.0185265 0.253464
0 0.312344 0.234795 0.0127894 0.0223507 0.252887
0 0.0370269 0.175503 0.0158035 0.025855 0.25193
0 0.22545 0.624178 0.0171658 0.0283204 0.2518
0 0.47296 0.0799581 0.018013 0.0357215 0.250311
0 0.708758 0.954601 0.0126966 0.0196038 0.250292
0 0.951076 0.638784 0.0132668 0.0230898 0.248687
0 0.969557 0.00650765 0.0134079 0.0130153 0.247242
0 0.38381 0.672741 0.0237329 0.0486494 0.247235
0 0.416658 0.279847 0.0210143 0.0375395 0.246932
0 0.979579 0.440102 0.0152975 0.0207535 0.244581
0 0.866695 0.570184 0.013586 0.0211181 0.243514
0 0.239993 0.791696 0.0234129 0.0396715 0.243168
0 0.662767 0.678498 0.0123606 0.0199833 0.242774
0 0.106104 0.221261 0.0171464 0.0223548 0.241223
0 0.203067 0.440285 0.0125657 0.020471 0.241077
0 0.32243 0.620537 0.0139287 0.0195337 0.236823
0 0.12106 0.186848 0.0278226 0.0568273 0.235533
0 0.300737 0.608727 0.0131612 0.0201643 0.235165
0 0.312667 0.836805 0.0337804 0.0570118 0.235084
0 0.00853681 0.233678 0.0153272 0.0225778 0.233403
0 0.717961 0.062562 0.0146699 0.0301769 0.233116
0 0.0737179 0.680744 0.0119141 0.021089 0.232333
0 0.0292485 0.0361837 0.0118345 0.025855 0.232303
0 0.333789 0.470469 0.0124983 0.0180996 0.231527
0 0.245532 0.77653 0.0311059 0.0587436 0.230947
0 0.651982 0.808428 0.0125515 0.0187146 0.230799
0 0.928206 0.286921 0.014433 0.0183968 0.228176
0 0.832106 0.022294 0.0158858 0.0214621 0.228102
0 0.958742 0.538958 0.013637 0.0238139 0.227614
0 0.0175081 0.106963 0.0175601 0.0218163 0.227421
0 0.62571 0.988694 0.0142576 0.020314 0.225657
0 0.561699 0.569299 0.0147388 0.0196114 0.224974
0 0.33348 0.352378 0.0129757 0.0173191 0.224665
0 0.405405 0.342603 0.019917 0.0288404 0.224439
0 0.734946 0.736849 0.0130236 0.0179511 0.224055
0 0.227376 0.716302 0.0143079 0.0194926 0.223773
0 0.830019 0.920491 0.0141708 0.0211778 0.223365
0 0.560797 0.723338 0.0279504 0.0357866 0.220712
0 0.985803 0.316992 0.0116199 0.0170678 0.220054
0 0.423188 0.967008 0.0128116 0.0214593 0.220038
0 0.0572282 0.230145 0.0158005 0.0257221 0.219605
0 0.360843 0.897158 0.0135414 0.0231964 0.219556
0 0.406414 0.934893 0.0122051 0.0189056 0.21933
0 0.690505 0.291573 0.0244752 0.0432255 0.21902
0 0.209842 0.403893 0.0129375 0.0214659 0.218446
0 0.615499 0.0810078 0.0294613 0.0551446 0.218349
0 0.372225 0.924657 0.0128215 0.0193868 0.218088
0 0.269935 0.0410108 0.0191888 0.0290089 0.217772
0 0.988027 0.49666 0.0163115 0.0234911 0.216994
0 0.793909 0.889869 0.0143332 0.0217033 0.215829
0 0.197823 0.362175 0.0126069 0.0188365 0.214773
0 0.392483 0.607155 0.0199581 0.0365226 0.214276
0 0.972527 0.211608 0.0127483 0.0194607 0.213234
0 0.280281 0.986377 0.0164608 0.0261197 0.213062
0 0.384519 0.605646 0.0344341 0.0390184 0.213042
0 0.619909 0.84734 0.0140701 0.0221422 0.210591
0 0.65888 0.487185 0.0185402 0.0245219 0.210145
0 0.12859 0.207327 0.0164524 0.0312873 0.210029
0 0.680806 0.726998 0.0130564 0.0204781 0.209815
0 0.320786 0.904301 0.0257923 0.0421543 0.209251
0 0.5077 0.60182 0.0125485 0.0201856 0.208801
0 0.219557 0.68606 0.0167418 0.0240597 0.208112
0 0.176665 0.348749 0.0141955 0.0177579 0.207379
0 0.914785 0.476423 0.0143232 0.0249384 0.20623
0 0.179644 0.691778 0.0112012 0.0198122 0.205686
0 0.718176 0.754316 0.0130909 0.020166 0.205654
0 0.639652 0.625937 0.0133095 0.0205312 0.205468
0 0.87721 0.979223 0.0174828 0.0295489 0.204778
0 0.789791 0.782378 0.0128075 0.018551 0.204742
0 0.214431 0.181196 0.0130555 0.021945 0.204142
0 0.358948 0.690899 0.01291 0.0277788 0.201865
0 0.423599 0.0850608 0.0188133 0.0285909 0.201809
0 0.227791 0.533525 0.014026 0.0211301 0.201414
0 0.672115 0.825429 0.0135307 0.0187068 0.200638
