0 0.0703342 0.849765 0.027789 0.0475403 0.687285
0 0.135837 0.480733 0.0185436 0.0270189 0.686093
0 0.159886 0.551568 0.0258278 0.0360246 0.683488
0 0.0311348 0.750971 0.0269849 0.0540904 0.67511
0 0.163872 0.191635 0.0267836 0.0446788 0.674385
0 0.566021 0.60997 0.0304101 0.0432271 0.671327
0 0.221629 0.574812 0.0230548 0.0360651 0.662813
0 0.168235 0.781 0.0182774 0.0336615 0.66245
0 0.0613234 0.377002 0.0238729 0.0399458 0.661786
0 0.0703199 0.794835 0.0320048 0.0382002 0.661698
0 0.681959 0.710536 0.0255425 0.0444204 0.66145
0 0.109327 0.291685 0.0258314 0.0371066 0.660513
0 0.612863 0.526433 0.0225159 0.042454 0.650676
0 0.156758 0.429244 0.0227731 0.0367199 0.645261
0 0.218457 0.774752 0.0222501 0.034492 0.643718
0 0.337648 0.507411 0.0209087 0.0339783 0.643162
0 0.520231 0.494016 0.0231506 0.0363293 0.642232
0 0.131475 0.220699 0.0230469 0.0326779 0.640472
0 0.218715 0.454546 0.0265617 0.0488423 0.639117
0 0.0791658 0.072073 0.0182298 0.0389716 0.638153
0 0.0358439 0.531343 0.0236453 0.0329591 0.637751
0 0.438681 0.322193 0.0244719 0.055741 0.634629
0 0.0822076 0.281843 0.023874 0.0429841 0.634215
0 0.0603745 0.0415614 0.0183847 0.0354223 0.633501
0 0.067774 0.650873 0.0179354 0.034201 0.632626
0 0.469863 0.445803 0.0193195 0.0346023 0.628584
0 0.200548 0.220929 0.0259744 0.0466858 0.627316
0 0.469991 0.827249 0.029129 0.0398176 0.624149
0 0.236505 0.527603 0.0249864 0.0354136 0.623939
0 0.0523707 0.952302 0.0255394 0.0416805 0.623589
0 0.432962 0.714464 0.0337733 0.0458338 0.623474
0 0.272555 0.623907 0.0275371 0.0407045 0.618237
0 0.19281 0.436253 0.0197973 0.0289854 0.614732
0 0.361114 0.209932 0.0247 0.0400318 0.614454
0 0.18409 0.889292 0.0274909 0.0381512 0.614249
0 0.0977805 0.852972 0.0205833 0.0434903 0.612679
0 0.208622 0.658199 0.0329257 0.0339111 0.610686
0 0.307666 0.701175 0.0234172 0.0328704 0.610407
0 0.115205 0.480669 0.0171136 0.0274389 0.607165
0 0.316498 0.319528 0.0182315 0.0333192 0.605052
0 0.328395 0.565253 0.0156254 0.03064 0.60312
0 0.268717 0.461234 0.0187402 0.0340364 0.60213
0 0.357437 0.847882 0.0232211 0.0397434 0.600564
0 0.473151 0.707617 0.0203648 0.0314175 0.600533
0 0.218608 0.285525 0.0212645 0.0362983 0.599985
0 0.155742 0.673873 0.0305994 0.0554899 0.599969
0 0.114906 0.659967 0.0267972 0.0427356 0.599814
0 0.0637773 0.568054 0.0208058 0.0358095 0.599385
0 0.388766 0.437445 0.0265048 0.0338916 0.596747
0 0.00902001 0.166052 0.0165382 0.0291519 0.594443
0 0.140956 0.303032 0.0160298 0.0267777 0.592617
0 0.428605 0.894963 0.0154961 0.0279297 0.590816
0 0.124595 0.0999517 0.0179806 0.0337837 0.588407
0 0.370017 0.963236 0.0193113 0.0346141 0.587334
0 0.0899551 0.464533 0.0215342 0.0268902 0.586391
0 0.439476 0.510025 0.01493 0.0318283 0.585997
0 0.348658 0.566136 0.0154356 0.0285872 0.585662
0 0.19022 0.944427 0.0180812 0.0269845 0.585059
0 0.14807 0.348349 0.0207111 0.0317164 0.583104
0 0.290834 0.951764 0.0351858 0.045954 0.578257
0 0.682976 0.619058 0.0254578 0.0462806 0.578218
0 0.202849 0.165243 0.0236192 0.0424815 0.576835
0 0.645041 0.5663 0.0182858 0.0315006 0.576818
0 0.053694 0.414238 0.01468 0.0245689 0.575981
0 0.466998 0.883771 0.0172462 0.0316094 0.575414
0 0.656354 0.704957 0.0172994 0.0327965 0.573953
0 0.0272426 0.28388 0.0221556 0.0384872 0.573792
0 0.358457 0.334818 0.0196165 0.0345847 0.57322
0 0.618159 0.663541 0.017185 0.0337951 0.570981
0 0.368874 0.248163 0.0247392 0.0383664 0.570515
0 0.484174 0.534049 0.0275085 0.0388926 0.569382
0 0.301992 0.907348 0.0142143 0.0333696 0.569121
0 0.290347 0.723258 0.0191004 0.0356409 0.565611
0 0.18962 0.315197 0.014635 0.0303129 0.56441
0 0.00499123 0.567373 0.00998246 0.033117 0.561984
0 0.524303 0.568903 0.0147055 0.0334527 0.561867
0 0.154809 0.231087 0.0157689 0.0255212 0.561864
0 0.0230533 0.132086 0.023485 0.0338373 0.56137
0 0.279103 0.793673 0.0206495 0.0380792 0.561287
0 0.121564 0.872908 0.0261976 0.042245 0.560603
0 0.0738389 0.699923 0.0179508 0.0336238 0.559474
0 0.120221 0.18715 0.0156987 0.0259866 0.55735
0 0.130812 0.585037 0.0191802 0.0400791 0.555004
0 0.220532 0.884567 0.0299529 0.0374662 0.553971
0 0.256172 0.968308 0.0257919 0.0369367 0.552814
0 0.425374 0.829105 0.0186783 0.0329583 0.545913
0 0.0906575 0.221243 0.0166785 0.0342709 0.545911
0 0.222052 0.982768 0.0171405 0.0324646 0.544253
0 0.0416327 0.501611 0.0245678 0.0251474 0.54386
0 0.184038 0.125118 0.0229776 0.0400636 0.543608
0 0.462298 0.76812 0.0258533 0.0423896 0.540837
0 0.497317 0.48913 0.0204154 0.0411276 0.540791
0 0.284183 0.904939 0.0168111 0.0346919 0.53995
0 0.410187 0.572743 0.0206594 0.0304937 0.539701
0 0.0380231 0.363011 0.016802 0.0226761 0.538103
0 0.452876 0.383359 0.0172381 0.0311679 0.534354
0 0.356912 0.407689 0.0209694 0.0312388 0.53231
0 0.0639694 0.48345 0.0167903 0.0300778 0.530378
0 0.144656 0.802898 0.0189631 0.0269803 0.530169
0 0.157238 0.923086 0.0153621 0.026671 0.530055
0 0.0275397 0.175348 0.0156952 0.0321327 0.528037
0 0.256696 0.32259 0.0234891 0.0465305 0.527932
0 0.0458029 0.24896 0.0255179 0.0322364 0.527137
0 0.0541218 0.89347 0.023392 0.0323819 0.526153
0 0.0690946 0.121312 0.0174626 0.0331462 0.524303
0 0.231564 0.341179 0.0241992 0.0391612 0.520658
0 0.293205 0.238433 0.0154572 0.0297066 0.518
0 0.132454 0.440771 0.0196712 0.0343482 0.51673
0 0.53665 0.608079 0.0183765 0.0320975 0.516072
0 0.298734 0.349643 0.0169425 0.0306083 0.514956
0 0.10562 0.72937 0.0151201 0.028217 0.514369
0 0.00516928 0.762188 0.0103211 0.0251143 0.512371
0 0.562407 0.765248 0.0201647 0.0433244 0.509793
0 0.343261 0.289938 0.0201942 0.0336333 0.507855
0 0.352304 0.470405 0.0178717 0.029864 0.506808
0 0.515444 0.684483 0.0225561 0.0323876 0.505128
0 0.169231 0.968441 0.0220209 0.0430102 0.503294
0 0.480612 0.906847 0.014176 0.0244303 0.502798
0 0.00600242 0.121316 0.0119941 0.0356606 0.501735
0 0.0341679 0.394379 0.0233048 0.0312695 0.501065
0 0.152759 0.092683 0.0259457 0.0564482 0.498669
0 0.0108803 0.976803 0.020565 0.0350271 0.498303
0 0.00675481 0.488097 0.0133268 0.0317379 0.497431
0 0.564077 0.553111 0.0263578 0.0469593 0.496962
0 0.0216831 0.227349 0.0220543 0.0339964 0.493983
0 0.128133 0.440128 0.0281665 0.0361025 0.492931
0 0.361394 0.743371 0.0203724 0.0373355 0.491499
0 0.0639091 0.438323 0.0126932 0.0188087 0.489921
0 0.162341 0.146602 0.0217646 0.0389718 0.489862
0 0.0376002 0.394893 0.0173296 0.0305968 0.488371
0 0.129647 0.514671 0.0166058 0.0286099 0.482279
0 0.464873 0.496966 0.0134415 0.0246231 0.481372
0 0.453092 0.932758 0.0257681 0.0358575 0.480989
0 0.320325 0.522543 0.0137144 0.0235201 0.480809
0 0.13416 0.634556 0.0266859 0.0371782 0.477974
0 0.266037 0.504544 0.022244 0.0373576 0.477884
0 0.258731 0.928261 0.0164463 0.0303212 0.476487
0 0.276551 0.187295 0.0229458 0.0361496 0.476299
0 0.293033 0.304827 0.018124 0.0257624 0.475954
0 0.0760519 0.343063 0.0165559 0.0268473 0.475921
0 0.320953 0.389473 0.0170693 0.0369442 0.475367
0 0.246003 0.446886 0.0166249 0.0292697 0.473388
0 0.38256 0.552196 0.0180246 0.0359398 0.470051
0 0.410044 0.855577 0.0149238 0.0343669 0.468224
0 0.347082 0.901459 0.0161123 0.0339715 0.467548
0 0.496717 0.446436 0.0238424 0.0321321 0.466166
0 0.590904 0.546367 0.0196392 0.0419779 0.466049
0 0.362144 0.374638 0.0271043 0.0320442 0.465084
0 0.0992092 0.966556 0.015302 0.0195421 0.465075
0 0.278037 0.271245 0.0143486 0.0263075 0.463434
0 0.00406318 0.212151 0.00808399 0.0357656 0.463104
0 0.248379 0.894748 0.0152283 0.0276101 0.461894
0 0.383542 0.510024 0.0171841 0.0258894 0.461288
0 0.33437 0.961655 0.0189185 0.0357314 0.461286
0 0.40523 0.298105 0.0267239 0.0419176 0.461137
0 0.42619 0.782148 0.0161474 0.0369819 0.460106
0 0.308203 0.454279 0.0253291 0.0518912 0.458588
0 0.33123 0.602704 0.0192503 0.0250315 0.457535
0 0.49106 0.608797 0.0192377 0.0369846 0.457474
0 0.48807 0.533498 0.0211866 0.0364687 0.456649
0 0.255983 0.757558 0.0177454 0.0340995 0.455534
0 0.643673 0.720734 0.0165512 0.0305274 0.453053
0 0.19501 0.499864 0.0222217 0.0293318 0.452123
0 0.00444719 0.45609 0.00888629 0.0278514 0.44381
0 0.281429 0.34358 0.0204905 0.0407862 0.443809
0 0.05416 0.152374 0.0252468 0.0466224 0.440651
0 0.454527 0.522335 0.0172887 0.0275388 0.439234
0 0.378096 0.744306 0.0151255 0.0337384 0.436716
0 0.223655 0.726219 0.0141898 0.0212538 0.436099
0 0.0170755 0.0837651 0.0204795 0.0432176 0.430983
0 0.612591 0.858527 0.022743 0.0363247 0.429151
0 0.531614 0.820832 0.0162655 0.031297 0.428665
0 0.254353 0.253674 0.0155666 0.0332533 0.428137
0 0.326752 0.668234 0.0143204 0.0196698 0.42779
0 0.641962 0.78404 0.0219648 0.0478407 0.422834
0 0.176431 0.242635 0.015805 0.031218 0.41734
0 0.359597 0.711056 0.0173836 0.0243391 0.415169
0 0.48489 0.407505 0.0157631 0.0304014 0.41198
0 0.480774 0.48387 0.0134758 0.0250821 0.411899
0 0.308379 0.564017 0.0164161 0.0244308 0.40861
0 0.450376 0.930244 0.0222139 0.0285694 0.407425
0 0.493914 0.979864 0.0133636 0.0308061 0.407263
0 0.684091 0.746289 0.0178145 0.028539 0.405411
0 0.107707 0.211724 0.0146901 0.0387068 0.40541
0 0.0393725 0.057167 0.0208989 0.0381955 0.405408
0 0.0918975 0.702869 0.0124043 0.024087 0.404692
0 0.35453 0.440171 0.0153479 0.0221198 0.403464
0 0.396508 0.978264 0.0167002 0.0296007 0.403227
0 0.330299 0.961082 0.0269982 0.0367988 0.401595
0 0.501656 0.808848 0.0218054 0.0318885 0.401053
0 0.00361375 0.860003 0.00721216 0.0359046 0.401008
0 0.0554111 0.291295 0.0178359 0.0321033 0.397804
0 0.197658 0.54504 0.0359324 0.0488121 0.397445
0 0.0154247 0.341553 0.0143346 0.020926 0.39744
0 0.489973 0.934661 0.0145309 0.0301354 0.39721
0 0.417396 0.931804 0.014633 0.0263713 0.396643
0 0.3344 0.363752 0.0172561 0.0314406 0.395624
0 0.286764 0.235786 0.0131725 0.0272639 0.395533
0 0.513393 0.937979 0.0202812 0.0318332 0.394958
0 0.579351 0.463645 0.0155935 0.0288148 0.393986
0 0.236495 0.341679 0.0149494 0.0386996 0.393246
0 0.54077 0.661718 0.0138762 0.0296598 0.392222
0 0.130046 0.711005 0.0166182 0.0330063 0.392027
0 0.134321 0.93249 0.0178137 0.0236742 0.391526
0 0.3344 0.698478 0.0151902 0.0213421 0.38639
0 0.259139 0.842155 0.0231886 0.0524217 0.38338
0 0.312281 0.450838 0.0299763 0.0550128 0.382276
0 0.280243 0.581626 0.0162824 0.0230408 0.38173
0 0.53925 0.850285 0.0131674 0.0215607 0.379764
0 0.135937 0.138619 0.0199627 0.0294137 0.378896
0 0.124534 0.876884 0.0278433 0.0386025 0.37844
0 0.55269 0.828239 0.0159255 0.0260746 0.377832
0 0.436807 0.396988 0.0122389 0.0282408 0.376841
0 0.33492 0.78007 0.0136797 0.0183506 0.37671
0 0.0413142 0.336669 0.0158665 0.0298899 0.372975
0 0.331414 0.904214 0.0190932 0.0342911 0.363767
0 0.357797 0.374806 0.0229378 0.0312576 0.362516
0 0.0923305 0.540667 0.0201627 0.0237491 0.361892
0 0.54154 0.548677 0.0117631 0.0234691 0.361004
0 0.371174 0.890965 0.015503 0.0209646 0.360989
0 0.435559 0.98372 0.0165612 0.0307482 0.357695
0 0.417445 0.350932 0.0182384 0.0369091 0.356672
0 0.501579 0.403124 0.0171801 0.0341924 0.356417
0 0.235056 0.959062 0.0129128 0.0167417 0.352988
0 0.471727 0.606356 0.0181573 0.0324522 0.351929
0 0.421177 0.421863 0.029859 0.0361503 0.351768
0 0.523912 0.736972 0.0175343 0.0335673 0.35124
0 0.390195 0.699459 0.0168346 0.0235565 0.347395
0 0.62664 0.560039 0.016012 0.0281166 0.345206
0 0.364957 0.918459 0.0197907 0.03469 0.344307
0 0.399381 0.771731 0.0261043 0.0509996 0.342002
0 0.201748 0.543484 0.0295675 0.0418177 0.339907
0 0.543898 0.742102 0.016717 0.0299466 0.338766
0 0.256918 0.426224 0.0165789 0.0242254 0.336391
0 0.381397 0.917755 0.0136725 0.0303992 0.335324
0 0.380976 0.80226 0.0173273 0.0355896 0.334533
0 0.594821 0.936869 0.0226835 0.0409835 0.334422
0 0.548418 0.510854 0.0171619 0.0351832 0.334104
0 0.459103 0.980087 0.0181723 0.0351383 0.333799
0 0.205703 0.541174 0.0229185 0.0359729 0.331327
0 0.325303 0.811995 0.0205904 0.0337056 0.331067
0 0.226596 0.341542 0.0251844 0.0389201 0.330551
0 0.36645 0.794641 0.0162851 0.0363851 0.328544
0 0.541932 0.415079 0.0140916 0.0271978 0.326728
0 0.554568 0.664158 0.0185949 0.0308267 0.322603
0 0.00843554 0.629829 0.0166629 0.0236033 0.320558
0 0.044425 0.105077 0.0173032 0.0339196 0.317559
0 0.0804254 0.160482 0.0221868 0.0355795 0.316998
0 0.141229 0.1853 0.0135749 0.0169752 0.316785
0 0.418588 0.511019 0.0233249 0.0398453 0.316686
0 0.254753 0.841801 0.0320805 0.0548155 0.314383
0 0.531544 0.607411 0.0274143 0.0335216 0.313482
0 0.195334 0.845122 0.0284589 0.0427382 0.312917
0 0.132667 0.375495 0.017965 0.0219901 0.308074
0 0.0314152 0.990189 0.0172636 0.0186759 0.305011
0 0.661414 0.653323 0.0130905 0.0352121 0.304464
0 0.201662 0.289048 0.014514 0.0228147 0.303298
0 0.165577 0.825506 0.0210602 0.0272976 0.302652
0 0.0746818 0.890875 0.0119145 0.0213369 0.301804
0 0.154461 0.0999384 0.0227847 0.0492737 0.301687
0 0.131375 0.834883 0.0259205 0.0290951 0.301503
0 0.418089 0.664764 0.0213404 0.0462702 0.298487
0 0.150115 0.876786 0.014446 0.0369422 0.297675
0 0.593938 0.666523 0.0239567 0.0351439 0.297519
0 0.324196 0.904044 0.0263598 0.0390097 0.296109
0 0.174423 0.489071 0.0151841 0.020674 0.293756
0 0.311094 0.278968 0.0150768 0.0281296 0.292691
0 0.152513 0.267531 0.0162936 0.0256434 0.291951
0 0.0284688 0.323519 0.0134899 0.0237162 0.289348
0 0.275742 0.270101 0.0149885 0.0261436 0.288321
0 0.566085 0.498098 0.0189934 0.0379217 0.286215
0 0.0837208 0.384849 0.0179857 0.0321672 0.280965
0 0.540128 0.921223 0.0263811 0.0392934 0.277849
0 0.592283 0.659747 0.0284801 0.0475983 0.276325
0 0.0558797 0.155263 0.022753 0.0371069 0.275904
0 0.489495 0.743084 0.0178476 0.0250028 0.27512
0 0.396346 0.678092 0.0203177 0.0351235 0.275116
0 0.665156 0.749679 0.0197081 0.0358256 0.275088
0 0.24353 0.228509 0.0182693 0.0262969 0.274743
0 0.460597 0.772648 0.0240208 0.0331475 0.27159
0 0.168467 0.47047 0.0271194 0.0414819 0.27046
0 0.526333 0.60645 0.0294262 0.0329861 0.26872
0 0.295678 0.540823 0.0172908 0.0333819 0.268141
0 0.131908 0.881457 0.0167962 0.0309394 0.267293
0 0.0969165 0.101224 0.0175145 0.0278374 0.264328
0 0.692099 0.659335 0.0209249 0.0356481 0.263848
0 0.660268 0.605486 0.0202368 0.039857 0.262833
0 0.101473 0.133462 0.0182695 0.0340059 0.261105
0 0.312805 0.38827 0.033409 0.0392598 0.26041
0 0.524917 0.379208 0.023068 0.0444431 0.259376
0 0.451117 0.887242 0.0114885 0.0224218 0.25928
0 0.217774 0.814484 0.0131839 0.0235352 0.258792
0 0.386816 0.400081 0.0138251 0.0184316 0.249881
0 0.0228773 0.944473 0.0236615 0.0245997 0.249321
0 0.685353 0.662156 0.0283037 0.0397343 0.248975
0 0.306282 0.845663 0.018877 0.0482225 0.247066
0 0.334559 0.603327 0.0221628 0.0248358 0.246533
0 0.416657 0.987974 0.0167406 0.023035 0.244644
0 0.0413082 0.218741 0.0133731 0.0213487 0.244141
0 0.313117 0.280838 0.0170525 0.0272746 0.243689
0 0.553555 0.714302 0.0157221 0.0269087 0.242615
0 0.561717 0.854396 0.0168783 0.0311093 0.240896
0 0.495762 0.88671 0.0124453 0.0222574 0.240791
0 0.373466 0.743979 0.0211181 0.0360721 0.240783
0 0.36508 0.543145 0.0188002 0.036056 0.235196
0 0.432981 0.265753 0.0274153 0.0501151 0.232755
0 0.393581 0.847274 0.0286247 0.0459903 0.231056
0 0.44547 0.929779 0.0132572 0.0266683 0.230719
0 0.0607994 0.15698 0.0139767 0.0320857 0.225785
0 0.641422 0.791109 0.0204212 0.0364857 0.22519
0 0.07545 0.733316 0.0196274 0.029236 0.224217
0 0.392595 0.378829 0.0190874 0.0238707 0.222252
0 0.400909 0.781754 0.0267527 0.0452632 0.22145
0 0.296135 0.535129 0.0186445 0.0434193 0.22091
0 0.643904 0.655818 0.022193 0.0377638 0.219278
0 0.0536337 0.337372 0.0200098 0.0330458 0.218266
0 0.400911 0.350835 0.0175685 0.0312491 0.216678
0 0.0474424 0.18248 0.0138824 0.020873 0.214458
0 0.517264 0.938346 0.0182765 0.0318576 0.212381
0 0.49944 0.40564 0.0160301 0.0339888 0.210866
0 0.388505 0.277326 0.0113052 0.0277809 0.210114
0 0.107252 0.128931 0.0195678 0.0340044 0.209675
0 0.45945 0.858614 0.0125654 0.0195255 0.209379
0 0.660937 0.65202 0.0171394 0.0384527 0.207648
0 0.48133 0.606885 0.0353537 0.0362868 0.207006
0 0.112635 0.127168 0.0166584 0.0328265 0.205878
0 0.0568582 0.337389 0.0160565 0.0329625 0.205322
0 0.619348 0.820996 0.0197399 0.0232412 0.204765
0 0.389367 0.39926 0.0169852 0.0178285 0.204543
0 0.385061 0.554327 0.0235799 0.0374704 0.203152
0 0.527122 0.778651 0.0210843 0.0226605 0.200931
0 0.296829 0.861009 0.0178486 0.0342058 0.200339
0 0.499363 0.80664 0.0254908 0.0382154 0.200302
