0 0.54235 0.68684 0.0211288 0.0363666 0.675663
0 0.00818367 0.306956 0.0162061 0.0540717 0.67378
0 0.480672 0.0948505 0.0178974 0.0314155 0.671008
0 0.423744 0.322003 0.0274878 0.0379088 0.66623
0 0.572144 0.924697 0.0228479 0.0394219 0.662725
0 0.0114628 0.564347 0.022904 0.0532518 0.659
0 0.0893222 0.056804 0.020606 0.0336953 0.654708
0 0.114086 0.713999 0.0314248 0.0461526 0.653993
0 0.312551 0.903047 0.0319675 0.0455877 0.65311
0 0.00871366 0.795885 0.0174273 0.0310289 0.651701
0 0.153102 0.215505 0.023549 0.0418738 0.64453
0 0.0940541 0.303247 0.0224655 0.0322896 0.642502
0 0.459171 0.629355 0.0308929 0.0382495 0.642386
0 0.215814 0.889522 0.025952 0.0446381 0.638405
0 0.54514 0.900757 0.0175274 0.0293346 0.63787
0 0.10215 0.0147893 0.0201304 0.0293431 0.636538
0 0.129858 0.852395 0.0229309 0.0360431 0.633519
0 0.150069 0.675365 0.0161174 0.0317084 0.625354
0 0.492946 0.58982 0.0255093 0.0289808 0.620854
0 0.379437 0.882072 0.0223057 0.0380493 0.619655
0 0.017716 0.74449 0.0219326 0.0446859 0.617064
0 0.0175856 0.498869 0.0272491 0.040605 0.613615
0 0.418114 0.523007 0.022659 0.0465626 0.613361
0 0.0759273 0.16837 0.0230471 0.0452022 0.613059
0 0.568388 0.633904 0.0212705 0.0458248 0.611389
0 0.478513 0.905906 0.0339692 0.0457516 0.61055
0 0.141589 0.918117 0.0201591 0.0372213 0.607452
0 0.549211 0.646039 0.014584 0.0333504 0.606211
0 0.569822 0.963073 0.0162132 0.0264486 0.606131
0 0.503325 0.375884 0.02199 0.0413211 0.604518
0 0.523073 0.0278474 0.0193275 0.0356084 0.604491
0 0.555232 0.272744 0.0251235 0.0554609 0.599745
0 0.532831 0.0745363 0.0268644 0.0514251 0.593497
0 0.402669 0.881445 0.0221778 0.0406006 0.591569
0 0.0626803 0.845151 0.0228117 0.0351071 0.590998
0 0.529292 0.389396 0.0206635 0.0398896 0.58703
0 0.196742 0.92439 0.0178709 0.0246098 0.584458
0 0.234737 0.623889 0.0173357 0.0259996 0.580633
0 0.518661 0.883413 0.0214546 0.0347392 0.578034
0 0.578272 0.455686 0.0204508 0.0390788 0.577491
0 0.168012 0.632945 0.0198789 0.0410919 0.577265
0 0.485632 0.515126 0.0159678 0.0255708 0.577192
0 0.482484 0.366764 0.0146445 0.0283881 0.576851
0 0.506706 0.528416 0.0178309 0.0282233 0.57602
0 0.448528 0.0284435 0.0190586 0.0336506 0.573737
0 0.516002 0.486984 0.0221615 0.0407337 0.571365
0 0.600684 0.628387 0.0166986 0.0344632 0.569007
0 0.357689 0.917136 0.0210131 0.0425032 0.56382
0 0.484513 0.417596 0.0164412 0.0365811 0.558188
0 0.0353012 0.131741 0.0206106 0.0399625 0.557992
0 0.468009 0.0513671 0.0216858 0.0353607 0.556128
0 0.512181 0.413161 0.0188562 0.0320431 0.555617
0 0.516597 0.985765 0.0208735 0.0269518 0.549331
0 0.512913 0.568374 0.0168028 0.0292183 0.548578
0 0.019382 0.668688 0.0207446 0.0393361 0.540709
0 0.182342 0.799316 0.0308665 0.0550589 0.539724
0 0.521281 0.650068 0.017272 0.0379045 0.53671
0 0.186249 0.674102 0.0155936 0.0247981 0.535172
0 0.496346 0.148275 0.0189497 0.0311392 0.53451
0 0.488129 0.850323 0.0230406 0.0350327 0.531747
0 0.565584 0.689851 0.0205986 0.0422577 0.530889
0 0.531248 0.339337 0.0177048 0.0317904 0.528822
0 0.545671 0.428154 0.0262333 0.0495969 0.522658
0 0.389038 0.955951 0.0167718 0.0258274 0.522046
0 0.486563 0.239869 0.0213389 0.0381004 0.521102
0 0.58546 0.753065 0.0230692 0.0446195 0.520384
0 0.0283016 0.617997 0.0176138 0.0391041 0.518196
0 0.631855 0.869018 0.0267826 0.0505493 0.517955
0 0.148101 0.550235 0.0195783 0.0459851 0.517128
0 0.135782 0.248782 0.0186209 0.0350817 0.516843
0 0.516718 0.81475 0.0159477 0.0301194 0.508884
0 0.498599 0.0878535 0.0194433 0.0369853 0.508034
0 0.546705 0.744121 0.0155905 0.0275967 0.503785
0 0.45161 0.0893799 0.0182089 0.0356667 0.501566
0 0.446606 0.688458 0.0307814 0.0371071 0.49774
0 0.00748734 0.249884 0.0148437 0.0413301 0.49398
0 0.569698 0.870994 0.0230948 0.0495107 0.483004
0 0.519642 0.921284 0.0301638 0.0335232 0.481164
0 0.047464 0.027218 0.0204552 0.0376803 0.478343
0 0.429643 0.926304 0.0158459 0.0352531 0.476091
0 0.523637 0.216772 0.0178958 0.0336489 0.474507
0 0.413865 0.988689 0.0210676 0.0217642 0.473728
0 0.536414 0.835549 0.0211674 0.026142 0.466892
0 0.539055 0.195199 0.020643 0.0389837 0.46005
0 0.50793 0.307805 0.0174041 0.0367199 0.455711
0 0.458399 0.123072 0.0233772 0.0390846 0.454599
0 0.174189 0.725836 0.0235137 0.034494 0.452831
0 0.545289 0.126376 0.0185998 0.0333335 0.444678
0 0.480503 0.552027 0.017261 0.0350088 0.433013
0 0.438058 0.890091 0.0215336 0.0315321 0.432451
0 0.527354 0.337501 0.0225585 0.0353188 0.429729
0 0.562741 0.697421 0.0249046 0.058579 0.425594
0 0.48551 0.186243 0.0160698 0.0334579 0.424997
0 0.502236 0.261487 0.0152592 0.0315422 0.422403
0 0.521308 0.539578 0.0126698 0.0228215 0.422176
0 0.535042 0.507047 0.0187666 0.0416946 0.412689
0 0.498188 0.950428 0.0151386 0.0216388 0.41183
0 0.550881 0.527809 0.0168186 0.031007 0.408807
0 0.105397 0.369136 0.0168488 0.0221954 0.402036
0 0.425661 0.837362 0.0216103 0.0458491 0.39713
0 0.130747 0.656691 0.0240166 0.0561969 0.394574
0 0.59128 0.987559 0.015447 0.0239624 0.393948
0 0.499481 0.0364735 0.0235918 0.0450515 0.393308
0 0.573317 0.870198 0.0288024 0.0447347 0.393076
0 0.431032 0.0158763 0.0222832 0.0314315 0.385106
0 0.520865 0.261915 0.0176668 0.0344644 0.368108
0 0.646716 0.9756 0.0244873 0.0448164 0.36687
0 0.478913 0.18767 0.0287249 0.0328558 0.365482
0 0.55799 0.165704 0.0229607 0.0326321 0.363895
0 0.563242 0.746173 0.0126409 0.0279385 0.362888
0 0.625607 0.931801 0.019553 0.0411743 0.362499
0 0.552799 0.481614 0.0212843 0.0369415 0.362004
0 0.0717438 0.269307 0.0209864 0.0319034 0.360665
0 0.606417 0.876124 0.0198659 0.044991 0.359338
0 0.151818 0.167923 0.0181132 0.0370215 0.358343
0 0.601217 0.830601 0.0209934 0.0364624 0.357135
0 0.489373 0.306678 0.0187013 0.0329692 0.353434
0 0.626857 0.987206 0.0157228 0.024962 0.351189
0 0.517495 0.949681 0.0138123 0.0254968 0.350813
0 0.143116 0.0893253 0.0179034 0.0276839 0.347132
0 0.452182 0.687995 0.0210522 0.0364202 0.345688
0 0.429817 0.221353 0.0278069 0.060596 0.343643
0 0.582103 0.869331 0.0140013 0.0395195 0.326165
0 0.138907 0.698813 0.0119424 0.0243407 0.312153
0 0.0558394 0.497689 0.0237705 0.0399833 0.308563
0 0.513596 0.195976 0.0211795 0.0330324 0.307642
0 0.0224731 0.617474 0.0285508 0.0402933 0.306827
0 0.0996987 0.646378 0.0354052 0.0488006 0.30527
0 0.540097 0.311727 0.0137687 0.02281 0.30471
0 0.565384 0.395668 0.01597 0.0333959 0.303849
0 0.520251 0.215465 0.0201969 0.035119 0.301739
0 0.103547 0.097027 0.0176669 0.0309591 0.299973
0 0.00288542 0.746693 0.00568394 0.0420508 0.299253
0 0.501142 0.656425 0.0190845 0.0396376 0.289502
0 0.477737 0.971689 0.0257065 0.0468504 0.283419
0 0.448778 0.0915825 0.0239159 0.0408048 0.282943
0 0.527109 0.456128 0.0114847 0.028874 0.282587
0 0.277136 0.131195 0.0341799 0.067826 0.279752
0 0.517002 0.441368 0.0140325 0.0218847 0.279129
0 0.457906 0.546304 0.0284757 0.0447505 0.279089
0 0.562205 0.330877 0.0260934 0.0428202 0.278868
0 0.594324 0.900938 0.0185781 0.0359348 0.275541
0 0.534419 0.96882 0.0113732 0.023301 0.273302
0 0.550792 0.980936 0.0215769 0.0359226 0.269191
0 0.36221 0.660155 0.0156696 0.0245776 0.266213
0 0.507996 0.751099 0.0220576 0.0347003 0.26546
0 0.131569 0.648685 0.0227516 0.0423175 0.255617
0 0.460675 0.80757 0.0249187 0.049079 0.250541
0 0.451599 0.806553 0.0389828 0.0465832 0.249765
0 0.0538807 0.508226 0.0310541 0.0637536 0.248871
0 0.538755 0.239608 0.0184589 0.033842 0.245749
0 0.130446 0.978528 0.0156178 0.0269766 0.244157
0 0.390559 0.805808 0.0193124 0.0298994 0.243874
0 0.535434 0.508788 0.0161777 0.0320888 0.240142
0 0.574799 0.503509 0.0217244 0.0358632 0.233272
0 0.525234 0.592607 0.0148832 0.0271333 0.233007
0 0.408861 0.959756 0.0140425 0.0243826 0.231265
0 0.466874 0.810033 0.0222229 0.0474892 0.229615
0 0.512745 0.112319 0.0158979 0.0314937 0.222436
0 0.500025 0.984989 0.0119709 0.0279774 0.217517
0 0.53712 0.616675 0.0214859 0.0328904 0.212538
0 0.540519 0.833831 0.0203371 0.0271571 0.205962
0 0.606677 0.744322 0.0171959 0.0314022 0.204466
0 0.575975 0.571564 0.0224953 0.0406111 0.203578
0 0.106378 0.646818 0.0274152 0.047758 0.201132
0 0.596512 0.687023 0.0283208 0.0571826 0.200526
0 0.644577 0.910395 0.0165268 0.0294118 0.200214
