0 0.686958 0.96551 0.0261713 0.0427379 0.698891
0 0.181756 0.89226 0.0328399 0.0563121 0.693998
0 0.381767 0.904473 0.0228196 0.0408264 0.693681
0 0.43611 0.460052 0.0241129 0.0407428 0.690575
0 0.667085 0.466123 0.0199209 0.0330982 0.681195
0 0.66312 0.662316 0.0254433 0.0511266 0.679008
0 0.196052 0.946242 0.0192254 0.033787 0.67888
0 0.394038 0.828794 0.0182328 0.0360582 0.673124
0 0.732919 0.0612978 0.0250753 0.0413478 0.671206
0 0.774245 0.35674 0.0279102 0.0492087 0.670328
0 0.594691 0.218907 0.0275347 0.0421393 0.667406
0 0.697807 0.0582213 0.026419 0.0446721 0.665832
0 0.340932 0.883936 0.0244796 0.0390988 0.664393
0 0.687841 0.159454 0.0256058 0.0388569 0.662511
0 0.453809 0.891379 0.024692 0.0501945 0.661421
0 0.65252 0.502428 0.0202619 0.0364909 0.661245
0 0.752958 0.475793 0.0202208 0.0301183 0.66113
0 0.638551 0.801256 0.0242542 0.0407254 0.660947
0 0.822217 0.351559 0.0243204 0.0448415 0.660454
0 0.668114 0.419042 0.0202411 0.0364448 0.659893
0 0.744605 0.136918 0.0208338 0.0371285 0.659148
0 0.493457 0.546266 0.0241062 0.0417547 0.658641
0 0.300684 0.919994 0.0215327 0.0383104 0.65711
0 0.61402 0.12885 0.0252963 0.0453676 0.656492
0 0.869168 0.31549 0.0253983 0.040175 0.655548
0 0.391362 0.384448 0.0235521 0.0474442 0.655071
0 0.17048 0.0345837 0.0219573 0.0368506 0.654692
0 0.335197 0.416625 0.0316479 0.056055 0.654299
0 0.789396 0.609979 0.0171173 0.0292728 0.653425
0 0.635814 0.328047 0.0211974 0.0372121 0.652336
0 0.418317 0.803249 0.0224817 0.0333232 0.651629
0 0.440068 0.279744 0.0219021 0.0316422 0.650481
0 0.102354 0.631393 0.0277872 0.0431059 0.648783
0 0.741635 0.29045 0.0258697 0.0412772 0.648097
0 0.634012 0.384361 0.0212844 0.034073 0.64679
0 0.54146 0.836839 0.0257724 0.0440542 0.644967
0 0.627981 0.0172622 0.0208139 0.0330368 0.64427
0 0.507084 0.118299 0.0234029 0.0344008 0.64346
0 0.693437 0.459221 0.0194843 0.0343068 0.642578
0 0.156959 0.311468 0.0203779 0.0358607 0.641171
0 0.822633 0.061872 0.0270518 0.0444913 0.640282
0 0.403265 0.186532 0.0204753 0.0306284 0.639638
0 0.402005 0.962907 0.0192274 0.0381609 0.637975
0 0.647847 0.150438 0.026479 0.0439997 0.637138
0 0.555886 0.623645 0.0223783 0.0344764 0.637042
0 0.195211 0.0799375 0.0172199 0.0309066 0.636717
0 0.79574 0.828918 0.0237326 0.050336 0.636693
0 0.717902 0.397865 0.0263681 0.042058 0.636167
0 0.379759 0.60186 0.0271736 0.0442015 0.634181
0 0.363844 0.522337 0.0156621 0.028992 0.63236
0 0.610999 0.815751 0.0262164 0.0554338 0.631257
0 0.338333 0.641609 0.0135297 0.0275982 0.627502
0 0.637944 0.980644 0.0165539 0.0316366 0.626777
0 0.913488 0.39099 0.0232258 0.0344695 0.626541
0 0.344915 0.544088 0.0176204 0.0300222 0.625972
0 0.107935 0.417408 0.026444 0.0537999 0.625613
0 0.756025 0.0165383 0.0266038 0.0330256 0.623997
0 0.900428 0.345309 0.0218796 0.0315136 0.623478
0 0.253605 0.648284 0.0242004 0.0444804 0.621671
0 0.928213 0.279314 0.0266983 0.0465127 0.621353
0 0.650519 0.238125 0.0249472 0.0498211 0.620933
0 0.290352 0.781222 0.0191727 0.0367861 0.619414
0 0.634166 0.619305 0.0254106 0.0494029 0.619173
0 0.716984 0.486027 0.0191757 0.0306261 0.618547
0 0.729305 0.549256 0.0208056 0.0410809 0.617219
0 0.592808 0.395774 0.0151621 0.0279185 0.616554
0 0.743164 0.615346 0.0236785 0.0346725 0.616146
0 0.611386 0.0592399 0.0177448 0.0317946 0.616122
0 0.640501 0.562514 0.0187665 0.0333011 0.613247
0 0.349139 0.750396 0.0237973 0.0365533 0.612419
0 0.758144 0.707752 0.0205776 0.0313009 0.611591
0 0.624137 0.185559 0.0187716 0.0302435 0.610208
0 0.645 0.694221 0.0227476 0.0456085 0.609404
0 0.417803 0.237615 0.0195824 0.0358613 0.608813
0 0.627358 0.522777 0.0188164 0.0279728 0.608055
0 0.598543 0.737973 0.0254126 0.0422997 0.607276
0 0.508518 0.395463 0.0232792 0.0447549 0.607172
0 0.0364986 0.78877 0.0217062 0.0338348 0.60618
0 0.72928 0.447322 0.0187177 0.0334998 0.605858
0 0.720072 0.96905 0.0209101 0.0386955 0.605696
0 0.926892 0.0427967 0.0217461 0.0434697 0.604661
0 0.36649 0.558303 0.0188921 0.0344425 0.603964
0 0.0216145 0.102791 0.016193 0.0319616 0.603144
0 0.573933 0.407143 0.0184099 0.0323485 0.60239
0 0.0048992 0.0177499 0.00974516 0.0336903 0.601946
0 0.564675 0.282399 0.0182051 0.0341463 0.601012
0 0.0430174 0.862015 0.0158964 0.0289302 0.600679
0 0.573579 0.79014 0.0257835 0.0364441 0.599392
0 0.0134668 0.953689 0.0162981 0.0286879 0.598291
0 0.643693 0.195347 0.019013 0.0332017 0.598162
0 0.724484 0.331647 0.0208569 0.0349319 0.596518
0 0.521846 0.909255 0.0177726 0.0320004 0.595778
0 0.825421 0.62432 0.0188082 0.0368679 0.594409
0 0.729789 0.243453 0.0172452 0.0241471 0.593957
0 0.31102 0.53672 0.0189702 0.0322634 0.593662
0 0.770002 0.818906 0.0188164 0.0422055 0.592102
0 0.436772 0.209043 0.0176554 0.0277631 0.591065
0 0.864834 0.424049 0.0198063 0.0328025 0.589096
0 0.57542 0.83986 0.0221349 0.0371599 0.588422
0 0.770041 0.152551 0.0181726 0.0377095 0.588262
0 0.256271 0.146274 0.0186049 0.0337813 0.588096
0 0.530979 0.112171 0.016535 0.0340381 0.587151
0 0.0710954 0.0194027 0.0228254 0.0380331 0.587143
0 0.708291 0.296952 0.0169577 0.0315557 0.58649
0 0.620506 0.958457 0.0199205 0.0352183 0.586227
0 0.0934133 0.0153888 0.0204818 0.0302005 0.583946
0 0.853534 0.587234 0.019063 0.0360127 0.583182
0 0.608131 0.172439 0.0135555 0.0302871 0.581439
0 0.661679 0.0671301 0.0170319 0.0287884 0.580467
0 0.530451 0.176037 0.0153028 0.0240089 0.580267
0 0.844537 0.0721364 0.0165574 0.0303955 0.580206
0 0.493088 0.219253 0.0211519 0.0455625 0.579753
0 0.313051 0.864444 0.0154771 0.0217916 0.578953
0 0.549024 0.784154 0.0169404 0.0296258 0.57762
0 0.159228 0.776992 0.0140105 0.0251201 0.573081
0 0.421271 0.949622 0.0164357 0.0292633 0.572965
0 0.236391 0.946505 0.0179502 0.0318786 0.572328
0 0.749556 0.193678 0.0153582 0.0293821 0.571352
0 0.349891 0.979082 0.0389666 0.0408569 0.569974
0 0.731077 0.203225 0.0168715 0.0377858 0.569166
0 0.891482 0.420889 0.0209274 0.0346825 0.566478
0 0.684231 0.114992 0.0145926 0.0287421 0.566034
0 0.423599 0.11371 0.0182846 0.0310909 0.564234
0 0.887632 0.880745 0.0162064 0.023565 0.5622
0 0.986721 0.852945 0.0141243 0.0219592 0.561812
0 0.956119 0.97866 0.0158379 0.023485 0.561693
0 0.0177672 0.831021 0.0148674 0.0292427 0.559856
0 0.634528 0.850448 0.0180664 0.0323744 0.558722
0 0.431993 0.410813 0.0229704 0.0421343 0.558116
0 0.291382 0.307595 0.0162739 0.0278908 0.558081
0 0.401019 0.0277528 0.0246532 0.0432507 0.557673
0 0.583962 0.62333 0.0174904 0.0289654 0.557349
0 0.14563 0.0619538 0.0167357 0.0331461 0.555173
0 0.142268 0.792789 0.0164558 0.02726 0.551801
0 0.948677 0.572509 0.0153793 0.024801 0.551683
0 0.519744 0.64126 0.012819 0.0256628 0.551062
0 0.603543 0.553612 0.0131763 0.0247923 0.550985
0 0.687341 0.273388 0.0241473 0.0378759 0.550168
0 0.544801 0.673364 0.0147526 0.0260538 0.550153
0 0.838581 0.416364 0.0195122 0.0317529 0.549016
0 0.530686 0.215043 0.0149277 0.0244322 0.548139
0 0.418721 0.847919 0.0145784 0.0326085 0.548133
0 0.0839437 0.934558 0.0174072 0.0354292 0.54782
0 0.384682 0.658618 0.0287448 0.0452474 0.547003
0 0.274908 0.575597 0.0229298 0.0453478 0.546405
0 0.917156 0.426664 0.0191439 0.034984 0.545617
0 0.948867 0.840339 0.0142193 0.0211053 0.545611
0 0.558227 0.976817 0.0172602 0.0336936 0.544878
0 0.851501 0.36988 0.0242922 0.0502903 0.54447
0 0.468532 0.773038 0.0216582 0.0365004 0.544247
0 0.658924 0.349349 0.0172555 0.0279754 0.544203
0 0.416706 0.335411 0.0215883 0.0428476 0.543938
0 0.429935 0.986158 0.0188643 0.0269047 0.538447
0 0.250846 0.196306 0.0238797 0.0365717 0.536316
0 0.780326 0.682575 0.0210924 0.0405703 0.531972
0 0.802563 0.389738 0.0289288 0.0684632 0.531889
0 0.908779 0.600219 0.0208104 0.0357655 0.531704
0 0.656583 0.0997709 0.0165388 0.0236398 0.531318
0 0.579498 0.0287874 0.0158499 0.0221045 0.531204
0 0.931943 0.564354 0.0152699 0.0326223 0.5306
0 0.589554 0.512428 0.0276847 0.0419534 0.530563
0 0.972206 0.788057 0.0134949 0.0203726 0.530527
0 0.456564 0.342832 0.0228771 0.0431716 0.529014
0 0.56145 0.22761 0.0236687 0.0359882 0.527736
0 0.354546 0.686858 0.0166545 0.0319761 0.526988
0 0.0489784 0.292008 0.0167224 0.0320127 0.526279
0 0.0748579 0.73914 0.0177872 0.0341237 0.525405
0 0.045281 0.517421 0.0190785 0.034218 0.525128
0 0.249451 0.739601 0.0184715 0.0328949 0.523819
0 0.0099064 0.50913 0.01603 0.024579 0.522968
0 0.822671 0.922335 0.0152851 0.0192464 0.522734
0 0.394167 0.320554 0.0164611 0.0322072 0.522672
0 0.0238625 0.894941 0.0169487 0.0324999 0.522672
0 0.0345163 0.948808 0.0131433 0.0226647 0.522456
0 0.958278 0.602621 0.0249027 0.0398219 0.519784
0 0.871184 0.852676 0.013302 0.0220886 0.519337
0 0.883785 0.918047 0.0134808 0.0197869 0.517889
0 0.628987 0.432534 0.0239344 0.03743 0.516575
0 0.221519 0.0177954 0.0242016 0.0355908 0.516473
0 0.814375 0.45837 0.0170249 0.0312609 0.515789
0 0.0381125 0.0825337 0.0168794 0.0351491 0.515356
0 0.223413 0.660137 0.0236566 0.0390862 0.515018
0 0.890258 0.841001 0.0137638 0.0236935 0.514349
0 0.907969 0.866021 0.0140095 0.0176402 0.513546
0 0.440422 0.521586 0.0158251 0.0246424 0.513305
0 0.849903 0.865991 0.0149633 0.0197286 0.512819
0 0.586552 0.0693934 0.0180789 0.0389841 0.512693
0 0.965222 0.865813 0.0150242 0.0197715 0.511532
0 0.47812 0.510491 0.0170218 0.0277627 0.511483
0 0.602063 0.0106166 0.0167118 0.0205036 0.511271
0 0.963869 0.903452 0.0137203 0.0234348 0.510952
0 0.854879 0.96535 0.0131123 0.0211975 0.510925
0 0.945942 0.876762 0.0136707 0.0192196 0.510812
0 0.641545 0.464084 0.0173189 0.0213877 0.510007
0 0.357071 0.586951 0.0144993 0.0239053 0.50987
0 0.478277 0.838406 0.0163802 0.0296219 0.50939
0 0.170114 0.604397 0.0186927 0.036081 0.508992
0 0.992983 0.393372 0.0140339 0.0365026 0.508154
0 0.41516 0.64637 0.0206911 0.0448741 0.504887
0 0.279888 0.519339 0.0156576 0.025636 0.504374
0 0.516204 0.78701 0.018821 0.0324557 0.502568
0 0.710239 0.934836 0.0147056 0.02329 0.502457
0 0.217042 0.193164 0.0196873 0.035835 0.502221
0 0.93189 0.818785 0.0144741 0.0213908 0.499954
0 0.44522 0.246415 0.0193733 0.0282705 0.499784
0 0.871848 0.988619 0.0134279 0.0187566 0.498992
0 0.699319 0.890891 0.0172976 0.0260712 0.497085
0 0.920963 0.927697 0.014115 0.0196991 0.495799
0 0.903835 0.904287 0.0140921 0.0209703 0.49479
0 0.314909 0.830612 0.0147302 0.026005 0.49255
0 0.37186 0.154412 0.0214351 0.0329018 0.4914
0 0.840943 0.943704 0.0134209 0.0187696 0.491327
0 0.953334 0.802193 0.0126385 0.0218964 0.488785
0 0.650847 0.753006 0.0210133 0.0333398 0.488476
0 0.847195 0.911617 0.0120502 0.0198344 0.48815
0 0.782258 0.461777 0.0234959 0.0319786 0.486742
0 0.367281 0.720117 0.0206198 0.0305534 0.486481
0 0.275289 0.48453 0.0203593 0.0325394 0.48526
0 0.93372 0.601479 0.0147215 0.0223308 0.485221
0 0.833946 0.107543 0.0227715 0.0362072 0.484819
0 0.713226 0.604276 0.0194391 0.0313073 0.483871
0 0.612548 0.580313 0.0134413 0.0232598 0.48329
0 0.958693 0.529967 0.0192196 0.0335525 0.482083
0 0.957449 0.942029 0.0137562 0.0219474 0.481286
0 0.928092 0.856496 0.0138044 0.0206333 0.48063
0 0.802219 0.93513 0.0128565 0.0199404 0.480373
0 0.0940015 0.329419 0.0149817 0.0298932 0.478583
0 0.423555 0.900739 0.0218251 0.0433353 0.476623
0 0.940967 0.916761 0.0134981 0.0208147 0.47617
0 0.765582 0.966685 0.0301095 0.063554 0.475174
0 0.213585 0.147978 0.0192595 0.0326575 0.474482
0 0.218963 0.545817 0.0185714 0.03294 0.474352
0 0.315153 0.774433 0.017711 0.030176 0.471694
0 0.9829 0.888698 0.0136627 0.018529 0.469883
0 0.93664 0.988559 0.0156155 0.0198986 0.467736
0 0.911545 0.827878 0.0146358 0.0199948 0.464162
0 0.923637 0.890951 0.0141827 0.0185805 0.463787
0 0.863748 0.932643 0.0126879 0.017593 0.463507
0 0.349986 0.235663 0.0178544 0.0251615 0.460685
0 0.187941 0.236057 0.018399 0.0358108 0.460215
0 0.681275 0.388441 0.021216 0.0406197 0.459961
0 0.44103 0.945858 0.015493 0.030738 0.458762
0 0.873109 0.81609 0.0135929 0.0208554 0.45706
0 0.915137 0.792759 0.0129237 0.0190789 0.456003
0 0.192595 0.803043 0.0208352 0.0386776 0.455943
0 0.442478 0.792678 0.0150475 0.0200071 0.452483
0 0.61087 0.99073 0.0178907 0.0178053 0.452311
0 0.285216 0.0703672 0.0188985 0.0471697 0.451191
0 0.35621 0.335742 0.020095 0.0379528 0.451061
0 0.513958 0.823691 0.0177828 0.0323988 0.450628
0 0.978708 0.930891 0.0122012 0.0227743 0.450064
0 0.00430761 0.80758 0.00858794 0.0298659 0.449989
0 0.92065 0.962382 0.013422 0.0183124 0.449609
0 0.938363 0.952871 0.0122435 0.020572 0.448173
0 0.897702 0.769707 0.0144508 0.0192997 0.446815
0 0.411506 0.382028 0.0146822 0.0271503 0.445686
0 0.962523 0.0725978 0.0248569 0.0430984 0.445431
0 0.0567786 0.973871 0.0188032 0.0325582 0.444898
0 0.772073 0.402199 0.0189372 0.0336578 0.444633
0 0.406151 0.572192 0.0230386 0.0401966 0.443206
0 0.564472 0.054185 0.01401 0.0277621 0.443114
0 0.744534 0.666188 0.0185436 0.0297959 0.443107
0 0.260029 0.357754 0.0239883 0.0391612 0.442465
0 0.602638 0.666551 0.0279882 0.0395849 0.441446
0 0.666129 0.592639 0.0216686 0.0377097 0.441006
0 0.205255 0.435907 0.0216071 0.0370533 0.439323
0 0.808651 0.989267 0.0158894 0.0200938 0.436392
0 0.717691 0.884887 0.013958 0.0293457 0.435826
0 0.37274 0.809159 0.0237284 0.0357666 0.434117
0 0.0945084 0.225343 0.0158189 0.0296893 0.433252
0 0.301944 0.590331 0.0174618 0.0317944 0.432099
0 0.817947 0.958306 0.0135044 0.0194236 0.432041
0 0.991698 0.811672 0.0136951 0.0195568 0.430303
0 0.819431 0.137467 0.0220985 0.0400873 0.429999
0 0.867283 0.893307 0.0173182 0.0171519 0.428847
0 0.312134 0.103197 0.0214805 0.0293715 0.428438
0 0.576703 0.351298 0.0146938 0.0240198 0.427018
0 0.317363 0.0729283 0.0197227 0.0339471 0.42517
0 0.340752 0.111937 0.0170805 0.0222558 0.425096
0 0.252406 0.7787 0.0141598 0.0246644 0.424692
0 0.71542 0.0987193 0.0213001 0.0322756 0.42371
0 0.0629465 0.774512 0.0185701 0.0324334 0.422856
0 0.736104 0.899938 0.0155113 0.0301366 0.422234
0 0.902462 0.940664 0.0127033 0.0176083 0.42161
0 0.473841 0.307855 0.0180561 0.0371227 0.421264
0 0.100278 0.187241 0.0212173 0.0345416 0.420803
0 0.137329 0.73182 0.0214075 0.0306243 0.420085
0 0.778479 0.574022 0.0147257 0.0231711 0.419271
0 0.00961007 0.12876 0.0174899 0.0294344 0.418757
0 0.327463 0.605455 0.0247778 0.0340888 0.418459
0 0.0314264 0.986958 0.017201 0.0246587 0.417367
0 0.941053 0.738923 0.0129501 0.0184946 0.417128
0 0.879858 0.954851 0.0125212 0.0191891 0.415322
0 0.114823 0.217644 0.0154444 0.0309191 0.413493
0 0.976616 0.751211 0.0125732 0.0211711 0.413026
0 0.993267 0.774296 0.0134663 0.0203791 0.41274
0 0.0161687 0.864542 0.0131951 0.0239244 0.412431
0 0.972798 0.559976 0.0168314 0.0278518 0.41006
0 0.489598 0.428839 0.0170595 0.0273179 0.409164
0 0.787875 0.520025 0.0165413 0.0306792 0.40722
0 0.874243 0.352827 0.016326 0.0286143 0.406471
0 0.75315 0.54123 0.0172077 0.0303297 0.406469
0 0.652577 0.41188 0.00849381 0.0262277 0.405181
0 0.860279 0.754662 0.0139804 0.0205014 0.402812
0 0.832776 0.978109 0.0138271 0.0181812 0.402559
0 0.587316 0.262621 0.0206146 0.0355143 0.401691
0 0.94327 0.409053 0.0236931 0.0392666 0.40152
0 0.154129 0.541155 0.0185703 0.0367798 0.401406
0 0.361857 0.652369 0.0200391 0.0354992 0.398988
0 0.160981 0.092411 0.017557 0.0242964 0.398399
0 0.895186 0.976745 0.0130329 0.0174981 0.397548
0 0.51018 0.178941 0.0155312 0.0268313 0.396766
0 0.223822 0.873273 0.01912 0.0324534 0.395924
0 0.683845 0.305926 0.0163986 0.0274174 0.395014
0 0.975943 0.971001 0.0146523 0.0159834 0.394811
0 0.892379 0.624565 0.0215092 0.0373974 0.393774
0 0.152889 0.467078 0.0201431 0.0338827 0.393634
0 0.840526 0.76821 0.013768 0.0203223 0.393499
0 0.478489 0.46794 0.0130495 0.0227637 0.391203
0 0.194596 0.574544 0.0277855 0.0399363 0.390883
0 0.506143 0.98137 0.0192804 0.0334831 0.387379
0 0.916165 0.121232 0.0250744 0.0462501 0.386886
0 0.101086 0.180371 0.0231067 0.0447082 0.386856
0 0.0402263 0.818245 0.013095 0.0211541 0.38636
0 0.0344293 0.73959 0.0152575 0.0277751 0.385478
0 0.894374 0.806556 0.0141487 0.0200141 0.384848
0 0.273376 0.901594 0.0182255 0.0270681 0.384612
0 0.89719 0.241403 0.0330015 0.0677577 0.384378
0 0.807431 0.902305 0.0124973 0.0183153 0.384063
0 0.76414 0.441997 0.0112544 0.0227178 0.382526
0 0.579696 0.97447 0.0225638 0.0404466 0.381938
0 0.95413 0.0210781 0.0301453 0.0418327 0.379282
0 0.690591 0.0120576 0.0195799 0.0241152 0.379172
0 0.0638646 0.866571 0.0131052 0.0303864 0.377089
0 0.702018 0.422271 0.0154591 0.0299345 0.376823
0 0.996619 0.916508 0.00676174 0.0216956 0.375584
0 0.969636 0.827002 0.0145222 0.0176053 0.374923
0 0.476288 0.19842 0.0125816 0.0250359 0.374515
0 0.987994 0.0623514 0.0227022 0.0363046 0.374444
0 0.591462 0.153055 0.0153471 0.0269242 0.374108
0 0.515389 0.707134 0.0186811 0.0326555 0.373647
0 0.320996 0.346356 0.017147 0.0324099 0.373029
0 0.608476 0.904926 0.0394252 0.0573537 0.37232
0 0.300617 0.342417 0.0151833 0.0259871 0.372129
0 0.465696 0.982176 0.0234427 0.0343238 0.370469
0 0.17798 0.833158 0.0182252 0.0347736 0.369817
0 0.831575 0.890343 0.011969 0.0172292 0.369346
0 0.854109 0.828339 0.0126562 0.0203793 0.368865
0 0.598993 0.339365 0.015773 0.0259942 0.368856
0 0.934486 0.778109 0.0146023 0.0192349 0.368587
0 0.857313 0.790169 0.0112923 0.0207764 0.368524
0 0.773445 0.549935 0.015458 0.0304937 0.367814
0 0.780903 0.740651 0.0169127 0.0271601 0.365457
0 0.574515 0.321961 0.0186625 0.0309498 0.364548
0 0.0658862 0.50558 0.0172602 0.0345929 0.364335
0 0.106945 0.110826 0.0224523 0.0430675 0.363695
0 0.513097 0.67125 0.0188665 0.0329232 0.361642
0 0.199873 0.575946 0.0200987 0.0385108 0.361638
0 0.95649 0.766811 0.0136276 0.0173774 0.361163
0 0.264136 0.453673 0.0176229 0.0239663 0.360883
0 0.919283 0.755254 0.0152874 0.0213938 0.360857
0 0.408294 0.909075 0.0120527 0.0283869 0.359674
0 0.331877 0.601849 0.0201358 0.0355503 0.358489
0 0.140531 0.0875978 0.0140847 0.021889 0.357551
0 0.676651 0.340128 0.0148568 0.0300867 0.357137
0 0.603868 0.448225 0.0147154 0.023045 0.354957
0 0.377272 0.28041 0.0153711 0.0230348 0.354826
0 0.331694 0.568681 0.012899 0.0191501 0.35395
0 0.517104 0.506221 0.0229287 0.038633 0.353143
0 0.558373 0.106714 0.0172078 0.027096 0.353116
0 0.961009 0.727388 0.0122555 0.019578 0.352514
0 0.511937 0.603779 0.0155213 0.0262737 0.350187
0 0.878282 0.779431 0.0123863 0.0197689 0.34952
0 0.960408 0.597543 0.0231213 0.0435692 0.348556
0 0.87556 0.609346 0.0230236 0.0354844 0.348064
0 0.28166 0.275226 0.0150856 0.0240857 0.347846
0 0.995613 0.951765 0.00877431 0.017804 0.347681
0 0.966889 0.384411 0.0279903 0.0474092 0.344985
0 0.608945 0.62936 0.0188561 0.0327401 0.344585
0 0.129396 0.556046 0.0198158 0.0266066 0.344351
0 0.239901 0.0640714 0.0380112 0.0533403 0.343962
0 0.480721 0.0538043 0.0146751 0.0278167 0.340558
0 0.305259 0.395155 0.0210205 0.0368306 0.339974
0 0.903512 0.237267 0.0451862 0.0743661 0.339528
0 0.785298 0.740757 0.0256592 0.0286044 0.339507
0 0.923422 0.716833 0.0128796 0.0225861 0.339159
0 0.11133 0.360907 0.0165106 0.0310991 0.33562
0 0.261095 0.35297 0.0291698 0.0481548 0.33229
0 0.0427376 0.0296371 0.0164431 0.0311924 0.33128
0 0.152755 0.950996 0.0233406 0.0340114 0.329463
0 0.13867 0.72741 0.0230658 0.0390913 0.329128
0 0.944353 0.134791 0.0178989 0.0282081 0.327086
0 0.249903 0.483217 0.0242389 0.0435367 0.32657
0 0.381919 0.107303 0.016979 0.0367022 0.325712
0 0.62373 0.960767 0.01901 0.0332516 0.325396
0 0.265106 0.0454501 0.0177359 0.0270148 0.324049
0 0.3624 0.0776475 0.0205678 0.0329584 0.322755
0 0.585162 0.111259 0.0192169 0.0316277 0.321934
0 0.280888 0.825135 0.012372 0.0217197 0.320939
0 0.353058 0.19633 0.0189594 0.0315887 0.319763
0 0.682894 0.392619 0.0191748 0.0355593 0.31903
0 0.608961 0.369652 0.0156207 0.0229683 0.318993
0 0.0254093 0.658588 0.0129439 0.0352445 0.318947
0 0.256604 0.959756 0.0218783 0.0373619 0.318929
0 0.0115293 0.266005 0.0153877 0.0290098 0.316577
0 0.0175574 0.929323 0.0168983 0.0219876 0.316247
0 0.448457 0.814539 0.0126302 0.0205146 0.314787
0 0.131056 0.187024 0.0178215 0.0304467 0.31325
0 0.268567 0.787276 0.0154967 0.028535 0.311329
0 0.211705 0.29719 0.0200674 0.0314109 0.310472
0 0.77877 0.0680282 0.0196505 0.0387965 0.308719
0 0.624019 0.473636 0.0152727 0.0282568 0.307332
0 0.980475 0.714009 0.0126545 0.0203932 0.30731
0 0.524914 0.0781136 0.01588 0.023934 0.307254
0 0.377496 0.0463763 0.015271 0.0286014 0.304264
0 0.236329 0.899585 0.014785 0.027695 0.302251
0 0.297593 0.649401 0.030838 0.05329 0.3005
0 0.883855 0.269531 0.0251326 0.0391134 0.296838
0 0.341796 0.922656 0.0149056 0.0240523 0.296797
0 0.700975 0.666189 0.0405033 0.0655072 0.296704
0 0.784244 0.677103 0.0294015 0.0506202 0.294233
0 0.040703 0.241642 0.0140628 0.0343578 0.293551
0 0.339419 0.0803054 0.0158504 0.0324867 0.293159
0 0.885312 0.512051 0.0174367 0.0340727 0.29258
0 0.0264166 0.704806 0.0177234 0.029738 0.290947
0 0.937733 0.0848872 0.0181019 0.037251 0.290187
0 0.289434 0.711264 0.0306252 0.0403052 0.289324
0 0.288584 0.981393 0.0237786 0.0357164 0.28884
0 0.711068 0.112472 0.0205734 0.0362914 0.288794
0 0.49236 0.761724 0.0162902 0.0245861 0.288667
0 0.0799178 0.222708 0.0118685 0.0267191 0.285469
0 0.254362 0.0119036 0.0215871 0.0238073 0.282232
0 0.309498 0.152781 0.0230611 0.0430807 0.279934
0 0.264501 0.833947 0.0157542 0.0265839 0.279927
0 0.491969 0.71664 0.0171194 0.0329801 0.27923
0 0.126382 0.137696 0.0125817 0.0162796 0.279127
0 0.84873 0.0361799 0.0209702 0.0322233 0.277663
0 0.760913 0.887152 0.0205864 0.0356966 0.27576
0 0.134879 0.0325617 0.0144064 0.0245603 0.275496
0 0.139944 0.721288 0.0214116 0.0377218 0.274733
0 0.831896 0.844684 0.0160934 0.0205543 0.274045
0 0.011112 0.369849 0.021479 0.0382466 0.272778
0 0.142856 0.0884532 0.0150329 0.0235917 0.267118
0 0.56686 0.91738 0.0212861 0.0276991 0.265534
0 0.010366 0.988649 0.0140032 0.0212549 0.265261
0 0.261959 0.451842 0.0191912 0.0256449 0.262087
0 0.794276 0.971124 0.0131982 0.0169827 0.261825
0 0.582144 0.113683 0.0177405 0.03121 0.261649
0 0.300308 0.481614 0.0177328 0.0311498 0.259997
0 0.251311 0.909142 0.0152305 0.0258497 0.259197
0 0.830124 0.568554 0.0186996 0.0387759 0.258188
0 0.593764 0.1549 0.0126914 0.0234245 0.257784
0 0.170602 0.931379 0.0144032 0.0224514 0.256946
0 0.363842 0.0162875 0.015443 0.0224264 0.25571
0 0.0827919 0.222826 0.0111955 0.0285706 0.254425
0 0.364235 0.0817535 0.019456 0.0304162 0.249909
0 0.691713 0.597219 0.0121944 0.0275321 0.247276
0 0.666554 0.304562 0.0203369 0.0366689 0.246091
0 0.0708975 0.3225 0.0160639 0.0235035 0.244057
0 0.441819 0.951571 0.0164564 0.0276941 0.241802
0 0.16293 0.564098 0.0138455 0.0225776 0.23878
0 0.339859 0.686109 0.0125748 0.0232888 0.238753
0 0.585911 0.150871 0.0235102 0.0294076 0.238753
0 0.180909 0.311998 0.0216476 0.0406584 0.23859
0 0.409753 0.579233 0.0277069 0.0475762 0.238587
0 0.248618 0.69468 0.0182363 0.0284014 0.237954
0 0.214626 0.903148 0.0207676 0.0326213 0.237539
0 0.0827149 0.105796 0.0118905 0.0260176 0.237514
0 0.995727 0.738717 0.00854664 0.0221514 0.236476
0 0.0841476 0.681725 0.0140925 0.02438 0.235629
0 0.922036 0.492986 0.0169514 0.0332205 0.23559
0 0.0107608 0.221912 0.0182588 0.0269402 0.234979
0 0.901644 0.1624 0.0252979 0.0478918 0.233804
0 0.0645682 0.905143 0.0193053 0.026868 0.233367
0 0.381724 0.0964717 0.0167772 0.0418458 0.232243
0 0.167486 0.124046 0.0181477 0.029981 0.231592
0 0.152163 0.745206 0.0135868 0.0178446 0.230829
0 0.238798 0.300213 0.0150589 0.0296669 0.230603
0 0.472703 0.902476 0.01861 0.0371728 0.230039
0 0.713941 0.104187 0.0231579 0.0416454 0.229862
0 0.55331 0.461602 0.0226835 0.0391382 0.229562
0 0.127524 0.378143 0.0182659 0.0348457 0.228325
0 0.0163042 0.75121 0.0210469 0.0344584 0.227732
0 0.99168 0.537255 0.0136377 0.0189295 0.227329
0 0.0391038 0.195774 0.0169373 0.0342501 0.225791
0 0.809493 0.537374 0.0175377 0.024216 0.225432
0 0.00445533 0.87062 0.00866852 0.0393246 0.224709
0 0.746153 0.511754 0.0136038 0.0181264 0.223053
0 0.701847 0.345375 0.0178694 0.0303524 0.22272
0 0.0618483 0.563476 0.0213026 0.0339448 0.221691
0 0.479075 0.368505 0.0305061 0.0421309 0.22116
0 0.616337 0.902603 0.0258241 0.0536346 0.21946
0 0.589101 0.266995 0.0236132 0.0389848 0.21908
0 0.0543276 0.392398 0.0202912 0.0318249 0.213948
0 0.00434529 0.882159 0.00866452 0.0369344 0.2103
0 0.579391 0.571483 0.0204137 0.0382216 0.208823
0 0.74799 0.916726 0.0110202 0.0220667 0.207559
0 0.109083 0.104636 0.0197082 0.0400046 0.207162
0 0.060463 0.717498 0.0172643 0.0326555 0.207158
0 0.0955418 0.14757 0.0137722 0.0185893 0.20705
0 0.494103 0.30276 0.0171942 0.0298809 0.206829
0 0.524319 0.979989 0.0141047 0.0302283 0.2065
0 0.382939 0.115466 0.0147038 0.0258179 0.205218
0 0.901937 0.732046 0.0136349 0.0217743 0.205096
0 0.787344 0.670871 0.0333615 0.0417874 0.204303
0 0.500906 0.457866 0.0193485 0.0314797 0.203786
0 0.281593 0.0104345 0.0145491 0.020869 0.202701
0 0.154417 0.40813 0.0171 0.0248389 0.202532
