0 0.359974 0.472853 0.0256271 0.0431083 0.692113
0 0.165456 0.661453 0.0209973 0.0360917 0.690015
0 0.222275 0.847633 0.0251503 0.0423052 0.687424
0 0.243085 0.771821 0.0246545 0.0410729 0.683666
0 0.471065 0.379672 0.0233889 0.0369714 0.679112
0 0.172663 0.394324 0.0226639 0.0361198 0.676873
0 0.515566 0.46055 0.0224226 0.0343692 0.671203
0 0.936542 0.0609807 0.0249374 0.0405589 0.666896
0 0.0328288 0.597569 0.0279828 0.0424457 0.666298
0 0.21871 0.608944 0.0260615 0.0348155 0.666052
0 0.299452 0.48383 0.0239664 0.035616 0.660899
0 0.325549 0.678126 0.0204491 0.0399757 0.658042
0 0.370561 0.197964 0.0279115 0.0448452 0.657503
0 0.368189 0.643155 0.0208897 0.0342368 0.654593
0 0.0474964 0.265427 0.0234812 0.0448232 0.65212
0 0.604353 0.798617 0.0261974 0.0487656 0.65173
0 0.150362 0.353418 0.0219713 0.0345229 0.645258
0 0.248873 0.432857 0.0261997 0.0415211 0.644435
0 0.273701 0.592495 0.0266548 0.0402127 0.64422
0 0.880491 0.124016 0.0243073 0.0553816 0.643315
0 0.790794 0.746024 0.0202313 0.0311578 0.642722
0 0.91019 0.101114 0.0216553 0.0386648 0.641978
0 0.307924 0.639218 0.022393 0.0358818 0.640776
0 0.617743 0.610987 0.0245136 0.0384599 0.640384
0 0.20453 0.568955 0.0191624 0.0412082 0.638981
0 0.0580564 0.417619 0.0223694 0.0349101 0.635619
0 0.437819 0.537825 0.0192708 0.0367722 0.633159
0 0.607921 0.556125 0.0225438 0.0489209 0.63174
0 0.30301 0.59327 0.0237864 0.046292 0.628764
0 0.329479 0.480393 0.025209 0.0346746 0.626809
0 0.773465 0.773023 0.0205063 0.0354363 0.625917
0 0.215363 0.452668 0.0224643 0.0367772 0.625441
0 0.0372582 0.854676 0.0216966 0.0378045 0.625061
0 0.40017 0.53006 0.0318349 0.0516143 0.62472
0 0.820141 0.789735 0.0208336 0.0437205 0.621381
0 0.843396 0.932728 0.0195274 0.0386356 0.619786
0 0.71516 0.853438 0.019175 0.0283329 0.619545
0 0.594134 0.0676578 0.0255788 0.0381588 0.619253
0 0.160761 0.716048 0.0204445 0.0339211 0.618035
0 0.208217 0.722288 0.0265841 0.0438446 0.618034
0 0.0510168 0.492306 0.0201654 0.0336651 0.617615
0 0.135401 0.724811 0.0155069 0.0279349 0.615012
0 0.141465 0.876806 0.0228329 0.0385435 0.613835
0 0.539718 0.83787 0.0225806 0.0421134 0.613577
0 0.62778 0.124505 0.0196781 0.0319999 0.613471
0 0.73884 0.526318 0.0263561 0.039317 0.613169
0 0.217212 0.893864 0.0172044 0.034392 0.613092
0 0.538506 0.925361 0.0278605 0.050119 0.612298
0 0.704559 0.263354 0.0194753 0.0316136 0.611771
0 0.17823 0.810313 0.0190454 0.0377791 0.611237
0 0.303437 0.683751 0.0151053 0.0319248 0.611173
0 0.485448 0.614309 0.0183392 0.0344905 0.610623
0 0.830733 0.50148 0.025952 0.0427621 0.610136
0 0.216375 0.360482 0.01993 0.0392986 0.609548
0 0.0763245 0.482193 0.0182795 0.0342182 0.609085
0 0.646756 0.695373 0.020055 0.0314928 0.60836
0 0.153044 0.945437 0.0175278 0.0316661 0.607231
0 0.0703495 0.170606 0.020868 0.039493 0.607173
0 0.829573 0.686394 0.019976 0.0373129 0.605756
0 0.565711 0.819693 0.0220222 0.0412065 0.605454
0 0.230071 0.551413 0.0201162 0.0373453 0.605159
0 0.0809661 0.404889 0.0184388 0.0403105 0.604406
0 0.263279 0.835696 0.0222977 0.0373259 0.602835
0 0.109393 0.826077 0.0153461 0.028595 0.601355
0 0.740658 0.755424 0.0310714 0.0575773 0.601331
0 0.627358 0.935635 0.0223139 0.0336518 0.600592
0 0.0402098 0.452751 0.0213201 0.0359792 0.599451
0 0.28413 0.645699 0.020568 0.038848 0.599194
0 0.301691 0.535715 0.0233967 0.0409203 0.599072
0 0.846673 0.244125 0.0152863 0.0228276 0.598202
0 0.202121 0.918761 0.0172845 0.0290375 0.595449
0 0.754706 0.956436 0.0154898 0.0275047 0.594964
0 0.143791 0.553216 0.0195163 0.0333783 0.59476
0 0.779434 0.219721 0.0160671 0.0197784 0.594514
0 0.342265 0.626922 0.0288172 0.0485007 0.593318
0 0.4525 0.8767 0.0218643 0.0394102 0.593119
0 0.120576 0.468413 0.0268721 0.0477071 0.590871
0 0.141958 0.913929 0.0178657 0.0279772 0.590361
0 0.762586 0.585152 0.0306857 0.0642655 0.587834
0 0.122803 0.638041 0.0179477 0.0292879 0.587727
0 0.764777 0.924947 0.0214995 0.0309777 0.587495
0 0.092119 0.046778 0.0174594 0.0334089 0.58727
0 0.337784 0.150814 0.0231774 0.0374522 0.586522
0 0.848538 0.187613 0.0149542 0.0248759 0.585098
0 0.27318 0.799175 0.0181631 0.034612 0.584969
0 0.0485767 0.809157 0.0148764 0.028856 0.584526
0 0.651073 0.0947332 0.020822 0.0341141 0.584377
0 0.276227 0.508798 0.0169921 0.0342795 0.583478
0 0.176095 0.594158 0.0286195 0.067423 0.58286
0 0.363242 0.539964 0.025162 0.0569912 0.581672
0 0.887357 0.827794 0.0196017 0.0290315 0.580225
0 0.694635 0.226254 0.0210606 0.0407729 0.579573
0 0.341666 0.281951 0.0288279 0.0405421 0.579372
0 0.909797 0.23999 0.0213715 0.0379216 0.578941
0 0.715037 0.817401 0.0222937 0.0392743 0.577685
0 0.513867 0.676128 0.019108 0.0304084 0.57593
0 0.964463 0.672012 0.0141178 0.0249869 0.575705
0 0.978721 0.791634 0.0144438 0.0239126 0.575143
0 0.245191 0.603116 0.0180154 0.0317496 0.574117
0 0.27625 0.153546 0.0225779 0.0372524 0.57387
0 0.983212 0.680779 0.0145699 0.0222065 0.572318
0 0.31904 0.863041 0.0197149 0.0341991 0.570204
0 0.24691 0.904342 0.01615 0.0281344 0.5691
0 0.915526 0.364983 0.022258 0.0454733 0.569075
0 0.802153 0.13704 0.0129707 0.0232378 0.568342
0 0.188104 0.849433 0.0176078 0.0308034 0.568066
0 0.7644 0.68826 0.0181713 0.034059 0.567548
0 0.526026 0.507321 0.0238703 0.033636 0.566537
0 0.395579 0.20148 0.0227223 0.0445707 0.565019
0 0.877439 0.777321 0.0209965 0.0274078 0.564998
0 0.18763 0.469293 0.0171283 0.033267 0.564889
0 0.943418 0.471422 0.0142094 0.0190392 0.563983
0 0.900245 0.296043 0.0272453 0.0505432 0.563103
0 0.774626 0.955027 0.01217 0.0235628 0.56263
0 0.25777 0.208585 0.0281724 0.0444496 0.562289
0 0.95004 0.440389 0.0151001 0.0200088 0.56117
0 0.0602619 0.455342 0.0154773 0.025058 0.559699
0 0.172517 0.172464 0.0173719 0.0311499 0.559621
0 0.923558 0.464169 0.0139496 0.0187244 0.559326
0 0.981407 0.489637 0.0148731 0.0222744 0.558444
0 0.194827 0.173682 0.0201465 0.0438002 0.556908
0 0.0055861 0.922825 0.0111722 0.0271573 0.553982
0 0.800943 0.229993 0.0137119 0.0228116 0.550381
0 0.935307 0.50552 0.0144032 0.0219074 0.550372
0 0.20526 0.324751 0.0208131 0.0406633 0.54844
0 0.239481 0.65645 0.0191858 0.0273736 0.548267
0 0.77445 0.188326 0.0170818 0.0188655 0.547776
0 0.929167 0.54095 0.0141872 0.0182938 0.546732
0 0.590596 0.888489 0.0210522 0.0415483 0.545874
0 0.150329 0.744574 0.0162439 0.0256941 0.54467
0 0.759563 0.213021 0.0119755 0.0249419 0.54443
0 0.313511 0.261726 0.0227484 0.0395129 0.54278
0 0.971176 0.63412 0.0135529 0.0184673 0.542746
0 0.218295 0.0950294 0.0202558 0.0368934 0.541855
0 0.327266 0.108678 0.014499 0.0297113 0.541369
0 0.992166 0.288124 0.0156673 0.0395415 0.541362
0 0.508898 0.561084 0.0256025 0.0474963 0.5412
0 0.925273 0.920507 0.0189938 0.0421368 0.541085
0 0.0810667 0.82382 0.0135949 0.0245104 0.539256
0 0.175304 0.349559 0.0167362 0.0302171 0.539251
0 0.852411 0.121326 0.0124816 0.0213539 0.539142
0 0.909949 0.530588 0.014875 0.0163954 0.537793
0 0.283444 0.703742 0.0195805 0.0318978 0.5374
0 0.152636 0.828897 0.0209229 0.0346642 0.537064
0 0.633982 0.170544 0.0257418 0.0408593 0.536242
0 0.692557 0.546819 0.0225114 0.0334425 0.535359
0 0.824239 0.905514 0.0179974 0.0334412 0.534881
0 0.0092405 0.115882 0.0182585 0.0410514 0.53474
0 0.922511 0.572407 0.0138466 0.0187844 0.534275
0 0.761257 0.833794 0.014916 0.0255477 0.534016
0 0.989479 0.456438 0.0134323 0.0224303 0.533443
0 0.86565 0.614699 0.0285072 0.0522079 0.532185
0 0.448582 0.645682 0.0113396 0.0219469 0.531909
0 0.972552 0.821974 0.0143978 0.0190691 0.531252
0 0.466935 0.650986 0.0120678 0.0195296 0.530042
0 0.984958 0.870689 0.0131185 0.02092 0.529723
0 0.961584 0.593088 0.0144836 0.0229777 0.52833
0 0.27809 0.865344 0.0231658 0.0408936 0.527928
0 0.346006 0.0929564 0.0167653 0.0346713 0.527511
0 0.716921 0.888554 0.0167025 0.0304975 0.527408
0 0.901702 0.565555 0.0132248 0.0183087 0.526481
0 0.815171 0.107203 0.0143387 0.0174972 0.526433
0 0.823695 0.143358 0.0147041 0.0181533 0.52539
0 0.455214 0.680497 0.0136769 0.0199566 0.525053
0 0.488223 0.655228 0.0140717 0.0178635 0.524941
0 0.392605 0.719621 0.0133112 0.02136 0.523491
0 0.929588 0.436574 0.0120716 0.0187239 0.52328
0 0.196845 0.814842 0.0119841 0.0229923 0.523225
0 0.236659 0.988283 0.0144416 0.0223854 0.522675
0 0.970063 0.442556 0.0131451 0.0184267 0.522086
0 0.110704 0.420298 0.0210645 0.0406882 0.522053
0 0.915116 0.496751 0.013636 0.0178304 0.52191
0 0.814116 0.746334 0.0133366 0.0228489 0.520948
0 0.586935 0.727467 0.0166948 0.0271217 0.52017
0 0.543171 0.468385 0.0162975 0.0289207 0.519473
0 0.986158 0.565748 0.0120174 0.0187193 0.518115
0 0.160943 0.898471 0.0137042 0.0293231 0.518042
0 0.95014 0.550065 0.0143394 0.0195986 0.513871
0 0.793384 0.849289 0.0179176 0.0331282 0.513861
0 0.83395 0.603361 0.0217098 0.0343943 0.51367
0 0.989426 0.756606 0.0144679 0.0199153 0.513475
0 0.269767 0.0143259 0.0235154 0.0286517 0.513249
0 0.624486 0.975438 0.0159592 0.034989 0.512653
0 0.643913 0.0491894 0.0202035 0.0381238 0.511526
0 0.220442 0.788898 0.0162295 0.0397783 0.510789
0 0.955936 0.515949 0.0152664 0.020413 0.508494
0 0.42492 0.474341 0.0366625 0.0606503 0.508091
0 0.344856 0.402268 0.0264258 0.0470115 0.507868
0 0.810419 0.169142 0.0131519 0.0191372 0.507143
0 0.073874 0.357412 0.0217747 0.0289098 0.503706
0 0.439017 0.765864 0.0140774 0.0248759 0.502444
0 0.566186 0.875075 0.0200306 0.0332092 0.502401
0 0.775542 0.087725 0.0115615 0.0185556 0.501897
0 0.790528 0.161488 0.01231 0.020154 0.499504
0 0.732742 0.964165 0.0224173 0.0342165 0.499192
0 0.863974 0.881666 0.0120533 0.0211892 0.499137
0 0.144585 0.607358 0.0287702 0.0490452 0.496952
0 0.806168 0.659436 0.0181294 0.0344683 0.496888
0 0.98024 0.602364 0.0123997 0.0180714 0.495861
0 0.82693 0.0777704 0.0124729 0.01779 0.495407
0 0.815787 0.200276 0.0131977 0.0189251 0.495193
0 0.429075 0.637843 0.0123941 0.0219077 0.495118
0 0.221938 0.681748 0.0172411 0.031976 0.494142
0 0.00910796 0.357889 0.0176463 0.0399424 0.493032
0 0.8199 0.228409 0.0151573 0.0193358 0.492214
0 0.885771 0.862615 0.0140497 0.027436 0.491513
0 0.953067 0.628532 0.0136932 0.0150986 0.491355
0 0.684604 0.627348 0.0217058 0.0351677 0.490735
0 0.894812 0.674851 0.0186017 0.0438124 0.490422
0 0.737688 0.868727 0.0141153 0.0280507 0.490267
0 0.914875 0.606984 0.013205 0.0198553 0.490134
0 0.263712 0.688653 0.0189316 0.0431207 0.490048
0 0.834508 0.117039 0.0127296 0.0170845 0.489098
0 0.680987 0.682398 0.0320261 0.0472816 0.488906
0 0.0096907 0.269786 0.0191713 0.0450751 0.487528
0 0.845509 0.66885 0.0144476 0.0246448 0.487347
0 0.99219 0.644211 0.0142807 0.0158393 0.486852
0 0.847225 0.091157 0.0128559 0.0198019 0.486676
0 0.942708 0.582364 0.0141937 0.0185378 0.48649
0 0.82922 0.177562 0.01538 0.017226 0.486234
0 0.754219 0.864291 0.0178567 0.0313198 0.486105
0 0.993056 0.834128 0.0137909 0.017669 0.483719
0 0.403943 0.693534 0.0127316 0.018733 0.482626
0 0.736528 0.153829 0.0172203 0.0305064 0.482442
0 0.967802 0.558365 0.0141809 0.0157438 0.48153
0 0.836499 0.207448 0.010844 0.0187106 0.480684
0 0.301285 0.726744 0.0192974 0.0247896 0.479519
0 0.0327938 0.05424 0.0270325 0.0499366 0.478787
0 0.343425 0.526767 0.0186865 0.03711 0.478636
0 0.0638665 0.583358 0.0242928 0.0388872 0.477965
0 0.0592024 0.874777 0.0201119 0.0376428 0.477952
0 0.14588 0.228255 0.0195368 0.0337071 0.477614
0 0.840067 0.04988 0.0125919 0.0174736 0.477174
0 0.796016 0.0991861 0.0123612 0.0178048 0.476152
0 0.976053 0.524295 0.0139874 0.0175132 0.475433
0 0.767502 0.151277 0.013755 0.0206063 0.474671
0 0.435796 0.671672 0.0123974 0.0181777 0.474429
0 0.640012 0.777935 0.0219105 0.0423781 0.474111
0 0.314905 0.39932 0.021016 0.040122 0.473895
0 0.976584 0.715183 0.0131714 0.0181851 0.473587
0 0.389066 0.250739 0.0249921 0.0402171 0.473577
0 0.630821 0.818204 0.0172138 0.0281598 0.471403
0 0.942894 0.386235 0.0241094 0.0461021 0.46951
0 0.857364 0.832972 0.0168486 0.0289878 0.468902
0 0.25547 0.363697 0.0271248 0.0503443 0.467558
0 0.385061 0.781862 0.0119561 0.0185803 0.467346
0 0.675651 0.583164 0.0255442 0.0385747 0.467068
0 0.626325 0.784297 0.0154467 0.0329858 0.46702
0 0.783479 0.876801 0.0128792 0.0247609 0.465808
0 0.130553 0.78838 0.0147081 0.0242615 0.461834
0 0.289483 0.928586 0.0271346 0.0364268 0.46026
0 0.0122832 0.977499 0.0148412 0.0305437 0.459272
0 0.934828 0.618052 0.0141457 0.0179295 0.457079
0 0.121228 0.335869 0.0206111 0.0336309 0.4568
0 0.453686 0.582707 0.0113771 0.0181983 0.456373
0 0.200987 0.871136 0.014606 0.024624 0.456346
0 0.402358 0.10863 0.0162333 0.0286396 0.454841
0 0.745239 0.241986 0.0139528 0.0193128 0.453384
0 0.869751 0.755053 0.0195404 0.025177 0.453109
0 0.430752 0.733541 0.0136854 0.0173564 0.453
0 0.067175 0.112882 0.0172547 0.0347039 0.452204
0 0.506983 0.957374 0.0366581 0.0701583 0.451584
0 0.377837 0.750598 0.0129609 0.0176322 0.450603
0 0.0477536 0.754453 0.0157931 0.0387816 0.45027
0 0.843412 0.149797 0.0128185 0.0176428 0.447371
0 0.392974 0.145673 0.0197586 0.0442706 0.446474
0 0.962274 0.478842 0.0116756 0.0168496 0.446132
0 0.821882 0.0460022 0.0115639 0.0170248 0.446035
0 0.481192 0.864255 0.0229984 0.0465237 0.445646
0 0.900196 0.486123 0.0124809 0.0183826 0.445641
0 0.763538 0.245078 0.0148552 0.0170855 0.445595
0 0.010222 0.830878 0.0199464 0.0322026 0.445327
0 0.413091 0.821224 0.0138285 0.0191043 0.444303
0 0.0902775 0.5737 0.022339 0.0375339 0.44088
0 0.738595 0.594538 0.0191013 0.0325279 0.440761
0 0.856739 0.220436 0.0117859 0.0194676 0.440106
0 0.510669 0.96244 0.0302468 0.0584238 0.439281
0 0.529595 0.618449 0.0227835 0.0391596 0.439165
0 0.290477 0.202641 0.0171699 0.0322475 0.439018
0 0.00346264 0.434736 0.00692528 0.0252198 0.437467
0 0.80922 0.0703959 0.012319 0.0165677 0.43653
0 0.462386 0.617872 0.0139357 0.0196509 0.43457
0 0.617273 0.840451 0.0187216 0.0299216 0.433966
0 0.964935 0.861924 0.0143732 0.0200151 0.433469
0 0.896519 0.797552 0.0166584 0.0293847 0.432536
0 0.5025 0.720951 0.0177238 0.0359016 0.431306
0 0.878512 0.0195354 0.0163677 0.0208832 0.430463
0 0.643337 0.562765 0.0164777 0.0295242 0.428388
0 0.644347 0.982683 0.0213453 0.0314451 0.428036
0 0.0741555 0.0629786 0.0129195 0.0259158 0.426737
0 0.372252 0.393412 0.023016 0.0339767 0.425867
0 0.17627 0.608129 0.0242524 0.0411794 0.425353
0 0.890153 0.892617 0.017267 0.0269301 0.424655
0 0.56819 0.0289155 0.0212219 0.0383897 0.424636
0 0.703678 0.454289 0.023379 0.0492916 0.424307
0 0.501561 0.130944 0.01747 0.0283078 0.42382
0 0.602354 0.841407 0.0132856 0.0256236 0.423329
0 0.40208 0.398217 0.0316733 0.043476 0.421766
0 0.399484 0.752364 0.0118384 0.0193868 0.419523
0 0.366265 0.252612 0.0180152 0.0264778 0.415799
0 0.795285 0.197752 0.0124114 0.0164984 0.415729
0 0.0847076 0.320123 0.0176844 0.0284033 0.414494
0 0.891695 0.754062 0.0153564 0.023291 0.412729
0 0.572272 0.157763 0.0293358 0.0439764 0.412095
0 0.154745 0.484502 0.0150594 0.0284591 0.411221
0 0.779627 0.841635 0.0140286 0.0257233 0.410912
0 0.477009 0.682757 0.0124031 0.0187533 0.410764
0 0.903901 0.98773 0.0181515 0.0229838 0.409162
0 0.919533 0.672532 0.0181463 0.0300559 0.409116
0 0.969168 0.743092 0.0126419 0.0177882 0.408873
0 0.377788 0.0854636 0.0147179 0.0304931 0.407969
0 0.457696 0.424799 0.0223005 0.0364761 0.407679
0 0.161769 0.774942 0.0191539 0.0295173 0.406172
0 0.461826 0.710714 0.0134111 0.0178845 0.406087
0 0.229963 0.510179 0.0204661 0.0313204 0.403851
0 0.00409576 0.494274 0.0081703 0.0459157 0.403268
0 0.529431 0.761379 0.0221485 0.0392405 0.402709
0 0.283089 0.407873 0.0228906 0.0343458 0.40235
0 0.230416 0.184263 0.0205316 0.0349308 0.400173
0 0.100819 0.27477 0.0133391 0.0259149 0.399713
0 0.458518 0.483152 0.0216164 0.0329164 0.398987
0 0.611325 0.753923 0.0221085 0.0326889 0.398948
0 0.745567 0.834045 0.0146421 0.0245395 0.398939
0 0.748158 0.27321 0.0149547 0.01866 0.397784
0 0.0419572 0.632253 0.0152189 0.0257035 0.397611
0 0.44534 0.809979 0.0217299 0.0394111 0.39726
0 0.17699 0.754369 0.0146929 0.0293939 0.393402
0 0.889813 0.518779 0.0130292 0.0147658 0.392942
0 0.761053 0.118617 0.0107693 0.0185632 0.391863
0 0.867987 0.25452 0.0152063 0.0182318 0.391803
0 0.9879 0.0713756 0.0242003 0.0454776 0.390618
0 0.457605 0.966683 0.0268764 0.0335353 0.389705
0 0.257526 0.369747 0.0249979 0.0398897 0.389156
0 0.568543 0.555189 0.0199575 0.0363274 0.387639
0 0.900236 0.196945 0.0187847 0.03253 0.386827
0 0.0766196 0.264445 0.0203126 0.0368166 0.386219
0 0.00352595 0.0470908 0.00703373 0.0449708 0.386084
0 0.94816 0.392199 0.0282349 0.0365465 0.384016
0 0.12795 0.813693 0.0118215 0.0208181 0.383955
0 0.723256 0.125198 0.0207297 0.0330852 0.383475
0 0.163307 0.984907 0.0150033 0.0270847 0.377288
0 0.391448 0.608352 0.0182562 0.0315716 0.376844
0 0.908927 0.83347 0.0157585 0.03268 0.376146
0 0.638691 0.736076 0.0194695 0.0300548 0.371953
0 0.239153 0.0305597 0.0351793 0.0580296 0.371654
0 0.80254 0.592364 0.0334925 0.0566873 0.370372
0 0.753157 0.177823 0.0129679 0.0193945 0.369615
0 0.2321 0.326608 0.0180373 0.046903 0.367887
0 0.441608 0.611687 0.0127895 0.0177419 0.367584
0 0.439298 0.844262 0.0155714 0.0280265 0.366237
0 0.855061 0.977752 0.0236195 0.0406947 0.363877
0 0.993396 0.534079 0.0132076 0.0168915 0.363748
0 0.10584 0.66022 0.010392 0.0271682 0.362044
0 0.39346 0.817993 0.0128553 0.0199557 0.361624
0 0.798057 0.915657 0.0178857 0.0361962 0.361365
0 0.0301736 0.333781 0.0207036 0.0363352 0.360571
0 0.314722 0.826158 0.0180184 0.0287986 0.359325
0 0.864621 0.174234 0.0129486 0.0184118 0.357941
0 0.619313 0.0538283 0.0201719 0.0323708 0.356609
0 0.91583 0.958149 0.013699 0.0244771 0.355598
0 0.132897 0.840074 0.0145611 0.025766 0.354303
0 0.788143 0.984835 0.0199028 0.0292062 0.352345
0 0.561988 0.749909 0.0175579 0.0292297 0.351616
0 0.337146 0.637043 0.0193339 0.0295003 0.35136
0 0.996557 0.612354 0.00688686 0.0202063 0.350522
0 0.170693 0.863875 0.0153323 0.0214813 0.349123
0 0.104765 0.0247255 0.0127652 0.0184509 0.34553
0 0.782789 0.12572 0.0113366 0.016687 0.344027
0 0.0776082 0.258464 0.0243464 0.0482777 0.343909
0 0.0103962 0.692904 0.0174002 0.0298341 0.343078
0 0.0233323 0.397007 0.0263285 0.0322783 0.341568
0 0.535896 0.575625 0.0175479 0.0295605 0.34068
0 0.811029 0.0220759 0.0114304 0.0201643 0.339279
0 0.289501 0.0539825 0.0153698 0.0371557 0.337592
0 0.87307 0.289031 0.0143681 0.0183819 0.337459
0 0.416896 0.664754 0.0109859 0.0192573 0.337256
0 0.797562 0.796214 0.0216614 0.0431068 0.336304
0 0.206857 0.655394 0.0219511 0.0304908 0.334874
0 0.362487 0.145841 0.0213289 0.0328902 0.334122
0 0.481036 0.74064 0.0208258 0.0330594 0.333183
0 0.77024 0.722381 0.015152 0.0266354 0.331085
0 0.146172 0.987529 0.0161592 0.0233558 0.329016
0 0.95328 0.392225 0.0182037 0.0358322 0.3278
0 0.118111 0.00864327 0.0178287 0.0172865 0.327739
0 0.461337 0.929656 0.0264679 0.0424581 0.32676
0 0.626986 0.873134 0.0150228 0.0219228 0.326152
0 0.30676 0.3349 0.0242092 0.0403007 0.325134
0 0.894017 0.756257 0.0182556 0.0286672 0.322338
0 0.446113 0.39107 0.0231251 0.0328813 0.322089
0 0.134854 0.420295 0.0156102 0.0315787 0.321113
0 0.723827 0.926474 0.0150356 0.0259474 0.32062
0 0.310898 0.795073 0.0153078 0.0266681 0.319897
0 0.292901 0.832916 0.0198315 0.0320401 0.319322
0 0.610915 0.470482 0.0230894 0.0434175 0.318959
0 0.146611 0.265166 0.0225821 0.03629 0.318054
0 0.386355 0.353254 0.0193277 0.0426171 0.316974
0 0.663577 0.178451 0.0230597 0.0367811 0.316433
0 0.10299 0.929424 0.0170466 0.0270545 0.314892
0 0.856335 0.708394 0.0137682 0.0316133 0.313489
0 0.799165 0.046349 0.0124029 0.0187483 0.312833
0 0.864138 0.056689 0.0148964 0.0226541 0.312433
0 0.333759 0.744649 0.0261703 0.0478729 0.312219
0 0.996141 0.175312 0.00771885 0.0437078 0.311792
0 0.974138 0.177735 0.0194736 0.0351913 0.311084
0 0.471943 0.591858 0.010914 0.0146133 0.310627
0 0.464692 0.509142 0.0160746 0.0250514 0.310337
0 0.0424085 0.372612 0.0122443 0.0254929 0.309457
0 0.275137 0.986536 0.0201989 0.02618 0.308689
0 0.187306 0.893643 0.0162881 0.0238695 0.308461
0 0.947237 0.132716 0.0174259 0.0322977 0.308402
0 0.651202 0.626767 0.0199291 0.0299572 0.306179
0 0.0484452 0.699231 0.0146512 0.0244687 0.305262
0 0.586485 0.534256 0.0180809 0.033896 0.305261
0 0.781926 0.0223703 0.0145501 0.0184221 0.303474
0 0.0690017 0.729596 0.0164572 0.0278568 0.301863
0 0.557634 0.95046 0.0205626 0.0372084 0.300758
0 0.858032 0.709913 0.0132563 0.0280217 0.299949
0 0.330014 0.986096 0.0194818 0.0266554 0.297366
0 0.843234 0.0118446 0.0146381 0.0175218 0.296086
0 0.372108 0.719685 0.011688 0.0160805 0.295275
0 0.176776 0.615988 0.0189719 0.0276617 0.294975
0 0.942743 0.18534 0.0265303 0.0437309 0.293457
0 0.313961 0.140304 0.018026 0.0317082 0.291078
0 0.901628 0.800566 0.0154672 0.0266076 0.290059
0 0.268664 0.338959 0.0137762 0.0244283 0.289388
0 0.580857 0.842094 0.0178805 0.0301575 0.289385
0 0.621908 0.725132 0.013145 0.0237 0.287673
0 0.466938 0.558322 0.0119038 0.0177552 0.286601
0 0.253078 0.166304 0.0138767 0.024623 0.285957
0 0.877417 0.80587 0.0117289 0.0171261 0.285877
0 0.96746 0.991628 0.0217793 0.0165141 0.285177
0 0.981864 0.114548 0.0159966 0.0315569 0.284657
0 0.915548 0.720576 0.0210003 0.0468888 0.284302
0 0.00752153 0.589292 0.0148342 0.0362354 0.282778
0 0.42884 0.428837 0.0187515 0.0295117 0.281786
0 0.877128 0.730893 0.01541 0.0211907 0.281775
0 0.98046 0.222444 0.0241168 0.0408655 0.279728
0 0.0977823 0.464078 0.0161654 0.0444634 0.278449
0 0.417453 0.0468472 0.0205986 0.0350664 0.274938
0 0.00309772 0.396909 0.00619116 0.0360291 0.274087
0 0.316698 0.203827 0.0172637 0.030018 0.272279
0 0.112817 0.873675 0.0182795 0.0326451 0.270719
0 0.995668 0.723318 0.00866489 0.0182275 0.270709
0 0.551843 0.750068 0.0152534 0.0276215 0.270106
0 0.110892 0.609781 0.0158698 0.028859 0.269559
0 0.0263336 0.706917 0.0158622 0.0315226 0.26832
0 0.765726 0.807102 0.0150469 0.0214054 0.268263
0 0.628727 0.530104 0.0195364 0.0385239 0.267855
0 0.27708 0.0569949 0.0183627 0.0326037 0.26738
0 0.528965 0.0062842 0.0232315 0.0125684 0.266917
0 0.697145 0.509717 0.0208084 0.0329111 0.265221
0 0.787971 0.843735 0.0187043 0.0296549 0.262811
0 0.18265 0.0177415 0.0208601 0.0341791 0.26202
0 0.228573 0.178434 0.0240571 0.0463485 0.260938
0 0.346293 0.245881 0.0187861 0.0301432 0.260416
0 0.62045 0.837256 0.0172953 0.0284492 0.260111
0 0.833007 0.962607 0.0137688 0.0232304 0.258472
0 0.605003 0.719719 0.0164763 0.0269815 0.258079
0 0.921065 0.195188 0.0119143 0.0194851 0.257753
0 0.473745 0.794107 0.0264046 0.0356428 0.257615
0 0.655417 0.494891 0.0203408 0.0372918 0.257286
0 0.190405 0.743359 0.0162795 0.0362788 0.25683
0 0.95624 0.393526 0.0151398 0.0322674 0.256667
0 0.674463 0.519336 0.01645 0.0294305 0.253486
0 0.650914 0.941029 0.0154121 0.0287174 0.252855
0 0.185829 0.261191 0.0171704 0.0307717 0.252568
0 0.841089 0.883377 0.018227 0.0290497 0.252115
0 0.817394 0.956756 0.0182957 0.0359595 0.252048
0 0.028328 0.971669 0.0174774 0.0289967 0.251592
0 0.896454 0.597339 0.0126301 0.0137867 0.251459
0 0.423711 0.793395 0.0136486 0.0177216 0.251379
0 0.371819 0.356892 0.0184727 0.0357703 0.251001
0 0.728805 0.65339 0.0367807 0.0722365 0.250671
0 0.259918 0.0703046 0.012929 0.03022 0.249562
0 0.681575 0.463972 0.0248256 0.0423286 0.249088
0 0.593231 0.967055 0.0180248 0.037458 0.248977
0 0.996052 0.799951 0.00789642 0.0189511 0.247516
0 0.405197 0.789576 0.0112027 0.0166277 0.247246
0 0.252122 0.354158 0.0223166 0.0395403 0.247032
0 0.0891575 0.752588 0.0153 0.0280385 0.24494
0 0.479852 0.988278 0.0202061 0.0225257 0.244852
0 0.189168 0.74053 0.0132424 0.0345647 0.244295
0 0.399525 0.849805 0.0147532 0.0198869 0.244232
0 0.782542 0.843986 0.0128102 0.0298533 0.243566
0 0.800659 0.598395 0.0288357 0.0456607 0.243514
0 0.720927 0.498757 0.0220725 0.0357461 0.242116
0 0.110903 0.367709 0.0156524 0.0240771 0.24162
0 0.0667107 0.306161 0.0131818 0.0235097 0.239624
0 0.328522 0.572989 0.0155219 0.0294657 0.234698
0 0.575568 0.644898 0.0209007 0.0359092 0.233819
0 0.743199 0.810641 0.0182555 0.0222648 0.23341
0 0.388799 0.455163 0.0220941 0.0351379 0.232391
0 0.460584 0.831775 0.0135635 0.0241286 0.232096
0 0.581444 0.761406 0.0200048 0.0322201 0.231073
0 0.480166 0.916409 0.0132349 0.0301166 0.230972
0 0.729092 0.264401 0.013902 0.0214017 0.229206
0 0.530913 0.693578 0.0199156 0.0349039 0.227949
0 0.832811 0.265877 0.0132275 0.020501 0.227553
0 0.212786 0.406613 0.0224131 0.0339688 0.226021
0 0.439428 0.494282 0.0114491 0.0292029 0.225772
0 0.639901 0.521141 0.015009 0.0303891 0.223814
0 0.0792046 0.441876 0.0142907 0.0231961 0.222929
0 0.355814 0.327879 0.0167329 0.0276616 0.221323
0 0.578222 0.939321 0.0158481 0.025126 0.220634
0 0.798835 0.789827 0.0196737 0.0402618 0.220257
0 0.565284 0.903289 0.0125917 0.0182505 0.218534
0 0.701901 0.134757 0.0161791 0.0317329 0.21838
0 0.314654 0.196203 0.0214493 0.0410741 0.217918
0 0.631122 0.527123 0.0223354 0.0375732 0.217538
0 0.784186 0.667983 0.0203114 0.0368954 0.21602
0 0.502117 0.629636 0.0119299 0.0197931 0.215357
0 0.13843 0.300022 0.0157255 0.0266128 0.2152
0 0.912637 0.397325 0.0227037 0.026493 0.212698
0 0.30681 0.985026 0.0163847 0.0271475 0.212127
0 0.38084 0.35374 0.0296085 0.0422106 0.209732
0 0.0286937 0.821023 0.0165498 0.0244602 0.205638
0 0.0204456 0.662524 0.0198522 0.0300886 0.204779
0 0.973447 0.354598 0.0131332 0.0210683 0.204355
0 0.309261 0.0181714 0.0228895 0.0345878 0.203578
0 0.265936 0.91169 0.0125767 0.0256792 0.203501
0 0.171153 0.93476 0.0139644 0.0206991 0.202948
0 0.377324 0.290535 0.0218201 0.0335589 0.202482
0 0.29244 0.926015 0.0322654 0.0448819 0.200001
0 0.0144389 0.190528 0.0271394 0.0384828 0.199773
0 0.343038 0.187038 0.0172553 0.0312564 0.199758
0 0.730271 0.202127 0.0177968 0.0332304 0.199549
0 0.181447 0.699433 0.0157193 0.0257906 0.198602
0 0.0617684 0.237213 0.0163965 0.0270554 0.197817
0 0.198876 0.869365 0.0127223 0.0240972 0.194537
0 0.78658 0.810491 0.0171194 0.0271704 0.194397
0 0.607335 0.479486 0.0265259 0.0465181 0.193311
0 0.361173 0.0974258 0.0174004 0.0368621 0.192955
0 0.153212 0.152157 0.0141307 0.0287578 0.192187
0 0.203409 0.661473 0.0225286 0.0318059 0.191246
0 0.23698 0.323718 0.0278897 0.048488 0.190975
0 0.917323 0.781331 0.0169121 0.0333116 0.190037
0 0.181934 0.0849718 0.0176164 0.0281909 0.189688
0 0.129562 0.526961 0.0153616 0.030758 0.189524
0 0.335155 0.189351 0.0139451 0.0310569 0.188873
0 0.324572 0.539754 0.0143029 0.0272789 0.18853
0 0.746585 0.71339 0.0267009 0.0415923 0.18752
0 0.89237 0.728397 0.014724 0.0241269 0.186974
0 0.965088 0.13356 0.0136391 0.0232596 0.186947
0 0.64157 0.843366 0.0152262 0.0286176 0.186656
0 0.130497 0.961501 0.0132748 0.0298296 0.186066
0 0.411232 0.725981 0.0106183 0.0175096 0.185039
0 0.915263 0.713833 0.0189945 0.0371935 0.184867
0 0.733756 0.834934 0.0067845 0.0259786 0.1848
0 0.36707 0.144697 0.0192113 0.0325167 0.184795
0 0.918912 0.864046 0.0205853 0.0333974 0.184645
0 0.471665 0.220878 0.015056 0.019342 0.184006
0 0.898215 0.759196 0.0172543 0.0328942 0.180693
0 0.920161 0.857562 0.0224552 0.0455811 0.180677
0 0.11078 0.412267 0.02174 0.0503788 0.180543
0 0.621436 0.048126 0.0244621 0.0466568 0.180354
0 0.26935 0.337762 0.0186955 0.0266951 0.179946
0 0.297215 0.119337 0.0198427 0.0261045 0.179176
0 0.550873 0.54948 0.0159121 0.0267061 0.17903
0 0.917764 0.851555 0.0273066 0.057449 0.178951
0 0.752542 0.179619 0.0148912 0.0245735 0.178285
0 0.49835 0.0136215 0.0227516 0.0269258 0.177158
0 0.981922 0.384554 0.0150299 0.018748 0.176912
0 0.0119117 0.473162 0.0192964 0.0332576 0.17684
0 0.162199 0.200687 0.0152555 0.025601 0.176823
0 0.108189 0.873105 0.0234335 0.034259 0.176663
0 0.0281917 0.283544 0.0147049 0.0296359 0.176254
0 0.0451378 0.308258 0.011762 0.0267087 0.173564
0 0.108613 0.761284 0.0129098 0.0215315 0.172831
0 0.355076 0.866446 0.0221025 0.0406586 0.172167
0 0.994605 0.175253 0.0107894 0.0459352 0.16999
0 0.512616 0.973591 0.0262778 0.0366692 0.169822
0 0.725203 0.65685 0.0295261 0.0628213 0.16913
0 0.2078 0.0337444 0.0181165 0.0311507 0.169049
0 0.435981 0.485617 0.0163276 0.0460151 0.16781
0 0.0103956 0.482701 0.0204722 0.041529 0.167378
0 0.204173 0.226281 0.0150084 0.0363233 0.16705
0 0.658852 0.840981 0.0197804 0.0399831 0.167033
0 0.499473 0.862181 0.0157356 0.0467421 0.16654
0 0.585283 0.0273416 0.014524 0.0358328 0.166159
0 0.361023 0.0905916 0.0167358 0.0374332 0.166
0 0.381674 0.291709 0.0265857 0.0325846 0.165738
0 0.391876 0.463229 0.0197757 0.040453 0.163254
0 0.144821 0.397826 0.0175079 0.0294908 0.162521
0 0.492523 0.86216 0.0289101 0.0461538 0.160877
0 0.198693 0.874086 0.0134469 0.0268799 0.159229
0 0.0996186 0.390817 0.0135831 0.0363832 0.1592
0 0.733715 0.898393 0.0144324 0.0231364 0.156259
0 0.190314 0.0529005 0.0163088 0.0302915 0.156255
0 0.0958753 0.695896 0.016244 0.0298767 0.155929
0 0.995314 0.798392 0.0091835 0.0192349 0.155231
0 0.8597 0.15129 0.0128006 0.0120689 0.154822
0 0.968714 0.413266 0.0114109 0.0235801 0.154187
0 0.862313 0.882408 0.0150093 0.0261159 0.153763
0 0.193053 0.750224 0.0195428 0.0329481 0.153631
0 0.137131 0.41611 0.0233207 0.0413628 0.15356
0 0.168667 0.449514 0.0203475 0.0227544 0.153501
0 0.789874 0.808542 0.0205391 0.0291538 0.153219
0 0.171247 0.112313 0.013103 0.0258425 0.153149
0 0.859668 0.705173 0.0175636 0.0351287 0.149918
0 0.899437 0.353484 0.021233 0.045265 0.149538
0 0.36148 0.104282 0.017002 0.0293841 0.148585
0 0.697661 0.666621 0.0174978 0.0344547 0.148561
0 0.636283 0.523594 0.0187688 0.0343404 0.147176
0 0.398182 0.47717 0.0127305 0.034758 0.146327
0 0.00453264 0.0479112 0.00873824 0.0519447 0.145789
0 0.00665222 0.272428 0.0127662 0.0455887 0.145455
0 0.461052 0.490934 0.0238316 0.047888 0.145359
0 0.963158 0.00887186 0.0296604 0.0177437 0.143979
0 0.400233 0.477431 0.0118482 0.0370756 0.143675
0 0.148419 0.515221 0.0155032 0.0226685 0.142457
0 0.845023 0.78409 0.0177551 0.0311102 0.141661
0 0.121573 0.90795 0.0122124 0.0268551 0.141164
0 0.557058 0.0976414 0.0165752 0.0343239 0.14023
0 0.112395 0.324719 0.0187787 0.0333118 0.139932
0 0.194457 0.756628 0.0171602 0.0253128 0.139908
0 0.108344 0.321752 0.0134201 0.0339335 0.139565
0 0.38037 0.491008 0.0175728 0.0325627 0.13869
0 0.483949 0.741011 0.0167822 0.0351503 0.137408
0 0.233324 0.109482 0.0169871 0.0296351 0.136836
0 0.258558 0.687612 0.028912 0.045823 0.136681
0 0.218315 0.451391 0.0284764 0.0430091 0.136192
0 0.985374 0.114407 0.0231247 0.0316771 0.136091
0 0.316941 0.207509 0.0156234 0.0251552 0.135947
0 0.344934 0.436197 0.0167781 0.0201428 0.135698
0 0.547043 0.796032 0.0185184 0.0290946 0.135551
0 0.902645 0.356042 0.0218182 0.0440184 0.135352
0 0.964529 0.134462 0.0153905 0.030916 0.135129
0 0.351446 0.0395049 0.017752 0.0293628 0.135087
0 0.854811 0.221179 0.0112606 0.0184314 0.1339
0 0.685934 0.676377 0.0379967 0.0513307 0.133771
0 0.136784 0.786162 0.0216853 0.0270833 0.132528
0 0.0980714 0.178113 0.0198304 0.0315803 0.131994
0 0.446443 0.807751 0.0187256 0.030671 0.131913
0 0.0930555 0.143608 0.0161118 0.0234875 0.131779
0 0.76794 0.894597 0.0128864 0.0243023 0.131346
0 0.705368 0.170047 0.021097 0.0312722 0.131267
0 0.939834 0.745037 0.018655 0.0366193 0.131228
0 0.0508799 0.549953 0.0128332 0.0274697 0.130921
0 0.0498731 0.553246 0.0147041 0.0306014 0.129834
0 0.00694324 0.750854 0.0137692 0.0343166 0.129737
0 0.00567317 0.492559 0.0113449 0.0501953 0.129251
0 0.717934 0.22037 0.0151601 0.026948 0.128182
0 0.46473 0.620152 0.0126242 0.0218058 0.127561
0 0.964156 0.0126494 0.0301253 0.0240213 0.12718
0 0.232081 0.337367 0.0153555 0.0341982 0.1266
0 0.331983 0.192296 0.0147873 0.0322996 0.126535
0 0.139219 0.411899 0.0240635 0.043239 0.126197
0 0.893879 0.794482 0.0150215 0.0287286 0.126057
0 0.736716 0.633979 0.0349092 0.0483509 0.125709
0 0.733718 0.644452 0.0405819 0.0680587 0.125667
0 0.339282 0.795822 0.0160751 0.0301215 0.124314
0 0.438407 0.491712 0.0135413 0.036646 0.123837
0 0.564699 0.903045 0.0157814 0.0208184 0.123437
0 0.962893 0.0514248 0.0177727 0.0270261 0.12298
0 0.186822 0.89762 0.016654 0.0221927 0.122932
0 0.791898 0.949306 0.0127106 0.0244513 0.122566
0 0.905466 0.80406 0.0164997 0.022877 0.122507
0 0.79396 0.807065 0.0231654 0.0304759 0.122436
0 0.740702 0.993369 0.0189508 0.0125271 0.121538
0 0.0107511 0.57694 0.0208373 0.0513034 0.121022
0 0.273854 0.853855 0.023175 0.0378655 0.120898
0 0.172834 0.558822 0.0238853 0.0278643 0.120738
0 0.00975664 0.586788 0.0188225 0.0442664 0.120495
0 0.264685 0.118711 0.0194964 0.0335019 0.119751
0 0.988558 0.12947 0.022786 0.0435794 0.119747
0 0.342075 0.0626817 0.0156771 0.0144793 0.119608
0 0.0888903 0.314399 0.0153781 0.0387034 0.119355
0 0.0518384 0.190478 0.0212349 0.0419484 0.118867
0 0.565016 0.553925 0.0194572 0.035467 0.118737
0 0.179572 0.98482 0.0140755 0.0293056 0.118406
0 0.834628 0.959901 0.013979 0.0265127 0.118356
0 0.672682 0.981526 0.022179 0.0352183 0.118216
0 0.652212 0.622336 0.0187584 0.0349611 0.118078
0 0.647788 0.990308 0.0215488 0.0189731 0.117907
0 0.754517 0.833734 0.0200834 0.0261321 0.117773
0 0.342066 0.848485 0.0148331 0.0269274 0.117616
0 0.3175 0.828544 0.0218859 0.0258196 0.117106
0 0.115927 0.247914 0.0238928 0.0334385 0.116919
0 0.995728 0.435219 0.00854416 0.0167052 0.115673
0 0.193715 0.615551 0.0134392 0.0353572 0.115396
0 0.728426 0.206129 0.02087 0.0399149 0.114841
0 0.777835 0.83996 0.0152086 0.0264672 0.114061
0 0.173871 0.756066 0.0121188 0.0261134 0.113175
0 0.585415 0.762004 0.0181206 0.0280645 0.112866
0 0.969824 0.413304 0.0105434 0.0199222 0.111421
0 0.963458 0.0833984 0.0187687 0.0342487 0.11132
0 0.495657 0.0469099 0.0154068 0.0252715 0.111167
0 0.187079 0.747363 0.017332 0.0378418 0.111081
0 0.242103 0.715559 0.0173545 0.0333118 0.110633
0 0.296926 0.090761 0.0207644 0.0342586 0.110338
0 0.179097 0.207914 0.014651 0.0273315 0.110236
0 0.266351 0.111547 0.0219513 0.0357805 0.109357
0 0.578886 0.759372 0.0214345 0.0348054 0.109273
0 0.892603 0.686723 0.0164448 0.0247934 0.10899
0 0.550336 0.572947 0.0159395 0.0283281 0.108451
0 0.668157 0.827151 0.0143951 0.0256704 0.108346
0 0.8838 0.556559 0.0117279 0.0146761 0.108224
0 0.642492 0.47822 0.02995 0.0518398 0.108133
0 0.0672459 0.640123 0.0168479 0.0290508 0.107105
0 0.119666 0.573972 0.0197848 0.0293323 0.107043
0 0.0457788 0.55435 0.0172124 0.0312291 0.106957
0 0.397864 0.618325 0.0208801 0.0386462 0.106583
0 0.474325 0.785713 0.0280409 0.0498115 0.106358
0 0.38538 0.687378 0.00916872 0.0194481 0.106281
0 0.636467 0.475535 0.0199 0.045263 0.106004
0 0.796264 0.80203 0.0211735 0.0401571 0.105711
0 0.114733 0.965341 0.0149487 0.0237328 0.105037
0 0.476537 0.755659 0.0293064 0.0668376 0.105001
0 0.602551 0.487711 0.0212616 0.036191 0.104834
0 0.0182978 0.665412 0.0213626 0.025767 0.104306
0 0.108599 0.612254 0.01364 0.0298099 0.10398
0 0.0545652 0.193494 0.0194617 0.0368237 0.103105
0 0.853804 0.121364 0.0147797 0.0250235 0.102962
0 0.351487 0.0396892 0.0230024 0.0326465 0.102883
0 0.601349 0.49261 0.0197783 0.0330364 0.102228
0 0.436931 0.910423 0.0193837 0.037468 0.101753
0 0.0828708 0.441653 0.0143963 0.0244097 0.101745
0 0.736164 0.00634075 0.0251673 0.0126815 0.101427
0 0.68626 0.136812 0.0153201 0.0316515 0.101389
0 0.91387 0.726707 0.0189028 0.0413598 0.101091
0 0.107105 0.217048 0.0211056 0.0246419 0.100819
0 0.565527 0.751927 0.0179321 0.037125 0.100608
0 0.0756985 0.444113 0.0133369 0.0254615 0.100131
