0 0.756727 0.823172 0.0309961 0.061829 0.712375
0 0.788539 0.536909 0.0270807 0.0518291 0.706506
0 0.667285 0.373341 0.0252586 0.043898 0.691295
0 0.92711 0.561964 0.0287554 0.0522968 0.688372
0 0.794097 0.727298 0.0325471 0.0443481 0.687866
0 0.855537 0.611992 0.0284431 0.0465063 0.682225
0 0.777305 0.405181 0.0263803 0.0434809 0.681379
0 0.744768 0.453215 0.0290131 0.0501765 0.678238
0 0.788599 0.589756 0.021553 0.0404652 0.677748
0 0.269403 0.163795 0.0239677 0.0417301 0.671603
0 0.612556 0.950003 0.0270569 0.0446919 0.668751
0 0.726054 0.811392 0.0188023 0.0309155 0.665496
0 0.698164 0.880699 0.0267962 0.0446659 0.665304
0 0.976755 0.468599 0.0251115 0.03798 0.664664
0 0.869548 0.807157 0.0335697 0.0499804 0.664592
0 0.741561 0.727183 0.0298539 0.0395464 0.663717
0 0.627663 0.838594 0.0212271 0.0350474 0.66367
0 0.0952415 0.565753 0.0279176 0.0473048 0.660916
0 0.913608 0.205112 0.0259546 0.0439601 0.660828
0 0.71867 0.524694 0.0242959 0.0479548 0.658853
0 0.336251 0.132065 0.0216224 0.0400909 0.655191
0 0.844896 0.385287 0.0276434 0.0421654 0.654572
0 0.82246 0.884321 0.0266792 0.0437395 0.653783
0 0.744897 0.959792 0.0194122 0.0355021 0.653259
0 0.733357 0.88296 0.0258329 0.0430053 0.650827
0 0.703749 0.746535 0.0179314 0.0382183 0.650658
0 0.154864 0.37003 0.0201858 0.0380812 0.65033
0 0.680337 0.452617 0.0242095 0.0409459 0.650236
0 0.676605 0.614326 0.0191668 0.0325851 0.649939
0 0.688163 0.980439 0.0241306 0.0370026 0.64956
0 0.174094 0.129925 0.0215851 0.0351236 0.649489
0 0.170419 0.857796 0.021697 0.0364068 0.647867
0 0.50667 0.940386 0.0232338 0.0338549 0.640827
0 0.0878343 0.616366 0.0222925 0.0358958 0.640184
0 0.247143 0.400873 0.0221914 0.0466222 0.639366
0 0.632163 0.0214134 0.0238383 0.0408534 0.638471
0 0.264695 0.066405 0.0133749 0.0377786 0.636922
0 0.195203 0.901951 0.0168252 0.0300579 0.629131
0 0.76012 0.685835 0.0196496 0.0383477 0.629108
0 0.372426 0.979486 0.021559 0.0374304 0.625861
0 0.286077 0.0662888 0.0229032 0.0441096 0.625741
0 0.67687 0.752811 0.0203643 0.0406386 0.624938
0 0.831263 0.216682 0.0233524 0.0426259 0.623934
0 0.139306 0.484579 0.0235295 0.0362991 0.623919
0 0.402904 0.372826 0.0252306 0.0380056 0.622496
0 0.6975 0.58828 0.0270198 0.0436818 0.619854
0 0.201505 0.357541 0.0208128 0.0421822 0.619519
0 0.488183 0.541048 0.0195542 0.0332574 0.619411
0 0.602105 0.829233 0.0157465 0.026728 0.618805
0 0.941042 0.483892 0.0248695 0.0341704 0.618418
0 0.927185 0.86635 0.0202236 0.039841 0.616775
0 0.244494 0.0569893 0.0169928 0.0327114 0.616741
0 0.28986 0.10841 0.0264483 0.0424163 0.616383
0 0.832929 0.80747 0.0274694 0.0515174 0.614245
0 0.047798 0.389728 0.0174472 0.030874 0.612223
0 0.562864 0.723779 0.0202753 0.0409946 0.611131
0 0.782004 0.658956 0.0190901 0.0361165 0.610868
0 0.0215049 0.924862 0.0171396 0.0328891 0.608675
0 0.865956 0.75138 0.0231819 0.0462999 0.608167
0 0.288542 0.290973 0.0185273 0.0323448 0.608037
0 0.251988 0.0205039 0.0205954 0.0316908 0.607683
0 0.611288 0.881487 0.0181056 0.0329844 0.607499
0 0.873508 0.662669 0.0290009 0.0440751 0.607489
0 0.0839206 0.66574 0.0148653 0.0291563 0.60716
0 0.124009 0.0199459 0.0219015 0.0383163 0.606061
0 0.700593 0.789985 0.0158607 0.0319802 0.605389
0 0.785758 0.0571299 0.0226796 0.0399188 0.604198
0 0.0206841 0.748519 0.0180761 0.0324951 0.602455
0 0.359475 0.39643 0.0155328 0.0271322 0.601341
0 0.694218 0.262618 0.015118 0.0296944 0.600895
0 0.0581644 0.250783 0.0155802 0.0280794 0.599119
0 0.0727932 0.836685 0.0213707 0.0406786 0.598945
0 0.140352 0.065524 0.0151207 0.0314067 0.598687
0 0.335693 0.0200771 0.0199463 0.0384225 0.597658
0 0.844456 0.662286 0.0150391 0.0269585 0.59609
0 0.967265 0.173625 0.0178352 0.0334108 0.595228
0 0.106839 0.677734 0.0213492 0.0397539 0.594281
0 0.195484 0.2368 0.0180581 0.0341882 0.593035
0 0.228112 0.60566 0.021947 0.0420936 0.589427
0 0.255949 0.31112 0.0206188 0.0331883 0.588107
0 0.15583 0.17037 0.0193075 0.0355511 0.586107
0 0.761322 0.154912 0.0173746 0.0291022 0.585401
0 0.465678 0.665476 0.0170857 0.032457 0.583684
0 0.416919 0.438402 0.0165023 0.0292121 0.582002
0 0.182703 0.0884937 0.0247579 0.042266 0.581999
0 0.560669 0.809333 0.0217882 0.0350386 0.581624
0 0.847734 0.0577206 0.0198666 0.0388326 0.581454
0 0.509084 0.621704 0.0180401 0.0326964 0.581103
0 0.742512 0.13169 0.0186131 0.0285327 0.579273
0 0.733204 0.758855 0.0141772 0.0250804 0.579146
0 0.844557 0.894592 0.0171024 0.0309664 0.578893
0 0.768257 0.526669 0.0134293 0.0258156 0.578205
0 0.369161 0.0426917 0.0189187 0.0295383 0.575707
0 0.769609 0.976821 0.0180524 0.0388277 0.575634
0 0.584369 0.81974 0.0137679 0.0289645 0.575154
0 0.281659 0.253248 0.0189536 0.0332464 0.574748
0 0.735586 0.674268 0.0232937 0.0411594 0.574402
0 0.562791 0.678619 0.0173322 0.0320307 0.573626
0 0.966667 0.523299 0.0213163 0.0372344 0.572577
0 0.783793 0.80832 0.018264 0.0450326 0.571363
0 0.529472 0.516827 0.0150152 0.0300565 0.571058
0 0.989431 0.334599 0.0211386 0.0449386 0.570845
0 0.736377 0.0811832 0.0239921 0.0360313 0.569595
0 0.25529 0.121251 0.0190644 0.0406134 0.568528
0 0.618521 0.236914 0.0211451 0.0355786 0.567907
0 0.0930859 0.837394 0.0196503 0.0307298 0.566674
0 0.684173 0.9371 0.0149695 0.0285394 0.562984
0 0.990942 0.0627238 0.0178649 0.0304801 0.562186
0 0.402013 0.458333 0.0176626 0.0323341 0.561789
0 0.993047 0.170846 0.0139067 0.0322454 0.561574
0 0.745937 0.0315118 0.0167459 0.0276781 0.56049
0 0.605521 0.148939 0.0169769 0.0305659 0.560239
0 0.935204 0.0884729 0.0195438 0.0275364 0.559541
0 0.579679 0.851293 0.0154251 0.0208171 0.555356
0 0.953312 0.841936 0.0258089 0.0418949 0.555242
0 0.145335 0.884709 0.0167359 0.032921 0.55461
0 0.39147 0.0315057 0.0218702 0.0401735 0.554279
0 0.6481 0.97364 0.0239223 0.0419525 0.554186
0 0.885404 0.18534 0.0178986 0.0290925 0.552607
0 0.944802 0.956811 0.0190774 0.0278533 0.551609
0 0.530931 0.933883 0.0161861 0.0341894 0.551169
0 0.906227 0.695746 0.0308247 0.0492307 0.551112
0 0.316506 0.0333516 0.0148826 0.0267658 0.550467
0 0.0859321 0.204749 0.0172926 0.030019 0.55011
0 0.25925 0.756955 0.0229225 0.0406687 0.549561
0 0.755 0.206535 0.0167841 0.0344728 0.544632
0 0.649836 0.631812 0.0199334 0.0360526 0.541847
0 0.519689 0.122393 0.0178744 0.0365322 0.541001
0 0.329435 0.0707074 0.0256816 0.0569053 0.54047
0 0.922029 0.0132634 0.0188156 0.0259232 0.537615
0 0.00498936 0.84016 0.00994956 0.0325987 0.534687
0 0.970449 0.106813 0.0200344 0.0321656 0.534336
0 0.650719 0.685426 0.0189187 0.0359801 0.533585
0 0.83394 0.93005 0.0217283 0.0371643 0.533306
0 0.768816 0.0863898 0.0144857 0.0257003 0.533026
0 0.935159 0.720189 0.0157556 0.026296 0.532189
0 0.110716 0.507066 0.0309695 0.0495825 0.532082
0 0.490804 0.638323 0.0164164 0.0308589 0.529647
0 0.465862 0.555363 0.0161865 0.0309959 0.529026
0 0.661445 0.889244 0.01747 0.0296304 0.527361
0 0.989441 0.584144 0.0207941 0.0332978 0.524905
0 0.343338 0.174523 0.018047 0.0306533 0.523651
0 0.615025 0.0704045 0.0266619 0.0489451 0.523485
0 0.490594 0.13137 0.0156634 0.0304743 0.519948
0 0.140562 0.313693 0.0145342 0.0301011 0.518861
0 0.628866 0.806451 0.0173588 0.0259298 0.518798
0 0.0585287 0.567124 0.0214172 0.0368231 0.51873
0 0.424223 0.398638 0.0178551 0.0320492 0.515048
0 0.361551 0.538725 0.0164754 0.0285512 0.513921
0 0.983845 0.204305 0.0176797 0.0299952 0.510913
0 0.51137 0.76548 0.0196043 0.0357941 0.509552
0 0.491359 0.217842 0.0281273 0.0405661 0.508267
0 0.987519 0.885371 0.0198336 0.0321333 0.506335
0 0.038186 0.904909 0.017663 0.0354641 0.505919
0 0.961757 0.894008 0.0255772 0.0393904 0.504797
0 0.664493 0.295246 0.0174194 0.0304617 0.501829
0 0.834603 0.504014 0.0299999 0.0545615 0.501547
0 0.656558 0.921346 0.0166693 0.0249742 0.50132
0 0.188636 0.769638 0.0177412 0.034728 0.499051
0 0.991442 0.551254 0.0171165 0.0289914 0.499041
0 0.50735 0.695038 0.0163794 0.0273527 0.498199
0 0.123263 0.54934 0.0139008 0.0302621 0.497364
0 0.0926045 0.119387 0.0206959 0.0384807 0.497099
0 0.917133 0.757198 0.0208031 0.0378242 0.493787
0 0.938075 0.906139 0.0176876 0.0356672 0.491792
0 0.882512 0.220512 0.0206596 0.0347327 0.491754
0 0.128382 0.70967 0.0153894 0.0292829 0.490373
0 0.992271 0.123067 0.0154591 0.0338261 0.49013
0 0.115256 0.0935522 0.0163963 0.0321958 0.489853
0 0.223137 0.216097 0.0180184 0.0366514 0.489848
0 0.036418 0.0257258 0.0172808 0.0318454 0.488814
0 0.819139 0.959977 0.0216225 0.0390907 0.486909
0 0.607231 0.988038 0.015222 0.0224739 0.484282
0 0.869192 0.0476773 0.0225895 0.0402295 0.482647
0 0.0110263 0.546447 0.0204496 0.0348739 0.482367
0 0.940602 0.692771 0.0158398 0.0245139 0.482259
0 0.292789 0.638279 0.0195352 0.0328128 0.481987
0 0.751296 0.326761 0.0156272 0.0339927 0.478709
0 0.0740727 0.757131 0.0188308 0.0305073 0.478506
0 0.967144 0.663154 0.0150532 0.0275601 0.476301
0 0.159221 0.329985 0.0168559 0.0314756 0.4734
0 0.703135 0.672559 0.0161438 0.0260007 0.471339
0 0.913942 0.416249 0.0153938 0.0293231 0.470798
0 0.220052 0.75692 0.0177772 0.0366306 0.470505
0 0.99359 0.423913 0.0128193 0.0367911 0.470009
0 0.963536 0.985342 0.0218346 0.0286782 0.468606
0 0.16153 0.486388 0.0130871 0.0295726 0.46859
0 0.0930574 0.245219 0.0157337 0.0282441 0.468063
0 0.0807043 0.0854291 0.0144807 0.028821 0.467874
0 0.256173 0.967712 0.0175702 0.0325938 0.467789
0 0.141977 0.17466 0.0114188 0.0290714 0.466405
0 0.693188 0.364697 0.0168807 0.0325718 0.465443
0 0.195278 0.804661 0.0176954 0.0294313 0.465068
0 0.18892 0.32066 0.0138982 0.0276566 0.463505
0 0.373673 0.417997 0.0139091 0.0261878 0.462585
0 0.628955 0.292412 0.0269175 0.0546691 0.462378
0 0.148802 0.607449 0.024303 0.0394089 0.461617
0 0.192445 0.432217 0.0187095 0.0402252 0.460159
0 0.419318 0.557944 0.0219351 0.0363989 0.458039
0 0.583752 0.662292 0.0142937 0.0271884 0.456741
0 0.768464 0.283843 0.0174009 0.0306207 0.456125
0 0.0883695 0.478812 0.0126428 0.0236008 0.451748
0 0.862588 0.212061 0.0151552 0.0283229 0.451557
0 0.952631 0.801889 0.0201598 0.0305678 0.450275
0 0.784047 0.310179 0.0176266 0.0323592 0.448664
0 0.89391 0.772763 0.0192404 0.0365742 0.447908
0 0.0876418 0.288724 0.0146451 0.0330001 0.44554
0 0.589036 0.12614 0.0141513 0.0270447 0.444031
0 0.978643 0.742098 0.0229061 0.0435113 0.44308
0 0.865627 0.136445 0.0194428 0.0316682 0.443053
0 0.314937 0.154778 0.0166283 0.0294334 0.442614
0 0.97984 0.838833 0.0191036 0.0301144 0.440211
0 0.311278 0.925819 0.020054 0.0307654 0.439115
0 0.164235 0.448514 0.0183167 0.0337192 0.438692
0 0.821064 0.663132 0.02617 0.0497002 0.437294
0 0.921918 0.115667 0.0180927 0.031847 0.437196
0 0.890416 0.458214 0.0220543 0.038955 0.436649
0 0.431358 0.299504 0.0165892 0.0294258 0.435711
0 0.204965 0.491766 0.0164562 0.0331805 0.435341
0 0.412331 0.0681117 0.0229896 0.0390404 0.434045
0 0.202389 0.184928 0.0149613 0.0261283 0.433814
0 0.394774 0.420263 0.0175303 0.02776 0.433763
0 0.715735 0.92064 0.0208635 0.0321332 0.433472
0 0.106653 0.930208 0.0227773 0.0463535 0.432329
0 0.200392 0.132898 0.0272234 0.0481425 0.428793
0 0.666195 0.0528348 0.0219545 0.0350688 0.427706
0 0.0682346 0.135708 0.016069 0.0295948 0.427525
0 0.586436 0.891586 0.0182548 0.0389964 0.426289
0 0.984618 0.66535 0.0152767 0.0264045 0.425439
0 0.036452 0.576238 0.0168542 0.0265802 0.4249
0 0.0495316 0.486301 0.0141123 0.0254471 0.42469
0 0.262892 0.209187 0.0212597 0.0373564 0.422612
0 0.923 0.15175 0.0217297 0.0267524 0.422111
0 0.060447 0.296455 0.0230129 0.0400322 0.421355
0 0.35553 0.0837518 0.019169 0.0411877 0.420374
0 0.0404158 0.612774 0.0160649 0.0278687 0.419008
0 0.726639 0.319083 0.0209423 0.0343944 0.418554
0 0.784969 0.688693 0.0149674 0.0252896 0.418423
0 0.129456 0.619458 0.0171781 0.0323856 0.41783
0 0.045382 0.0908347 0.0152305 0.0279586 0.417094
0 0.285256 0.893459 0.0201312 0.0483419 0.415612
0 0.0748577 0.796236 0.0167211 0.0318376 0.413269
0 0.229415 0.0636408 0.0150337 0.0287461 0.412954
0 0.431547 0.140685 0.0170434 0.0255513 0.412004
0 0.155556 0.113709 0.0129963 0.0271642 0.411901
0 0.940367 0.750846 0.0162724 0.0309063 0.410512
0 0.453798 0.638952 0.0156958 0.0283771 0.409389
0 0.948825 0.027656 0.0197437 0.028684 0.406942
0 0.362236 0.238431 0.0193967 0.0344658 0.405237
0 0.014904 0.0462599 0.0227298 0.0324752 0.404779
0 0.300666 0.176602 0.0199075 0.0306836 0.402874
0 0.0702937 0.210534 0.0119454 0.0224597 0.402043
0 0.986419 0.243544 0.0152138 0.0239587 0.401173
0 0.702182 0.0130754 0.0231857 0.0261508 0.399797
0 0.186351 0.378655 0.0113591 0.0252004 0.399687
0 0.556038 0.572126 0.0164533 0.032545 0.398965
0 0.971494 0.791599 0.0115021 0.0232744 0.398239
0 0.281851 0.981846 0.0220472 0.0328045 0.396808
0 0.65492 0.722272 0.0124596 0.0292431 0.395085
0 0.692556 0.828051 0.0174084 0.0339667 0.394232
0 0.0523774 0.0327841 0.0123338 0.0214545 0.390238
0 0.0122727 0.460084 0.0233064 0.0515856 0.388083
0 0.135036 0.266496 0.019926 0.0369892 0.387151
0 0.150536 0.0416206 0.0153999 0.027902 0.386498
0 0.815258 0.403807 0.0203907 0.0403103 0.384946
0 0.805418 0.261937 0.0270561 0.0311013 0.383466
0 0.0728456 0.463082 0.0156734 0.0270374 0.383282
0 0.198523 0.733849 0.0202763 0.0378662 0.381959
0 0.355532 0.0108022 0.0177431 0.020925 0.378382
0 0.517624 0.722657 0.0152799 0.0295129 0.378353
0 0.545624 0.699045 0.0166276 0.0317502 0.377714
0 0.0988774 0.799136 0.0183585 0.0367321 0.375842
0 0.0585433 0.773551 0.0112747 0.0270911 0.371813
0 0.793874 0.0966085 0.0152842 0.0257479 0.371152
0 0.212698 0.968702 0.016256 0.0268305 0.368959
0 0.940874 0.438153 0.0176975 0.0296418 0.368656
0 0.991437 0.519106 0.016798 0.0274889 0.368237
0 0.398139 0.247294 0.020682 0.035929 0.365261
0 0.203765 0.524 0.0163726 0.0278298 0.364525
0 0.704276 0.158722 0.0158873 0.0276132 0.36443
0 0.992537 0.627096 0.0149265 0.0268266 0.36314
0 0.236044 0.266465 0.018312 0.0301823 0.361193
0 0.379066 0.138316 0.0186964 0.0332357 0.359549
0 0.122724 0.589719 0.0221386 0.0319639 0.359064
0 0.0674829 0.178362 0.0170444 0.0264407 0.358967
0 0.957646 0.449801 0.0140743 0.0413559 0.357924
0 0.10392 0.303674 0.0181652 0.0278676 0.357402
0 0.304614 0.36661 0.0183249 0.0340608 0.353502
0 0.00967895 0.9504 0.0175623 0.0292921 0.352819
0 0.10595 0.0577175 0.0266581 0.0410616 0.348385
0 0.946222 0.210566 0.0150505 0.0298283 0.348167
0 0.0232722 0.801135 0.0182132 0.0314054 0.348032
0 0.848503 0.192816 0.0165379 0.0330777 0.347786
0 0.95972 0.705544 0.0136181 0.0230594 0.347681
0 0.0492845 0.454713 0.0197807 0.0308647 0.347138
0 0.677094 0.656152 0.0233128 0.0375633 0.346658
0 0.512781 0.571889 0.0197176 0.0354787 0.346399
0 0.2963 0.0282567 0.0160736 0.0224194 0.346195
0 0.0636327 0.677984 0.0141686 0.0292562 0.346148
0 0.137197 0.221156 0.0184293 0.0308422 0.344905
0 0.473565 0.451811 0.0239017 0.0360257 0.344461
0 0.585962 0.932322 0.017947 0.0306057 0.343068
0 0.277642 0.441737 0.0175849 0.0300958 0.341018
0 0.163642 0.521489 0.0147764 0.0293769 0.337947
0 0.975094 0.42232 0.0218494 0.0375978 0.337085
0 0.139967 0.909461 0.0143555 0.0221452 0.335303
0 0.436392 0.684009 0.014686 0.0286402 0.335234
0 0.203884 0.135879 0.0243223 0.0480692 0.327576
0 0.222404 0.512369 0.0183835 0.0357158 0.327386
0 0.0432893 0.851725 0.0164218 0.0310133 0.327365
0 0.967206 0.0578458 0.0167871 0.0277809 0.326171
0 0.0489751 0.687746 0.0188089 0.0394574 0.324297
0 0.994174 0.0165979 0.0116516 0.0314595 0.323534
0 0.564604 0.876608 0.0140488 0.0269297 0.321983
0 0.238433 0.888211 0.0361737 0.0507979 0.321962
0 0.0292097 0.0997478 0.0135829 0.0243001 0.320863
0 0.22967 0.143812 0.0170428 0.0233521 0.320401
0 0.844354 0.355199 0.0165291 0.0222829 0.319516
0 0.161273 0.915741 0.0179492 0.0232606 0.31807
0 0.499266 0.506458 0.0169302 0.0286701 0.317321
0 0.166693 0.0448629 0.0182762 0.0400834 0.317106
0 0.588238 0.0117203 0.0235861 0.0227683 0.31587
0 0.125901 0.19436 0.0158756 0.0284695 0.313528
0 0.172394 0.592469 0.0132019 0.0241836 0.313092
0 0.277752 0.316086 0.016409 0.0288303 0.31179
0 0.257478 0.280452 0.0142057 0.0261793 0.30919
0 0.134349 0.0973204 0.0145837 0.0220711 0.309058
0 0.570079 0.498609 0.0186091 0.0304569 0.307609
0 0.225983 0.429718 0.0172233 0.0327009 0.307249
0 0.00455658 0.504176 0.00909813 0.0386556 0.306396
0 0.167095 0.946874 0.0182654 0.0296695 0.304782
0 0.34452 0.304368 0.0147236 0.0317616 0.304632
0 0.915935 0.941432 0.0257666 0.042807 0.302905
0 0.135181 0.855769 0.0142521 0.0237817 0.302802
0 0.256617 0.518466 0.0201465 0.0314419 0.302597
0 0.571074 0.422346 0.0200378 0.0332533 0.302345
0 0.149902 0.00891554 0.0162067 0.0171057 0.301553
0 0.804964 0.0306702 0.0154757 0.0327897 0.301398
0 0.486179 0.740693 0.0216238 0.0387502 0.298685
0 0.204721 0.404845 0.0132967 0.0220362 0.298245
0 0.973613 0.630125 0.0156227 0.0276268 0.296417
0 0.207257 0.776381 0.0117535 0.0226093 0.296357
0 0.592908 0.77464 0.0140457 0.0252808 0.292227
0 0.42346 0.936465 0.0176291 0.0329203 0.291903
0 0.437176 0.332241 0.0191601 0.0275106 0.289267
0 0.041037 0.74461 0.0209862 0.0373406 0.287825
0 0.0622832 0.734387 0.0116776 0.0326158 0.287701
0 0.97691 0.698076 0.0188118 0.0237525 0.287525
0 0.241836 0.207399 0.0202806 0.0317527 0.287365
0 0.710155 0.937129 0.019054 0.0322789 0.28641
0 0.366409 0.10952 0.0120724 0.0178487 0.286388
0 0.886163 0.739503 0.016238 0.0294488 0.284649
0 0.769063 0.12019 0.0146231 0.0264597 0.284557
0 0.996318 0.748699 0.00736351 0.031818 0.284168
0 0.939607 0.40594 0.0193995 0.0235618 0.283171
0 0.0289417 0.509455 0.0178447 0.0263911 0.280783
0 0.309303 0.0511791 0.0125467 0.0232143 0.278495
0 0.43657 0.170725 0.0146288 0.0285131 0.278467
0 0.965542 0.89661 0.0194691 0.0360511 0.27846
0 0.292189 0.409441 0.0163477 0.0313395 0.278203
0 0.378319 0.313582 0.0207516 0.0369979 0.276282
0 0.788798 0.135664 0.0211336 0.0322172 0.275293
0 0.541452 0.732518 0.0147659 0.0260566 0.275085
0 0.711704 0.933276 0.0212646 0.0395104 0.274021
0 0.264801 0.867691 0.0178184 0.0272352 0.272276
0 0.229668 0.33819 0.0173046 0.0395219 0.270347
0 0.524393 0.900973 0.014925 0.0256785 0.269835
0 0.253192 0.623055 0.0152812 0.0329005 0.269627
0 0.774021 0.248643 0.019238 0.0333675 0.266275
0 0.73188 0.993052 0.0191484 0.013652 0.265847
0 0.547567 0.0093149 0.0184806 0.0186298 0.263731
0 0.97123 0.322153 0.0168575 0.0292904 0.261129
0 0.377726 0.677555 0.0154775 0.0315543 0.258718
0 0.875634 0.0112658 0.0203917 0.0224731 0.258495
0 0.147914 0.0467283 0.012748 0.0237167 0.258465
0 0.323243 0.308487 0.0214253 0.0346414 0.256042
0 0.0682752 0.966643 0.0221144 0.0381222 0.2555
0 0.946846 0.657943 0.0164169 0.0272772 0.255187
0 0.375746 0.198286 0.0173618 0.0288644 0.254881
0 0.290029 0.203179 0.015082 0.0254403 0.254856
0 0.0416053 0.532894 0.0148164 0.0289866 0.252683
0 0.675141 0.71486 0.0162592 0.0311716 0.251657
0 0.0647937 0.054997 0.0100856 0.0210503 0.25056
0 0.361974 0.900029 0.0195852 0.0307771 0.250214
0 0.307992 0.0535735 0.0144484 0.0253844 0.249871
0 0.253288 0.0919745 0.0161676 0.016216 0.248737
0 0.838208 0.321163 0.0173166 0.0301413 0.248487
0 0.936213 0.822144 0.012093 0.0227851 0.247316
0 0.151878 0.171659 0.0226913 0.0347942 0.246194
0 0.317329 0.895645 0.018041 0.0322567 0.244764
0 0.753237 0.376579 0.0237879 0.0358943 0.243646
0 0.954419 0.447671 0.0177567 0.0417299 0.242921
0 0.543373 0.486477 0.0165055 0.0264326 0.242585
0 0.339963 0.933744 0.0172084 0.0254695 0.242256
0 0.717732 0.361047 0.0204122 0.0291272 0.242124
0 0.381726 0.932589 0.0171062 0.0356049 0.241251
0 0.516633 0.651297 0.0152955 0.027359 0.2396
0 0.578399 0.96981 0.0181278 0.0270189 0.238035
0 0.249953 0.175836 0.0151286 0.0314771 0.235702
0 0.0337738 0.701092 0.016377 0.0316406 0.235376
0 0.104149 0.225011 0.0124346 0.0217382 0.235074
0 0.127013 0.295689 0.0151374 0.0197776 0.234785
0 0.604435 0.0570198 0.0149888 0.0344407 0.234736
0 0.142164 0.0679738 0.0145982 0.0297174 0.233661
0 0.419231 0.018333 0.0235247 0.035267 0.232998
0 0.786045 0.132865 0.0159184 0.0301012 0.23212
0 0.103324 0.454614 0.0237569 0.0390708 0.231897
0 0.0169095 0.627223 0.021197 0.0316281 0.231615
0 0.966372 0.14201 0.0190367 0.0215363 0.231519
0 0.995361 0.29678 0.00927773 0.0246187 0.229964
0 0.225493 0.168703 0.0125785 0.028842 0.229378
0 0.902281 0.0333443 0.0110947 0.0288037 0.228761
0 0.121356 0.595084 0.0261643 0.039287 0.228608
0 0.115809 0.334116 0.0140773 0.031261 0.226956
0 0.846822 0.842889 0.0220305 0.040388 0.226826
0 0.106685 0.713923 0.0169348 0.0303211 0.226763
0 0.406586 0.213912 0.0183955 0.0318859 0.225284
0 0.189841 0.0240102 0.0238346 0.0369104 0.225
0 0.958233 0.246264 0.0223358 0.0311581 0.224622
0 0.96723 0.144717 0.0166823 0.0188648 0.224173
0 0.911373 0.506336 0.0197754 0.0316332 0.22376
0 0.917717 0.800106 0.0217033 0.0358832 0.22346
0 0.914269 0.905379 0.021911 0.0301437 0.222956
0 0.54793 0.766124 0.0128445 0.0238929 0.222797
0 0.650298 0.968518 0.0260086 0.036479 0.221805
0 0.943777 0.439921 0.0230934 0.032428 0.220664
0 0.921972 0.0499382 0.0189638 0.0314344 0.219801
0 0.0159606 0.129973 0.0135031 0.0261874 0.21907
0 0.870852 0.334117 0.029808 0.0448987 0.217382
0 0.205537 0.777299 0.0131433 0.0248181 0.216828
0 0.862783 0.480397 0.0375671 0.0536131 0.216025
0 0.953136 0.129016 0.0155834 0.0274422 0.215097
0 0.768439 0.326786 0.0127637 0.0302778 0.213896
0 0.153321 0.0907283 0.0139397 0.0194696 0.212527
0 0.829471 0.0440629 0.0153166 0.0319378 0.212429
0 0.280129 0.675377 0.0167358 0.030875 0.212079
0 0.021905 0.837673 0.0125854 0.0220859 0.207887
0 0.0120844 0.0939856 0.0162827 0.0209958 0.207882
0 0.0142343 0.467386 0.0207439 0.0390905 0.206721
0 0.589324 0.626287 0.0169215 0.0333087 0.206614
0 0.839559 0.102087 0.0203728 0.0321927 0.205302
0 0.0876597 0.364962 0.0144157 0.0289388 0.204956
0 0.142651 0.909558 0.0161997 0.0209859 0.204219
0 0.197203 0.274383 0.0121928 0.0252096 0.20377
0 0.807572 0.027555 0.0195976 0.0348714 0.203363
0 0.111576 0.755995 0.0181874 0.0294279 0.202257
0 0.133909 0.658333 0.0201917 0.0347318 0.200013
0 0.0672681 0.910697 0.01952 0.0321305 0.19834
0 0.650351 0.757803 0.0171762 0.0304487 0.19833
0 0.13313 0.132603 0.0160383 0.0273125 0.196951
0 0.973949 0.273768 0.0218071 0.0418103 0.196079
0 0.0954003 0.968929 0.0172447 0.0336659 0.195455
0 0.572955 0.771474 0.0151028 0.027247 0.194169
0 0.876715 0.810221 0.0212456 0.0410635 0.193371
0 0.532083 0.197006 0.0259115 0.0352531 0.193369
0 0.713172 0.394001 0.0238178 0.0383518 0.192402
0 0.630159 0.698918 0.0170448 0.0326726 0.192153
0 0.636876 0.391134 0.0273623 0.039475 0.19203
0 0.819369 0.655813 0.0251118 0.0354728 0.191742
0 0.065921 0.0272402 0.016245 0.0276318 0.191449
0 0.317512 0.123779 0.0147087 0.0268375 0.189948
0 0.3774 0.868608 0.0147926 0.027035 0.189205
0 0.235888 0.777795 0.0155282 0.0303819 0.188509
0 0.272213 0.616769 0.0154542 0.0308816 0.188225
0 0.0165498 0.223481 0.017627 0.0318002 0.187216
0 0.211974 0.0747141 0.0175891 0.0332096 0.186618
0 0.583182 0.934579 0.019648 0.0319087 0.185106
0 0.0447551 0.810192 0.0180498 0.0284392 0.184297
0 0.170849 0.298758 0.0157534 0.023953 0.18381
0 0.0262659 0.865952 0.015306 0.0260295 0.183519
0 0.574119 0.266544 0.0162895 0.0293846 0.183089
0 0.510391 0.259272 0.0168139 0.0312917 0.183063
0 0.55299 0.243363 0.0160006 0.0337089 0.182886
0 0.643347 0.152377 0.022836 0.0355728 0.182767
0 0.137719 0.909366 0.0142358 0.023864 0.182008
0 0.06828 0.210154 0.0107093 0.0225334 0.180833
0 0.864872 0.180456 0.0148983 0.0203018 0.180273
0 0.594716 0.777707 0.012397 0.0253703 0.18025
0 0.128255 0.790522 0.0198301 0.0328006 0.180012
0 0.0515254 0.69118 0.0211599 0.0413366 0.17936
0 0.463982 0.399004 0.0180269 0.0323222 0.179259
0 0.834845 0.210615 0.0233345 0.044917 0.178939
0 0.0126043 0.0436408 0.0220231 0.0278548 0.178218
0 0.937635 0.307186 0.0189416 0.0309001 0.177352
0 0.713936 0.927228 0.0231133 0.0404307 0.177104
0 0.226065 0.176974 0.0133439 0.023134 0.176944
0 0.397101 0.854935 0.0195945 0.0348445 0.176732
0 0.224515 0.836659 0.0240735 0.0380188 0.175794
0 0.0391141 0.575993 0.0145127 0.0292515 0.174183
0 0.738424 0.0102135 0.021583 0.0191567 0.173821
0 0.827227 0.0782054 0.0149837 0.0271292 0.173782
0 0.253026 0.0885476 0.0138272 0.0174891 0.173474
0 0.17688 0.353768 0.0143372 0.0269428 0.171825
0 0.00819116 0.254278 0.0160601 0.0347417 0.17174
0 0.276748 0.39562 0.0164303 0.0310449 0.171654
0 0.295106 0.0312081 0.0167027 0.0226691 0.171524
0 0.31937 0.973629 0.0328022 0.0443827 0.171137
0 0.150925 0.206161 0.0099788 0.0232837 0.170059
0 0.403746 0.103359 0.0137953 0.0299366 0.169616
0 0.900248 0.321832 0.0192164 0.0316254 0.168535
0 0.544767 0.678315 0.0162346 0.024268 0.16829
0 0.073052 0.762192 0.019193 0.0316623 0.167758
0 0.753777 0.989157 0.01642 0.0203453 0.1671
0 0.898074 0.14775 0.0155047 0.0196997 0.167039
0 0.00902178 0.543361 0.017714 0.0428385 0.166725
0 0.0818312 0.0438553 0.00997855 0.0242377 0.165452
0 0.153469 0.0864575 0.013278 0.0221461 0.165361
0 0.592267 0.975395 0.0103594 0.0268873 0.162525
0 0.823567 0.673253 0.022618 0.0447485 0.162461
0 0.0455434 0.430859 0.0161531 0.0272203 0.162413
0 0.20064 0.18752 0.0162723 0.0299031 0.161917
0 0.231451 0.27121 0.0238188 0.0373679 0.161782
0 0.0808007 0.520472 0.0169677 0.0345615 0.161302
0 0.809747 0.263481 0.0242559 0.0318546 0.16089
0 0.59464 0.977728 0.0109267 0.0257432 0.160746
0 0.196893 0.128676 0.0215156 0.0410854 0.159235
0 0.382631 0.937072 0.0151472 0.0299784 0.158747
0 0.358792 0.898903 0.017848 0.0301748 0.158232
0 0.871989 0.746384 0.0313934 0.0424993 0.157975
0 0.0174403 0.586058 0.0171296 0.0286382 0.157266
0 0.00827988 0.900249 0.0159737 0.0266444 0.157025
0 0.779568 0.889564 0.0208262 0.0395647 0.156863
0 0.458196 0.222802 0.0248032 0.0399243 0.156179
0 0.0344127 0.34649 0.0148002 0.0209086 0.155067
0 0.420343 0.013769 0.0256315 0.0274066 0.154874
0 0.093956 0.887521 0.014656 0.0290999 0.154379
0 0.793478 0.341327 0.0207561 0.0297823 0.153933
0 0.547094 0.859638 0.0147474 0.0277486 0.153922
0 0.0730935 0.435346 0.0137959 0.0205838 0.153426
0 0.441654 0.422604 0.0201399 0.0327023 0.152299
0 0.84578 0.837068 0.0207851 0.0318817 0.151591
0 0.076537 0.494464 0.0149019 0.0204863 0.15118
0 0.557394 0.926443 0.0186508 0.0343577 0.150267
0 0.545169 0.690516 0.016352 0.027897 0.14991
0 0.0150547 0.668921 0.0135673 0.0206897 0.149724
0 0.140906 0.346561 0.0160052 0.0250952 0.146877
0 0.609579 0.777685 0.0161916 0.0338982 0.144901
0 0.0852653 0.707609 0.0186317 0.0250668 0.14446
0 0.352604 0.763098 0.0173992 0.0325996 0.144282
0 0.259781 0.483947 0.0198593 0.032156 0.144256
0 0.0149331 0.937939 0.0115636 0.0222252 0.144208
0 0.473805 0.107468 0.0171038 0.0326024 0.144133
0 0.297325 0.00549938 0.0193789 0.0104619 0.144073
0 0.314614 0.0362885 0.0161664 0.0230283 0.1431
0 0.0748507 0.465008 0.0146883 0.0280078 0.142994
0 0.0218179 0.417395 0.0261007 0.0404772 0.142851
0 0.0694309 0.749548 0.0139851 0.0310021 0.14261
0 0.12031 0.460471 0.0112151 0.0325485 0.142381
0 0.366782 0.292496 0.0208313 0.0393912 0.142242
0 0.765073 0.734802 0.0122192 0.0202223 0.141872
0 0.0694724 0.35508 0.0114968 0.0255135 0.141429
0 0.868169 0.1058 0.0199781 0.027268 0.141061
0 0.138377 0.368066 0.013426 0.0273723 0.14077
0 0.0205533 0.176361 0.0145357 0.0285295 0.140687
0 0.0733404 0.793198 0.0205918 0.0367062 0.140027
0 0.54462 0.705711 0.0154987 0.0198558 0.139149
0 0.431795 0.362766 0.0162012 0.0286094 0.138872
0 0.478529 0.0427764 0.0228733 0.0428536 0.13867
0 0.901465 0.731414 0.0220299 0.0236616 0.138638
0 0.847444 0.853949 0.022646 0.0346897 0.138545
0 0.733296 0.050977 0.0130556 0.023536 0.138186
0 0.0564384 0.774724 0.0125562 0.0263757 0.138085
0 0.324487 0.973741 0.0240572 0.0452793 0.137913
0 0.852563 0.1972 0.0132629 0.0350034 0.137222
0 0.106818 0.980954 0.0179269 0.0344794 0.13666
0 0.171883 0.294427 0.0153062 0.0260115 0.136472
0 0.45672 0.769774 0.0253534 0.0392493 0.135888
0 0.00351186 0.334244 0.00697329 0.030407 0.135771
0 0.254117 0.835439 0.0186943 0.035475 0.135298
0 0.0484198 0.953069 0.0149901 0.0261332 0.135071
0 0.74989 0.373401 0.0306282 0.0444143 0.134677
0 0.733875 0.0522037 0.0172183 0.0223264 0.134502
0 0.461837 0.520353 0.0192484 0.0261549 0.133825
0 0.278752 0.311419 0.0149293 0.0312532 0.132775
0 0.971245 0.627722 0.0207147 0.0316459 0.132713
0 0.139547 0.426201 0.0218176 0.0360035 0.131718
0 0.912283 0.690516 0.0280853 0.044927 0.130464
0 0.458019 0.644077 0.0125851 0.0266081 0.129967
0 0.242113 0.817468 0.0151056 0.0229655 0.129355
0 0.101687 0.0585111 0.0205032 0.0398943 0.129335
0 0.897537 0.0267394 0.0171925 0.0270452 0.128948
0 0.113057 0.36611 0.0167656 0.0264828 0.128396
0 0.10414 0.453235 0.0203253 0.0315733 0.125631
0 0.077222 0.391889 0.0170203 0.0233098 0.125232
0 0.509841 0.32673 0.015445 0.0249713 0.125052
0 0.0399186 0.196422 0.0138764 0.0324499 0.124691
0 0.801558 0.262812 0.0198813 0.0274555 0.124161
0 0.0569831 0.644993 0.0173868 0.0313513 0.124121
0 0.848978 0.860446 0.0219193 0.0260766 0.123962
0 0.378062 0.309095 0.0245645 0.045259 0.123642
0 0.850181 0.865384 0.0199413 0.0266985 0.123513
0 0.139786 0.535239 0.0162573 0.0190579 0.123137
0 0.0635691 0.29764 0.0176274 0.0338548 0.122671
0 0.592543 0.496858 0.0157926 0.0267244 0.122487
0 0.0537898 0.687337 0.0217906 0.0417753 0.122148
0 0.165702 0.942416 0.0224588 0.0371727 0.122134
0 0.739473 0.702201 0.0221745 0.0183835 0.122086
0 0.849039 0.521935 0.0227749 0.027656 0.122048
0 0.333961 0.608268 0.0198692 0.0365051 0.121789
0 0.162474 0.485754 0.016796 0.0333335 0.121781
0 0.154026 0.302388 0.0130498 0.0179892 0.121373
0 0.769725 0.0248743 0.0175602 0.0265156 0.121275
0 0.180886 0.253062 0.0138525 0.0357887 0.120984
0 0.281846 0.110203 0.0166077 0.0357256 0.12097
0 0.216598 0.242467 0.0139383 0.0157598 0.120949
0 0.310471 0.0483659 0.0127617 0.0267895 0.120041
0 0.0361258 0.0177008 0.0188301 0.0339998 0.118834
0 0.842285 0.507718 0.0343914 0.0582794 0.118761
0 0.00224277 0.772699 0.00448555 0.0489081 0.11857
0 0.883156 0.74376 0.0174938 0.0369958 0.118513
0 0.093092 0.0154262 0.0119337 0.0261536 0.118346
0 0.88027 0.370599 0.017968 0.0306113 0.11815
0 0.521806 0.0100716 0.0208638 0.0201432 0.117425
0 0.685305 0.400314 0.0146088 0.0219309 0.116774
0 0.743076 0.013183 0.020006 0.019549 0.11604
0 0.00228793 0.411101 0.00457585 0.0358517 0.115937
0 0.0143743 0.665471 0.0156044 0.0249305 0.115649
0 0.596478 0.346103 0.0205223 0.0392258 0.115294
0 0.399976 0.851867 0.0245787 0.0423035 0.114287
0 0.201484 0.694202 0.0201803 0.0331287 0.113944
0 0.940139 0.50834 0.0193665 0.0170875 0.113071
0 0.102149 0.388752 0.0139186 0.0252112 0.112743
0 0.149981 0.0380757 0.0177805 0.029148 0.112725
0 0.345373 0.966108 0.0173649 0.0369266 0.112621
0 0.144413 0.561165 0.0181928 0.0263841 0.112481
0 0.356088 0.0759798 0.0191437 0.0470048 0.112456
0 0.480417 0.487673 0.0168525 0.0311911 0.111983
0 0.846252 0.0114187 0.0185627 0.0221285 0.111848
0 0.157177 0.243494 0.0110195 0.029242 0.111691
0 0.900217 0.0325631 0.0144989 0.0300702 0.111632
0 0.372959 0.302003 0.0294449 0.0577905 0.111628
0 0.452174 0.0169872 0.0152254 0.0316718 0.111185
0 0.27878 0.0109126 0.0143886 0.0177878 0.111144
0 0.228958 0.143576 0.0177355 0.0312929 0.110539
0 0.503011 0.149234 0.0156199 0.032051 0.110392
0 0.0140322 0.129114 0.0158721 0.0290507 0.110277
0 0.902311 0.978331 0.0269497 0.0413015 0.109518
0 0.598469 0.980093 0.0124116 0.0265785 0.109212
0 0.878999 0.632699 0.0191151 0.0251777 0.109008
0 0.969934 0.791842 0.0133953 0.0267934 0.108255
0 0.37591 0.751162 0.0147691 0.0284227 0.107946
0 0.982791 0.968822 0.01828 0.0298507 0.10677
0 0.0311664 0.303544 0.0211295 0.0364493 0.106752
0 0.867997 0.0115464 0.0354797 0.0230928 0.106679
0 0.228617 0.155464 0.0178648 0.0334682 0.106648
0 0.903345 0.701435 0.0254827 0.0366423 0.106356
0 0.23309 0.777407 0.0143444 0.0338391 0.105938
0 0.677682 0.934628 0.0187192 0.0262717 0.105886
0 0.509274 0.0893764 0.0176157 0.0299096 0.105751
0 0.0319493 0.660731 0.0178454 0.0345459 0.105702
0 0.469034 0.104432 0.0253416 0.0384195 0.105611
0 0.145208 0.173118 0.0151172 0.030651 0.104806
0 0.344017 0.418391 0.0135241 0.0319173 0.104534
0 0.0626197 0.0549797 0.0104559 0.0231155 0.104286
0 0.0574627 0.214524 0.0139948 0.0231919 0.103399
0 0.0124716 0.0104316 0.0175713 0.0201652 0.102419
0 0.364037 0.904156 0.0186968 0.0274942 0.102185
0 0.307602 0.227019 0.017109 0.0319067 0.101978
0 0.0991227 0.97463 0.0245869 0.0394838 0.101874
0 0.316514 0.419404 0.0142532 0.0289159 0.101544
0 0.375369 0.00553578 0.0142818 0.0110201 0.101358
0 0.905915 0.973828 0.0310575 0.0465719 0.101267
0 0.262654 0.249839 0.0163641 0.0288481 0.101229
0 0.480468 0.876475 0.013603 0.0259903 0.101201
0 0.0610128 0.737512 0.013115 0.0341777 0.100871
