0 0.255793 0.396214 0.109425 0.0467079 0.747971
0 0.0503803 0.0164365 0.0927931 0.0327625 0.728859
0 0.771484 0.193389 0.0667759 0.0247929 0.719924
0 0.633674 0.040269 0.0685475 0.0249007 0.714568
0 0.605393 0.190903 0.0663217 0.0228809 0.707019
0 0.879891 0.0103052 0.062327 0.0205208 0.705468
0 0.814733 0.00876696 0.0521631 0.0175044 0.703747
0 0.440182 0.104353 0.0650532 0.0242717 0.70296
0 0.85306 0.192021 0.0696847 0.0265117 0.695215
0 0.966718 0.246875 0.0629885 0.0233862 0.695022
0 0.535565 0.131751 0.0575338 0.0228441 0.694683
0 0.747642 0.0103311 0.054377 0.0205369 0.691877
0 0.941336 0.00942 0.0584718 0.0187306 0.691036
0 0.529243 0.193808 0.0607725 0.024793 0.688483
0 0.681741 0.0104143 0.0550771 0.020704 0.688423
0 0.620996 0.0110895 0.0565741 0.0221432 0.687433
0 0.454302 0.190638 0.0648151 0.0245518 0.68735
0 0.521828 0.104698 0.0645177 0.0243391 0.686881
0 0.685323 0.192512 0.0621202 0.0264859 0.686727
0 0.532409 0.162928 0.0557693 0.0204399 0.686182
0 0.733519 0.0356634 0.0702013 0.0236709 0.684671
0 0.276476 0.136728 0.0622592 0.0226845 0.683384
0 0.968837 0.304454 0.0594921 0.021824 0.681261
0 0.610757 0.161687 0.0524688 0.0184566 0.681085
0 0.726903 0.367416 0.0575488 0.0234921 0.680911
0 0.347193 0.105608 0.0660735 0.0251102 0.680086
0 0.36522 0.189652 0.0657903 0.021656 0.67962
0 0.0400084 0.137147 0.069542 0.0340629 0.679368
0 0.622118 0.131378 0.0703586 0.0251952 0.679319
0 0.91128 0.131834 0.0683669 0.0248469 0.678966
0 0.367516 0.136067 0.0660127 0.0245147 0.678411
0 0.250752 0.0757492 0.057199 0.0201942 0.676185
0 0.92164 0.529511 0.0519687 0.0221608 0.674508
0 0.197876 0.13821 0.0521008 0.021316 0.674059
0 0.948807 0.103678 0.0657161 0.0275361 0.673321
0 0.525292 0.0779616 0.0592027 0.0233815 0.672383
0 0.460049 0.133407 0.0705635 0.0220512 0.672284
0 0.772224 0.455008 0.0564984 0.022237 0.671613
0 0.848504 0.730161 0.0614431 0.0182941 0.671613
0 0.937104 0.189914 0.0663231 0.0244074 0.667613
0 0.347024 0.043732 0.0568638 0.0223411 0.667428
0 0.600424 0.219357 0.0598211 0.0227136 0.66643
0 0.469111 0.163017 0.0489162 0.0183088 0.665876
0 0.924122 0.690176 0.0474433 0.0207044 0.665367
0 0.731982 0.63819 0.0568828 0.0215812 0.665268
0 0.726757 0.12839 0.0599752 0.0224449 0.665051
0 0.535536 0.045903 0.0682563 0.0254314 0.664361
0 0.918918 0.219927 0.0554376 0.0218934 0.6642
0 0.254905 0.106449 0.0659035 0.0241088 0.662888
0 0.954884 0.0387491 0.0624513 0.027365 0.661464
0 0.82699 0.690383 0.0525115 0.0189743 0.659928
0 0.739135 0.732666 0.0554442 0.0197509 0.659709
0 0.888712 0.662913 0.0527939 0.0210434 0.659023
0 0.92574 0.276175 0.0560993 0.0232875 0.65894
0 0.55434 0.0133103 0.0659088 0.0263058 0.657469
0 0.653821 0.426942 0.0594211 0.0233419 0.657048
0 0.80672 0.423772 0.0527245 0.0231133 0.656754
0 0.897569 0.616085 0.0563632 0.0230444 0.656692
0 0.878248 0.246261 0.0571089 0.0202373 0.656436
0 0.762229 0.393385 0.052201 0.0213764 0.656297
0 0.821235 0.127796 0.0588353 0.0226202 0.656106
0 0.441966 0.0441869 0.0632172 0.0207099 0.655321
0 0.635939 0.251819 0.0521174 0.0216705 0.654591
0 0.904001 0.916062 0.0630456 0.0291477 0.654287
0 0.728684 0.423687 0.05776 0.0216828 0.653862
0 0.806824 0.248429 0.0615936 0.0225814 0.653505
0 0.974515 0.426132 0.0497206 0.0202374 0.653489
0 0.807337 0.638061 0.0600217 0.0260416 0.653426
0 0.720129 0.0752017 0.0572283 0.021743 0.65324
0 0.286341 0.191016 0.054778 0.020893 0.652951
0 0.693063 0.16039 0.0534268 0.0198471 0.65295
0 0.717956 0.249682 0.0560379 0.0221073 0.652423
0 0.652876 0.368667 0.0547535 0.0219902 0.652346
0 0.848379 0.512533 0.0604098 0.0238372 0.651721
0 0.681875 0.220806 0.0612704 0.0231184 0.651344
0 0.736099 0.104166 0.059997 0.0224887 0.651206
0 0.523113 0.339186 0.0617482 0.0220536 0.651123
0 0.430688 0.0750342 0.0559883 0.0228234 0.650905
0 0.701038 0.584948 0.055473 0.0227274 0.650876
0 0.849215 0.453205 0.05626 0.021641 0.649993
0 0.761853 0.219315 0.0506604 0.0208374 0.649806
0 0.80937 0.366764 0.0668399 0.025609 0.649289
0 0.563355 0.251255 0.0569833 0.0186062 0.645723
0 0.488923 0.308079 0.0536552 0.0221907 0.644738
0 0.339563 0.0727331 0.0549677 0.0213156 0.644548
0 0.896055 0.427246 0.0539829 0.0187086 0.644236
0 0.439681 0.280461 0.0572369 0.0236448 0.643973
0 0.37161 0.162391 0.0499677 0.0188054 0.642799
0 0.738468 0.66473 0.0558949 0.0213911 0.642358
0 0.853773 0.278693 0.0592402 0.0215706 0.641444
0 0.815068 0.664628 0.0527735 0.0194329 0.640758
0 0.77656 0.511576 0.0530893 0.0205357 0.640476
0 0.733945 0.543063 0.0532176 0.0188261 0.640363
0 0.564241 0.310156 0.054074 0.0225194 0.639762
0 0.729518 0.303696 0.0549532 0.0204336 0.639754
0 0.61987 0.0794206 0.0632007 0.0244807 0.639735
0 0.871321 0.15869 0.0501613 0.0190816 0.639196
0 0.604246 0.338959 0.0588413 0.0225878 0.637762
0 0.84126 0.393459 0.0540786 0.0235368 0.63716
0 0.843692 0.218478 0.0578051 0.0226486 0.637126
0 0.665565 0.636532 0.048091 0.0194106 0.636382
0 0.52875 0.733392 0.0471999 0.0172335 0.63611
0 0.422811 0.553389 0.0611976 0.0254972 0.636105
0 0.530487 0.558349 0.0659387 0.0308446 0.636023
0 0.883617 0.0399965 0.0507325 0.021688 0.635873
0 0.524933 0.222369 0.0571696 0.0212672 0.635835
0 0.229663 0.0386521 0.056477 0.0211408 0.633957
0 0.542879 0.513625 0.0528115 0.0193757 0.633892
0 0.281948 0.166787 0.0558053 0.0193401 0.633241
0 0.687318 0.336012 0.0596041 0.0243009 0.633229
0 0.208753 0.164198 0.0544831 0.02093 0.632758
0 0.779611 0.160327 0.0516592 0.020135 0.632261
0 0.431467 0.0144577 0.0552033 0.0217543 0.632007
0 0.954411 0.0733897 0.0622795 0.0245911 0.631899
0 0.816001 0.0345951 0.0557229 0.0221121 0.631576
0 0.43984 0.22145 0.0476775 0.0185299 0.631552
0 0.858744 0.55651 0.0505482 0.0190109 0.631242
0 0.136987 0.0428262 0.0497653 0.0209912 0.631213
0 0.599705 0.28017 0.0555546 0.0210933 0.630508
0 0.73622 0.69177 0.0495894 0.0182068 0.630024
0 0.210594 0.189099 0.0547602 0.0197961 0.628606
0 0.818745 0.613231 0.0593931 0.0201393 0.628362
0 0.48229 0.252786 0.0585922 0.0222137 0.627906
0 0.158904 0.0776178 0.0528732 0.0197606 0.627879
0 0.928605 0.730031 0.0502116 0.0191352 0.62698
0 0.918109 0.503469 0.0526576 0.0213869 0.625634
0 0.894224 0.63892 0.0552249 0.0212122 0.624189
0 0.125189 0.285987 0.0600272 0.0264847 0.623758
0 0.646911 0.5959 0.0506285 0.0196326 0.623551
0 0.825798 0.102138 0.0684922 0.0245473 0.622326
0 0.525335 0.280086 0.0547184 0.0215939 0.621861
0 0.796083 0.58791 0.0518148 0.0191696 0.621341
0 0.676946 0.277796 0.0542902 0.0203462 0.621052
0 0.794269 0.908672 0.0531809 0.0262527 0.620238
0 0.817227 0.484572 0.0578378 0.0185156 0.61938
0 0.96064 0.159321 0.0428527 0.0173693 0.618395
0 0.882099 0.307693 0.0478144 0.0200784 0.618255
0 0.303156 0.0149346 0.05703 0.0211022 0.617968
0 0.726638 0.611276 0.0547423 0.0200024 0.616091
0 0.695307 0.514075 0.0545885 0.0215619 0.61523
0 0.684698 0.454594 0.0483712 0.0185478 0.61345
0 0.847561 0.337102 0.0613722 0.0226809 0.612362
0 0.687643 0.39635 0.0583444 0.0207353 0.610566
0 0.634771 0.73336 0.0573087 0.0195123 0.608747
0 0.322367 0.494743 0.10394 0.0432121 0.607589
0 0.368964 0.0144481 0.0523679 0.0215032 0.607476
0 0.90001 0.586059 0.0608542 0.0266275 0.606768
0 0.169807 0.107799 0.0563811 0.0190836 0.605671
0 0.0964793 0.0848725 0.0584844 0.0340876 0.604968
0 0.91389 0.554144 0.0479765 0.0209984 0.604153
0 0.652152 0.308668 0.0439985 0.0179797 0.603701
0 0.412172 0.310507 0.0539038 0.0203705 0.601229
0 0.241352 0.0135265 0.0502926 0.020529 0.600079
0 0.732127 0.483826 0.0483057 0.0192757 0.597207
0 0.89858 0.386241 0.05266 0.0198569 0.593476
0 0.435301 0.597804 0.0822277 0.0338895 0.593004
0 0.671226 0.667483 0.0447217 0.017411 0.592571
0 0.322852 0.313042 0.0485128 0.0181009 0.590514
0 0.406166 0.25362 0.0547426 0.0217644 0.588462
0 0.76368 0.279346 0.0475383 0.018774 0.5839
0 0.130326 0.154222 0.0536661 0.0313633 0.583829
0 0.671763 0.710263 0.0482139 0.017457 0.583146
0 0.623471 0.105343 0.0660616 0.0234177 0.579675
0 0.612516 0.397399 0.0461465 0.0193971 0.579075
0 0.364413 0.34092 0.041586 0.0180026 0.575237
0 0.570934 0.42987 0.0488474 0.0168486 0.573974
0 0.853642 0.903327 0.0428973 0.0190529 0.572578
0 0.948503 0.3505 0.0479009 0.0179639 0.572513
0 0.4387 0.338768 0.048651 0.0208943 0.568753
0 0.778431 0.711555 0.0426331 0.0156111 0.566601
0 0.570022 0.482951 0.0445782 0.0168122 0.562049
0 0.584398 0.714421 0.0390149 0.015872 0.561535
0 0.982974 0.779671 0.033777 0.0205555 0.561161
0 0.851296 0.956062 0.0935846 0.0363933 0.559856
0 0.823239 0.0669865 0.0517962 0.0193548 0.556638
0 0.398394 0.360797 0.0481983 0.0178701 0.556446
0 0.984278 0.217848 0.0308324 0.0188101 0.553345
0 0.495891 0.0138682 0.0486228 0.0203925 0.552424
0 0.285208 0.283668 0.0430032 0.0184406 0.552128
0 0.607745 0.693089 0.0408941 0.0145456 0.551747
0 0.315506 0.251523 0.0566294 0.0226053 0.549724
0 0.984212 0.468938 0.0311689 0.0225776 0.546285
0 0.244529 0.310775 0.0482284 0.0191532 0.544802
0 0.659118 0.485296 0.0469254 0.018223 0.54447
0 0.61768 0.454726 0.0499148 0.0187195 0.539656
0 0.98506 0.509498 0.0297206 0.0205984 0.538363
0 0.744958 0.561268 0.0471494 0.0150692 0.5364
0 0.803039 0.312017 0.0506936 0.0186413 0.53631
0 0.164317 0.216945 0.0821408 0.0388532 0.52474
0 0.901817 0.794957 0.055244 0.0230179 0.524685
0 0.877578 0.0696249 0.0469564 0.0192473 0.519139
0 0.357555 0.281334 0.0509868 0.0206308 0.516408
0 0.179175 0.0144109 0.0453814 0.0169487 0.514452
0 0.591972 0.580199 0.042412 0.0176342 0.514165
0 0.969695 0.380404 0.0454094 0.0180817 0.513473
0 0.927996 0.334017 0.0455401 0.0189487 0.510899
0 0.984149 0.590958 0.0315924 0.0226295 0.510169
0 0.0409151 0.278535 0.0747876 0.048004 0.509858
0 0.986382 0.274772 0.0264941 0.0249911 0.507022
0 0.613255 0.513793 0.0414474 0.0169782 0.504495
0 0.880723 0.707536 0.0411629 0.0156355 0.500425
0 0.243455 0.255468 0.0469014 0.0186594 0.499484
0 0.096816 0.204367 0.0576922 0.0328791 0.497734
0 0.761589 0.334829 0.0528326 0.01867 0.496623
0 0.579243 0.543027 0.0448391 0.0158799 0.496208
0 0.686816 0.555378 0.040378 0.0147642 0.487839
0 0.624827 0.555693 0.0354043 0.0140957 0.487183
0 0.572459 0.368254 0.0459695 0.0177518 0.48372
0 0.0530267 0.188957 0.0523509 0.0233519 0.479481
0 0.281356 0.226824 0.0530069 0.019443 0.475845
0 0.232606 0.28411 0.0448905 0.0170646 0.473637
0 0.528814 0.397229 0.0526063 0.0198989 0.471361
0 0.0862721 0.164046 0.0338155 0.0183998 0.466781
0 0.883685 0.362897 0.0598846 0.0232949 0.466484
0 0.519748 0.454866 0.055762 0.0249927 0.464049
0 0.284238 0.341667 0.0540987 0.0195019 0.461983
0 0.67309 0.912454 0.0721982 0.0327541 0.45501
0 0.985277 0.636451 0.0292815 0.0190734 0.442999
0 0.0902748 0.520903 0.0473115 0.022945 0.442304
0 0.157604 0.369896 0.0826843 0.0355736 0.440189
0 0.546904 0.591414 0.0355503 0.0224119 0.439713
0 0.622909 0.655319 0.0456978 0.023109 0.436618
0 0.103672 0.126068 0.0505179 0.0249382 0.434118
0 0.333121 0.360615 0.0393876 0.0166681 0.433667
0 0.989659 0.130968 0.0200508 0.0212951 0.423698
0 0.99065 0.188779 0.0177573 0.0232014 0.42191
0 0.976562 0.706214 0.0464233 0.0210014 0.415194
0 0.356983 0.225406 0.0488738 0.0188804 0.4094
0 0.490378 0.486062 0.0434316 0.0168855 0.398956
0 0.242428 0.454044 0.0445843 0.022139 0.387619
0 0.988744 0.0112767 0.0216279 0.0222153 0.386044
0 0.0919263 0.412455 0.0712517 0.0288456 0.379024
0 0.31621 0.683538 0.0497777 0.0305662 0.371368
0 0.481417 0.359762 0.0475825 0.0155671 0.369764
0 0.846555 0.929275 0.0524637 0.0193905 0.366351
0 0.939701 0.604984 0.0398945 0.0161466 0.366244
0 0.894065 0.484772 0.0554173 0.019677 0.360683
0 0.529818 0.372642 0.0405978 0.0177857 0.355893
0 0.93234 0.898059 0.0452338 0.0171179 0.354532
0 0.206507 0.427078 0.0486259 0.0226752 0.350707
0 0.980274 0.550289 0.0394511 0.0164761 0.350242
0 0.990725 0.669364 0.0182353 0.0159546 0.34912
0 0.656134 0.542806 0.0537251 0.0185021 0.33999
0 0.989729 0.742178 0.0195124 0.0191116 0.33908
0 0.0318573 0.225499 0.04574 0.0226231 0.338864
0 0.0463206 0.09409 0.0431068 0.0208636 0.328355
0 0.745707 0.925902 0.0380215 0.016073 0.323762
0 0.812689 0.5384 0.0600228 0.0208749 0.310609
0 0.804272 0.558062 0.0421933 0.016733 0.292956
0 0.486583 0.522407 0.0633105 0.0257691 0.286652
0 0.0326235 0.497785 0.0631353 0.037616 0.28531
0 0.594384 0.616801 0.0473568 0.0225761 0.284866
0 0.78681 0.937758 0.0616471 0.0251739 0.2758
0 0.839816 0.83669 0.0592496 0.0253973 0.268531
0 0.269781 0.624313 0.0892965 0.0530572 0.267767
0 0.954742 0.810169 0.058018 0.0152618 0.233688
0 0.991985 0.333038 0.0152803 0.0261781 0.229906
0 0.525142 0.691147 0.0366781 0.0151788 0.218116
0 0.760537 0.96689 0.0497629 0.0214028 0.199602
0 0.504059 0.63372 0.0507542 0.0197255 0.199102
0 0.806251 0.310053 0.0586493 0.0234198 0.181454
0 0.0835391 0.383454 0.0416692 0.0150133 0.178425
0 0.150401 0.222726 0.058391 0.0269972 0.16982
0 0.621569 0.853339 0.0600975 0.0253885 0.166227
0 0.971644 0.927223 0.0455862 0.0138096 0.164359
0 0.948359 0.571149 0.0412236 0.0153527 0.161277
0 0.84485 0.935225 0.0625831 0.0325826 0.156302
0 0.241636 0.453729 0.0349132 0.0195689 0.150854
0 0.926475 0.473761 0.0406248 0.0161927 0.136763
0 0.957162 0.44874 0.0414615 0.0192877 0.133866
0 0.838603 0.768924 0.0437029 0.0192276 0.127142
0 0.132064 0.0128071 0.0365193 0.0142031 0.122283
0 0.946241 0.449169 0.0598612 0.0203039 0.118355
0 0.92117 0.454306 0.0409354 0.0154215 0.117886
0 0.459415 0.648041 0.0450979 0.020191 0.114764
0 0.986375 0.742327 0.0263893 0.0202257 0.103916
0 0.0967204 0.0803488 0.0537703 0.0255008 0.101281
