0 0.714556 0.515868 0.0336423 0.0502734 0.723636
0 0.830721 0.190691 0.0302427 0.0465858 0.69793
0 0.962796 0.572354 0.0184456 0.0356151 0.697086
0 0.891825 0.640138 0.0202415 0.0406308 0.692266
0 0.666574 0.418196 0.0219547 0.0336889 0.686012
0 0.910873 0.852396 0.0265255 0.0418013 0.68307
0 0.647659 0.52428 0.0206294 0.0310421 0.682671
0 0.622596 0.429413 0.0239281 0.0462902 0.68167
0 0.765773 0.281392 0.0271893 0.0424001 0.680803
0 0.789544 0.57966 0.0244113 0.0437664 0.68026
0 0.927573 0.626458 0.0221821 0.044483 0.669315
0 0.276085 0.0763895 0.0189175 0.0307528 0.668097
0 0.646998 0.477069 0.0288175 0.0470144 0.665673
0 0.0452818 0.402398 0.028927 0.0431535 0.663834
0 0.730059 0.441483 0.0234062 0.036841 0.662948
0 0.87907 0.7961 0.0218754 0.0330254 0.660459
0 0.808261 0.307232 0.0318443 0.0426226 0.660067
0 0.165173 0.441013 0.0235174 0.0382268 0.657341
0 0.183105 0.838239 0.0171975 0.0371141 0.656737
0 0.682207 0.495729 0.0198367 0.0323901 0.655465
0 0.707264 0.0263104 0.0301086 0.0433832 0.654375
0 0.146717 0.376582 0.0225964 0.0402857 0.65204
0 0.742099 0.248315 0.0271793 0.0469679 0.644744
0 0.841141 0.0630236 0.0289658 0.0444291 0.641999
0 0.642703 0.677792 0.0265607 0.0488637 0.641986
0 0.867262 0.0756138 0.0210783 0.0368112 0.637307
0 0.597013 0.404376 0.0236663 0.0416639 0.63722
0 0.661704 0.58012 0.0203741 0.0280379 0.635666
0 0.576147 0.348474 0.0252305 0.0475942 0.634238
0 0.442648 0.0160488 0.0316116 0.0317343 0.633814
0 0.188337 0.795171 0.020436 0.033148 0.633757
0 0.818518 0.118593 0.0160793 0.0300194 0.633655
0 0.542455 0.537771 0.0143534 0.0304888 0.626354
0 0.214498 0.965927 0.0156396 0.0260837 0.623232
0 0.393161 0.618361 0.0188185 0.038749 0.620803
0 0.601653 0.534769 0.0218822 0.036241 0.620028
0 0.87281 0.233323 0.0233009 0.0390753 0.619209
0 0.217194 0.213067 0.0226904 0.0493726 0.615
0 0.744424 0.983702 0.0144609 0.0300943 0.614534
0 0.705994 0.264813 0.0236238 0.0340682 0.612716
0 0.901838 0.10807 0.0253857 0.0478636 0.611281
0 0.199669 0.930556 0.0183322 0.0336822 0.60972
0 0.477786 0.678052 0.0170177 0.0300995 0.603516
0 0.0326259 0.175889 0.0250696 0.0526059 0.603146
0 0.338414 0.899197 0.0202319 0.0386444 0.599492
0 0.703888 0.3613 0.0219239 0.0357296 0.596355
0 0.127019 0.0182249 0.0189684 0.0349667 0.594947
0 0.62109 0.293919 0.0232725 0.0410306 0.592463
0 0.322797 0.530403 0.021733 0.0368941 0.587218
0 0.649277 0.338843 0.0291397 0.0343125 0.584143
0 0.914723 0.661033 0.017407 0.028855 0.581593
0 0.642943 0.205049 0.023454 0.0437778 0.579509
0 0.152175 0.929651 0.0170661 0.0328088 0.578241
0 0.795955 0.219863 0.0191931 0.0406847 0.577661
0 0.0867365 0.852068 0.0149454 0.031975 0.577594
0 0.478763 0.642706 0.0157542 0.0273022 0.575913
0 0.680969 0.150923 0.0190575 0.0350753 0.575174
0 0.0649272 0.653034 0.0208425 0.0360706 0.569134
0 0.248214 0.97565 0.0182228 0.033693 0.566374
0 0.77998 0.698291 0.0203289 0.0370599 0.566074
0 0.560126 0.309384 0.0222082 0.0417064 0.565501
0 0.846872 0.600027 0.0165024 0.0367905 0.564415
0 0.74903 0.751838 0.0234478 0.0378109 0.564047
0 0.0717799 0.30367 0.0238358 0.0374894 0.563837
0 0.664279 0.223327 0.0191278 0.0379303 0.562867
0 0.294038 0.0301866 0.0156632 0.0263071 0.562679
0 0.861142 0.747782 0.0181877 0.0277076 0.561847
0 0.169539 0.954589 0.0117355 0.0268232 0.561046
0 0.437269 0.352293 0.0235386 0.0353937 0.560792
0 0.245336 0.656254 0.0203407 0.0371528 0.55992
0 0.0634615 0.183014 0.0204578 0.038635 0.5589
0 0.533291 0.30951 0.0197721 0.0333237 0.558587
0 0.125913 0.064386 0.0161322 0.0309225 0.555501
0 0.9553 0.286928 0.0168822 0.0298251 0.55511
0 0.0394564 0.227584 0.0200943 0.0371876 0.554196
0 0.632571 0.162619 0.0179026 0.032369 0.552789
0 0.467037 0.719891 0.0179649 0.0348697 0.552305
0 0.367053 0.418051 0.0199207 0.0339974 0.551519
0 0.183727 0.954517 0.0147878 0.026909 0.546149
0 0.802352 0.685748 0.0228001 0.0460624 0.545441
0 0.0653245 0.861242 0.021072 0.0360101 0.54506
0 0.473149 0.0410019 0.0285387 0.0370364 0.543802
0 0.35183 0.802013 0.0229742 0.0461497 0.541429
0 0.66839 0.547536 0.0152033 0.0251556 0.539045
0 0.419282 0.614367 0.0210234 0.0384076 0.538992
0 0.929679 0.818118 0.0223839 0.0319892 0.535868
0 0.561402 0.475055 0.0181421 0.027857 0.530502
0 0.0839926 0.910277 0.0199074 0.0382846 0.529971
0 0.050372 0.0919168 0.0180465 0.0312475 0.52977
0 0.337536 0.555566 0.0183067 0.0329781 0.528798
0 0.664658 0.181725 0.0129377 0.0286814 0.521603
0 0.391373 0.0837128 0.0224986 0.0341604 0.517697
0 0.0966876 0.978765 0.0172787 0.0353556 0.517585
0 0.469985 0.55509 0.0247755 0.0510569 0.517491
0 0.719213 0.13461 0.0314073 0.0492349 0.512977
0 0.492062 0.00958587 0.0214273 0.0184892 0.511099
0 0.911527 0.59996 0.0131268 0.0368695 0.510409
0 0.435486 0.293936 0.0229498 0.0424781 0.510387
0 0.352168 0.6544 0.017102 0.0334308 0.500188
0 0.432893 0.704002 0.0193055 0.0350305 0.50012
0 0.23498 0.467361 0.0239031 0.0451437 0.496237
0 0.287943 0.209723 0.021409 0.0422027 0.496065
0 0.335081 0.494177 0.0139833 0.0281148 0.495402
0 0.0625274 0.227665 0.0192335 0.0298789 0.49538
0 0.572879 0.395676 0.0170968 0.0279438 0.495011
0 0.84424 0.124004 0.0156036 0.0265692 0.493136
0 0.192858 0.892159 0.018046 0.0306803 0.492418
0 0.55246 0.374911 0.0182393 0.0332403 0.492124
0 0.317268 0.823996 0.037349 0.0659266 0.486732
0 0.172626 0.880599 0.0183968 0.0381248 0.486527
0 0.11554 0.779461 0.0217604 0.0365346 0.483314
0 0.287745 0.621359 0.0130072 0.0316494 0.482841
0 0.759451 0.0362241 0.0168533 0.0338395 0.482326
0 0.929124 0.505468 0.020673 0.0376851 0.479665
0 0.392444 0.664516 0.0176517 0.02713 0.477257
0 0.103161 0.0518126 0.014434 0.0275468 0.471913
0 0.371777 0.617555 0.0178886 0.0349303 0.471351
0 0.275634 0.016333 0.0233026 0.032396 0.469365
0 0.433438 0.793555 0.0185627 0.0357785 0.46935
0 0.650188 0.292569 0.0234459 0.0380842 0.467507
0 0.815569 0.869988 0.0168317 0.0302842 0.467154
0 0.94038 0.469808 0.0141897 0.0240043 0.466266
0 0.43181 0.841681 0.0213324 0.0372201 0.465971
0 0.455063 0.662737 0.0204903 0.031233 0.465541
0 0.297901 0.967786 0.0179928 0.0346109 0.463841
0 0.502011 0.618811 0.0217922 0.0337483 0.463455
0 0.528298 0.563258 0.019797 0.0294317 0.461083
0 0.364763 0.0780696 0.0174437 0.03384 0.458641
0 0.707709 0.218894 0.030149 0.0449517 0.452919
0 0.116141 0.326306 0.0154804 0.0276648 0.452191
0 0.0945883 0.884409 0.0158981 0.0243193 0.449895
0 0.18223 0.338132 0.0209595 0.0460447 0.446927
0 0.822898 0.616923 0.0240789 0.0410233 0.446621
0 0.854463 0.156699 0.013952 0.0229758 0.446455
0 0.465158 0.988661 0.0203166 0.0215885 0.444034
0 0.80402 0.0729131 0.0199657 0.0298171 0.442646
0 0.976332 0.0209569 0.0275178 0.0408549 0.441749
0 0.319473 0.48433 0.0134039 0.0351598 0.437387
0 0.00328897 0.888035 0.00655656 0.0274546 0.434727
0 0.425835 0.476716 0.0244289 0.0467938 0.433242
0 0.940217 0.582124 0.0223076 0.0426463 0.433032
0 0.755056 0.578856 0.0217965 0.0388431 0.432086
0 0.016602 0.906255 0.0144927 0.0248222 0.430541
0 0.947153 0.0596872 0.0200573 0.0326977 0.428459
0 0.583603 0.489364 0.0151888 0.0252948 0.427563
0 0.398771 0.556142 0.0209618 0.044279 0.427146
0 0.156374 0.850312 0.014584 0.0287309 0.42603
0 0.890081 0.0455096 0.0133972 0.0250536 0.424926
0 0.0715583 0.958315 0.0214242 0.0351566 0.42423
0 0.822299 0.0309155 0.0148006 0.0295516 0.422981
0 0.391971 0.494719 0.0321727 0.0486489 0.421574
0 0.761254 0.172984 0.0208191 0.025958 0.41948
0 0.9057 0.0637646 0.0164669 0.0258997 0.414809
0 0.149535 0.705372 0.0174706 0.0321557 0.414191
0 0.523228 0.43943 0.0174424 0.0327726 0.409854
0 0.767773 0.864955 0.0172686 0.0305396 0.409127
0 0.925053 0.100567 0.0134918 0.0268574 0.407338
0 0.388426 0.359282 0.0162652 0.0367113 0.390874
0 0.269487 0.810162 0.0233628 0.0372789 0.390741
0 0.232849 0.868995 0.0171251 0.0327169 0.389362
0 0.00372976 0.199881 0.00745952 0.0229563 0.388607
0 0.412608 0.124731 0.0153341 0.0268264 0.388388
0 0.989043 0.515426 0.0206577 0.0396695 0.382643
0 0.472408 0.324036 0.026672 0.0450782 0.382634
0 0.828625 0.528625 0.018161 0.0297146 0.380814
0 0.383904 0.356634 0.0251296 0.0413755 0.38051
0 0.343309 0.605644 0.0165482 0.0372736 0.378727
0 0.336519 0.0111797 0.0384806 0.0223431 0.378451
0 0.309523 0.907363 0.025812 0.048288 0.378142
0 0.358396 0.579959 0.0161033 0.0237105 0.376654
0 0.186856 0.986658 0.0150411 0.0251784 0.376036
0 0.540921 0.44108 0.0179567 0.0348797 0.373973
0 0.0776025 0.802256 0.0254536 0.0430403 0.373722
0 0.0888395 0.631126 0.0239172 0.0354546 0.369269
0 0.296981 0.0661343 0.0155796 0.0259606 0.368954
0 0.671815 0.268796 0.0215054 0.0355765 0.368676
0 0.222998 0.528522 0.0152808 0.0368769 0.36804
0 0.251482 0.0528719 0.0158415 0.0244427 0.366549
0 0.616084 0.957463 0.0218775 0.039284 0.365005
0 0.508052 0.714249 0.015019 0.021864 0.358022
0 0.641912 0.908062 0.0225138 0.0398146 0.356837
0 0.46608 0.942293 0.020435 0.0367187 0.356769
0 0.407056 0.640906 0.0112784 0.029032 0.35493
0 0.447358 0.226658 0.0305672 0.0493549 0.352185
0 0.182426 0.116895 0.0174054 0.0316707 0.35169
0 0.267986 0.589523 0.0188361 0.0330052 0.350276
0 0.00841137 0.336587 0.0166341 0.0404591 0.347963
0 0.918093 0.959958 0.0180832 0.0309113 0.347037
0 0.704968 0.303824 0.0148792 0.0275204 0.344767
0 0.777598 0.0307798 0.0179052 0.0279656 0.344253
0 0.453442 0.774307 0.0203774 0.0386861 0.340567
0 0.408473 0.511113 0.0127388 0.0254028 0.338203
0 0.272524 0.860349 0.017941 0.0350249 0.336078
0 0.975696 0.882543 0.022319 0.0374539 0.334796
0 0.906324 0.986633 0.0178579 0.0250877 0.332263
0 0.253617 0.857381 0.0140281 0.0210083 0.331342
0 0.762019 0.61447 0.0192771 0.0261217 0.331037
0 0.053833 0.605895 0.0187777 0.0317893 0.330576
0 0.962838 0.960412 0.0227097 0.0383327 0.330382
0 0.520781 0.775722 0.0173312 0.0294313 0.329883
0 0.0935841 0.284526 0.0199512 0.0307034 0.329134
0 0.83581 0.332718 0.0236996 0.0442414 0.328513
0 0.89852 0.951177 0.0196831 0.0306678 0.326743
0 0.252138 0.805087 0.0116285 0.0313839 0.32565
0 0.747445 0.116469 0.0217297 0.0370915 0.324768
0 0.389086 0.499268 0.0246613 0.0414827 0.324491
0 0.0705187 0.087475 0.0153581 0.0283689 0.32362
0 0.444821 0.593524 0.0199413 0.0290378 0.321942
0 0.779 0.982951 0.0169916 0.0323972 0.320669
0 0.537357 0.26392 0.0178094 0.0348555 0.317138
0 0.32198 0.654956 0.0234116 0.0336773 0.316049
0 0.247135 0.899168 0.0143805 0.0245755 0.31545
0 0.696838 0.175293 0.0212338 0.0335569 0.315434
0 0.346452 0.45988 0.0203691 0.0350125 0.314773
0 0.0308059 0.64993 0.0210358 0.0352489 0.314035
0 0.203858 0.0402658 0.0148631 0.0265329 0.312389
0 0.97386 0.0118911 0.0247952 0.0233314 0.308185
0 0.00593869 0.389326 0.0118346 0.0363554 0.308091
0 0.413637 0.198572 0.0234135 0.0278362 0.307923
0 0.208088 0.721758 0.0158314 0.0268068 0.307766
0 0.180845 0.757137 0.0190187 0.0334612 0.306768
0 0.307016 0.624811 0.0256817 0.0462145 0.306634
0 0.0105243 0.760802 0.0195635 0.0321547 0.306464
0 0.252463 0.089358 0.0243001 0.0351016 0.306286
0 0.950763 0.00743274 0.019978 0.0147621 0.306073
0 0.556336 0.775442 0.0142906 0.0292918 0.303475
0 0.372659 0.459528 0.0123184 0.0264446 0.302881
0 0.681237 0.307651 0.0242907 0.0368524 0.301749
0 0.127936 0.718968 0.0196538 0.0349318 0.300956
0 0.343919 0.353294 0.023808 0.0413703 0.300771
0 0.161747 0.819533 0.0201564 0.034709 0.300329
0 0.270637 0.545739 0.0237523 0.0386913 0.299728
0 0.982576 0.948772 0.0131245 0.0249389 0.294179
0 0.531625 0.497606 0.0205968 0.0457317 0.294159
0 0.267294 0.302748 0.0177093 0.0341988 0.29396
0 0.483921 0.793407 0.0177998 0.0258097 0.288627
0 0.0936785 0.737698 0.0195626 0.03631 0.288107
0 0.490077 0.592384 0.0163743 0.0307504 0.285875
0 0.478371 0.0440424 0.0190763 0.0319742 0.285702
0 0.166658 0.519857 0.0223802 0.0356643 0.284245
0 0.112643 0.422058 0.0143336 0.0269319 0.283054
0 0.100253 0.498673 0.017033 0.0298348 0.282216
0 0.323432 0.97907 0.0238938 0.0394047 0.280405
0 0.503578 0.291189 0.0261658 0.0337026 0.278743
0 0.668186 0.908451 0.0202539 0.0323703 0.278414
0 0.503558 0.326599 0.0231023 0.0280117 0.277122
0 0.869051 0.58724 0.0178988 0.0298507 0.275964
0 0.0430091 0.988656 0.0180963 0.0220584 0.275047
0 0.201147 0.519637 0.016417 0.0302916 0.274706
0 0.976781 0.485455 0.0149796 0.0234239 0.273798
0 0.566878 0.125849 0.0192003 0.0281189 0.273743
0 0.79162 0.865319 0.0166979 0.0257612 0.27362
0 0.407832 0.635848 0.00979767 0.0261754 0.271292
0 0.814532 0.820212 0.0198288 0.0320326 0.271049
0 0.930875 0.0131225 0.0144335 0.0249826 0.270554
0 0.292847 0.810189 0.0161192 0.032569 0.270509
0 0.249348 0.504629 0.0189648 0.0398623 0.269505
0 0.0864373 0.202337 0.019432 0.0334562 0.269375
0 0.583195 0.240891 0.0253469 0.0397058 0.266087
0 0.894809 0.686016 0.0193493 0.0298925 0.265161
0 0.942542 0.126249 0.0248154 0.038598 0.263604
0 0.0572866 0.531284 0.014957 0.0273908 0.263065
0 0.413634 0.69513 0.0141539 0.0336105 0.261774
0 0.181742 0.0265115 0.0171274 0.0253273 0.26047
0 0.48958 0.235559 0.0226922 0.0491753 0.259504
0 0.631774 0.387033 0.0204618 0.0276044 0.259148
0 0.540851 0.598768 0.0148501 0.0223024 0.257659
0 0.168682 0.144359 0.0168857 0.0317727 0.256985
0 0.72871 0.311189 0.025482 0.0333985 0.253696
0 0.275074 0.97807 0.0194951 0.0350925 0.253592
0 0.0801964 0.804566 0.0205577 0.0371243 0.251099
0 0.165292 0.637953 0.0182561 0.0311885 0.251097
0 0.7566 0.909182 0.0166361 0.0296721 0.250521
0 0.528995 0.712986 0.0243102 0.0407307 0.249827
0 0.372694 0.802181 0.0221692 0.0433199 0.248511
0 0.70722 0.947311 0.0175758 0.0339816 0.24742
0 0.253154 0.0264544 0.018912 0.031356 0.247131
0 0.912881 0.443621 0.0271465 0.0398037 0.246219
0 0.431607 0.672812 0.0189952 0.0267856 0.24602
0 0.838766 0.676214 0.0268974 0.0402205 0.245785
0 0.828725 0.737325 0.0206345 0.0393802 0.245039
0 0.167188 0.711199 0.0155066 0.0310252 0.244336
0 0.567283 0.683756 0.0268875 0.0478419 0.24433
0 0.198828 0.221836 0.0161424 0.0351209 0.240378
0 0.501693 0.658023 0.0152603 0.0223446 0.238262
0 0.728714 0.27199 0.0143963 0.026444 0.237857
0 0.0610003 0.178841 0.0232588 0.0416536 0.234879
0 0.615678 0.662923 0.0203517 0.034905 0.23223
0 0.376553 0.393032 0.015165 0.0218784 0.231177
0 0.508279 0.526109 0.0267347 0.0369299 0.229973
0 0.198778 0.00575811 0.0147277 0.0115162 0.229809
0 0.913241 0.0143426 0.0279549 0.0278017 0.229502
0 0.917928 0.0276395 0.0393456 0.0547873 0.227928
0 0.043847 0.511009 0.0172086 0.0337186 0.227641
0 0.578919 0.301611 0.0167876 0.0314502 0.227468
0 0.0201841 0.727908 0.0217207 0.0331204 0.227338
0 0.56309 0.600576 0.0181157 0.0330733 0.226872
0 0.0130857 0.820077 0.0238921 0.0295437 0.224924
0 0.875382 0.94125 0.0201748 0.035637 0.224903
0 0.539302 0.26089 0.0154187 0.0338481 0.224608
0 0.505842 0.663728 0.0164246 0.0311857 0.223403
0 0.316113 0.266116 0.01551 0.026249 0.22272
0 0.795159 0.131509 0.0175233 0.0292123 0.221725
0 0.421568 0.618838 0.0225485 0.035159 0.221323
0 0.535416 0.267998 0.0193729 0.0355763 0.220812
0 0.662441 0.179136 0.0138424 0.0282696 0.219995
0 0.467412 0.489482 0.0265198 0.0537354 0.219984
0 0.754687 0.143206 0.0171921 0.0223163 0.219262
0 0.51272 0.66815 0.0167816 0.0266886 0.218846
0 0.272279 0.0465479 0.014725 0.0215148 0.215371
0 0.199947 0.647961 0.0163015 0.0235191 0.211725
0 0.279682 0.358698 0.0188282 0.0346474 0.211091
0 0.463431 0.288175 0.0167017 0.0252655 0.210251
0 0.318244 0.424845 0.0146928 0.0294217 0.20888
0 0.863273 0.630315 0.0136498 0.0286645 0.207696
0 0.51057 0.66641 0.0155214 0.0270167 0.206921
0 0.436303 0.626002 0.0140667 0.0301554 0.206822
0 0.958998 0.862342 0.0226192 0.0424798 0.205553
0 0.84289 0.0231499 0.0225121 0.0294352 0.205049
0 0.888493 0.86743 0.0150879 0.0293237 0.205023
0 0.226692 0.316447 0.0181385 0.0366533 0.204283
0 0.752822 0.753794 0.0259432 0.0353275 0.203092
0 0.142418 0.41802 0.0178624 0.0291599 0.201809
0 0.703331 0.301776 0.0168753 0.0326947 0.200846
0 0.518727 0.804311 0.0113043 0.0252265 0.199308
0 0.62551 0.502409 0.0203142 0.0374564 0.198551
0 0.355962 0.917965 0.0167491 0.0357798 0.198451
0 0.0123543 0.656025 0.0171018 0.029533 0.198398
0 0.917349 0.021106 0.0360552 0.0413628 0.195919
0 0.0884158 0.0204507 0.0326223 0.0394997 0.194873
0 0.508184 0.703974 0.0159401 0.0297736 0.194569
0 0.164505 0.818916 0.0145545 0.0330076 0.191758
0 0.30572 0.53426 0.00950403 0.0311676 0.190449
0 0.270744 0.978052 0.0167463 0.0351844 0.190164
0 0.15921 0.332955 0.0147903 0.0290354 0.189522
0 0.0585646 0.0512266 0.0153752 0.0279523 0.187932
0 0.95123 0.00981966 0.0181313 0.0172266 0.187696
0 0.0122246 0.79584 0.0228075 0.0302161 0.186879
0 0.092288 0.131332 0.0154303 0.0267095 0.186089
0 0.902371 0.982589 0.0237 0.0335731 0.185954
0 0.0976209 0.791591 0.0158897 0.0297473 0.184988
0 0.150043 0.00839845 0.0193834 0.0167969 0.184395
0 0.406032 0.643655 0.0102162 0.0278826 0.184102
0 0.0122981 0.506598 0.022287 0.0325836 0.183333
0 0.24559 0.842746 0.0110844 0.0251082 0.181595
0 0.0991965 0.0138274 0.0177779 0.0272472 0.181172
0 0.762022 0.981229 0.01787 0.033509 0.180898
0 0.554169 0.279556 0.0150513 0.0242354 0.180651
0 0.112128 0.702818 0.0204684 0.0259084 0.180275
0 0.361116 0.351072 0.00913811 0.032535 0.177073
0 0.378174 0.534771 0.015786 0.0277991 0.177062
0 0.871646 0.336954 0.0236609 0.0366472 0.176232
0 0.836796 0.864269 0.0165112 0.0340855 0.173934
0 0.982008 0.945626 0.0159054 0.030913 0.173914
0 0.248998 0.321295 0.0187915 0.0381371 0.173734
0 0.252999 0.0860934 0.020124 0.0316292 0.173581
0 0.102475 0.414775 0.0210042 0.0349882 0.17352
0 0.780776 0.418295 0.0232775 0.0326584 0.172831
0 0.487421 0.966459 0.0198288 0.0316766 0.172262
0 0.885251 0.834303 0.0165108 0.0271888 0.171897
0 0.0266281 0.291858 0.0345423 0.0561112 0.170009
0 0.765728 0.981059 0.0156892 0.0348046 0.169189
0 0.884725 0.422272 0.0180204 0.0262431 0.169059
0 0.924824 0.042763 0.0225822 0.0365365 0.166754
0 0.144196 0.811095 0.0117022 0.0202698 0.165936
0 0.280568 0.292433 0.0189219 0.0420623 0.165818
0 0.0893763 0.166585 0.015706 0.0273955 0.164104
0 0.655074 0.169104 0.0134476 0.0202585 0.162889
0 0.30598 0.568159 0.0172416 0.0240057 0.162722
0 0.231409 0.530061 0.0188643 0.0412162 0.162483
0 0.447653 0.597186 0.0183376 0.0274335 0.162381
0 0.553759 0.976053 0.0256981 0.0439182 0.161232
0 0.753732 0.151799 0.0191149 0.026687 0.160719
0 0.22021 0.0462704 0.0172221 0.0347272 0.159429
0 0.497091 0.847199 0.0189558 0.0320384 0.159172
0 0.0269129 0.345167 0.0138203 0.0261232 0.158857
0 0.00771355 0.387915 0.0152672 0.0407793 0.156606
0 0.32157 0.0700827 0.0354731 0.0648717 0.155315
0 0.745932 0.878313 0.0191413 0.0260376 0.154286
0 0.0448354 0.914624 0.016988 0.0288435 0.154136
0 0.7211 0.992657 0.014319 0.0135724 0.153286
0 0.383109 0.591411 0.0147699 0.0192055 0.152916
0 0.440793 0.990248 0.0158931 0.0185896 0.152663
0 0.752866 0.145319 0.0182055 0.0237208 0.152235
0 0.0989433 0.788445 0.0135002 0.0303982 0.150356
0 0.864574 0.896478 0.0174644 0.0345097 0.149306
0 0.139042 0.318731 0.0154035 0.0235627 0.149265
0 0.489017 0.956761 0.0180597 0.0414888 0.149155
0 0.0808683 0.969053 0.0138762 0.0346876 0.149044
0 0.828801 0.829427 0.0178452 0.0300519 0.14875
0 0.540462 0.264411 0.0116366 0.0389504 0.148658
0 0.456251 0.621394 0.0165833 0.0239572 0.14861
0 0.269906 0.431232 0.0151423 0.0243185 0.148033
0 0.35663 0.624487 0.00940094 0.0191125 0.147561
0 0.253391 0.0233643 0.0149377 0.0263913 0.147386
0 0.0748956 0.961838 0.0224738 0.0336873 0.14716
0 0.495151 0.691481 0.00884705 0.0246321 0.147054
0 0.649295 0.140243 0.0136168 0.0255895 0.147009
0 0.790681 0.8969 0.0179192 0.0309557 0.146744
0 0.507593 0.467174 0.013835 0.0269886 0.146478
0 0.171062 0.408748 0.0187971 0.0244734 0.14616
0 0.492723 0.690866 0.0115355 0.0269148 0.145405
0 0.671066 0.876529 0.0145658 0.0255412 0.145228
0 0.347297 0.651057 0.0222647 0.0371685 0.145114
0 0.9955 0.905729 0.00899944 0.0295947 0.144936
0 0.320775 0.42849 0.0126754 0.0261549 0.144882
0 0.0644572 0.854366 0.0203209 0.0448356 0.144658
0 0.492109 0.595304 0.0155413 0.0294746 0.144017
0 0.169358 0.882104 0.0208388 0.0359175 0.143752
0 0.726413 0.957698 0.0106836 0.0186904 0.143352
0 0.772368 0.0654255 0.0164881 0.0150381 0.143133
0 0.730528 0.846589 0.0201832 0.0373735 0.14274
0 0.00882128 0.275502 0.0152005 0.0323351 0.142686
0 0.486209 0.972603 0.020468 0.0295932 0.141079
0 0.15668 0.330053 0.0154356 0.0297726 0.140076
0 0.968161 0.53358 0.02582 0.0422475 0.138872
0 0.0118621 0.978335 0.0218268 0.0392164 0.138034
0 0.143995 0.610003 0.0226836 0.0378829 0.137707
0 0.537957 0.630549 0.019046 0.0343231 0.137516
0 0.0394822 0.781122 0.0265435 0.0555844 0.13675
0 0.198992 0.172975 0.0168395 0.0268999 0.136264
0 0.35489 0.5035 0.0169493 0.0225788 0.136031
0 0.746178 0.87925 0.0170713 0.0187339 0.135836
0 0.971179 0.179966 0.0186518 0.0328611 0.135631
0 0.453851 0.697094 0.0162177 0.0246733 0.135225
0 0.159473 0.88497 0.0129293 0.0283546 0.134865
0 0.212996 0.82514 0.0168711 0.030835 0.132974
0 0.0253004 0.0401315 0.0500584 0.080263 0.132295
0 0.38153 0.590217 0.0179561 0.0248518 0.130965
0 0.728818 0.133344 0.0150492 0.04283 0.13091
0 0.0663896 0.908999 0.0123333 0.0332706 0.130625
0 0.178561 0.193567 0.0176613 0.031353 0.130446
0 0.18505 0.288648 0.0178953 0.0381181 0.129957
0 0.115045 0.870421 0.0147172 0.0223755 0.129893
0 0.154254 0.00674079 0.0249066 0.0134816 0.129765
0 0.147418 0.191984 0.0166429 0.028182 0.129567
0 0.6505 0.254887 0.0187454 0.0228323 0.129513
0 0.945 0.0939837 0.0139478 0.0217089 0.129353
0 0.252381 0.853415 0.0136987 0.0284951 0.12895
0 0.399324 0.255516 0.0183691 0.0210606 0.127624
0 0.778346 0.23698 0.0169878 0.0321958 0.126631
0 0.295198 0.285733 0.0138333 0.0300029 0.126496
0 0.243643 0.839973 0.0131186 0.0253346 0.12595
0 0.303386 0.532899 0.0125134 0.02732 0.125424
0 0.467296 0.382571 0.0203775 0.0281366 0.12488
0 0.0453177 0.885305 0.020775 0.027693 0.124593
0 0.403772 0.631247 0.00956745 0.0333359 0.124267
0 0.351516 0.728152 0.0214698 0.0423282 0.124255
0 0.372372 0.671246 0.0207154 0.032874 0.124182
0 0.158706 0.780424 0.0230626 0.0358419 0.123723
0 0.838397 0.498539 0.0176655 0.0297275 0.123716
0 0.121423 0.820107 0.0190339 0.0323232 0.123389
0 0.118461 0.14661 0.0212625 0.0334707 0.123292
0 0.965682 0.964873 0.0200245 0.0345506 0.122899
0 0.507326 0.293108 0.0214005 0.0352044 0.122465
0 0.21094 0.597753 0.0265368 0.0386054 0.121817
0 0.0865779 0.0107499 0.0325955 0.0214998 0.121336
0 0.515268 0.256179 0.0178104 0.0310898 0.121145
0 0.141887 0.812805 0.0123736 0.0172838 0.121143
0 0.250115 0.89699 0.0168011 0.0266058 0.120879
0 0.0557834 0.256829 0.0232135 0.024663 0.120384
0 0.107856 0.418192 0.0223916 0.0335354 0.119864
0 0.378077 0.393775 0.0129957 0.0262822 0.119726
0 0.608244 0.199402 0.0247721 0.0406597 0.119513
0 0.501086 0.431137 0.0151127 0.0233037 0.119349
0 0.0212135 0.115703 0.0201924 0.0349149 0.118816
0 0.489919 0.950681 0.0182056 0.0315653 0.11802
0 0.219962 0.0059606 0.0222699 0.0119212 0.116606
0 0.209538 0.142506 0.0210536 0.0307622 0.114847
0 0.8879 0.478973 0.020851 0.0343133 0.11482
0 0.997126 0.810236 0.00574913 0.0346508 0.114382
0 0.674311 0.662963 0.0235924 0.0311378 0.114166
0 0.156859 0.885014 0.0101924 0.026259 0.114094
0 0.127587 0.216455 0.0241601 0.0340252 0.11286
0 0.646573 0.969519 0.0318934 0.0512139 0.112743
0 0.346653 0.407686 0.0132244 0.0275321 0.11223
0 0.978843 0.924607 0.0218475 0.035282 0.112184
0 0.795151 0.809982 0.0170598 0.0326777 0.112167
0 0.557258 0.253156 0.0169767 0.0291929 0.112109
0 0.379612 0.23248 0.025253 0.0520747 0.111963
0 0.494854 0.76298 0.0243904 0.0342763 0.111606
0 0.311333 0.622272 0.0195867 0.0365309 0.111088
0 0.169891 0.989172 0.0128025 0.0200762 0.110979
0 0.280454 0.858274 0.0253275 0.0491981 0.110946
0 0.354021 0.495886 0.0168303 0.0254155 0.110166
0 0.394239 0.088531 0.0289148 0.0372298 0.109905
0 0.290048 0.858091 0.0201189 0.0443193 0.109356
0 0.0480994 0.886968 0.0197528 0.0285819 0.109046
0 0.589767 0.881211 0.0151629 0.0303562 0.108581
0 0.302757 0.708454 0.0146757 0.0275035 0.108559
0 0.375775 0.990175 0.0140894 0.0191221 0.108554
0 0.344003 0.254562 0.0189608 0.0322039 0.108479
0 0.922052 0.0372481 0.0289551 0.0470254 0.108391
0 0.0972443 0.786675 0.0138077 0.0285172 0.108353
0 0.516984 0.842211 0.0159697 0.0327835 0.107444
0 0.268692 0.48839 0.0203179 0.0333795 0.107281
0 0.562423 0.202962 0.0282042 0.0391633 0.106181
0 0.420154 0.547641 0.0181789 0.0345581 0.10618
0 0.084301 0.00816055 0.0252741 0.0163011 0.105877
0 0.166525 0.812015 0.0136654 0.0343144 0.105449
0 0.147188 0.614843 0.0202615 0.0351384 0.104699
0 0.682252 0.964965 0.0197858 0.0300702 0.104671
0 0.897806 0.392677 0.0221546 0.0373795 0.104302
0 0.366321 0.308359 0.0199819 0.031779 0.104292
0 0.373643 0.675694 0.0196209 0.0251694 0.104235
0 0.355473 0.622648 0.00978394 0.0215354 0.103331
0 0.218235 0.785017 0.0109285 0.0276218 0.10325
0 0.741445 0.933673 0.0138206 0.0241162 0.10281
0 0.227201 0.00635038 0.0309805 0.0127008 0.102496
0 0.395273 0.854622 0.0107521 0.0252499 0.102101
0 0.119847 0.290061 0.0243219 0.0341418 0.101956
0 0.0909182 0.657546 0.02247 0.0260193 0.101061
0 0.442074 0.589397 0.0220116 0.0317452 0.100004
