0 0.531294 0.898089 0.0245882 0.0360036 0.688847
0 0.48009 0.97662 0.019888 0.0416744 0.679717
0 0.442956 0.278482 0.0213406 0.0342156 0.676174
0 0.572003 0.102987 0.0220306 0.0379979 0.673575
0 0.312801 0.0813049 0.0321641 0.0458285 0.663662
0 0.464292 0.257192 0.0188813 0.0310173 0.658534
0 0.496654 0.558222 0.0235399 0.0341474 0.654435
0 0.358737 0.535793 0.0198481 0.0466865 0.648319
0 0.497644 0.445432 0.0216371 0.0420536 0.644894
0 0.630622 0.804624 0.0254532 0.046186 0.642044
0 0.0443035 0.886128 0.0226411 0.0348996 0.641556
0 0.317423 0.690347 0.0210855 0.0441615 0.637316
0 0.545257 0.0787272 0.0171989 0.0291635 0.636955
0 0.526463 0.711097 0.0160673 0.0297869 0.63678
0 0.12938 0.0298273 0.0229385 0.0358216 0.630698
0 0.546568 0.977768 0.0211746 0.0376478 0.629493
0 0.708575 0.401353 0.027903 0.0602085 0.62948
0 0.043596 0.934278 0.0242199 0.031782 0.629128
0 0.634592 0.408145 0.0253649 0.0443208 0.62722
0 0.379438 0.0593367 0.0230442 0.0393488 0.626057
0 0.418266 0.261949 0.0207642 0.0318794 0.622683
0 0.648603 0.15686 0.0193498 0.0363348 0.622162
0 0.494815 0.237927 0.0176815 0.0339506 0.620232
0 0.63283 0.0469353 0.0227572 0.0451468 0.617174
0 0.46453 0.350818 0.0232254 0.0342799 0.616955
0 0.739973 0.411484 0.0217154 0.0459891 0.615519
0 0.478361 0.0836844 0.0340149 0.0446349 0.613373
0 0.515028 0.624502 0.017704 0.045399 0.612841
0 0.180841 0.969886 0.0238472 0.0367303 0.612704
0 0.593404 0.400854 0.0213827 0.0360714 0.612678
0 0.420759 0.319386 0.0222171 0.0328829 0.612484
0 0.14287 0.924875 0.0210369 0.0346981 0.609776
0 0.458621 0.449357 0.0152451 0.0278149 0.606927
0 0.215646 0.0671854 0.0254334 0.0443788 0.605625
0 0.141732 0.0954831 0.0194769 0.0365549 0.602032
0 0.022218 0.888123 0.0153906 0.0321788 0.599701
0 0.203605 0.194238 0.0192254 0.0454503 0.597122
0 0.708252 0.916508 0.0284796 0.0558523 0.596732
0 0.278709 0.620275 0.0175456 0.0257485 0.594977
0 0.402684 0.0588178 0.0222022 0.0415575 0.59442
0 0.687655 0.844507 0.0223075 0.0427684 0.588388
0 0.302536 0.654532 0.0153734 0.0283254 0.587434
0 0.112011 0.933109 0.0213534 0.0320346 0.581267
0 0.333087 0.659621 0.0139983 0.0290426 0.580413
0 0.62722 0.170292 0.0168243 0.0345141 0.579821
0 0.691472 0.338954 0.0221779 0.0397053 0.578967
0 0.196713 0.102237 0.0173189 0.0243105 0.578455
0 0.414233 0.166745 0.0184027 0.025621 0.578308
0 0.559014 0.886069 0.0182081 0.0296249 0.575909
0 0.455046 0.381314 0.0193302 0.0301263 0.575404
0 0.156107 0.973368 0.0188564 0.0348206 0.575215
0 0.117659 0.889068 0.0224113 0.0367839 0.575214
0 0.570402 0.21581 0.0154465 0.0294027 0.573273
0 0.509021 0.670586 0.0161579 0.0316601 0.572344
0 0.357656 0.0950762 0.0219686 0.0434462 0.571865
0 0.532759 0.348222 0.016214 0.0376524 0.571835
0 0.569475 0.140956 0.0154497 0.0252989 0.568301
0 0.538217 0.55819 0.0177773 0.0309512 0.566477
0 0.626441 0.465476 0.0162712 0.0320267 0.565606
0 0.230321 0.973848 0.0240442 0.0381137 0.563336
0 0.149311 0.232812 0.0228409 0.0469695 0.561264
0 0.603656 0.013355 0.0211908 0.0266466 0.557743
0 0.495062 0.79204 0.0165499 0.029071 0.55749
0 0.493929 0.612768 0.0167536 0.0335676 0.557014
0 0.0647475 0.363519 0.0237149 0.0372587 0.555034
0 0.591412 0.215275 0.0200821 0.0289775 0.550566
0 0.518953 0.0600031 0.0219978 0.0372008 0.55033
0 0.659797 0.432364 0.0212203 0.0409185 0.547118
0 0.287115 0.655311 0.0147118 0.0273095 0.546575
0 0.515914 0.359532 0.0194855 0.0335843 0.546487
0 0.552589 0.36262 0.0129442 0.0248627 0.545287
0 0.643221 0.202817 0.0137182 0.0282862 0.541472
0 0.444804 0.176159 0.0258633 0.0354769 0.540934
0 0.703638 0.978089 0.0218145 0.0404297 0.537938
0 0.704039 0.203182 0.0152885 0.0271869 0.534789
0 0.0634637 0.0230906 0.0233373 0.0363864 0.534679
0 0.623728 0.293709 0.0250075 0.0359821 0.533801
0 0.590132 0.167329 0.0156203 0.0277991 0.528439
0 0.545927 0.444816 0.0266649 0.0421655 0.518211
0 0.281108 0.748443 0.0243581 0.0371145 0.518188
0 0.657682 0.284367 0.0204594 0.0419603 0.517832
0 0.425451 0.017787 0.0174927 0.0345857 0.514716
0 0.139522 0.965829 0.0133461 0.0239592 0.508043
0 0.225601 0.406629 0.0183063 0.0260759 0.504262
0 0.480519 0.416122 0.0220049 0.0337896 0.491671
0 0.646098 0.253218 0.0148825 0.0259813 0.486121
0 0.647384 0.771897 0.0192474 0.0346719 0.484181
0 0.0893513 0.964472 0.0231712 0.0293658 0.483022
0 0.564251 0.387548 0.0200285 0.0316494 0.474245
0 0.21217 0.247906 0.0161329 0.0267729 0.470846
0 0.626354 0.110118 0.0183367 0.0390013 0.470046
0 0.614807 0.370321 0.0222214 0.0365206 0.469167
0 0.610081 0.764958 0.0130877 0.0355581 0.468381
0 0.607065 0.0546937 0.0192955 0.0361622 0.467851
0 0.644536 0.849722 0.0300503 0.0403258 0.465926
0 0.693229 0.255756 0.0193475 0.0367783 0.465419
0 0.711895 0.236685 0.018405 0.0374942 0.462356
0 0.572808 0.924903 0.0165206 0.031703 0.457301
0 0.758266 0.473439 0.014522 0.0332754 0.456284
0 0.667957 0.820708 0.0195884 0.0405809 0.456187
0 0.554157 0.583454 0.0148745 0.0301975 0.453167
0 0.771382 0.502821 0.018164 0.03791 0.451981
0 0.522939 0.403904 0.0197233 0.0387805 0.451585
0 0.584834 0.738229 0.0141755 0.0274597 0.449728
0 0.472227 0.456852 0.0137383 0.0217343 0.444486
0 0.581779 0.0471284 0.0146914 0.0384413 0.443562
0 0.523241 0.0998939 0.024548 0.034422 0.437163
0 0.569776 0.544972 0.0177306 0.0404699 0.436736
0 0.594912 0.641086 0.0192989 0.0346061 0.428137
0 0.570269 0.0469479 0.0251094 0.0512458 0.419956
0 0.509266 0.946044 0.0217893 0.0465303 0.418516
0 0.565919 0.765139 0.0215897 0.0407535 0.41776
0 0.520585 0.0545766 0.0253195 0.0469241 0.415083
0 0.587507 0.980535 0.01923 0.0328292 0.412266
0 0.487226 0.0281182 0.0220182 0.0341584 0.408919
0 0.573199 0.315036 0.0177636 0.030306 0.408914
0 0.483191 0.291614 0.0145561 0.0341654 0.406594
0 0.545695 0.682972 0.0186204 0.0342599 0.40351
0 0.624106 0.218877 0.0180908 0.0281 0.400853
0 0.551453 0.526994 0.0157867 0.0340061 0.398602
0 0.599943 0.731337 0.0151384 0.0337416 0.398217
0 0.580059 0.27178 0.020916 0.0344239 0.396658
0 0.577995 0.414774 0.0128673 0.0279788 0.393564
0 0.48266 0.205043 0.0207376 0.032563 0.392907
0 0.439376 0.211711 0.0151653 0.0261692 0.392037
0 0.505753 0.295548 0.0167135 0.0294921 0.391241
0 0.429942 0.103477 0.0151423 0.0366717 0.389752
0 0.649858 0.92997 0.019337 0.0364743 0.375584
0 0.458686 0.484081 0.0241371 0.0356969 0.375293
0 0.686528 0.169344 0.0152957 0.0322174 0.375235
0 0.555615 0.801328 0.0184013 0.0239504 0.375188
0 0.517381 0.126876 0.0137085 0.0238665 0.37144
0 0.512698 0.940328 0.0232158 0.0440361 0.371049
0 0.690836 0.536544 0.0175271 0.0369032 0.369799
0 0.51632 0.164237 0.0191582 0.0262355 0.365924
0 0.595542 0.768684 0.0128971 0.0251183 0.364842
0 0.00516907 0.885077 0.0102962 0.034887 0.361553
0 0.531456 0.600866 0.0175875 0.0263129 0.360919
0 0.130251 0.156397 0.0140175 0.0244363 0.357356
0 0.725496 0.964546 0.0234945 0.0494346 0.356019
0 0.734542 0.356317 0.0233788 0.0501047 0.355016
0 0.546177 0.718738 0.0126711 0.024786 0.351392
0 0.472158 0.628138 0.0198812 0.0250527 0.350951
0 0.652762 0.50028 0.0208029 0.0365133 0.349598
0 0.565993 0.503189 0.0136112 0.0265619 0.348864
0 0.147169 0.288104 0.0204911 0.0323148 0.34537
0 0.593898 0.0769196 0.0186302 0.0340064 0.3424
0 0.714879 0.348815 0.0162987 0.0370724 0.34165
0 0.388039 0.133443 0.0179525 0.0264601 0.340196
0 0.721257 0.431055 0.0139856 0.0270345 0.339795
0 0.497496 0.128291 0.0147498 0.0209233 0.337759
0 0.0160766 0.929099 0.019155 0.0373098 0.337273
0 0.630608 0.95554 0.0206993 0.0409859 0.335652
0 0.533314 0.295957 0.0160852 0.0261727 0.335237
0 0.586627 0.679811 0.0184261 0.0360896 0.333209
0 0.52027 0.468632 0.0173018 0.0315961 0.330371
0 0.53029 0.269679 0.0171927 0.0225378 0.326956
0 0.669235 0.125649 0.0153253 0.0347635 0.325564
0 0.507574 0.709113 0.012325 0.0207987 0.324535
0 0.525532 0.409262 0.0197856 0.036959 0.324147
0 0.61401 0.177708 0.0100986 0.0283101 0.320079
0 0.248615 0.506421 0.0193761 0.0298681 0.318234
0 0.326294 0.307049 0.0233674 0.0374173 0.313982
0 0.729806 0.463769 0.0165829 0.0259032 0.313717
0 0.609796 0.115701 0.0224649 0.035793 0.313519
0 0.602394 0.800195 0.0162712 0.0326209 0.308789
0 0.488918 0.612189 0.0255045 0.0375168 0.308664
0 0.465284 0.31856 0.0136946 0.0179045 0.30719
0 0.486579 0.486962 0.0172285 0.028333 0.306662
0 0.514892 0.553204 0.00855115 0.0262634 0.305969
0 0.494388 0.73227 0.0167653 0.0283485 0.305864
0 0.145503 0.14281 0.0153954 0.02811 0.302781
0 0.518921 0.237312 0.011924 0.0310093 0.302749
0 0.575192 0.0474162 0.0265972 0.0437867 0.301216
0 0.436202 0.0680816 0.0233016 0.0310196 0.30089
0 0.476515 0.146343 0.0207996 0.0402845 0.299825
0 0.426397 0.94878 0.0144176 0.0235734 0.296855
0 0.450979 0.30732 0.0139702 0.0170331 0.292475
0 0.584448 0.809253 0.0208307 0.0445821 0.291464
0 0.70883 0.544698 0.0231186 0.0440664 0.291129
0 0.547921 0.615196 0.0152426 0.0299125 0.29022
0 0.60613 0.909715 0.0129808 0.0287879 0.289334
0 0.612216 0.178714 0.0107838 0.0278313 0.288635
0 0.548525 0.527802 0.0146685 0.0338735 0.28078
0 0.12007 0.990247 0.023253 0.0185386 0.2777
0 0.680792 0.373111 0.0201274 0.0357646 0.272506
0 0.554069 0.248579 0.0218262 0.0377003 0.270945
0 0.511931 0.735452 0.0163081 0.0306064 0.26823
0 0.521789 0.988527 0.0201366 0.0221355 0.26747
0 0.446056 0.417112 0.0158985 0.0341326 0.261692
0 0.62147 0.894083 0.0172741 0.0321842 0.257973
0 0.678649 0.499242 0.0196402 0.0378293 0.254086
0 0.664189 0.186944 0.0111366 0.0285727 0.253389
0 0.530316 0.78051 0.0172743 0.0311798 0.253313
0 0.483378 0.285392 0.0144377 0.0362268 0.253133
0 0.764412 0.966176 0.0336964 0.0662361 0.252291
0 0.714983 0.577818 0.0203003 0.0343767 0.25023
0 0.608958 0.982012 0.018874 0.0319564 0.246296
0 0.0700655 0.90347 0.0218317 0.0315679 0.242745
0 0.0736022 0.930632 0.0262842 0.0360944 0.242514
0 0.505783 0.345772 0.0142904 0.0294422 0.239512
0 0.273228 0.533322 0.0186459 0.020331 0.235342
0 0.740418 0.471832 0.0133814 0.0272161 0.234543
0 0.407125 0.0165997 0.0240794 0.0317745 0.23399
0 0.36476 0.98853 0.0249889 0.0226791 0.233687
0 0.553866 0.286736 0.0144777 0.0287383 0.22882
0 0.662209 0.187753 0.0110289 0.0246727 0.224324
0 0.516379 0.302303 0.0135427 0.0352492 0.21844
0 0.710198 0.394175 0.0247494 0.0463242 0.215434
0 0.472949 0.458995 0.014959 0.0282801 0.211653
0 0.567377 0.760107 0.02032 0.039445 0.211257
0 0.547764 0.144044 0.0200948 0.029902 0.207685
0 0.504488 0.641151 0.0179932 0.0187005 0.204749
0 0.624011 0.688022 0.0163411 0.0335516 0.200244
0 0.519145 0.302658 0.0119247 0.0353885 0.200111
0 0.167913 0.211295 0.0131098 0.0271015 0.197537
0 0.716978 0.351964 0.0133935 0.0405103 0.196877
0 0.769502 0.506737 0.0177925 0.0319217 0.196755
0 0.053455 0.986415 0.0204752 0.0256616 0.195431
0 0.275732 0.748329 0.0351543 0.0384091 0.192788
0 0.441961 0.0687833 0.0175241 0.0324111 0.191554
0 0.528007 0.10064 0.0149462 0.0338355 0.187675
0 0.686659 0.296109 0.0159982 0.0324383 0.187471
0 0.0732732 0.924148 0.0278191 0.0495884 0.186097
0 0.296755 0.989053 0.0263523 0.0214714 0.184842
0 0.599391 0.0130321 0.028443 0.0259557 0.184781
0 0.451072 0.237527 0.0105049 0.0227571 0.184699
0 0.742215 0.473267 0.0138019 0.0286218 0.183544
0 0.575039 0.58043 0.0233521 0.0365706 0.183382
0 0.473851 0.226241 0.0138756 0.0261467 0.182393
0 0.584372 0.816833 0.0191869 0.0364417 0.181645
0 0.00295125 0.893147 0.00590251 0.0535522 0.181307
0 0.597742 0.334183 0.0186752 0.0347569 0.174044
0 0.541564 0.0109956 0.0208855 0.0210456 0.173692
0 0.457531 0.993915 0.0168179 0.0116627 0.172501
0 0.749389 0.50805 0.0187215 0.0324171 0.168542
0 0.0139391 0.94023 0.0206277 0.0275513 0.165315
0 0.457645 0.113855 0.0163376 0.030714 0.164525
0 0.644387 0.0880753 0.0161631 0.0275489 0.164263
0 0.65042 0.468575 0.0175724 0.0245224 0.163083
0 0.627067 0.217972 0.022891 0.031702 0.162299
0 0.607361 0.765094 0.0144394 0.0320711 0.162244
0 0.00252089 0.905129 0.00497907 0.0398085 0.16044
0 0.21356 0.428908 0.021893 0.018397 0.159792
0 0.56853 0.711294 0.0191769 0.0331991 0.159641
0 0.485649 0.498258 0.0222387 0.0482188 0.159211
0 0.650872 0.890455 0.0148014 0.0375105 0.158565
0 0.59318 0.941588 0.0187775 0.0354044 0.158547
0 0.585025 0.138744 0.010999 0.0237926 0.156889
0 0.519168 0.0987391 0.0292773 0.0331921 0.156033
0 0.175676 0.0475424 0.0154092 0.018716 0.153922
0 0.0102721 0.981216 0.019603 0.0327229 0.151444
0 0.638838 0.500123 0.00781008 0.0303944 0.15076
0 0.509849 0.846575 0.0212753 0.0418503 0.149545
0 0.705841 0.205848 0.0159624 0.0287946 0.148516
0 0.294597 0.655095 0.024069 0.0279461 0.147967
0 0.183928 0.00613286 0.0246454 0.0122657 0.14757
0 0.535616 0.177182 0.0134632 0.0240136 0.144566
0 0.412293 0.017223 0.0319563 0.0333088 0.144385
0 0.582969 0.739836 0.0139298 0.0267129 0.143961
0 0.574866 0.644953 0.0124489 0.0310215 0.142255
0 0.517972 0.131081 0.0155474 0.0238808 0.141318
0 0.147444 0.291118 0.0244912 0.0414102 0.141046
0 0.540348 0.748979 0.0162615 0.0264108 0.140518
0 0.623478 0.0221513 0.0154413 0.0237753 0.138987
0 0.494371 0.326657 0.0122093 0.0205608 0.138399
0 0.0715126 0.934007 0.023699 0.028754 0.137937
0 0.513914 0.845586 0.0177669 0.0414829 0.137848
0 0.441162 0.333592 0.0139095 0.02717 0.137665
0 0.731878 0.303922 0.0226166 0.0445475 0.136917
0 0.464436 0.315321 0.0148149 0.0222894 0.136543
0 0.67874 0.369595 0.0223831 0.0417852 0.13537
0 0.493161 0.37738 0.0134773 0.0282082 0.135005
0 0.500971 0.163023 0.00980587 0.0277086 0.133309
0 0.549503 0.147937 0.0208199 0.0333033 0.132963
0 0.591545 0.935101 0.0196842 0.042274 0.132884
0 0.00699316 0.983187 0.0135825 0.0310187 0.132647
0 0.585562 0.34618 0.0155138 0.0303414 0.130973
0 0.00711719 0.947345 0.0137696 0.0224488 0.130198
0 0.551805 0.578846 0.0142672 0.0283346 0.129323
0 0.226259 0.406039 0.0210799 0.0326534 0.12913
0 0.148777 0.189544 0.0183901 0.026129 0.128898
0 0.708212 0.297906 0.0218937 0.0364624 0.128305
0 0.759037 0.338551 0.0190399 0.0335104 0.128226
0 0.55497 0.171234 0.0215822 0.0421511 0.12771
0 0.530171 0.415101 0.0194778 0.0308248 0.125757
0 0.612024 0.221935 0.0137121 0.026106 0.124431
0 0.607986 0.8342 0.0221815 0.0371192 0.124115
0 0.619061 0.21984 0.0159014 0.0256428 0.122236
0 0.56236 0.0101845 0.027142 0.019075 0.121489
0 0.537385 0.650124 0.0218412 0.0366478 0.117875
0 0.449349 0.239903 0.0099287 0.0271146 0.116285
0 0.72093 0.430327 0.0155716 0.0348499 0.114231
0 0.568285 0.979586 0.0166492 0.0321158 0.113444
0 0.00559229 0.949242 0.0110926 0.0243542 0.113174
0 0.490684 0.37795 0.0134682 0.0286959 0.110898
0 0.640247 0.468532 0.00890236 0.0282399 0.109927
0 0.770766 0.499962 0.013846 0.0362253 0.109797
0 0.482386 0.383281 0.0276638 0.0343319 0.108504
0 0.545338 0.00949175 0.0171841 0.0185134 0.108022
0 0.291227 0.466459 0.0161814 0.026779 0.107462
0 0.661833 0.22811 0.017502 0.0340836 0.107213
0 0.752018 0.451033 0.0112359 0.0181352 0.105287
0 0.528649 0.599888 0.0169236 0.0245504 0.104922
0 0.551473 0.360474 0.014835 0.0322365 0.104352
0 0.441388 0.53921 0.0202967 0.0263635 0.104239
0 0.765002 0.53705 0.0149574 0.0238539 0.103843
0 0.737302 0.470712 0.0190411 0.0301283 0.102793
0 0.579373 0.346958 0.00791912 0.0295986 0.102696
0 0.42598 0.920616 0.0156134 0.0200646 0.100287
