0 0.804004 0.439785 0.0297123 0.040123 0.687398
0 0.321354 0.662688 0.027361 0.0469014 0.684167
0 0.558946 0.0904167 0.0237191 0.037765 0.676184
0 0.356557 0.0652532 0.029851 0.0503254 0.673795
0 0.627832 0.921754 0.0227463 0.0435606 0.670886
0 0.737507 0.18926 0.0200918 0.0352069 0.659112
0 0.944311 0.752333 0.0218119 0.0405281 0.65634
0 0.732584 0.334211 0.026653 0.049998 0.652862
0 0.7609 0.0479976 0.019858 0.0413809 0.65266
0 0.981721 0.359886 0.0269989 0.0343463 0.647749
0 0.806757 0.673163 0.0257585 0.0347751 0.647578
0 0.408855 0.165071 0.0212305 0.0376663 0.64694
0 0.63392 0.641073 0.0217414 0.0376022 0.64295
0 0.300757 0.755861 0.0249706 0.0470323 0.641855
0 0.881546 0.197215 0.0211734 0.0368549 0.64151
0 0.873998 0.840268 0.0224403 0.033727 0.641118
0 0.887701 0.891364 0.0208458 0.0361243 0.638552
0 0.680432 0.181546 0.0183474 0.033933 0.637593
0 0.844778 0.121357 0.0200214 0.0245583 0.637482
0 0.580915 0.215253 0.0191032 0.0320473 0.636906
0 0.256224 0.132048 0.0216599 0.039506 0.635682
0 0.337374 0.935264 0.0181372 0.0307178 0.635365
0 0.318373 0.0349508 0.0177943 0.0304157 0.634829
0 0.628527 0.687881 0.0180108 0.0331338 0.634088
0 0.25346 0.294884 0.0211805 0.0393672 0.633668
0 0.740647 0.585572 0.0176937 0.0316207 0.633461
0 0.681238 0.661078 0.019254 0.0303966 0.628213
0 0.564389 0.0532187 0.0151323 0.0287607 0.628169
0 0.295624 0.250685 0.0144188 0.0337182 0.627347
0 0.59216 0.175652 0.0180985 0.0293905 0.627345
0 0.811614 0.388232 0.0195555 0.035379 0.625511
0 0.601679 0.14487 0.0129909 0.0280877 0.62511
0 0.698622 0.207015 0.0171099 0.0329363 0.624492
0 0.910766 0.710749 0.0234913 0.0367915 0.62412
0 0.801436 0.969216 0.0252832 0.0441714 0.622656
0 0.812504 0.208535 0.0133717 0.0279689 0.619897
0 0.491002 0.0780819 0.0188074 0.0337387 0.619847
0 0.43534 0.134085 0.0179379 0.0266914 0.618387
0 0.629244 0.076374 0.0220267 0.0278261 0.617509
0 0.757727 0.18016 0.0136002 0.0281464 0.616981
0 0.977898 0.203355 0.025248 0.0437355 0.615839
0 0.915409 0.907391 0.0237331 0.0404236 0.615524
0 0.534171 0.76502 0.0208007 0.0371462 0.614819
0 0.096343 0.887339 0.0172153 0.0337636 0.614546
0 0.826533 0.713226 0.0147964 0.0258332 0.612138
0 0.792414 0.906717 0.0273546 0.0455371 0.609177
0 0.751179 0.983578 0.0269965 0.0321509 0.609175
0 0.46689 0.673172 0.0205954 0.0391863 0.608495
0 0.339119 0.179024 0.0130134 0.0261263 0.606948
0 0.948403 0.0230749 0.0266731 0.0457972 0.606745
0 0.362845 0.171123 0.0168882 0.0304823 0.606085
0 0.857042 0.560842 0.0144663 0.0322608 0.605914
0 0.52887 0.350071 0.0182285 0.0339693 0.60396
0 0.675857 0.729745 0.027329 0.0396101 0.60395
0 0.714041 0.18395 0.0160131 0.0297921 0.602702
0 0.855911 0.78053 0.0183483 0.0285112 0.601733
0 0.624495 0.0411548 0.0161739 0.028874 0.600061
0 0.131878 0.841501 0.0218989 0.0369168 0.599876
0 0.546678 0.188732 0.0226753 0.0372149 0.599533
0 0.809339 0.104043 0.031199 0.0402773 0.59915
0 0.801536 0.279642 0.0173749 0.0300859 0.598319
0 0.446075 0.0913549 0.0155102 0.0280641 0.596251
0 0.630279 0.118664 0.0184088 0.030922 0.595906
0 0.78898 0.162908 0.0175791 0.0344299 0.595895
0 0.644584 0.957181 0.0206034 0.0327386 0.595253
0 0.937893 0.804557 0.0268944 0.0335836 0.593342
0 0.927199 0.0890502 0.0204292 0.0368768 0.590925
0 0.257667 0.548465 0.0167465 0.0306482 0.590286
0 0.290786 0.0194874 0.0245785 0.0380941 0.587522
0 0.3415 0.374052 0.0172203 0.0325122 0.587166
0 0.26655 0.922379 0.0170435 0.0244307 0.586751
0 0.864989 0.664608 0.0191583 0.0295097 0.586286
0 0.329802 0.317841 0.0172818 0.0340703 0.585905
0 0.790487 0.2345 0.0163219 0.0290599 0.585177
0 0.413673 0.427755 0.0164223 0.0327766 0.584976
0 0.655359 0.904526 0.0165161 0.0300429 0.584748
0 0.856548 0.705547 0.021423 0.0320111 0.584648
0 0.432147 0.485503 0.0175992 0.0337617 0.582747
0 0.698192 0.379737 0.0163057 0.0310234 0.582592
0 0.322942 0.967618 0.0165661 0.0299761 0.581974
0 0.643933 0.194432 0.0194398 0.0326166 0.581888
0 0.366806 0.233575 0.0182635 0.0374007 0.581494
0 0.755169 0.217305 0.0176781 0.0268238 0.581057
0 0.886799 0.728114 0.0186298 0.029603 0.577756
0 0.603437 0.48601 0.0159405 0.0323307 0.575621
0 0.845315 0.0787092 0.0192446 0.034909 0.569323
0 0.640962 0.0312372 0.0135044 0.0266697 0.569208
0 0.869145 0.0622179 0.0162605 0.0323625 0.568473
0 0.448831 0.452127 0.0157085 0.0316344 0.568389
0 0.738037 0.821667 0.0167402 0.0321562 0.568346
0 0.314012 0.476813 0.0308998 0.0500351 0.567079
0 0.732831 0.616902 0.0146179 0.0240795 0.566294
0 0.794926 0.0481 0.0185146 0.0391262 0.565615
0 0.538956 0.29057 0.0175522 0.0328574 0.564425
0 0.181682 0.969412 0.024243 0.0354385 0.563926
0 0.567453 0.905762 0.0199512 0.0352154 0.563313
0 0.362115 0.360843 0.0235474 0.0347766 0.562817
0 0.582562 0.517764 0.0215773 0.0273566 0.562782
0 0.461691 0.492983 0.0199198 0.0349335 0.562403
0 0.194839 0.731991 0.0307158 0.0526671 0.561882
0 0.470593 0.0722639 0.0198395 0.0318601 0.558691
0 0.509097 0.262941 0.0193805 0.0349346 0.558583
0 0.700872 0.150732 0.0121045 0.0227796 0.555975
0 0.965747 0.828156 0.0141911 0.0279558 0.555033
0 0.414711 0.972679 0.0188334 0.0292331 0.552632
0 0.652174 0.0496971 0.0148671 0.0270529 0.552322
0 0.65409 0.15684 0.0159222 0.0247964 0.551986
0 0.30368 0.876608 0.0189858 0.0356834 0.551745
0 0.67424 0.386407 0.0160688 0.0288279 0.551314
0 0.72356 0.502595 0.0191905 0.0265351 0.551167
0 0.425858 0.835094 0.0196936 0.0317518 0.550252
0 0.524863 0.239541 0.0124442 0.0272641 0.548724
0 0.543138 0.959169 0.0192794 0.0388063 0.548312
0 0.788886 0.201029 0.0137531 0.0235636 0.546226
0 0.274199 0.0985962 0.0172493 0.0313048 0.544181
0 0.923033 0.611077 0.0144995 0.0274919 0.544006
0 0.00859158 0.928585 0.0169352 0.0326974 0.543815
0 0.205635 0.647074 0.0228017 0.0499724 0.543491
0 0.470991 0.955329 0.0201248 0.0398197 0.543049
0 0.369859 0.91809 0.0195773 0.0350935 0.542395
0 0.339506 0.0169743 0.0220846 0.0326299 0.542382
0 0.829406 0.747776 0.0176889 0.032211 0.541375
0 0.556002 0.757829 0.0132992 0.0277768 0.540267
0 0.283088 0.874149 0.0159029 0.0326131 0.538669
0 0.332732 0.876283 0.0157849 0.0264323 0.538231
0 0.978939 0.315273 0.0154083 0.0270967 0.538204
0 0.313439 0.26664 0.0206986 0.0371302 0.537701
0 0.459755 0.226284 0.018878 0.0329057 0.534174
0 0.379798 0.199285 0.0150185 0.028112 0.533407
0 0.602287 0.952037 0.018893 0.0328376 0.533353
0 0.98159 0.526831 0.0161167 0.0295755 0.533304
0 0.765435 0.39401 0.0169646 0.029727 0.532007
0 0.622183 0.824149 0.0151335 0.0292119 0.530088
0 0.854513 0.486101 0.0159033 0.0299252 0.529332
0 0.94713 0.130731 0.0196621 0.0290139 0.529052
0 0.747993 0.381186 0.0127529 0.0241369 0.528525
0 0.20121 0.88474 0.019619 0.0357424 0.528324
0 0.652856 0.235589 0.0121429 0.0257374 0.526371
0 0.663738 0.190505 0.012071 0.0262147 0.526332
0 0.282815 0.793814 0.0179507 0.0246979 0.526028
0 0.255745 0.514133 0.0157964 0.0293993 0.524981
0 0.660176 0.468938 0.0165361 0.036937 0.52434
0 0.951647 0.392783 0.0237926 0.0463428 0.521983
0 0.925023 0.126503 0.0176325 0.0299494 0.520572
0 0.340564 0.620003 0.0229219 0.0369902 0.520417
0 0.65763 0.090419 0.0187063 0.0304208 0.519984
0 0.951323 0.596712 0.0146809 0.0273181 0.518536
0 0.33523 0.819196 0.014276 0.0283464 0.518514
0 0.572011 0.553648 0.0164112 0.0264872 0.517928
0 0.72893 0.278877 0.020473 0.0363942 0.517546
0 0.904536 0.0183378 0.0184956 0.0354405 0.517192
0 0.125584 0.980212 0.0162531 0.027983 0.515907
0 0.773213 0.186474 0.013446 0.0239165 0.515421
0 0.735008 0.0198106 0.0288609 0.0393467 0.514567
0 0.425147 0.529432 0.0188318 0.0357321 0.513477
0 0.780654 0.463291 0.0152361 0.0274167 0.512718
0 0.40415 0.249302 0.0150855 0.0284806 0.512609
0 0.901095 0.668193 0.0168148 0.0286016 0.511763
0 0.975463 0.280178 0.0133877 0.0231419 0.511737
0 0.374243 0.709481 0.0188783 0.0332682 0.510388
0 0.714757 0.569103 0.015255 0.0265635 0.510387
0 0.470251 0.154737 0.0191829 0.0354306 0.509855
0 0.428613 0.721225 0.0151482 0.0257138 0.509821
0 0.96736 0.483708 0.0299065 0.0420362 0.509543
0 0.495739 0.149585 0.018173 0.0312384 0.509082
0 0.323359 0.152148 0.0167262 0.0288468 0.508009
0 0.781649 0.529945 0.0155109 0.0340088 0.507931
0 0.874055 0.549753 0.0181664 0.0284779 0.507175
0 0.976422 0.928033 0.0246243 0.0387326 0.507025
0 0.924068 0.315887 0.0200821 0.0306218 0.506576
0 0.926592 0.514219 0.0193432 0.0264811 0.506444
0 0.809869 0.0325411 0.0136219 0.0288015 0.504798
0 0.753438 0.918404 0.0208845 0.0381415 0.504579
0 0.890256 0.574392 0.0128376 0.0210428 0.504537
0 0.0660048 0.819693 0.0217186 0.0394135 0.503488
0 0.542861 0.902085 0.0201527 0.0374054 0.503183
0 0.540124 0.802721 0.0189932 0.0271217 0.501109
0 0.315886 0.53613 0.0201435 0.0387793 0.501099
0 0.816654 0.0696218 0.0147661 0.0265344 0.500768
0 0.706436 0.0331598 0.0224957 0.0403192 0.496598
0 0.280878 0.426527 0.017916 0.0275947 0.495946
0 0.442095 0.677433 0.0152241 0.0267648 0.49546
0 0.931369 0.242445 0.0179138 0.0245032 0.495005
0 0.709807 0.345344 0.0130182 0.0257599 0.494841
0 0.294178 0.167437 0.0173673 0.0336488 0.494089
0 0.346751 0.278223 0.013169 0.0290679 0.493911
0 0.476433 0.544842 0.017399 0.0280564 0.493625
0 0.692479 0.987091 0.0176577 0.024922 0.492945
0 0.430511 0.647606 0.0142997 0.0270647 0.492938
0 0.837793 0.368224 0.0191093 0.0233658 0.492081
0 0.944642 0.207629 0.0274963 0.0408874 0.490772
0 0.374917 0.0208313 0.0207688 0.0290996 0.489016
0 0.951084 0.557459 0.0126886 0.0314451 0.488617
0 0.865731 0.100453 0.0147827 0.0297888 0.487624
0 0.787529 0.586862 0.0154163 0.030397 0.487596
0 0.866889 0.906895 0.0138428 0.0240132 0.487013
0 0.893091 0.494424 0.0169979 0.0233112 0.48658
0 0.525215 0.536124 0.0226618 0.0396776 0.486442
0 0.825869 0.216866 0.0109423 0.0284353 0.48109
0 0.502332 0.350597 0.0143464 0.0277848 0.480096
0 0.263673 0.0689082 0.0158256 0.028747 0.47979
0 0.411823 0.569946 0.0219612 0.0380768 0.478933
0 0.279869 0.343382 0.0205043 0.0402412 0.478827
0 0.585503 0.873472 0.0158638 0.0288555 0.478344
0 0.836337 0.275896 0.0177444 0.030691 0.478139
0 0.731073 0.858824 0.0145655 0.0345436 0.477068
0 0.585917 0.983071 0.0167463 0.0302471 0.476153
0 0.843585 0.521635 0.0147444 0.0252007 0.475822
0 0.250209 0.188611 0.0142859 0.0330761 0.47541
0 0.83051 0.396834 0.018932 0.02775 0.474664
0 0.990321 0.0918793 0.0193581 0.031401 0.474636
0 0.321318 0.709327 0.0214649 0.0347543 0.473312
0 0.344599 0.239431 0.0124475 0.0254053 0.470742
0 0.49377 0.644705 0.0223207 0.0362605 0.470602
0 0.991758 0.729615 0.0164848 0.0333927 0.469433
0 0.962956 0.0621312 0.0243528 0.0375678 0.46926
0 0.923959 0.661575 0.0227757 0.0444324 0.469057
0 0.92967 0.272463 0.0153702 0.021091 0.46857
0 0.239433 0.417754 0.0150107 0.0366633 0.468298
0 0.322487 0.40496 0.0185706 0.035285 0.467588
0 0.438418 0.41085 0.014353 0.0289424 0.467528
0 0.330518 0.0892149 0.0161233 0.0358252 0.466613
0 0.667335 0.820665 0.0128071 0.0203607 0.46629
0 0.790247 0.378396 0.0167239 0.0310705 0.465905
0 0.417183 0.684709 0.02132 0.0311742 0.465222
0 0.288368 0.204235 0.0165794 0.0280507 0.465132
0 0.538571 0.0725297 0.0143305 0.0295838 0.463116
0 0.164538 0.767186 0.0247994 0.0505442 0.462395
0 0.337721 0.445332 0.0186255 0.0309516 0.461825
0 0.440967 0.374987 0.0251541 0.0337678 0.461394
0 0.658829 0.665807 0.0201801 0.0338632 0.460246
0 0.949348 0.0888753 0.018139 0.0322755 0.4587
0 0.55308 0.512995 0.0224836 0.0347411 0.457604
0 0.307029 0.107221 0.0171814 0.0283391 0.456998
0 0.944359 0.854462 0.0170971 0.0297221 0.454516
0 0.417495 0.910683 0.0140873 0.0218497 0.454229
0 0.856616 0.939485 0.0177422 0.0322658 0.453466
0 0.238878 0.497469 0.0126409 0.0280633 0.452383
0 0.838842 0.485957 0.0114578 0.0279659 0.451465
0 0.30773 0.138197 0.0196595 0.029378 0.451363
0 0.284208 0.46297 0.0164942 0.0290677 0.451167
0 0.392236 0.691859 0.012863 0.0231184 0.450476
0 0.584805 0.75206 0.0178293 0.0283362 0.449499
0 0.699969 0.907109 0.0236642 0.0415558 0.44917
0 0.232505 0.581158 0.0215079 0.0385491 0.449128
0 0.278404 0.278826 0.0161524 0.0285665 0.448537
0 0.517565 0.0802266 0.0267094 0.0508439 0.448218
0 0.794661 0.855445 0.0232721 0.0359668 0.447822
0 0.852313 0.815196 0.0154636 0.0213026 0.44764
0 0.414452 0.0191858 0.0217831 0.0369623 0.447602
0 0.149241 0.976883 0.0260281 0.0382265 0.446695
0 0.400925 0.458583 0.0165765 0.0278763 0.445829
0 0.911478 0.207762 0.0193077 0.0266047 0.44574
0 0.638198 0.729637 0.013592 0.0224409 0.444232
0 0.354321 0.712352 0.0213001 0.0384515 0.442427
0 0.733116 0.138369 0.014859 0.0271972 0.440852
0 0.534903 0.839095 0.0165914 0.0307812 0.439383
0 0.549258 0.51398 0.0181327 0.0316376 0.438346
0 0.57117 0.254705 0.013785 0.02849 0.437422
0 0.992773 0.28815 0.0144539 0.0328869 0.435581
0 0.258982 0.705562 0.015909 0.0273526 0.435575
0 0.833789 0.0175123 0.02799 0.0350245 0.435496
0 0.597419 0.570438 0.0200478 0.031569 0.434639
0 0.164308 0.93377 0.0170876 0.0256504 0.432985
0 0.506767 0.905769 0.0243512 0.0318736 0.431741
0 0.102744 0.968759 0.0290236 0.057096 0.430555
0 0.969629 0.15032 0.0212952 0.0414008 0.430106
0 0.916499 0.361036 0.0144846 0.0290012 0.428461
0 0.783425 0.634282 0.0148168 0.0311698 0.424644
0 0.273217 0.0451482 0.0171924 0.0355057 0.424227
0 0.715929 0.841085 0.019293 0.0362698 0.422896
0 0.351422 0.142751 0.016603 0.0321544 0.420714
0 0.263839 0.170889 0.0123191 0.0234739 0.418362
0 0.523698 0.0265634 0.0192892 0.0287926 0.416911
0 0.643924 0.81349 0.0212362 0.0350758 0.415549
0 0.552676 0.361069 0.0203629 0.0433626 0.415314
0 0.951163 0.699012 0.0153484 0.0272829 0.413633
0 0.269082 0.208473 0.0150598 0.0330099 0.41287
0 0.453128 0.253527 0.0191319 0.0295993 0.411422
0 0.489506 0.967804 0.0161617 0.0311349 0.409309
0 0.332826 0.224603 0.015434 0.024078 0.409232
0 0.88162 0.152438 0.0202736 0.0333712 0.405858
0 0.594761 0.899724 0.0115349 0.0218648 0.40516
0 0.680569 0.454274 0.0189777 0.0318121 0.404722
0 0.253814 0.757636 0.0225642 0.0475484 0.403877
0 0.851869 0.747899 0.0166622 0.0309082 0.403262
0 0.912581 0.829891 0.0169284 0.0217953 0.402812
0 0.772752 0.90984 0.0107187 0.0257172 0.402531
0 0.677023 0.783942 0.0198658 0.0350755 0.40217
0 0.762552 0.261269 0.017977 0.0365365 0.40214
0 0.647772 0.531345 0.020363 0.0314056 0.401572
0 0.736163 0.224911 0.0117479 0.0246381 0.400407
0 0.931547 0.348974 0.01493 0.0270416 0.399962
0 0.829379 0.778036 0.0185444 0.024174 0.399138
0 0.433461 0.289415 0.0172613 0.0266331 0.397613
0 0.994867 0.568624 0.0102659 0.0385883 0.397142
0 0.44336 0.0117376 0.0249598 0.0225518 0.396561
0 0.433134 0.285157 0.0187061 0.0356814 0.39637
0 0.428109 0.875516 0.0140713 0.0317954 0.396175
0 0.259956 0.357647 0.0192786 0.0329041 0.394607
0 0.509309 0.983138 0.013579 0.0266762 0.392482
0 0.062899 0.980993 0.0253157 0.0371412 0.390594
0 0.432914 0.274062 0.0190796 0.0380256 0.389721
0 0.219272 0.359405 0.0316424 0.0552918 0.388751
0 0.892975 0.352015 0.0205376 0.0337838 0.385652
0 0.275833 0.620091 0.0254762 0.0458644 0.38163
0 0.66891 0.043045 0.0183638 0.0397483 0.380982
0 0.912316 0.480156 0.0154863 0.0264125 0.380255
0 0.207656 0.803175 0.0261973 0.0497069 0.379466
0 0.590709 0.0599337 0.0124919 0.0282899 0.375166
0 0.774916 0.188012 0.0121775 0.0237412 0.375104
0 0.229793 0.634251 0.0265745 0.0440993 0.370642
0 0.564727 0.162841 0.0121991 0.0254797 0.36905
0 0.662113 0.0107735 0.0187666 0.020648 0.368492
0 0.350266 0.414697 0.0156876 0.0254649 0.367867
0 0.805258 0.786032 0.0154913 0.0192288 0.364542
0 0.820966 0.920396 0.0179207 0.031053 0.363985
0 0.022325 0.891151 0.019076 0.0387417 0.36224
0 0.625093 0.471199 0.0201778 0.032675 0.360519
0 0.495714 0.383752 0.0128717 0.0226015 0.360343
0 0.573114 0.468767 0.0190044 0.0324669 0.360283
0 0.528301 0.985824 0.0158144 0.0266923 0.360189
0 0.833701 0.58623 0.013813 0.0204518 0.359978
0 0.280243 0.678935 0.0286119 0.0422163 0.359721
0 0.0123612 0.971706 0.0198161 0.043894 0.357049
0 0.878158 0.95719 0.0202538 0.0322554 0.356768
0 0.234035 0.324687 0.0143883 0.0272404 0.355973
0 0.670921 0.534294 0.0185141 0.0292122 0.35542
0 0.214562 0.427658 0.016318 0.0297986 0.354255
0 0.490498 0.277672 0.0141079 0.0257236 0.354199
0 0.483636 0.330399 0.017524 0.0322166 0.353753
0 0.928002 0.480788 0.00991726 0.0235962 0.353358
0 0.342886 0.118616 0.0124853 0.0229909 0.352735
0 0.319021 0.830819 0.0142216 0.0175859 0.350799
0 0.634225 0.252496 0.0181931 0.027313 0.349937
0 0.511382 0.316946 0.0170366 0.0356866 0.349376
0 0.0585197 0.939109 0.0214868 0.0363529 0.348988
0 0.64909 0.379044 0.0149562 0.032099 0.348225
0 0.200411 0.956721 0.010815 0.0231248 0.347045
0 0.626511 0.971439 0.0135283 0.021123 0.346595
0 0.87884 0.258109 0.0182796 0.0243781 0.345378
0 0.892949 0.445004 0.0176792 0.0327114 0.344334
0 0.265166 0.017578 0.0129456 0.0250843 0.34253
0 0.599003 0.754828 0.00837746 0.0255044 0.342197
0 0.224032 0.857596 0.0228831 0.0425022 0.342048
0 0.880553 0.769222 0.0155591 0.0216624 0.340503
0 0.456349 0.878485 0.0217749 0.032218 0.34043
0 0.73693 0.464728 0.0259048 0.0439305 0.340391
0 0.445014 0.166912 0.0149452 0.0235562 0.336999
0 0.9465 0.670017 0.0147993 0.0289936 0.336532
0 0.458976 0.880557 0.0183258 0.0308977 0.335487
0 0.094118 0.847751 0.0210919 0.0360943 0.332457
0 0.969452 0.722462 0.0150841 0.0258336 0.331604
0 0.394349 0.0346189 0.0200335 0.0323967 0.330903
0 0.934139 0.803758 0.02062 0.0317217 0.328863
0 0.695368 0.119512 0.0114966 0.0218207 0.327672
0 0.581551 0.982418 0.0242242 0.0314473 0.327416
0 0.763083 0.145218 0.0234646 0.0370328 0.326298
0 0.567606 0.854202 0.0143244 0.0248437 0.324474
0 0.0873045 0.927279 0.0164859 0.0306441 0.322957
0 0.385253 0.622255 0.017966 0.0319473 0.321119
0 0.555208 0.841004 0.0128667 0.0327186 0.319013
0 0.475049 0.834666 0.0161106 0.0280902 0.314188
0 0.605385 0.253147 0.0225393 0.0394245 0.31312
0 0.749318 0.424034 0.0157048 0.0301473 0.312714
0 0.199935 0.459456 0.021845 0.0374719 0.310114
0 0.367645 0.980775 0.0111563 0.028576 0.3097
0 0.185203 0.97048 0.0186173 0.0343506 0.309558
0 0.581499 0.304613 0.0187483 0.0270963 0.308924
0 0.977444 0.486097 0.0159786 0.0354311 0.308002
0 0.551516 0.354513 0.0184935 0.0382306 0.306637
0 0.649627 0.691186 0.0132492 0.0231493 0.305711
0 0.714457 0.0972271 0.0185913 0.0296499 0.304539
0 0.201929 0.2932 0.0206064 0.0396018 0.303371
0 0.727239 0.653775 0.0135413 0.0232082 0.301783
0 0.797027 0.0437301 0.0179281 0.0354227 0.301428
0 0.263615 0.449283 0.0165981 0.0257331 0.301359
0 0.221756 0.363061 0.0254939 0.0478446 0.299101
0 0.818765 0.260076 0.0134167 0.024952 0.297913
0 0.383419 0.137659 0.0155168 0.0348827 0.297479
0 0.566573 0.689854 0.0185935 0.0416436 0.296768
0 0.719182 0.151978 0.0145517 0.0195094 0.296127
0 0.367528 0.815991 0.0147147 0.0272491 0.296084
0 0.337917 0.854511 0.0166376 0.0197908 0.294282
0 0.964462 0.777562 0.0179024 0.0259514 0.294009
0 0.815259 0.102914 0.0227985 0.0374319 0.293178
0 0.855646 0.172067 0.0189201 0.0367049 0.293037
0 0.27479 0.0481371 0.0135924 0.0400776 0.290832
0 0.205977 0.795474 0.0226314 0.0322583 0.290783
0 0.259033 0.408384 0.0238266 0.0345588 0.290479
0 0.38911 0.970621 0.015739 0.0198363 0.290138
0 0.584579 0.722287 0.0154964 0.0216823 0.289595
0 0.587547 0.0582816 0.0155186 0.0295191 0.288195
0 0.318099 0.832868 0.0168429 0.0165568 0.287662
0 0.92597 0.240135 0.0247608 0.0253138 0.287448
0 0.872137 0.798647 0.0137062 0.0238129 0.287159
0 0.298867 0.294462 0.0203364 0.0321408 0.286684
0 0.396573 0.659669 0.0140553 0.0251116 0.285028
0 0.604622 0.637654 0.0171848 0.0255208 0.283927
0 0.488181 0.576869 0.0205377 0.0310879 0.281015
0 0.82728 0.31328 0.0134167 0.0243813 0.280785
0 0.970332 0.985909 0.0188465 0.0273491 0.278004
0 0.784217 0.714204 0.0138815 0.0269674 0.277201
0 0.346002 0.0180788 0.0251523 0.0336179 0.27659
0 0.430253 0.0849724 0.0124651 0.0271106 0.276346
0 0.470319 0.454629 0.0189804 0.0341956 0.276056
0 0.311277 0.318778 0.01867 0.0334848 0.275708
0 0.599733 0.678108 0.0172298 0.0323502 0.273989
0 0.762265 0.526126 0.0176752 0.0343664 0.27333
0 0.245141 0.660095 0.0164964 0.0295912 0.272635
0 0.670611 0.781638 0.0295343 0.0403181 0.272567
0 0.29278 0.818658 0.0210543 0.022937 0.272511
0 0.713319 0.13643 0.0158185 0.0265676 0.272473
0 0.650128 0.126926 0.016184 0.0278406 0.271364
0 0.39771 0.885394 0.0196979 0.0296733 0.270833
0 0.734961 0.716715 0.0194648 0.027223 0.270007
0 0.462658 0.577781 0.0145852 0.0273435 0.269203
0 0.84407 0.240246 0.0209087 0.027059 0.268426
0 0.970591 0.667245 0.0249203 0.0357177 0.267993
0 0.705398 0.679268 0.0164272 0.0259613 0.267692
0 0.425269 0.332218 0.0160391 0.0277021 0.266002
0 0.762847 0.575236 0.0149551 0.0244163 0.265858
0 0.158887 0.88742 0.013536 0.0295573 0.264211
0 0.289301 0.962544 0.0161698 0.030881 0.263426
0 0.634852 0.167669 0.0175241 0.0251523 0.26326
0 0.668508 0.861174 0.0172128 0.0294384 0.262254
0 0.156606 0.88607 0.0155337 0.0309065 0.261919
0 0.686455 0.295206 0.018651 0.0357533 0.26159
0 0.841271 0.972237 0.024762 0.0359754 0.258865
0 0.229981 0.529604 0.0199145 0.0305175 0.258322
0 0.768019 0.355653 0.0172726 0.0318126 0.258261
0 0.554326 0.234017 0.0182791 0.0300749 0.257576
0 0.468751 0.364808 0.0189186 0.0380681 0.255866
0 0.716048 0.399506 0.0135686 0.0249149 0.254767
0 0.360246 0.52132 0.0149991 0.0296149 0.254217
0 0.377666 0.407573 0.0229933 0.0394653 0.25335
0 0.90616 0.298305 0.0144066 0.0267803 0.253061
0 0.204306 0.51746 0.0224178 0.0319015 0.250596
0 0.910453 0.789124 0.0170685 0.0274662 0.249947
0 0.94757 0.923154 0.0173958 0.0279697 0.249943
0 0.904945 0.0820514 0.0143631 0.031185 0.249879
0 0.624855 0.20725 0.0157383 0.0291617 0.249853
0 0.853467 0.409794 0.0197077 0.0260205 0.24871
0 0.741947 0.540672 0.0179394 0.0283784 0.247083
0 0.23114 0.283888 0.0208358 0.0369462 0.246314
0 0.316069 0.371202 0.0216734 0.0310853 0.244213
0 0.813492 0.740524 0.00864868 0.0218882 0.243835
0 0.371661 0.479339 0.0170203 0.0347502 0.243725
0 0.332732 0.589155 0.0166885 0.0215152 0.243537
0 0.245461 0.979972 0.0343307 0.0386293 0.243525
0 0.926338 0.519524 0.0198619 0.0291872 0.243103
0 0.377319 0.330471 0.0184624 0.0273296 0.242848
0 0.285828 0.571693 0.0180629 0.0284532 0.242573
0 0.279127 0.682819 0.0246164 0.0340037 0.242552
0 0.449661 0.97384 0.0198333 0.0380079 0.241892
0 0.558791 0.291852 0.0129772 0.022193 0.241759
0 0.755776 0.719915 0.0154575 0.0247209 0.241131
0 0.60843 0.0951218 0.0156586 0.0267073 0.240195
0 0.277186 0.986596 0.0160451 0.0247611 0.238398
0 0.94338 0.625966 0.0184696 0.0259574 0.238266
0 0.673634 0.143904 0.0189173 0.0272092 0.237571
0 0.351971 0.806985 0.014965 0.0177431 0.237412
0 0.444621 0.585805 0.0140362 0.0298265 0.236243
0 0.47876 0.79733 0.0129059 0.0195877 0.236204
0 0.739897 0.956761 0.014306 0.016996 0.234996
0 0.573014 0.821479 0.013327 0.0197868 0.23419
0 0.485269 0.0346778 0.0132527 0.0179042 0.233502
0 0.820007 0.490414 0.0165852 0.0266203 0.232411
0 0.115539 0.859889 0.013939 0.0298421 0.231682
0 0.476084 0.235304 0.0111838 0.0255447 0.231367
0 0.486073 0.326727 0.0202382 0.033296 0.231349
0 0.379737 0.793651 0.0186165 0.0301641 0.230848
0 0.683521 0.237277 0.0204128 0.0330267 0.230537
0 0.836878 0.985447 0.0285221 0.0277106 0.228969
0 0.99722 0.210674 0.00556068 0.0305032 0.228764
0 0.711091 0.475014 0.0157205 0.0244317 0.227457
0 0.991487 0.872486 0.0170263 0.0418162 0.225572
0 0.925966 0.311369 0.0246395 0.0347732 0.225123
0 0.343574 0.778393 0.0124565 0.0316983 0.220506
0 0.764641 0.635679 0.0164862 0.0303397 0.220329
0 0.757009 0.847099 0.0264071 0.050963 0.219908
0 0.53961 0.631186 0.0199675 0.0308985 0.218744
0 0.763781 0.00762517 0.0204894 0.0152503 0.218602
0 0.812351 0.884958 0.0134857 0.0241319 0.216888
0 0.545273 0.514262 0.0130974 0.0308379 0.216536
0 0.418798 0.0961625 0.0121101 0.0345899 0.21592
0 0.952047 0.927838 0.0151596 0.0273956 0.21591
0 0.555731 0.0150731 0.02043 0.0278515 0.214877
0 0.916096 0.208617 0.0162163 0.0247081 0.212835
0 0.807491 0.340314 0.0134763 0.0251927 0.212506
0 0.495142 0.638467 0.0262026 0.0499347 0.212249
0 0.354869 0.201667 0.0129166 0.0209869 0.211389
0 0.0596834 0.903359 0.0180762 0.0310235 0.210252
0 0.504226 0.0161593 0.0247791 0.0315629 0.208166
0 0.830467 0.424748 0.0158907 0.0221951 0.207385
0 0.414895 0.498915 0.0153226 0.0261308 0.206967
0 0.774424 0.910712 0.0117168 0.0305511 0.206607
0 0.0788608 0.89927 0.0151976 0.0246036 0.205224
0 0.52857 0.537938 0.0170008 0.0362486 0.204158
0 0.82814 0.685661 0.0135128 0.0207357 0.204138
0 0.764183 0.572383 0.0153624 0.0283893 0.203877
0 0.571346 0.820028 0.0118515 0.0187802 0.203036
0 0.573518 0.589019 0.0214649 0.0312363 0.201752
0 0.741767 0.0997681 0.012636 0.0235928 0.201561
0 0.489826 0.419046 0.0139408 0.0341734 0.199825
0 0.881005 0.0925748 0.0125969 0.0194256 0.199427
0 0.314659 0.260203 0.0225863 0.0465634 0.198561
0 0.78276 0.668438 0.012794 0.0211582 0.198405
0 0.498715 0.935776 0.017041 0.0223684 0.19816
0 0.392443 0.411423 0.0126486 0.0363452 0.197478
0 0.889451 0.442685 0.0196079 0.0331765 0.19738
0 0.134244 0.771903 0.0326853 0.0566457 0.197105
0 0.704155 0.673296 0.017175 0.0290486 0.197087
0 0.995714 0.506255 0.00857277 0.0263336 0.196287
0 0.457502 0.630341 0.017444 0.0273283 0.196211
0 0.395438 0.493245 0.0208924 0.0298316 0.195988
0 0.54122 0.601976 0.0249167 0.0337601 0.195418
0 0.894917 0.851147 0.00938797 0.0270162 0.195111
0 0.874097 0.372444 0.0154259 0.0332678 0.194096
0 0.890607 0.0511646 0.0190578 0.0279382 0.193797
0 0.719787 0.218025 0.0139378 0.0253852 0.192421
0 0.253952 0.47978 0.0197536 0.0338674 0.191914
0 0.460659 0.309824 0.024649 0.0458338 0.191107
0 0.799087 0.548979 0.0139923 0.0340183 0.191009
0 0.533301 0.496801 0.0128555 0.0266014 0.190715
0 0.699485 0.152286 0.0154488 0.0238889 0.190142
0 0.519759 0.46175 0.017708 0.034375 0.189513
0 0.925779 0.67412 0.0194397 0.0314666 0.188441
0 0.991453 0.962912 0.0166548 0.0297269 0.1884
0 0.837709 0.0134932 0.0295282 0.0266447 0.186814
0 0.784716 0.585873 0.0199415 0.0342172 0.185894
0 0.620587 0.864293 0.0183746 0.0349928 0.18562
0 0.266081 0.741805 0.0149407 0.0252491 0.184095
0 0.418309 0.374071 0.0116402 0.0232754 0.183931
0 0.497872 0.151948 0.0207059 0.0318644 0.183654
0 0.611077 0.863938 0.0189683 0.0308105 0.182772
0 0.153689 0.884904 0.0179004 0.0313917 0.18267
0 0.815671 0.552089 0.0203867 0.0290536 0.182551
0 0.761829 0.475918 0.0150323 0.0272064 0.179907
0 0.219047 0.484573 0.0207026 0.0355245 0.178983
0 0.827167 0.846685 0.0136953 0.0200616 0.178469
0 0.838428 0.976236 0.029528 0.0456568 0.178161
0 0.824354 0.215038 0.0113407 0.029033 0.177386
0 0.771054 0.873999 0.0148617 0.0194383 0.176049
0 0.610827 0.354735 0.0189287 0.0321665 0.173604
0 0.891056 0.492619 0.0200714 0.0266366 0.173119
0 0.281202 0.14572 0.0202769 0.0270069 0.171964
0 0.622937 0.205372 0.0192442 0.034931 0.171709
0 0.349046 0.2794 0.0147313 0.030037 0.171018
0 0.440781 0.899772 0.0145523 0.0175347 0.170844
0 0.479724 0.609744 0.0162832 0.0222293 0.169825
0 0.58106 0.831624 0.0160933 0.0269663 0.16899
0 0.226205 0.70065 0.0272403 0.0525323 0.168788
0 0.906727 0.616202 0.0127918 0.0267563 0.168565
0 0.605472 0.0347336 0.0158621 0.0287007 0.168458
0 0.661483 0.669929 0.0195751 0.0369422 0.168171
0 0.859713 0.193887 0.0134567 0.0243219 0.168076
0 0.398839 0.497853 0.0168134 0.031552 0.166867
0 0.280394 0.144563 0.0223379 0.0353319 0.166844
0 0.521962 0.0233371 0.0207724 0.0363844 0.166622
0 0.231527 0.194653 0.0231309 0.0429747 0.166145
0 0.907344 0.853406 0.0156433 0.0265276 0.166127
0 0.312262 0.144132 0.0155792 0.0263402 0.16567
0 0.558785 0.846379 0.00936114 0.0297472 0.164973
0 0.987892 0.0212143 0.0242161 0.0417919 0.164927
0 0.993022 0.569859 0.0139559 0.0374277 0.164919
0 0.908429 0.787973 0.0182934 0.0319422 0.164754
0 0.0400099 0.913365 0.0137787 0.026054 0.164507
0 0.204992 0.295746 0.0204272 0.0379583 0.16399
0 0.868211 0.448903 0.0148266 0.0280567 0.163882
0 0.540999 0.297418 0.0173227 0.0349458 0.162197
0 0.279583 0.494653 0.0163274 0.0260768 0.162094
0 0.501621 0.818175 0.0203409 0.0326901 0.161525
0 0.990612 0.602739 0.0178383 0.0214732 0.161265
0 0.892812 0.849505 0.0110344 0.0249034 0.160722
0 0.416663 0.0983357 0.0149803 0.0365473 0.160246
0 0.716245 0.100241 0.021804 0.0303351 0.160244
0 0.811486 0.74052 0.00999603 0.0219594 0.159841
0 0.265104 0.0680768 0.0161986 0.023596 0.158301
0 0.207648 0.810637 0.0239834 0.0417976 0.158198
0 0.281463 0.140651 0.019638 0.0247803 0.158181
0 0.0566148 0.937961 0.0259876 0.0441135 0.158155
0 0.942123 0.889559 0.0147606 0.01946 0.157341
0 0.767409 0.871712 0.0184587 0.0202362 0.155813
0 0.73452 0.14014 0.0162716 0.0327181 0.155812
0 0.758551 0.144426 0.0200633 0.0344179 0.155538
0 0.852241 0.172076 0.0204077 0.0374078 0.155529
0 0.421037 0.685281 0.0209089 0.0315433 0.15542
0 0.742579 0.657337 0.0175238 0.0246438 0.154956
0 0.11899 0.904933 0.0198492 0.0424172 0.154905
0 0.0888302 0.80224 0.0248638 0.0399596 0.154697
0 0.748606 0.785313 0.0188253 0.0288144 0.153465
0 0.2086 0.819073 0.0222466 0.0305679 0.153149
0 0.601794 0.824255 0.0141018 0.0199992 0.152761
0 0.499286 0.242153 0.0149057 0.0200439 0.152394
0 0.490172 0.827856 0.0125408 0.027673 0.152124
0 0.829706 0.42044 0.019257 0.0307566 0.15188
0 0.461377 0.0338826 0.0171375 0.0196146 0.151695
0 0.283344 0.497239 0.0210601 0.0235827 0.151572
0 0.491462 0.223338 0.0135551 0.0223344 0.151445
0 0.0394872 0.863768 0.0168767 0.0251099 0.150059
0 0.599288 0.697029 0.0175652 0.0240573 0.14994
0 0.95259 0.244373 0.0153304 0.0215368 0.149758
0 0.61462 0.86457 0.0241614 0.0327786 0.14964
0 0.454152 0.41788 0.0125053 0.0215854 0.148409
0 0.997664 0.83159 0.00467224 0.0367978 0.147549
0 0.517117 0.402285 0.0160879 0.0311198 0.146398
0 0.414293 0.662608 0.0143408 0.0171426 0.146013
0 0.834774 0.366167 0.016954 0.0233075 0.145975
0 0.578249 0.826939 0.0143328 0.0234578 0.145915
0 0.4623 0.30436 0.0264863 0.0443746 0.144752
0 0.799871 0.543769 0.0159321 0.0351318 0.144628
0 0.486222 0.185907 0.0112841 0.0209977 0.143328
0 0.285993 0.961826 0.0176091 0.0306322 0.143319
0 0.0609996 0.910079 0.0191813 0.0243052 0.142514
0 0.265666 0.0720096 0.0169806 0.0299453 0.142497
0 0.67862 0.101454 0.0140288 0.0191484 0.141845
0 0.881745 0.0959877 0.0109055 0.0286665 0.14123
0 0.80833 0.0351792 0.0143345 0.0314013 0.140828
0 0.583087 0.871809 0.0152555 0.0292006 0.140282
0 0.965621 0.252937 0.0118549 0.0182738 0.139052
0 0.704782 0.727514 0.018573 0.0326369 0.139035
0 0.00970003 0.979277 0.0185793 0.03917 0.137927
0 0.825485 0.224235 0.00917994 0.0406651 0.137823
0 0.816744 0.0727659 0.0179556 0.0294405 0.13668
0 0.814668 0.743625 0.00747452 0.0272984 0.136612
0 0.992884 0.635441 0.0142326 0.0376365 0.136489
0 0.705374 0.279548 0.0177851 0.0277812 0.136323
0 0.277771 0.392644 0.0127142 0.0208271 0.136313
0 0.610805 0.534089 0.0144048 0.0243212 0.136031
0 0.983271 0.701947 0.0163715 0.0170136 0.135895
0 0.606508 0.860045 0.0156778 0.0295393 0.135773
0 0.606529 0.639034 0.0124268 0.0256431 0.135666
0 0.287479 0.524481 0.0180569 0.0261948 0.135607
0 0.944828 0.921201 0.0178747 0.0263852 0.13532
0 0.268156 0.739694 0.0144239 0.0249262 0.135303
0 0.993831 0.875103 0.0123375 0.043494 0.135249
0 0.257812 0.75148 0.0238379 0.0405229 0.134785
0 0.824135 0.623923 0.0212886 0.0331191 0.134713
0 0.379209 0.135782 0.020545 0.0369819 0.134311
0 0.170748 0.869101 0.00991585 0.0221171 0.13426
0 0.954845 0.929682 0.0139507 0.0270065 0.133946
0 0.90974 0.855 0.0152979 0.0237145 0.133768
0 0.482085 0.506783 0.0193266 0.0291052 0.13275
0 0.501475 0.939496 0.0184351 0.0233274 0.132625
0 0.441361 0.787446 0.0174189 0.0341543 0.132251
0 0.252801 0.51103 0.0166663 0.0282465 0.131924
0 0.88972 0.790834 0.0153118 0.0250058 0.131746
0 0.682873 0.348526 0.0163743 0.0146458 0.131568
0 0.765118 0.142169 0.0286749 0.044518 0.131341
0 0.394545 0.0933603 0.0350287 0.0527993 0.131093
0 0.570149 0.77512 0.0134251 0.0205751 0.13098
0 0.93381 0.440765 0.0190655 0.0314758 0.130716
0 0.42821 0.647578 0.0156763 0.0289219 0.13041
0 0.474717 0.235521 0.0117581 0.0299658 0.13026
0 0.239725 0.191221 0.0113715 0.0400467 0.129292
0 0.482187 0.611249 0.0173697 0.0228157 0.129154
0 0.891794 0.0488147 0.0225452 0.0343611 0.128399
0 0.619755 0.204314 0.0179037 0.0306945 0.128264
0 0.519431 0.406941 0.0161756 0.030543 0.127924
0 0.643335 0.0365406 0.0113028 0.0213596 0.127418
0 0.813854 0.819413 0.0193523 0.0275825 0.127013
0 0.774294 0.874655 0.0132692 0.0198242 0.126659
0 0.101562 0.987069 0.0250847 0.0251356 0.126202
0 0.920924 0.238681 0.0166145 0.0244335 0.125953
0 0.884627 0.378804 0.0143257 0.0257055 0.125049
0 0.270865 0.0968549 0.0176772 0.0328568 0.12439
0 0.379231 0.450986 0.0166454 0.0282198 0.124369
0 0.278204 0.733483 0.0135593 0.0245761 0.124085
0 0.238263 0.49705 0.0164737 0.0327354 0.123987
0 0.144691 0.937693 0.0143596 0.0278523 0.123643
0 0.0169063 0.89075 0.0291973 0.0429388 0.123489
0 0.600404 0.688199 0.0165501 0.0345555 0.122884
0 0.94173 0.20769 0.0230927 0.0356031 0.122752
0 0.99399 0.50757 0.0120205 0.0246108 0.122505
0 0.467945 0.380978 0.0192906 0.0238915 0.122447
0 0.376101 0.0246111 0.0232744 0.0293912 0.122432
0 0.829378 0.987976 0.0166149 0.022777 0.122189
0 0.860555 0.199362 0.0116137 0.0247944 0.122068
0 0.871793 0.992036 0.01521 0.0150524 0.121924
0 0.730777 0.14338 0.0158348 0.0290094 0.121859
0 0.453898 0.787762 0.032625 0.0456492 0.121525
0 0.236045 0.193162 0.0162664 0.0404605 0.121359
0 0.650949 0.37578 0.0150911 0.0360095 0.120849
0 0.623018 0.38745 0.0192318 0.0252528 0.120593
0 0.921361 0.00589707 0.0147203 0.0116592 0.12058
0 0.138779 0.77323 0.0248808 0.0547848 0.120363
0 0.895367 0.44707 0.0170525 0.0327199 0.120277
0 0.432419 0.0859056 0.0118734 0.0287078 0.120089
0 0.974077 0.625486 0.0164856 0.0278184 0.120059
0 0.792895 0.374436 0.0203787 0.0357734 0.119554
0 0.592149 0.426323 0.0172477 0.03174 0.11947
0 0.518136 0.576399 0.0141163 0.0206951 0.119238
0 0.965732 0.72031 0.0151672 0.024025 0.118951
0 0.71688 0.147525 0.0139145 0.0212458 0.118778
0 0.857231 0.186548 0.017145 0.0331272 0.11863
0 0.619649 0.543832 0.0162413 0.0241079 0.118621
0 0.0717809 0.853631 0.0162271 0.0291246 0.11858
0 0.76409 0.85729 0.0200977 0.0447839 0.118436
0 0.466873 0.388292 0.0205151 0.0265905 0.118144
0 0.507115 0.157777 0.0121452 0.0243135 0.118052
0 0.761511 0.727503 0.0155432 0.0205868 0.117928
0 0.813209 0.390166 0.0153276 0.0318423 0.117485
0 0.589654 0.802149 0.0134094 0.0167461 0.11702
0 0.395317 0.487 0.022625 0.0310154 0.116363
0 0.160138 0.845707 0.0130409 0.0306437 0.115887
0 0.352433 0.909717 0.013449 0.0254912 0.115484
0 0.411001 0.425529 0.0207346 0.0376689 0.115216
0 0.433546 0.650018 0.0141347 0.027926 0.115135
0 0.182406 0.880652 0.0154527 0.0335578 0.114694
0 0.252089 0.186511 0.0144403 0.0308264 0.114482
0 0.93605 0.344522 0.0221663 0.0334124 0.114432
0 0.914836 0.478523 0.0124777 0.0289154 0.114335
0 0.601072 0.636561 0.0218853 0.0275844 0.113798
0 0.316953 0.831227 0.0189933 0.02093 0.1137
0 0.67464 0.987268 0.0173681 0.0244225 0.113487
0 0.854379 0.941601 0.0193417 0.0290634 0.113161
0 0.602731 0.454967 0.0166464 0.0236636 0.113143
0 0.726585 0.689102 0.0166912 0.0240822 0.11288
0 0.597889 0.68806 0.0202145 0.0380419 0.112441
0 0.417877 0.621813 0.0101661 0.0302032 0.111323
0 0.830967 0.0501052 0.019283 0.0244946 0.111225
0 0.923646 0.48038 0.0117727 0.0273668 0.111197
0 0.947572 0.968748 0.0206953 0.0424438 0.111196
0 0.99349 0.0604046 0.0130209 0.0325952 0.110591
0 0.59211 0.799195 0.0113308 0.0201241 0.110199
0 0.969361 0.598467 0.0147461 0.0207405 0.110174
0 0.0852046 0.930504 0.0192058 0.0368269 0.110068
0 0.604946 0.304997 0.0179277 0.0342922 0.110013
0 0.76494 0.0100212 0.020433 0.0195725 0.109714
0 0.593512 0.89788 0.0114838 0.0219215 0.109682
0 0.336067 0.272026 0.0213935 0.0300533 0.108692
0 0.546477 0.906168 0.0187395 0.0380386 0.108507
0 0.444269 0.377759 0.0229069 0.0360197 0.108102
0 0.76172 0.851661 0.0287594 0.0553445 0.107678
0 0.23664 0.496026 0.0147447 0.0258625 0.107208
0 0.951774 0.301626 0.0183332 0.0243404 0.107079
0 0.329323 0.772504 0.020083 0.0357561 0.10693
0 0.798886 0.745374 0.0158342 0.0217638 0.106929
0 0.175742 0.375068 0.0193326 0.0341053 0.106844
0 0.624822 0.861983 0.0140594 0.0338209 0.106836
0 0.782529 0.0781849 0.00979881 0.0246503 0.106283
0 0.747237 0.422031 0.0166397 0.032674 0.106141
0 0.268211 0.8617 0.0133852 0.024431 0.106099
0 0.706393 0.689701 0.0139601 0.0207232 0.105982
0 0.861645 0.44974 0.0251802 0.0288608 0.105646
0 0.77042 0.911158 0.0123037 0.0311581 0.105573
0 0.809921 0.0316981 0.0160519 0.0359441 0.105385
0 0.686451 0.510926 0.0150444 0.0151764 0.105336
0 0.969099 0.562069 0.0141562 0.0207932 0.105303
0 0.965777 0.257134 0.0126785 0.0165684 0.105096
0 0.884437 0.775369 0.0217688 0.0318914 0.10509
0 0.887991 0.694783 0.0145763 0.0255987 0.105047
0 0.450702 0.876574 0.0225424 0.0307278 0.104733
0 0.502525 0.823596 0.0213657 0.0410989 0.104719
0 0.378423 0.798027 0.0206068 0.0369346 0.104631
0 0.757733 0.790905 0.0142501 0.0299525 0.104534
0 0.599108 0.852561 0.0138572 0.0245582 0.104235
0 0.0674731 0.853715 0.0163246 0.0292338 0.103778
0 0.652025 0.127581 0.0146118 0.024398 0.103776
0 0.768545 0.867129 0.0177835 0.0291829 0.103593
0 0.306483 0.993968 0.0300653 0.01132 0.10297
0 0.926425 0.312634 0.019882 0.0296707 0.102142
0 0.584249 0.025326 0.0196333 0.0220338 0.101914
0 0.506822 0.429632 0.0127943 0.0236502 0.101904
0 0.144478 0.942374 0.0161529 0.0270932 0.101869
0 0.569755 0.851411 0.0154175 0.023746 0.101607
0 0.740522 0.463766 0.0206342 0.041312 0.101563
0 0.834057 0.273111 0.0181587 0.0328979 0.101209
0 0.688837 0.962328 0.0129917 0.0198421 0.101206
0 0.41391 0.495408 0.0153435 0.0337472 0.101167
0 0.631893 0.500658 0.0201499 0.021682 0.101015
0 0.862767 0.197397 0.0123767 0.0312678 0.100878
0 0.68952 0.508404 0.0156652 0.0192405 0.100706
0 0.168675 0.867738 0.016491 0.0255679 0.100685
0 0.131658 0.947176 0.0165146 0.0307843 0.100654
0 0.0783788 0.893058 0.0125513 0.0303975 0.100646
0 0.467969 0.385145 0.018961 0.0219281 0.100366
0 0.614145 0.653138 0.0104824 0.02274 0.100246
0 0.814562 0.209338 0.010824 0.0262691 0.100067
0 0.593534 0.05796 0.0108595 0.0276807 0.100036
