0 0.899614 0.930246 0.0207466 0.0318668 0.68531
0 0.919941 0.425728 0.029155 0.0473962 0.673544
0 0.76975 0.903888 0.0237401 0.039054 0.667183
0 0.989442 0.345073 0.0202927 0.0336688 0.66643
0 0.827663 0.458756 0.0209572 0.0428362 0.663798
0 0.7944 0.484857 0.0254775 0.0433679 0.660432
0 0.821498 0.807155 0.0272064 0.0528956 0.658525
0 0.940466 0.503435 0.0253147 0.0509969 0.657752
0 0.268744 0.101829 0.0272271 0.0503754 0.654957
0 0.777831 0.663162 0.0206989 0.0264749 0.648436
0 0.956549 0.465768 0.0217224 0.0390366 0.64329
0 0.742425 0.897983 0.018643 0.0356801 0.642583
0 0.739514 0.525202 0.0228085 0.0468697 0.641738
0 0.759735 0.440085 0.0217538 0.0365662 0.640221
0 0.937646 0.560716 0.0186873 0.0340746 0.630913
0 0.843984 0.979935 0.0380559 0.0385281 0.628259
0 0.820816 0.6645 0.0286545 0.0521196 0.62763
0 0.853399 0.698596 0.0272919 0.0532369 0.627545
0 0.979401 0.512275 0.019236 0.0397603 0.620774
0 0.990517 0.58544 0.0175297 0.0268297 0.61196
0 0.904005 0.968745 0.0175495 0.029325 0.60771
0 0.797009 0.795065 0.0171013 0.0279483 0.605226
0 0.115443 0.23208 0.0171308 0.0340765 0.602322
0 0.13622 0.0948403 0.0181347 0.0321474 0.601908
0 0.238016 0.230926 0.0238615 0.0466322 0.597732
0 0.799993 0.93952 0.0220318 0.0325442 0.597539
0 0.928829 0.927838 0.0162815 0.027142 0.597156
0 0.690056 0.712781 0.0160703 0.0308534 0.595467
0 0.207913 0.0262319 0.0342232 0.0517334 0.595356
0 0.874418 0.602264 0.0222248 0.0311033 0.593185
0 0.892847 0.544888 0.0230858 0.0498491 0.592976
0 0.839762 0.364896 0.01877 0.0264221 0.587314
0 0.952565 0.893877 0.0170017 0.0226957 0.577733
0 0.78491 0.5279 0.0162519 0.0303819 0.577071
0 0.932482 0.611249 0.0225857 0.0388865 0.573733
0 0.951752 0.788691 0.0164191 0.0248827 0.573249
0 0.0271772 0.0184739 0.0196953 0.034503 0.569337
0 0.765897 0.574164 0.0165487 0.0315754 0.568024
0 0.0336461 0.243374 0.0220974 0.0438135 0.563005
0 0.245406 0.28762 0.0186625 0.0382793 0.562503
0 0.660913 0.568471 0.0169741 0.0349965 0.559075
0 0.0523018 0.129421 0.0156404 0.0334307 0.557336
0 0.245564 0.17333 0.0232048 0.0398112 0.556382
0 0.92297 0.0672429 0.0182747 0.0350492 0.554693
0 0.990354 0.0227547 0.0192911 0.0430213 0.554668
0 0.960798 0.355228 0.0225761 0.0379327 0.554192
0 0.936946 0.806987 0.0150536 0.0274035 0.552701
0 0.853635 0.515107 0.0239315 0.0494406 0.551827
0 0.702451 0.596617 0.0162654 0.0280277 0.549274
0 0.952265 0.404309 0.0177391 0.0320739 0.547396
0 0.815067 0.9139 0.0202114 0.0245877 0.545217
0 0.804334 0.540306 0.017618 0.0282073 0.544571
0 0.977113 0.213452 0.0139088 0.023956 0.541853
0 0.743075 0.952704 0.0218308 0.0324706 0.541809
0 0.791033 0.639126 0.0134902 0.0203255 0.535435
0 0.924146 0.751631 0.0249853 0.041018 0.535364
0 0.957347 0.569341 0.0185902 0.0340669 0.527022
0 0.797119 0.337974 0.0336243 0.0491948 0.525679
0 0.0871143 0.370948 0.0181827 0.030793 0.52476
0 0.990799 0.798628 0.0184012 0.0255371 0.521579
0 0.891803 0.796076 0.0175648 0.0355906 0.521343
0 0.876251 0.507031 0.0206562 0.0460393 0.521191
0 0.95261 0.86359 0.0122513 0.0193782 0.518382
0 0.0955114 0.156004 0.0131965 0.0297627 0.511306
0 0.652949 0.981407 0.0240379 0.0354011 0.510134
0 0.0933041 0.120802 0.0165344 0.028099 0.505484
0 0.843283 0.59574 0.0201603 0.0287174 0.500714
0 0.0682572 0.0853477 0.0183537 0.0267966 0.499503
0 0.82289 0.575808 0.017173 0.0334815 0.49455
0 0.0694125 0.34883 0.0187615 0.0338007 0.490199
0 0.179739 0.248954 0.0212467 0.0327931 0.489055
0 0.219814 0.165259 0.0205113 0.0397593 0.488267
0 0.740768 0.85204 0.0191528 0.0249025 0.485654
0 0.917701 0.78828 0.0170761 0.0247105 0.484154
0 0.877274 0.856409 0.0149555 0.0260227 0.477115
0 0.861547 0.954311 0.0138654 0.0213931 0.475636
0 0.718395 0.632266 0.0156013 0.026249 0.466703
0 0.903897 0.336985 0.0254013 0.0468005 0.465673
0 0.226377 0.510537 0.02302 0.0423679 0.46524
0 0.856008 0.893079 0.0187204 0.0319916 0.462497
0 0.889692 0.39559 0.0273026 0.0425564 0.460058
0 0.775313 0.701549 0.0219206 0.035336 0.457637
0 0.681242 0.553683 0.0181601 0.0305381 0.457556
0 0.608932 0.979441 0.0204454 0.0371824 0.456641
0 0.112141 0.0471884 0.0189903 0.0335096 0.454359
0 0.648298 0.860129 0.022353 0.0366855 0.450218
0 0.836024 0.504493 0.0163303 0.0318687 0.443393
0 0.989245 0.686516 0.0138878 0.0212341 0.438314
0 0.154625 0.144429 0.0239074 0.0442883 0.437401
0 0.97474 0.416009 0.0162089 0.0282218 0.432092
0 0.23864 0.327048 0.0179506 0.0349196 0.428525
0 0.807044 0.605048 0.0195972 0.0239288 0.428439
0 0.710204 0.714499 0.0175694 0.0261268 0.427491
0 0.759239 0.543708 0.0147778 0.0217275 0.422625
0 0.0541317 0.369334 0.0131422 0.0269073 0.422137
0 0.133766 0.216144 0.0146179 0.0251751 0.420943
0 0.956589 0.212764 0.0175402 0.0315414 0.417914
0 0.993952 0.975613 0.0120956 0.0289016 0.417682
0 0.909652 0.466693 0.0262959 0.0436742 0.414118
0 0.91425 0.54398 0.0177644 0.0360079 0.411867
0 0.866905 0.803309 0.0255556 0.0381473 0.407792
0 0.93262 0.240788 0.0239681 0.0496503 0.407428
0 0.691321 0.657289 0.0174738 0.0383965 0.405783
0 0.897076 0.284886 0.0224971 0.0363578 0.404947
0 0.652135 0.646537 0.0123044 0.0316098 0.399499
0 0.180072 0.157806 0.0167667 0.0343845 0.398186
0 0.715751 0.431035 0.016854 0.0306229 0.393128
0 0.850218 0.46006 0.0178501 0.0300254 0.391117
0 0.0583618 0.311371 0.0151684 0.0268719 0.386781
0 0.744188 0.666575 0.0255735 0.0450617 0.385249
0 0.842152 0.765573 0.0227551 0.0399648 0.382207
0 0.688881 0.749018 0.0160309 0.0259145 0.382103
0 0.959718 0.926569 0.0147987 0.02137 0.381477
0 0.993201 0.296321 0.0135977 0.0239009 0.379673
0 0.985984 0.270062 0.0161007 0.0303363 0.374083
0 0.261364 0.0361727 0.0172121 0.031081 0.373195
0 0.215148 0.288955 0.0253643 0.0425782 0.371602
0 0.10972 0.082696 0.0138794 0.0238308 0.369042
0 0.120229 0.12868 0.024219 0.0305071 0.36516
0 0.774751 0.501333 0.0142396 0.022148 0.364792
0 0.155841 0.028325 0.0204797 0.0297848 0.364623
0 0.048587 0.173666 0.0201259 0.0275284 0.362529
0 0.930099 0.0112055 0.0282269 0.021277 0.362018
0 0.0774556 0.311309 0.0155173 0.032333 0.357754
0 0.134045 0.254247 0.0142287 0.0243926 0.353144
0 0.091313 0.293478 0.0179094 0.032451 0.351892
0 0.907324 0.592018 0.0172573 0.0279601 0.351139
0 0.80873 0.45066 0.0144917 0.0272432 0.349316
0 0.719623 0.970437 0.0262189 0.0414773 0.349097
0 0.726757 0.715775 0.011673 0.0224369 0.346102
0 0.0933633 0.402577 0.0139195 0.0293701 0.344908
0 0.897 0.481792 0.0189123 0.0318719 0.342837
0 0.99412 0.903084 0.0117607 0.0354574 0.336394
0 0.965639 0.760461 0.0166935 0.0213031 0.335078
0 0.99705 0.633934 0.00590038 0.0448095 0.334375
0 0.210447 0.209231 0.0233574 0.0397881 0.334069
0 0.992296 0.199062 0.0154089 0.0328655 0.330359
0 0.863348 0.560909 0.0239189 0.0268884 0.328969
0 0.218175 0.0704264 0.0165276 0.0334706 0.325097
0 0.0497175 0.0610663 0.0289582 0.0440605 0.324036
0 0.166099 0.281582 0.0156885 0.0294434 0.324021
0 0.992757 0.400143 0.0144859 0.033 0.323032
0 0.0557311 0.0615731 0.0175915 0.0339029 0.322397
0 0.137235 0.0368674 0.0150655 0.0329436 0.319794
0 0.0867453 0.05541 0.013284 0.0240501 0.318774
0 0.692765 0.963927 0.0234177 0.0336901 0.3164
0 0.958782 0.116418 0.0216 0.0358293 0.310606
0 0.741556 0.817461 0.018631 0.0327752 0.310474
0 0.765566 0.86145 0.0144187 0.0279178 0.306194
0 0.855163 0.421401 0.0197191 0.0326175 0.299073
0 0.819187 0.524449 0.014652 0.0264966 0.298818
0 0.0742262 0.252131 0.0142117 0.031159 0.298314
0 0.0701015 0.22287 0.0156017 0.0237737 0.292766
0 0.0514929 0.17245 0.020949 0.0289632 0.292663
0 0.255034 0.143812 0.0165382 0.0246844 0.289444
0 0.0126577 0.160351 0.0182124 0.0269845 0.287119
0 0.0720616 0.130703 0.0196872 0.0285959 0.28533
0 0.211226 0.337798 0.026672 0.0419039 0.284151
0 0.157944 0.105773 0.0151976 0.0173459 0.281679
0 0.997117 0.496224 0.00576687 0.0364237 0.281299
0 0.950693 0.959399 0.0127441 0.0206092 0.28083
0 0.771435 0.478291 0.0149132 0.0243419 0.28025
0 0.63458 0.952535 0.0241507 0.0429179 0.276194
0 0.0106264 0.285542 0.0211736 0.0357848 0.271032
0 0.703715 0.560486 0.015565 0.0276239 0.270495
0 0.0758944 0.407485 0.0142044 0.0269551 0.270157
0 0.116607 0.127108 0.0222483 0.0314156 0.267585
0 0.77582 0.81326 0.0172843 0.024194 0.263531
0 0.978427 0.070847 0.0175114 0.0337264 0.260612
0 0.0549086 0.171754 0.0176602 0.0288762 0.260463
0 0.154313 0.382792 0.0179349 0.0266201 0.256964
0 0.798124 0.582768 0.0167194 0.0231441 0.25654
0 0.0918493 0.235349 0.0196321 0.0351095 0.25566
0 0.75886 0.399461 0.0198261 0.0391791 0.251131
0 0.977647 0.31285 0.0138264 0.01792 0.250435
0 0.704057 0.798767 0.0170583 0.0301724 0.247809
0 0.00571976 0.195614 0.0112038 0.031535 0.246274
0 0.941655 0.297727 0.0289745 0.0419251 0.242776
0 0.863127 0.366366 0.0180561 0.0256078 0.241336
0 0.939803 0.0912668 0.0127644 0.0256181 0.239317
0 0.995099 0.719089 0.00980244 0.0291168 0.23835
0 0.822769 0.74636 0.0216362 0.0387027 0.235506
0 0.843982 0.862785 0.0162422 0.0153605 0.232595
0 0.683887 0.803373 0.0180466 0.0354454 0.232428
0 0.920488 0.0611663 0.0208828 0.0350063 0.229194
0 0.138657 0.0403183 0.0167736 0.0331095 0.227392
0 0.0249586 0.116896 0.0309204 0.0529167 0.226154
0 0.245541 0.0691143 0.0266453 0.0390357 0.225234
0 0.158897 0.144283 0.0163405 0.0369412 0.224513
0 0.760019 0.791502 0.019561 0.0313283 0.221981
0 0.0915795 0.123945 0.0184337 0.0286608 0.220434
0 0.979564 0.84546 0.0298637 0.0369113 0.2173
0 0.95953 0.0807543 0.0188431 0.0320979 0.216892
0 0.873558 0.703898 0.0155277 0.031538 0.216851
0 0.12395 0.131153 0.021243 0.0274486 0.215006
0 0.154574 0.321736 0.0168991 0.0339413 0.209808
0 0.0166231 0.05589 0.0190463 0.0318537 0.209162
0 0.133946 0.318202 0.0242239 0.036357 0.207781
0 0.133426 0.405617 0.0156861 0.028968 0.206719
0 0.939511 0.0404109 0.0149372 0.0223421 0.205701
0 0.7864 0.759658 0.0204206 0.033129 0.204894
0 0.245449 0.00845012 0.0321649 0.0162503 0.203867
0 0.276833 0.0109749 0.0222693 0.0212324 0.202634
0 0.773779 0.811172 0.0176214 0.0244364 0.197877
0 0.09315 0.295728 0.022549 0.034828 0.196692
0 0.87632 0.703806 0.0190296 0.0332309 0.196403
0 0.904836 0.470302 0.0352922 0.0475694 0.195667
0 0.0550227 0.27905 0.0148371 0.022675 0.194253
0 0.763758 0.634489 0.0135015 0.0216858 0.193422
0 0.789015 0.408877 0.0168087 0.03514 0.192761
0 0.158656 0.0316473 0.024815 0.0377414 0.192398
0 0.836358 0.419024 0.0177204 0.0243567 0.190209
0 0.186398 0.128382 0.016954 0.0236472 0.189991
0 0.0836599 0.368301 0.018747 0.0305866 0.189441
0 0.958688 0.257326 0.0282417 0.0488374 0.188195
0 0.916703 0.0332977 0.0233944 0.0338765 0.187988
0 0.159951 0.422081 0.019325 0.0365477 0.186617
0 0.796416 0.863323 0.0175509 0.0302236 0.185555
0 0.987993 0.267688 0.0185095 0.0310861 0.18488
0 0.92764 0.337835 0.0231184 0.0397367 0.184114
0 0.281542 0.0527999 0.0204559 0.0415489 0.180217
0 0.86358 0.642006 0.0114336 0.0198047 0.178219
0 0.0586501 0.398035 0.0197933 0.0301985 0.17821
0 0.0719212 0.404235 0.0200402 0.0342424 0.177588
0 0.989231 0.465756 0.0169294 0.0228349 0.177441
0 0.995666 0.161742 0.00866718 0.0304618 0.176754
0 0.773656 0.477003 0.0130723 0.0254754 0.175729
0 0.16923 0.478355 0.0182773 0.0406409 0.174244
0 0.0596542 0.0712244 0.0115928 0.0311026 0.173178
0 0.960652 0.0870626 0.0205988 0.0252888 0.172231
0 0.668112 0.74312 0.0155128 0.0352254 0.168385
0 0.926907 0.387128 0.0168942 0.0270699 0.167263
0 0.215638 0.0257464 0.0204391 0.0414895 0.165176
0 0.962114 0.656226 0.0169666 0.0314794 0.164057
0 0.234499 0.469671 0.0279631 0.0418655 0.163943
0 0.944992 0.685302 0.024231 0.0361851 0.163919
0 0.130924 0.341201 0.0235828 0.0450726 0.162343
0 0.22459 0.13097 0.0226624 0.0283352 0.161181
0 0.202337 0.152329 0.0161951 0.0305172 0.160174
0 0.9605 0.53266 0.0160046 0.0224577 0.158984
0 0.142847 0.0519186 0.0160761 0.0211437 0.158027
0 0.956806 0.114879 0.0263308 0.0440393 0.154433
0 0.91106 0.107352 0.0138859 0.0279825 0.153895
0 0.0502012 0.0426458 0.0214476 0.0366515 0.151862
0 0.140465 0.047035 0.0148432 0.0249366 0.151232
0 0.902957 0.197868 0.0222702 0.0419172 0.147346
0 0.918923 0.0302839 0.020294 0.0352687 0.147151
0 0.0844145 0.155098 0.0251884 0.0287529 0.14699
0 0.107798 0.40665 0.0188221 0.0321221 0.146477
0 0.0909277 0.0930741 0.0154595 0.024144 0.146007
0 0.132436 0.334839 0.025664 0.0544105 0.144157
0 0.0166197 0.163318 0.022567 0.0305517 0.1431
0 0.995739 0.49909 0.00852242 0.0370558 0.142599
0 0.695447 0.520949 0.0172515 0.0355245 0.141426
0 0.865492 0.364899 0.0188625 0.0278067 0.138781
0 0.241623 0.416726 0.0196788 0.0398986 0.137553
0 0.965247 0.755382 0.018977 0.0302192 0.137188
0 0.132463 0.186854 0.0205155 0.0286148 0.137019
0 0.934139 0.337636 0.0348785 0.04177 0.135964
0 0.175258 0.506541 0.0220869 0.0324191 0.135041
0 0.684006 0.990833 0.0357554 0.0176965 0.134486
0 0.604035 0.933022 0.0178279 0.0445258 0.134194
0 0.681855 0.800429 0.0212924 0.0428619 0.134083
0 0.9186 0.0393886 0.0219639 0.03471 0.133675
0 0.994496 0.0639896 0.0110083 0.0367116 0.133076
0 0.811278 0.451387 0.0124771 0.0298233 0.132939
0 0.0939173 0.240455 0.0181379 0.0352838 0.132819
0 0.782498 0.433275 0.0125597 0.017756 0.132362
0 0.228522 0.12837 0.0260913 0.0327243 0.132085
0 0.916761 0.547369 0.0199459 0.0369257 0.131544
0 0.667855 0.711033 0.00959988 0.0227785 0.130626
0 0.986671 0.462916 0.0150629 0.0248269 0.130302
0 0.136985 0.31663 0.0189505 0.0328054 0.1298
0 0.780285 0.435304 0.0129791 0.0234905 0.129436
0 0.724677 0.715033 0.0145873 0.02573 0.129093
0 0.8732 0.804713 0.0141678 0.0366536 0.125702
0 0.983778 0.734121 0.0170883 0.0296271 0.12551
0 0.0256047 0.17321 0.0182087 0.0289008 0.125247
0 0.963876 0.00756932 0.0286675 0.01487 0.124829
0 0.975165 0.312644 0.0141609 0.017583 0.124556
0 0.799784 0.447484 0.0213429 0.0249813 0.123377
0 0.182163 0.205731 0.0170785 0.0282573 0.123364
0 0.0943859 0.0255399 0.0180964 0.0301411 0.121144
0 0.168654 0.329088 0.0132609 0.0341966 0.120807
0 0.750905 0.615424 0.0253571 0.0363056 0.120528
0 0.881314 0.399734 0.0178627 0.0338839 0.119276
0 0.917146 0.257128 0.0203838 0.0383054 0.118568
0 0.202824 0.254307 0.0202768 0.0313936 0.117202
0 0.0923937 0.0281844 0.0176304 0.0315043 0.116657
0 0.0310588 0.202419 0.0151253 0.0250536 0.115902
0 0.121384 0.00553103 0.0166042 0.0110621 0.115621
0 0.038044 0.273248 0.0136985 0.0174806 0.115618
0 0.990529 0.102365 0.0172874 0.0268804 0.115434
0 0.0451347 0.175364 0.0166609 0.0258358 0.11501
0 0.935731 0.31636 0.0439301 0.083523 0.11469
0 0.0904033 0.403559 0.0173641 0.0290314 0.114575
0 0.722196 0.669923 0.0123174 0.024628 0.114085
0 0.770628 0.807474 0.0148624 0.0231625 0.113073
0 0.197108 0.538683 0.0316052 0.0470138 0.112747
0 0.668482 0.746512 0.0118061 0.0324849 0.11217
0 0.723241 0.930856 0.0256592 0.0328964 0.111809
0 0.885082 0.399417 0.0255157 0.0350001 0.111713
0 0.176019 0.485165 0.0304594 0.0573412 0.111692
0 0.961437 0.249711 0.0286446 0.038275 0.111293
0 0.74553 0.466975 0.0170934 0.0327519 0.110551
0 0.688083 0.992172 0.0321457 0.0152323 0.108339
0 0.0769224 0.0211201 0.0192265 0.0351656 0.107834
0 0.119297 0.281296 0.0159005 0.0341725 0.107804
0 0.983818 0.210583 0.0143612 0.0230482 0.106248
0 0.0133057 0.0544584 0.0227202 0.0363864 0.105796
0 0.0463207 0.0748008 0.0278724 0.0206097 0.105256
0 0.231423 0.410004 0.0188684 0.0444034 0.104055
0 0.958799 0.530162 0.0158382 0.0253758 0.103863
0 0.973361 0.41348 0.0192675 0.0341034 0.103676
0 0.236487 0.114195 0.0180461 0.0320392 0.10263
0 0.0754232 0.132599 0.0173186 0.0247701 0.102343
0 0.743283 0.346138 0.0283718 0.0424258 0.102259
0 0.770673 0.476693 0.0190619 0.0257037 0.101997
0 0.0901453 0.0911235 0.0142526 0.0180618 0.100939
0 0.99401 0.721609 0.0119808 0.0304298 0.100435
