0 0.184401 0.784074 0.0727301 0.0229069 0.757287
0 0.721431 0.81836 0.112976 0.0469384 0.720783
0 0.633909 0.664719 0.0622172 0.0208433 0.713706
0 0.602631 0.854056 0.0875836 0.0304684 0.705971
0 0.326063 0.744643 0.0717968 0.0280947 0.705642
0 0.431902 0.674367 0.0622705 0.0187645 0.691245
0 0.232673 0.29206 0.0747972 0.0296505 0.690774
0 0.951944 0.537147 0.0612447 0.0210496 0.689369
0 0.25508 0.765264 0.0743859 0.022688 0.68849
0 0.858177 0.606715 0.0656819 0.0239117 0.687225
0 0.272778 0.716394 0.0674153 0.0207895 0.686765
0 0.480103 0.705624 0.0662547 0.021262 0.684702
0 0.344859 0.698648 0.0538356 0.0186456 0.679292
0 0.523747 0.874896 0.0658803 0.0234192 0.679196
0 0.508289 0.658272 0.0602797 0.0195835 0.676259
0 0.59994 0.586656 0.0585444 0.0180492 0.676196
0 0.523266 0.607941 0.057632 0.0187963 0.675708
0 0.708655 0.642359 0.0566192 0.0195479 0.674514
0 0.654373 0.617675 0.0654896 0.0222739 0.67183
0 0.0849059 0.0287081 0.0645142 0.0218068 0.671667
0 0.0481659 0.388704 0.0945273 0.0339337 0.671128
0 0.115729 0.368096 0.0490183 0.016181 0.670887
0 0.93111 0.58408 0.0647258 0.0211095 0.669946
0 0.0326709 0.0553095 0.0614393 0.0229817 0.666608
0 0.21777 0.688393 0.0622045 0.0197987 0.665588
0 0.550642 0.688157 0.0665233 0.0238425 0.66541
0 0.201692 0.737409 0.0593271 0.0195843 0.664431
0 0.149252 0.0535248 0.0616083 0.020644 0.662574
0 0.722919 0.597825 0.0597416 0.0181526 0.660311
0 0.444804 0.628474 0.0616377 0.0190273 0.659147
0 0.736443 0.546414 0.0644645 0.0227817 0.658678
0 0.0651436 0.729384 0.0634582 0.0205759 0.651662
0 0.800585 0.577177 0.052386 0.0183356 0.650825
0 0.0411179 0.775964 0.0543687 0.0188589 0.647362
0 0.206302 0.31289 0.0652567 0.0175088 0.646652
0 0.879075 0.555411 0.0619839 0.0196239 0.646004
0 0.29612 0.66806 0.049804 0.016942 0.645519
0 0.894617 0.509937 0.0628739 0.0191704 0.639491
0 0.894606 0.942575 0.0453318 0.0159858 0.63784
0 0.823161 0.526193 0.0648696 0.0189462 0.631289
0 0.13866 0.708591 0.0560416 0.0170616 0.62741
0 0.0292347 0.00786111 0.05384 0.0156589 0.62707
0 0.367721 0.649549 0.0522755 0.017328 0.623563
0 0.407101 0.727481 0.0658422 0.0223526 0.619664
0 0.0154761 0.750836 0.0306136 0.0170871 0.618657
0 0.0971767 0.0773454 0.0582974 0.0186704 0.616228
0 0.679306 0.331261 0.0468424 0.016576 0.613108
0 0.196209 0.333187 0.0509445 0.0191911 0.609309
0 0.894944 0.107385 0.0448093 0.0162821 0.606225
0 0.96868 0.919293 0.0608838 0.0260647 0.606041
0 0.544537 0.0963086 0.0459485 0.0173476 0.604298
0 0.121924 0.756347 0.0494036 0.0164179 0.601033
0 0.0412119 0.105915 0.0492661 0.0220016 0.59776
0 0.970106 0.491832 0.0566085 0.0187898 0.596565
0 0.734191 0.350485 0.0491959 0.01532 0.595575
0 0.514093 0.116235 0.0564786 0.0204182 0.592375
0 0.165895 0.348466 0.0424743 0.0182225 0.592284
0 0.104793 0.49876 0.044404 0.0157038 0.58672
0 0.577214 0.129791 0.0434846 0.0133464 0.584054
0 0.171001 0.488626 0.0419065 0.0151288 0.581962
0 0.622159 0.312499 0.0440625 0.0147499 0.579148
0 0.0476627 0.15509 0.0507699 0.016578 0.575555
0 0.0359875 0.507351 0.0418954 0.0154036 0.575169
0 0.135191 0.576373 0.0476873 0.0127693 0.572222
0 0.281736 0.527556 0.041552 0.0154919 0.570449
0 0.600457 0.370884 0.0346826 0.0141535 0.570281
0 0.360713 0.920174 0.0631772 0.0256004 0.566704
0 0.497375 0.469964 0.0451853 0.0147377 0.566689
0 0.287544 0.860359 0.0450747 0.0149967 0.56501
0 0.921774 0.348001 0.0447762 0.0147139 0.564482
0 0.119953 0.469696 0.040326 0.0145666 0.564155
0 0.572384 0.294794 0.0401991 0.0138009 0.562656
0 0.762374 0.427693 0.0432527 0.0158004 0.562559
0 0.578657 0.640146 0.0630083 0.0220842 0.562231
0 0.650429 0.255045 0.046151 0.0131503 0.561984
0 0.950718 0.124881 0.0447153 0.0145652 0.561069
0 0.962757 0.097185 0.0406734 0.0143536 0.560076
0 0.694398 0.303505 0.0466714 0.0114404 0.559377
0 0.78303 0.624655 0.0506449 0.0161212 0.558557
0 0.140712 0.00544522 0.0673655 0.0107797 0.558426
0 0.932507 0.319481 0.0385494 0.0138967 0.558303
0 0.622178 0.177014 0.043669 0.0141199 0.558294
0 0.797297 0.341003 0.0432329 0.0145391 0.555725
0 0.980448 0.203588 0.0383259 0.0130728 0.554072
0 0.205091 0.0251919 0.0517721 0.0167641 0.553602
0 0.597697 0.235109 0.0421915 0.0150259 0.553378
0 0.788153 0.368905 0.0446473 0.0148498 0.553089
0 0.880083 0.301288 0.0506597 0.013576 0.5526
0 0.76998 0.263585 0.0471772 0.0156798 0.551883
0 0.686162 0.168122 0.047802 0.0148323 0.549959
0 0.176799 0.821686 0.0472672 0.016353 0.549505
0 0.828215 0.417636 0.0416022 0.0137297 0.548934
0 0.124403 0.605306 0.0435553 0.0139365 0.548182
0 0.333507 0.546645 0.0391511 0.0140036 0.547995
0 0.568876 0.159749 0.0427595 0.0112498 0.544511
0 0.641088 0.120109 0.0355328 0.013234 0.543316
0 0.166771 0.136824 0.0413386 0.0141665 0.542834
0 0.953824 0.4254 0.041086 0.0127649 0.541761
0 0.696146 0.439674 0.0441826 0.014152 0.54127
0 0.382164 0.593988 0.045644 0.015979 0.541029
0 0.883412 0.137355 0.0417399 0.0148048 0.540398
0 0.0602464 0.824396 0.0431363 0.0140709 0.540243
0 0.393048 0.568153 0.0397564 0.0140994 0.539742
0 0.345426 0.516859 0.0414573 0.0146255 0.53927
0 0.18044 0.950391 0.0568466 0.020957 0.537979
0 0.186031 0.594799 0.0421158 0.0140336 0.535976
0 0.719025 0.244938 0.04301 0.0132666 0.53125
0 0.563404 0.322771 0.0439937 0.0143252 0.530316
0 0.896485 0.408521 0.0431621 0.012788 0.53014
0 0.0950943 0.527906 0.0440159 0.0134925 0.52985
0 0.204433 0.567253 0.0448794 0.0140757 0.529511
0 0.661721 0.226973 0.0421365 0.0134035 0.528375
0 0.111353 0.63353 0.0432716 0.015986 0.527018
0 0.862869 0.330074 0.0458247 0.0146694 0.526429
0 0.639915 0.28541 0.0394985 0.0133192 0.525204
0 0.0549214 0.61619 0.0429359 0.014933 0.524616
0 0.0164338 0.990434 0.0328676 0.0189565 0.52358
0 0.912423 0.0791805 0.0407568 0.0147279 0.523024
0 0.85151 0.360006 0.045979 0.0141439 0.521801
0 0.774965 0.399451 0.0400576 0.0132035 0.520736
0 0.60851 0.207191 0.0440309 0.014767 0.518491
0 0.224558 0.507995 0.0434558 0.0141712 0.51682
0 0.0951544 0.968939 0.0624593 0.0211965 0.516757
0 0.447366 0.0138012 0.0434075 0.0209097 0.512584
0 0.462519 0.556437 0.0427237 0.0144245 0.511449
0 0.633012 0.148044 0.0397399 0.013783 0.511042
0 0.64291 0.420935 0.0478471 0.0154943 0.509881
0 0.656574 0.391265 0.0423286 0.0136336 0.509684
0 0.0719534 0.585969 0.0384378 0.0145891 0.506436
0 0.416546 0.508791 0.0431628 0.0147977 0.505367
0 0.665692 0.361962 0.042768 0.0131999 0.505234
0 0.256503 0.00553257 0.0471132 0.0110065 0.504546
0 0.461127 0.255738 0.0433468 0.0136115 0.501711
0 0.362012 0.490479 0.0491804 0.0123008 0.500928
0 0.272287 0.556708 0.0381514 0.0139163 0.497913
0 0.554635 0.489165 0.0448265 0.0132619 0.496379
0 0.0516739 0.479468 0.0417127 0.0127526 0.495178
0 0.984381 0.174695 0.0307611 0.0130325 0.494845
0 0.502541 0.30486 0.0391019 0.0133781 0.494594
0 0.177622 0.983426 0.0486001 0.0182939 0.494395
0 0.67036 0.882752 0.050019 0.0168365 0.491203
0 0.821158 0.145902 0.0364332 0.0133431 0.490672
0 0.84205 0.388998 0.0475505 0.0141025 0.490472
0 0.297639 0.499201 0.0404818 0.0145454 0.490047
0 0.0178915 0.431368 0.0347994 0.0128091 0.489858
0 0.58901 0.400232 0.0443946 0.0142975 0.489717
0 0.259462 0.994031 0.060836 0.0119376 0.488912
0 0.446295 0.284688 0.0464235 0.0142843 0.488466
0 0.567777 0.460174 0.0428756 0.0142489 0.486982
0 0.188144 0.460272 0.049443 0.0117895 0.486834
0 0.0952861 0.80352 0.056505 0.0156147 0.486781
0 0.93539 0.0204624 0.0420021 0.0127831 0.486248
0 0.326787 0.575896 0.0405985 0.0142723 0.485725
0 0.845301 0.0885599 0.043876 0.0130298 0.485558
0 0.955799 0.26164 0.0416972 0.0157492 0.484969
0 0.756899 0.45817 0.0428547 0.0121004 0.481837
0 0.827927 0.963041 0.0801178 0.0312087 0.481486
0 0.784303 0.236321 0.0470837 0.0159651 0.478846
0 0.493549 0.035626 0.0525521 0.0172815 0.478409
0 0.179614 0.344933 0.044774 0.0218007 0.477114
0 0.240452 0.479971 0.0428901 0.0152245 0.474968
0 0.185572 0.625546 0.0364064 0.0119516 0.474285
0 0.610216 0.507076 0.0372398 0.0132788 0.474122
0 0.699139 0.137274 0.0400486 0.0142991 0.473685
0 0.908283 0.244135 0.0385705 0.0135814 0.473043
0 0.0302478 0.673873 0.0488969 0.0142771 0.472906
0 0.443284 0.448882 0.0404905 0.0144814 0.471745
0 0.0187696 0.563808 0.0365894 0.0129996 0.470153
0 0.61397 0.342581 0.043175 0.0142563 0.469307
0 0.940459 0.291873 0.0440155 0.0156375 0.468192
0 0.757745 0.294524 0.0430839 0.0126988 0.467848
0 0.889192 0.438445 0.0441691 0.0147387 0.467788
0 0.529694 0.24595 0.0436789 0.0123804 0.465926
0 0.186883 0.884217 0.0431139 0.0133888 0.465582
0 0.821848 0.446995 0.0383145 0.0130533 0.465051
0 0.764529 0.128438 0.0451462 0.0140605 0.464912
0 0.97942 0.0680618 0.0393829 0.01263 0.464167
0 0.378435 0.459625 0.0407607 0.0131882 0.463616
0 0.70594 0.273632 0.0439991 0.0140273 0.46349
0 0.817369 0.0114817 0.0388079 0.0136318 0.462836
0 0.620128 0.479549 0.0397243 0.0129328 0.461795
0 0.0417718 0.643338 0.0397 0.0125007 0.461335
0 0.0119141 0.458912 0.0238282 0.0131578 0.460418
0 0.255489 0.450819 0.0451396 0.0132099 0.460078
0 0.712058 0.409095 0.0419956 0.01337 0.458795
0 0.836494 0.11822 0.0399041 0.0148479 0.458506
0 0.54273 0.516967 0.0381884 0.013002 0.457733
0 0.881085 0.00293465 0.037895 0.00585251 0.457287
0 0.710556 0.110707 0.0450241 0.0137983 0.457199
0 0.631139 0.449901 0.0398138 0.0145454 0.456903
0 0.25631 0.0926795 0.0486739 0.0154786 0.453405
0 0.911509 0.377879 0.0459194 0.0131536 0.450806
0 0.528639 0.545152 0.0460674 0.0147638 0.44982
0 0.244517 0.83573 0.0436791 0.0140289 0.449156
0 0.519235 0.275629 0.0427692 0.0121304 0.447196
0 0.0188383 0.207706 0.0364869 0.0156802 0.446628
0 0.720007 0.380985 0.0410932 0.0140698 0.445908
0 0.409328 0.537857 0.0446782 0.0153077 0.444755
0 0.804842 0.176203 0.0441322 0.0140106 0.442243
0 0.74101 0.486725 0.0530677 0.0201031 0.441826
0 0.8344 0.868809 0.0451484 0.0175663 0.440624
0 0.962941 0.396709 0.0381736 0.0112981 0.439935
0 0.139697 0.441204 0.0381887 0.0133867 0.439849
0 0.730466 0.215766 0.0365926 0.0144871 0.439769
0 0.27452 0.264179 0.042061 0.013445 0.437222
0 0.98057 0.832821 0.0388598 0.0167374 0.43346
0 0.287382 0.0401595 0.0386321 0.0140329 0.432913
0 0.0360492 0.237386 0.0439656 0.017206 0.429922
0 0.57146 0.0754698 0.0424695 0.0121245 0.4289
0 0.741335 0.186308 0.046338 0.0165586 0.428762
0 0.808185 0.0417921 0.0385546 0.013778 0.424461
0 0.0293185 0.810084 0.0482664 0.0121013 0.423908
0 0.67666 0.499907 0.0460804 0.0148168 0.421898
0 0.159483 0.518077 0.0398398 0.0124956 0.420849
0 0.872237 0.166331 0.0425641 0.0161573 0.42036
0 0.305025 0.33477 0.037017 0.0121989 0.419728
0 0.0805192 0.556408 0.041223 0.0135316 0.418125
0 0.8239 0.282228 0.0450361 0.0153383 0.416706
0 0.397038 0.105506 0.0464765 0.0187742 0.413495
0 0.739244 0.0504634 0.0377373 0.0119007 0.41298
0 0.985214 0.563124 0.0290322 0.021199 0.412165
0 0.320655 0.606538 0.0445628 0.0160799 0.411674
0 0.268492 0.422812 0.0450141 0.0151973 0.409354
0 0.360712 0.353699 0.0431579 0.013724 0.407126
0 0.146808 0.54694 0.0392851 0.0123572 0.4071
0 0.990602 0.452453 0.0175651 0.0187239 0.406151
0 0.513084 0.440909 0.0381654 0.0146912 0.405453
0 0.656132 0.0901209 0.0371616 0.0120698 0.404443
0 0.984938 0.0386112 0.0301235 0.0143654 0.404403
0 0.746077 0.322211 0.0474317 0.0141186 0.402147
0 0.984676 0.33922 0.0306136 0.0155979 0.40035
0 0.725844 0.990283 0.120672 0.0194333 0.400174
0 0.216102 0.53799 0.039297 0.0134741 0.396876
0 0.870579 0.0300309 0.0375395 0.013665 0.395477
0 0.752402 0.0233377 0.0414131 0.0136657 0.394632
0 0.697014 0.90849 0.0575882 0.0196804 0.391811
0 0.928018 0.186033 0.0392265 0.0123399 0.39149
0 0.262365 0.585397 0.0345363 0.0111384 0.389316
0 0.792385 0.0695186 0.041889 0.0148118 0.385945
0 0.759073 0.889519 0.0594035 0.0207958 0.385776
0 0.575618 0.431497 0.0432287 0.0158541 0.385005
0 0.201048 0.430714 0.0432721 0.0159609 0.384764
0 0.775546 0.0994836 0.0390656 0.0124613 0.383541
0 0.279064 0.39197 0.0463061 0.0158607 0.383505
0 0.494045 0.0884709 0.0367016 0.0127049 0.383204
0 0.814604 0.844094 0.0543739 0.0199623 0.38006
0 0.79725 0.205066 0.0447535 0.0150904 0.378305
0 0.0664089 0.184932 0.0541209 0.0182983 0.377305
0 0.756423 0.15681 0.0405833 0.0123248 0.376996
0 0.936245 0.15624 0.0483349 0.013809 0.376045
0 0.276613 0.122797 0.0478728 0.0180547 0.374212
0 0.672099 0.196148 0.0411838 0.0127627 0.373273
0 0.834698 0.25364 0.0442841 0.0164829 0.369708
0 0.224921 0.143681 0.0483063 0.0149681 0.369504
0 0.485836 0.499595 0.0426315 0.0125542 0.368841
0 0.159293 0.383822 0.0355912 0.0112541 0.362308
0 0.861928 0.0598698 0.0411371 0.0142744 0.360735
0 0.240647 0.344695 0.042499 0.0147571 0.357686
0 0.665106 0.0589838 0.0475178 0.0156957 0.357487
0 0.895809 0.272653 0.0375885 0.0134872 0.357424
0 0.308764 0.469472 0.0423832 0.0140646 0.357163
0 0.555677 0.189134 0.0400069 0.0138298 0.357123
0 0.417157 0.17248 0.136641 0.0456633 0.355013
0 0.431971 0.580058 0.0413176 0.0147838 0.354235
0 0.868235 0.455322 0.0407688 0.0139726 0.35169
0 0.357714 0.0480959 0.0471262 0.0182128 0.346354
0 0.815432 0.311694 0.0421202 0.0146247 0.342144
0 0.185999 0.0892655 0.0523695 0.0147607 0.340243
0 0.483554 0.137708 0.0589476 0.0200824 0.338187
0 0.990687 0.00899025 0.01827 0.0143099 0.336503
0 0.0637987 0.450515 0.0411794 0.0121782 0.334791
0 0.878509 0.781079 0.0627435 0.0276736 0.333837
0 0.976857 0.368946 0.0420972 0.0100265 0.333225
0 0.489024 0.197932 0.0373668 0.0123833 0.332804
0 0.0254006 0.958816 0.0499726 0.0207683 0.331188
0 0.369244 0.324739 0.0393511 0.0140371 0.330173
0 0.442654 0.993745 0.0642792 0.0125095 0.324835
0 0.475541 0.527743 0.0413854 0.0116477 0.324325
0 0.0105501 0.179163 0.0209404 0.0169031 0.324192
0 0.0273407 0.537785 0.0431976 0.012228 0.32321
0 0.329017 0.097457 0.0485439 0.0160997 0.319557
0 0.944474 0.472895 0.0349445 0.0143314 0.318087
0 0.494539 0.334713 0.0372971 0.0127926 0.315213
0 0.215991 0.401699 0.0412973 0.0137747 0.314085
0 0.302376 0.821438 0.0539265 0.0139282 0.308321
0 0.4721 0.226077 0.0394553 0.0115866 0.305292
0 0.975093 0.231707 0.0471027 0.0102174 0.303807
0 0.00860629 0.597292 0.0172126 0.0157789 0.303032
0 0.311138 0.23291 0.0414875 0.0152456 0.301592
0 0.0794411 0.421317 0.0439623 0.0127346 0.301152
0 0.68925 0.468717 0.0508191 0.018836 0.300951
0 0.811964 0.789522 0.0760689 0.0331499 0.297164
0 0.344332 0.396235 0.0526485 0.0246291 0.291012
0 0.36583 0.807596 0.0400908 0.0122131 0.287483
0 0.0295256 0.806572 0.0486908 0.0148308 0.282684
0 0.346793 0.845697 0.0421228 0.0139893 0.281864
0 0.936064 0.875845 0.0504577 0.0177143 0.275848
0 0.540818 0.218208 0.0424092 0.014222 0.274279
0 0.150975 0.411507 0.0416141 0.0153082 0.269892
0 0.0115538 0.792913 0.0223008 0.0150818 0.261133
0 0.599477 0.0264233 0.0370094 0.0114127 0.253188
0 0.327699 0.441466 0.0433471 0.0151428 0.252683
0 0.434953 0.314071 0.0447561 0.0130874 0.247931
0 0.181257 0.167225 0.0398766 0.0147089 0.24587
0 0.371218 0.0756567 0.0407863 0.0139435 0.245124
0 0.780499 0.00226143 0.0386575 0.00444594 0.244483
0 0.109602 0.242609 0.044815 0.0175909 0.240163
0 0.13389 0.192029 0.0480727 0.0188352 0.237054
0 0.859031 0.895208 0.055287 0.02109 0.237036
0 0.721433 0.0809455 0.0448694 0.0150204 0.235633
0 0.541939 0.365048 0.0523202 0.0195537 0.234907
0 0.166977 0.655145 0.049862 0.017367 0.234299
0 0.58896 0.100974 0.0342813 0.00946364 0.232778
0 0.88182 0.00403414 0.0397678 0.00798249 0.232587
0 0.244824 0.939313 0.0529788 0.0225868 0.232478
0 0.992048 0.310183 0.0151127 0.0170466 0.232182
0 0.607033 0.746038 0.0421845 0.0127441 0.230598
0 0.452032 0.891789 0.10731 0.0331013 0.218698
0 0.0694571 0.688657 0.0459141 0.0177139 0.217615
0 0.0114997 0.596551 0.0218313 0.0155064 0.213821
0 0.911993 0.997087 0.0458821 0.00582694 0.212893
0 0.9916 0.148209 0.0160197 0.0143372 0.211564
0 0.589476 0.534852 0.0474078 0.0167723 0.210465
0 0.323136 0.0281788 0.043051 0.0146183 0.208764
0 0.123691 0.862346 0.0427969 0.0140064 0.20596
0 0.240718 0.615139 0.0386796 0.010498 0.205802
0 0.348959 0.383197 0.0365687 0.0106995 0.205595
0 0.842691 0.785637 0.134406 0.0397854 0.205514
0 0.479138 0.14327 0.0554167 0.0148442 0.202469
0 0.672474 0.565339 0.0510678 0.0169617 0.202377
0 0.00918466 0.845387 0.0183171 0.0141156 0.201329
0 0.221973 0.373472 0.0508181 0.0176118 0.190706
0 0.283905 0.248947 0.0615576 0.0200407 0.19005
0 0.423081 0.343395 0.0471125 0.0160732 0.182403
0 0.458708 0.374682 0.0578853 0.0227556 0.173978
0 0.971655 0.803977 0.0549891 0.018992 0.173959
0 0.39351 0.26527 0.0381026 0.0132444 0.170968
0 0.420258 0.0517104 0.0455195 0.0184381 0.170757
0 0.285198 0.040318 0.0454791 0.017322 0.169234
0 0.293952 0.363343 0.042609 0.0161092 0.165403
0 0.522808 0.0701267 0.038919 0.0133191 0.161588
0 0.904654 0.244163 0.0455323 0.0163626 0.156212
0 0.302828 0.232732 0.0590647 0.0141892 0.155879
0 0.836063 0.957976 0.068168 0.0226457 0.155609
0 0.563558 0.00936173 0.0435631 0.0148414 0.153735
0 0.432898 0.479893 0.0335044 0.0127715 0.151719
0 0.587515 0.534268 0.0418788 0.0125055 0.151113
0 0.737969 0.826966 0.0783518 0.028493 0.149898
0 0.528726 0.147348 0.0338665 0.0129598 0.145142
0 0.556819 0.190013 0.0462582 0.0172389 0.145079
0 0.56535 0.0537043 0.0464493 0.0209426 0.141339
0 0.408221 0.236486 0.0391788 0.0120407 0.141081
0 0.991457 0.85803 0.0165825 0.0198052 0.133999
0 0.887977 0.822239 0.0585675 0.0200079 0.133793
0 0.479309 0.146122 0.0565142 0.0109755 0.133079
0 0.0341061 0.81193 0.0430649 0.0111477 0.130866
0 0.0181899 0.290407 0.0358096 0.0151033 0.130634
0 0.597228 0.0261286 0.0371555 0.0147718 0.125978
0 0.674904 0.0348599 0.0602371 0.0164406 0.12561
0 0.868605 0.687924 0.0402855 0.0124628 0.124853
0 0.992052 0.620145 0.0158578 0.0171633 0.123689
0 0.220203 0.372247 0.0439407 0.0139303 0.123571
0 0.628956 0.929022 0.0418887 0.0153067 0.123217
0 0.229882 0.642742 0.0396683 0.0147962 0.122644
0 0.904716 0.714114 0.0456494 0.0127262 0.118986
0 0.00838362 0.131761 0.0163254 0.0187148 0.11862
0 0.0730428 0.686807 0.041921 0.014804 0.116827
0 0.421415 0.792511 0.0454577 0.0135649 0.115754
0 0.633715 0.708325 0.0411033 0.0116514 0.115748
0 0.674114 0.197228 0.048221 0.0158181 0.115365
0 0.289525 0.246017 0.0713161 0.0265981 0.114409
0 0.804358 0.790598 0.0591513 0.0294592 0.112481
0 0.823276 0.787811 0.0987193 0.0355368 0.110225
0 0.499007 0.358525 0.0391779 0.00916508 0.109761
0 0.432873 0.480142 0.0408989 0.0152711 0.108994
0 0.979313 0.659793 0.0401964 0.0129156 0.10757
0 0.110278 0.16099 0.0381324 0.0147554 0.107234
0 0.993169 0.281726 0.0131942 0.0118923 0.106423
0 0.13555 0.4412 0.0444203 0.0157658 0.106341
0 0.684046 0.0352705 0.0492099 0.0141569 0.104654
0 0.0926167 0.216351 0.0420913 0.0149965 0.103863
0 0.842934 0.956219 0.0550113 0.0193623 0.102167
