0 0.859182 0.136007 0.0246082 0.0402162 0.688776
0 0.277355 0.537648 0.0231557 0.0419629 0.686695
0 0.132226 0.395923 0.0269605 0.0436035 0.678028
0 0.79084 0.144957 0.0209398 0.0387799 0.676799
0 0.852858 0.198658 0.0278708 0.0511418 0.676484
0 0.527013 0.241024 0.0228875 0.0385169 0.668129
0 0.00880327 0.577377 0.0175897 0.0423985 0.665559
0 0.826493 0.142971 0.0256775 0.0407478 0.664615
0 0.690706 0.335794 0.0276177 0.048762 0.663633
0 0.814516 0.661668 0.0212238 0.0349172 0.663247
0 0.694895 0.400579 0.0274716 0.0434435 0.663066
0 0.0415483 0.887654 0.0189717 0.0338799 0.657873
0 0.146279 0.93447 0.0194613 0.0341434 0.656806
0 0.832204 0.861154 0.0250256 0.0370277 0.656045
0 0.92968 0.0820041 0.0206909 0.0389724 0.655848
0 0.816114 0.598667 0.0199261 0.0370027 0.655607
0 0.169463 0.879751 0.0184504 0.0306797 0.653638
0 0.859645 0.87791 0.019665 0.0323961 0.653355
0 0.444105 0.131992 0.0232834 0.0353638 0.652498
0 0.169112 0.921332 0.0203092 0.0375888 0.648682
0 0.915023 0.584839 0.0234234 0.038668 0.646916
0 0.149518 0.781467 0.0219124 0.038256 0.644656
0 0.343029 0.160295 0.0186593 0.0350046 0.643474
0 0.0836266 0.285928 0.0214265 0.0407533 0.641948
0 0.0909393 0.521052 0.0207681 0.027297 0.64115
0 0.887853 0.865712 0.0242157 0.0416575 0.640648
0 0.176397 0.840267 0.0172216 0.0286204 0.640392
0 0.486473 0.387419 0.0254799 0.0494006 0.637752
0 0.0730399 0.700729 0.0188322 0.0313453 0.637398
0 0.886868 0.630462 0.0241364 0.0316347 0.63702
0 0.689077 0.273132 0.0177244 0.0337977 0.634717
0 0.476989 0.868806 0.0268351 0.0446143 0.633344
0 0.12665 0.54993 0.023235 0.0335383 0.631987
0 0.225737 0.196775 0.0203701 0.0302792 0.631682
0 0.84068 0.666383 0.0208996 0.0357087 0.631499
0 0.845271 0.509801 0.0254581 0.0478734 0.631266
0 0.991882 0.0234174 0.0162355 0.0317652 0.631228
0 0.802817 0.818478 0.0242577 0.0416044 0.629458
0 0.965682 0.43513 0.0158817 0.0305973 0.627749
0 0.319275 0.476475 0.0188196 0.0297528 0.627686
0 0.918233 0.131434 0.0214241 0.0326041 0.627533
0 0.0824401 0.617721 0.023198 0.0343413 0.625393
0 0.00660043 0.682648 0.0132009 0.0306009 0.622558
0 0.0418038 0.429484 0.0193556 0.0330753 0.618945
0 0.0496206 0.544124 0.0168735 0.0344126 0.618731
0 0.914073 0.896807 0.0184235 0.033999 0.618524
0 0.198249 0.333965 0.0150914 0.0320471 0.61775
0 0.277858 0.945963 0.0173293 0.0305041 0.615151
0 0.325554 0.795477 0.0217278 0.0292841 0.614503
0 0.0471366 0.698017 0.0168938 0.0300651 0.613184
0 0.236688 0.925137 0.0197393 0.0335168 0.608594
0 0.0960912 0.742482 0.0158893 0.0299323 0.607591
0 0.0116593 0.485923 0.0219131 0.0322469 0.60754
0 0.315014 0.140576 0.0213337 0.0309491 0.605444
0 0.527631 0.137343 0.0208867 0.0329214 0.602451
0 0.00806942 0.266297 0.0161068 0.0428581 0.601878
0 0.572864 0.882582 0.0209262 0.036774 0.599429
0 0.874201 0.484909 0.0199112 0.0263414 0.599179
0 0.0566391 0.482855 0.0139168 0.0299028 0.598974
0 0.502522 0.66403 0.0263332 0.0513588 0.598446
0 0.426177 0.922826 0.0205935 0.0339215 0.595064
0 0.157904 0.38366 0.0192817 0.0302443 0.592489
0 0.374393 0.578511 0.0175499 0.0346984 0.589419
0 0.443649 0.0546903 0.0151856 0.0244915 0.589074
0 0.87759 0.214668 0.0177174 0.0324446 0.588714
0 0.847808 0.0783883 0.027943 0.0472863 0.588703
0 0.142856 0.636473 0.0176175 0.0260851 0.58804
0 0.201906 0.415558 0.0181438 0.0320614 0.587268
0 0.94197 0.765908 0.0201486 0.036989 0.587057
0 0.200636 0.826302 0.0204952 0.0289059 0.586658
0 0.955074 0.557946 0.021312 0.03456 0.585448
0 0.00521661 0.637172 0.0104138 0.0343632 0.583805
0 0.767132 0.16079 0.0186767 0.0338904 0.582135
0 0.316809 0.860839 0.0168905 0.0375142 0.581396
0 0.199824 0.135627 0.0182415 0.0325452 0.581334
0 0.35124 0.839552 0.0184254 0.0289464 0.579513
0 0.302303 0.911747 0.013586 0.031239 0.579307
0 0.972606 0.283968 0.0217617 0.0386332 0.578173
0 0.437546 0.964122 0.0148947 0.0296794 0.574867
0 0.595599 0.90726 0.016333 0.0252543 0.572668
0 0.123759 0.724367 0.0228811 0.0300156 0.572618
0 0.368657 0.887557 0.0199027 0.0390174 0.571787
0 0.411578 0.235961 0.0164906 0.0330043 0.571131
0 0.30662 0.360908 0.0234779 0.0442061 0.571131
0 0.290387 0.203069 0.0143357 0.033619 0.570476
0 0.251054 0.487883 0.0300648 0.0449419 0.569967
0 0.934004 0.270789 0.0206158 0.0356812 0.567445
0 0.404865 0.92466 0.0164318 0.0333998 0.564896
0 0.10479 0.443733 0.0177523 0.0368431 0.56416
0 0.364918 0.0419405 0.0181385 0.0344933 0.561104
0 0.338512 0.207752 0.0206558 0.0302399 0.559732
0 0.147958 0.832427 0.019846 0.0355696 0.559402
0 0.367152 0.454412 0.0171376 0.0261715 0.559027
0 0.433768 0.171127 0.0144506 0.0301544 0.554773
0 0.317991 0.300104 0.0309796 0.0502602 0.550944
0 0.195887 0.6964 0.0224227 0.034194 0.550871
0 0.976057 0.744223 0.0177216 0.0341709 0.550417
0 0.627415 0.219522 0.0190718 0.0381204 0.54961
0 0.150773 0.0485352 0.0194012 0.0327035 0.548303
0 0.88897 0.589314 0.0186558 0.0318388 0.547562
0 0.352497 0.562474 0.0192898 0.0331232 0.547347
0 0.468595 0.975731 0.0184325 0.0325595 0.546908
0 0.132268 0.081656 0.0250826 0.0411095 0.545593
0 0.38598 0.219825 0.0160461 0.0294874 0.545047
0 0.662779 0.248588 0.0162939 0.0277984 0.544126
0 0.511939 0.270742 0.0148548 0.0290271 0.543795
0 0.640261 0.463403 0.0277523 0.0447971 0.543441
0 0.60044 0.250994 0.0210918 0.0338785 0.543199
0 0.247937 0.200556 0.014206 0.0275758 0.542837
0 0.360505 0.248574 0.0170534 0.0250063 0.542597
0 0.15466 0.727647 0.017664 0.0299306 0.538763
0 0.00876473 0.729203 0.0173899 0.0368025 0.537113
0 0.0763239 0.485614 0.0156874 0.0283505 0.537039
0 0.400647 0.0826183 0.0200268 0.0370899 0.536883
0 0.171317 0.766779 0.012906 0.0248227 0.530038
0 0.617945 0.90124 0.0239454 0.0408898 0.529937
0 0.482413 0.113483 0.0203978 0.0343508 0.529361
0 0.81396 0.192114 0.0182995 0.0298617 0.528205
0 0.0667276 0.378963 0.0252702 0.0368237 0.527847
0 0.635624 0.367989 0.0175724 0.0351112 0.527222
0 0.0167392 0.43596 0.0217098 0.0321042 0.52524
0 0.603981 0.17971 0.0189419 0.0297912 0.525152
0 0.717666 0.374761 0.0172855 0.0329567 0.523304
0 0.511316 0.102673 0.0185889 0.0324963 0.523227
0 0.0822831 0.92106 0.0233573 0.0353821 0.522269
0 0.0443148 0.0320106 0.0181372 0.0312779 0.522063
0 0.533316 0.948187 0.018318 0.0259369 0.521904
0 0.626722 0.174877 0.0147802 0.0277866 0.52157
0 0.163317 0.433127 0.0267821 0.0455889 0.52152
0 0.958216 0.504894 0.0223604 0.0335762 0.521033
0 0.842664 0.719553 0.0190815 0.0320036 0.52086
0 0.0225299 0.961012 0.0188487 0.0340451 0.519993
0 0.114707 0.0154179 0.022593 0.0300197 0.519902
0 0.128991 0.502517 0.0176841 0.0272771 0.518583
0 0.860735 0.918244 0.0210247 0.0332231 0.516613
0 0.333841 0.119163 0.0169127 0.027963 0.515825
0 0.368008 0.208632 0.016396 0.0304481 0.515584
0 0.444323 0.319659 0.0262367 0.0343391 0.514619
0 0.334259 0.863519 0.0127672 0.0229077 0.512963
0 0.0260943 0.803043 0.0202963 0.0370706 0.512799
0 0.607812 0.09009 0.0139229 0.0280963 0.512298
0 0.0423426 0.637809 0.0191457 0.0296158 0.510703
0 0.871202 0.524336 0.0148266 0.021866 0.510051
0 0.116197 0.945103 0.0238011 0.0328054 0.509631
0 0.993057 0.86887 0.013886 0.0343112 0.508402
0 0.0506455 0.605042 0.0136048 0.0241706 0.508282
0 0.796635 0.257798 0.0162078 0.0295065 0.50804
0 0.209039 0.165832 0.0175366 0.0234467 0.507061
0 0.181091 0.736522 0.0202492 0.0256395 0.506538
0 0.172449 0.244035 0.0183485 0.033132 0.505928
0 0.963061 0.188945 0.0152046 0.0311526 0.503864
0 0.979933 0.931011 0.0173119 0.0273414 0.503826
0 0.275898 0.894086 0.0188521 0.0359795 0.502027
0 0.191704 0.165594 0.0109515 0.022604 0.50016
0 0.414216 0.846012 0.0160091 0.0285088 0.499888
0 0.308083 0.779867 0.0145669 0.0228429 0.499667
0 0.262302 0.816249 0.0179127 0.0282745 0.499395
0 0.00403108 0.369204 0.00806215 0.0240633 0.497682
0 0.557318 0.966605 0.0194109 0.0312541 0.49628
0 0.764768 0.732465 0.0240495 0.0420654 0.495946
0 0.0611821 0.248251 0.0257374 0.0434349 0.495925
0 0.155323 0.501806 0.0204697 0.0364624 0.495619
0 0.925091 0.947002 0.0210367 0.0351853 0.492497
0 0.800127 0.621523 0.0162628 0.0289853 0.492169
0 0.790419 0.708409 0.018681 0.0276474 0.490314
0 0.353304 0.287846 0.0219233 0.0368235 0.489251
0 0.786736 0.0645993 0.0174212 0.0279621 0.488715
0 0.280265 0.240564 0.0172205 0.0290923 0.487137
0 0.299166 0.46328 0.0160271 0.0269838 0.486249
0 0.725084 0.55507 0.0243839 0.0445931 0.485552
0 0.429887 0.554114 0.0224152 0.0402483 0.48545
0 0.470169 0.203682 0.019836 0.0377586 0.48502
0 0.554312 0.109541 0.0184821 0.0296954 0.483709
0 0.741359 0.531913 0.0149761 0.030452 0.483491
0 0.978622 0.0741058 0.0189752 0.0388623 0.481905
0 0.848271 0.263711 0.0254721 0.0406263 0.479037
0 0.628073 0.0362869 0.019589 0.0284466 0.479021
0 0.971579 0.46695 0.0150347 0.0206036 0.478401
0 0.819259 0.371275 0.0254639 0.0373149 0.475609
0 0.186475 0.369458 0.014046 0.0287173 0.47542
0 0.240909 0.81403 0.0153917 0.0227934 0.475284
0 0.227735 0.674771 0.0178938 0.0360523 0.474202
0 0.500076 0.952801 0.0242205 0.0338013 0.473978
0 0.968213 0.0326894 0.0169609 0.0313075 0.467867
0 0.932123 0.350429 0.0212185 0.0331163 0.465613
0 0.328302 0.530393 0.0226009 0.0433029 0.46415
0 0.675787 0.462457 0.0204536 0.0332477 0.464021
0 0.0895137 0.973476 0.0129439 0.0227451 0.463277
0 0.116883 0.630858 0.0168192 0.0315177 0.461571
0 0.919736 0.521228 0.0164448 0.0281864 0.460486
0 0.405874 0.169281 0.0163532 0.0313048 0.45548
0 0.879049 0.105648 0.0166538 0.0268724 0.454028
0 0.395359 0.458072 0.0131787 0.0234815 0.453482
0 0.423932 0.0663125 0.0153156 0.0306314 0.452297
0 0.168356 0.809556 0.0136721 0.0246952 0.451681
0 0.00427372 0.930323 0.00848358 0.0365844 0.451258
0 0.461765 0.404403 0.0186588 0.0312531 0.451098
0 0.612222 0.488304 0.0175786 0.033274 0.450779
0 0.639691 0.287814 0.0187833 0.0321431 0.450383
0 0.135088 0.0172051 0.0151438 0.0291745 0.449499
0 0.251101 0.578669 0.0142578 0.0332448 0.448329
0 0.806462 0.0765428 0.0171825 0.0334384 0.448323
0 0.0188281 0.0856553 0.0197929 0.0403755 0.448121
0 0.324538 0.922488 0.020482 0.0369175 0.448101
0 0.196448 0.791786 0.0105899 0.0301524 0.446381
0 0.0784339 0.106178 0.0257087 0.03789 0.444584
0 0.2718 0.648924 0.0230315 0.0378735 0.44242
0 0.712289 0.835822 0.0322479 0.0440582 0.440803
0 0.0949904 0.694638 0.0169478 0.0334932 0.440433
0 0.156431 0.558129 0.0257852 0.0470865 0.438942
0 0.993209 0.323139 0.0135813 0.0304956 0.438906
0 0.329218 0.58892 0.020865 0.0350593 0.438787
0 0.210495 0.0272314 0.0143924 0.028459 0.438746
0 0.877289 0.708421 0.0145836 0.026636 0.43624
0 0.252131 0.111036 0.0146111 0.0275108 0.435941
0 0.988927 0.518041 0.0189777 0.034552 0.434978
0 0.200391 0.858803 0.0137706 0.0178379 0.434367
0 0.163609 0.660574 0.015573 0.026997 0.433929
0 0.927024 0.395671 0.0141176 0.0258204 0.433852
0 0.664285 0.43884 0.0171453 0.0233522 0.432348
0 0.0172357 0.906997 0.0177126 0.0292338 0.431672
0 0.522012 0.418707 0.0320137 0.0494384 0.4309
0 0.913979 0.622445 0.0188232 0.029282 0.430392
0 0.906023 0.830351 0.0168606 0.0304881 0.430057
0 0.355081 0.960543 0.0234721 0.0437371 0.429707
0 0.651684 0.183141 0.0226875 0.044309 0.427186
0 0.228575 0.739161 0.0283991 0.0506573 0.42687
0 0.211943 0.308112 0.0181916 0.0292382 0.426674
0 0.00761936 0.331822 0.0149798 0.0283503 0.425793
0 0.172412 0.533235 0.0172918 0.0269326 0.42561
0 0.0356009 0.929831 0.013998 0.0220723 0.424925
0 0.476495 0.14283 0.0194379 0.0309703 0.422549
0 0.983426 0.248213 0.0198833 0.0372327 0.422488
0 0.306189 0.0256824 0.0149908 0.0269432 0.422338
0 0.310953 0.502438 0.0186702 0.0302865 0.420467
0 0.979346 0.895343 0.0174999 0.0302721 0.418758
0 0.976408 0.785125 0.0157246 0.0228271 0.418441
0 0.667803 0.852807 0.0248085 0.0502947 0.418138
0 0.914013 0.16849 0.0168495 0.0288984 0.415113
0 0.596969 0.214425 0.0124902 0.0246823 0.415092
0 0.507449 0.178256 0.0103176 0.0257184 0.414691
0 0.49891 0.0313951 0.0181007 0.0260791 0.413334
0 0.453893 0.286478 0.0149065 0.0254486 0.413082
0 0.98254 0.815534 0.0169903 0.0286652 0.411575
0 0.553214 0.147526 0.0198914 0.0292449 0.410753
0 0.204254 0.0619001 0.0154319 0.0249362 0.410456
0 0.909701 0.352688 0.0157936 0.030106 0.410246
0 0.286273 0.97582 0.0144733 0.0214242 0.409989
0 0.265793 0.985123 0.0170164 0.0271935 0.408517
0 0.87162 0.0585131 0.0153079 0.0299703 0.408496
0 0.940885 0.521312 0.0150333 0.0292024 0.407489
0 0.231822 0.103213 0.0163557 0.0257775 0.407437
0 0.986391 0.554954 0.0185925 0.0233014 0.407317
0 0.119289 0.947042 0.0190194 0.0300204 0.406307
0 0.437903 0.852661 0.0199277 0.0318286 0.404779
0 0.553104 0.418146 0.0209744 0.0394346 0.404021
0 0.958548 0.800164 0.0135052 0.0249023 0.402661
0 0.0492476 0.34249 0.0217706 0.0265387 0.401011
0 0.273083 0.0727914 0.019419 0.0383954 0.400768
0 0.994361 0.741331 0.011278 0.0255839 0.399397
0 0.406648 0.402502 0.0187286 0.0370413 0.399332
0 0.858216 0.827637 0.0224033 0.0441772 0.398917
0 0.737316 0.346343 0.0183563 0.0368842 0.397004
0 0.312152 0.221824 0.0183623 0.030011 0.396392
0 0.108106 0.0576722 0.0213933 0.0359928 0.396366
0 0.386822 0.801351 0.0204181 0.040528 0.395065
0 0.8993 0.475128 0.0193169 0.0284015 0.394824
0 0.308249 0.56753 0.011945 0.0221035 0.392238
0 0.758564 0.45312 0.0163921 0.0295951 0.390713
0 0.632489 0.112461 0.0182247 0.0312216 0.389737
0 0.171247 0.193608 0.0237617 0.035366 0.38934
0 0.446457 0.4991 0.0150332 0.0252792 0.388109
0 0.0607481 0.877576 0.015137 0.0368585 0.38752
0 0.488315 0.597649 0.0340435 0.0529899 0.386916
0 0.327168 0.0765274 0.0214305 0.0389206 0.384621
0 0.386396 0.18177 0.0137819 0.0233604 0.38394
0 0.47034 0.549105 0.0179632 0.0325077 0.38376
0 0.109573 0.688853 0.0121528 0.0268499 0.382211
0 0.264528 0.14091 0.0156193 0.0289443 0.381923
0 0.375283 0.135634 0.0313243 0.0581013 0.381609
0 0.340909 0.493612 0.013839 0.0252088 0.380423
0 0.86114 0.304412 0.0216461 0.0329245 0.3804
0 0.196438 0.0888109 0.0190048 0.0245882 0.380101
0 0.551039 0.895901 0.0180384 0.0321348 0.375404
0 0.0232928 0.664812 0.0170662 0.0273733 0.374332
0 0.546181 0.577457 0.025187 0.0386559 0.373682
0 0.534642 0.0946027 0.0184424 0.0316135 0.372227
0 0.766896 0.626267 0.0164608 0.0278175 0.372189
0 0.516172 0.00923088 0.0153279 0.0173705 0.371334
0 0.251949 0.0668984 0.0146966 0.0308032 0.37008
0 0.979117 0.967404 0.0163643 0.0232006 0.369312
0 0.535006 0.660227 0.024621 0.0394394 0.368524
0 0.481307 0.929755 0.014333 0.0274707 0.368447
0 0.222529 0.0636249 0.0162852 0.0225742 0.36625
0 0.0792377 0.835968 0.0204016 0.0304073 0.365788
0 0.709512 0.140662 0.0152894 0.0262034 0.365397
0 0.393799 0.329366 0.0197653 0.0350314 0.365165
0 0.62483 0.0713334 0.0149808 0.0263438 0.364304
0 0.445272 0.649278 0.0131903 0.0252164 0.363518
0 0.668552 0.290475 0.0167091 0.0326625 0.363464
0 0.992806 0.712964 0.0143518 0.0251892 0.36255
0 0.81145 0.528258 0.0240126 0.0338867 0.361586
0 0.932776 0.486916 0.0137604 0.0159565 0.360846
0 0.268986 0.187271 0.0195644 0.0357853 0.360772
0 0.214391 0.892904 0.0139293 0.0310265 0.359662
0 0.322033 0.188713 0.0111151 0.025811 0.35913
0 0.198157 0.886001 0.0164786 0.0287033 0.357156
0 0.215571 0.376554 0.0168701 0.0291555 0.356568
0 0.79022 0.956798 0.0176974 0.0298492 0.354888
0 0.756727 0.516754 0.0188168 0.0323707 0.354475
0 0.538205 0.545495 0.0174271 0.0219933 0.353134
0 0.1294 0.166228 0.0234113 0.0361189 0.352514
0 0.8062 0.861179 0.0166278 0.0257273 0.351987
0 0.619898 0.752775 0.0163935 0.0316583 0.350951
0 0.130372 0.818391 0.0193606 0.0313297 0.350484
0 0.0940231 0.852292 0.0166436 0.0294705 0.349764
0 0.890659 0.537857 0.0159651 0.0233749 0.348711
0 0.826259 0.908586 0.0249326 0.0311347 0.347349
0 0.093758 0.470726 0.0141022 0.0286423 0.346077
0 0.342311 0.356135 0.0200189 0.0403625 0.345335
0 0.207664 0.596175 0.0196098 0.0368139 0.345158
0 0.0388204 0.394179 0.0196292 0.0315815 0.345095
0 0.728633 0.930933 0.0166704 0.0305732 0.344685
0 0.280792 0.0108943 0.020733 0.0210941 0.343282
0 0.381917 0.528358 0.0158342 0.0307298 0.340971
0 0.703593 0.844277 0.0173458 0.0295522 0.339334
0 0.375438 0.288423 0.0132367 0.0259853 0.33905
0 0.58555 0.594776 0.0122803 0.0317366 0.337502
0 0.0978149 0.383014 0.0224592 0.0344148 0.336998
0 0.177548 0.736315 0.0167401 0.0245232 0.336751
0 0.0670177 0.541221 0.0152639 0.0295732 0.336561
0 0.850686 0.97902 0.0227734 0.0389069 0.333364
0 0.29297 0.0657457 0.0219443 0.0395438 0.333176
0 0.321711 0.0307398 0.0147939 0.026846 0.331797
0 0.269843 0.377564 0.018958 0.0318294 0.331619
0 0.891997 0.108199 0.0110893 0.0247698 0.331057
0 0.307483 0.729074 0.0167829 0.0361823 0.330806
0 0.268177 0.279501 0.0135886 0.0277041 0.330775
0 0.532992 0.514482 0.0154689 0.0275712 0.330156
0 0.158182 0.616031 0.0103759 0.0219689 0.330048
0 0.129975 0.465019 0.0178382 0.0406043 0.329738
0 0.256898 0.782812 0.0159729 0.0307566 0.327816
0 0.558695 0.345131 0.0175814 0.037125 0.327546
0 0.159036 0.566855 0.0237317 0.0339737 0.327545
0 0.30288 0.949103 0.0185751 0.029252 0.327521
0 0.0302079 0.536714 0.0197082 0.0314784 0.327308
0 0.957154 0.0738065 0.0179657 0.0341907 0.326263
0 0.73504 0.797281 0.0150924 0.0206078 0.325054
0 0.786146 0.545791 0.0197584 0.0270702 0.323199
0 0.61758 0.687896 0.0216019 0.0359326 0.322966
0 0.839859 0.585533 0.0157742 0.0318202 0.322933
0 0.616871 0.646323 0.0172464 0.0302131 0.322923
0 0.264846 0.850275 0.0156887 0.0249118 0.322124
0 0.268931 0.600268 0.0224491 0.0420741 0.321294
0 0.422102 0.350237 0.015407 0.0285094 0.320787
0 0.883219 0.138679 0.0127491 0.0242916 0.320619
0 0.739786 0.838846 0.0192885 0.0256673 0.320343
0 0.578664 0.118915 0.0154148 0.0228948 0.320256
0 0.22715 0.845368 0.0139492 0.0210036 0.319954
0 0.293051 0.271342 0.0147276 0.0373936 0.31974
0 0.36659 0.806475 0.0184155 0.0302926 0.318933
0 0.144997 0.986856 0.0188881 0.0259203 0.316643
0 0.385894 0.501033 0.0176437 0.0253407 0.316525
0 0.107893 0.811823 0.0133469 0.0293842 0.316365
0 0.119743 0.681867 0.0147698 0.029535 0.315654
0 0.0550463 0.775763 0.0183293 0.0335591 0.314974
0 0.696377 0.64765 0.0161508 0.032568 0.314727
0 0.56286 0.938372 0.0147374 0.0204848 0.314516
0 0.196566 0.449051 0.0227731 0.0316666 0.313879
0 0.118181 0.895474 0.0192597 0.0297628 0.313635
0 0.420069 0.314101 0.0159344 0.0320731 0.311787
0 0.812258 0.707238 0.0170317 0.027181 0.311352
0 0.587086 0.0997401 0.0132539 0.0238951 0.311227
0 0.660818 0.496207 0.0171883 0.0279197 0.310803
0 0.466899 0.441318 0.0189035 0.0332701 0.310713
0 0.824577 0.0112572 0.013426 0.0213944 0.309768
0 0.40386 0.544208 0.0219887 0.0373581 0.309197
0 0.552652 0.0741605 0.0126223 0.0193371 0.308213
0 0.0561565 0.178733 0.0216357 0.040962 0.307889
0 0.482697 0.498735 0.0171043 0.0263637 0.305997
0 0.792829 0.650725 0.0121684 0.0262109 0.304397
0 0.733342 0.766284 0.0241959 0.0389533 0.303119
0 0.940612 0.463667 0.0226602 0.032017 0.302917
0 0.954139 0.115372 0.0211784 0.0343488 0.302481
0 0.845716 0.423421 0.0266426 0.053097 0.302141
0 0.853711 0.0321876 0.0213009 0.0332816 0.3019
0 0.935139 0.564342 0.0127956 0.0270879 0.300967
0 0.284116 0.150892 0.0184096 0.0294284 0.299932
0 0.418047 0.48439 0.022864 0.0429645 0.299297
0 0.525906 0.422007 0.0266272 0.0450131 0.299018
0 0.193959 0.0867054 0.0215625 0.0265714 0.297815
0 0.654819 0.0655119 0.0194412 0.0312315 0.297643
0 0.777861 0.214149 0.0184657 0.0249571 0.297121
0 0.138446 0.747304 0.0136123 0.0179372 0.295562
0 0.865855 0.700844 0.017268 0.0264577 0.293436
0 0.376787 0.64487 0.0165931 0.0294201 0.292363
0 0.447112 0.322786 0.0239195 0.0329555 0.291277
0 0.0368588 0.592155 0.0144125 0.0265933 0.29127
0 0.545479 0.172182 0.0124465 0.0259412 0.289084
0 0.292107 0.498939 0.015184 0.0287658 0.289019
0 0.302848 0.0835025 0.0156736 0.0251937 0.28738
0 0.720587 0.975014 0.0187508 0.0372604 0.286307
0 0.281255 0.837957 0.0204643 0.0381493 0.286064
0 0.172476 0.503481 0.0147877 0.028106 0.285775
0 0.248284 0.302157 0.017817 0.0328047 0.285704
0 0.666733 0.190725 0.0134926 0.0312818 0.28429
0 0.117371 0.212507 0.0257543 0.0436557 0.283448
0 0.521918 0.167498 0.0176113 0.0268607 0.282779
0 0.947994 0.964909 0.0182739 0.0303764 0.281037
0 0.0294753 0.720378 0.0143168 0.0247993 0.279584
0 0.397019 0.0296673 0.0163008 0.0311319 0.278928
0 0.38765 0.677115 0.0142276 0.0290393 0.27811
0 0.60345 0.122409 0.0186714 0.027623 0.277298
0 0.0676033 0.00828331 0.0175559 0.0164239 0.275569
0 0.570863 0.320166 0.0130247 0.0225329 0.274135
0 0.408741 0.652019 0.0260107 0.0444833 0.273835
0 0.773933 0.969491 0.018111 0.0307597 0.273681
0 0.669584 0.722206 0.0259658 0.044163 0.273138
0 0.526698 0.189564 0.0192061 0.0291533 0.272866
0 0.302082 0.856317 0.0173985 0.0343014 0.272434
0 0.255884 0.701003 0.0218838 0.0396367 0.27161
0 0.893498 0.0533943 0.0202381 0.0332212 0.271243
0 0.421313 0.195703 0.0149178 0.0265234 0.271167
0 0.129989 0.45964 0.0214382 0.0503697 0.270062
0 0.267523 0.310284 0.0123615 0.0229418 0.269352
0 0.438668 0.376159 0.0159498 0.0255055 0.269344
0 0.235629 0.37256 0.014898 0.0241301 0.268746
0 0.450222 0.566192 0.0197308 0.036926 0.268007
0 0.0479476 0.734974 0.0159064 0.0184825 0.267672
0 0.908209 0.251507 0.0227411 0.0319677 0.267376
0 0.710511 0.222442 0.0165373 0.030208 0.266748
0 0.290602 0.742458 0.0156213 0.0305535 0.266042
0 0.528039 0.0337221 0.0125843 0.0227709 0.265894
0 0.209946 0.963855 0.0399877 0.0677166 0.265045
0 0.955959 0.252892 0.0154217 0.0273497 0.264584
0 0.57085 0.200438 0.0172338 0.0252786 0.264428
0 0.906644 0.980372 0.0270794 0.0362993 0.262741
0 0.130332 0.455133 0.0284773 0.0580736 0.26216
0 0.997262 0.411708 0.00547581 0.0255644 0.261849
0 0.699267 0.187733 0.0157756 0.0328694 0.261752
0 0.499893 0.894268 0.0183432 0.0303336 0.261139
0 0.946751 0.686329 0.0202091 0.0322564 0.260596
0 0.613865 0.442503 0.0166191 0.0274209 0.260045
0 0.220448 0.864947 0.0134315 0.0196187 0.259928
0 0.687416 0.762767 0.0184746 0.0386291 0.259735
0 0.447263 0.201591 0.0134701 0.0178341 0.25925
0 0.735882 0.191126 0.0173937 0.0266045 0.258977
0 0.453112 0.377213 0.0142568 0.0228665 0.258676
0 0.622385 0.263038 0.0165735 0.0303261 0.258211
0 0.980947 0.0773686 0.0204182 0.037573 0.257286
0 0.355815 0.384973 0.019595 0.0281764 0.256789
0 0.0531223 0.106163 0.014875 0.0252651 0.256739
0 0.12256 0.285737 0.0177573 0.0287194 0.255933
0 0.240597 0.6573 0.0117169 0.0226809 0.253687
0 0.970939 0.592934 0.0141399 0.0289354 0.252541
0 0.940188 0.63973 0.0213951 0.0357304 0.252245
0 0.219893 0.974672 0.0248904 0.0486087 0.251227
0 0.633886 0.109085 0.0179591 0.0274464 0.250345
0 0.47079 0.321762 0.00981979 0.0285929 0.250148
0 0.179535 0.336216 0.0152338 0.0283115 0.250007
0 0.510126 0.0568877 0.0153115 0.026845 0.249124
0 0.547608 0.759266 0.0160242 0.0297801 0.248702
0 0.577059 0.265128 0.0202927 0.0319598 0.248528
0 0.172328 0.468462 0.0150131 0.0254026 0.248431
0 0.490746 0.171052 0.0139488 0.0278464 0.248205
0 0.153391 0.552796 0.0207322 0.0375058 0.247047
0 0.424998 0.428949 0.0161905 0.0291809 0.246562
0 0.396699 0.322611 0.0207256 0.0412801 0.246137
0 0.203432 0.658283 0.0189635 0.0266717 0.245918
0 0.465147 0.973706 0.0219994 0.0323941 0.244564
0 0.672217 0.717238 0.0222549 0.0370927 0.242372
0 0.579554 0.17224 0.0154955 0.0272714 0.241801
0 0.941599 0.0106519 0.0218437 0.0201277 0.241393
0 0.325666 0.252708 0.0183838 0.0354505 0.241039
0 0.985739 0.815738 0.0204132 0.024943 0.240979
0 0.130974 0.506113 0.0196049 0.0316959 0.239745
0 0.704025 0.0773755 0.0153381 0.0285884 0.239302
0 0.484964 0.592231 0.0298132 0.0446827 0.239132
0 0.103632 0.0559012 0.0294309 0.0412735 0.239111
0 0.792598 0.495415 0.0220228 0.029035 0.238812
0 0.341233 0.246094 0.0132111 0.0257891 0.238409
0 0.740395 0.065697 0.0138887 0.0273246 0.238346
0 0.960195 0.754821 0.0109886 0.0260315 0.236768
0 0.521209 0.710169 0.0157799 0.0269734 0.235769
0 0.997319 0.473301 0.00536194 0.0348067 0.235432
0 0.141844 0.452604 0.0136739 0.0433782 0.234389
0 0.894309 0.108996 0.00939369 0.0235164 0.234291
0 0.421915 0.0116961 0.0191589 0.022948 0.233488
0 0.532836 0.913967 0.0191431 0.0300134 0.231957
0 0.729191 0.16128 0.0145316 0.0265771 0.231452
0 0.910911 0.346987 0.0171129 0.0375082 0.231031
0 0.387955 0.184328 0.0141966 0.0225015 0.230929
0 0.230825 0.745303 0.0242184 0.0376984 0.230302
0 0.258396 0.650442 0.0134117 0.0306732 0.22993
0 0.0498223 0.101465 0.0169206 0.0255596 0.229325
0 0.567386 0.755349 0.0232981 0.0428316 0.228466
0 0.249046 0.957857 0.0160759 0.0170761 0.228194
0 0.753585 0.337704 0.0183753 0.0333145 0.228029
0 0.0340848 0.26725 0.0251813 0.0374936 0.227894
0 0.151329 0.105192 0.0162937 0.0288507 0.227161
0 0.651684 0.0992271 0.0131835 0.0196636 0.227084
0 0.944728 0.683389 0.0185864 0.0343179 0.226626
0 0.541085 0.00928557 0.0211876 0.0176169 0.225624
0 0.380515 0.136932 0.0223364 0.050785 0.22556
0 0.521413 0.797583 0.0154994 0.035182 0.225463
0 0.66612 0.725585 0.0221071 0.0415734 0.225317
0 0.992618 0.51806 0.0147636 0.0341033 0.225099
0 0.60845 0.723485 0.0139145 0.0297774 0.22392
0 0.66515 0.442449 0.0169493 0.0290165 0.223157
0 0.436519 0.615347 0.0267242 0.033881 0.221829
0 0.99044 0.0840947 0.0174667 0.0267259 0.221627
0 0.353437 0.909912 0.0154833 0.0196421 0.221144
0 0.94146 0.728998 0.0163673 0.0249452 0.220406
0 0.0161005 0.153775 0.0314884 0.0676567 0.22025
0 0.993365 0.376567 0.0132704 0.0335275 0.219898
0 0.641278 0.734304 0.0214853 0.0348053 0.219673
0 0.346932 0.0940126 0.0133974 0.0269089 0.218749
0 0.375642 0.40889 0.0121946 0.0273361 0.218384
0 0.294823 0.50172 0.0131321 0.0282735 0.217829
0 0.0720997 0.170206 0.0140876 0.0372369 0.217781
0 0.14417 0.177034 0.0162502 0.0297474 0.217326
0 0.603181 0.14586 0.0181592 0.0250478 0.217022
0 0.793096 0.404203 0.0207625 0.0399143 0.216872
0 0.588123 0.357818 0.0305632 0.0434623 0.216459
0 0.200663 0.631724 0.0187702 0.0252606 0.216335
0 0.986953 0.604921 0.0254017 0.0486008 0.215315
0 0.451907 0.103471 0.0145386 0.0262883 0.214622
0 0.203411 0.196642 0.0186648 0.0269324 0.213596
0 0.383219 0.373992 0.0184402 0.0266447 0.212979
0 0.0536517 0.34382 0.0167773 0.0262554 0.212206
0 0.0557618 0.107448 0.0122543 0.0258148 0.211615
0 0.209942 0.305239 0.0190283 0.029394 0.211584
0 0.219757 0.780834 0.0179643 0.0222399 0.211549
0 0.217953 0.965909 0.0286319 0.0646778 0.208509
0 0.502294 0.942762 0.0229044 0.042472 0.208254
0 0.990788 0.554652 0.018129 0.0233408 0.20692
0 0.596145 0.870417 0.0158838 0.0285723 0.206164
0 0.890801 0.375518 0.0206764 0.0300681 0.205821
0 0.568555 0.642457 0.0158304 0.0250271 0.205306
0 0.327825 0.582982 0.0209274 0.0427786 0.205072
0 0.2631 0.0341818 0.0187758 0.0335755 0.204185
0 0.714628 0.191679 0.0124552 0.022732 0.203549
0 0.0701472 0.172118 0.0144873 0.0406613 0.203428
0 0.339703 0.726785 0.0217324 0.0321415 0.203411
0 0.680389 0.497535 0.014217 0.0254524 0.202218
0 0.2151 0.524301 0.0150919 0.0256994 0.201327
0 0.401145 0.403092 0.0270751 0.0418015 0.201312
0 0.112319 0.686524 0.0152883 0.0280189 0.200485
0 0.909865 0.404136 0.0136181 0.0334879 0.200463
0 0.816086 0.526311 0.0189774 0.0299654 0.200406
0 0.597021 0.633598 0.0175709 0.0309994 0.199695
0 0.143996 0.452659 0.0109878 0.0375485 0.199599
0 0.071469 0.438755 0.0182861 0.0353521 0.198914
0 0.767089 0.821964 0.0204408 0.0320146 0.198849
0 0.754203 0.0218797 0.0187198 0.0360271 0.195521
0 0.754581 0.940189 0.0185253 0.0274217 0.19546
0 0.910687 0.83097 0.0191267 0.0334052 0.195029
0 0.0945588 0.224028 0.0162373 0.0352645 0.193752
0 0.326382 0.924896 0.0173909 0.030031 0.193483
0 0.0375924 0.359754 0.0152349 0.0237829 0.192146
0 0.474153 0.275037 0.0168936 0.0272258 0.19192
0 0.98711 0.0821892 0.0195869 0.0307204 0.191103
0 0.299799 0.54393 0.0157683 0.0236484 0.190539
0 0.451576 0.324888 0.015531 0.0277797 0.190348
0 0.11647 0.993314 0.0211784 0.0128551 0.189088
0 0.717137 0.333544 0.0183236 0.0316032 0.188797
0 0.74945 0.15442 0.0164143 0.0321216 0.188533
0 0.621511 0.517993 0.0143143 0.0270023 0.188405
0 0.983349 0.554873 0.0156078 0.0226164 0.187508
0 0.270827 0.494775 0.0133198 0.030036 0.186599
0 0.623655 0.259605 0.0186464 0.0281589 0.185857
0 0.930053 0.31362 0.0187851 0.0314188 0.18509
0 0.995006 0.776809 0.00998866 0.0243725 0.184949
0 0.98674 0.246437 0.0253346 0.0367746 0.184499
0 0.484209 0.697936 0.0229216 0.0410831 0.183978
0 0.753286 0.565873 0.0154709 0.0275055 0.183761
0 0.291127 0.343874 0.0192255 0.0343636 0.183535
0 0.808797 0.282605 0.0197975 0.0283321 0.183216
0 0.230877 0.587784 0.0170554 0.0287811 0.182277
0 0.523581 0.166865 0.0185284 0.0213438 0.182071
0 0.82634 0.00909954 0.0123009 0.0174346 0.181898
0 0.455199 0.816199 0.013481 0.0249969 0.181072
0 0.721372 0.620197 0.0150019 0.0280567 0.181044
0 0.240404 0.543931 0.0202068 0.0380893 0.180853
0 0.446171 0.446714 0.0194456 0.027968 0.180788
0 0.234604 0.15263 0.0225764 0.0408669 0.180441
0 0.253485 0.35766 0.0134101 0.0308427 0.179179
0 0.815466 0.954894 0.0236895 0.0381068 0.179171
0 0.111266 0.942482 0.0222204 0.0330969 0.178905
0 0.615695 0.395501 0.0146759 0.0275582 0.177451
0 0.499185 0.298589 0.021117 0.0281743 0.176778
0 0.449345 0.196171 0.0135319 0.0214164 0.176723
0 0.627895 0.419633 0.0149361 0.0292448 0.17627
0 0.704154 0.49342 0.0175354 0.029299 0.17561
0 0.392607 0.258428 0.0150932 0.0247952 0.175392
0 0.24948 0.258807 0.0176134 0.0357135 0.1752
0 0.997102 0.654225 0.00579567 0.0327926 0.174841
0 0.389696 0.568024 0.0120412 0.0238898 0.174461
0 0.9547 0.30976 0.0174225 0.0310457 0.174383
0 0.612393 0.983349 0.0260205 0.0322686 0.173103
0 0.66688 0.0495975 0.0119614 0.0252617 0.173079
0 0.831119 0.229275 0.0175379 0.034128 0.173052
0 0.146987 0.321403 0.0177677 0.0303058 0.171584
0 0.00768425 0.53562 0.0149688 0.0276082 0.170427
0 0.773789 0.503012 0.0131491 0.0262054 0.17004
0 0.0233234 0.613301 0.0173316 0.030738 0.169957
0 0.88667 0.742668 0.0183802 0.0222724 0.169929
0 0.537433 0.796587 0.0146477 0.0342834 0.169777
0 0.733867 0.296884 0.0228975 0.0382386 0.168379
0 0.904668 0.789338 0.0129181 0.0269175 0.167948
0 0.240718 0.881562 0.0141293 0.0316739 0.16783
0 0.390388 0.19033 0.0144708 0.0179133 0.167264
0 0.291557 0.275711 0.0171884 0.0418832 0.167212
0 0.534847 0.356536 0.0150809 0.0262767 0.167039
0 0.0941503 0.0527098 0.0199182 0.04203 0.164863
0 0.474043 0.209049 0.0233867 0.0400555 0.164719
0 0.192609 0.0300423 0.0138587 0.0220648 0.164602
0 0.903239 0.831667 0.0186559 0.0290699 0.164417
0 0.378849 0.964462 0.0215295 0.0376506 0.164416
0 0.900044 0.135096 0.0120647 0.0256788 0.164153
0 0.1021 0.691174 0.019181 0.0322705 0.163789
0 0.552478 0.822869 0.0199381 0.0373467 0.1632
0 0.202792 0.659378 0.014327 0.0252383 0.162962
0 0.555567 0.223184 0.0158994 0.0255024 0.162946
0 0.754316 0.507805 0.0215632 0.0466295 0.162823
0 0.142057 0.882277 0.0149715 0.0291616 0.162441
0 0.622639 0.333102 0.0183407 0.0302155 0.161948
0 0.979752 0.198242 0.0121853 0.0291069 0.161861
0 0.190306 0.0842377 0.0190623 0.0293537 0.161629
0 0.0780365 0.570235 0.0116659 0.0186109 0.161618
0 0.50828 0.326045 0.0165625 0.0231367 0.161472
0 0.886407 0.936587 0.0189365 0.0338179 0.161155
0 0.493864 0.541204 0.0209776 0.0374583 0.160429
0 0.76598 0.289219 0.0217274 0.0300189 0.1604
0 0.617718 0.7511 0.0144536 0.0337067 0.160224
0 0.563288 0.0466014 0.0155782 0.0290208 0.160007
0 0.256223 0.650379 0.0120104 0.0266229 0.15989
0 0.955525 0.0680871 0.022842 0.0439677 0.15969
0 0.391238 0.0874638 0.0116463 0.0333739 0.15969
0 0.143319 0.17327 0.0188139 0.0363679 0.159512
0 0.458237 0.404001 0.018795 0.0300717 0.159421
0 0.993441 0.0865577 0.0120949 0.0241928 0.15941
0 0.443945 0.453092 0.0182927 0.0223763 0.158516
0 0.222305 0.0294563 0.0163788 0.0304567 0.158376
0 0.129078 0.813787 0.0203543 0.0370741 0.157998
0 0.5405 0.0452414 0.0168825 0.0305287 0.157945
0 0.516409 0.418651 0.024321 0.0445511 0.157628
0 0.455758 0.690186 0.0203751 0.0327203 0.157445
0 0.469014 0.0291968 0.0180637 0.0296524 0.156384
0 0.169647 0.124528 0.0169152 0.0245571 0.156207
0 0.340455 0.716179 0.0227898 0.0496982 0.155973
0 0.0852109 0.340339 0.0146508 0.0289633 0.155712
0 0.683265 0.767004 0.0236505 0.040565 0.155712
0 0.174094 0.196954 0.0225152 0.0317205 0.15568
0 0.467642 0.0113867 0.0193426 0.0201792 0.155219
0 0.592772 0.440037 0.0188209 0.0338172 0.154731
0 0.689939 0.0898866 0.013624 0.0240524 0.153731
0 0.690045 0.220024 0.0152964 0.0299935 0.15365
0 0.476268 0.0242356 0.0151571 0.0275857 0.153469
0 0.707165 0.221913 0.020966 0.0309882 0.153423
0 0.414926 0.48057 0.0285182 0.0447331 0.153397
0 0.919045 0.769169 0.013345 0.0276052 0.153214
0 0.75503 0.789136 0.0135241 0.028536 0.152739
0 0.470721 0.924639 0.0214915 0.0297248 0.152566
0 0.684411 0.0736001 0.0151081 0.0307278 0.152518
0 0.962197 0.851602 0.0223469 0.0312453 0.152506
0 0.238574 0.8742 0.0180629 0.0283129 0.152391
0 0.183751 0.603487 0.0141621 0.0280991 0.151945
0 0.254174 0.693812 0.0217768 0.0428133 0.151766
0 0.0156054 0.430021 0.0222918 0.0426783 0.15166
0 0.403809 0.47188 0.0119683 0.0287712 0.151365
0 0.451921 0.470363 0.0159029 0.0238119 0.150455
0 0.275962 0.4234 0.0200787 0.0365607 0.149684
0 0.729996 0.29766 0.0266138 0.040236 0.149565
0 0.0688555 0.0102383 0.0213845 0.0204767 0.148689
0 0.758231 0.785065 0.0158501 0.0326976 0.148374
0 0.983608 0.427259 0.0128498 0.0240684 0.148182
0 0.705898 0.694681 0.0235008 0.0397673 0.147917
0 0.0385474 0.594851 0.0120202 0.0248689 0.14774
0 0.10552 0.240918 0.0212921 0.0279706 0.147267
0 0.307582 0.255948 0.0148407 0.0286357 0.146821
0 0.451949 0.283219 0.0174575 0.0327964 0.146075
0 0.465043 0.643851 0.0232572 0.034164 0.146026
0 0.481488 0.0230189 0.0131053 0.0243619 0.145981
0 0.432871 0.618416 0.0229897 0.0337982 0.145907
0 0.538016 0.0106377 0.0177827 0.0171436 0.145833
0 0.446123 0.441059 0.0179115 0.0282583 0.145781
0 0.442367 0.261328 0.0175173 0.022267 0.145246
0 0.300965 0.0816538 0.0178741 0.0269874 0.145187
0 0.660338 0.245676 0.0191204 0.0331877 0.145168
0 0.557612 0.257682 0.015244 0.0265087 0.145064
0 0.745585 0.0116475 0.0290684 0.0231684 0.143769
0 0.603307 0.271668 0.0142064 0.0107927 0.143544
0 0.408188 0.775337 0.0194546 0.0326731 0.14354
0 0.314492 0.222052 0.0137832 0.0256797 0.143014
0 0.985589 0.611057 0.0224373 0.0353161 0.142677
0 0.137641 0.171513 0.023927 0.0381672 0.142442
0 0.949809 0.690506 0.02066 0.0301078 0.142381
0 0.312017 0.702324 0.0133449 0.0270814 0.142352
0 0.944216 0.729248 0.0197769 0.0270165 0.141533
0 0.448676 0.200082 0.0138006 0.0183793 0.141332
0 0.354907 0.419787 0.0189021 0.0252513 0.141236
0 0.99511 0.287878 0.00977974 0.0278033 0.141196
0 0.521655 0.933503 0.0113089 0.0278659 0.141072
0 0.922953 0.0332414 0.0144279 0.0237048 0.141019
0 0.117209 0.682907 0.014117 0.0332539 0.141006
0 0.602382 0.142093 0.0192364 0.0288564 0.140519
0 0.963482 0.752707 0.00850334 0.0261393 0.140458
0 0.0714564 0.757327 0.01484 0.019489 0.139943
0 0.503319 0.223328 0.0134977 0.030123 0.139814
0 0.111398 0.116022 0.0179606 0.0254018 0.139644
0 0.954395 0.613341 0.0255199 0.0484524 0.139554
0 0.115358 0.686012 0.0156577 0.0278245 0.139469
0 0.0621516 0.881364 0.0158646 0.0317166 0.139363
0 0.712924 0.1908 0.0123377 0.0258195 0.139229
0 0.225252 0.0316913 0.0162226 0.0308547 0.138976
0 0.996442 0.289212 0.00711517 0.0303709 0.138171
0 0.383112 0.49941 0.0204889 0.0242865 0.137832
0 0.679718 0.456173 0.0164672 0.0392615 0.137074
0 0.742072 0.0108541 0.0235502 0.0211501 0.136611
0 0.0488541 0.603566 0.0146727 0.0249839 0.135994
0 0.549275 0.165332 0.0178568 0.0262319 0.135982
0 0.199432 0.545902 0.0159686 0.0335941 0.135726
0 0.761199 0.780554 0.0176399 0.0314117 0.13563
0 0.467693 0.923435 0.0190418 0.0280765 0.135131
0 0.10705 0.773195 0.0134414 0.0216593 0.135063
0 0.628725 0.253021 0.0167805 0.0245243 0.134798
0 0.342206 0.707357 0.0215262 0.0331879 0.134647
0 0.943637 0.00877331 0.0232149 0.0169627 0.134605
0 0.0925543 0.176526 0.0179161 0.0319618 0.134536
0 0.869659 0.93766 0.0146099 0.0273579 0.134387
0 0.845022 0.00620955 0.0222763 0.0118411 0.133818
0 0.404894 0.118247 0.0137421 0.0253762 0.132757
0 0.578429 0.265358 0.0173777 0.0260481 0.132317
0 0.601929 0.25619 0.0191543 0.0286798 0.132181
0 0.287934 0.612658 0.014904 0.0261254 0.132082
0 0.0772656 0.735017 0.0223992 0.0314813 0.131962
0 0.69157 0.0870854 0.0107122 0.0281598 0.131792
0 0.592343 0.0591644 0.0180294 0.0296441 0.129708
0 0.167455 0.0927461 0.0182155 0.0331121 0.128995
0 0.402222 0.0786918 0.0165653 0.0321974 0.128888
0 0.801674 0.0192023 0.0223164 0.0299634 0.128859
0 0.0243391 0.0102559 0.0184729 0.0200958 0.128538
0 0.669526 0.625316 0.0165123 0.0284123 0.128437
0 0.240292 0.880179 0.0191403 0.0296392 0.128426
0 0.196889 0.792813 0.0136443 0.0263497 0.128118
0 0.404801 0.818048 0.0144669 0.0331706 0.128089
0 0.449016 0.466434 0.0185408 0.0238354 0.127984
0 0.219121 0.867822 0.0150011 0.0169162 0.127866
0 0.889583 0.807937 0.0138134 0.0258728 0.127295
0 0.687876 0.0882201 0.0154424 0.0261444 0.12674
0 0.704791 0.577025 0.0157463 0.031754 0.126571
0 0.388294 0.18662 0.017112 0.0235245 0.125757
0 0.857382 0.357464 0.0256098 0.0426503 0.125693
0 0.577774 0.121975 0.0146137 0.020276 0.123907
0 0.393432 0.0879854 0.0145763 0.0334165 0.123604
0 0.00328524 0.984887 0.00655604 0.0269393 0.123541
0 0.321309 0.00631683 0.0162408 0.0115501 0.122925
0 0.191173 0.561112 0.0216948 0.0326344 0.122733
0 0.194589 0.91484 0.0175497 0.0223809 0.122106
0 0.974548 0.124525 0.0165314 0.0288262 0.122037
0 0.357511 0.0869265 0.0112266 0.032155 0.121429
0 0.982654 0.422372 0.0128207 0.0273021 0.121415
0 0.126585 0.857089 0.015593 0.0190247 0.121228
0 0.709503 0.138614 0.018055 0.0326116 0.12042
0 0.492054 0.16847 0.0145681 0.0273553 0.120092
0 0.323775 0.255482 0.0161261 0.0311933 0.120002
0 0.855078 0.577483 0.0252823 0.0463004 0.119974
0 0.746915 0.34108 0.0195597 0.034926 0.119016
0 0.404893 0.475321 0.0130623 0.0338738 0.118645
0 0.292857 0.502655 0.0112578 0.0266998 0.118408
0 0.600486 0.582344 0.0174839 0.0349803 0.11816
0 0.3724 0.891236 0.0206567 0.0354275 0.118148
0 0.0912123 0.850585 0.0164066 0.0319539 0.117898
0 0.440046 0.405815 0.0130969 0.0213001 0.117712
0 0.803335 0.0165883 0.0170446 0.0274296 0.117706
0 0.572851 0.435048 0.0137206 0.0224516 0.117293
0 0.915904 0.0557815 0.0126991 0.0247821 0.116867
0 0.154453 0.100285 0.0195706 0.0380408 0.11665
0 0.476552 0.787323 0.0141156 0.0255259 0.116371
0 0.582159 0.357515 0.0203856 0.0427807 0.116191
0 0.400034 0.467273 0.0147278 0.0279577 0.115132
0 0.188099 0.562447 0.0197207 0.032357 0.115121
0 0.523807 0.175904 0.0183773 0.0291668 0.114589
0 0.227533 0.0335282 0.0133795 0.0271233 0.114412
0 0.0475546 0.735388 0.0174045 0.0244453 0.114401
0 0.738158 0.0648134 0.0154485 0.0289833 0.114247
0 0.688273 0.819186 0.0175358 0.0215807 0.113862
0 0.289572 0.496101 0.017887 0.0309218 0.113383
0 0.0997622 0.228676 0.0224687 0.0386897 0.11327
0 0.313034 0.505877 0.0174421 0.0240177 0.112859
0 0.153277 0.492287 0.0198102 0.0403224 0.112487
0 0.489111 0.174617 0.01608 0.0289889 0.112479
0 0.851742 0.369447 0.0199832 0.0322752 0.112457
0 0.198393 0.793103 0.0159617 0.0308729 0.112239
0 0.320911 0.992567 0.0231567 0.0139798 0.111919
0 0.34282 0.205738 0.0263738 0.0330569 0.111745
0 0.210164 0.223128 0.015554 0.0194888 0.111455
0 0.990523 0.443236 0.0153616 0.0207548 0.111244
0 0.426799 0.0985972 0.0141264 0.0222094 0.110152
0 0.916814 0.898216 0.0134581 0.0332889 0.110081
0 0.995858 0.414556 0.00828438 0.0296388 0.109967
0 0.50714 0.172252 0.0119505 0.0342155 0.109917
0 0.740258 0.343439 0.0137576 0.0320915 0.109798
0 0.43113 0.174554 0.014788 0.0265307 0.109783
0 0.454321 0.174985 0.0134802 0.0253086 0.109746
0 0.994086 0.246848 0.0118282 0.0323083 0.109525
0 0.987458 0.440395 0.0151794 0.0227475 0.109516
0 0.364872 0.0825663 0.0164936 0.0303081 0.109385
0 0.599587 0.216231 0.0123521 0.024898 0.109256
0 0.50069 0.657654 0.0263186 0.0417484 0.109234
0 0.447829 0.904813 0.0154541 0.0259976 0.108706
0 0.931526 0.317542 0.0189903 0.0283104 0.108221
0 0.654351 0.128913 0.0159141 0.0250417 0.108091
0 0.317896 0.480701 0.0194624 0.0276955 0.108047
0 0.906188 0.211099 0.0113308 0.0291656 0.107999
0 0.74817 0.0194525 0.0299171 0.038686 0.107072
0 0.444412 0.376403 0.0164186 0.026231 0.107038
0 0.630366 0.00876201 0.0211315 0.017524 0.106929
0 0.306804 0.625572 0.0146303 0.0248198 0.106236
0 0.971451 0.0332124 0.0175646 0.0309919 0.105774
0 0.462297 0.00845353 0.0254999 0.0169071 0.10575
0 0.952304 0.607774 0.022728 0.0381375 0.105406
0 0.00853735 0.21188 0.0168429 0.0340407 0.10531
0 0.272277 0.0781804 0.0185722 0.0318841 0.105284
0 0.164782 0.569897 0.0138295 0.0281976 0.105209
0 0.00408216 0.922791 0.00789971 0.0496874 0.105007
0 0.426135 0.425779 0.013612 0.0262324 0.104786
0 0.109816 0.854741 0.0122297 0.0240689 0.104706
0 0.00507864 0.368013 0.00967231 0.0290307 0.104095
0 0.273195 0.59989 0.0311722 0.0441144 0.103404
0 0.691459 0.146959 0.0127739 0.0267626 0.103257
0 0.522028 0.338381 0.0140278 0.0222661 0.102955
0 0.449156 0.568715 0.0161119 0.0295991 0.102241
0 0.870136 0.70491 0.0228092 0.0300039 0.102187
0 0.395605 0.402934 0.0215924 0.0397818 0.101931
0 0.592267 0.359238 0.0318272 0.0484319 0.101764
0 0.526016 0.298102 0.0123964 0.0253993 0.101625
0 0.874519 0.557506 0.0129635 0.0235223 0.101526
0 0.398758 0.312003 0.0199148 0.0342288 0.101446
0 0.161813 0.297465 0.0153497 0.0256326 0.101379
0 0.292541 0.739725 0.016484 0.0305083 0.101326
0 0.49679 0.301956 0.0238277 0.0329339 0.100929
0 0.543223 0.698749 0.0167727 0.0253255 0.100779
0 0.691968 0.142523 0.0108209 0.0266773 0.100761
0 0.00801774 0.542954 0.0155883 0.0227937 0.10075
0 0.794274 0.648417 0.0120544 0.0266807 0.100401
0 0.358501 0.624166 0.0173473 0.0305328 0.100154
0 0.480324 0.591545 0.0233805 0.0427328 0.100138
