0 0.051888 0.870538 0.0250284 0.0412688 0.698641
0 0.614002 0.612109 0.0195751 0.039227 0.693882
0 0.101872 0.82686 0.0264948 0.0475091 0.69314
0 0.130348 0.804221 0.0245468 0.0491503 0.684926
0 0.450104 0.651201 0.0169151 0.034353 0.67925
0 0.938696 0.663763 0.0268032 0.0484507 0.678827
0 0.965279 0.66067 0.0251745 0.0432323 0.671709
0 0.0556396 0.91368 0.019697 0.0334563 0.668607
0 0.0769156 0.503756 0.0250469 0.0424581 0.667927
0 0.00860131 0.755284 0.0171896 0.0443075 0.667532
0 0.0635267 0.776184 0.0215756 0.037724 0.665434
0 0.634773 0.128475 0.0233067 0.0448017 0.663233
0 0.0797554 0.873044 0.0211949 0.0363024 0.661343
0 0.285535 0.520073 0.0235362 0.0409558 0.658875
0 0.865989 0.289523 0.0233574 0.0420989 0.658141
0 0.161538 0.33228 0.0197174 0.0388624 0.657274
0 0.485452 0.234743 0.0210951 0.0384375 0.655007
0 0.21844 0.420198 0.0171835 0.0330578 0.654399
0 0.127302 0.0658284 0.0221588 0.0379659 0.651848
0 0.599208 0.124429 0.0176167 0.0336655 0.651709
0 0.129023 0.500824 0.0228392 0.0387521 0.651115
0 0.388129 0.722184 0.0195451 0.0357978 0.649626
0 0.100937 0.194163 0.0246067 0.0408251 0.649554
0 0.0369097 0.586385 0.0184982 0.0328856 0.649225
0 0.498357 0.290498 0.0256329 0.042378 0.648954
0 0.447233 0.0622219 0.0217132 0.0386384 0.648677
0 0.66056 0.3859 0.0181217 0.0338114 0.648152
0 0.105647 0.282712 0.0204833 0.0383295 0.644873
0 0.0328194 0.741571 0.0191725 0.0390226 0.644819
0 0.506701 0.067529 0.0195545 0.0353777 0.643456
0 0.740331 0.94068 0.0230232 0.0401102 0.642696
0 0.464229 0.490681 0.0157059 0.0276238 0.640904
0 0.673268 0.695479 0.0208366 0.0377274 0.640379
0 0.116997 0.351837 0.0150846 0.0323095 0.640288
0 0.692562 0.816317 0.0167892 0.0314724 0.638265
0 0.869916 0.710467 0.0180641 0.0346117 0.637277
0 0.464613 0.536016 0.0197915 0.0348088 0.633035
0 0.919077 0.182347 0.0182968 0.0357012 0.632424
0 0.589971 0.64475 0.0180681 0.0380636 0.632201
0 0.295218 0.308984 0.0158893 0.0323509 0.632121
0 0.715222 0.796343 0.0179713 0.0306617 0.632052
0 0.485108 0.746628 0.0211578 0.0403178 0.631788
0 0.380318 0.137416 0.0188329 0.0353655 0.631082
0 0.0819428 0.630747 0.016651 0.0374783 0.630841
0 0.94039 0.888137 0.0140953 0.0305925 0.630607
0 0.748495 0.525138 0.0188452 0.0367597 0.629185
0 0.504782 0.826336 0.020549 0.0340398 0.626744
0 0.433349 0.166515 0.0165367 0.0292249 0.626125
0 0.713812 0.961561 0.0224137 0.0369517 0.625907
0 0.0149247 0.178692 0.0190028 0.0342491 0.625752
0 0.63576 0.96122 0.0201139 0.035375 0.625369
0 0.313169 0.406435 0.0185664 0.0382289 0.62342
0 0.866741 0.788861 0.0160414 0.0320385 0.622984
0 0.66532 0.261861 0.0170572 0.0336945 0.622924
0 0.714377 0.731871 0.0148901 0.0318712 0.622273
0 0.190408 0.347754 0.0192514 0.0356713 0.620534
0 0.844162 0.981449 0.0178005 0.033037 0.619721
0 0.243436 0.884818 0.0170709 0.0279456 0.618901
0 0.513421 0.790869 0.0178108 0.0312751 0.617903
0 0.45465 0.407602 0.0154995 0.0316857 0.61538
0 0.539837 0.351252 0.0164904 0.0337593 0.614378
0 0.622927 0.845944 0.0215494 0.0327781 0.614285
0 0.46738 0.374087 0.0183954 0.0386581 0.614268
0 0.871404 0.219976 0.0138081 0.0335044 0.613895
0 0.0623853 0.831736 0.0213731 0.0285839 0.613397
0 0.232098 0.36931 0.0215634 0.0381956 0.612923
0 0.908818 0.805197 0.0181618 0.0346876 0.612801
0 0.454895 0.828592 0.0181001 0.0340807 0.612374
0 0.341225 0.968938 0.0210328 0.0375095 0.612147
0 0.865661 0.155412 0.0186733 0.0368508 0.612063
0 0.567491 0.055569 0.0227065 0.0461071 0.611298
0 0.627613 0.402744 0.0199833 0.0405548 0.610634
0 0.226718 0.641489 0.0220821 0.0397624 0.610574
0 0.441591 0.722575 0.0177317 0.0334669 0.609738
0 0.407929 0.93228 0.0179411 0.032446 0.608622
0 0.691459 0.778317 0.017349 0.0335795 0.608085
0 0.126099 0.301823 0.0210563 0.0402906 0.606379
0 0.541652 0.638121 0.015789 0.0298335 0.604844
0 0.364917 0.0626995 0.0157843 0.0377368 0.604095
0 0.00848538 0.898426 0.0168357 0.0398139 0.603006
0 0.752679 0.168609 0.0177685 0.0348596 0.602871
0 0.412324 0.529301 0.0162762 0.03186 0.602286
0 0.614621 0.665412 0.024916 0.0529539 0.60214
0 0.429227 0.507849 0.0159826 0.0326213 0.602094
0 0.214327 0.109026 0.0232768 0.0356384 0.601738
0 0.908513 0.471947 0.0173542 0.0356382 0.601007
0 0.814542 0.201949 0.0149975 0.0354413 0.600964
0 0.119262 0.414934 0.016461 0.0385761 0.599699
0 0.880423 0.665344 0.0228767 0.0464648 0.599329
0 0.688957 0.279021 0.0170343 0.032943 0.599027
0 0.629328 0.903635 0.017253 0.0329851 0.598705
0 0.473716 0.816651 0.0217222 0.0384969 0.598408
0 0.650481 0.0150179 0.0184815 0.0294987 0.598242
0 0.423073 0.744031 0.0192993 0.0474742 0.597814
0 0.0571261 0.416189 0.0180972 0.0313329 0.596955
0 0.327721 0.140567 0.0161731 0.0310813 0.596915
0 0.720898 0.296443 0.0179461 0.0321235 0.596819
0 0.898431 0.626121 0.0239758 0.0541739 0.596213
0 0.918059 0.839096 0.0199844 0.0353417 0.595949
0 0.870254 0.522332 0.0164439 0.0312966 0.595395
0 0.482098 0.945183 0.01767 0.032609 0.595089
0 0.571298 0.370273 0.0175261 0.03623 0.594811
0 0.568224 0.870434 0.0228302 0.0414812 0.594231
0 0.553962 0.330474 0.0220219 0.0423335 0.594222
0 0.597396 0.746669 0.0144641 0.0373834 0.593144
0 0.389678 0.439589 0.0165476 0.0267717 0.592955
0 0.042652 0.349981 0.0186105 0.0325343 0.591883
0 0.233549 0.598912 0.0170868 0.0334876 0.591498
0 0.0440398 0.792109 0.0191805 0.0412947 0.591384
0 0.0189037 0.490263 0.0184078 0.04218 0.59124
0 0.335685 0.685369 0.0198028 0.0325365 0.590906
0 0.363624 0.476041 0.0178672 0.0292734 0.589214
0 0.543503 0.58469 0.0229204 0.0420778 0.589156
0 0.710169 0.351343 0.0176175 0.0299605 0.589087
0 0.442734 0.0175844 0.0207266 0.0339162 0.589084
0 0.134591 0.218906 0.0233039 0.0361738 0.588866
0 0.629406 0.235167 0.0205086 0.0373613 0.588827
0 0.476679 0.675537 0.0223188 0.045261 0.588777
0 0.852725 0.330355 0.0169327 0.0312309 0.586472
0 0.882932 0.471583 0.0188799 0.0362571 0.585907
0 0.77053 0.381118 0.0157537 0.0310081 0.585171
0 0.330136 0.0254617 0.021106 0.034787 0.584797
0 0.452535 0.688873 0.0160032 0.0279504 0.584436
0 0.605474 0.443846 0.0177889 0.0317425 0.583221
0 0.0599073 0.0902137 0.0187764 0.0366974 0.581351
0 0.216206 0.813041 0.0145023 0.0295339 0.58115
0 0.22779 0.327535 0.0180096 0.0361578 0.580547
0 0.53413 0.392567 0.0232088 0.0339009 0.580428
0 0.118084 0.881529 0.016465 0.0330151 0.579922
0 0.729218 0.158301 0.0181511 0.0358713 0.579902
0 0.534059 0.90522 0.0152088 0.0339433 0.579808
0 0.78181 0.34817 0.018461 0.0377575 0.579144
0 0.201638 0.779955 0.0153794 0.0262767 0.578746
0 0.177888 0.447719 0.0196796 0.0412518 0.578447
0 0.0656879 0.446601 0.0160616 0.0312588 0.578419
0 0.203449 0.25608 0.0169957 0.0286977 0.577741
0 0.254274 0.355173 0.0148837 0.0313836 0.577725
0 0.670342 0.138393 0.0197861 0.0464147 0.57765
0 0.184577 0.753753 0.0160864 0.0290788 0.577447
0 0.0158133 0.948203 0.0165422 0.0303277 0.576143
0 0.414857 0.303492 0.0134197 0.0316903 0.57486
0 0.84082 0.819994 0.0150978 0.0224843 0.573171
0 0.658001 0.19836 0.023144 0.0446567 0.573059
0 0.389175 0.213767 0.0159456 0.0330797 0.57217
0 0.402947 0.356912 0.0249008 0.0397085 0.571391
0 0.834845 0.201559 0.0179573 0.0377665 0.570862
0 0.431565 0.869799 0.0175873 0.0323223 0.570172
0 0.651102 0.780743 0.0136255 0.0243284 0.570019
0 0.551871 0.378736 0.0119141 0.025776 0.569973
0 0.839855 0.160591 0.0143356 0.031408 0.569729
0 0.175918 0.227796 0.0194673 0.0349943 0.568278
0 0.00489754 0.212386 0.0097631 0.0282225 0.567424
0 0.363898 0.107947 0.0124523 0.0261193 0.566831
0 0.0795361 0.976768 0.0211826 0.037027 0.566704
0 0.26397 0.217644 0.0206977 0.037263 0.566358
0 0.421592 0.333985 0.0108248 0.0245919 0.566239
0 0.644043 0.819818 0.0148684 0.0285678 0.566209
0 0.939209 0.940183 0.0183829 0.0331556 0.565609
0 0.310821 0.879248 0.017499 0.0319238 0.565282
0 0.540988 0.480864 0.0159941 0.0279017 0.56491
0 0.144835 0.925213 0.0181384 0.0280441 0.564837
0 0.344051 0.110627 0.017514 0.0284625 0.563223
0 0.221314 0.47077 0.0164971 0.0313963 0.562338
0 0.581762 0.581656 0.0180817 0.0331811 0.561532
0 0.289032 0.664257 0.0244244 0.0469568 0.557808
0 0.0109742 0.43124 0.0211395 0.0397793 0.557573
0 0.0598416 0.221263 0.022247 0.0431221 0.556445
0 0.867877 0.598933 0.0201128 0.0409001 0.556308
0 0.534085 0.777578 0.0163061 0.0314503 0.556129
0 0.0791982 0.015438 0.0183836 0.0302721 0.555666
0 0.421977 0.752357 0.0180771 0.0342417 0.555601
0 0.381886 0.0161786 0.0224923 0.0307652 0.554406
0 0.197875 0.439785 0.017899 0.0308406 0.554001
0 0.499572 0.158022 0.0163246 0.0316249 0.553181
0 0.887381 0.565896 0.0173782 0.0442333 0.552372
0 0.416943 0.205749 0.0192024 0.0349208 0.552343
0 0.32892 0.182057 0.0161447 0.0252072 0.55163
0 0.636748 0.359435 0.0179297 0.0383186 0.551515
0 0.0145778 0.362395 0.0215727 0.0375443 0.551065
0 0.445123 0.489136 0.0147583 0.0230862 0.549816
0 0.408822 0.868123 0.0157114 0.0331289 0.549419
0 0.251531 0.570923 0.0150506 0.0282501 0.54926
0 0.227906 0.141845 0.0159006 0.0410723 0.549016
0 0.646534 0.249214 0.0150568 0.0328084 0.549004
0 0.0272668 0.398736 0.015078 0.028818 0.548904
0 0.531369 0.2486 0.0194458 0.0372601 0.546402
0 0.267755 0.168259 0.018079 0.0329143 0.546096
0 0.655977 0.58099 0.0146936 0.0241296 0.545232
0 0.38981 0.563878 0.0166712 0.0322415 0.544779
0 0.206493 0.0592915 0.0170302 0.0325804 0.544774
0 0.101758 0.878332 0.0154346 0.0291599 0.54423
0 0.652997 0.66385 0.0159355 0.0337683 0.543318
0 0.587869 0.333485 0.0157884 0.0272317 0.543141
0 0.101133 0.776465 0.0250755 0.0394589 0.542655
0 0.149457 0.44508 0.0183943 0.0293464 0.542509
0 0.728928 0.756348 0.0191391 0.0382175 0.542442
0 0.970484 0.954749 0.0236412 0.0399268 0.5424
0 0.408405 0.622774 0.0196878 0.0388118 0.541995
0 0.540644 0.441805 0.0192724 0.0386571 0.540599
0 0.778919 0.305648 0.0272308 0.0372081 0.540593
0 0.50663 0.384759 0.0173443 0.0327538 0.540342
0 0.444488 0.345225 0.0164041 0.0345835 0.540235
0 0.389667 0.495919 0.0157907 0.0309182 0.539374
0 0.601405 0.314211 0.0118793 0.0229075 0.539133
0 0.0206224 0.240281 0.0175019 0.0302211 0.538846
0 0.490328 0.505229 0.0180521 0.0317839 0.537999
0 0.851917 0.620141 0.0125202 0.0377473 0.537998
0 0.274427 0.45309 0.0223541 0.0410212 0.537825
0 0.808303 0.259199 0.012642 0.02134 0.537562
0 0.0317643 0.643028 0.0127875 0.0311035 0.536836
0 0.374251 0.920733 0.0201243 0.0299806 0.536442
0 0.412 0.968852 0.0198061 0.0293541 0.53641
0 0.689653 0.850604 0.0203585 0.0331453 0.534888
0 0.729004 0.109946 0.0153219 0.0315184 0.534836
0 0.752504 0.361774 0.0130816 0.0268628 0.534831
0 0.504257 0.104789 0.0146042 0.0312619 0.534134
0 0.819345 0.299797 0.0141602 0.0337992 0.533261
0 0.820732 0.925531 0.0132496 0.0244196 0.531687
0 0.062824 0.589863 0.0151463 0.0279847 0.531674
0 0.154219 0.144327 0.0206095 0.03734 0.530421
0 0.362901 0.701127 0.0167118 0.0330743 0.529958
0 0.406142 0.241113 0.0132776 0.0286919 0.529595
0 0.6659 0.30335 0.0159727 0.0324203 0.528496
0 0.555707 0.658461 0.0169576 0.0344951 0.527783
0 0.576947 0.720169 0.0153071 0.0277435 0.527163
0 0.16035 0.687476 0.0151574 0.0281208 0.526935
0 0.368957 0.517929 0.0222765 0.0460537 0.526539
0 0.315973 0.324421 0.0155317 0.032791 0.525474
0 0.591047 0.205211 0.0156331 0.0342869 0.525038
0 0.677553 0.21254 0.0158623 0.0245925 0.524564
0 0.170211 0.370827 0.0130536 0.0268414 0.524047
0 0.222595 0.285778 0.0136988 0.0295347 0.523884
0 0.451698 0.218545 0.0163813 0.0313271 0.523334
0 0.157082 0.816435 0.0184214 0.0369507 0.523246
0 0.332025 0.414847 0.0113269 0.035271 0.522558
0 0.793019 0.12459 0.0159061 0.0317422 0.519951
0 0.344132 0.540807 0.0177501 0.0316467 0.517734
0 0.244366 0.0853848 0.0222524 0.0437166 0.515919
0 0.58071 0.9612 0.0132175 0.0251779 0.514071
0 0.0559656 0.980476 0.0164177 0.0332949 0.51338
0 0.553158 0.914608 0.0136047 0.0256802 0.51264
0 0.774794 0.955647 0.0172718 0.0239534 0.511279
0 0.488238 0.0799074 0.0148806 0.0288439 0.510907
0 0.72732 0.700737 0.0144642 0.02728 0.50992
0 0.75843 0.69292 0.0141979 0.0336446 0.509552
0 0.60824 0.161069 0.0160173 0.0385192 0.509307
0 0.198377 0.63609 0.017734 0.0367718 0.508946
0 0.579029 0.506674 0.0154182 0.0291402 0.508789
0 0.747694 0.729641 0.0172987 0.030466 0.507619
0 0.965818 0.91021 0.0310715 0.0536923 0.507419
0 0.559427 0.471053 0.0147358 0.0309704 0.50636
0 0.689135 0.0985585 0.0176508 0.0302444 0.506302
0 0.933669 0.438363 0.0186367 0.0316491 0.50607
0 0.0388542 0.23285 0.014135 0.0247088 0.506067
0 0.415112 0.574892 0.0150768 0.0285324 0.50572
0 0.359255 0.662005 0.0180534 0.0308767 0.504998
0 0.805883 0.455767 0.0125429 0.0301834 0.501959
0 0.58127 0.464696 0.020643 0.0341091 0.501606
0 0.563485 0.0114237 0.0184029 0.0221221 0.500942
0 0.965251 0.132591 0.0150717 0.0309719 0.500296
0 0.401606 0.170376 0.0205765 0.0416143 0.499251
0 0.00633491 0.858739 0.0125003 0.034807 0.499226
0 0.102725 0.389432 0.0191636 0.0338999 0.49879
0 0.541355 0.166875 0.0202782 0.0445985 0.497989
0 0.116608 0.0189831 0.0201426 0.037529 0.497312
0 0.648061 0.45281 0.0220846 0.0435935 0.496887
0 0.0354702 0.961078 0.0200884 0.0356367 0.495706
0 0.739549 0.587891 0.019219 0.0370589 0.495532
0 0.50601 0.98414 0.0185776 0.0267275 0.494889
0 0.080043 0.229255 0.0170552 0.0312515 0.494246
0 0.358459 0.260487 0.0171241 0.0378354 0.493747
0 0.272506 0.562219 0.0218997 0.0380619 0.49334
0 0.629862 0.871656 0.0134684 0.0246992 0.493174
0 0.380474 0.391131 0.0146205 0.0323681 0.493044
0 0.328963 0.88539 0.0140783 0.0212253 0.49272
0 0.735977 0.351159 0.0110886 0.0281972 0.491468
0 0.847046 0.376529 0.0126755 0.0273384 0.491341
0 0.606365 0.484328 0.0125895 0.027694 0.49064
0 0.207406 0.879639 0.0192047 0.0363512 0.489897
0 0.385517 0.25523 0.0190435 0.0386983 0.489502
0 0.188597 0.11272 0.0188027 0.0303993 0.489501
0 0.504582 0.461892 0.0210053 0.032915 0.488826
0 0.776452 0.438864 0.0142914 0.0278737 0.48858
0 0.227113 0.862967 0.0130047 0.0231727 0.488399
0 0.539607 0.0121879 0.0154758 0.0208164 0.487589
0 0.133564 0.753613 0.0248194 0.0435984 0.486024
0 0.208134 0.336711 0.0137006 0.0218713 0.485915
0 0.0519135 0.553028 0.0201407 0.0344059 0.485806
0 0.13366 0.451762 0.012347 0.0289107 0.48557
0 0.933027 0.79065 0.022104 0.0376316 0.485162
0 0.844804 0.85725 0.0154221 0.0347175 0.483989
0 0.528026 0.876054 0.0141412 0.0277257 0.482675
0 0.152147 0.0619798 0.0121116 0.0261908 0.480918
0 0.323652 0.84487 0.0121376 0.026203 0.480064
0 0.0680742 0.672238 0.0207882 0.0302622 0.479989
0 0.6942 0.733209 0.0115891 0.0241347 0.4797
0 0.507153 0.713678 0.0163958 0.0318285 0.479396
0 0.833 0.565219 0.0130054 0.0305937 0.478563
0 0.80208 0.829513 0.0131721 0.0214301 0.477959
0 0.569049 0.552629 0.0187912 0.0316206 0.477881
0 0.383783 0.321144 0.0194642 0.0392542 0.477508
0 0.540716 0.0707109 0.0210182 0.0400646 0.477297
0 0.362952 0.364567 0.0206533 0.0344355 0.476789
0 0.85712 0.67102 0.0138023 0.0298243 0.475054
0 0.527107 0.947015 0.0156627 0.028083 0.474552
0 0.2901 0.260257 0.0235992 0.0411706 0.474235
0 0.296466 0.719987 0.0207169 0.0414148 0.47333
0 0.126431 0.180797 0.0149671 0.0299034 0.470823
0 0.482141 0.435589 0.0199651 0.0392934 0.47012
0 0.167932 0.907043 0.0201062 0.0347234 0.469058
0 0.166067 0.404486 0.0151865 0.0305351 0.467801
0 0.106241 0.234306 0.0167848 0.0316034 0.46728
0 0.287134 0.92215 0.0180351 0.0304081 0.466927
0 0.233321 0.923164 0.0137106 0.0266151 0.465902
0 0.193937 0.206396 0.0151409 0.0258868 0.465832
0 0.903671 0.975493 0.013924 0.0317142 0.465427
0 0.769728 0.232827 0.0105537 0.0250005 0.46494
0 0.0294159 0.901225 0.0205536 0.0287923 0.463734
0 0.882704 0.373871 0.011053 0.0270334 0.46307
0 0.480862 0.139222 0.0122072 0.0267304 0.462351
0 0.151551 0.562996 0.0175134 0.0331238 0.46181
0 0.478595 0.602965 0.0257662 0.041439 0.461473
0 0.306397 0.155879 0.0184601 0.0347733 0.460988
0 0.0798591 0.811832 0.0137853 0.0252502 0.460358
0 0.891468 0.425908 0.0142946 0.0315228 0.458632
0 0.590212 0.536028 0.0160725 0.0338033 0.458485
0 0.512477 0.186035 0.0227771 0.0401424 0.458441
0 0.0986632 0.583606 0.0113572 0.0279816 0.458293
0 0.209495 0.0219797 0.0175022 0.0299561 0.45666
0 0.888576 0.202044 0.0223953 0.0356041 0.45517
0 0.86286 0.931779 0.0160591 0.02911 0.454411
0 0.526346 0.121489 0.0214008 0.0332347 0.453395
0 0.598798 0.962629 0.0188168 0.031915 0.453036
0 0.803834 0.960855 0.0206711 0.0330223 0.452994
0 0.207401 0.167158 0.0183517 0.0365351 0.452061
0 0.0573744 0.724199 0.0148309 0.0332911 0.451453
0 0.425413 0.376413 0.0168112 0.0320652 0.450829
0 0.112758 0.469196 0.0183543 0.0334972 0.449448
0 0.789342 0.27341 0.0141098 0.027035 0.449181
0 0.00643412 0.67859 0.0125065 0.0324953 0.449082
0 0.264431 0.314193 0.0219367 0.0346191 0.448969
0 0.839202 0.773015 0.0188873 0.0383133 0.448566
0 0.00933103 0.635297 0.0179268 0.0353372 0.448428
0 0.298115 0.0572386 0.0177671 0.0313681 0.448284
0 0.435118 0.412733 0.0142914 0.0219086 0.446866
0 0.308692 0.924094 0.0141948 0.025611 0.446297
0 0.636762 0.632136 0.0183896 0.0284044 0.446155
0 0.712868 0.462282 0.0181368 0.0306135 0.445942
0 0.00750473 0.304139 0.0148285 0.0366758 0.445653
0 0.354581 0.155149 0.0170812 0.0235884 0.445586
0 0.204623 0.598603 0.0158725 0.0316223 0.445512
0 0.917798 0.703772 0.0180592 0.0333677 0.444084
0 0.900319 0.894897 0.0171953 0.0285877 0.443769
0 0.678858 0.63705 0.0177097 0.0384213 0.443094
0 0.655302 0.70667 0.0159143 0.0345671 0.442281
0 0.715718 0.837718 0.0173935 0.0263782 0.442056
0 0.0388756 0.189828 0.0196778 0.0360194 0.441258
0 0.12734 0.924379 0.0121601 0.0252114 0.440542
0 0.127456 0.380336 0.0122246 0.0205419 0.440453
0 0.877018 0.320319 0.0161213 0.0305537 0.440097
0 0.581572 0.292953 0.0211942 0.0340679 0.438339
0 0.17446 0.492622 0.0127651 0.0238624 0.43813
0 0.631788 0.290517 0.0159178 0.0318799 0.436998
0 0.0401686 0.497504 0.019433 0.0309825 0.436629
0 0.755027 0.840951 0.00844237 0.025355 0.436612
0 0.705832 0.0632191 0.0180784 0.0332087 0.436293
0 0.96942 0.771506 0.0249565 0.0367364 0.436245
0 0.178522 0.790242 0.0129882 0.0218614 0.43555
0 0.575602 0.1544 0.0161778 0.0294197 0.434657
0 0.386156 0.979688 0.0188528 0.032093 0.433854
0 0.360431 0.4369 0.0164014 0.0262734 0.432612
0 0.619921 0.769124 0.0183727 0.0324288 0.431052
0 0.323009 0.37642 0.0172569 0.026656 0.429798
0 0.105552 0.913242 0.0220082 0.0378415 0.429439
0 0.574446 0.922018 0.0170857 0.0308733 0.429283
0 0.00868601 0.825915 0.0133799 0.0227589 0.428868
0 0.407317 0.0412164 0.0217091 0.0397169 0.427381
0 0.511634 0.606213 0.0216422 0.0356788 0.427114
0 0.86405 0.36694 0.0187733 0.0385752 0.427002
0 0.649594 0.858929 0.0166986 0.0276706 0.426884
0 0.124787 0.679534 0.0179916 0.0300371 0.42569
0 0.637715 0.0660851 0.0203854 0.0357497 0.424611
0 0.889934 0.842947 0.0147762 0.0289658 0.423952
0 0.227294 0.187629 0.0168828 0.0290396 0.423336
0 0.119638 0.54098 0.016445 0.0307424 0.422436
0 0.295807 0.419565 0.0133197 0.0268478 0.422186
0 0.802455 0.228587 0.0137028 0.0258857 0.42178
0 0.682724 0.57727 0.0203683 0.0482951 0.421543
0 0.623848 0.465829 0.018644 0.0354586 0.421405
0 0.106723 0.0642955 0.0150364 0.0270871 0.420776
0 0.434088 0.21657 0.0119205 0.0253019 0.420608
0 0.581622 0.690542 0.0159603 0.0217321 0.420055
0 0.568541 0.212717 0.021328 0.0428663 0.41825
0 0.014508 0.798135 0.0226098 0.0289385 0.41756
0 0.962448 0.0786363 0.026194 0.0502937 0.416731
0 0.554289 0.120491 0.0142822 0.0286636 0.416602
0 0.299343 0.119733 0.0181451 0.0276075 0.415994
0 0.63044 0.702983 0.0182687 0.0449812 0.415633
0 0.541445 0.839053 0.0184203 0.0357381 0.413571
0 0.769214 0.845352 0.0139084 0.0248783 0.413228
0 0.974789 0.241259 0.0253485 0.040505 0.412761
0 0.703792 0.0202642 0.0189213 0.0371868 0.411704
0 0.413035 0.685935 0.0168123 0.0323483 0.410429
0 0.859152 0.821513 0.0129023 0.0255232 0.410393
0 0.706547 0.886949 0.0165909 0.0279432 0.410391
0 0.0604492 0.638279 0.0170884 0.0293674 0.410329
0 0.841157 0.727804 0.0211292 0.0334557 0.40998
0 0.68371 0.0200764 0.0116127 0.0303132 0.409912
0 0.756477 0.765591 0.019508 0.0327403 0.409512
0 0.168123 0.611965 0.0227711 0.0558879 0.408453
0 0.992799 0.81803 0.0144026 0.0385237 0.407681
0 0.894157 0.780173 0.0130016 0.0254557 0.407553
0 0.306582 0.193343 0.0121426 0.0235158 0.407528
0 0.0514934 0.664123 0.0131406 0.0319677 0.407211
0 0.502756 0.250382 0.0128967 0.0243828 0.407085
0 0.855131 0.575001 0.0156307 0.0239848 0.406717
0 0.223139 0.910398 0.0146492 0.024576 0.405851
0 0.162965 0.53385 0.0172191 0.029659 0.405635
0 0.463439 0.144611 0.0149347 0.0280001 0.404614
0 0.786814 0.242932 0.0162607 0.0216178 0.404155
0 0.250325 0.0324638 0.0194326 0.0376941 0.402608
0 0.9216 0.371366 0.0140516 0.0277856 0.401712
0 0.528694 0.974369 0.0153845 0.0264204 0.400893
0 0.187969 0.583242 0.0167939 0.0395022 0.400146
0 0.697736 0.140447 0.0209023 0.035469 0.396464
0 0.545205 0.204191 0.0150281 0.0215585 0.39549
0 0.6676 0.871468 0.0177207 0.0340121 0.394749
0 0.403861 0.13474 0.0164153 0.0251479 0.394573
0 0.179635 0.68712 0.0160655 0.0251668 0.394072
0 0.697694 0.201498 0.0172844 0.0365512 0.393329
0 0.382334 0.0857483 0.0150407 0.0275739 0.392847
0 0.86599 0.0910407 0.0171925 0.0341328 0.392796
0 0.0796648 0.935059 0.0194231 0.0377754 0.391322
0 0.145568 0.187724 0.0174939 0.0297272 0.391063
0 0.671302 0.795381 0.0198579 0.0283003 0.389936
0 0.878101 0.827374 0.0127045 0.0191176 0.389475
0 0.0819935 0.763328 0.0112191 0.0307248 0.389431
0 0.604361 0.0461064 0.0204397 0.0357534 0.389302
0 0.501085 0.427197 0.0110475 0.0282976 0.388735
0 0.957886 0.576942 0.0146931 0.0301259 0.38773
0 0.32526 0.779739 0.016192 0.0319658 0.387421
0 0.450121 0.452662 0.0143997 0.0240506 0.38586
0 0.122238 0.64105 0.0153638 0.0314829 0.385819
0 0.384409 0.669007 0.0152884 0.0339886 0.385224
0 0.554392 0.275747 0.0207554 0.0355423 0.38511
0 0.0619804 0.318655 0.0159601 0.0303632 0.384713
0 0.365554 0.736862 0.0135936 0.0253243 0.382587
0 0.746731 0.406128 0.0182438 0.027847 0.380388
0 0.576585 0.667282 0.0157564 0.0366577 0.379675
0 0.946679 0.72741 0.0133339 0.0245497 0.379014
0 0.515211 0.900506 0.0139275 0.0240506 0.378556
0 0.00472213 0.470393 0.00935994 0.0250647 0.378152
0 0.788682 0.475596 0.0154853 0.0265754 0.37626
0 0.463011 0.762342 0.0173159 0.0320038 0.374991
0 0.700006 0.143581 0.0179021 0.0363689 0.373629
0 0.363628 0.211617 0.0160127 0.0233243 0.37226
0 0.993618 0.385433 0.0127644 0.0340897 0.371623
0 0.815885 0.889538 0.0138786 0.0243415 0.371316
0 0.084416 0.439934 0.0165292 0.0346422 0.371111
0 0.0743493 0.175149 0.019285 0.0370691 0.371014
0 0.978336 0.502943 0.0149269 0.0186845 0.370756
0 0.0205375 0.720153 0.0118804 0.0246653 0.369416
0 0.25612 0.730454 0.015483 0.0277417 0.36628
0 0.26054 0.282376 0.0213559 0.0338905 0.365261
0 0.90255 0.348116 0.0166439 0.0298123 0.365238
0 0.441975 0.266572 0.016893 0.0367533 0.365195
0 0.908903 0.302931 0.0275936 0.0536415 0.365141
0 0.775278 0.917901 0.0185581 0.0336802 0.364837
0 0.947961 0.339087 0.0341409 0.0616929 0.364054
0 0.322427 0.653928 0.0166144 0.0285169 0.363222
0 0.0575908 0.0245601 0.023987 0.038468 0.36221
0 0.0224196 0.329281 0.0162136 0.0288421 0.362038
0 0.41517 0.0975456 0.0199678 0.0374367 0.361973
0 0.909032 0.939626 0.0151577 0.0263123 0.361778
0 0.0748917 0.366258 0.0230764 0.0391924 0.360169
0 0.372336 0.859628 0.0230472 0.0386539 0.360147
0 0.470287 0.283077 0.0111465 0.0281333 0.35953
0 0.104081 0.778277 0.0223102 0.035026 0.359334
0 0.169759 0.560551 0.0124488 0.0276202 0.359018
0 0.624381 0.195741 0.0187939 0.0283407 0.358908
0 0.334916 0.273972 0.0191718 0.0312618 0.35851
0 0.775579 0.590647 0.0179571 0.0293623 0.358162
0 0.832971 0.629845 0.0147888 0.0196151 0.35751
0 0.71582 0.5357 0.0170134 0.0335175 0.35528
0 0.215045 0.359753 0.00937246 0.0297358 0.355058
0 0.788408 0.545984 0.0201882 0.0405113 0.354331
0 0.802602 0.232935 0.0130808 0.022935 0.353625
0 0.110966 0.15131 0.0155297 0.0269532 0.353168
0 0.243932 0.507959 0.0151887 0.0265147 0.351837
0 0.619949 0.816142 0.0158909 0.0264323 0.351452
0 0.898945 0.524959 0.0178028 0.0249191 0.351155
0 0.792242 0.0499391 0.0183853 0.0278018 0.349743
0 0.340294 0.930031 0.0213459 0.030564 0.348369
0 0.871537 0.0506531 0.0166119 0.0307562 0.347691
0 0.158698 0.231197 0.013766 0.0294284 0.347567
0 0.966598 0.711518 0.0141918 0.0322419 0.347281
0 0.519258 0.509243 0.0157837 0.0320462 0.346966
0 0.479654 0.192603 0.0170406 0.0274682 0.346874
0 0.203525 0.295642 0.0150113 0.0253066 0.346029
0 0.98673 0.180692 0.0151299 0.030151 0.345705
0 0.198016 0.399815 0.0221743 0.0380071 0.344279
0 0.43554 0.909807 0.024453 0.0394243 0.342446
0 0.939165 0.220963 0.0213749 0.0354983 0.342096
0 0.32561 0.646296 0.0172824 0.0232749 0.342088
0 0.669386 0.980153 0.0202429 0.0366069 0.341633
0 0.681221 0.337953 0.0243109 0.0344827 0.341451
0 0.0377623 0.437197 0.0171024 0.0285151 0.341215
0 0.530266 0.119923 0.0198716 0.0311371 0.340557
0 0.393129 0.0751785 0.0250793 0.0372707 0.33997
0 0.778369 0.752122 0.0136213 0.0258955 0.338515
0 0.829839 0.12128 0.0154362 0.0321504 0.338199
0 0.608365 0.39908 0.0148027 0.0254061 0.336884
0 0.612496 0.278502 0.0177414 0.0271106 0.336431
0 0.0185735 0.718308 0.0147111 0.0279058 0.336201
0 0.266997 0.697965 0.0153286 0.0279382 0.335984
0 0.906603 0.311109 0.0213867 0.0398946 0.335595
0 0.934582 0.664098 0.0203548 0.0412231 0.335584
0 0.410217 0.385747 0.0144749 0.0238249 0.334497
0 0.832851 0.265086 0.0188713 0.026311 0.334487
0 0.0853958 0.410968 0.0211377 0.0412842 0.3343
0 0.19628 0.0808361 0.013171 0.0176431 0.333875
0 0.201735 0.73393 0.0142651 0.0316155 0.333274
0 0.0856873 0.421762 0.0219152 0.0580432 0.333214
0 0.273299 0.722772 0.017201 0.0291195 0.333087
0 0.749185 0.66212 0.0137819 0.0301182 0.332873
0 0.478317 0.100736 0.0144125 0.0242927 0.332814
0 0.778052 0.145541 0.0180475 0.0327884 0.332812
0 0.346254 0.184991 0.0127755 0.0213676 0.332806
0 0.674071 0.499058 0.0218155 0.0418665 0.332616
0 0.941917 0.0420035 0.0196617 0.0410815 0.332548
0 0.183707 0.290515 0.032209 0.0491172 0.331907
0 0.539604 0.723777 0.0133854 0.0251777 0.331735
0 0.665314 0.0302496 0.0170481 0.0281097 0.33127
0 0.82978 0.605327 0.0155247 0.0300795 0.331202
0 0.147152 0.474757 0.0159808 0.0234612 0.330987
0 0.743493 0.984143 0.0171434 0.0308051 0.330004
0 0.891733 0.0410559 0.0188133 0.028453 0.32877
0 0.144402 0.853947 0.0210861 0.0337118 0.328624
0 0.1418 0.958625 0.0204338 0.0351278 0.327859
0 0.543569 0.345714 0.0153201 0.032862 0.327502
0 0.634103 0.591782 0.0160513 0.03118 0.32747
0 0.499706 0.345718 0.0182602 0.0369531 0.326678
0 0.628885 0.868386 0.0140638 0.0223292 0.326544
0 0.318276 0.449625 0.0168121 0.0207489 0.326538
0 0.31874 0.109171 0.0173893 0.0327302 0.326385
0 0.590859 0.0117137 0.0136394 0.0216139 0.32611
0 0.0561987 0.266139 0.0157575 0.0216941 0.325714
0 0.0348248 0.0208368 0.0188865 0.0348009 0.325573
0 0.615044 0.575511 0.014366 0.0245714 0.323624
0 0.483875 0.539083 0.0121193 0.0240156 0.323573
0 0.420698 0.810222 0.0177193 0.0306651 0.323426
0 0.121777 0.1113 0.0164844 0.0303063 0.323088
0 0.297268 0.731952 0.0192054 0.0320824 0.322457
0 0.890021 0.755649 0.0153759 0.0268675 0.322315
0 0.038636 0.309826 0.0173038 0.0260512 0.322158
0 0.275643 0.0320672 0.0173579 0.0254495 0.321329
0 0.691379 0.394081 0.0173065 0.0326662 0.320574
0 0.312716 0.958936 0.0142661 0.023821 0.319693
0 0.590229 0.371883 0.0116457 0.023764 0.319406
0 0.901385 0.120169 0.017168 0.0285977 0.31869
0 0.254937 0.778328 0.0148395 0.0266503 0.318649
0 0.794435 0.0211303 0.0184362 0.0259972 0.31702
0 0.770911 0.03594 0.0116364 0.0241257 0.316741
0 0.869518 0.434773 0.0217552 0.0397081 0.316623
0 0.514224 0.632501 0.0152006 0.02883 0.316556
0 0.100552 0.351012 0.0106337 0.0263982 0.315916
0 0.879159 0.805568 0.0117611 0.0344783 0.314849
0 0.193995 0.826148 0.0207207 0.0353656 0.314814
0 0.562819 0.745464 0.0177619 0.0295593 0.314672
0 0.262402 0.919652 0.0214196 0.0368388 0.314192
0 0.174018 0.726792 0.0159798 0.0276159 0.314101
0 0.669803 0.430624 0.0180746 0.0278263 0.313892
0 0.911178 0.555002 0.0150574 0.0273597 0.313793
0 0.83221 0.952178 0.0170383 0.0254881 0.31341
0 0.46727 0.0112942 0.0154544 0.020367 0.313068
0 0.748549 0.242713 0.0204353 0.0271937 0.31291
0 0.323576 0.944068 0.00959454 0.0310319 0.312555
0 0.439141 0.10149 0.01789 0.0308094 0.311778
0 0.273618 0.402845 0.0196432 0.0312525 0.311489
0 0.0154534 0.0371671 0.0222925 0.0492862 0.311453
0 0.799084 0.93093 0.0172202 0.0206224 0.310248
0 0.845532 0.695543 0.0128791 0.0273791 0.310169
0 0.96736 0.0274834 0.0200178 0.0363676 0.307575
0 0.261487 0.924602 0.0198838 0.0309859 0.307346
0 0.782955 0.839445 0.0155433 0.0249563 0.307302
0 0.214572 0.688733 0.0211611 0.037961 0.307212
0 0.920126 0.267203 0.0201884 0.0305162 0.306186
0 0.844247 0.728252 0.0184357 0.0312395 0.304688
0 0.290016 0.772637 0.01619 0.0296167 0.303622
0 0.352154 0.153668 0.0163346 0.0249543 0.3035
0 0.85638 0.474329 0.0175697 0.0314966 0.301594
0 0.501574 0.0285547 0.0177768 0.0293451 0.30151
0 0.769343 0.626923 0.017562 0.0336819 0.301132
0 0.613608 0.734247 0.0137712 0.0214499 0.300754
0 0.705927 0.637703 0.0137226 0.029751 0.299149
0 0.453107 0.591121 0.0119043 0.0297846 0.29877
0 0.425601 0.0419026 0.0111432 0.0274551 0.298494
0 0.803524 0.419818 0.0155808 0.027205 0.29734
0 0.793734 0.867083 0.0193672 0.0345805 0.296546
0 0.690116 0.943934 0.0125745 0.0235685 0.296314
0 0.325264 0.942785 0.00968558 0.0307709 0.296111
0 0.184707 0.544769 0.0120745 0.0241035 0.294891
0 0.042589 0.460757 0.0187311 0.0261299 0.2947
0 0.636213 0.63969 0.0191102 0.033913 0.293803
0 0.247705 0.113866 0.0141554 0.0208443 0.293191
0 0.0251382 0.834243 0.023729 0.0407301 0.291888
0 0.168035 0.0825928 0.0219207 0.0393494 0.291843
0 0.43295 0.446646 0.0160095 0.0255846 0.291382
0 0.358035 0.302105 0.01716 0.0224087 0.291367
0 0.0847999 0.430549 0.0206687 0.050265 0.291216
0 0.7194 0.432266 0.0151532 0.0289287 0.290874
0 0.26145 0.516285 0.0136188 0.025597 0.290362
0 0.649162 0.930674 0.0184061 0.0299208 0.290169
0 0.80392 0.50219 0.0162708 0.0321083 0.289566
0 0.933322 0.532693 0.0209298 0.0387304 0.289108
0 0.485155 0.478393 0.0166109 0.0190867 0.288802
0 0.839307 0.663099 0.0148659 0.0271501 0.287197
0 0.113515 0.152483 0.0162936 0.0276751 0.286827
0 0.502594 0.949482 0.0131073 0.0231625 0.284282
0 0.832237 0.364091 0.0181255 0.0301012 0.283888
0 0.838606 0.507181 0.01908 0.0343674 0.282204
0 0.807338 0.735384 0.0179311 0.0371546 0.282063
0 0.902588 0.391797 0.0237354 0.0384224 0.281098
0 0.0992594 0.0120047 0.0146167 0.0226679 0.280938
0 0.0434127 0.15193 0.0152877 0.0281269 0.280852
0 0.518454 0.424123 0.0174374 0.0292557 0.280792
0 0.18043 0.296404 0.0244454 0.0434333 0.280585
0 0.24227 0.513741 0.0151378 0.022286 0.280204
0 0.885208 0.978236 0.0151909 0.0255638 0.277978
0 0.562895 0.410817 0.0167704 0.0282101 0.277073
0 0.339586 0.763864 0.0160904 0.0276369 0.276922
0 0.141033 0.347738 0.0137179 0.0214859 0.276858
0 0.978379 0.496947 0.0149212 0.0235901 0.276399
0 0.882934 0.0936435 0.0152725 0.0308277 0.276331
0 0.910609 0.235029 0.01511 0.0268331 0.276122
0 0.555809 0.970398 0.0201384 0.0401492 0.275262
0 0.755894 0.433922 0.0184141 0.0318969 0.275014
0 0.224557 0.0747025 0.0112129 0.0298395 0.274722
0 0.76744 0.540283 0.0104106 0.0236881 0.273903
0 0.300576 0.357707 0.0187215 0.0316834 0.27349
0 0.407215 0.692495 0.0230743 0.0373606 0.273179
0 0.972431 0.535777 0.0150341 0.037559 0.272533
0 0.0815863 0.758353 0.0134848 0.0376966 0.271225
0 0.633163 0.991914 0.0199318 0.0149848 0.270914
0 0.60917 0.209784 0.0112242 0.0255738 0.270319
0 0.848538 0.932782 0.0134174 0.0352581 0.269553
0 0.823315 0.797653 0.0159575 0.0298226 0.268988
0 0.331394 0.237529 0.0181124 0.0318957 0.268345
0 0.811829 0.62597 0.0182915 0.0325645 0.268293
0 0.473358 0.979624 0.0215572 0.0332561 0.268005
0 0.941806 0.544776 0.0160656 0.0351897 0.267554
0 0.827385 0.122659 0.0194531 0.036198 0.267539
0 0.246505 0.0906404 0.0205115 0.0474491 0.267451
0 0.961257 0.203015 0.0259899 0.0507384 0.267449
0 0.177648 0.655759 0.0168676 0.0298042 0.267364
0 0.31595 0.734358 0.012579 0.0208596 0.267258
0 0.347429 0.503144 0.0142684 0.026293 0.266977
0 0.460708 0.713929 0.0106056 0.0214191 0.266294
0 0.0824303 0.298812 0.0176466 0.0314897 0.265989
0 0.240957 0.30156 0.0119583 0.0227724 0.265662
0 0.155135 0.658036 0.0153452 0.026539 0.26492
0 0.60189 0.560899 0.0109468 0.0242979 0.26421
0 0.40303 0.694903 0.0185451 0.0348243 0.264052
0 0.940555 0.0932934 0.0167542 0.0301493 0.263864
0 0.751696 0.0850642 0.018143 0.0274386 0.263569
0 0.707749 0.697827 0.0160592 0.0252023 0.263284
0 0.0599427 0.288183 0.0165157 0.0286578 0.25986
0 0.307168 0.673983 0.0114329 0.022958 0.258633
0 0.147182 0.856562 0.0259281 0.0389879 0.258446
0 0.392532 0.839875 0.0157096 0.0267594 0.258358
0 0.130754 0.15453 0.0141136 0.0264971 0.257896
0 0.213766 0.357841 0.0102397 0.0283102 0.25774
0 0.0999368 0.467057 0.00964317 0.0361508 0.25713
0 0.184465 0.376027 0.0135469 0.0182823 0.257048
0 0.0362953 0.434124 0.0179408 0.0328768 0.256298
0 0.690648 0.363716 0.0191288 0.0283295 0.25581
0 0.821252 0.49422 0.0133673 0.0355894 0.255672
0 0.0242195 0.27879 0.0182825 0.0348599 0.254304
0 0.0599895 0.947138 0.0135475 0.0195045 0.254298
0 0.346929 0.577307 0.0180376 0.0367825 0.252806
0 0.204825 0.216152 0.00980999 0.0239283 0.251077
0 0.269422 0.855314 0.0211699 0.0322991 0.250696
0 0.557914 0.987398 0.018497 0.0242794 0.250411
0 0.557821 0.982307 0.0188446 0.034166 0.250235
0 0.847007 0.86169 0.0160896 0.0337094 0.248573
0 0.964649 0.19604 0.0218124 0.0403211 0.248445
0 0.342362 0.456997 0.0163102 0.023155 0.248244
0 0.881137 0.805921 0.010984 0.034039 0.247381
0 0.991509 0.417437 0.0169823 0.0366124 0.247242
0 0.191359 0.137601 0.0197321 0.0293857 0.247119
0 0.601617 0.837261 0.016633 0.0312103 0.245847
0 0.381968 0.3167 0.022481 0.0474807 0.244581
0 0.919751 0.881468 0.0121044 0.0231622 0.244548
0 0.0903037 0.0579124 0.0204655 0.0356108 0.243628
0 0.0410269 0.193525 0.0165271 0.0314689 0.243381
0 0.439391 0.264339 0.021176 0.0387538 0.242982
0 0.890772 0.198614 0.0244949 0.035703 0.242913
0 0.139426 0.614583 0.0179679 0.0220302 0.24181
0 0.10889 0.943314 0.015362 0.0235111 0.241793
0 0.577792 0.509945 0.0180195 0.0272263 0.241192
0 0.854813 0.875553 0.0169205 0.0302273 0.24075
0 0.244693 0.204702 0.0111683 0.0265728 0.240519
0 0.713187 0.679337 0.0130505 0.0291955 0.238802
0 0.823155 0.844485 0.0186039 0.028303 0.238327
0 0.195193 0.404358 0.0202805 0.0341956 0.238314
0 0.0832421 0.146028 0.0144426 0.0201789 0.238237
0 0.837725 0.892255 0.0164349 0.0166904 0.238124
0 0.20396 0.981547 0.0215641 0.0338942 0.238116
0 0.137761 0.0139104 0.0184678 0.0261129 0.237247
0 0.818955 0.592293 0.0118282 0.0256153 0.236856
0 0.230493 0.918648 0.0131057 0.0259744 0.23681
0 0.989636 0.631482 0.0204508 0.0399382 0.236228
0 0.0488846 0.0597624 0.0204731 0.0292781 0.23542
0 0.00404944 0.589249 0.00802366 0.0274675 0.235141
0 0.939881 0.487662 0.0187851 0.0265579 0.234865
0 0.626243 0.849396 0.0166319 0.0349855 0.234214
0 0.905804 0.742434 0.0140312 0.0288981 0.23308
0 0.0275745 0.101253 0.0233972 0.0389709 0.232924
0 0.329292 0.233906 0.0212605 0.037929 0.232675
0 0.0790731 0.368203 0.0170921 0.0328964 0.23264
0 0.335117 0.335644 0.0224576 0.0434902 0.232418
0 0.00247834 0.527588 0.00495667 0.0472382 0.23224
0 0.144113 0.961436 0.0214489 0.0347635 0.231083
0 0.259101 0.620029 0.0219315 0.0376451 0.23103
0 0.973747 0.975134 0.0198254 0.0329897 0.230495
0 0.332192 0.576203 0.0107874 0.0332942 0.23049
0 0.653686 0.333392 0.0151173 0.0220895 0.229777
0 0.689677 0.361326 0.0183113 0.0203607 0.229291
0 0.148718 0.480122 0.019348 0.0332954 0.229232
0 0.61946 0.52403 0.0229481 0.0405182 0.228969
0 0.600721 0.558836 0.0123242 0.0294461 0.227959
0 0.52388 0.0404018 0.0174463 0.0306223 0.227687
0 0.965847 0.609599 0.022612 0.0406548 0.2276
0 0.504148 0.547159 0.0197558 0.0351633 0.227471
0 0.175275 0.985376 0.0157704 0.0250502 0.226838
0 0.932941 0.851792 0.0113297 0.0271196 0.225942
0 0.357105 0.297005 0.0171093 0.0252753 0.22443
0 0.857279 0.120165 0.0141289 0.0226025 0.224263
0 0.945687 0.342883 0.0257014 0.0556903 0.224245
0 0.742477 0.284898 0.0166089 0.0256738 0.223912
0 0.342149 0.452255 0.0158698 0.0276332 0.223468
0 0.36769 0.735707 0.0129233 0.0280531 0.222889
0 0.32458 0.65084 0.0184615 0.0266589 0.222368
0 0.938465 0.540689 0.0216454 0.0395433 0.222258
0 0.432306 0.252152 0.0222946 0.0350706 0.222214
0 0.813695 0.379014 0.0177242 0.0230403 0.22219
0 0.423912 0.0421786 0.00980606 0.0310089 0.222168
0 0.867046 0.520734 0.0197418 0.0351461 0.222062
0 0.62356 0.0322653 0.0197397 0.0344665 0.217151
0 0.82341 0.123257 0.0266558 0.0408912 0.217005
0 0.922366 0.270596 0.0206573 0.0309483 0.216928
0 0.933456 0.972661 0.013979 0.0227988 0.216841
0 0.989824 0.58236 0.0169868 0.0344419 0.216719
0 0.784298 0.241337 0.017415 0.02064 0.216117
0 0.893081 0.248766 0.0121784 0.0246476 0.214994
0 0.963844 0.0724899 0.0244621 0.0427848 0.214837
0 0.988278 0.586983 0.0143864 0.0260015 0.214741
0 0.724618 0.244865 0.0144455 0.029955 0.214034
0 0.554105 0.504658 0.0122072 0.0190562 0.213621
0 0.60774 0.268544 0.0253325 0.0452375 0.213555
0 0.0398222 0.446925 0.0181202 0.0239143 0.213278
0 0.356254 0.00659963 0.0166076 0.0130033 0.212825
0 0.389991 0.604741 0.014951 0.0285803 0.212517
0 0.78457 0.843552 0.0138034 0.0239407 0.212077
0 0.290765 0.199377 0.0181823 0.0267607 0.211837
0 0.65439 0.989665 0.0141309 0.0199212 0.21164
0 0.623044 0.524337 0.0298152 0.0445162 0.210792
0 0.359406 0.611947 0.0259129 0.0329627 0.210587
0 0.21675 0.682913 0.0210614 0.0332187 0.21058
0 0.364498 0.738464 0.0167242 0.0311367 0.21033
0 0.956562 0.698825 0.0136017 0.0264465 0.209608
0 0.889715 0.423592 0.0172142 0.0348866 0.209424
0 0.628997 0.318473 0.0159307 0.0270092 0.209408
0 0.884076 0.101323 0.0151005 0.0187289 0.209276
0 0.0114955 0.637787 0.0187436 0.0352356 0.209074
0 0.268461 0.276746 0.0175462 0.0400182 0.208871
0 0.487119 0.98482 0.0136872 0.0277766 0.208147
0 0.569215 0.816184 0.0112221 0.0275943 0.206493
0 0.306008 0.16214 0.0179129 0.0286178 0.206236
0 0.284968 0.1623 0.0139655 0.0290999 0.206203
0 0.261504 0.522684 0.0165181 0.0300608 0.206035
0 0.0154143 0.564164 0.0211102 0.0380464 0.206031
0 0.0223777 0.60881 0.0152455 0.0176175 0.205353
0 0.152241 0.488888 0.0173941 0.0419289 0.205329
0 0.571558 0.153157 0.0175422 0.0313126 0.205238
0 0.727945 0.0756188 0.0150304 0.0283883 0.205058
0 0.751501 0.243774 0.0176058 0.0241643 0.204712
0 0.223869 0.228294 0.0123726 0.0222806 0.203293
0 0.531416 0.278522 0.0164643 0.0193372 0.203135
0 0.85517 0.549967 0.0170144 0.0224388 0.203054
0 0.758287 0.841639 0.0099041 0.0262434 0.202957
0 0.611103 0.399938 0.0118433 0.0297928 0.202612
0 0.603599 0.262391 0.0277103 0.0520678 0.202415
0 0.36742 0.948561 0.0200151 0.0278134 0.20191
0 0.0418704 0.453521 0.0193457 0.0320085 0.200408
0 0.817029 0.587016 0.0155365 0.0317171 0.200354
0 0.57787 0.675324 0.0185565 0.0353639 0.19935
0 0.141968 0.680917 0.010783 0.0206628 0.199206
0 0.927757 0.733602 0.0202304 0.0301249 0.198873
0 0.690734 0.390047 0.0203248 0.0375146 0.198813
0 0.532726 0.280879 0.0133691 0.0187213 0.198512
0 0.605949 0.0518061 0.0195125 0.0320886 0.196873
0 0.27371 0.369324 0.0108688 0.020796 0.196573
0 0.15386 0.0112033 0.0131585 0.0199051 0.196028
0 0.077107 0.112324 0.0203277 0.0396523 0.196001
0 0.202419 0.919348 0.0161433 0.0281225 0.195969
0 0.300883 0.561682 0.0139004 0.0301434 0.195863
0 0.785714 0.892613 0.0170251 0.022428 0.195043
0 0.597494 0.552643 0.0122623 0.0266769 0.193955
0 0.180787 0.928598 0.0164704 0.0303304 0.193634
0 0.138791 0.0198719 0.0175632 0.0289577 0.192599
0 0.945822 0.393196 0.0162975 0.0352738 0.192067
0 0.323741 0.94302 0.0118024 0.0361828 0.191686
0 0.813425 0.372757 0.0174912 0.0258204 0.191618
0 0.137655 0.633395 0.0162487 0.0240429 0.191305
0 0.24675 0.428552 0.0196301 0.0244598 0.191064
0 0.0248733 0.858476 0.0202491 0.0240913 0.190841
0 0.0306387 0.639694 0.012978 0.0339392 0.190736
0 0.223739 0.254951 0.0137026 0.0227079 0.190135
0 0.387971 0.558372 0.0168924 0.0301066 0.189961
0 0.29607 0.727467 0.0198713 0.0409169 0.189612
0 0.405589 0.777431 0.0116709 0.0284054 0.189603
0 0.630609 0.298391 0.0174387 0.0458005 0.189577
0 0.244755 0.277666 0.01233 0.0275272 0.188337
0 0.189692 0.116699 0.0200233 0.0323893 0.188297
0 0.264891 0.0582656 0.0116398 0.0174678 0.188149
0 0.374348 0.85644 0.0194704 0.0344905 0.187441
0 0.0587667 0.641828 0.0170935 0.0241779 0.187427
0 0.804456 0.507376 0.0160542 0.0281114 0.187089
0 0.863592 0.587981 0.0221577 0.0352081 0.186699
0 0.604766 0.991712 0.0165068 0.0155558 0.186514
0 0.769023 0.236069 0.0107945 0.0252039 0.186278
0 0.749599 0.796534 0.013813 0.026594 0.186216
0 0.445098 0.559061 0.0169666 0.0224914 0.185958
0 0.743107 0.468974 0.0203568 0.0378197 0.185914
0 0.8655 0.972481 0.0145668 0.0248489 0.185837
0 0.512222 0.613245 0.0211229 0.0432813 0.185101
0 0.194852 0.516886 0.0163235 0.0319377 0.183633
0 0.295446 0.713617 0.0201436 0.0371806 0.183448
0 0.00585999 0.590331 0.0111699 0.0265154 0.182191
0 0.479425 0.14263 0.0135651 0.0257551 0.181413
0 0.58346 0.781919 0.0163288 0.0244061 0.181321
0 0.41134 0.433096 0.012052 0.0292847 0.180238
0 0.143034 0.346953 0.0116775 0.0249764 0.179984
0 0.795127 0.619027 0.0114693 0.0396469 0.179901
0 0.656835 0.0962732 0.0178004 0.0230043 0.17958
0 0.417072 0.0941334 0.0178289 0.0326185 0.179515
0 0.847636 0.284771 0.0113445 0.0208034 0.178673
0 0.552405 0.280917 0.0236838 0.0337466 0.17862
0 0.993666 0.0412925 0.0126675 0.0315146 0.178583
0 0.319512 0.775334 0.0230506 0.0413008 0.178442
0 0.228241 0.192471 0.0177849 0.0215372 0.177955
0 0.325977 0.0656984 0.0148464 0.0240808 0.177816
0 0.81575 0.891093 0.0173342 0.0284989 0.177699
0 0.748597 0.875406 0.0161746 0.0268188 0.177649
0 0.24113 0.516979 0.018068 0.0243557 0.177206
0 0.798564 0.0214743 0.0167698 0.0271612 0.177074
0 0.719757 0.574038 0.0249809 0.0359332 0.177033
0 0.925135 0.27716 0.0176819 0.0328755 0.175941
0 0.100507 0.00918413 0.0135516 0.0177914 0.175716
0 0.348306 0.721899 0.015695 0.0299961 0.175593
0 0.206493 0.218249 0.00982567 0.0213105 0.175401
0 0.52072 0.685373 0.0176177 0.026949 0.174434
0 0.933573 0.0578724 0.0259407 0.0380265 0.174152
0 0.989261 0.0897307 0.02145 0.0440627 0.173701
0 0.457318 0.889322 0.0162181 0.0327474 0.173515
0 0.570061 0.875199 0.0240011 0.0391385 0.172555
0 0.265843 0.626538 0.0148585 0.0296906 0.171419
0 0.734477 0.601862 0.0174912 0.0298982 0.171354
0 0.272537 0.776082 0.0132844 0.0255517 0.171294
0 0.570695 0.118367 0.0126558 0.0194813 0.171188
0 0.595194 0.0840814 0.0149116 0.0307898 0.17088
0 0.800226 0.235512 0.0118954 0.0193149 0.170664
0 0.737141 0.591916 0.0222977 0.046895 0.170551
0 0.9801 0.80146 0.0133537 0.025823 0.17019
0 0.621132 0.10999 0.0125797 0.0303332 0.170096
0 0.879179 0.820703 0.0114761 0.0272786 0.169915
0 0.00628482 0.473947 0.011152 0.0231345 0.169428
0 0.849519 0.377688 0.0106678 0.0329445 0.169064
0 0.320167 0.498838 0.0114906 0.0233646 0.169047
0 0.00224687 0.71413 0.00449374 0.0267395 0.169015
0 0.872861 0.431389 0.0156456 0.0334437 0.168933
0 0.136693 0.636744 0.0138232 0.0268595 0.168907
0 0.530836 0.28131 0.0147972 0.0164366 0.168745
0 0.242629 0.827673 0.0207143 0.0253933 0.168717
0 0.527677 0.978326 0.0173898 0.0272196 0.168651
0 0.393714 0.810271 0.0193875 0.0264954 0.16841
0 0.274938 0.0867332 0.0111617 0.0187128 0.168029
0 0.716925 0.579888 0.0241253 0.0354809 0.167916
0 0.28694 0.221541 0.0183202 0.0235617 0.167871
0 0.148288 0.398766 0.0137808 0.0224182 0.167815
0 0.812905 0.206368 0.0136932 0.0334565 0.167727
0 0.30575 0.675515 0.0117783 0.0279789 0.167673
0 0.988045 0.181865 0.019598 0.0336083 0.167082
0 0.295053 0.00517277 0.0178114 0.0103455 0.167062
0 0.571581 0.120732 0.0143074 0.0205241 0.166903
0 0.182189 0.689318 0.012057 0.0246566 0.166628
0 0.483568 0.477138 0.0167999 0.0232713 0.166622
0 0.264247 0.913078 0.0210279 0.0385196 0.166134
0 0.321602 0.610436 0.0198443 0.0372635 0.165908
0 0.731328 0.770733 0.0174125 0.0269006 0.165576
0 0.891521 0.251021 0.0121307 0.027706 0.16543
0 0.175674 0.988992 0.0160972 0.0203751 0.165095
0 0.780874 0.841365 0.0170426 0.0287231 0.165013
0 0.266089 0.906103 0.0179874 0.0277237 0.16475
0 0.0983451 0.352583 0.0131795 0.0238013 0.164216
0 0.933619 0.011931 0.0176165 0.0188132 0.164209
0 0.299673 0.987385 0.0147992 0.0233076 0.16419
0 0.474815 0.59898 0.0199764 0.0391014 0.163915
0 0.290098 0.888795 0.0136301 0.0286367 0.16383
0 0.283877 0.830506 0.0133263 0.0263384 0.163744
0 0.388527 0.0777836 0.0251356 0.0418708 0.162985
0 0.367043 0.182928 0.0156737 0.0314738 0.162972
0 0.347877 0.211168 0.0148767 0.0272258 0.162871
0 0.247098 0.107241 0.0172149 0.0278636 0.162398
0 0.733858 0.778274 0.0146034 0.0211667 0.162303
0 0.539959 0.844728 0.0199257 0.0459819 0.161993
0 0.936098 0.535597 0.0237461 0.0422111 0.16194
0 0.150284 0.485176 0.0191487 0.0409778 0.160834
0 0.890044 0.698162 0.0120388 0.0175352 0.160665
0 0.320634 0.716462 0.0140905 0.0227 0.160449
0 0.21433 0.751703 0.0120659 0.0242374 0.16038
0 0.522956 0.122503 0.0184529 0.0328758 0.160379
0 0.622129 0.103508 0.0135185 0.0321413 0.160321
0 0.315255 0.771559 0.015781 0.0373379 0.160044
0 0.171445 0.142472 0.012177 0.0289853 0.159027
0 0.42033 0.578424 0.0131583 0.0236676 0.158822
0 0.475611 0.165928 0.0183569 0.0269696 0.15867
0 0.34265 0.724707 0.0156836 0.029687 0.158603
0 0.597545 0.41326 0.0154915 0.0286513 0.158556
0 0.0410268 0.448043 0.0198058 0.033466 0.158159
0 0.1077 0.699114 0.0249364 0.0295785 0.157701
0 0.26556 0.662804 0.0132862 0.0252003 0.157689
0 0.992101 0.633391 0.0157983 0.0431698 0.157525
0 0.883231 0.0899093 0.0124537 0.0364455 0.157271
0 0.422113 0.804461 0.0182457 0.0341678 0.156957
0 0.324609 0.0682463 0.0163017 0.0263377 0.156243
0 0.689917 0.438963 0.0185692 0.0316428 0.15603
0 0.897264 0.198786 0.0163147 0.0325473 0.155698
0 0.732478 0.605883 0.0151262 0.0247941 0.155627
0 0.133517 0.640907 0.0153923 0.032848 0.155498
0 0.133535 0.578567 0.0153243 0.0323612 0.155363
0 0.219289 0.574502 0.0111321 0.02457 0.154735
0 0.17464 0.982255 0.0178216 0.0261349 0.154565
0 0.104406 0.989279 0.0161377 0.0202312 0.154491
0 0.759972 0.73829 0.0127823 0.0189504 0.154311
0 0.0357648 0.0147532 0.0179431 0.0281858 0.154045
0 0.288031 0.215809 0.0174592 0.0261268 0.153792
0 0.647022 0.743336 0.0186927 0.0304426 0.153701
0 0.29564 0.0925299 0.0142953 0.0138884 0.153654
0 0.128081 0.153425 0.0156493 0.0252653 0.153355
0 0.0368939 0.929285 0.0172375 0.0238771 0.153335
0 0.33541 0.922477 0.0153423 0.0317316 0.153027
0 0.329485 0.806901 0.0123475 0.0195458 0.152639
0 0.406077 0.0477799 0.0193268 0.034465 0.152417
0 0.387052 0.601862 0.0163622 0.0296339 0.152413
0 0.894755 0.247379 0.0103825 0.0273499 0.152148
0 0.0520345 0.658974 0.0142237 0.0326883 0.152135
0 0.275748 0.402905 0.0150246 0.0279353 0.151818
0 0.990409 0.941169 0.0188911 0.0472588 0.151811
0 0.277506 0.457339 0.0189304 0.0371696 0.151161
0 0.318316 0.707376 0.013552 0.0272666 0.151129
0 0.203446 0.879102 0.0225681 0.0364183 0.15088
0 0.949995 0.982296 0.0151249 0.030979 0.150798
0 0.419118 0.335962 0.01212 0.0218793 0.150716
0 0.0833793 0.93458 0.0215435 0.0372043 0.150502
0 0.604158 0.98935 0.0184525 0.0205128 0.149911
0 0.376722 0.647951 0.011534 0.0188305 0.149835
0 0.17548 0.0263847 0.0214079 0.0276348 0.149588
0 0.946334 0.607509 0.0171572 0.0337101 0.149468
0 0.0801411 0.11336 0.0190595 0.0370383 0.149424
0 0.302085 0.558684 0.0115757 0.0325727 0.149413
0 0.3981 0.0740104 0.019482 0.0323253 0.14927
0 0.865578 0.979134 0.0132355 0.0324315 0.149016
0 0.631219 0.553142 0.0163378 0.0200042 0.148697
0 0.220863 0.507681 0.0155836 0.0291042 0.148411
0 0.0255852 0.28313 0.0163218 0.0333185 0.148358
0 0.943231 0.545771 0.0125126 0.0297993 0.148206
0 0.346407 0.187954 0.0142258 0.0209515 0.14809
0 0.99529 0.0397235 0.00942097 0.0337174 0.147254
0 0.527217 0.966716 0.0169413 0.0252655 0.147001
0 0.850443 0.624377 0.0135925 0.0348606 0.146874
0 0.464431 0.761526 0.012473 0.026513 0.146698
0 0.32048 0.659304 0.0142325 0.0253261 0.146666
0 0.849035 0.0666428 0.0189041 0.0280304 0.146335
0 0.988943 0.815529 0.0195322 0.0406355 0.146156
0 0.254033 0.622369 0.0206291 0.0399888 0.146136
0 0.175606 0.817532 0.0155301 0.0311801 0.145991
0 0.0921221 0.327595 0.0162993 0.024754 0.145023
0 0.920982 0.126845 0.0137385 0.0305704 0.144957
0 0.440172 0.529971 0.00870895 0.0219956 0.144749
0 0.384984 0.0812032 0.0193077 0.0365501 0.144675
0 0.924515 0.485116 0.0116257 0.0250986 0.144458
0 0.199993 0.498626 0.0196195 0.0365962 0.143635
0 0.330872 0.914091 0.0150213 0.0253645 0.143497
0 0.70275 0.0659013 0.0190445 0.0302112 0.143206
0 0.0867264 0.935491 0.0161784 0.0349201 0.143085
0 0.31611 0.540416 0.0167065 0.0256665 0.142401
0 0.595581 0.878072 0.0189285 0.0315206 0.141993
0 0.00578166 0.302079 0.0112919 0.0392639 0.141852
0 0.193088 0.521635 0.0157037 0.0231678 0.141353
0 0.372189 0.975265 0.0182815 0.0290835 0.141188
0 0.14013 0.621179 0.0151763 0.034967 0.141025
0 0.653111 0.623998 0.0152011 0.0276019 0.140405
0 0.25644 0.468451 0.0159069 0.027359 0.140297
0 0.710998 0.0973026 0.00971565 0.0219844 0.140268
0 0.797874 0.576919 0.0114245 0.0219709 0.140261
0 0.865557 0.396927 0.014785 0.0193587 0.140049
0 0.906277 0.293902 0.0207732 0.0388093 0.140028
0 0.634178 0.645889 0.0210522 0.0252588 0.14001
0 0.0811631 0.762741 0.0103683 0.0390047 0.139869
0 0.190013 0.206526 0.0190952 0.0257041 0.139801
0 0.274533 0.0274293 0.0177069 0.029343 0.139697
0 0.0606163 0.946686 0.0141481 0.0260356 0.139653
0 0.555926 0.507307 0.0116547 0.0180305 0.139578
0 0.320975 0.378749 0.0183178 0.0248345 0.139363
0 0.38344 0.547588 0.0152835 0.0245987 0.13923
0 0.943272 0.602329 0.0196056 0.0382021 0.139061
0 0.807778 0.0696732 0.0146843 0.0237584 0.138027
0 0.19215 0.699954 0.0142328 0.0297894 0.137931
0 0.12903 0.258602 0.0174531 0.0261897 0.137672
0 0.880985 0.872588 0.0165627 0.0266032 0.13767
0 0.348206 0.727748 0.0161514 0.0272359 0.137289
0 0.304373 0.195848 0.0139601 0.0288512 0.137138
0 0.892235 0.726157 0.0172928 0.0258098 0.137092
0 0.780049 0.725601 0.016061 0.0197747 0.136956
0 0.321425 0.84281 0.0116721 0.0301551 0.136807
0 0.201029 0.948688 0.016952 0.0298297 0.136591
0 0.1952 0.083167 0.011777 0.0185414 0.136504
0 0.141916 0.526843 0.00915995 0.019008 0.136422
0 0.348205 0.858689 0.0164549 0.0257077 0.136312
0 0.303758 0.473303 0.022047 0.0431922 0.136214
0 0.762591 0.741593 0.0101824 0.0235474 0.135557
0 0.180515 0.304123 0.0220418 0.033358 0.135471
0 0.759846 0.584495 0.011702 0.0202935 0.135219
0 0.14702 0.262344 0.0130162 0.0232729 0.134832
0 0.622873 0.198743 0.018103 0.0280395 0.134782
0 0.749332 0.414271 0.0205837 0.0315689 0.134493
0 0.703998 0.147836 0.0106705 0.0354276 0.134419
0 0.400441 0.892047 0.0172886 0.026275 0.134275
0 0.346061 0.725835 0.0182719 0.0326586 0.134135
0 0.572277 0.879192 0.0183975 0.0309228 0.133756
0 0.19152 0.175312 0.015921 0.0269471 0.13371
0 0.27342 0.726247 0.0149261 0.0282949 0.133651
0 0.804728 0.325975 0.0157362 0.0247229 0.133567
0 0.481942 0.982905 0.0205282 0.0299261 0.133474
0 0.925449 0.581072 0.0190228 0.0377189 0.133422
0 0.211615 0.173202 0.0127589 0.0299994 0.133416
0 0.214213 0.849683 0.0121392 0.0205143 0.133294
0 0.312809 0.9636 0.0154423 0.0277393 0.133224
0 0.67703 0.501792 0.0215698 0.0385584 0.132994
0 0.704424 0.153341 0.0134687 0.0286456 0.132712
0 0.780529 0.792513 0.0158699 0.0332937 0.13263
0 0.100107 0.768263 0.0271406 0.0553738 0.132471
0 0.0713813 0.712502 0.0127336 0.0189224 0.132423
0 0.237914 0.978967 0.0223817 0.0367666 0.131795
0 0.803674 0.226652 0.0117708 0.0200486 0.131646
0 0.0284711 0.832982 0.0168745 0.0347643 0.131535
0 0.569639 0.116261 0.0135208 0.0240012 0.131133
0 0.194063 0.175447 0.0150479 0.0251321 0.130972
0 0.141993 0.923116 0.0214224 0.0328795 0.130896
0 0.921119 0.123178 0.0139484 0.0214056 0.130615
0 0.540915 0.697562 0.0157191 0.0239091 0.13058
0 0.391201 0.118135 0.0122837 0.0221774 0.130519
0 0.668352 0.0697607 0.0159036 0.0331867 0.130391
0 0.172575 0.491938 0.017343 0.0306927 0.130023
0 0.412792 0.384796 0.0108078 0.0258803 0.129965
0 0.013349 0.0319465 0.0258735 0.0539017 0.129945
0 0.97593 0.982127 0.0164639 0.0296523 0.129479
0 0.0335301 0.689118 0.0184754 0.0257985 0.129329
0 0.326128 0.909741 0.0162591 0.0212935 0.129236
0 0.00246362 0.970962 0.00460616 0.0354133 0.129176
0 0.896047 0.524812 0.0219753 0.0271101 0.129168
0 0.574214 0.665781 0.0129983 0.040468 0.129007
0 0.102058 0.961632 0.0177171 0.0294155 0.128957
0 0.383786 0.598 0.0163722 0.0315846 0.128928
0 0.768924 0.54075 0.0118409 0.0260173 0.128614
0 0.104985 0.69977 0.0185448 0.0274904 0.127877
0 0.588907 0.372714 0.012429 0.0283291 0.127736
0 0.00391954 0.681671 0.00779764 0.0314546 0.127501
0 0.0467375 0.0571136 0.0226919 0.0356842 0.127124
0 0.535523 0.773021 0.0190899 0.0381087 0.12706
0 0.944877 0.432895 0.0109091 0.0311194 0.126843
0 0.987721 0.810129 0.0174984 0.0337297 0.126633
0 0.417205 0.577603 0.0163702 0.0243022 0.126617
0 0.962682 0.707193 0.0154483 0.0301615 0.126529
0 0.0426971 0.465671 0.0186047 0.0236418 0.126203
0 0.914042 0.678902 0.0151966 0.0221134 0.126132
0 0.0106714 0.298452 0.0143329 0.0309287 0.126019
0 0.127081 0.950367 0.0115042 0.0244232 0.125994
0 0.95807 0.700961 0.0135416 0.0274606 0.125908
0 0.172999 0.839476 0.0153912 0.0196715 0.125886
0 0.754617 0.840484 0.0101265 0.0305176 0.125792
0 0.0372786 0.936382 0.017921 0.0173238 0.125573
0 0.380311 0.593015 0.0133702 0.0311066 0.125471
0 0.993476 0.571053 0.0130484 0.0354507 0.125372
0 0.836548 0.663064 0.0149626 0.0281578 0.124855
0 0.860014 0.931824 0.0135559 0.0343858 0.124747
0 0.943539 0.145703 0.0172474 0.0338762 0.124696
0 0.336658 0.34346 0.0228007 0.0386738 0.124688
0 0.826608 0.300574 0.0166046 0.0328938 0.124648
0 0.19827 0.170679 0.0108134 0.0306602 0.124392
0 0.815534 0.116651 0.0176071 0.0350941 0.124042
0 0.553471 0.964636 0.0205359 0.0323993 0.123979
0 0.26228 0.622591 0.0192293 0.0316901 0.123928
0 0.743811 0.287957 0.0160109 0.0219379 0.123467
0 0.565217 0.412768 0.0134205 0.0309392 0.123466
0 0.579655 0.427683 0.0118099 0.0204217 0.123393
0 0.377587 0.768713 0.0126791 0.0266973 0.123385
0 0.471263 0.976429 0.019545 0.0326415 0.122826
0 0.94277 0.348176 0.0178388 0.0449073 0.122803
0 0.878186 0.831691 0.0121318 0.0220408 0.12128
0 0.541543 0.202116 0.0190604 0.0255825 0.121133
0 0.325574 0.227206 0.0231423 0.0358956 0.12109
0 0.291562 0.266074 0.0229871 0.043918 0.121042
0 0.988569 0.472142 0.0203331 0.0391886 0.121014
0 0.930212 0.847699 0.00997124 0.0289442 0.120926
0 0.588463 0.987009 0.0110174 0.0209923 0.120632
0 0.865764 0.438597 0.0199474 0.034738 0.120587
0 0.832455 0.304245 0.0112244 0.0309299 0.120532
0 0.816089 0.665852 0.0199486 0.0377226 0.120182
0 0.152228 0.101946 0.0160744 0.0252407 0.120175
0 0.32028 0.663444 0.0119881 0.0239617 0.120127
0 0.692762 0.981487 0.0147757 0.0212016 0.119557
0 0.350431 0.893565 0.01436 0.0243863 0.119519
0 0.268913 0.629088 0.0143648 0.0259023 0.119428
0 0.473431 0.162344 0.0183584 0.0331194 0.119397
0 0.0253314 0.608351 0.0151215 0.0171312 0.11936
0 0.585696 0.332537 0.0188963 0.030463 0.119242
0 0.835236 0.267373 0.0167286 0.0263106 0.119201
0 0.385547 0.987979 0.0200961 0.0221969 0.119185
0 0.992871 0.857421 0.0142587 0.03524 0.11917
0 0.407245 0.87182 0.0177665 0.0385013 0.119098
0 0.437475 0.910992 0.0221849 0.0319694 0.11888
0 0.84968 0.0708883 0.0197586 0.0245924 0.118709
0 0.468502 0.161793 0.022098 0.0379385 0.118706
0 0.727167 0.203649 0.0152178 0.024549 0.118703
0 0.119031 0.841579 0.0147031 0.0365231 0.11864
0 0.790225 0.883501 0.020555 0.0251194 0.1186
0 0.854535 0.872464 0.0140026 0.0274746 0.118504
0 0.263094 0.279652 0.0235064 0.0389268 0.118254
0 0.488407 0.39579 0.0184379 0.0327948 0.118205
0 0.317088 0.840604 0.0109733 0.0293845 0.11804
0 0.358912 0.431809 0.0183093 0.0339986 0.118004
0 0.620377 0.200409 0.0173855 0.0268754 0.117904
0 0.62064 0.819726 0.0196037 0.0247589 0.117849
0 0.405194 0.0464029 0.0233428 0.0278054 0.117817
0 0.898512 0.348509 0.0196983 0.0280313 0.117763
0 0.191538 0.139156 0.0178154 0.0219638 0.117668
0 0.350964 0.211377 0.0110787 0.0273883 0.117459
0 0.611699 0.00538245 0.0187712 0.0107649 0.11724
0 0.168366 0.626425 0.018908 0.036125 0.11706
0 0.561476 0.153448 0.0142897 0.0267683 0.116242
0 0.200359 0.951829 0.017297 0.0211725 0.115856
0 0.13888 0.628576 0.0181931 0.0254311 0.115793
0 0.648873 0.250766 0.0137381 0.0331634 0.1155
0 0.907245 0.936049 0.0163124 0.0295336 0.115028
0 0.386713 0.671884 0.0137536 0.0333454 0.114879
0 0.359664 0.638095 0.0140913 0.0140627 0.114592
0 0.432176 0.214981 0.0128252 0.0285631 0.114589
0 0.0376076 0.960109 0.0169175 0.0299287 0.114431
0 0.89711 0.155127 0.0161116 0.0306825 0.114364
0 0.825173 0.430029 0.0165909 0.0268509 0.114028
0 0.488627 0.391243 0.0162056 0.0337753 0.113809
0 0.403166 0.178322 0.0196829 0.0308146 0.113738
0 0.24337 0.294114 0.0112996 0.0232229 0.113443
0 0.102008 0.515689 0.0181476 0.0252808 0.113411
0 0.888518 0.417659 0.0168152 0.0375341 0.113329
0 0.636845 0.518689 0.0199221 0.0441925 0.113274
0 0.819103 0.500357 0.0124035 0.0445411 0.113134
0 0.32994 0.912655 0.0142702 0.0194542 0.113037
0 0.105516 0.322539 0.013578 0.03025 0.112918
0 0.0236849 0.844912 0.0261977 0.0470103 0.112845
0 0.818823 0.128966 0.0219044 0.042189 0.112478
0 0.944942 0.548345 0.0136902 0.0321586 0.112243
0 0.885977 0.259801 0.0147419 0.0247164 0.112048
0 0.268797 0.859995 0.0238047 0.039635 0.111528
0 0.241952 0.975236 0.021538 0.0374959 0.111515
0 0.815132 0.376154 0.012248 0.0242922 0.111489
0 0.392112 0.606589 0.0163178 0.0273024 0.111452
0 0.932555 0.975679 0.0121601 0.026435 0.111426
0 0.850704 0.932093 0.013855 0.0395294 0.111305
0 0.138366 0.0106456 0.0204133 0.0211804 0.11127
0 0.155533 0.00719955 0.0121321 0.0139505 0.111242
0 0.318866 0.711153 0.0124299 0.0224799 0.111198
0 0.653806 0.330839 0.0178737 0.0252436 0.111166
0 0.0778303 0.905562 0.0172533 0.0204895 0.110855
0 0.739801 0.017692 0.0203181 0.0307737 0.110277
0 0.127353 0.680375 0.0137053 0.0279851 0.109533
0 0.314329 0.838454 0.00755088 0.0286984 0.109353
0 0.435966 0.258404 0.0212854 0.0372829 0.109299
0 0.0552758 0.128209 0.0130826 0.0265912 0.109158
0 0.810008 0.0672795 0.0162575 0.0211277 0.109101
0 0.782469 0.213471 0.0122328 0.0284924 0.108794
0 0.441856 0.10478 0.0159583 0.0270003 0.108748
0 0.15271 0.152128 0.0225401 0.0348475 0.108623
0 0.805417 0.77289 0.0173866 0.0345289 0.108373
0 0.0164359 0.486936 0.0210076 0.0412142 0.108278
0 0.921846 0.122665 0.0134211 0.028444 0.10827
0 0.594589 0.080208 0.0177877 0.0371704 0.107964
0 0.579476 0.681448 0.0212412 0.0331941 0.107888
0 0.240226 0.827194 0.0234971 0.0307729 0.107616
0 0.202279 0.949868 0.0166135 0.0215846 0.107575
0 0.837883 0.889066 0.015568 0.0199324 0.107433
0 0.81143 0.62207 0.0154583 0.0358615 0.10736
0 0.781401 0.752499 0.0122807 0.0276044 0.107306
0 0.717674 0.250938 0.0229765 0.0340622 0.107256
0 0.834312 0.325693 0.0123684 0.0216168 0.106883
0 0.0204408 0.716315 0.0123633 0.0215291 0.106779
0 0.0391859 0.50192 0.0216262 0.0382763 0.10648
0 0.167902 0.0724055 0.0209536 0.041898 0.106419
0 0.726131 0.0229245 0.00839768 0.0307323 0.106403
0 0.0897045 0.328748 0.0193593 0.0269901 0.106309
0 0.716955 0.505607 0.0141241 0.0283735 0.106173
0 0.790153 0.547627 0.0162219 0.0331559 0.106021
0 0.32773 0.776801 0.0127527 0.0312298 0.105694
0 0.121151 0.881044 0.0210469 0.0347382 0.105289
0 0.623973 0.0973644 0.0130738 0.0267724 0.105163
0 0.279608 0.137269 0.012487 0.0214342 0.105075
0 0.667378 0.821431 0.0177625 0.0240548 0.104756
0 0.951238 0.611279 0.0139938 0.0346744 0.104677
0 0.0778368 0.227896 0.0186787 0.0369716 0.104516
0 0.426673 0.511435 0.0174435 0.0339081 0.104513
0 0.994885 0.637317 0.0102301 0.040677 0.104489
0 0.813189 0.34887 0.017374 0.0207136 0.104295
0 0.628929 0.460099 0.0151066 0.0429587 0.104078
0 0.453687 0.596214 0.0123219 0.0345618 0.103991
0 0.203139 0.738288 0.0149465 0.0301234 0.10358
0 0.889375 0.254834 0.0155209 0.0239438 0.103425
0 0.831594 0.728026 0.0168079 0.0352773 0.103406
0 0.319067 0.703656 0.0130709 0.0306943 0.103132
0 0.459445 0.711614 0.0117685 0.0196072 0.103122
0 0.814999 0.381761 0.0185594 0.0213173 0.103003
0 0.991012 0.386336 0.0177948 0.0361376 0.102982
0 0.207844 0.550616 0.014465 0.0264711 0.10282
0 0.769635 0.0367512 0.0135029 0.0282801 0.102708
0 0.365046 0.56801 0.0158708 0.0298045 0.102674
0 0.606673 0.401729 0.0160018 0.0304938 0.102605
0 0.599188 0.408788 0.0185235 0.0312113 0.102552
0 0.923556 0.0906173 0.0128809 0.0320884 0.102551
0 0.845764 0.931508 0.0143633 0.0374437 0.102499
0 0.578813 0.960296 0.0173827 0.0284315 0.102431
0 0.579653 0.686232 0.0177197 0.0239711 0.102419
0 0.341065 0.45991 0.015353 0.0222799 0.102388
0 0.0238024 0.146958 0.0149466 0.024592 0.102314
0 0.610433 0.0479793 0.0163129 0.0334888 0.102191
0 0.583738 0.295875 0.0202339 0.0298592 0.102127
0 0.32854 0.91051 0.0161132 0.0204528 0.102005
0 0.00362902 0.299394 0.00725805 0.0450565 0.101244
0 0.0983029 0.0204865 0.0168317 0.027882 0.101223
0 0.319423 0.657353 0.0106812 0.0321357 0.101222
0 0.0770743 0.171031 0.0161853 0.0311683 0.100764
0 0.0236666 0.613087 0.0159268 0.0184732 0.100721
0 0.796345 0.38753 0.00816383 0.0239883 0.100666
0 0.453973 0.452054 0.0203854 0.0260004 0.100576
0 0.380108 0.462566 0.0135942 0.0238497 0.100181
