0 0.714899 0.148038 0.0222313 0.0357702 0.703809
0 0.253522 0.795348 0.0199731 0.0420222 0.697551
0 0.639706 0.57267 0.023587 0.0435133 0.676569
0 0.106246 0.677593 0.016087 0.038361 0.671061
0 0.266921 0.980882 0.0181567 0.0350633 0.670289
0 0.856883 0.611267 0.0224368 0.0410132 0.66876
0 0.8681 0.74486 0.0187878 0.037304 0.665468
0 0.00712238 0.578334 0.0142131 0.0445922 0.665163
0 0.0827322 0.435338 0.023385 0.0394952 0.663491
0 0.458073 0.594533 0.0186443 0.0337193 0.661292
0 0.630807 0.92489 0.0227444 0.0410146 0.656906
0 0.360764 0.879033 0.0220972 0.0461689 0.654814
0 0.130486 0.485232 0.0198315 0.0392195 0.652507
0 0.391503 0.212507 0.019327 0.0385886 0.651523
0 0.560592 0.46481 0.0190056 0.0304589 0.651424
0 0.237892 0.389436 0.0168666 0.0303914 0.649109
0 0.814226 0.866763 0.0239388 0.0386349 0.647404
0 0.410944 0.0455832 0.0202209 0.0378158 0.645833
0 0.382959 0.874465 0.018801 0.039905 0.64491
0 0.887239 0.261353 0.0179737 0.0373134 0.644666
0 0.651208 0.720447 0.0119909 0.0253323 0.644134
0 0.692678 0.453181 0.019029 0.0345573 0.644022
0 0.0219426 0.878408 0.026502 0.0579315 0.643287
0 0.0511285 0.485051 0.0173446 0.0340176 0.642227
0 0.100149 0.0744022 0.0226574 0.0423078 0.641186
0 0.143425 0.645411 0.0206781 0.0374168 0.641087
0 0.076017 0.112212 0.0224846 0.0425203 0.640081
0 0.165313 0.202561 0.0288889 0.0490791 0.637192
0 0.290096 0.748381 0.0147979 0.0306007 0.636219
0 0.369722 0.471639 0.0168515 0.0291037 0.63531
0 0.84155 0.393864 0.0188424 0.0348272 0.634786
0 0.866651 0.927025 0.0206211 0.0380893 0.632361
0 0.396661 0.841882 0.0154723 0.0341017 0.631182
0 0.702806 0.407568 0.0169264 0.0392372 0.630926
0 0.292586 0.240433 0.0194029 0.0423626 0.630227
0 0.149545 0.880774 0.0181131 0.0302265 0.629997
0 0.947504 0.387145 0.0198673 0.0346632 0.627887
0 0.387415 0.171104 0.0174006 0.0313285 0.627587
0 0.948096 0.0383546 0.0200642 0.0347217 0.627125
0 0.146125 0.555065 0.0151299 0.0318136 0.626009
0 0.461442 0.42698 0.0181136 0.0310742 0.62565
0 0.777084 0.713554 0.0140337 0.0325034 0.624064
0 0.394545 0.479394 0.0240602 0.0528137 0.622426
0 0.880239 0.511651 0.0204237 0.03473 0.622224
0 0.406836 0.423925 0.0239725 0.0440623 0.620078
0 0.103263 0.579455 0.0215887 0.0388285 0.620064
0 0.576359 0.873593 0.0132624 0.0277313 0.619888
0 0.525141 0.665952 0.0182939 0.0343243 0.619784
0 0.269385 0.34865 0.0150981 0.0334459 0.619606
0 0.368873 0.401151 0.0173563 0.037668 0.61853
0 0.910987 0.472662 0.0175644 0.0318271 0.618213
0 0.175961 0.636359 0.0135913 0.0278836 0.617246
0 0.624884 0.1039 0.0180771 0.03143 0.616688
0 0.167905 0.412661 0.0192767 0.0361969 0.61629
0 0.790142 0.040289 0.0205408 0.0385737 0.615687
0 0.551082 0.430453 0.0166475 0.0285094 0.614456
0 0.493145 0.721692 0.0183355 0.0283315 0.613553
0 0.845282 0.776054 0.0222881 0.0396111 0.612264
0 0.633256 0.445526 0.0169632 0.0323646 0.611705
0 0.990887 0.129861 0.0182255 0.0403483 0.610401
0 0.506109 0.919554 0.0189728 0.0317582 0.610379
0 0.44853 0.906333 0.0204872 0.035888 0.610225
0 0.575933 0.840785 0.0157618 0.0296149 0.609831
0 0.427495 0.180856 0.0196254 0.0359319 0.609606
0 0.00724464 0.302072 0.0143505 0.0354071 0.609415
0 0.0954982 0.644422 0.0151205 0.0289322 0.606983
0 0.0723647 0.937561 0.014926 0.0301324 0.606154
0 0.73638 0.603618 0.0128803 0.0245616 0.605455
0 0.817999 0.982705 0.0144409 0.0322693 0.605242
0 0.200801 0.0466424 0.0180377 0.0343992 0.604162
0 0.225772 0.749193 0.0147993 0.0336049 0.601868
0 0.275037 0.0924931 0.0168709 0.0270769 0.601816
0 0.119427 0.639229 0.017786 0.0325065 0.60157
0 0.98579 0.380898 0.0155163 0.0320206 0.600439
0 0.417711 0.798157 0.0170557 0.0331736 0.600197
0 0.477109 0.525046 0.0130972 0.0260712 0.599825
0 0.52029 0.72273 0.0140663 0.0278473 0.598919
0 0.894559 0.863088 0.0168411 0.0309706 0.59782
0 0.0787263 0.541033 0.0164374 0.031108 0.597693
0 0.112061 0.517016 0.0212465 0.0375336 0.596469
0 0.73586 0.442064 0.0178922 0.030357 0.593125
0 0.841175 0.923445 0.0160915 0.0283135 0.592125
0 0.634788 0.77774 0.0169079 0.0360375 0.592004
0 0.65341 0.759773 0.0161882 0.0314316 0.591154
0 0.227541 0.439498 0.0184621 0.0343691 0.590784
0 0.543883 0.711907 0.0133297 0.0251555 0.590069
0 0.177673 0.925065 0.0174394 0.0301314 0.589743
0 0.155934 0.684824 0.0156459 0.0278175 0.588973
0 0.180158 0.721609 0.0181575 0.0316086 0.58759
0 0.281446 0.306185 0.0127886 0.0374478 0.587548
0 0.771688 0.151408 0.0211065 0.0357674 0.586968
0 0.421435 0.83668 0.0160172 0.0336782 0.586767
0 0.704731 0.942766 0.0185476 0.0363546 0.585932
0 0.545304 0.32579 0.0257959 0.0383857 0.585901
0 0.58224 0.185726 0.0194597 0.0339691 0.585028
0 0.127283 0.0325501 0.0177188 0.0282672 0.584453
0 0.468931 0.462075 0.0232764 0.0397231 0.584249
0 0.963979 0.623036 0.0143538 0.0310786 0.584078
0 0.340904 0.237116 0.0211166 0.0375106 0.584059
0 0.945215 0.305682 0.0180779 0.0314903 0.582952
0 0.526693 0.430449 0.0122032 0.0277642 0.582892
0 0.800778 0.0779062 0.0155203 0.0323795 0.58278
0 0.756544 0.592057 0.0215548 0.0454792 0.582757
0 0.965019 0.283533 0.0129454 0.0245529 0.582726
0 0.533591 0.747718 0.0177439 0.0362878 0.582637
0 0.885378 0.795205 0.0155422 0.0310659 0.582582
0 0.0936212 0.482779 0.0184106 0.0307215 0.581842
0 0.864366 0.219684 0.0144886 0.0248784 0.581726
0 0.402964 0.120622 0.0148856 0.0279352 0.581552
0 0.814955 0.330796 0.021006 0.0386823 0.581028
0 0.893888 0.977554 0.022588 0.0417211 0.580211
0 0.425492 0.963126 0.0159672 0.0323544 0.580168
0 0.965367 0.935936 0.019088 0.0360755 0.579074
0 0.183003 0.130803 0.0157953 0.0336571 0.578722
0 0.344857 0.420204 0.0170026 0.0304939 0.576742
0 0.972552 0.234804 0.01703 0.0328157 0.574666
0 0.752697 0.324557 0.0201489 0.0407979 0.572596
0 0.630596 0.822984 0.0174465 0.0312425 0.571591
0 0.936174 0.444901 0.0181707 0.035228 0.57038
0 0.854665 0.0876284 0.0193268 0.0370905 0.569526
0 0.560339 0.892465 0.0163433 0.035891 0.569007
0 0.343812 0.771859 0.0232243 0.0426909 0.568327
0 0.674244 0.459772 0.0124179 0.0297175 0.56815
0 0.222717 0.242794 0.021178 0.0327791 0.567473
0 0.949611 0.910081 0.0193727 0.0330699 0.567256
0 0.333377 0.0250698 0.0149468 0.0273306 0.566677
0 0.746055 0.102414 0.0156435 0.0277047 0.566046
0 0.701939 0.731145 0.0129749 0.023938 0.566031
0 0.362732 0.220445 0.0183554 0.0452527 0.565216
0 0.686661 0.71033 0.0133301 0.0295138 0.564758
0 0.1048 0.716831 0.0121435 0.0273209 0.564524
0 0.144703 0.0470222 0.01806 0.0359585 0.563901
0 0.764466 0.630375 0.0146732 0.0275969 0.56326
0 0.419971 0.10697 0.0159182 0.0293166 0.56273
0 0.383539 0.752929 0.0195715 0.0380091 0.562385
0 0.175571 0.461334 0.0136921 0.0284093 0.562385
0 0.482665 0.562791 0.0136484 0.0264456 0.561188
0 0.549913 0.585831 0.016778 0.0322534 0.560953
0 0.321513 0.46287 0.0154384 0.0292359 0.560601
0 0.737011 0.519684 0.018805 0.0319933 0.560503
0 0.900769 0.504758 0.0157009 0.0314825 0.560279
0 0.478636 0.356215 0.0269596 0.0457908 0.560153
0 0.440925 0.380476 0.0225044 0.0516346 0.559959
0 0.328723 0.98189 0.0165282 0.0312093 0.559505
0 0.092505 0.894339 0.0176204 0.0362454 0.558999
0 0.0896101 0.519092 0.0118664 0.0247531 0.558856
0 0.0844578 0.593129 0.0147059 0.0300366 0.558811
0 0.428496 0.890636 0.0127419 0.0227451 0.558356
0 0.302722 0.372419 0.0165136 0.0291928 0.558004
0 0.83437 0.981873 0.0149029 0.0291592 0.556772
0 0.580536 0.672619 0.0142092 0.0272913 0.556287
0 0.0990109 0.755096 0.0175157 0.0261445 0.555686
0 0.319747 0.0762838 0.0194964 0.0429001 0.555194
0 0.494149 0.164639 0.0175159 0.0313891 0.555181
0 0.480448 0.218936 0.0169991 0.0291078 0.554035
0 0.921146 0.0449827 0.0137829 0.0308312 0.55352
0 0.851798 0.984377 0.0128811 0.0282567 0.553246
0 0.463693 0.707184 0.0175921 0.0422197 0.552984
0 0.976479 0.302014 0.0131645 0.029808 0.552806
0 0.280867 0.946241 0.013784 0.0347362 0.550323
0 0.389464 0.599046 0.0159373 0.0296073 0.548458
0 0.566394 0.34799 0.0216856 0.0452162 0.548222
0 0.799282 0.204926 0.0218341 0.0410086 0.547869
0 0.159285 0.0579695 0.0148176 0.0337748 0.546412
0 0.872289 0.68626 0.019273 0.0399448 0.546234
0 0.512042 0.460571 0.0169235 0.0344315 0.546219
0 0.240902 0.956105 0.0155918 0.025291 0.54431
0 0.819997 0.945748 0.0235858 0.0359064 0.543373
0 0.678499 0.812873 0.0142817 0.0340461 0.542799
0 0.248577 0.214458 0.0167939 0.0348161 0.542236
0 0.129369 0.760935 0.0169688 0.033254 0.541683
0 0.965686 0.368095 0.012645 0.0210524 0.54102
0 0.947742 0.262548 0.014283 0.0269944 0.538409
0 0.422841 0.223558 0.0182922 0.037795 0.538301
0 0.1795 0.690801 0.0157074 0.0241837 0.538118
0 0.364055 0.753801 0.0137309 0.0294573 0.538029
0 0.0306889 0.646542 0.0263003 0.0396992 0.53755
0 0.525187 0.802446 0.0175794 0.0360935 0.536252
0 0.706908 0.324011 0.0147972 0.0252357 0.535275
0 0.012289 0.348394 0.0193555 0.0430535 0.535207
0 0.503691 0.602339 0.020391 0.0365484 0.535152
0 0.257886 0.3785 0.0159882 0.0269141 0.534925
0 0.92734 0.945938 0.0254623 0.0510133 0.534705
0 0.83625 0.811704 0.0161688 0.0330797 0.534393
0 0.0600469 0.418408 0.0151618 0.0285589 0.532595
0 0.266616 0.842665 0.0161282 0.0370687 0.531783
0 0.747804 0.485933 0.0152924 0.0265377 0.53024
0 0.413873 0.575335 0.021656 0.0359706 0.529333
0 0.0115484 0.663493 0.0165484 0.0311412 0.529114
0 0.201794 0.506556 0.0187621 0.0332351 0.528992
0 0.617531 0.79479 0.0154954 0.0263289 0.528916
0 0.186431 0.953493 0.0191492 0.0328898 0.528875
0 0.321502 0.31699 0.0159281 0.0296885 0.527979
0 0.777875 0.468283 0.012264 0.0279924 0.527538
0 0.119421 0.896737 0.0150546 0.0306274 0.526838
0 0.767504 0.671077 0.0163278 0.0321877 0.526706
0 0.410093 0.867802 0.0195263 0.0337491 0.526561
0 0.0735682 0.900751 0.0128115 0.0303216 0.524824
0 0.132661 0.678278 0.0161374 0.0273811 0.52458
0 0.485213 0.422057 0.0198625 0.0332894 0.52446
0 0.150772 0.819987 0.0144832 0.0290731 0.523689
0 0.155307 0.46922 0.0197258 0.0344372 0.52326
0 0.156416 0.612753 0.0156028 0.0236165 0.522156
0 0.278833 0.613538 0.0149485 0.0297606 0.519766
0 0.17004 0.756955 0.0133836 0.023212 0.518944
0 0.0202638 0.953767 0.0174045 0.0370131 0.518065
0 0.152074 0.923256 0.0111135 0.0241291 0.518056
0 0.801685 0.434411 0.013752 0.0243189 0.517444
0 0.77635 0.963045 0.015534 0.0325231 0.516981
0 0.541205 0.184843 0.0188391 0.0370655 0.516708
0 0.304687 0.134339 0.0172048 0.0312987 0.516504
0 0.335866 0.0606142 0.0147772 0.0286293 0.516131
0 0.888921 0.567579 0.0166531 0.0356573 0.516083
0 0.727591 0.780105 0.0174942 0.0230052 0.515917
0 0.600448 0.525909 0.0210657 0.0331471 0.514726
0 0.313442 0.0334803 0.018515 0.0311771 0.513674
0 0.538185 0.933937 0.014415 0.0250743 0.513431
0 0.782105 0.7602 0.0170686 0.0263006 0.51327
0 0.687217 0.494092 0.0162514 0.0305176 0.513093
0 0.706381 0.696044 0.0138268 0.0265951 0.512833
0 0.347494 0.188799 0.0161642 0.0268848 0.512295
0 0.0543771 0.806581 0.0151171 0.0357961 0.512098
0 0.46761 0.643102 0.018298 0.0342818 0.510009
0 0.333879 0.616983 0.0153988 0.0372221 0.509584
0 0.896313 0.922662 0.015638 0.0318827 0.508191
0 0.348931 0.380278 0.0121944 0.0270038 0.508042
0 0.534545 0.366499 0.0224745 0.0388319 0.507675
0 0.558919 0.798801 0.0215574 0.0414961 0.506026
0 0.24167 0.479926 0.0169373 0.0322781 0.505188
0 0.4884 0.593662 0.0127356 0.0300595 0.505038
0 0.926212 0.0977756 0.0147614 0.0293817 0.504037
0 0.640208 0.676033 0.0131784 0.0259657 0.503619
0 0.299826 0.298874 0.0165518 0.0290687 0.503491
0 0.854995 0.496787 0.0140994 0.0303046 0.50328
0 0.964416 0.729692 0.0162262 0.0325019 0.502935
0 0.82126 0.181667 0.0174702 0.0365957 0.502878
0 0.758221 0.6988 0.0146439 0.0270978 0.502474
0 0.567348 0.431143 0.0130765 0.026228 0.501467
0 0.0493717 0.929683 0.0170424 0.0308519 0.49789
0 0.664363 0.220962 0.0142698 0.0301724 0.497205
0 0.493457 0.670294 0.0209831 0.0342735 0.496834
0 0.249364 0.862878 0.015105 0.0275152 0.496328
0 0.501631 0.864903 0.0103775 0.0257417 0.495763
0 0.079046 0.637114 0.0167702 0.030049 0.495752
0 0.548663 0.674431 0.0146486 0.0283488 0.495535
0 0.703621 0.261768 0.0208969 0.0325818 0.494857
0 0.282018 0.127351 0.0150743 0.0239688 0.494655
0 0.98668 0.414886 0.0133298 0.0293976 0.493985
0 0.718227 0.535181 0.0132621 0.0242679 0.49343
0 0.594818 0.453135 0.0247757 0.0402364 0.493026
0 0.621347 0.0628363 0.0205636 0.0368976 0.492847
0 0.655817 0.87004 0.01175 0.0225128 0.492768
0 0.155454 0.960043 0.022152 0.0383073 0.492433
0 0.569758 0.749097 0.0221628 0.0387811 0.492116
0 0.728532 0.306346 0.0133377 0.0258352 0.491805
0 0.944152 0.602853 0.0215958 0.0380629 0.491605
0 0.744198 0.65117 0.0156961 0.0288283 0.491514
0 0.736952 0.69682 0.0149057 0.0276006 0.490281
0 0.438171 0.0811456 0.013821 0.0332653 0.4899
0 0.789152 0.657154 0.0255481 0.038941 0.488322
0 0.990607 0.734962 0.0178387 0.0301212 0.487997
0 0.798163 0.516763 0.0148117 0.0339576 0.487872
0 0.605865 0.879704 0.0211843 0.0517598 0.487138
0 0.368983 0.169981 0.0186362 0.0309532 0.486089
0 0.398154 0.0865629 0.0165962 0.0292486 0.485995
0 0.171241 0.834198 0.0153136 0.025395 0.485408
0 0.617852 0.701538 0.0104549 0.0289548 0.484308
0 0.249737 0.134935 0.0168098 0.0413468 0.483994
0 0.367804 0.436969 0.0120521 0.0259618 0.483987
0 0.656244 0.143683 0.0188062 0.0323387 0.482833
0 0.58161 0.541579 0.0133371 0.0244671 0.482517
0 0.85465 0.830254 0.0132957 0.0275987 0.48243
0 0.231018 0.931647 0.0172898 0.030246 0.482348
0 0.481518 0.980962 0.0229956 0.0351817 0.48224
0 0.355489 0.965703 0.0193491 0.0309933 0.481654
0 0.387666 0.135814 0.015999 0.0338458 0.480643
0 0.865232 0.966707 0.0158638 0.0289851 0.480077
0 0.819614 0.506683 0.0112835 0.031642 0.479766
0 0.762946 0.776449 0.0182844 0.0350145 0.47976
0 0.810086 0.696243 0.0152966 0.0302175 0.478071
0 0.992277 0.296201 0.0154462 0.0292363 0.47802
0 0.562648 0.987744 0.0190757 0.023639 0.477723
0 0.701036 0.666695 0.0148923 0.0227736 0.47766
0 0.29148 0.851948 0.0172968 0.0305138 0.477517
0 0.285062 0.550812 0.0176931 0.0339391 0.476888
0 0.935975 0.743483 0.0168252 0.0415349 0.476302
0 0.881491 0.0345496 0.0194511 0.0347857 0.475858
0 0.660406 0.560547 0.0150968 0.0239456 0.475724
0 0.706649 0.754061 0.0142829 0.0235563 0.47564
0 0.665272 0.10781 0.0151878 0.0273123 0.47551
0 0.955307 0.439472 0.0175128 0.0299032 0.475436
0 0.119258 0.0643744 0.0144639 0.0312342 0.474303
0 0.911076 0.938916 0.0144497 0.0277757 0.474121
0 0.164108 0.718485 0.015199 0.0307215 0.473367
0 0.471368 0.912885 0.0114753 0.0263584 0.471476
0 0.95774 0.776015 0.0162788 0.0305118 0.47107
0 0.723368 0.394913 0.0189535 0.0313917 0.470626
0 0.527594 0.290398 0.0167919 0.0294343 0.470468
0 0.421771 0.662389 0.0125151 0.0292226 0.470208
0 0.589814 0.566399 0.0137819 0.025112 0.469786
0 0.602495 0.492098 0.0131098 0.0265576 0.468598
0 0.247649 0.753376 0.0175966 0.0306847 0.4685
0 0.214928 0.714098 0.0145314 0.0248766 0.467234
0 0.569004 0.563879 0.0143406 0.0237984 0.466649
0 0.866835 0.296342 0.0210537 0.0410266 0.466341
0 0.217549 0.837492 0.018362 0.038013 0.465365
0 0.382532 0.0757563 0.016154 0.0250629 0.463155
0 0.179748 0.278773 0.0170242 0.0349814 0.46194
0 0.915706 0.747385 0.0139645 0.0252001 0.460631
0 0.120791 0.36473 0.0172841 0.0303193 0.459753
0 0.0657963 0.602013 0.0246428 0.0405246 0.459415
0 0.726532 0.731824 0.0161184 0.0421017 0.458405
0 0.012143 0.821141 0.0234386 0.0537935 0.458196
0 0.604395 0.735026 0.016461 0.0317196 0.457376
0 0.993981 0.66207 0.0120382 0.0415775 0.456951
0 0.218898 0.538992 0.0133501 0.0319167 0.456684
0 0.464925 0.776839 0.0117714 0.0211568 0.456631
0 0.112076 0.801756 0.0159233 0.0300998 0.455145
0 0.521831 0.628578 0.0136643 0.0251795 0.454335
0 0.104306 0.572 0.0222003 0.0421952 0.454108
0 0.907297 0.0430281 0.0147285 0.0374603 0.453655
0 0.419122 0.347759 0.0221226 0.0361186 0.453575
0 0.455884 0.318996 0.0126399 0.0246393 0.452654
0 0.475797 0.315483 0.0168524 0.0317847 0.452618
0 0.428393 0.501488 0.0147438 0.0255893 0.45244
0 0.451067 0.169447 0.0158215 0.0315813 0.452288
0 0.942363 0.540865 0.0178307 0.0268407 0.450628
0 0.45611 0.498816 0.0179904 0.0283127 0.450489
0 0.211908 0.939412 0.0164924 0.0276815 0.449895
0 0.639301 0.742099 0.0129098 0.0200082 0.449452
0 0.552429 0.524758 0.0123653 0.027132 0.448058
0 0.578986 0.115384 0.0203013 0.0342501 0.447749
0 0.58314 0.500342 0.0154408 0.0212355 0.447031
0 0.91574 0.677885 0.0162083 0.0286578 0.446975
0 0.902958 0.281316 0.0136079 0.0249027 0.4466
0 0.293415 0.818149 0.0199287 0.0314223 0.445964
0 0.274739 0.208137 0.0203657 0.0370976 0.444819
0 0.496376 0.0419946 0.0136138 0.0303453 0.44452
0 0.971721 0.333512 0.0131737 0.0264387 0.443784
0 0.53611 0.0996433 0.012874 0.025529 0.443349
0 0.504645 0.698436 0.0137558 0.0343846 0.442547
0 0.919972 0.272941 0.0153385 0.0279611 0.440458
0 0.953547 0.56704 0.0190472 0.0381209 0.43945
0 0.851959 0.657567 0.0118364 0.0308007 0.43917
0 0.297384 0.461218 0.0157916 0.0299839 0.43858
0 0.165509 0.571304 0.0149395 0.0282776 0.438278
0 0.0310294 0.716912 0.021039 0.0394197 0.437588
0 0.690674 0.55203 0.0176764 0.0332723 0.437438
0 0.337868 0.353374 0.0125452 0.0245773 0.437421
0 0.814515 0.792833 0.0186718 0.0382658 0.436642
0 0.604903 0.0313473 0.0198565 0.0333262 0.434793
0 0.632577 0.881965 0.0193655 0.0350396 0.434702
0 0.240763 0.631272 0.0182166 0.0332709 0.433676
0 0.200249 0.737439 0.0192673 0.0337874 0.431689
0 0.220807 0.597665 0.0135556 0.0372569 0.431394
0 0.460825 0.0172801 0.0170731 0.0319457 0.430859
0 0.793909 0.463317 0.012633 0.0345475 0.430515
0 0.61616 0.75656 0.011444 0.0327616 0.430515
0 0.632363 0.0268415 0.016675 0.0282728 0.430508
0 0.370793 0.506573 0.0176893 0.0319602 0.429875
0 0.436547 0.334003 0.014034 0.0265424 0.429093
0 0.688343 0.161479 0.028116 0.0519877 0.428833
0 0.0868484 0.203326 0.0196651 0.0334882 0.428714
0 0.0552552 0.64117 0.0191895 0.0277247 0.428548
0 0.879588 0.87371 0.0171043 0.0280436 0.427789
0 0.744601 0.8991 0.0173191 0.0303558 0.42739
0 0.00555446 0.929138 0.0110731 0.0337955 0.427345
0 0.765371 0.0854407 0.0193356 0.0367165 0.427043
0 0.876215 0.0670261 0.0159283 0.0331716 0.426594
0 0.799905 0.133098 0.0152526 0.0358051 0.426239
0 0.708158 0.588323 0.0125857 0.0351357 0.42601
0 0.851404 0.949757 0.0104262 0.0207942 0.425847
0 0.488455 0.818538 0.028772 0.0491699 0.423664
0 0.629612 0.527967 0.0249617 0.0389803 0.422911
0 0.522421 0.844457 0.0180229 0.0316043 0.422382
0 0.601504 0.776569 0.017341 0.0250682 0.422083
0 0.967757 0.0880641 0.0232452 0.0407215 0.421858
0 0.0551858 0.867541 0.0167937 0.0341722 0.420511
0 0.126987 0.15406 0.0152845 0.0258663 0.420089
0 0.798662 0.599917 0.0153703 0.0288795 0.418893
0 0.235624 0.574845 0.01861 0.0338824 0.418764
0 0.148889 0.754231 0.0113875 0.0223138 0.418255
0 0.202108 0.14959 0.00988 0.031285 0.417701
0 0.689036 0.626526 0.0157564 0.0293742 0.417637
0 0.942274 0.675943 0.0209993 0.0343184 0.417054
0 0.434271 0.613389 0.0118946 0.0211344 0.416081
0 0.321616 0.37528 0.0105942 0.0275535 0.415944
0 0.792946 0.29579 0.0189241 0.0324306 0.414909
0 0.441147 0.87208 0.013973 0.0264011 0.414765
0 0.750798 0.676281 0.0121387 0.0207038 0.414275
0 0.00800604 0.623335 0.0142544 0.0245218 0.414248
0 0.44087 0.527754 0.0167709 0.0321956 0.414191
0 0.612911 0.343604 0.026967 0.0497371 0.413975
0 0.675743 0.56347 0.0106791 0.0248107 0.412809
0 0.0401638 0.851245 0.0155785 0.0337738 0.412643
0 0.518251 0.0624228 0.0149508 0.0280863 0.412632
0 0.531693 0.901962 0.016865 0.0341159 0.411603
0 0.71745 0.862532 0.0192419 0.0322821 0.411447
0 0.0230053 0.755969 0.0148648 0.0303575 0.410751
0 0.832503 0.245832 0.0125217 0.0265992 0.410555
0 0.300727 0.0854756 0.0145875 0.0301823 0.410301
0 0.00484551 0.267267 0.0096084 0.0276132 0.409829
0 0.64081 0.483386 0.0164686 0.0373087 0.40966
0 0.257092 0.543197 0.0167751 0.0294151 0.409443
0 0.848261 0.358577 0.0177821 0.0268605 0.408694
0 0.684453 0.38533 0.021965 0.0325738 0.408535
0 0.078667 0.264091 0.00991923 0.0310702 0.408496
0 0.189704 0.377617 0.0139423 0.0260727 0.407075
0 0.790592 0.956165 0.0152598 0.037854 0.406432
0 0.500606 0.751898 0.0151566 0.0288822 0.40643
0 0.249665 0.706687 0.0161433 0.033378 0.406319
0 0.109705 0.411893 0.0201037 0.0238831 0.405568
0 0.472494 0.270098 0.0159805 0.0286535 0.404875
0 0.308151 0.92648 0.0177046 0.0344879 0.404721
0 0.858082 0.381436 0.0107624 0.0233721 0.404528
0 0.203151 0.110106 0.012764 0.0268828 0.40448
0 0.425915 0.552278 0.0109062 0.027154 0.403549
0 0.877672 0.842145 0.015657 0.0247911 0.403084
0 0.764594 0.923052 0.0207178 0.0352043 0.402939
0 0.8285 0.637693 0.0125676 0.019812 0.40135
0 0.83026 0.102204 0.0159421 0.0308507 0.400019
0 0.386722 0.804728 0.015942 0.0248257 0.399675
0 0.528134 0.558945 0.0145565 0.0299414 0.399405
0 0.319277 0.218783 0.0162467 0.0330604 0.39937
0 0.937696 0.678642 0.0163944 0.0314431 0.399221
0 0.240485 0.836257 0.0131289 0.032821 0.396997
0 0.917035 0.838221 0.0194931 0.0337731 0.396837
0 0.501444 0.775633 0.0139577 0.0221632 0.396763
0 0.189668 0.654522 0.00928321 0.0230762 0.396248
0 0.850191 0.886256 0.016925 0.0310435 0.395936
0 0.918561 0.185183 0.0168015 0.0320321 0.395602
0 0.945468 0.228901 0.0155235 0.0255234 0.394905
0 0.55325 0.927086 0.0149409 0.0193292 0.394534
0 0.432688 0.76419 0.0175714 0.0260817 0.394119
0 0.0130848 0.182006 0.0169746 0.029777 0.394059
0 0.828238 0.667305 0.0222523 0.0350016 0.394057
0 0.380212 0.430357 0.0111551 0.0252733 0.393896
0 0.851419 0.304192 0.0115326 0.0250584 0.393673
0 0.484549 0.982259 0.0184389 0.0337359 0.392293
0 0.655182 0.309104 0.0222368 0.0387234 0.39137
0 0.73527 0.878215 0.0141738 0.0206136 0.388634
0 0.911137 0.0754338 0.0144459 0.027378 0.38771
0 0.270025 0.0447129 0.0141884 0.0262036 0.38715
0 0.371631 0.360755 0.015057 0.0251972 0.38693
0 0.349134 0.843524 0.0129463 0.0289429 0.386123
0 0.992359 0.610641 0.0152815 0.0436116 0.38581
0 0.865921 0.887812 0.0126003 0.029069 0.383618
0 0.249437 0.423661 0.00949421 0.0297708 0.383522
0 0.727903 0.679507 0.0154224 0.0292372 0.383286
0 0.0866851 0.784896 0.0173471 0.0278568 0.382981
0 0.438574 0.644215 0.0136265 0.0276374 0.381918
0 0.658186 0.0780353 0.0156696 0.029135 0.381684
0 0.932328 0.253461 0.0125898 0.0263665 0.38136
0 0.885089 0.627314 0.0160858 0.0308602 0.380933
0 0.732822 0.132265 0.0182659 0.030446 0.380872
0 0.612262 0.564215 0.0182887 0.028326 0.380808
0 0.267214 0.459112 0.0178686 0.0317435 0.380333
0 0.702424 0.787217 0.0112869 0.02273 0.380045
0 0.949115 0.800131 0.0131424 0.0216838 0.379527
0 0.344472 0.0916231 0.0165863 0.0282132 0.377877
0 0.235048 0.988772 0.0134141 0.0208019 0.377675
0 0.485981 0.10999 0.0188523 0.0319965 0.377656
0 0.344745 0.315426 0.02098 0.0361 0.37729
0 0.567913 0.512878 0.0166122 0.0289078 0.375989
0 0.91919 0.526869 0.0181675 0.0354791 0.375765
0 0.82222 0.286799 0.0322777 0.0501496 0.375548
0 0.515607 0.57655 0.0129164 0.0263531 0.375458
0 0.191414 0.989597 0.0184843 0.0198612 0.37522
0 0.441513 0.435593 0.0163961 0.0286822 0.374957
0 0.503512 0.204536 0.0229334 0.0326763 0.373979
0 0.447657 0.697776 0.0176537 0.0328474 0.373918
0 0.938492 0.983811 0.0114686 0.0302404 0.373834
0 0.440594 0.468034 0.0168275 0.0302419 0.373467
0 0.226758 0.107162 0.0128636 0.0341146 0.372166
0 0.417879 0.146961 0.0191973 0.0316968 0.371408
0 0.864063 0.423845 0.020533 0.0371862 0.371312
0 0.99217 0.0206275 0.0156599 0.0397479 0.371306
0 0.238979 0.346035 0.0165036 0.0315065 0.37045
0 0.549982 0.63887 0.0160314 0.0239726 0.370392
0 0.968297 0.493526 0.018116 0.0292224 0.369994
0 0.701165 0.880386 0.0163101 0.029874 0.369106
0 0.882479 0.121283 0.0201004 0.0391261 0.368199
0 0.842994 0.527053 0.0153149 0.0281735 0.366675
0 0.855375 0.699242 0.01301 0.0286774 0.366536
0 0.345847 0.158562 0.0162459 0.0288022 0.366486
0 0.267981 0.734812 0.0120267 0.0342518 0.366413
0 0.29353 0.439082 0.018194 0.0263517 0.366025
0 0.805649 0.48658 0.0120063 0.0246497 0.365655
0 0.0311483 0.0193867 0.0316248 0.0387735 0.365439
0 0.606013 0.872284 0.0199671 0.0387066 0.365172
0 0.945889 0.712415 0.0145687 0.0216861 0.364338
0 0.22603 0.054355 0.0161909 0.0270834 0.364134
0 0.372454 0.926111 0.0147203 0.0273217 0.363448
0 0.551366 0.675431 0.0128615 0.0271779 0.362455
0 0.0768876 0.488343 0.0134522 0.0273912 0.362446
0 0.81846 0.745395 0.00975545 0.0281287 0.362276
0 0.222588 0.331758 0.0177029 0.0320682 0.361406
0 0.716591 0.897952 0.0104352 0.0263909 0.360952
0 0.821153 0.433658 0.0120327 0.0222332 0.360944
0 0.0622691 0.744232 0.0169804 0.0300986 0.35924
0 0.830138 0.559984 0.0154518 0.0287241 0.359108
0 0.152352 0.0115199 0.0157284 0.0219122 0.358474
0 0.973543 0.300249 0.0113468 0.0281574 0.358006
0 0.569983 0.623929 0.0116108 0.0255146 0.35789
0 0.12978 0.830233 0.0130248 0.0266351 0.357249
0 0.788098 0.38821 0.012384 0.0269702 0.354822
0 0.768846 0.894443 0.0168566 0.0238491 0.35429
0 0.350307 0.717596 0.0223584 0.0384748 0.353801
0 0.744258 0.275989 0.0179155 0.0385262 0.352906
0 0.794736 0.356996 0.0126476 0.0259354 0.352733
0 0.614617 0.451102 0.0112759 0.0312363 0.352523
0 0.759485 0.589134 0.0256653 0.0457855 0.351895
0 0.321671 0.0707661 0.0177721 0.0365023 0.351208
0 0.00614822 0.395202 0.0121901 0.0438343 0.350688
0 0.921533 0.990083 0.0156946 0.0192013 0.350517
0 0.838939 0.683143 0.0133282 0.0326489 0.350461
0 0.13188 0.607393 0.0175816 0.024293 0.349713
0 0.832167 0.717671 0.0160755 0.0239539 0.348022
0 0.516164 0.777444 0.0152773 0.0367318 0.347021
0 0.776408 0.112587 0.0142067 0.0208689 0.345992
0 0.76816 0.527509 0.0234386 0.038213 0.344892
0 0.600946 0.670667 0.0134996 0.026403 0.344883
0 0.219363 0.97918 0.0209444 0.0359901 0.344712
0 0.317888 0.778496 0.0167688 0.0368503 0.344136
0 0.836194 0.742652 0.0207294 0.0303005 0.344132
0 0.215692 0.405875 0.0145862 0.0246845 0.343654
0 0.39733 0.837635 0.0177311 0.0411754 0.343566
0 0.339733 0.119992 0.0128693 0.0208966 0.343079
0 0.984685 0.843905 0.021018 0.0398671 0.342733
0 0.915159 0.385165 0.0122993 0.0243774 0.341458
0 0.745224 0.655009 0.0157048 0.0241323 0.341307
0 0.714401 0.977653 0.0190308 0.0368049 0.340138
0 0.18561 0.236748 0.0161901 0.0230962 0.339932
0 0.686844 0.319143 0.0237461 0.0281767 0.338502
0 0.684205 0.758988 0.0126447 0.0323869 0.338365
0 0.122006 0.955034 0.0133561 0.0352606 0.337459
0 0.124748 0.00966967 0.0146556 0.0193393 0.336699
0 0.844773 0.266724 0.0120777 0.0259556 0.334723
0 0.868898 0.651365 0.0199165 0.0281492 0.334173
0 0.84533 0.559255 0.0117649 0.0248953 0.33403
0 0.149368 0.783288 0.0101389 0.0259106 0.333999
0 0.376728 0.842397 0.0134947 0.0243544 0.332656
0 0.261931 0.598023 0.017449 0.0355767 0.33198
0 0.255657 0.513361 0.0180885 0.0255868 0.3316
0 0.754276 0.859974 0.0176746 0.0311927 0.33154
0 0.78793 0.918297 0.0172274 0.032221 0.331396
0 0.803817 0.751966 0.0125343 0.0263441 0.330344
0 0.435675 0.817459 0.0150255 0.0299862 0.329397
0 0.451373 0.783698 0.0105179 0.0228919 0.328944
0 0.0433048 0.138522 0.030764 0.058495 0.328597
0 0.931023 0.644889 0.0159584 0.0267389 0.328466
0 0.288321 0.148557 0.0067227 0.0303033 0.328341
0 0.62394 0.656498 0.0196713 0.0351479 0.327876
0 0.671611 0.280386 0.0135691 0.0285777 0.327702
0 0.909996 0.132639 0.0136127 0.0305272 0.32766
0 0.3929 0.629169 0.0137705 0.0236474 0.327581
0 0.768251 0.0896866 0.0161306 0.0296849 0.326825
0 0.632545 0.333841 0.0132607 0.0291524 0.325515
0 0.718706 0.660492 0.0139351 0.0174503 0.325144
0 0.315956 0.494495 0.0142098 0.0247352 0.324993
0 0.611727 0.276435 0.023126 0.0382427 0.32479
0 0.815807 0.826378 0.0125759 0.0253128 0.324656
0 0.12728 0.991144 0.024342 0.0167149 0.324354
0 0.456749 0.860335 0.0129196 0.0270637 0.324341
0 0.218572 0.218949 0.018429 0.0222586 0.324043
0 0.322466 0.130452 0.012827 0.0300779 0.323437
0 0.939804 0.0903024 0.0134014 0.026564 0.322807
0 0.0198948 0.755837 0.0208501 0.0298652 0.322785
0 0.443252 0.213794 0.0140915 0.0306446 0.322165
0 0.107853 0.29389 0.0198702 0.0380374 0.322013
0 0.371869 0.365333 0.0139163 0.0227924 0.320429
0 0.98591 0.926712 0.0201267 0.0322077 0.320085
0 0.488591 0.885851 0.025696 0.0464705 0.319722
0 0.00787016 0.703838 0.0154952 0.020498 0.319262
0 0.744663 0.973455 0.0175957 0.0327634 0.318923
0 0.406855 0.946215 0.0138823 0.0277728 0.317921
0 0.746399 0.733787 0.0153818 0.0292487 0.317887
0 0.541558 0.327031 0.0231455 0.0327007 0.316959
0 0.184852 0.860519 0.0169767 0.0290907 0.315751
0 0.993161 0.797209 0.0136786 0.0380361 0.31547
0 0.444915 0.972005 0.0149881 0.0278493 0.315233
0 0.678788 0.948601 0.0244404 0.0479554 0.315211
0 0.456642 0.284586 0.0174007 0.0366992 0.314815
0 0.797466 0.701361 0.0139969 0.0351434 0.313863
0 0.405426 0.529694 0.0163987 0.0275699 0.313821
0 0.393603 0.358683 0.0169518 0.0264309 0.31369
0 0.654138 0.966899 0.025995 0.0371094 0.31331
0 0.546621 0.88927 0.0110598 0.0256148 0.311858
0 0.203512 0.324286 0.0150737 0.0228747 0.31051
0 0.782988 0.809927 0.015801 0.0277306 0.310068
0 0.787657 0.260745 0.0149019 0.0365199 0.309303
0 0.160541 0.958617 0.0142192 0.0412938 0.308871
0 0.0784612 0.118412 0.0223519 0.0359672 0.308743
0 0.784977 0.883447 0.0142144 0.0263557 0.308632
0 0.677209 0.0624764 0.015472 0.0239053 0.308461
0 0.88272 0.603768 0.0174038 0.0280421 0.308403
0 0.408721 0.613223 0.0165447 0.026316 0.307603
0 0.816709 0.745124 0.0109985 0.0285351 0.307299
0 0.205935 0.656547 0.0189386 0.0389219 0.307108
0 0.635177 0.166658 0.0157654 0.0329117 0.306846
0 0.53998 0.492975 0.0163568 0.0199583 0.306672
0 0.211412 0.91179 0.0198741 0.0251967 0.306192
0 0.401227 0.672656 0.0151524 0.0272538 0.305647
0 0.330669 0.167298 0.0150894 0.0425912 0.305457
0 0.137631 0.952486 0.0163729 0.0335221 0.305194
0 0.229294 0.163363 0.0190179 0.0303603 0.305066
0 0.680848 0.416299 0.0202108 0.0305964 0.30494
0 0.38154 0.039027 0.0180712 0.0307172 0.304498
0 0.245304 0.323283 0.0152395 0.0255781 0.304408
0 0.516212 0.322233 0.0211227 0.0422271 0.303073
0 0.152298 0.960966 0.0185941 0.0362315 0.302087
0 0.437443 0.0236938 0.0203369 0.0361182 0.30115
0 0.326232 0.696368 0.0239766 0.0434404 0.300774
0 0.0392073 0.224141 0.0193602 0.041009 0.300691
0 0.948346 0.832835 0.0114899 0.02571 0.300087
0 0.353364 0.715152 0.0271898 0.0403686 0.299579
0 0.481049 0.350638 0.0234472 0.035904 0.297216
0 0.533661 0.0599694 0.0149263 0.0255813 0.296731
0 0.688839 0.224114 0.0274334 0.041929 0.296194
0 0.565434 0.0519727 0.0332619 0.0580182 0.295804
0 0.615529 0.979368 0.0172386 0.0358138 0.295687
0 0.462188 0.5283 0.0154573 0.0255332 0.294763
0 0.472496 0.175522 0.0178233 0.0317491 0.294579
0 0.522191 0.508647 0.0187061 0.028929 0.294213
0 0.966202 0.491148 0.0203442 0.0333219 0.294204
0 0.203172 0.23044 0.0138484 0.0276642 0.294132
0 0.132979 0.71121 0.0219536 0.0294089 0.293267
0 0.479209 0.756575 0.017275 0.0348911 0.292237
0 0.692769 0.352772 0.0201565 0.0300142 0.291791
0 0.649565 0.721884 0.0130604 0.0228768 0.291583
0 0.772569 0.525768 0.0161755 0.0291995 0.291196
0 0.384203 0.0418557 0.0197845 0.0306675 0.291111
0 0.914856 0.307747 0.0165031 0.0293582 0.289515
0 0.264632 0.00848445 0.0160803 0.0167843 0.289229
0 0.331118 0.855705 0.0156851 0.0390184 0.288965
0 0.492296 0.893909 0.0205011 0.0315446 0.288347
0 0.987948 0.847094 0.0170521 0.0337277 0.28696
0 0.938063 0.339346 0.014378 0.0287897 0.286948
0 0.960691 0.863776 0.0166707 0.0277863 0.286762
0 0.40452 0.757299 0.0138167 0.0276927 0.286701
0 0.888357 0.373558 0.0203739 0.0364234 0.286396
0 0.951397 0.140786 0.0170994 0.0281822 0.28623
0 0.471099 0.852413 0.013648 0.018952 0.285525
0 0.266078 0.124752 0.0130186 0.0229507 0.284445
0 0.785928 0.547718 0.0108358 0.0211235 0.284363
0 0.398447 0.845059 0.0139948 0.0321906 0.283846
0 0.430081 0.888066 0.0112949 0.0229496 0.283493
0 0.413194 0.425578 0.015175 0.0423267 0.283136
0 0.975605 0.802509 0.0177742 0.027682 0.282653
0 0.883332 0.611569 0.0182907 0.0422284 0.282114
0 0.877541 0.235223 0.0127632 0.016873 0.282084
0 0.0871769 0.148174 0.0213775 0.0379514 0.280707
0 0.0612849 0.22647 0.0206314 0.0325022 0.280107
0 0.839809 0.497717 0.0146454 0.0251451 0.279786
0 0.588876 0.96265 0.0166864 0.0256568 0.279157
0 0.833138 0.293941 0.0139051 0.0372787 0.278631
0 0.969711 0.0955974 0.0206503 0.0475361 0.278535
0 0.890665 0.412019 0.0175449 0.0247087 0.27819
0 0.351735 0.963887 0.0192878 0.0314907 0.277798
0 0.507747 0.137194 0.0214515 0.0368592 0.277536
0 0.536427 0.987996 0.0164555 0.0230984 0.277533
0 0.309542 0.584046 0.0134173 0.0252599 0.277416
0 0.112212 0.613475 0.0138515 0.0229484 0.277409
0 0.297715 0.204773 0.013401 0.0217978 0.277348
0 0.403771 0.00868354 0.0148144 0.0166286 0.277079
0 0.296121 0.573949 0.0142241 0.0209493 0.276871
0 0.051181 0.571807 0.0132492 0.0253357 0.275787
0 0.356305 0.509231 0.0089626 0.0328193 0.275065
0 0.15446 0.507678 0.0170461 0.0276007 0.273927
0 0.501107 0.081407 0.0145313 0.0291781 0.273094
0 0.461087 0.388209 0.01622 0.0330375 0.272949
0 0.205921 0.662221 0.0174874 0.0307041 0.272371
0 0.618642 0.980872 0.0241119 0.0371752 0.27234
0 0.826185 0.912064 0.0152206 0.0244719 0.27179
0 0.0928961 0.256615 0.0167344 0.0227522 0.271446
0 0.0625783 0.738343 0.018174 0.0352714 0.27137
0 0.709184 0.818915 0.0153521 0.0260844 0.2713
0 0.485625 0.882398 0.0214342 0.0416138 0.269911
0 0.271611 0.422617 0.0135904 0.0328088 0.269882
0 0.598168 0.203598 0.0168449 0.0350182 0.269605
0 0.158162 0.098262 0.0156969 0.0267326 0.269532
0 0.378418 0.374005 0.00947224 0.0174188 0.268926
0 0.40221 0.387302 0.0196314 0.0265672 0.26848
0 0.83825 0.42912 0.0148483 0.0255096 0.268362
0 0.0177922 0.759157 0.0235239 0.034945 0.267663
0 0.98226 0.341671 0.0101486 0.0328775 0.265132
0 0.131946 0.27627 0.0163625 0.0314965 0.265018
0 0.206316 0.647883 0.0186625 0.0428469 0.264432
0 0.0888543 0.707427 0.0171903 0.0258543 0.263308
0 0.584065 0.595611 0.0114199 0.0216281 0.263218
0 0.55224 0.74583 0.0096262 0.027527 0.262596
0 0.386946 0.0447922 0.0189358 0.03155 0.262281
0 0.332162 0.391423 0.0152244 0.0275852 0.261958
0 0.382011 0.375617 0.00706577 0.0160314 0.261801
0 0.0611472 0.453743 0.0175221 0.0279878 0.261578
0 0.934543 0.194432 0.0155221 0.0293164 0.261207
0 0.675313 0.0309333 0.0214026 0.0385013 0.261144
0 0.973961 0.174655 0.0203999 0.0234733 0.260935
0 0.539395 0.529402 0.00825729 0.0325178 0.259625
0 0.503487 0.136748 0.0175337 0.038039 0.258759
0 0.900481 0.83104 0.0140114 0.0239366 0.258513
0 0.161522 0.254244 0.0201464 0.0366704 0.257942
0 0.761525 0.930055 0.0216533 0.0370305 0.257533
0 0.972104 0.10123 0.0175931 0.0398713 0.256792
0 0.542852 0.287614 0.0140116 0.0241532 0.256637
0 0.292062 0.00613975 0.0227641 0.0122795 0.255097
0 0.640279 0.247482 0.0160582 0.0359824 0.255046
0 0.636907 0.88192 0.0122657 0.034236 0.254735
0 0.857149 0.548898 0.0142965 0.0253704 0.254303
0 0.442521 0.875269 0.0163411 0.0262043 0.254191
0 0.41081 0.619542 0.0179102 0.0341973 0.25395
0 0.519213 0.851384 0.0188264 0.0343416 0.253896
0 0.768664 0.00648255 0.0188105 0.0129321 0.253511
0 0.680521 0.814958 0.0113616 0.0327723 0.253474
0 0.559836 0.602626 0.0112916 0.0207222 0.252135
0 0.55672 0.957196 0.0162863 0.0250804 0.251294
0 0.559362 0.676379 0.010634 0.0251568 0.250413
0 0.83062 0.456736 0.0149489 0.0239673 0.250369
0 0.747496 0.22977 0.0154423 0.0317201 0.250102
0 0.623808 0.849946 0.0150578 0.0237835 0.249961
0 0.049358 0.806012 0.0247482 0.0366941 0.249794
0 0.762059 0.216865 0.0271821 0.0539727 0.249651
0 0.674096 0.854408 0.0167676 0.0279422 0.249481
0 0.343373 0.45287 0.015746 0.0284885 0.249301
0 0.806781 0.573836 0.0135113 0.0263326 0.249244
0 0.121894 0.443943 0.0135176 0.0267281 0.247793
0 0.406318 0.386724 0.0163571 0.0276279 0.24779
0 0.790703 0.920495 0.0212332 0.0361671 0.24769
0 0.0919291 0.305878 0.0215227 0.034359 0.247641
0 0.126595 0.237897 0.0186863 0.0450675 0.246596
0 0.204536 0.226865 0.013553 0.029695 0.246524
0 0.68306 0.755614 0.0136999 0.0327301 0.246508
0 0.519533 0.166903 0.0161586 0.02769 0.245589
0 0.982843 0.579703 0.0196728 0.0300184 0.245322
0 0.936754 0.985329 0.013377 0.028061 0.245305
0 0.0799382 0.815215 0.017015 0.0284261 0.244452
0 0.354529 0.510724 0.0112591 0.0301792 0.243261
0 0.683655 0.130592 0.0126738 0.0194497 0.243223
0 0.844766 0.2082 0.0157101 0.0268589 0.242808
0 0.465375 0.643531 0.0216089 0.0395799 0.242719
0 0.997111 0.914596 0.00577901 0.036399 0.241483
0 0.256793 0.655586 0.0128817 0.0242824 0.240843
0 0.372327 0.626043 0.0146508 0.032979 0.239878
0 0.391122 0.555859 0.0124483 0.0334602 0.239693
0 0.918594 0.564074 0.0189739 0.0257331 0.239029
0 0.210089 0.0781411 0.0173851 0.0290716 0.238474
0 0.457838 0.823146 0.00983906 0.0328045 0.238278
0 0.0380326 0.577496 0.0133925 0.0272249 0.23811
0 0.943678 0.661512 0.0198868 0.0219493 0.237995
0 0.059795 0.195367 0.0137685 0.0294323 0.237589
0 0.957664 0.338838 0.0139561 0.0261772 0.23674
0 0.320117 0.00670509 0.022344 0.0133345 0.236631
0 0.456047 0.991875 0.015258 0.0152896 0.235785
0 0.12799 0.157417 0.0170334 0.0236435 0.235734
0 0.45177 0.121295 0.0142166 0.0297987 0.234855
0 0.709993 0.11396 0.0182627 0.0355426 0.234434
0 0.678079 0.0664649 0.0142715 0.0225878 0.23405
0 0.69484 0.0629982 0.0149649 0.0244676 0.232328
0 0.115712 0.386582 0.0172433 0.0217213 0.232299
0 0.502461 0.556496 0.0193933 0.0340231 0.231807
0 0.741136 0.197029 0.0168537 0.0331126 0.231702
0 0.794727 0.458737 0.0108288 0.029098 0.230268
0 0.621612 0.653713 0.0218216 0.0380937 0.23021
0 0.571421 0.839482 0.0219643 0.0296807 0.229888
0 0.282214 0.0371111 0.0149179 0.0329487 0.229777
0 0.20872 0.081579 0.0166188 0.0244506 0.229661
0 0.972974 0.896391 0.0169685 0.0272649 0.228833
0 0.0173139 0.506473 0.0139691 0.0258798 0.22821
0 0.499584 0.488871 0.0183627 0.0259848 0.228068
0 0.680232 0.163869 0.0216101 0.0443371 0.22804
0 0.677586 0.41878 0.0213464 0.0325548 0.228033
0 0.713462 0.300875 0.0105087 0.0268924 0.227783
0 0.39267 0.0956934 0.0152926 0.0215054 0.227154
0 0.697499 0.989636 0.01718 0.0197127 0.227075
0 0.437416 0.127658 0.0132631 0.0258013 0.226395
0 0.0042509 0.525712 0.00849428 0.0292996 0.225947
0 0.122831 0.586513 0.01147 0.0256104 0.224052
0 0.294761 0.447126 0.0186681 0.0345974 0.223869
0 0.374864 0.341183 0.0129021 0.0252046 0.22334
0 0.629819 0.025452 0.0213388 0.0330547 0.223203
0 0.89048 0.562826 0.0178757 0.0447171 0.222662
0 0.41601 0.580124 0.0201482 0.0286103 0.222646
0 0.849983 0.658198 0.0121284 0.0279555 0.222319
0 0.0917011 0.520879 0.0125161 0.0306529 0.221575
0 0.850401 0.35579 0.020982 0.0296704 0.22124
0 0.647301 0.8323 0.00896696 0.0191447 0.220917
0 0.829931 0.289539 0.0196104 0.0434893 0.220794
0 0.696732 0.986444 0.016807 0.0250963 0.220746
0 0.308819 0.174425 0.0150345 0.0338973 0.22067
0 0.720074 0.349411 0.0273733 0.0345295 0.220368
0 0.484032 0.346063 0.0182867 0.0277543 0.220195
0 0.629721 0.172475 0.0257864 0.0398691 0.220076
0 0.195408 0.0114421 0.0134684 0.0213863 0.220013
0 0.920286 0.710041 0.0129648 0.0228704 0.219347
0 0.883143 0.931593 0.0104397 0.0336526 0.218885
0 0.704351 0.818432 0.0138369 0.0267106 0.218457
0 0.968105 0.396731 0.0115513 0.0279167 0.218131
0 0.587286 0.6367 0.0147604 0.0269867 0.217657
0 0.595625 0.806487 0.0197496 0.0323181 0.216299
0 0.951231 0.110731 0.0182588 0.0289243 0.216239
0 0.167296 0.148484 0.016993 0.0342439 0.215852
0 0.869469 0.299193 0.0155975 0.0363833 0.214875
0 0.810382 0.382092 0.0154962 0.0304004 0.214186
0 0.964341 0.487031 0.0225155 0.0390956 0.21406
0 0.390138 0.0113883 0.0140886 0.0204946 0.213553
0 0.758099 0.942996 0.0207756 0.0324195 0.212826
0 0.450615 0.784795 0.0135805 0.027238 0.212246
0 0.331603 0.73945 0.0146899 0.0225335 0.211732
0 0.372329 0.548706 0.0212671 0.0380546 0.211594
0 0.532633 0.0361856 0.0155705 0.0260549 0.211321
0 0.676049 0.16413 0.0146202 0.04074 0.210914
0 0.618489 0.387196 0.0249549 0.0355531 0.210268
0 0.441522 0.672813 0.0170755 0.0218527 0.210171
0 0.391256 0.989831 0.0147942 0.0195463 0.209559
0 0.16467 0.135892 0.0186642 0.0339454 0.208849
0 0.932237 0.874212 0.0187283 0.0319184 0.208799
0 0.110844 0.246471 0.0166171 0.0348223 0.207632
0 0.336406 0.893525 0.0150892 0.0244269 0.207088
0 0.084398 0.532424 0.0104239 0.0261733 0.206672
0 0.669194 0.78247 0.0147768 0.0195713 0.206432
0 0.340267 0.522823 0.01851 0.0290834 0.206298
0 0.800156 0.127612 0.0175297 0.0375276 0.206138
0 0.876535 0.0744621 0.0166348 0.0351468 0.206052
0 0.465935 0.095448 0.0120708 0.0208411 0.204855
0 0.495591 0.161086 0.0157455 0.0306823 0.204068
0 0.991845 0.0844251 0.0163097 0.0485762 0.203518
0 0.969579 0.335546 0.0134922 0.0292192 0.203395
0 0.359393 0.7104 0.0211413 0.0360727 0.203339
0 0.781758 0.991661 0.0150912 0.015705 0.203242
0 0.678868 0.679133 0.014443 0.0290561 0.203145
0 0.89429 0.341282 0.0146688 0.0245013 0.202482
0 0.359079 0.0658714 0.0142168 0.0237625 0.202114
0 0.404972 0.764777 0.0152157 0.0282912 0.200862
0 0.437331 0.820349 0.0184742 0.0340566 0.200832
0 0.255124 0.655722 0.0131244 0.0283327 0.200742
0 0.0350511 0.581014 0.0141467 0.0261538 0.200307
0 0.760424 0.934898 0.021772 0.0352414 0.200114
0 0.923864 0.30378 0.0158342 0.0227292 0.199921
0 0.914198 0.939505 0.0162586 0.0322262 0.199632
0 0.623014 0.97944 0.0216259 0.0345029 0.199388
0 0.0865111 0.486177 0.014086 0.0304208 0.19932
0 0.133139 0.526176 0.0173721 0.030574 0.198813
0 0.00945069 0.0348228 0.0186622 0.0482838 0.198773
0 0.351843 0.990294 0.0170323 0.0183053 0.198688
0 0.843733 0.528632 0.0108177 0.0228839 0.198328
0 0.330213 0.171928 0.0177358 0.0491296 0.198068
0 0.586806 0.993593 0.0183104 0.0120735 0.19749
0 0.639611 0.120676 0.0123146 0.024965 0.197328
0 0.0273847 0.318174 0.0186407 0.0323359 0.197302
0 0.746267 0.744237 0.0148519 0.0237325 0.196915
0 0.314229 0.408856 0.014263 0.0201582 0.196507
0 0.368267 0.323413 0.0138147 0.020898 0.196435
0 0.391004 0.0980807 0.0143333 0.0234836 0.196371
0 0.112498 0.0377299 0.0132053 0.0230382 0.1962
0 0.28439 0.67604 0.0131718 0.0324322 0.195805
0 0.134959 0.881808 0.00672192 0.0281145 0.195684
0 0.833777 0.723998 0.0200714 0.0340396 0.195278
0 0.296567 0.950423 0.013467 0.0241973 0.194633
0 0.0805326 0.0375295 0.0211148 0.0377674 0.194048
0 0.370164 0.659312 0.0135956 0.0253686 0.19404
0 0.706343 0.591857 0.0148157 0.0389138 0.193948
0 0.202263 0.150635 0.0145414 0.0352117 0.193609
0 0.977958 0.335749 0.0134697 0.0303669 0.193412
0 0.992848 0.259594 0.0142136 0.0310472 0.193298
0 0.37581 0.545184 0.0213757 0.0372672 0.193135
0 0.905892 0.100905 0.0156013 0.0250623 0.192344
0 0.764943 0.673905 0.0147446 0.0275369 0.192208
0 0.269978 0.16009 0.0178777 0.0161665 0.191927
0 0.98204 0.841134 0.0221378 0.040191 0.191771
0 0.728308 0.940329 0.0124667 0.0284334 0.191705
0 0.233565 0.179147 0.0198231 0.0338481 0.19156
0 0.566392 0.516048 0.0168878 0.0319323 0.189368
0 0.947072 0.601275 0.0195674 0.0277662 0.189025
0 0.85768 0.473066 0.0149038 0.0208883 0.188867
0 0.272572 0.703293 0.0158958 0.0247472 0.188425
0 0.878144 0.393258 0.013155 0.0126311 0.188141
0 0.939808 0.00673234 0.0145798 0.0131023 0.187873
0 0.67238 0.516833 0.0163967 0.0282248 0.187834
0 0.437701 0.731811 0.0194366 0.0345293 0.187791
0 0.535533 0.838679 0.0102131 0.0291202 0.18716
0 0.857105 0.55107 0.0113656 0.0326239 0.18677
0 0.608086 0.584739 0.0248171 0.0377618 0.186662
0 0.892445 0.40946 0.0201379 0.02556 0.185784
0 0.046774 0.93207 0.0183829 0.0322748 0.185759
0 0.742593 0.793799 0.0154815 0.0338816 0.185641
0 0.798902 0.407107 0.0138696 0.0200195 0.185614
0 0.373135 0.348712 0.0159433 0.0330242 0.185185
0 0.706227 0.81908 0.0118269 0.0238383 0.185047
0 0.297068 0.785578 0.0125485 0.0247525 0.184946
0 0.0896019 0.135354 0.0176543 0.0259594 0.184867
0 0.61867 0.950931 0.0155694 0.0187744 0.184841
0 0.902099 0.636175 0.0147842 0.0306469 0.184689
0 0.703534 0.488659 0.0145916 0.0198695 0.184462
0 0.107566 0.987889 0.0135308 0.0227338 0.183966
0 0.872409 0.813866 0.0151173 0.0211182 0.183101
0 0.828454 0.459501 0.0140347 0.0262413 0.183092
0 0.62037 0.797428 0.0113266 0.0239821 0.182717
0 0.415091 0.148447 0.0183165 0.0316593 0.182055
0 0.653832 0.809392 0.0141733 0.0306196 0.181426
0 0.277184 0.207645 0.0147746 0.0323726 0.181302
0 0.981622 0.174447 0.0175411 0.024361 0.181081
0 0.0066009 0.480274 0.013052 0.0314364 0.181027
0 0.577861 0.0750789 0.0134209 0.027053 0.180838
0 0.424911 0.396652 0.015094 0.0287295 0.180715
0 0.877815 0.0917983 0.0165241 0.017781 0.180115
0 0.226932 0.161267 0.0157811 0.0288407 0.17978
0 0.0215164 0.945343 0.0174278 0.0403183 0.179766
0 0.352324 0.914038 0.014621 0.0258586 0.179569
0 0.769881 0.371659 0.0204904 0.0334455 0.179353
0 0.117525 0.551705 0.0193487 0.0263655 0.17931
0 0.215113 0.714027 0.0167911 0.0315211 0.179257
0 0.0881274 0.143567 0.0193187 0.0328348 0.178973
0 0.563361 0.67701 0.00895329 0.0237652 0.178865
0 0.838326 0.677243 0.0134702 0.0385564 0.178819
0 0.806816 0.488717 0.00998573 0.024432 0.178746
0 0.461543 0.535388 0.0174816 0.0216042 0.178398
0 0.110547 0.0401095 0.012785 0.0230092 0.177653
0 0.852011 0.956108 0.00963516 0.0185732 0.17714
0 0.209441 0.937771 0.0191721 0.0314609 0.176925
0 0.317692 0.496846 0.0171291 0.0250003 0.176699
0 0.586899 0.710497 0.0158842 0.0255856 0.176362
0 0.783287 0.844423 0.0102207 0.0246981 0.175914
0 0.346882 0.453338 0.019699 0.0308854 0.175867
0 0.823137 0.212322 0.0113514 0.0224488 0.175128
0 0.897068 0.204846 0.025317 0.0545131 0.175004
0 0.204874 0.845881 0.0103227 0.0279683 0.174858
0 0.695068 0.844376 0.0153289 0.030958 0.174604
0 0.244125 0.444668 0.0149689 0.0244638 0.174433
0 0.853522 0.127737 0.0247334 0.0372513 0.173861
0 0.36293 0.131496 0.0147798 0.0329571 0.173822
0 0.85691 0.125703 0.0184303 0.0367518 0.173808
0 0.546146 0.673812 0.0167662 0.0293494 0.173734
0 0.427912 0.592116 0.0103855 0.0239965 0.173715
0 0.199252 0.189643 0.0125301 0.0313093 0.173156
0 0.331376 0.192174 0.0144485 0.0238803 0.172846
0 0.384317 0.942443 0.0149409 0.0271281 0.172625
0 0.135983 0.712343 0.0190691 0.0294854 0.172496
0 0.100856 0.954589 0.0162783 0.028538 0.172473
0 0.437633 0.287249 0.0160484 0.0378288 0.17247
0 0.868569 0.423627 0.0253991 0.0367966 0.172382
0 0.115689 0.517272 0.0165061 0.0357388 0.172336
0 0.661263 0.688535 0.0132304 0.0250621 0.171384
0 0.445152 0.978607 0.0133031 0.0310016 0.171117
0 0.575477 0.947335 0.0147711 0.0258039 0.17109
0 0.608878 0.83229 0.0149712 0.02559 0.170903
0 0.392735 0.0471305 0.0131126 0.0329213 0.170863
0 0.758648 0.22608 0.031496 0.0416605 0.17071
0 0.0529598 0.266487 0.0148535 0.0302889 0.170362
0 0.35521 0.970806 0.0188851 0.0299299 0.17031
0 0.141174 0.186979 0.0133239 0.0295471 0.170225
0 0.131608 0.185488 0.015344 0.032371 0.170212
0 0.228151 0.935174 0.0190825 0.033296 0.170164
0 0.923076 0.988758 0.0198095 0.0220432 0.169765
0 0.964188 0.811325 0.0143215 0.0218733 0.168986
0 0.775484 0.330464 0.0133997 0.0293581 0.168715
0 0.300977 0.05901 0.0151124 0.0149232 0.168668
0 0.363301 0.0347936 0.0124691 0.0319371 0.168459
0 0.47888 0.0478268 0.0171481 0.0378503 0.167326
0 0.533987 0.599622 0.010328 0.0278337 0.167081
0 0.175547 0.0459938 0.0152286 0.0185151 0.166559
0 0.911596 0.898543 0.0214781 0.0386262 0.166462
0 0.605585 0.592169 0.0197482 0.025587 0.166282
0 0.603139 0.773543 0.0187937 0.0230482 0.166268
0 0.45595 0.0646109 0.0176855 0.0333589 0.166157
0 0.242921 0.843555 0.0132441 0.0221776 0.1661
0 0.619223 0.950726 0.0179399 0.0243272 0.166037
0 0.588291 0.640963 0.0136116 0.0266884 0.165539
0 0.0903537 0.485586 0.0187315 0.0297619 0.165429
0 0.734751 0.690202 0.0166697 0.0263548 0.165384
0 0.752353 0.48442 0.0182623 0.0315125 0.165009
0 0.230733 0.188311 0.0223689 0.0370019 0.164903
0 0.478635 0.621234 0.0128616 0.0262292 0.164669
0 0.190226 0.616145 0.0145054 0.0222763 0.164529
0 0.41967 0.661393 0.0141589 0.031652 0.164499
0 0.370276 0.43601 0.0136765 0.0277988 0.164278
0 0.824134 0.463256 0.0123639 0.0291322 0.164245
0 0.388959 0.810229 0.0127905 0.0204274 0.163786
0 0.815819 0.788133 0.014959 0.0289507 0.163768
0 0.00484439 0.403491 0.00965905 0.0568954 0.163381
0 0.24124 0.443625 0.0132929 0.028393 0.16249
0 0.0892398 0.204047 0.0140177 0.031429 0.162
0 0.62755 0.0217622 0.0225986 0.0357887 0.161712
0 0.399677 0.829355 0.015099 0.0342099 0.161387
0 0.917497 0.530285 0.0198662 0.0357122 0.16041
0 0.970367 0.0452131 0.0136322 0.0281116 0.160254
0 0.816195 0.535575 0.0118446 0.0304771 0.160192
0 0.0384373 0.460196 0.0105658 0.0227285 0.160151
0 0.20437 0.739279 0.0203638 0.0328835 0.160124
0 0.154838 0.0557984 0.0107665 0.0344415 0.159735
0 0.603232 0.776693 0.0129488 0.0210476 0.159284
0 0.768269 0.444285 0.0155416 0.0262912 0.159251
0 0.465856 0.12765 0.0121113 0.0235737 0.158962
0 0.881825 0.846473 0.0120094 0.0212587 0.158831
0 0.812481 0.384061 0.0160522 0.0286138 0.157992
0 0.231699 0.175216 0.0225551 0.0404947 0.15791
0 0.376062 0.985535 0.012566 0.0259217 0.157736
0 0.113592 0.388364 0.0173987 0.0234629 0.157119
0 0.805801 0.751258 0.0110683 0.0265255 0.156869
0 0.849621 0.95452 0.0125074 0.0214529 0.156618
0 0.652325 0.89977 0.0193417 0.0361559 0.156456
0 0.57606 0.912381 0.0129982 0.0250936 0.155664
0 0.434479 0.432304 0.0107777 0.026168 0.155636
0 0.733743 0.876684 0.0148767 0.0260986 0.154441
0 0.61801 0.947388 0.0181828 0.0296317 0.153251
0 0.521351 0.16482 0.014044 0.0282778 0.152655
0 0.507152 0.811026 0.0113844 0.0288705 0.15259
0 0.327508 0.854582 0.0221609 0.0423726 0.152393
0 0.455295 0.989237 0.0168091 0.020572 0.151834
0 0.839429 0.431541 0.0117599 0.0249 0.15179
0 0.674693 0.419946 0.0168315 0.0321528 0.15164
0 0.214507 0.473243 0.0129422 0.0276833 0.151288
0 0.743234 0.907228 0.0153869 0.0276086 0.151088
0 0.316767 0.346464 0.0112721 0.0178708 0.151031
0 0.231057 0.892994 0.0157272 0.0262271 0.151026
0 0.19726 0.882162 0.0130943 0.0282067 0.150603
0 0.187088 0.240482 0.0176017 0.0260055 0.150596
0 0.951025 0.798327 0.010286 0.0193492 0.150042
0 0.384569 0.682514 0.014865 0.0275453 0.149952
0 0.975357 0.989522 0.0223627 0.0200209 0.14933
0 0.177763 0.0174788 0.0201405 0.0338607 0.14875
0 0.310436 0.171811 0.0142826 0.0349661 0.148577
0 0.976152 0.807588 0.0184944 0.0283349 0.148195
0 0.977611 0.725921 0.0087649 0.0299451 0.147671
0 0.831888 0.596664 0.0153317 0.0275742 0.147641
0 0.197075 0.188033 0.0134651 0.0248287 0.147529
0 0.108867 0.13267 0.0137648 0.0226975 0.147524
0 0.461395 0.557096 0.015365 0.0248077 0.147426
0 0.377026 0.100205 0.00797418 0.0235878 0.146998
0 0.950801 0.801714 0.0109329 0.0208587 0.146766
0 0.0553807 0.95717 0.0110648 0.0250237 0.146715
0 0.869224 0.887197 0.0101871 0.0282338 0.14666
0 0.715664 0.531666 0.0151099 0.0253728 0.146489
0 0.46157 0.953229 0.0174297 0.0318787 0.146223
0 0.832574 0.594532 0.0157958 0.0207332 0.145955
0 0.498592 0.0797041 0.0155684 0.0299743 0.145775
0 0.416341 0.988719 0.0148075 0.0202535 0.145583
0 0.143797 0.187355 0.0154911 0.0291841 0.145371
0 0.664248 0.34899 0.0147106 0.0291935 0.144832
0 0.429084 0.591563 0.0115946 0.0201142 0.144717
0 0.918187 0.305826 0.0212799 0.0268775 0.144518
0 0.259429 0.60138 0.0209568 0.041794 0.144255
0 0.830096 0.0574212 0.0176085 0.0373186 0.144059
0 0.995443 0.355139 0.00911427 0.0436869 0.144051
0 0.540046 0.932382 0.0112896 0.0274094 0.144037
0 0.780818 0.467017 0.0115601 0.0307117 0.143423
0 0.20871 0.60953 0.0140481 0.0223853 0.142553
0 0.220904 0.23187 0.0212605 0.0327575 0.142217
0 0.636009 0.524148 0.0203375 0.0340204 0.142137
0 0.716353 0.983503 0.0189606 0.0316612 0.141809
0 0.23275 0.895404 0.0146073 0.0255168 0.14179
0 0.566179 0.636144 0.0136436 0.0159046 0.141718
0 0.332468 0.0652525 0.0128128 0.0302957 0.141247
0 0.273137 0.041427 0.0202738 0.0298547 0.140993
0 0.540603 0.489378 0.0177864 0.0235543 0.140759
0 0.703171 0.75818 0.0177707 0.0288957 0.14068
0 0.780654 0.960019 0.0212259 0.0356417 0.140199
0 0.230854 0.986907 0.0148514 0.0244604 0.139966
0 0.330247 0.188879 0.0165094 0.027449 0.139964
0 0.311167 0.582042 0.0138884 0.0251473 0.139841
0 0.220022 0.223073 0.0189468 0.0231857 0.139448
0 0.864675 0.847858 0.00762634 0.0226973 0.138999
0 0.894468 0.207197 0.0265644 0.0453249 0.137979
0 0.184612 0.591347 0.0131769 0.0146237 0.137859
0 0.0490266 0.573723 0.0126898 0.0280132 0.137857
0 0.360712 0.0335952 0.0146254 0.0302388 0.137739
0 0.37249 0.353888 0.015253 0.033134 0.137521
0 0.612166 0.572556 0.0194956 0.0444929 0.13746
0 0.0121651 0.760393 0.0210679 0.0361633 0.137113
0 0.453899 0.320489 0.0172489 0.0265748 0.137049
0 0.202871 0.110473 0.015404 0.0321526 0.137044
0 0.409421 0.206877 0.00844644 0.0238013 0.136949
0 0.534919 0.934762 0.0178617 0.0285742 0.136806
0 0.598753 0.775816 0.016413 0.024901 0.136744
0 0.0279817 0.550006 0.0138723 0.0270462 0.136676
0 0.925335 0.304928 0.013409 0.0273658 0.136616
0 0.454502 0.82392 0.0150338 0.0349162 0.136467
0 0.856496 0.382538 0.0109756 0.0249363 0.1363
0 0.152865 0.850786 0.0115083 0.0268731 0.136139
0 0.76027 0.771393 0.01787 0.0309118 0.136081
0 0.830199 0.772593 0.00992355 0.0272993 0.135727
0 0.800673 0.603228 0.014333 0.0256829 0.135623
0 0.387386 0.0987063 0.0132587 0.0243662 0.13534
0 0.61816 0.75516 0.0134192 0.0283688 0.135334
0 0.746263 0.279485 0.0174471 0.0367491 0.135217
0 0.469605 0.854377 0.0127829 0.0230002 0.135171
0 0.439703 0.0272579 0.0169067 0.033585 0.134951
0 0.745304 0.550564 0.0129197 0.027839 0.134948
0 0.627754 0.18306 0.0283096 0.0475938 0.134905
0 0.60708 0.831035 0.00916913 0.0234863 0.134887
0 0.322499 0.572446 0.0142231 0.025686 0.134717
0 0.540806 0.500688 0.0160866 0.0172465 0.134624
0 0.124207 0.589178 0.011629 0.0224909 0.134604
0 0.992859 0.477172 0.0142828 0.0326854 0.134549
0 0.0332961 0.0148583 0.0349567 0.029556 0.134479
0 0.242221 0.838747 0.0115976 0.0255849 0.134368
0 0.284191 0.137255 0.0129825 0.0202447 0.134338
0 0.613215 0.387708 0.0161546 0.0294997 0.133729
0 0.989296 0.924139 0.0191266 0.0344404 0.133648
0 0.646731 0.0566574 0.0108269 0.0192252 0.133501
0 0.894394 0.925995 0.0147327 0.0340234 0.133481
0 0.997472 0.858311 0.00505587 0.0476603 0.13336
0 0.166184 0.143706 0.0190843 0.0373843 0.133284
0 0.777107 0.109129 0.013081 0.0255816 0.133224
0 0.739098 0.697062 0.0120038 0.0245912 0.133127
0 0.124761 0.790267 0.013377 0.0277481 0.132972
0 0.40074 0.0100118 0.0174224 0.0195372 0.132956
0 0.477701 0.68782 0.00888004 0.0263451 0.132772
0 0.88441 0.926375 0.0106477 0.0392432 0.132692
0 0.359946 0.966716 0.0176099 0.0312664 0.13222
0 0.761221 0.440949 0.0139305 0.0308609 0.132072
0 0.201653 0.225538 0.0149306 0.0304286 0.132037
0 0.89131 0.305379 0.0163076 0.0358127 0.131722
0 0.601001 0.940938 0.0141319 0.0267748 0.131496
0 0.506747 0.417824 0.010468 0.0355371 0.131375
0 0.704735 0.754972 0.0131233 0.021207 0.130959
0 0.462146 0.551235 0.0166532 0.0216514 0.130408
0 0.280357 0.671359 0.0151768 0.0307439 0.13036
0 0.939327 0.488817 0.0108315 0.0245705 0.130263
0 0.289899 0.818997 0.0188407 0.0315381 0.130063
0 0.799649 0.726247 0.0143967 0.0187731 0.129666
0 0.905027 0.935252 0.0134745 0.027439 0.129592
0 0.600661 0.67296 0.0164471 0.0292477 0.129517
0 0.81601 0.830839 0.0135979 0.0244676 0.129229
0 0.721387 0.618401 0.0154322 0.0249246 0.129166
0 0.335919 0.351108 0.0142602 0.0245521 0.128216
0 0.568244 0.62403 0.0115677 0.0283771 0.12803
0 0.714333 0.21622 0.0163937 0.0336064 0.128029
0 0.120124 0.105885 0.0184115 0.0309483 0.127959
0 0.967636 0.287408 0.0116226 0.0255511 0.12749
0 0.877161 0.0623237 0.0199548 0.038023 0.127459
0 0.994989 0.804457 0.0100218 0.0375553 0.127192
0 0.185481 0.586986 0.01195 0.0212599 0.12707
0 0.610784 0.785182 0.0140755 0.0197587 0.126863
0 0.22771 0.666935 0.0195788 0.0309052 0.126467
0 0.496213 0.718189 0.0220572 0.0323541 0.126457
0 0.979078 0.988352 0.0249332 0.021174 0.126144
0 0.748446 0.679544 0.011717 0.0187368 0.125896
0 0.214754 0.842032 0.0187507 0.031445 0.125743
0 0.181063 0.08599 0.020419 0.0282105 0.125628
0 0.946962 0.834554 0.0155645 0.0313034 0.125474
0 0.485074 0.939508 0.0174608 0.0288253 0.124839
0 0.0312239 0.38134 0.0145781 0.0341673 0.124631
0 0.990493 0.07883 0.0188906 0.043397 0.124215
0 0.0623808 0.991165 0.0134817 0.0171197 0.124189
0 0.721338 0.665014 0.0145638 0.020259 0.124053
0 0.213394 0.12819 0.0118118 0.026404 0.123763
0 0.742734 0.798379 0.0125343 0.0303053 0.123628
0 0.32912 0.38841 0.0144993 0.0298704 0.12358
0 0.723846 0.490335 0.0142081 0.0225022 0.123469
0 0.552187 0.926896 0.0151629 0.0275784 0.123124
0 0.59756 0.525019 0.0197773 0.0304152 0.123096
0 0.728448 0.583014 0.0153753 0.0194438 0.123009
0 0.890939 0.375494 0.0189415 0.0306994 0.122931
0 0.52029 0.972831 0.0205904 0.0371267 0.121991
0 0.644585 0.374992 0.0214967 0.0394214 0.121952
0 0.389111 0.00907678 0.0142881 0.0173986 0.121838
0 0.183679 0.777855 0.0202654 0.0300321 0.121787
0 0.254147 0.544966 0.020408 0.0322422 0.12174
0 0.980446 0.58365 0.0184631 0.0313777 0.12171
0 0.293867 0.602098 0.0139994 0.0291494 0.121474
0 0.0514538 0.688068 0.00926943 0.0308882 0.121372
0 0.759342 0.124929 0.0164827 0.0166856 0.121091
0 0.702688 0.491191 0.0155008 0.0270079 0.121073
0 0.55561 0.0679715 0.0167611 0.0258639 0.120865
0 0.499303 0.866825 0.0116138 0.0243702 0.120671
0 0.78809 0.958479 0.0154316 0.0373454 0.12067
0 0.537835 0.838042 0.0103805 0.0315452 0.120361
0 0.917059 0.895242 0.0132633 0.0486596 0.120281
0 0.0564274 0.450789 0.0199101 0.02687 0.120219
0 0.994418 0.260835 0.0111638 0.0348722 0.119984
0 0.0253265 0.550356 0.0152134 0.0271263 0.11988
0 0.502021 0.772764 0.0142445 0.030798 0.119845
0 0.855693 0.378431 0.0110641 0.022695 0.119604
0 0.518386 0.575135 0.0135563 0.0257985 0.11928
0 0.609147 0.592511 0.0202389 0.0259542 0.119262
0 0.852767 0.350903 0.0202995 0.0289537 0.118307
0 0.820424 0.431599 0.0090189 0.0271339 0.118272
0 0.753277 0.680241 0.0132224 0.0176318 0.118195
0 0.718124 0.856865 0.0209985 0.0359185 0.118154
0 0.554619 0.929809 0.014527 0.0190694 0.118128
0 0.577233 0.947431 0.018088 0.0305532 0.117916
0 0.574543 0.0724759 0.0192256 0.0317676 0.117747
0 0.219413 0.377988 0.0172677 0.0273049 0.117433
0 0.210174 0.915312 0.0202254 0.0356004 0.117325
0 0.29612 0.208258 0.0152791 0.0230675 0.117217
0 0.044352 0.611406 0.0132153 0.0250254 0.116911
0 0.233769 0.702765 0.0131756 0.0298592 0.116792
0 0.728557 0.993274 0.0153342 0.0127516 0.116783
0 0.00206694 0.767043 0.00409836 0.0430278 0.11643
0 0.982866 0.336124 0.0102093 0.0327631 0.116377
0 0.362436 0.136167 0.0144658 0.0304183 0.116282
0 0.97476 0.106055 0.0148109 0.0354176 0.116236
0 0.434426 0.733651 0.024597 0.0399421 0.115662
0 0.656194 0.811699 0.0144469 0.0303585 0.115503
0 0.463838 0.956194 0.0164587 0.0268222 0.115477
0 0.0883132 0.785009 0.0151697 0.0223495 0.115207
0 0.274837 0.424395 0.0156939 0.0308857 0.115128
0 0.468026 0.0966822 0.0117966 0.0221957 0.115111
0 0.658241 0.99234 0.0248272 0.014431 0.115082
0 0.12941 0.708745 0.0215727 0.0273934 0.114945
0 0.43586 0.130097 0.0137237 0.0240629 0.11487
0 0.761921 0.0367607 0.014431 0.0337427 0.114654
0 0.638018 0.744159 0.0128555 0.0203427 0.114467
0 0.953321 0.495369 0.00961647 0.0250775 0.114367
0 0.370354 0.00563051 0.0218639 0.0110462 0.114333
0 0.774281 0.107513 0.014287 0.0178005 0.114301
0 0.00567359 0.526919 0.0112407 0.029574 0.114136
0 0.90055 0.212588 0.0185818 0.0378999 0.114119
0 0.246314 0.43769 0.0124637 0.0279509 0.114045
0 0.564189 0.6463 0.0109266 0.0183653 0.114
0 0.321094 0.852199 0.0253962 0.0450894 0.113891
0 0.379152 0.544309 0.0161386 0.0353192 0.113799
0 0.497174 0.898446 0.0135046 0.0270742 0.113724
0 0.744928 0.00757777 0.0151144 0.0146272 0.113582
0 0.640712 0.968033 0.0140644 0.0340569 0.113351
0 0.0520114 0.959561 0.0154364 0.0250034 0.113337
0 0.215997 0.540261 0.0165832 0.0337096 0.113333
0 0.983497 0.548698 0.0175707 0.0248138 0.113191
0 0.619033 0.705853 0.0100405 0.0279894 0.113007
0 0.745905 0.756628 0.0140844 0.0173401 0.113004
0 0.479041 0.68575 0.00870476 0.0255844 0.112952
0 0.745151 0.0111915 0.0151882 0.0173756 0.112872
0 0.0598584 0.54079 0.0144582 0.0290801 0.112849
0 0.890373 0.455318 0.016066 0.0308968 0.112793
0 0.430762 0.711113 0.0140308 0.022456 0.112789
0 0.00318021 0.666463 0.00579405 0.0369656 0.112779
0 0.28663 0.148774 0.00918296 0.0277072 0.112728
0 0.433331 0.815143 0.0178557 0.0307827 0.112686
0 0.816129 0.549769 0.0122168 0.0226466 0.112653
0 0.514107 0.776611 0.0162857 0.0310618 0.112532
0 0.0214213 0.423114 0.0193047 0.0331783 0.112379
0 0.992686 0.700066 0.014628 0.0298555 0.112106
0 0.626536 0.658875 0.0166727 0.035416 0.11209
0 0.989153 0.174711 0.0120708 0.0245906 0.111861
0 0.0917273 0.133128 0.0139693 0.0261489 0.111841
0 0.499432 0.772968 0.0148318 0.0270926 0.11154
0 0.0288361 0.316132 0.0237825 0.035645 0.111452
0 0.546319 0.634446 0.0166344 0.0268083 0.111343
0 0.287524 0.379362 0.0136414 0.0258394 0.111336
0 0.944125 0.233078 0.0149868 0.0195985 0.111214
0 0.817713 0.136208 0.0198469 0.0363887 0.111196
0 0.576893 0.0284137 0.0153129 0.0273507 0.111072
0 0.719164 0.839066 0.0205221 0.0229813 0.111
0 0.835259 0.737893 0.0216549 0.0386136 0.110982
0 0.375891 0.927671 0.018228 0.0265338 0.110899
0 0.935635 0.873037 0.0154697 0.0307434 0.110818
0 0.381212 0.378996 0.00600351 0.0170502 0.110735
0 0.674739 0.876892 0.0176781 0.028363 0.1107
0 0.212359 0.131056 0.0127479 0.0257171 0.110327
0 0.438719 0.331491 0.0140123 0.0231186 0.110024
0 0.142362 0.418922 0.0230502 0.0318435 0.109651
0 0.0895483 0.518707 0.0150523 0.0303353 0.109456
0 0.595804 0.777103 0.0144067 0.0265869 0.10932
0 0.0914584 0.710557 0.0107649 0.026272 0.109232
0 0.222613 0.748696 0.0175994 0.0355767 0.109112
0 0.66887 0.780862 0.0112356 0.0204051 0.109028
0 0.0405819 0.211086 0.0202826 0.0325223 0.109015
0 0.0435751 0.574819 0.0117431 0.0283312 0.108886
0 0.632395 0.723655 0.0153317 0.0233392 0.108798
0 0.0941561 0.836855 0.0145143 0.0277388 0.108657
0 0.584941 0.841766 0.00915737 0.029837 0.108555
0 0.685387 0.496575 0.0191252 0.0290218 0.108431
0 0.680509 0.890077 0.0183823 0.0317593 0.108334
0 0.995573 0.91653 0.00885468 0.0399814 0.108334
0 0.85803 0.547028 0.0119331 0.0337657 0.108284
0 0.518796 0.779256 0.0135393 0.0329485 0.108252
0 0.676977 0.882886 0.0169733 0.0274434 0.108106
0 0.989217 0.379157 0.0164246 0.0277145 0.107911
0 0.61879 0.957921 0.0178961 0.0150002 0.107902
0 0.386712 0.944387 0.0164307 0.0303393 0.10769
0 0.456114 0.317271 0.0168081 0.028552 0.107532
0 0.466724 0.130713 0.0107098 0.0234058 0.107431
0 0.569663 0.712667 0.0122404 0.0194034 0.107358
0 0.554311 0.933813 0.0157472 0.0167548 0.106954
0 0.18237 0.507114 0.0167309 0.035289 0.106825
0 0.662035 0.991952 0.0199177 0.0152547 0.106634
0 0.835901 0.675873 0.0170815 0.0403813 0.106417
0 0.784676 0.958586 0.0195853 0.0376044 0.106327
0 0.769346 0.892738 0.0151331 0.0184859 0.105779
0 0.79579 0.478794 0.0122691 0.0176787 0.105753
0 0.49542 0.0441468 0.0156714 0.0394267 0.105569
0 0.618596 0.758995 0.0115437 0.0298048 0.105542
0 0.334669 0.743114 0.0137426 0.0203881 0.105295
0 0.372924 0.809459 0.0139299 0.0254393 0.105244
0 0.521289 0.797981 0.0173159 0.0366879 0.10523
0 0.815273 0.817967 0.0151108 0.0240597 0.105213
0 0.770653 0.377146 0.0220213 0.0334151 0.105196
0 0.302063 0.0533959 0.0122119 0.0145823 0.105189
0 0.662955 0.685429 0.0137339 0.0229475 0.104829
0 0.638694 0.969605 0.0152479 0.0335771 0.104722
0 0.892535 0.768516 0.0168602 0.0195835 0.104682
0 0.620337 0.652929 0.0284197 0.0451087 0.104681
0 0.8735 0.064041 0.0213173 0.0379851 0.104675
0 0.441864 0.73064 0.0133463 0.0310279 0.104667
0 0.538179 0.867162 0.0124228 0.0229106 0.104538
0 0.631241 0.726202 0.0138405 0.0193122 0.104532
0 0.4533 0.124611 0.0112023 0.0317767 0.104477
0 0.869186 0.57105 0.0150673 0.0280827 0.104423
0 0.705625 0.78913 0.0120804 0.0277235 0.10442
0 0.74286 0.0639736 0.0113492 0.0276913 0.104277
0 0.949772 0.107586 0.021434 0.0392347 0.104203
0 0.687293 0.759385 0.0102184 0.0324982 0.104147
0 0.207721 0.606118 0.013807 0.0274159 0.104102
0 0.685574 0.144477 0.0219798 0.0443348 0.104064
0 0.588842 0.84386 0.0080431 0.0277137 0.103849
0 0.304258 0.580414 0.0113321 0.0246689 0.103497
0 0.655353 0.0121053 0.017954 0.0190079 0.103287
0 0.991762 0.848939 0.0122377 0.0336517 0.103262
0 0.923989 0.0433969 0.0132839 0.0302668 0.103156
0 0.595717 0.360399 0.0111388 0.0321574 0.103052
0 0.187563 0.653379 0.00999374 0.0205997 0.102964
0 0.350695 0.922315 0.0159838 0.0333489 0.102627
0 0.165111 0.993521 0.0198329 0.0117829 0.102405
0 0.197908 0.73534 0.0183908 0.0320333 0.102299
0 0.726646 0.94073 0.0181446 0.0295935 0.102037
0 0.437365 0.613297 0.0103264 0.023772 0.101909
0 0.707184 0.1115 0.0209567 0.0386075 0.101863
0 0.0527043 0.864503 0.0171274 0.0368089 0.101818
0 0.853549 0.344207 0.0203762 0.0299758 0.101768
0 0.123122 0.793837 0.0121999 0.028165 0.101718
0 0.270269 0.927887 0.0126288 0.0243981 0.101433
0 0.521117 0.177387 0.0149532 0.0222284 0.101352
0 0.923273 0.335615 0.0138681 0.0295554 0.101255
0 0.724454 0.674249 0.0161033 0.0260129 0.101084
0 0.557777 0.520366 0.0123417 0.0278333 0.101006
0 0.571242 0.56972 0.0169539 0.0256489 0.100853
0 0.243874 0.326743 0.0182281 0.0250238 0.100733
0 0.744107 0.542028 0.0146551 0.0221788 0.100383
0 0.804085 0.901446 0.0131252 0.0228328 0.100247
0 0.459781 0.554652 0.0172323 0.0290556 0.100049
