0 0.844055 0.755101 0.023489 0.0376963 0.692275
0 0.430721 0.778916 0.0197021 0.0347475 0.675244
0 0.63919 0.412185 0.0230421 0.041972 0.662706
0 0.557468 0.798357 0.0165613 0.0334249 0.651256
0 0.0180301 0.410676 0.0200043 0.0457225 0.649295
0 0.231488 0.469273 0.0198474 0.0336209 0.648965
0 0.706954 0.640869 0.0209862 0.0389568 0.648637
0 0.767751 0.908446 0.0264193 0.0518272 0.647737
0 0.749408 0.167261 0.0152268 0.0308699 0.64694
0 0.760461 0.045182 0.0247999 0.0459112 0.646545
0 0.377559 0.549088 0.0213922 0.0364841 0.643409
0 0.699205 0.367441 0.0187606 0.0313635 0.641484
0 0.0590959 0.706216 0.0210034 0.0388731 0.640743
0 0.0179348 0.937011 0.0179193 0.0326257 0.640715
0 0.879846 0.435599 0.0273342 0.0427609 0.639855
0 0.601512 0.718832 0.0170837 0.0362627 0.637324
0 0.885329 0.146405 0.0243539 0.0380165 0.636741
0 0.280843 0.506572 0.0191044 0.0367674 0.631656
0 0.871944 0.081812 0.0229168 0.0400802 0.631336
0 0.638283 0.603711 0.0175605 0.0313842 0.630263
0 0.482351 0.181642 0.0253362 0.0459492 0.630121
0 0.249287 0.930467 0.0193929 0.0369354 0.629543
0 0.355288 0.526786 0.0206078 0.0371976 0.628841
0 0.757284 0.67554 0.0202637 0.0415699 0.627696
0 0.776514 0.655379 0.0185127 0.0288005 0.625886
0 0.255216 0.673806 0.0172746 0.0311605 0.625222
0 0.121706 0.0810948 0.0185332 0.0320526 0.624684
0 0.723172 0.831988 0.0163778 0.0336589 0.623867
0 0.403452 0.477736 0.0167122 0.0325268 0.623524
0 0.662821 0.983813 0.0159124 0.029129 0.619996
0 0.234068 0.660706 0.0220404 0.0424037 0.6131
0 0.0671537 0.332185 0.0196091 0.0341143 0.612256
0 0.813693 0.327389 0.0133867 0.0297993 0.61117
0 0.456133 0.293691 0.0186918 0.0306237 0.605401
0 0.0404043 0.0656928 0.0137801 0.0297181 0.605001
0 0.132955 0.193445 0.0179439 0.0320405 0.604282
0 0.649978 0.458273 0.0194176 0.0340645 0.603434
0 0.725018 0.187985 0.0234224 0.0481244 0.600156
0 0.101412 0.841145 0.0166963 0.0330899 0.600135
0 0.30068 0.192779 0.017666 0.0398889 0.5985
0 0.0704767 0.130223 0.0187248 0.033036 0.59777
0 0.0483923 0.63298 0.0152708 0.0452285 0.59649
0 0.0835036 0.798086 0.0212121 0.0432168 0.596448
0 0.618981 0.687609 0.0162352 0.0321543 0.59602
0 0.0557249 0.260023 0.0179654 0.0311389 0.595304
0 0.835272 0.0222759 0.0198837 0.039664 0.592517
0 0.178171 0.101111 0.0238428 0.0413592 0.592116
0 0.652082 0.855933 0.013018 0.024767 0.590602
0 0.297295 0.240069 0.0157347 0.0299257 0.590062
0 0.808249 0.650978 0.018642 0.0369417 0.589075
0 0.431364 0.634619 0.0168999 0.0314349 0.588996
0 0.513158 0.607398 0.0184026 0.0378952 0.586914
0 0.888633 0.306189 0.0193844 0.0360615 0.58636
0 0.50439 0.332505 0.0221163 0.0424489 0.584353
0 0.0913343 0.311077 0.0176338 0.0291919 0.583393
0 0.793091 0.0722499 0.0168027 0.0307442 0.583076
0 0.816933 0.958346 0.0233654 0.0413175 0.582685
0 0.428584 0.128841 0.0189068 0.0387447 0.582471
0 0.0387687 0.117579 0.0180142 0.0327225 0.581104
0 0.616007 0.245817 0.0198847 0.0374278 0.57966
0 0.453298 0.424617 0.0149481 0.028596 0.578886
0 0.5618 0.135528 0.0174471 0.0340956 0.578877
0 0.0496695 0.793826 0.0190128 0.0347154 0.578794
0 0.160564 0.328583 0.0198403 0.0383268 0.576388
0 0.463709 0.480197 0.018609 0.0293893 0.576106
0 0.204025 0.954282 0.0141406 0.0274261 0.57588
0 0.0989347 0.967576 0.024602 0.0373352 0.575172
0 0.150751 0.207711 0.0151925 0.0350107 0.575075
0 0.439968 0.369706 0.0143772 0.033219 0.57369
0 0.776767 0.160141 0.0179399 0.0450718 0.57362
0 0.029873 0.964056 0.0215092 0.0316952 0.571499
0 0.310329 0.424633 0.0175268 0.0269028 0.570612
0 0.368687 0.83119 0.0138922 0.0289273 0.56969
0 0.595789 0.21172 0.0170013 0.0315569 0.56803
0 0.0195786 0.180934 0.0153707 0.025653 0.567793
0 0.728711 0.89081 0.0211651 0.0360708 0.56766
0 0.929021 0.029668 0.0178566 0.0338608 0.566986
0 0.673497 0.463705 0.0148575 0.0229387 0.565767
0 0.339442 0.403561 0.0207344 0.0366409 0.565618
0 0.655038 0.130369 0.018347 0.0342551 0.562124
0 0.406533 0.153515 0.0176463 0.0288422 0.562052
0 0.295063 0.67468 0.0156919 0.0306936 0.561511
0 0.206331 0.327965 0.0154586 0.0338688 0.561424
0 0.910595 0.264965 0.0272018 0.0459624 0.559548
0 0.0363931 0.380983 0.0181095 0.0325975 0.55848
0 0.399315 0.021989 0.0188601 0.0357305 0.557957
0 0.629179 0.824221 0.0272079 0.051552 0.557899
0 0.582508 0.131436 0.0146675 0.0263392 0.557443
0 0.647964 0.37898 0.0157879 0.027792 0.556933
0 0.84414 0.869752 0.0202179 0.0314334 0.556305
0 0.575344 0.100136 0.0144316 0.030391 0.555748
0 0.292973 0.939299 0.0174356 0.0345997 0.555475
0 0.879904 0.838057 0.0254402 0.037302 0.554233
0 0.806085 0.169673 0.025655 0.0366493 0.553975
0 0.278299 0.821814 0.0147837 0.0285261 0.553762
0 0.448983 0.499141 0.0191299 0.0378396 0.552018
0 0.681172 0.503511 0.015303 0.0303138 0.551387
0 0.806542 0.729047 0.0186068 0.0331774 0.551263
0 0.766679 0.594205 0.0198845 0.0360194 0.550988
0 0.145167 0.434953 0.0189815 0.0298599 0.550548
0 0.397121 0.226066 0.0243142 0.0386599 0.550545
0 0.421294 0.951451 0.0190205 0.0376068 0.548813
0 0.0131438 0.247181 0.0215933 0.034776 0.548564
0 0.758753 0.63549 0.0168343 0.0263245 0.548062
0 0.388209 0.826116 0.0180223 0.031606 0.546859
0 0.128836 0.233079 0.0151024 0.0311434 0.546825
0 0.420314 0.375673 0.0131819 0.0279131 0.546752
0 0.136556 0.647741 0.0178929 0.0381305 0.546559
0 0.167656 0.780748 0.016781 0.0315523 0.544265
0 0.652622 0.800028 0.0174887 0.0348701 0.543444
0 0.261221 0.522398 0.0182166 0.0331866 0.543024
0 0.128111 0.803169 0.0164878 0.0350477 0.542866
0 0.0255993 0.706783 0.0234485 0.041537 0.540266
0 0.593644 0.0987608 0.0180862 0.0326582 0.539976
0 0.248058 0.75492 0.0157247 0.0295631 0.539178
0 0.0606902 0.756313 0.0207196 0.0407315 0.538969
0 0.865209 0.28026 0.0171379 0.0267442 0.537461
0 0.746606 0.0993395 0.0174828 0.0337094 0.536623
0 0.0455305 0.406569 0.0248049 0.042661 0.536545
0 0.768036 0.259115 0.0189566 0.0330049 0.535235
0 0.335864 0.294381 0.0124468 0.0288457 0.532659
0 0.735058 0.249135 0.0171526 0.0291806 0.532376
0 0.843655 0.209977 0.0194469 0.0357946 0.531911
0 0.759847 0.348953 0.0163556 0.0287155 0.531424
0 0.368749 0.215183 0.0165589 0.0317153 0.530838
0 0.00955429 0.364971 0.0188512 0.0418253 0.529795
0 0.929459 0.167389 0.0204205 0.0315804 0.529639
0 0.642523 0.535238 0.0176895 0.0335958 0.528956
0 0.327022 0.557635 0.0158081 0.0278727 0.527562
0 0.035804 0.924503 0.0157556 0.0308421 0.527504
0 0.0982151 0.913423 0.0217137 0.0372698 0.526622
0 0.158501 0.16036 0.0200999 0.0397736 0.525967
0 0.0174106 0.0189889 0.0199347 0.0340188 0.523913
0 0.178651 0.652424 0.018405 0.0326297 0.522954
0 0.606194 0.603227 0.0186195 0.0329607 0.522163
0 0.343763 0.821763 0.0192114 0.0399702 0.522047
0 0.495474 0.7837 0.0182909 0.0381846 0.521615
0 0.743486 0.500941 0.0150312 0.0289298 0.519156
0 0.562878 0.967018 0.016169 0.0301485 0.517495
0 0.152598 0.0745515 0.0151282 0.0339027 0.513559
0 0.638866 0.0907174 0.019743 0.0379682 0.509316
0 0.544552 0.754545 0.0203087 0.039228 0.50908
0 0.00998353 0.814861 0.0190962 0.0383629 0.50905
0 0.184414 0.234185 0.0185247 0.0321975 0.507701
0 0.851539 0.46016 0.0221615 0.0351563 0.507226
0 0.741669 0.839494 0.0170177 0.0351869 0.50687
0 0.842706 0.349642 0.0174969 0.0316387 0.506503
0 0.839999 0.308932 0.016098 0.0292093 0.505585
0 0.53783 0.533269 0.0137813 0.0327618 0.504564
0 0.239239 0.213294 0.0175647 0.035242 0.504149
0 0.436607 0.200041 0.0185585 0.0345563 0.502401
0 0.809414 0.198682 0.0152805 0.0234035 0.501984
0 0.00897142 0.117749 0.0148585 0.0256246 0.501922
0 0.309505 0.573964 0.01345 0.0190006 0.500485
0 0.872165 0.3329 0.0146286 0.0274089 0.500183
0 0.178484 0.975512 0.0170783 0.0379835 0.500046
0 0.741029 0.0660035 0.0151226 0.0287405 0.49951
0 0.00470545 0.15323 0.00941089 0.0283231 0.498128
0 0.104022 0.450824 0.0147534 0.0320726 0.497463
0 0.743439 0.370432 0.0128057 0.0311156 0.497042
0 0.603226 0.0340947 0.0152582 0.0339828 0.495507
0 0.128553 0.270993 0.0154575 0.0253118 0.495215
0 0.828614 0.650918 0.0124838 0.022108 0.495126
0 0.891202 0.0448967 0.0154312 0.0356967 0.494737
0 0.364264 0.71075 0.019612 0.0353052 0.494325
0 0.503506 0.489048 0.0180487 0.0530909 0.493646
0 0.0836203 0.354441 0.0161767 0.0292859 0.493252
0 0.350405 0.331697 0.0173996 0.0294758 0.491543
0 0.199496 0.215805 0.0154519 0.0289524 0.490355
0 0.41507 0.0681472 0.0162306 0.02599 0.490275
0 0.121278 0.356072 0.0155909 0.0294337 0.489695
0 0.555587 0.0850826 0.0151228 0.0317239 0.489545
0 0.841553 0.794767 0.0209618 0.0323903 0.48611
0 0.814139 0.897058 0.0195269 0.0359029 0.485962
0 0.684108 0.104937 0.0140327 0.0230976 0.483142
0 0.218551 0.258079 0.0214785 0.0322449 0.482215
0 0.134782 0.470954 0.0297224 0.0485574 0.482095
0 0.0438487 0.220311 0.0147933 0.0324704 0.481853
0 0.00407364 0.312374 0.00809957 0.0392465 0.48162
0 0.139419 0.129344 0.0163178 0.0292166 0.480157
0 0.662298 0.606048 0.0162936 0.0281199 0.4788
0 0.221395 0.922756 0.0166958 0.0325975 0.478226
0 0.695288 0.770767 0.0210279 0.039503 0.476066
0 0.681223 0.872584 0.0132167 0.0300028 0.47539
0 0.456931 0.202032 0.0166672 0.0285149 0.47468
0 0.845851 0.96067 0.0187878 0.0393958 0.473749
0 0.161556 0.285326 0.0130817 0.0278133 0.473622
0 0.262193 0.974423 0.0225199 0.036594 0.473459
0 0.471949 0.981066 0.0186305 0.0342466 0.473114
0 0.32076 0.400864 0.0124368 0.0289767 0.469772
0 0.681893 0.238702 0.0182507 0.0318016 0.468034
0 0.560513 0.480794 0.0177199 0.0348651 0.467805
0 0.652705 0.323285 0.0191101 0.0328263 0.466264
0 0.583113 0.245252 0.021585 0.0390186 0.465915
0 0.47098 0.0337854 0.0144731 0.0355459 0.463754
0 0.130569 0.933809 0.0200193 0.03889 0.463233
0 0.25021 0.424779 0.0206984 0.0405785 0.463073
0 0.407315 0.525265 0.0171936 0.0395972 0.46184
0 0.397456 0.112882 0.0196989 0.0302672 0.460476
0 0.491265 0.840731 0.0234795 0.0388506 0.460144
0 0.641245 0.875998 0.0132133 0.0289992 0.459781
0 0.69427 0.033628 0.017342 0.0331269 0.459493
0 0.366252 0.0113537 0.0151692 0.0219737 0.459134
0 0.68082 0.378515 0.0137489 0.0261138 0.458611
0 0.69991 0.874105 0.0189479 0.0335646 0.457763
0 0.864867 0.515846 0.0193039 0.0346632 0.457709
0 0.24551 0.825359 0.0178304 0.0346032 0.456922
0 0.214358 0.13089 0.0201772 0.0363928 0.456278
0 0.698639 0.0681806 0.012488 0.0253457 0.455694
0 0.649549 0.184217 0.0202003 0.0402094 0.454844
0 0.158484 0.54843 0.0262591 0.0420534 0.454753
0 0.498302 0.636453 0.0120975 0.02812 0.453437
0 0.45322 0.016816 0.0213047 0.0333426 0.451827
0 0.455483 0.979931 0.0124853 0.0347708 0.451811
0 0.689231 0.818993 0.0139389 0.0250281 0.451426
0 0.253895 0.552743 0.00908368 0.0211456 0.449044
0 0.380846 0.0271544 0.0138951 0.0234348 0.448791
0 0.455787 0.0873683 0.018636 0.0325484 0.447682
0 0.857416 0.15249 0.0168865 0.030923 0.447374
0 0.840933 0.162624 0.0155357 0.0257621 0.445767
0 0.690703 0.132244 0.0154945 0.0293954 0.445708
0 0.90489 0.359413 0.0227688 0.0365167 0.445373
0 0.473394 0.541816 0.0196198 0.0395409 0.445203
0 0.260144 0.735981 0.016885 0.0270509 0.442872
0 0.721304 0.0761392 0.0157288 0.0253588 0.441374
0 0.727151 0.678093 0.0213617 0.0384618 0.4411
0 0.358519 0.0948662 0.0162284 0.0340027 0.440135
0 0.789323 0.0346532 0.0155688 0.0324447 0.438461
0 0.73789 0.614965 0.0209477 0.0334951 0.437382
0 0.223418 0.871696 0.0103179 0.0268768 0.436581
0 0.0562865 0.305374 0.0161414 0.0268081 0.435955
0 0.361726 0.948956 0.0180519 0.032273 0.435748
0 0.0751114 0.179193 0.0164928 0.0263199 0.434895
0 0.617928 0.0932715 0.018247 0.0380379 0.43404
0 0.297382 0.977828 0.0220508 0.0348843 0.432099
0 0.0926927 0.709269 0.0200251 0.0379217 0.432009
0 0.0712797 0.387781 0.0172525 0.0369716 0.430899
0 0.109134 0.299481 0.0177199 0.0352112 0.430638
0 0.0325824 0.460534 0.0265197 0.0373861 0.430477
0 0.815858 0.363059 0.0160267 0.0285065 0.430469
0 0.723139 0.349076 0.0131912 0.026563 0.429772
0 0.835935 0.252559 0.0154961 0.0281357 0.428774
0 0.619037 0.537405 0.0142178 0.0335649 0.427211
0 0.218188 0.497468 0.0136212 0.0269161 0.426529
0 0.801322 0.534384 0.026041 0.0419779 0.424481
0 0.430887 0.0290514 0.0157894 0.0253757 0.423712
0 0.266084 0.942106 0.0154914 0.0262804 0.422537
0 0.220272 0.761067 0.0163146 0.0369354 0.422097
0 0.907492 0.036924 0.0188982 0.0336519 0.421582
0 0.682126 0.436016 0.0121796 0.024291 0.418574
0 0.0180132 0.518206 0.0190034 0.0308439 0.416991
0 0.00446999 0.210636 0.00891269 0.027136 0.416836
0 0.46759 0.861054 0.0148454 0.0279622 0.416802
0 0.12781 0.860391 0.0161217 0.026848 0.415221
0 0.187158 0.528221 0.0217794 0.0340612 0.415013
0 0.801439 0.472264 0.0221426 0.0345161 0.414736
0 0.483767 0.750212 0.0154924 0.03185 0.414713
0 0.759569 0.75372 0.020269 0.0331089 0.414535
0 0.367217 0.615572 0.0125241 0.0277942 0.413202
0 0.117168 0.139194 0.0184656 0.0355199 0.412069
0 0.834056 0.407842 0.0156174 0.0300456 0.411914
0 0.69913 0.482552 0.0160478 0.0328052 0.411835
0 0.234499 0.432884 0.0136101 0.0264372 0.409
0 0.889171 0.390077 0.0153873 0.0221607 0.408889
0 0.367454 0.179498 0.0185645 0.0317054 0.407693
0 0.0193005 0.775969 0.0185251 0.0325138 0.407508
0 0.823158 0.816794 0.0147118 0.0348806 0.407439
0 0.569396 0.577742 0.0194969 0.0347236 0.407148
0 0.32133 0.0209705 0.0134327 0.0282539 0.404836
0 0.674211 0.551491 0.0254461 0.0367718 0.404666
0 0.741698 0.419272 0.0163946 0.0315261 0.403272
0 0.111544 0.54699 0.0199816 0.0350018 0.4022
0 0.432413 0.564917 0.0165199 0.0317742 0.402195
0 0.176724 0.820657 0.0140703 0.0321577 0.401844
0 0.241287 0.58312 0.0149333 0.0327145 0.400086
0 0.804379 0.26005 0.0219414 0.0362619 0.397142
0 0.311117 0.153636 0.0206945 0.0367816 0.396353
0 0.131898 0.0501164 0.0139676 0.027643 0.395195
0 0.495169 0.44945 0.0168633 0.0341787 0.394582
0 0.0304169 0.321749 0.0219551 0.0370912 0.393121
0 0.365727 0.296659 0.0133718 0.0233618 0.392589
0 0.589907 0.951598 0.0151779 0.0290784 0.392456
0 0.820641 0.514439 0.0212856 0.0334626 0.391892
0 0.664384 0.685703 0.0142156 0.034164 0.391463
0 0.851207 0.0758038 0.0149677 0.0252967 0.391299
0 0.814793 0.0994926 0.0171249 0.033557 0.390667
0 0.628846 0.0408469 0.0207028 0.0353653 0.389542
0 0.848533 0.64446 0.0199823 0.0373098 0.389301
0 0.25917 0.353481 0.0180793 0.0340249 0.389189
0 0.239386 0.884524 0.0154832 0.0280524 0.385792
0 0.271382 0.644425 0.0148838 0.0331984 0.385161
0 0.494606 0.851232 0.0259098 0.0540755 0.384664
0 0.139221 0.0174718 0.0117837 0.0281311 0.383646
0 0.290532 0.550675 0.0144875 0.0272428 0.381805
0 0.622438 0.7808 0.0199514 0.0343391 0.381506
0 0.604314 0.461872 0.0195532 0.0316477 0.380918
0 0.498313 0.861375 0.0196539 0.0384558 0.380894
0 0.815385 0.226613 0.0137383 0.0243492 0.38073
0 0.681653 0.0739497 0.014505 0.0249599 0.380463
0 0.706353 0.231506 0.0139942 0.0245862 0.379512
0 0.0507916 0.978943 0.0146731 0.0303908 0.37566
0 0.0647823 0.947843 0.0138653 0.0265856 0.375151
0 0.938077 0.0942055 0.0230381 0.035967 0.373511
0 0.383282 0.14904 0.0155683 0.0230277 0.372829
0 0.0357049 0.842551 0.0219042 0.0419054 0.371327
0 0.477834 0.886444 0.0183388 0.0342523 0.370289
0 0.646971 0.95406 0.0190918 0.0302545 0.369721
0 0.668311 0.899147 0.0182824 0.0297153 0.369442
0 0.50761 0.677911 0.0210394 0.0390516 0.368148
0 0.491747 0.0295916 0.0182169 0.0322929 0.365181
0 0.616058 0.650535 0.0148877 0.0291977 0.364979
0 0.011776 0.850205 0.0172415 0.0307644 0.364305
0 0.43921 0.152804 0.0144068 0.0338892 0.363166
0 0.646536 0.691919 0.0167014 0.0349462 0.362775
0 0.166296 0.865501 0.0227048 0.0420522 0.362326
0 0.723163 0.924306 0.0167554 0.0326591 0.361594
0 0.215624 0.357898 0.0130316 0.0227021 0.359949
0 0.0389633 0.767499 0.0117514 0.0223199 0.359005
0 0.810423 0.410814 0.0183254 0.0352011 0.356297
0 0.370653 0.678253 0.0164076 0.0327793 0.356262
0 0.117272 0.582081 0.0186707 0.0365417 0.355387
0 0.905742 0.867153 0.0203381 0.031857 0.355056
0 0.493084 0.388914 0.0152061 0.0356293 0.353968
0 0.900046 0.109269 0.0176075 0.0311721 0.35319
0 0.23374 0.951075 0.012283 0.0254714 0.352524
0 0.61851 0.347459 0.0176156 0.0291116 0.352089
0 0.388132 0.0547763 0.0162572 0.0347638 0.351865
0 0.00825778 0.446657 0.0131662 0.0260447 0.349068
0 0.383017 0.775793 0.0152449 0.0235345 0.34752
0 0.838535 0.305455 0.0186195 0.0345623 0.345605
0 0.0581189 0.307761 0.0157735 0.0256036 0.344892
0 0.839132 0.711113 0.0174132 0.0391276 0.344084
0 0.453979 0.664214 0.0204527 0.0473371 0.343608
0 0.58394 0.443614 0.023026 0.0366523 0.342685
0 0.426112 0.519566 0.0158816 0.0292867 0.342522
0 0.0136044 0.488113 0.0179091 0.0296465 0.341286
0 0.762051 0.30879 0.0128256 0.0222831 0.340945
0 0.796206 0.107139 0.0163929 0.030005 0.340446
0 0.419145 0.825575 0.017079 0.0382077 0.340094
0 0.572361 0.366148 0.0169075 0.0356695 0.339608
0 0.619394 0.978568 0.0183123 0.0312583 0.339315
0 0.191396 0.360464 0.0101584 0.0225672 0.337664
0 0.71557 0.378035 0.00857328 0.0231789 0.333861
0 0.356208 0.985095 0.0158736 0.0285464 0.33286
0 0.671092 0.828521 0.0152342 0.0262993 0.331304
0 0.0656117 0.915863 0.0151654 0.0289576 0.331291
0 0.617522 0.304607 0.0212433 0.0340691 0.329392
0 0.220413 0.500176 0.0127209 0.0239649 0.328441
0 0.776796 0.974838 0.0240599 0.0465546 0.328341
0 0.181529 0.410924 0.0166835 0.030869 0.327428
0 0.192157 0.26364 0.0171565 0.0285579 0.324499
0 0.809687 0.796194 0.0139919 0.0265644 0.323885
0 0.303663 0.627698 0.0165501 0.033032 0.32312
0 0.797094 0.306684 0.0210163 0.0327733 0.322635
0 0.168106 0.417577 0.0185275 0.0361765 0.322525
0 0.57264 0.866235 0.0188614 0.039998 0.322347
0 0.611836 0.950982 0.015455 0.0271702 0.321349
0 0.383988 0.62573 0.0147689 0.0277438 0.320271
0 0.424676 0.504973 0.0179574 0.0550478 0.320253
0 0.150042 0.0734022 0.019891 0.0364709 0.320246
0 0.634111 0.635605 0.0163051 0.0295731 0.319959
0 0.402469 0.0791448 0.0104983 0.0247264 0.319242
0 0.588862 0.0627966 0.0141745 0.0282765 0.319073
0 0.090344 0.477345 0.0125093 0.0243481 0.318994
0 0.351264 0.279567 0.0156496 0.0233125 0.318756
0 0.163142 0.552687 0.0232615 0.0388089 0.31763
0 0.312687 0.660283 0.0127727 0.0262338 0.313507
0 0.730075 0.740621 0.0182264 0.0273875 0.313247
0 0.736568 0.132231 0.0136198 0.0206186 0.312464
0 0.206397 0.727309 0.0116492 0.0259147 0.312217
0 0.60391 0.134897 0.0162315 0.0331327 0.311308
0 0.433431 0.665296 0.0129018 0.0260902 0.308113
0 0.903557 0.227206 0.0167187 0.0299135 0.305308
0 0.0650913 0.20902 0.0150573 0.028113 0.30418
0 0.235829 0.370825 0.0167108 0.0318648 0.3041
0 0.156434 0.381269 0.0169524 0.0323763 0.303202
0 0.130936 0.696553 0.0215685 0.0382394 0.302998
0 0.602063 0.53564 0.0138567 0.0283784 0.301371
0 0.316458 0.964447 0.0156454 0.0277312 0.30136
0 0.512107 0.208129 0.0170324 0.0315541 0.300624
0 0.63805 0.991969 0.0150824 0.0155134 0.299492
0 0.630852 0.213854 0.0160409 0.020318 0.299459
0 0.611057 0.382533 0.0192635 0.0299706 0.299433
0 0.482239 0.641431 0.0136389 0.0336775 0.29942
0 0.145011 0.846376 0.0146915 0.0234165 0.299175
0 0.59861 0.67958 0.0152038 0.0283169 0.298714
0 0.467053 0.134382 0.022576 0.0357268 0.297262
0 0.908352 0.146417 0.0131424 0.0204858 0.296342
0 0.618937 0.101346 0.0182859 0.0318949 0.296086
0 0.426114 0.512225 0.0157518 0.0430729 0.295884
0 0.328659 0.630574 0.0217484 0.0389709 0.295627
0 0.308598 0.275846 0.0164272 0.0313818 0.295559
0 0.176042 0.491773 0.022156 0.0325155 0.295377
0 0.166337 0.68729 0.0171484 0.0316054 0.294355
0 0.386213 0.17754 0.0183695 0.0282715 0.290221
0 0.0646256 0.510471 0.0209155 0.0302318 0.289244
0 0.640423 0.87152 0.0122532 0.0314223 0.288971
0 0.83506 0.0773593 0.0183582 0.0351061 0.287903
0 0.129502 0.0505833 0.016079 0.0299351 0.2858
0 0.373016 0.585398 0.0146006 0.0248558 0.284947
0 0.153709 0.939795 0.0153726 0.0260401 0.284598
0 0.155108 0.747542 0.0189374 0.0239037 0.284546
0 0.452271 0.658792 0.0202724 0.0434709 0.284071
0 0.101175 0.16587 0.0110781 0.0203858 0.284025
0 0.132513 0.533847 0.0164528 0.0272973 0.280765
0 0.27983 0.688407 0.0155713 0.0214876 0.280692
0 0.202556 0.463767 0.0135898 0.026337 0.280681
0 0.464078 0.621962 0.0143396 0.0257037 0.280277
0 0.289952 0.877855 0.0146507 0.0240127 0.280092
0 0.73972 0.331737 0.0165995 0.0264212 0.279564
0 0.129132 0.941325 0.0195916 0.0310411 0.279125
0 0.681542 0.959696 0.013859 0.0246646 0.278234
0 0.245881 0.150439 0.014438 0.0245744 0.2776
0 0.226212 0.519882 0.0160284 0.0302043 0.277282
0 0.433684 0.736532 0.0196273 0.0396161 0.27696
0 0.750611 0.721674 0.0112245 0.0254102 0.276623
0 0.338996 0.90809 0.0169257 0.0283955 0.276251
0 0.0159287 0.708205 0.0224374 0.0399063 0.275686
0 0.0114151 0.709448 0.0142077 0.0345043 0.275654
0 0.0850434 0.860846 0.0142439 0.0238413 0.275134
0 0.587896 0.0107507 0.0189446 0.0196714 0.275007
0 0.411466 0.917902 0.0135843 0.0278303 0.274754
0 0.581224 0.818463 0.0164808 0.024726 0.272061
0 0.477288 0.981686 0.0244434 0.0357185 0.270291
0 0.624613 0.154054 0.0177158 0.0358679 0.270209
0 0.301296 0.371525 0.015415 0.0325166 0.269916
0 0.225182 0.322149 0.0169052 0.0337964 0.269188
0 0.823513 0.461861 0.0222782 0.0357127 0.269155
0 0.106254 0.650686 0.0214263 0.0330149 0.268932
0 0.336867 0.234487 0.0164001 0.033788 0.268482
0 0.324074 0.0785637 0.0177037 0.0314987 0.267879
0 0.268359 0.582003 0.0151839 0.0284936 0.267841
0 0.227793 0.977647 0.020139 0.0348006 0.267556
0 0.878708 0.117847 0.0170052 0.0266119 0.266925
0 0.434876 0.43544 0.0191044 0.0342759 0.266895
0 0.155901 0.244808 0.0167985 0.0333911 0.265539
0 0.273542 0.251552 0.0162543 0.0348173 0.265485
0 0.437408 0.30774 0.0149687 0.03367 0.265007
0 0.527273 0.38965 0.017866 0.0314997 0.264776
0 0.835698 0.25176 0.019519 0.0324127 0.263023
0 0.639134 0.252783 0.0186417 0.0382994 0.262594
0 0.0192413 0.0587282 0.0132501 0.0252523 0.262499
0 0.081363 0.959648 0.0143697 0.0219103 0.262364
0 0.706976 0.798897 0.0168509 0.0243554 0.261991
0 0.745335 0.96113 0.013471 0.033762 0.261298
0 0.354557 0.226742 0.0149195 0.0292709 0.261177
0 0.427068 0.524962 0.0145142 0.0219118 0.25836
0 0.119323 0.141913 0.0177804 0.0372587 0.256978
0 0.16902 0.556287 0.0151011 0.0332728 0.256462
0 0.663927 0.0584494 0.0197673 0.0337853 0.256281
0 0.884878 0.714487 0.0191578 0.0310579 0.255091
0 0.152732 0.245049 0.0175631 0.0341529 0.253826
0 0.0374132 0.264712 0.0152336 0.0253215 0.252944
0 0.279397 0.212948 0.0147091 0.0285525 0.252541
0 0.252661 0.931978 0.0129812 0.0370171 0.252475
0 0.446008 0.49781 0.020695 0.0387413 0.251751
0 0.0787722 0.597475 0.0309575 0.0443775 0.251716
0 0.519792 0.290612 0.0246748 0.0424616 0.251206
0 0.0184044 0.67074 0.0209588 0.033365 0.251027
0 0.289804 0.302078 0.0245671 0.0368821 0.250723
0 0.919789 0.98931 0.0205437 0.0206991 0.25001
0 0.372571 0.589314 0.0149645 0.0214549 0.248873
0 0.926234 0.130729 0.0162342 0.0331402 0.248766
0 0.291097 0.586717 0.014451 0.0273295 0.248298
0 0.344455 0.777345 0.031755 0.0518724 0.248005
0 0.708928 0.84722 0.0139613 0.0225908 0.247347
0 0.289796 0.464627 0.0116813 0.0286491 0.247002
0 0.743101 0.292728 0.0133547 0.0292782 0.246129
0 0.0560675 0.368755 0.0133815 0.0243079 0.24611
0 0.81487 0.762791 0.0133049 0.0252441 0.245469
0 0.0659809 0.0849329 0.0288848 0.0481753 0.245396
0 0.211837 0.847545 0.0162477 0.021814 0.245233
0 0.415638 0.198681 0.0109484 0.0291116 0.245223
0 0.340545 0.733458 0.0141587 0.0277001 0.244591
0 0.357906 0.913821 0.0149602 0.0324799 0.244522
0 0.0861521 0.936973 0.016698 0.0301612 0.243814
0 0.200273 0.0453866 0.0221712 0.0392497 0.24226
0 0.700381 0.187155 0.0125351 0.0290117 0.242218
0 0.643912 0.878566 0.012508 0.0253337 0.241349
0 0.422471 0.0900105 0.0137041 0.017722 0.241238
0 0.226042 0.0497925 0.0194659 0.031108 0.240206
0 0.154516 0.717755 0.012578 0.0258609 0.239489
0 0.422792 0.213868 0.0103516 0.0346212 0.239068
0 0.402517 0.152446 0.0177194 0.0289941 0.23893
0 0.271254 0.467051 0.0152437 0.0266906 0.238469
0 0.414499 0.293439 0.0123316 0.023488 0.237765
0 0.348256 0.134526 0.0134633 0.0213737 0.237471
0 0.50562 0.414187 0.0210814 0.0355623 0.236903
0 0.0763601 0.252982 0.0161785 0.0288116 0.236537
0 0.35029 0.13128 0.0140378 0.0223674 0.236124
0 0.246499 0.714847 0.0132715 0.0227536 0.235986
0 0.680504 0.436283 0.0116615 0.0294557 0.235683
0 0.45632 0.260695 0.0184706 0.026229 0.235426
0 0.378574 0.88522 0.0195555 0.0433889 0.234397
0 0.446712 0.550761 0.00986017 0.0235633 0.234299
0 0.947376 0.0110579 0.0218117 0.0204826 0.234054
0 0.17862 0.374393 0.0169688 0.0288007 0.233707
0 0.179421 0.29546 0.0138802 0.0256454 0.232672
0 0.653154 0.506832 0.0123213 0.0289073 0.232366
0 0.627024 0.455395 0.0115282 0.0286482 0.231672
0 0.744132 0.00667484 0.0240268 0.012896 0.231656
0 0.282021 0.424054 0.0175344 0.0288213 0.231374
0 0.787564 0.345506 0.0161157 0.031143 0.230696
0 0.700497 0.549566 0.0111666 0.033642 0.230597
0 0.154701 0.0757521 0.0124241 0.0333401 0.2302
0 0.264395 0.970423 0.0215423 0.0294394 0.229868
0 0.186661 0.196726 0.0144672 0.0302862 0.229252
0 0.0668144 0.980422 0.0179858 0.0303208 0.228952
0 0.452667 0.49369 0.0231958 0.038934 0.228375
0 0.270361 0.311382 0.00933873 0.0294822 0.228167
0 0.602858 0.807999 0.0143025 0.0252174 0.227469
0 0.728352 0.68371 0.0228971 0.0485121 0.22731
0 0.380745 0.0943397 0.016874 0.028976 0.225947
0 0.366757 0.615399 0.0173861 0.0314763 0.22584
0 0.402976 0.598009 0.0115349 0.0293919 0.22552
0 0.382713 0.616606 0.0173012 0.0423731 0.225034
0 0.178656 0.295048 0.0175069 0.0312531 0.224191
0 0.211586 0.0945208 0.0173329 0.0291601 0.224048
0 0.769246 0.107437 0.0241346 0.0487516 0.224021
0 0.518295 0.249103 0.0163952 0.0289693 0.223323
0 0.824927 0.457532 0.0207615 0.0360657 0.221762
0 0.378488 0.35604 0.0161984 0.0246627 0.220908
0 0.758067 0.377456 0.0158577 0.0230052 0.220907
0 0.441255 0.253946 0.0144234 0.0282298 0.219891
0 0.0619072 0.473999 0.0190323 0.0396345 0.219138
0 0.59873 0.980807 0.0193838 0.0321706 0.217082
0 0.132324 0.595687 0.0111283 0.0333069 0.216389
0 0.371337 0.44542 0.018807 0.0295705 0.215423
0 0.63233 0.818676 0.020965 0.0440567 0.214337
0 0.144093 0.335222 0.0120819 0.028009 0.212824
0 0.579242 0.297085 0.018465 0.0346212 0.211337
0 0.190396 0.360299 0.0124599 0.0263626 0.210935
0 0.495346 0.125388 0.0187422 0.0405132 0.210214
0 0.189277 0.264075 0.0197215 0.025798 0.209375
0 0.678999 0.872012 0.0123477 0.0300503 0.207753
0 0.232879 0.955002 0.0133986 0.0277693 0.206671
0 0.0683047 0.82721 0.0132811 0.0333103 0.206643
0 0.768885 0.115565 0.0221718 0.0339071 0.206488
0 0.748236 0.564951 0.0200686 0.0272526 0.206329
0 0.706767 0.422961 0.017408 0.0299289 0.206145
0 0.748331 0.456058 0.0231182 0.0424277 0.205974
0 0.898781 0.987602 0.0151685 0.0240852 0.205941
0 0.323918 0.68965 0.0196169 0.0369223 0.205214
0 0.721699 0.046487 0.0221439 0.0270532 0.204833
0 0.683702 0.103785 0.0161829 0.0291328 0.204776
0 0.0270396 0.634167 0.0171663 0.0268527 0.204776
0 0.190854 0.290813 0.0120563 0.0243223 0.204505
0 0.723007 0.113624 0.0250848 0.0342465 0.204265
0 0.0352959 0.149514 0.0152202 0.0201159 0.203192
0 0.264111 0.940051 0.0129767 0.0277299 0.203114
0 0.841152 0.34612 0.0173317 0.0328711 0.202972
0 0.610221 0.416433 0.0154688 0.0224247 0.202888
0 0.650306 0.503649 0.0179246 0.0311467 0.202672
0 0.798914 0.528382 0.0233803 0.0417513 0.201467
0 0.515329 0.608686 0.013431 0.0362823 0.200698
0 0.715132 0.456098 0.0143841 0.0293082 0.199965
0 0.739329 0.0301087 0.0154779 0.0215171 0.199951
0 0.714657 0.76262 0.0119606 0.0321611 0.199331
0 0.682582 0.0770359 0.0161201 0.0236503 0.199197
0 0.104914 0.256434 0.0134958 0.0285553 0.198085
0 0.125886 0.862568 0.0177741 0.0304308 0.197991
0 0.685897 0.656578 0.0140808 0.0264943 0.197185
0 0.185194 0.523521 0.0206496 0.0375305 0.196993
0 0.585554 0.544437 0.0127136 0.0337746 0.195652
0 0.693105 0.0293932 0.0189966 0.0365688 0.194975
0 0.180176 0.341991 0.0176908 0.0266312 0.194957
0 0.219739 0.918644 0.0199101 0.0403037 0.193114
0 0.686866 0.112274 0.0140292 0.0193961 0.192757
0 0.227156 0.550929 0.0130136 0.0269302 0.192239
0 0.245144 0.527967 0.00703904 0.0273507 0.191897
0 0.255574 0.46595 0.0141369 0.0242721 0.191418
0 0.421569 0.210186 0.0106098 0.0373096 0.191279
0 0.409214 0.154392 0.0152472 0.0299796 0.191263
0 0.72153 0.716837 0.0144558 0.0250841 0.191223
0 0.601782 0.640571 0.0152941 0.0327057 0.189392
0 0.0933815 0.222232 0.0227064 0.0261127 0.188618
0 0.722264 0.0411962 0.0197938 0.0234809 0.186349
0 0.606915 0.388786 0.0226038 0.0311196 0.186332
0 0.39809 0.721915 0.0163837 0.0250181 0.185845
0 0.294513 0.58796 0.0125159 0.028547 0.185772
0 0.0492999 0.951147 0.0160865 0.0259386 0.185764
0 0.229599 0.970715 0.01882 0.0294128 0.185508
0 0.464289 0.138398 0.0191405 0.0389229 0.184762
0 0.708499 0.151975 0.0117373 0.0259008 0.184754
0 0.402086 0.751599 0.00977306 0.0312788 0.184619
0 0.278564 0.722468 0.0154541 0.0260375 0.183469
0 0.625054 0.454951 0.0119652 0.0275024 0.18318
0 0.263627 0.109883 0.0189315 0.0302575 0.182732
0 0.814526 0.0950786 0.0192793 0.0397192 0.182644
0 0.6195 0.876056 0.0157955 0.0290017 0.182591
0 0.00231895 0.616622 0.00463791 0.0419725 0.182019
0 0.38937 0.302492 0.0158864 0.0311646 0.181936
0 0.381281 0.057424 0.0198022 0.0309743 0.18176
0 0.288562 0.336338 0.0158971 0.021465 0.181463
0 0.582443 0.503069 0.0181207 0.0320479 0.180955
0 0.668205 0.771834 0.0130896 0.0316227 0.180065
0 0.744791 0.0890072 0.0167755 0.0258625 0.179763
0 0.178914 0.412918 0.0188146 0.0338244 0.179158
0 0.0882806 0.932391 0.013844 0.0258152 0.179123
0 0.00412361 0.0980568 0.00822325 0.02591 0.178889
0 0.147137 0.893291 0.00937551 0.0294568 0.178574
0 0.362358 0.299613 0.0124739 0.0243162 0.178264
0 0.00855093 0.577493 0.0160118 0.0221347 0.178141
0 0.0416854 0.182036 0.0136342 0.0183602 0.177298
0 0.1341 0.694647 0.0161996 0.0308114 0.176669
0 0.165952 0.97014 0.0102969 0.0266337 0.176302
0 0.850165 0.383001 0.0159279 0.0250553 0.174132
0 0.393843 0.929065 0.0169267 0.0263923 0.174124
0 0.337817 0.971548 0.0180178 0.0322961 0.173842
0 0.48111 0.985813 0.0192975 0.0280029 0.173292
0 0.636292 0.813785 0.0138357 0.0343831 0.173187
0 0.426229 0.916061 0.0197918 0.0313351 0.172783
0 0.037304 0.376773 0.0183076 0.0270596 0.172757
0 0.4698 0.41451 0.0156227 0.0220915 0.172683
0 0.0786997 0.659973 0.0203917 0.0335924 0.171814
0 0.397609 0.794741 0.0170566 0.0377383 0.171162
0 0.384517 0.268118 0.0159408 0.0218436 0.171099
0 0.202536 0.631779 0.0209479 0.0284186 0.170815
0 0.82738 0.926674 0.0127631 0.0231055 0.170783
0 0.883626 0.00584741 0.0223919 0.0116948 0.170296
0 0.402804 0.798891 0.0107784 0.0336504 0.169778
0 0.683782 0.629716 0.00994848 0.0255617 0.169708
0 0.264729 0.041431 0.0123918 0.0235058 0.169338
0 0.06326 0.0897446 0.0254288 0.0532457 0.16909
0 0.707153 0.313462 0.0190104 0.0332709 0.169089
0 0.318346 0.399729 0.014732 0.0265289 0.168624
0 0.799845 0.311215 0.0184811 0.0308252 0.1679
0 0.302091 0.526521 0.0173222 0.0271998 0.166949
0 0.456959 0.230532 0.0177057 0.0287692 0.166666
0 0.618216 0.648387 0.0133194 0.029242 0.166053
0 0.00774486 0.115129 0.013753 0.0240208 0.165786
0 0.83415 0.0716226 0.0202648 0.0407673 0.165732
0 0.863446 0.990966 0.0148392 0.0173801 0.16545
0 0.083694 0.945851 0.0161866 0.0253693 0.165063
0 0.451751 0.583779 0.0196442 0.0341765 0.164604
0 0.653517 0.858019 0.0115706 0.0292436 0.164542
0 0.848337 0.955393 0.0252514 0.0529748 0.164413
0 0.680528 0.553033 0.0161142 0.0343725 0.16428
0 0.479844 0.233904 0.020199 0.0331613 0.164177
0 0.463726 0.893316 0.00882874 0.0316067 0.163714
0 0.274706 0.394104 0.0158484 0.0253682 0.163284
0 0.255615 0.0754618 0.0172349 0.0283913 0.163244
0 0.0310745 0.557902 0.0144011 0.0353704 0.162049
0 0.657491 0.260661 0.0128328 0.0359898 0.161684
0 0.916297 0.195887 0.0177914 0.0314023 0.161315
0 0.501144 0.641951 0.0142263 0.0269017 0.160974
0 0.756405 0.376077 0.0136499 0.0275559 0.159087
0 0.706748 0.801863 0.0154807 0.0190325 0.158153
0 0.316344 0.239077 0.0140269 0.0253684 0.158021
0 0.570433 0.0718786 0.0120853 0.0210635 0.157564
0 0.88216 0.686879 0.0177002 0.0292309 0.156905
0 0.631738 0.45669 0.00912552 0.0342633 0.155787
0 0.319782 0.245509 0.00980899 0.027592 0.155659
0 0.865823 0.329776 0.0232104 0.0354106 0.154263
0 0.351757 0.586229 0.0175799 0.0310131 0.153363
0 0.670589 0.772605 0.0118842 0.0322534 0.152804
0 0.15498 0.245166 0.01213 0.0318407 0.152652
0 0.168438 0.926786 0.0225207 0.0436727 0.152459
0 0.369152 0.500791 0.01328 0.0224258 0.152269
0 0.663807 0.872493 0.0144727 0.0204427 0.151836
0 0.495972 0.638506 0.0150414 0.0322252 0.151783
0 0.403048 0.639914 0.0104032 0.0213492 0.15169
0 0.00332581 0.983559 0.00662991 0.0320597 0.151602
0 0.404089 0.864732 0.0119544 0.0286258 0.151334
0 0.318256 0.242735 0.0130313 0.029482 0.150242
0 0.605067 0.392764 0.0216619 0.0345723 0.150157
0 0.358506 0.382848 0.0186055 0.0345364 0.149296
0 0.346738 0.0643183 0.015217 0.0228524 0.149242
0 0.372918 0.465586 0.0178157 0.0196596 0.149033
0 0.608165 0.384482 0.0231379 0.0316168 0.148914
0 0.504244 0.979833 0.0185333 0.0366243 0.148291
0 0.335179 0.175885 0.0157973 0.0307844 0.147925
0 0.257144 0.74398 0.0150786 0.0289383 0.147602
0 0.814189 0.073462 0.0184277 0.0381797 0.14718
0 0.78478 0.740154 0.0142635 0.0252219 0.147167
0 0.628807 0.456532 0.0116727 0.030798 0.146954
0 0.273101 0.647289 0.0181368 0.0377875 0.14546
0 0.631368 0.83326 0.0202016 0.0415392 0.145352
0 0.0317027 0.960313 0.0221156 0.0284993 0.145052
0 0.102301 0.448227 0.0180139 0.0377819 0.14469
0 0.807483 0.0187474 0.0215982 0.0351899 0.144505
0 0.728579 0.744379 0.0187963 0.0233093 0.144295
0 0.243638 0.990442 0.0142548 0.0182 0.144185
0 0.456639 0.591243 0.0216116 0.0364416 0.143666
0 0.694758 0.600434 0.0171281 0.0342402 0.143194
0 0.58754 0.38367 0.0139744 0.0264765 0.142608
0 0.491226 0.0847979 0.016808 0.0328099 0.142236
0 0.0496984 0.159341 0.015072 0.0291582 0.141663
0 0.120507 0.733442 0.0201982 0.0304247 0.141423
0 0.412631 0.194467 0.0121345 0.0346385 0.141415
0 0.706724 0.150093 0.0106867 0.0240003 0.14099
0 0.352685 0.26984 0.0144033 0.0335456 0.140137
0 0.332825 0.463867 0.0259729 0.0398353 0.139874
0 0.334568 0.262646 0.0141094 0.0169724 0.13986
0 0.635458 0.641867 0.0151156 0.0238037 0.13978
0 0.642902 0.870017 0.0117391 0.0352373 0.139195
0 0.00381963 0.208017 0.00763927 0.036734 0.139125
0 0.23716 0.430805 0.0123533 0.0310902 0.139072
0 0.660481 0.607815 0.0184776 0.0329515 0.138556
0 0.828215 0.192713 0.0159473 0.031008 0.138157
0 0.0478792 0.576976 0.0157934 0.0243641 0.137732
0 0.0358226 0.266604 0.0148738 0.0205691 0.13769
0 0.541691 0.573381 0.00846914 0.0305444 0.137411
0 0.390314 0.832712 0.013415 0.0366828 0.13733
0 0.43462 0.957218 0.00830689 0.0245765 0.137068
0 0.759613 0.204089 0.0264942 0.0357245 0.136659
0 0.836718 0.701871 0.0185314 0.0369763 0.136279
0 0.782341 0.359266 0.0187401 0.0268131 0.136064
0 0.789628 0.343778 0.0132666 0.0280213 0.135985
0 0.833678 0.690968 0.0212288 0.0282206 0.135945
0 0.412543 0.281241 0.0156321 0.0429177 0.135832
0 0.595147 0.28145 0.0128566 0.0229709 0.135513
0 0.760409 0.865231 0.0166313 0.0278086 0.135336
0 0.837002 0.128692 0.0193455 0.0284979 0.135072
0 0.497881 0.28938 0.0153608 0.0263893 0.134682
0 0.694993 0.170183 0.0160745 0.0246417 0.134505
0 0.702464 0.423551 0.0226392 0.0315139 0.13419
0 0.349401 0.883762 0.0174189 0.0209105 0.134084
0 0.63408 0.710325 0.0151271 0.0190867 0.133563
0 0.740474 0.53599 0.0174413 0.0317946 0.133549
0 0.224418 0.620715 0.014035 0.0237659 0.133297
0 0.106306 0.777924 0.0214978 0.0204771 0.13317
0 0.390579 0.955296 0.0115164 0.0273161 0.133085
0 0.178958 0.338594 0.018375 0.0290126 0.132442
0 0.707023 0.151356 0.00795479 0.026076 0.132168
0 0.0519062 0.535127 0.0140453 0.0247821 0.131045
0 0.0152395 0.901316 0.0127114 0.0231198 0.130744
0 0.171437 0.415084 0.0225203 0.035277 0.130493
0 0.493732 0.0835073 0.0206785 0.0370511 0.130003
0 0.305017 0.463205 0.0227612 0.0425442 0.129554
0 0.324112 0.680296 0.0223667 0.0422104 0.129463
0 0.216221 0.425786 0.0136461 0.0239699 0.129458
0 0.708732 0.31669 0.016301 0.0297697 0.128699
0 0.640833 0.916958 0.0162558 0.0330358 0.128516
0 0.44846 0.256015 0.0194637 0.0298885 0.128359
0 0.588775 0.335809 0.0149763 0.0306148 0.128113
0 0.252173 0.414843 0.0211397 0.0452459 0.127734
0 0.584103 0.0109934 0.02253 0.0208526 0.127576
0 0.127948 0.589745 0.0167008 0.0410385 0.12743
0 0.329648 0.0996598 0.00980187 0.0383225 0.126766
0 0.627344 0.745321 0.0085331 0.0332048 0.126765
0 0.0551781 0.365665 0.0139956 0.0269158 0.126143
0 0.82625 0.731634 0.0108208 0.0278154 0.126041
0 0.0728509 0.429534 0.0129937 0.0191199 0.125967
0 0.358325 0.0389304 0.0137205 0.023768 0.12468
0 0.414977 0.28854 0.0119129 0.0304747 0.124434
0 0.770468 0.100301 0.0269476 0.0456575 0.124228
0 0.689035 0.123735 0.0153826 0.0227352 0.123852
0 0.791469 0.235646 0.0150381 0.0211098 0.12385
0 0.364511 0.748508 0.0133436 0.0225213 0.123788
0 0.454997 0.379467 0.015435 0.0278805 0.123686
0 0.0982285 0.992553 0.0176369 0.0140071 0.123381
0 0.0909147 0.384223 0.0160891 0.0249646 0.122918
0 0.399203 0.717784 0.0145469 0.0198062 0.122559
0 0.749893 0.890842 0.0135752 0.0355676 0.12253
0 0.340298 0.940101 0.0144771 0.0214939 0.122435
0 0.0450691 0.496207 0.0113277 0.0260939 0.122114
0 0.618344 0.542709 0.0140267 0.0421304 0.122105
0 0.767814 0.723792 0.017833 0.0240268 0.121759
0 0.300461 0.523763 0.0183977 0.0305941 0.121647
0 0.267126 0.585837 0.0151833 0.0262855 0.121237
0 0.165467 0.459981 0.0112501 0.0227988 0.121155
0 0.00555523 0.107077 0.0109654 0.0218222 0.12048
0 0.0284224 0.991235 0.0161194 0.0161424 0.120136
0 0.458401 0.596696 0.0212534 0.0364532 0.119984
0 0.25785 0.793831 0.012956 0.0277632 0.119514
0 0.911116 0.323591 0.0190113 0.030175 0.119144
0 0.797432 0.472394 0.0223473 0.0343967 0.118996
0 0.0577051 0.852568 0.0132169 0.0301727 0.118862
0 0.792997 0.428878 0.0155848 0.0243235 0.118716
0 0.257516 0.739923 0.0168786 0.0321842 0.118629
0 0.71934 0.990127 0.020612 0.018887 0.118558
0 0.179978 0.501117 0.0186918 0.0261243 0.118447
0 0.575471 0.927314 0.0167154 0.0347999 0.118174
0 0.324245 0.0742632 0.0162294 0.0227123 0.118051
0 0.210389 0.0913186 0.0146812 0.0253546 0.117902
0 0.789009 0.748876 0.0144831 0.0334225 0.117235
0 0.587857 0.549213 0.0167601 0.0325707 0.117138
0 0.539251 0.909664 0.0205839 0.0451401 0.116647
0 0.0794061 0.992243 0.0157002 0.0144973 0.116583
0 0.341897 0.487513 0.0200232 0.0268504 0.116133
0 0.0307512 0.991984 0.0144438 0.015101 0.116119
0 0.600027 0.492456 0.0153379 0.0277835 0.115625
0 0.471764 0.438916 0.0145443 0.0207753 0.115323
0 0.376227 0.0595581 0.0146798 0.0321192 0.115017
0 0.573742 0.582703 0.0220758 0.0370031 0.114967
0 0.504986 0.989643 0.0213272 0.0198411 0.114759
0 0.763733 0.186796 0.0193066 0.0293922 0.114729
0 0.274784 0.783249 0.0214661 0.0391819 0.114038
0 0.631834 0.285373 0.0089119 0.0215264 0.113707
0 0.130597 0.592076 0.0123829 0.0381451 0.113663
0 0.108813 0.883359 0.015366 0.0294111 0.113578
0 0.815152 0.0882163 0.0197679 0.0495697 0.113505
0 0.320839 0.921972 0.0175472 0.0288856 0.11323
0 0.0055253 0.315329 0.0107776 0.0401325 0.113187
0 0.783271 0.35559 0.0197904 0.0274528 0.112609
0 0.509648 0.210032 0.0184206 0.0305894 0.11253
0 0.939504 0.0598534 0.0172825 0.0284646 0.112076
0 0.167255 0.0518219 0.0166772 0.0284618 0.111887
0 0.196151 0.0456912 0.02517 0.0370022 0.111465
0 0.835787 0.300407 0.0236204 0.0416143 0.110856
0 0.297379 0.67346 0.0143193 0.0316609 0.110649
0 0.634391 0.842642 0.0151392 0.0230411 0.110631
0 0.790025 0.0394036 0.0160494 0.0287582 0.110536
0 0.38165 0.610032 0.0191844 0.0416131 0.110457
0 0.151595 0.608989 0.0293449 0.0473178 0.11045
0 0.229038 0.981077 0.0165708 0.0293679 0.11011
0 0.101712 0.971282 0.0197512 0.0355804 0.110102
0 0.31576 0.49754 0.0114285 0.0224529 0.109947
0 0.508559 0.648852 0.0138634 0.0212599 0.1096
0 0.366604 0.645396 0.0202066 0.0265528 0.109338
0 0.0512282 0.669287 0.01764 0.0175591 0.108689
0 0.339067 0.4844 0.022134 0.0295999 0.108505
0 0.597283 0.984213 0.0234715 0.0309262 0.10848
0 0.42321 0.689744 0.0128887 0.0265093 0.108305
0 0.457834 0.669719 0.0150206 0.040575 0.108278
0 0.426305 0.891247 0.0195406 0.0212775 0.108197
0 0.620211 0.108905 0.0171139 0.0260656 0.108184
0 0.00468205 0.30945 0.00904943 0.0490765 0.108007
0 0.390363 0.826785 0.0171481 0.0362918 0.107987
0 0.336221 0.976072 0.0186485 0.0365927 0.107687
0 0.502308 0.409722 0.0185703 0.0347515 0.107471
0 0.613857 0.950865 0.0150784 0.0229411 0.107456
0 0.618887 0.984009 0.0194603 0.0309377 0.10685
0 0.327881 0.852139 0.0126927 0.0292243 0.106544
0 0.407603 0.983015 0.0176865 0.0285692 0.106287
0 0.215938 0.401609 0.0247721 0.0437247 0.106195
0 0.328368 0.460455 0.0179935 0.0335797 0.105464
0 0.30034 0.380886 0.0168939 0.0524414 0.105461
0 0.155813 0.544357 0.0208413 0.0346622 0.10545
0 0.633833 0.498874 0.00725212 0.0324489 0.104865
0 0.745141 0.964476 0.0110174 0.0359385 0.104783
0 0.388645 0.0501206 0.0147402 0.0332491 0.104731
0 0.489761 0.607755 0.00925541 0.0229562 0.104671
0 0.420722 0.0881078 0.0139542 0.0174752 0.103889
0 0.851704 0.0725916 0.0179188 0.0347198 0.1036
0 0.326051 0.678539 0.0176949 0.0360812 0.103432
0 0.908114 0.145708 0.0148006 0.0265224 0.103271
0 0.4087 0.985712 0.0140006 0.0263818 0.102825
0 0.961178 0.0761822 0.0158497 0.0303009 0.102711
0 0.702953 0.876525 0.0133865 0.037462 0.101943
0 0.758495 0.353567 0.0182497 0.0349041 0.101918
0 0.828894 0.650517 0.0143806 0.0276414 0.101406
0 0.61618 0.0973812 0.0199585 0.0372492 0.101297
0 0.432282 0.432064 0.0226338 0.042165 0.101246
0 0.128191 0.393669 0.0140855 0.0241277 0.100923
0 0.372205 0.800685 0.0171142 0.0232863 0.100751
0 0.367634 0.187488 0.0191243 0.0260924 0.100566
0 0.259959 0.904468 0.0119052 0.0148258 0.100512
0 0.309324 0.156537 0.0206319 0.0289211 0.10026
