0 0.522413 0.737212 0.0344955 0.0577542 0.710967
0 0.449095 0.334184 0.0326352 0.0621401 0.710648
0 0.65225 0.129534 0.020248 0.0362336 0.696609
0 0.565217 0.369474 0.0255308 0.0439962 0.676151
0 0.280297 0.0677969 0.0196104 0.0337117 0.663899
0 0.128482 0.0209378 0.0287066 0.0407532 0.663267
0 0.659738 0.821265 0.0205853 0.0362495 0.662218
0 0.388498 0.330459 0.0189552 0.0366492 0.661637
0 0.0124756 0.319003 0.0159471 0.0274718 0.653063
0 0.591992 0.364967 0.0190034 0.0384013 0.65152
0 0.526249 0.0901412 0.0171373 0.0392161 0.642252
0 0.180303 0.101288 0.0181765 0.0312497 0.634843
0 0.493767 0.0835276 0.0225203 0.0467439 0.634601
0 0.652798 0.595748 0.0223791 0.0389374 0.632572
0 0.451089 0.0230886 0.0251935 0.0440777 0.63152
0 0.951522 0.176738 0.0141399 0.0210434 0.627993
0 0.512652 0.253541 0.0196146 0.0328261 0.62494
0 0.179977 0.217841 0.0182266 0.0329312 0.614881
0 0.473477 0.0545197 0.0193991 0.0418623 0.611883
0 0.616388 0.330189 0.0204222 0.0336863 0.610233
0 0.528627 0.162706 0.0176218 0.0353871 0.609168
0 0.555385 0.231395 0.0185871 0.0306386 0.608816
0 0.11096 0.123314 0.0156557 0.0291451 0.606481
0 0.510328 0.472637 0.0253986 0.0372764 0.605512
0 0.226625 0.830944 0.0198428 0.0377482 0.602816
0 0.643301 0.209213 0.0157213 0.0311467 0.60193
0 0.539162 0.561108 0.0154968 0.0289975 0.601374
0 0.952318 0.207399 0.0140945 0.0233593 0.601022
0 0.508416 0.508565 0.0174387 0.0291677 0.600523
0 0.699492 0.0202592 0.0140066 0.0237543 0.600031
0 0.493236 0.23892 0.0189182 0.034445 0.595591
0 0.482567 0.125831 0.0149858 0.028353 0.594575
0 0.607189 0.639081 0.0164486 0.0310955 0.593455
0 0.949432 0.369385 0.0142088 0.0220018 0.591843
0 0.968291 0.197563 0.0133158 0.0204715 0.591723
0 0.777222 0.054506 0.0132849 0.0228738 0.590564
0 0.596701 0.314256 0.0169199 0.03365 0.589609
0 0.676355 0.316062 0.0224403 0.0367895 0.588753
0 0.440039 0.476175 0.0197786 0.0341975 0.58757
0 0.700241 0.628831 0.0230968 0.0426984 0.586901
0 0.942675 0.0566994 0.0149162 0.0239254 0.586619
0 0.581477 0.648753 0.020646 0.0348304 0.584153
0 0.893438 0.433622 0.0126793 0.019508 0.583106
0 0.670265 0.431237 0.0140186 0.03005 0.582961
0 0.514926 0.199887 0.0170436 0.02672 0.581814
0 0.340208 0.463806 0.0192245 0.0343214 0.581157
0 0.875057 0.444272 0.0145271 0.0196199 0.580372
0 0.965616 0.0401907 0.0156516 0.0255104 0.580358
0 0.731016 0.164296 0.0157227 0.0271305 0.577971
0 0.94748 0.117464 0.0140526 0.019326 0.577894
0 0.935199 0.214433 0.0125431 0.018485 0.577348
0 0.897108 0.0844898 0.0166489 0.0258174 0.576542
0 0.0364752 0.288011 0.017477 0.0279436 0.5765
0 0.843478 0.433647 0.0128819 0.0195473 0.575834
0 0.49404 0.546931 0.0228992 0.0386866 0.575563
0 0.6615 0.198009 0.01339 0.0210014 0.575515
0 0.927096 0.291314 0.0136129 0.0227467 0.575171
0 0.53214 0.517578 0.0216068 0.0407751 0.573929
0 0.0161064 0.351391 0.0156958 0.0248836 0.572648
0 0.903954 0.236069 0.0131615 0.0202484 0.57201
0 0.361029 0.569621 0.0214521 0.0391238 0.571883
0 0.985356 0.15647 0.0131238 0.0222323 0.5714
0 0.871052 0.253152 0.0136553 0.0212561 0.571067
0 0.784305 0.0236513 0.0122718 0.0205579 0.566064
0 0.829747 0.411363 0.013781 0.0216062 0.566032
0 0.24654 0.425834 0.0138504 0.0300698 0.565132
0 0.974282 0.293444 0.0145016 0.0219373 0.564879
0 0.885413 0.120641 0.0153992 0.0230978 0.564458
0 0.674858 0.0363016 0.0199013 0.0329168 0.562599
0 0.985049 0.189125 0.0147572 0.0221382 0.562202
0 0.70691 0.173469 0.0158983 0.0269843 0.562063
0 0.699207 0.898766 0.0184029 0.0286686 0.561825
0 0.982653 0.0340742 0.0127613 0.0217073 0.559574
0 0.145103 0.231007 0.0140604 0.0254593 0.558281
0 0.778106 0.140993 0.0145796 0.0245819 0.557019
0 0.801931 0.129758 0.0154103 0.0241899 0.556725
0 0.626254 0.574914 0.0162909 0.0327572 0.556619
0 0.889644 0.0233432 0.013203 0.0205572 0.555306
0 0.266537 0.101361 0.0144843 0.0233735 0.554598
0 0.839088 0.465057 0.012619 0.020793 0.554087
0 0.343072 0.754804 0.0176564 0.0322852 0.553701
0 0.444918 0.972895 0.0160757 0.03454 0.553558
0 0.179501 0.985124 0.0206938 0.0287491 0.553519
0 0.703158 0.727639 0.0227404 0.0420308 0.553081
0 0.851942 0.03321 0.0133987 0.0198189 0.550011
0 0.458615 0.900018 0.0166243 0.0327896 0.549949
0 0.764505 0.0280031 0.0144547 0.0225869 0.548475
0 0.825144 0.116726 0.0171417 0.0286792 0.548175
0 0.716515 0.0125938 0.0117999 0.0216742 0.547319
0 0.569897 0.789026 0.0164486 0.0350871 0.546663
0 0.935635 0.346219 0.0126774 0.019737 0.546408
0 0.834532 0.647984 0.0139465 0.0231118 0.546216
0 0.683871 0.186755 0.0147011 0.0222577 0.545062
0 0.835261 0.498736 0.0124378 0.0200602 0.544851
0 0.758676 0.0600927 0.0127663 0.0225585 0.543915
0 0.930919 0.125175 0.01306 0.0216565 0.543662
0 0.984663 0.0655546 0.0138542 0.0238321 0.540817
0 0.771175 0.0835823 0.0134912 0.0230479 0.540403
0 0.982125 0.381632 0.0128468 0.0213755 0.540069
0 0.746635 0.0337856 0.0132645 0.0213278 0.539813
0 0.693569 0.498111 0.0187623 0.0419379 0.539029
0 0.667108 0.358226 0.0147736 0.0277762 0.537312
0 0.88784 0.343788 0.0124289 0.0191355 0.537211
0 0.303329 0.757204 0.0149473 0.0268541 0.53658
0 0.879153 0.410884 0.0128969 0.018772 0.53617
0 0.871001 0.0280752 0.0131095 0.0222562 0.535971
0 0.920915 0.0432265 0.0131084 0.0209452 0.535968
0 0.529093 0.299866 0.022517 0.0396184 0.535228
0 0.803459 0.0172858 0.0145546 0.0241726 0.533979
0 0.740199 0.0648169 0.0132269 0.0198375 0.533693
0 0.32579 0.655015 0.0191648 0.0403029 0.530108
0 0.728295 0.0375713 0.0114494 0.019981 0.528763
0 0.0393092 0.514738 0.0143205 0.0263385 0.528491
0 0.910112 0.424925 0.0121017 0.0190069 0.527616
0 0.796783 0.048759 0.012506 0.0221927 0.527235
0 0.575192 0.243525 0.01642 0.0300221 0.526877
0 0.883343 0.0545829 0.0130271 0.0201006 0.526555
0 0.752489 0.151919 0.0141735 0.0218617 0.525917
0 0.812038 0.421796 0.0126656 0.0201228 0.525862
0 0.0132634 0.195026 0.0144814 0.0278917 0.525853
0 0.893489 0.279765 0.0130772 0.0203398 0.524455
0 0.452924 0.852655 0.017226 0.0310901 0.523037
0 0.679386 0.104539 0.0151936 0.0243361 0.520252
0 0.938517 0.316222 0.0136388 0.022137 0.520022
0 0.858429 0.455071 0.0129684 0.0184775 0.519869
0 0.909565 0.0179421 0.012524 0.0214185 0.519244
0 0.928515 0.259334 0.0116852 0.0182486 0.515395
0 0.401845 0.695642 0.0196931 0.0392096 0.515133
0 0.918474 0.356454 0.0137987 0.0194812 0.514889
0 0.84727 0.401951 0.0119747 0.0185365 0.514282
0 0.968654 0.071808 0.0133747 0.0216118 0.513484
0 0.196615 0.0591967 0.0153145 0.0300692 0.512052
0 0.0410055 0.141961 0.0164293 0.0291967 0.512025
0 0.931975 0.378891 0.0128925 0.020664 0.512003
0 0.952759 0.335232 0.0133616 0.0196941 0.51161
0 0.435852 0.0612374 0.0138351 0.0232277 0.511423
0 0.669781 0.148342 0.0135944 0.0216404 0.511162
0 0.896342 0.40091 0.012492 0.0187388 0.510594
0 0.48598 0.692674 0.047299 0.0687029 0.510109
0 0.94257 0.434565 0.0125899 0.0195463 0.508708
0 0.90918 0.303092 0.0122904 0.0203322 0.508314
0 0.951367 0.0828475 0.0150665 0.023978 0.508288
0 0.920118 0.0742336 0.0138404 0.0214458 0.507606
0 0.688132 0.431241 0.0193145 0.0339449 0.507349
0 0.695789 0.106788 0.0124219 0.0205626 0.507125
0 0.927108 0.160654 0.0116192 0.0193925 0.506036
0 0.735221 0.00910926 0.0126141 0.0177384 0.504849
0 0.0686068 0.279362 0.0158148 0.029019 0.504784
0 0.921123 0.325208 0.0132099 0.0205701 0.504645
0 0.873003 0.322387 0.0113289 0.0183626 0.50396
0 0.984591 0.126235 0.0127514 0.0197214 0.503096
0 0.887003 0.245218 0.0122089 0.0188692 0.501901
0 0.733921 0.0947544 0.012072 0.0205763 0.500913
0 0.752875 0.0919618 0.0129044 0.020782 0.499581
0 0.78882 0.080419 0.0135218 0.0208609 0.499557
0 0.720846 0.0695175 0.012392 0.0212379 0.498103
0 0.919223 0.226928 0.0114376 0.0187114 0.496598
0 0.172499 0.393004 0.0191695 0.0334697 0.496283
0 0.143285 0.180466 0.0235969 0.0420342 0.496093
0 0.868483 0.355274 0.0122063 0.0203638 0.49524
0 0.818898 0.356828 0.0119022 0.0201664 0.495088
0 0.0639513 0.0604426 0.0158021 0.0297439 0.494444
0 0.944689 0.283414 0.0124439 0.0210205 0.494346
0 0.695064 0.962066 0.0206954 0.038517 0.493704
0 0.344385 0.414227 0.0228914 0.0370433 0.493623
0 0.0386379 0.0896399 0.0168604 0.0307779 0.493559
0 0.628159 0.0922861 0.0147048 0.0256278 0.49328
0 0.903756 0.335336 0.0130283 0.0207683 0.493127
0 0.714553 0.102813 0.0121107 0.0179203 0.492832
0 0.213455 0.875463 0.0192435 0.0354268 0.490904
0 0.441558 0.929935 0.0148266 0.0286743 0.490587
0 0.814858 0.0435533 0.0131722 0.019287 0.490535
0 0.0699303 0.614053 0.0219056 0.0373752 0.489327
0 0.928594 0.413594 0.01194 0.0191101 0.489187
0 0.9851 0.0939568 0.0131536 0.0204318 0.487384
0 0.783843 0.376804 0.0117804 0.0193571 0.486354
0 0.610137 0.672852 0.0150658 0.0251407 0.485853
0 0.782871 0.983364 0.0218334 0.0326794 0.485759
0 0.616227 0.966971 0.0219151 0.0426259 0.483964
0 0.661516 0.468549 0.0173191 0.0304073 0.483256
0 0.961359 0.271609 0.0126621 0.0190403 0.48312
0 0.110026 0.234772 0.0133489 0.0262891 0.482574
0 0.97778 0.258171 0.0129917 0.0190676 0.482263
0 0.821893 0.0133531 0.0131428 0.021619 0.481544
0 0.127747 0.35854 0.0139249 0.0248116 0.481205
0 0.203409 0.66624 0.020936 0.0433089 0.480488
0 0.152276 0.273918 0.015728 0.0318763 0.479822
0 0.956889 0.305164 0.0132364 0.0214155 0.479695
0 0.596323 0.030599 0.0272512 0.0585051 0.479678
0 0.682595 0.352565 0.0167416 0.0302049 0.478925
0 0.303577 0.56506 0.018679 0.0355833 0.478647
0 0.901768 0.367188 0.0127718 0.0186266 0.477922
0 0.946032 0.402818 0.0134533 0.0201341 0.476452
0 0.902184 0.0500487 0.0122856 0.0212481 0.476223
0 0.598574 0.409046 0.0200472 0.0385523 0.474644
0 0.654205 0.97253 0.0204564 0.0346469 0.474398
0 0.882801 0.378001 0.011488 0.0190326 0.473175
0 0.406792 0.251722 0.0188974 0.0368553 0.471111
0 0.671453 0.865239 0.0155037 0.0299791 0.470773
0 0.982611 0.227427 0.0132313 0.0205797 0.470753
0 0.968485 0.137027 0.0116554 0.0194451 0.46967
0 0.991768 0.284973 0.0139687 0.0182856 0.469208
0 0.165924 0.342579 0.019125 0.035082 0.469149
0 0.710233 0.0429811 0.0113991 0.0187374 0.468903
0 0.934843 0.0955054 0.013221 0.0189415 0.468781
0 0.540925 0.125037 0.0144091 0.0250291 0.468574
0 0.0109069 0.264777 0.0214269 0.0318058 0.46854
0 0.963161 0.391372 0.012524 0.0211582 0.467987
0 0.306543 0.371136 0.0161247 0.0337558 0.467825
0 0.0784765 0.421619 0.0259884 0.0430067 0.467
0 0.807691 0.0761789 0.013903 0.0213846 0.46664
0 0.435849 0.391709 0.0213091 0.036487 0.46641
0 0.861952 0.230023 0.0123383 0.0191649 0.46628
0 0.821855 0.478863 0.012429 0.0191852 0.465157
0 0.869547 0.836384 0.0148121 0.0260189 0.464971
0 0.833822 0.377086 0.0130539 0.0212257 0.464848
0 0.80205 0.367643 0.0131619 0.0200175 0.460928
0 0.139962 0.326736 0.0148905 0.0255564 0.460925
0 0.967779 0.360913 0.0137474 0.0188405 0.459771
0 0.959811 0.424435 0.0115143 0.0174679 0.459705
0 0.890343 0.311311 0.0124889 0.018796 0.458494
0 0.130305 0.689244 0.0283282 0.0503891 0.457002
0 0.300251 0.107088 0.0141911 0.0251677 0.455358
0 0.584754 0.573151 0.0203317 0.0365502 0.455236
0 0.330186 0.566725 0.0211843 0.0391612 0.453955
0 0.104429 0.637837 0.0179834 0.0273129 0.453655
0 0.97143 0.32493 0.0121273 0.0194972 0.453092
0 0.84092 0.00972255 0.0146919 0.0194451 0.452448
0 0.607669 0.267736 0.0142173 0.0222993 0.45219
0 0.615541 0.188201 0.0193127 0.0377983 0.452058
0 0.887743 0.822508 0.0168446 0.0258196 0.45178
0 0.599826 0.540244 0.0217205 0.0340087 0.451293
0 0.555729 0.304823 0.0203268 0.0315027 0.45104
0 0.172996 0.466544 0.0207311 0.0326531 0.450856
0 0.866691 0.131378 0.0134155 0.0197139 0.449776
0 0.462544 0.972169 0.0127052 0.0273505 0.44951
0 0.957364 0.456302 0.0121311 0.0197466 0.449254
0 0.43966 0.431335 0.020755 0.0416912 0.44912
0 0.818593 0.658258 0.0129105 0.022968 0.446749
0 0.94708 0.248945 0.011026 0.0197014 0.446703
0 0.938771 0.467708 0.0123688 0.019503 0.446506
0 0.833823 0.037963 0.0123741 0.0205303 0.446364
0 0.808323 0.455594 0.0129993 0.0186882 0.446271
0 0.708557 0.133333 0.0114572 0.0175283 0.445712
0 0.147687 0.400222 0.0137933 0.0250671 0.444925
0 0.850291 0.138379 0.0152554 0.0258644 0.44489
0 0.773568 0.953642 0.0181929 0.0347392 0.443517
0 0.910612 0.269366 0.0118713 0.0173158 0.442188
0 0.824638 0.444121 0.012965 0.0189229 0.442154
0 0.457527 0.27032 0.0206491 0.0315244 0.441716
0 0.6466 0.176032 0.0176174 0.0319981 0.440368
0 0.879063 0.220025 0.0105198 0.0173647 0.440009
0 0.983869 0.348339 0.0129709 0.0177728 0.437378
0 0.821433 0.325587 0.0111076 0.0180482 0.436087
0 0.860409 0.424216 0.0125698 0.017141 0.434787
0 0.96682 0.105188 0.0112392 0.0160972 0.433986
0 0.730043 0.906929 0.0195526 0.0356727 0.433574
0 0.814943 0.388564 0.0127621 0.020814 0.433112
0 0.850579 0.641285 0.013052 0.023626 0.432294
0 0.00753614 0.70981 0.0148288 0.0277434 0.43106
0 0.866119 0.391702 0.0121562 0.0169072 0.430907
0 0.925604 0.442513 0.0125589 0.0220876 0.429625
0 0.573632 0.537072 0.0153986 0.0285517 0.428246
0 0.99221 0.433976 0.0132967 0.0184175 0.427848
0 0.964624 0.239375 0.011834 0.0191954 0.427047
0 0.779101 0.412193 0.0121944 0.0194366 0.42589
0 0.453232 0.193647 0.0137601 0.0270337 0.425673
0 0.855761 0.26266 0.0125301 0.0212487 0.42514
0 0.843584 0.711047 0.0156578 0.026503 0.422677
0 0.848429 0.800385 0.0150234 0.025912 0.421599
0 0.81807 0.509814 0.012738 0.0217824 0.419535
0 0.938354 0.187296 0.0102955 0.0177043 0.419508
0 0.744935 0.122264 0.0100262 0.0187208 0.418815
0 0.989685 0.314227 0.0103239 0.0181614 0.418236
0 0.150001 0.729339 0.0207613 0.0330315 0.417425
0 0.190604 0.13568 0.0212564 0.0297493 0.417412
0 0.796639 0.400513 0.0120035 0.0186254 0.415847
0 0.974669 0.445774 0.0119774 0.0182619 0.413804
0 0.840267 0.679781 0.0139126 0.0230316 0.41243
0 0.914885 0.391068 0.0125992 0.0178942 0.412013
0 0.761625 0.420417 0.0124729 0.0205566 0.411064
0 0.107199 0.734395 0.0183176 0.0330088 0.408872
0 0.847887 0.107821 0.0149376 0.027487 0.40739
0 0.76501 0.386577 0.0117489 0.0175125 0.407286
0 0.211027 0.152874 0.0163418 0.0310939 0.407102
0 0.877036 0.291258 0.0120564 0.0181048 0.406733
0 0.23616 0.0789138 0.0126472 0.0294601 0.404737
0 0.305199 0.472364 0.0187004 0.0338982 0.403251
0 0.67654 0.22125 0.0127481 0.0184763 0.402335
0 0.317635 0.505441 0.0178988 0.0331989 0.400353
0 0.917801 0.10381 0.0117306 0.0170768 0.399935
0 0.597623 0.775604 0.0269799 0.0472056 0.399003
0 0.157533 0.433989 0.0139797 0.0249819 0.395587
0 0.902979 0.489571 0.0123425 0.0192763 0.394936
0 0.65426 0.531335 0.019896 0.0331351 0.394764
0 0.421041 0.458305 0.0191286 0.0291766 0.393436
0 0.472866 0.235762 0.0140334 0.0242278 0.390999
0 0.885767 0.498055 0.011381 0.0207509 0.390732
0 0.17155 0.815531 0.0145916 0.0272628 0.390347
0 0.977793 0.413964 0.0119411 0.0185174 0.389245
0 0.837762 0.346591 0.0137814 0.0200668 0.389224
0 0.921625 0.480569 0.0120895 0.0189868 0.388928
0 0.0755202 0.238837 0.0144038 0.0247273 0.388714
0 0.0072659 0.48825 0.0143 0.0224935 0.388705
0 0.104142 0.900931 0.0238468 0.0456501 0.388376
0 0.851299 0.367765 0.0138458 0.0188243 0.387486
0 0.33836 0.718097 0.0184242 0.034727 0.384756
0 0.169123 0.251354 0.0161786 0.0289237 0.382952
0 0.093614 0.239109 0.0142682 0.0292496 0.382388
0 0.903431 0.115651 0.0129475 0.0196844 0.380569
0 0.703037 0.0752565 0.0117195 0.0183237 0.380465
0 0.284098 0.17105 0.0163083 0.0309532 0.376729
0 0.559597 0.506375 0.0154305 0.028989 0.374799
0 0.429473 0.537465 0.0164721 0.0264898 0.37449
0 0.616757 0.296587 0.0155672 0.0264091 0.373142
0 0.912949 0.724752 0.0139099 0.0215368 0.372659
0 0.946655 0.00982478 0.0150204 0.0183917 0.372263
0 0.469524 0.605848 0.0186106 0.0271729 0.372132
0 0.164811 0.208574 0.0115633 0.0281275 0.370924
0 0.906952 0.457132 0.0116211 0.0199885 0.37003
0 0.663284 0.913763 0.0168104 0.0410021 0.36928
0 0.995337 0.249989 0.00932541 0.0200979 0.369115
0 0.851606 0.52011 0.0132183 0.0227758 0.362984
0 0.22346 0.49147 0.0186918 0.0329406 0.361266
0 0.864064 0.0604361 0.013666 0.0187858 0.361192
0 0.95247 0.145306 0.0106812 0.0204601 0.359463
0 0.659547 0.281842 0.0221989 0.0396023 0.357051
0 0.135007 0.438706 0.0173789 0.0298504 0.355228
0 0.152207 0.768876 0.0132736 0.0237157 0.354205
0 0.383861 0.451472 0.0201413 0.0336867 0.352428
0 0.0930535 0.16176 0.0184973 0.032971 0.35153
0 0.936842 0.188334 0.0115654 0.0192773 0.350875
0 0.270743 0.0174355 0.0294807 0.0336536 0.348742
0 0.0114784 0.162187 0.0171468 0.0259826 0.34782
0 0.591208 0.70734 0.0204066 0.0375815 0.347481
0 0.538521 0.408655 0.0335791 0.0376158 0.343326
0 0.341831 0.514015 0.0219804 0.0409311 0.341993
0 0.564422 0.421092 0.0174151 0.0332201 0.341227
0 0.316704 0.12908 0.0139956 0.0266349 0.339728
0 0.803037 0.335561 0.0137175 0.0222486 0.339491
0 0.0151093 0.0561961 0.0185488 0.0312188 0.338394
0 0.612449 0.705597 0.0125309 0.0320796 0.338342
0 0.845982 0.743553 0.0151237 0.0237647 0.338219
0 0.0507196 0.327117 0.0177754 0.0349183 0.336056
0 0.53175 0.442281 0.0219065 0.0309789 0.335424
0 0.879143 0.712953 0.0154484 0.0233036 0.333975
0 0.996784 0.37145 0.00643196 0.0231474 0.332819
0 0.710441 0.812716 0.00954514 0.0328304 0.332743
0 0.88934 0.468088 0.0127636 0.0163712 0.331002
0 0.967628 0.167257 0.0111988 0.0179675 0.330797
0 0.280783 0.345257 0.0197016 0.0328305 0.329874
0 0.384516 0.4449 0.0214958 0.0449283 0.329496
0 0.214921 0.421734 0.0139416 0.0255246 0.329094
0 0.120817 0.298352 0.0149119 0.0187113 0.320551
0 0.624666 0.481553 0.0179302 0.0352532 0.319464
0 0.625882 0.893978 0.0164542 0.0320663 0.318506
0 0.282477 0.252642 0.0121701 0.0237329 0.318204
0 0.263053 0.40521 0.0185822 0.0332048 0.317971
0 0.30132 0.148274 0.0153382 0.0307797 0.316776
0 0.57932 0.0759329 0.0164234 0.0361251 0.316301
0 0.628515 0.76703 0.0322936 0.0652306 0.315565
0 0.0911966 0.672018 0.0199276 0.0348183 0.315502
0 0.213228 0.0750285 0.0163212 0.0244198 0.31456
0 0.00409627 0.599457 0.00818665 0.0323838 0.314555
0 0.288552 0.706768 0.0162201 0.0271425 0.313471
0 0.825916 0.722616 0.015192 0.0244165 0.313322
0 0.203816 0.208705 0.0194214 0.031255 0.313085
0 0.15286 0.0192097 0.0175706 0.0350751 0.310312
0 0.0683778 0.212935 0.0139075 0.0204586 0.309762
0 0.764896 0.114936 0.0115689 0.0184982 0.308691
0 0.367158 0.5158 0.0151888 0.0291187 0.306585
0 0.79437 0.432873 0.0102817 0.0186626 0.306141
0 0.654805 0.71527 0.0158131 0.0297204 0.305605
0 0.260358 0.207226 0.0173159 0.0304164 0.305308
0 0.245666 0.619608 0.0243123 0.0414583 0.304722
0 0.211683 0.0344993 0.0131345 0.0255246 0.300626
0 0.642106 0.940337 0.0160449 0.0296924 0.300453
0 0.116198 0.792098 0.0200723 0.0310952 0.300099
0 0.844146 0.068712 0.0152641 0.0225371 0.298642
0 0.717746 0.450343 0.0324898 0.0657802 0.296158
0 0.670859 0.649737 0.0155376 0.0338955 0.293782
0 0.7265 0.126139 0.0119001 0.0184189 0.293715
0 0.856241 0.332308 0.0107426 0.0182359 0.29275
0 0.689528 0.0630298 0.0137049 0.0213116 0.291146
0 0.100431 0.769094 0.0114285 0.0196882 0.290547
0 0.342516 0.519414 0.0202913 0.0316552 0.288634
0 0.823026 0.688593 0.0141659 0.0240963 0.288568
0 0.685525 0.158731 0.0121763 0.0174283 0.287582
0 0.454651 0.568175 0.0182943 0.0317313 0.287538
0 0.031409 0.325956 0.0143033 0.0217495 0.286493
0 0.323208 0.766123 0.0194403 0.0315118 0.285936
0 0.222366 0.360752 0.0147458 0.0294629 0.285822
0 0.560721 0.607579 0.0221224 0.0392029 0.285586
0 0.0999459 0.0226922 0.0146172 0.0317013 0.284591
0 0.0213272 0.131516 0.0170854 0.0291665 0.283361
0 0.345694 0.182497 0.0266966 0.0523952 0.282993
0 0.925968 0.695339 0.0147968 0.0262644 0.282682
0 0.866134 0.632204 0.0149689 0.0225323 0.28009
0 0.804684 0.488378 0.01233 0.0200845 0.279558
0 0.672474 0.699689 0.0182819 0.0335385 0.278943
0 0.190038 0.448116 0.0120695 0.0206658 0.278055
0 0.614381 0.110918 0.0174864 0.0363781 0.278052
0 0.386724 0.512142 0.0122797 0.0262726 0.277386
0 0.138321 0.182399 0.0243233 0.0399043 0.276604
0 0.577469 0.269793 0.0196145 0.0338071 0.275844
0 0.110418 0.36483 0.0132971 0.023902 0.275297
0 0.965057 0.00588477 0.0142963 0.0117695 0.274557
0 0.130952 0.762067 0.0138443 0.026946 0.273353
0 0.758703 0.967689 0.0173237 0.0406409 0.272492
0 0.677832 0.45781 0.0133609 0.0210008 0.269873
0 0.555749 0.190093 0.0186683 0.032438 0.267214
0 0.995855 0.0219935 0.0082901 0.0202392 0.264655
0 0.166288 0.16485 0.0202012 0.0347685 0.261346
0 0.191323 0.801078 0.0133453 0.0220662 0.260491
0 0.403039 0.507919 0.0164407 0.0272063 0.259086
0 0.170055 0.463648 0.0186197 0.0303093 0.257953
0 0.865892 0.801139 0.0166119 0.0320877 0.257119
0 0.109745 0.736333 0.0222225 0.0385015 0.256696
0 0.703192 0.209509 0.0117402 0.0189835 0.255332
0 0.863455 0.727396 0.0155558 0.0232262 0.254135
0 0.323552 0.463976 0.0102486 0.0275791 0.252705
0 0.827198 0.750848 0.015019 0.0266439 0.252479
0 0.838161 0.271268 0.0109758 0.0201441 0.25073
0 0.0863362 0.208642 0.0149287 0.0236268 0.250601
0 0.0918992 0.601702 0.0143184 0.0285819 0.248248
0 0.21539 0.722404 0.0152728 0.0212174 0.246645
0 0.481541 0.199031 0.0175901 0.0280879 0.246321
0 0.789733 0.467381 0.0124208 0.0190209 0.245029
0 0.00692206 0.432841 0.0136466 0.0467288 0.243879
0 0.12098 0.0661155 0.0164048 0.0263577 0.239468
0 0.128527 0.626943 0.0202421 0.0334306 0.239104
0 0.0830023 0.268949 0.0107512 0.0194633 0.238672
0 0.341357 0.505072 0.0225129 0.0386152 0.237909
0 0.665868 0.993994 0.0172181 0.0118085 0.237346
0 0.626472 0.0942585 0.0130358 0.0251331 0.237295
0 0.940887 0.153728 0.0106223 0.017658 0.236874
0 0.853167 0.489624 0.0138447 0.0200082 0.236631
0 0.0440795 0.217684 0.0180645 0.0309392 0.236627
0 0.190763 0.476827 0.0113631 0.0261329 0.234245
0 0.318496 0.423383 0.0165398 0.0298916 0.233858
0 0.367664 0.750633 0.0216462 0.0387021 0.233111
0 0.864931 0.0981417 0.014082 0.0199293 0.23307
0 0.0269149 0.534816 0.0148706 0.0301663 0.232677
0 0.195179 0.341713 0.0115137 0.021815 0.232573
0 0.223508 0.195236 0.0179645 0.0304482 0.232216
0 0.912253 0.139502 0.0145527 0.0211071 0.228085
0 0.093191 0.818688 0.0161908 0.0322008 0.227883
0 0.927329 0.0128423 0.0133916 0.0182709 0.22739
0 0.578512 0.141427 0.0170101 0.026261 0.226902
0 0.688081 0.993079 0.0179074 0.0133423 0.226448
0 0.499488 0.609099 0.0176159 0.0275736 0.226136
0 0.630638 0.522282 0.0212242 0.0339908 0.225953
0 0.00940288 0.627721 0.0158588 0.0267981 0.225252
0 0.753184 0.00629686 0.0127937 0.0122155 0.225144
0 0.231417 0.742923 0.0143394 0.0346004 0.224901
0 0.868475 0.508348 0.014212 0.0221688 0.221282
0 0.60065 0.922972 0.0241994 0.0432393 0.220102
0 0.452346 0.0827127 0.0281193 0.0542435 0.220077
0 0.87104 0.476461 0.0131409 0.0191809 0.220049
0 0.860684 0.758025 0.0157439 0.0224955 0.217377
0 0.21263 0.305233 0.0162845 0.0299509 0.216572
0 0.242683 0.534458 0.0186086 0.0334585 0.216419
0 0.0566768 0.251511 0.0155661 0.0305469 0.215925
0 0.165965 0.16072 0.0228705 0.0443455 0.215277
0 0.598742 0.155734 0.0135282 0.0219185 0.213041
0 0.195035 0.873067 0.0129034 0.0287567 0.210386
0 0.253245 0.373489 0.0198048 0.0391928 0.209807
0 0.492178 0.160101 0.0122439 0.0215772 0.207868
0 0.465858 0.543492 0.0163824 0.0299803 0.207837
0 0.0587998 0.500151 0.0211814 0.0458516 0.205071
0 0.255578 0.821444 0.0229729 0.0396884 0.203876
0 0.240545 0.379503 0.0143984 0.0339151 0.201047
0 0.858857 0.00683957 0.0144405 0.0136791 0.200786
0 0.349527 0.25645 0.0148017 0.0243234 0.200216
0 0.417989 0.42401 0.013667 0.0297436 0.200074
0 0.0254711 0.591987 0.0250013 0.0439562 0.199812
0 0.803518 0.664999 0.0139129 0.0233154 0.199374
0 0.103015 0.437991 0.01954 0.0322789 0.196781
0 0.850487 0.838012 0.0172565 0.0385006 0.196076
0 0.532004 0.294928 0.0292374 0.0479792 0.19481
0 0.633076 0.919727 0.0151873 0.0224813 0.194606
0 0.855807 0.670062 0.0157919 0.0231422 0.193891
0 0.0606308 0.516419 0.0182835 0.0249321 0.190748
0 0.0518967 0.561206 0.0203475 0.0466133 0.18977
0 0.986912 0.635502 0.0157619 0.0270691 0.189666
0 0.282527 0.304882 0.0195061 0.0318616 0.189053
0 0.0425494 0.25916 0.0167462 0.0254883 0.188711
0 0.246447 0.899973 0.0152736 0.0231474 0.186521
0 0.359665 0.442034 0.0154312 0.0287315 0.186337
0 0.0683204 0.673012 0.0160164 0.0263901 0.185874
0 0.403221 0.413199 0.0148376 0.0268902 0.184357
0 0.227135 0.111363 0.0197401 0.0332043 0.184269
0 0.633636 0.685829 0.0139755 0.0359083 0.183549
0 0.920578 0.638562 0.0159414 0.0282002 0.183281
0 0.600244 0.180121 0.0121223 0.0226119 0.183009
0 0.32499 0.464824 0.0101414 0.032487 0.182412
0 0.14377 0.992105 0.0206997 0.0151958 0.181208
0 0.917528 0.781188 0.0164093 0.0211947 0.180884
0 0.1006 0.937555 0.0149693 0.0227776 0.180679
0 0.20372 0.459497 0.0148299 0.0200631 0.180658
0 0.576281 0.251094 0.0191265 0.0457019 0.179957
0 0.311326 0.437625 0.00999028 0.0256964 0.179791
0 0.66108 0.394485 0.0170165 0.030317 0.178555
0 0.870204 0.250525 0.011969 0.0198915 0.176712
0 0.368488 0.520032 0.0164021 0.0317572 0.173591
0 0.964974 0.490404 0.0138834 0.0208974 0.172825
0 0.125273 0.271683 0.015944 0.0240975 0.172659
0 0.0571804 0.496397 0.0186784 0.0358398 0.172435
0 0.276336 0.015988 0.0237496 0.0308839 0.171008
0 0.48031 0.689448 0.0360669 0.0621832 0.169368
0 0.642881 0.379255 0.0152517 0.0284044 0.169331
0 0.689913 0.537537 0.0176097 0.0293507 0.167459
0 0.403341 0.907947 0.0125131 0.028576 0.166609
0 0.313118 0.433535 0.011261 0.0282269 0.165555
0 0.402826 0.360317 0.0181824 0.029359 0.165109
0 0.231451 0.148661 0.0162062 0.0312975 0.161948
0 0.845825 0.769725 0.0131554 0.0229292 0.161733
0 0.808935 0.756467 0.0121189 0.0256541 0.161664
0 0.941783 0.681549 0.0147099 0.0245553 0.161613
0 0.246499 0.634961 0.0202392 0.0329402 0.161269
0 0.996969 0.216148 0.00606283 0.0180982 0.161049
0 0.113785 0.400987 0.014057 0.0217485 0.160557
0 0.540124 0.285766 0.028064 0.0506644 0.160402
0 0.919571 0.806015 0.0172024 0.0240865 0.159716
0 0.253044 0.823883 0.0190874 0.0359148 0.159508
0 0.216945 0.761941 0.0106776 0.0228397 0.15932
0 0.653547 0.31794 0.0129117 0.0317794 0.158231
0 0.638628 0.320277 0.0174521 0.0299849 0.158021
0 0.205639 0.513067 0.0142566 0.0264469 0.156994
0 0.362534 0.387491 0.0176355 0.0304414 0.156086
0 0.221447 0.396005 0.0187986 0.0317941 0.156057
0 0.943159 0.712004 0.0153584 0.0237691 0.154069
0 0.0115972 0.0970069 0.0204815 0.0311113 0.15406
0 0.184525 0.718061 0.0141054 0.024313 0.153696
0 0.769346 0.0805186 0.0112038 0.0212995 0.152506
0 0.902584 0.762523 0.014072 0.0224365 0.151465
0 0.123092 0.293364 0.0168027 0.0268031 0.151436
0 0.182011 0.718429 0.0193428 0.0254425 0.14973
0 0.299983 0.534364 0.0172315 0.0258054 0.149435
0 0.392275 0.937749 0.0136488 0.0306078 0.147905
0 0.634589 0.924243 0.0186565 0.0306807 0.147461
0 0.585981 0.202821 0.0115058 0.0241304 0.14674
0 0.0530383 0.253041 0.0199747 0.0353171 0.145878
0 0.294172 0.789404 0.0114275 0.0234368 0.144878
0 0.25685 0.812515 0.0264545 0.0558277 0.142958
0 0.984676 0.0047593 0.0131359 0.00951859 0.142498
0 0.252996 0.933887 0.0171638 0.0325216 0.142304
0 0.883123 0.742475 0.0143211 0.0204888 0.141927
0 0.184626 0.278786 0.0152321 0.0282149 0.141625
0 0.768563 0.3565 0.011422 0.0196596 0.140194
0 0.546328 0.207126 0.0123933 0.0226746 0.139416
0 0.922287 0.194313 0.0121082 0.0186328 0.139396
0 0.626922 0.841207 0.0156971 0.0273448 0.138463
0 0.259184 0.5881 0.0190986 0.0307849 0.138252
0 0.441321 0.426888 0.028713 0.0495202 0.137967
0 0.175366 0.469589 0.017793 0.0297598 0.137284
0 0.163888 0.152411 0.0212455 0.0364785 0.1369
0 0.697806 0.813524 0.0155591 0.0334642 0.13673
0 0.312276 0.713413 0.0202149 0.0399217 0.136121
0 0.135998 0.465774 0.014898 0.0237938 0.13556
0 0.00776556 0.982225 0.0149671 0.0325227 0.134599
0 0.0941929 0.377372 0.0166698 0.0341656 0.13427
0 0.534629 0.286465 0.0343937 0.0526336 0.134104
0 0.167879 0.171014 0.0206135 0.0349821 0.134
0 0.0664774 0.544899 0.0134373 0.0260713 0.133696
0 0.271423 0.240803 0.00852757 0.0251615 0.13134
0 0.159759 0.688974 0.0158289 0.0275818 0.130035
0 0.950854 0.529987 0.0141853 0.0236795 0.129358
0 0.771593 0.474452 0.0123737 0.0190132 0.129183
0 0.0991869 0.769672 0.0113704 0.0252157 0.129176
0 0.491785 0.159697 0.0154192 0.0256627 0.129145
0 0.113787 0.478324 0.0224226 0.0440206 0.127981
0 0.106166 0.314451 0.0123238 0.0212843 0.127744
0 0.205311 0.838991 0.0147086 0.0288347 0.127512
0 0.00917264 0.15994 0.0177664 0.0301485 0.127277
0 0.162338 0.685391 0.0242992 0.0336943 0.126799
0 0.709179 0.236009 0.00919183 0.0216367 0.126294
0 0.657128 0.661236 0.0117921 0.0327417 0.125427
0 0.124271 0.577528 0.0107845 0.0308896 0.125256
0 0.0163053 0.0229648 0.0149098 0.0216926 0.124532
0 0.606396 0.848459 0.0146326 0.033045 0.123913
0 0.760768 0.306497 0.0156058 0.0285465 0.123862
0 0.383431 0.688131 0.0116823 0.0333549 0.123859
0 0.941234 0.680483 0.0179653 0.0299028 0.12324
0 0.843602 0.0100608 0.0107216 0.0201217 0.123119
0 0.748202 0.398198 0.0149836 0.0235165 0.12296
0 0.187567 0.952552 0.0152424 0.0260159 0.12058
0 0.959269 0.587508 0.0137291 0.0249659 0.120056
0 0.566962 0.699879 0.0170637 0.0315764 0.119114
0 0.467229 0.603729 0.0196146 0.0321121 0.118516
0 0.263067 0.307343 0.016657 0.0285384 0.118015
0 0.49582 0.705137 0.0295887 0.0438158 0.117942
0 0.514482 0.127621 0.0153103 0.0253081 0.116643
0 0.967665 0.517783 0.0122494 0.0209243 0.116519
0 0.865297 0.134204 0.0144726 0.0255438 0.116426
0 0.132322 0.183725 0.0148422 0.0372266 0.115925
0 0.164113 0.208273 0.0150328 0.0330766 0.115703
0 0.759945 0.97359 0.0188726 0.0448919 0.115584
0 0.282324 0.210984 0.0204257 0.0358972 0.115094
0 0.210091 0.0326504 0.0137244 0.03027 0.115042
0 0.746276 0.916892 0.0151847 0.0299988 0.114805
0 0.489394 0.702171 0.0414844 0.0498853 0.114336
0 0.583156 0.169491 0.0142334 0.0249557 0.113297
0 0.451997 0.574369 0.0194143 0.0303036 0.112376
0 0.612678 0.144263 0.0144287 0.020011 0.112361
0 0.223768 0.400811 0.0157837 0.0305083 0.111496
0 0.741152 0.465447 0.013482 0.0251957 0.111077
0 0.0158087 0.809888 0.0149613 0.0307212 0.110684
0 0.390729 0.327826 0.0169986 0.0353685 0.110236
0 0.0131398 0.535517 0.0132025 0.0341187 0.109255
0 0.744896 0.429857 0.0127491 0.0227493 0.108839
0 0.547977 0.409224 0.0174545 0.0380621 0.10868
0 0.044106 0.040058 0.014178 0.0226874 0.108382
0 0.880729 0.222543 0.0114479 0.0154815 0.108068
0 0.323652 0.761901 0.0161793 0.0285097 0.107938
0 0.93921 0.685626 0.0153454 0.0245675 0.107919
0 0.929614 0.722014 0.016663 0.0276901 0.10737
0 0.781896 0.112639 0.0132621 0.0176503 0.106838
0 0.752488 0.366131 0.0116676 0.0220496 0.10577
0 0.365239 0.513184 0.0154287 0.0312675 0.105269
0 0.248016 0.559397 0.0176864 0.026727 0.105091
0 0.00216924 0.34837 0.00414143 0.0313358 0.104608
0 0.995251 0.40226 0.00949898 0.0182588 0.104591
0 0.201046 0.177311 0.0160464 0.0202245 0.103161
0 0.737652 0.00954794 0.00897389 0.0190959 0.103148
0 0.622322 0.47975 0.0207306 0.0403206 0.10268
0 0.200336 0.180277 0.0181137 0.0218342 0.102308
0 0.326243 0.384265 0.0153344 0.034426 0.102086
0 0.28172 0.164098 0.0211711 0.0445305 0.101771
0 0.212559 0.718519 0.0175015 0.0215752 0.101663
0 0.479911 0.89507 0.0165106 0.0338303 0.101598
0 0.808535 0.729225 0.0139368 0.0196216 0.101294
0 0.476418 0.68559 0.0275743 0.0534193 0.100961
0 0.291686 0.512927 0.0171621 0.0274485 0.100729
0 0.965902 0.615066 0.0150185 0.0235036 0.100522
0 0.553662 0.300505 0.0212591 0.0408455 0.100258
0 0.805593 0.0174091 0.0117455 0.0258623 0.100097
