0 0.846117 0.384576 0.0276171 0.0530153 0.690487
0 0.860599 0.475419 0.0226883 0.0386414 0.679478
0 0.933137 0.363531 0.0188511 0.0330443 0.666655
0 0.813979 0.819391 0.0189636 0.0412846 0.660506
0 0.835553 0.946387 0.0201365 0.0311273 0.660296
0 0.93828 0.406485 0.0204834 0.0334874 0.656206
0 0.79079 0.605063 0.0194702 0.033197 0.6559
0 0.973636 0.619273 0.0212399 0.0304364 0.653405
0 0.714276 0.699031 0.0212839 0.0338834 0.652113
0 0.952439 0.776798 0.0239285 0.0388967 0.651896
0 0.99052 0.887792 0.0189604 0.03495 0.648562
0 0.792219 0.449754 0.022113 0.0406359 0.64409
0 0.666401 0.472543 0.0184005 0.0331411 0.640258
0 0.766274 0.466181 0.0216539 0.0387604 0.637705
0 0.873423 0.791203 0.0161175 0.0283108 0.637119
0 0.980754 0.446333 0.0190506 0.0314312 0.637095
0 0.850865 0.173341 0.0205601 0.0340225 0.634146
0 0.619914 0.65415 0.0197405 0.0396483 0.632457
0 0.870947 0.336474 0.0212978 0.0362196 0.63079
0 0.991098 0.686576 0.0178041 0.0374804 0.628337
0 0.962744 0.832278 0.0227139 0.0411652 0.626101
0 0.713773 0.753528 0.0210827 0.0475525 0.623077
0 0.880437 0.380232 0.0150405 0.0292684 0.621893
0 0.982384 0.0378539 0.0195745 0.030847 0.61892
0 0.736018 0.626403 0.0175747 0.0281542 0.618567
0 0.764619 0.845845 0.0166996 0.0296414 0.618274
0 0.96078 0.333713 0.0248978 0.0329731 0.617684
0 0.953946 0.455611 0.0195011 0.0384222 0.615791
0 0.924457 0.326344 0.0164948 0.0268028 0.609839
0 0.798117 0.86145 0.0211065 0.028545 0.609663
0 0.828325 0.764326 0.0232689 0.0386654 0.608561
0 0.986773 0.566311 0.0259613 0.049351 0.604599
0 0.778182 0.661764 0.0199694 0.0336563 0.604551
0 0.689233 0.761721 0.0207945 0.0356066 0.603193
0 0.840928 0.0772163 0.0213821 0.0337606 0.602647
0 0.571144 0.887382 0.0186419 0.032488 0.597319
0 0.744669 0.8445 0.016626 0.0276925 0.597078
0 0.801113 0.231603 0.0182617 0.0296112 0.597002
0 0.727954 0.590286 0.0182929 0.0313986 0.594947
0 0.939069 0.244105 0.0185314 0.0421404 0.590316
0 0.939773 0.552305 0.0201065 0.034246 0.588817
0 0.816559 0.983761 0.0205383 0.0316121 0.588353
0 0.785245 0.299072 0.0202724 0.032393 0.588098
0 0.868605 0.664216 0.0189333 0.0264592 0.584509
0 0.840936 0.599608 0.013628 0.026749 0.583294
0 0.981943 0.495443 0.0268402 0.0422555 0.582464
0 0.677654 0.72041 0.0171991 0.0313717 0.576225
0 0.723088 0.84133 0.01807 0.0333666 0.575279
0 0.99389 0.64053 0.0122199 0.0370092 0.57512
0 0.670996 0.683044 0.0235533 0.0410082 0.569298
0 0.879675 0.118718 0.0205524 0.0372044 0.568432
0 0.90785 0.657103 0.0130646 0.0234487 0.56449
0 0.916732 0.172121 0.0191502 0.0322434 0.560492
0 0.59787 0.968729 0.0164539 0.0316464 0.560284
0 0.968025 0.397749 0.0210888 0.0436244 0.559076
0 0.688351 0.537642 0.0192013 0.0318363 0.558458
0 0.888273 0.661012 0.0130754 0.0234753 0.558208
0 0.860562 0.0420138 0.0175482 0.0297808 0.548561
0 0.707733 0.958151 0.0177423 0.0268026 0.546195
0 0.983249 0.841245 0.0146727 0.0341595 0.544109
0 0.804087 0.706565 0.0137096 0.0255215 0.540497
0 0.497967 0.976174 0.0189968 0.0404471 0.53837
0 0.91658 0.930431 0.0139988 0.0268355 0.536842
0 0.776224 0.403615 0.0161276 0.0263563 0.534807
0 0.813749 0.176901 0.0171722 0.0298378 0.531421
0 0.595666 0.841797 0.0178007 0.03593 0.530592
0 0.772295 0.894691 0.0156047 0.0235287 0.530441
0 0.528357 0.765642 0.0149385 0.0342712 0.53025
0 0.791741 0.0944007 0.0179206 0.0374661 0.529964
0 0.673656 0.802021 0.0174498 0.0210961 0.529082
0 0.682034 0.831545 0.0166589 0.0256497 0.527592
0 0.718468 0.461123 0.0224902 0.0397505 0.527002
0 0.918576 0.130356 0.0161808 0.0265641 0.526959
0 0.622998 0.601112 0.0220922 0.0355431 0.525027
0 0.939018 0.863231 0.0192024 0.0370371 0.524534
0 0.653246 0.735186 0.0202335 0.0359528 0.523708
0 0.572038 0.846177 0.020631 0.037439 0.520899
0 0.817206 0.287175 0.0248333 0.0530604 0.520398
0 0.974897 0.076968 0.0240829 0.0381963 0.519368
0 0.955182 0.0245127 0.0205822 0.0333519 0.518439
0 0.905736 0.244823 0.0149393 0.0226457 0.515214
0 0.590221 0.6882 0.0300058 0.0486299 0.514302
0 0.883856 0.912628 0.0168755 0.0309382 0.506307
0 0.775609 0.333386 0.016141 0.0294638 0.504818
0 0.821348 0.0372026 0.019725 0.0364445 0.499213
0 0.804328 0.919318 0.0130972 0.0246165 0.497464
0 0.989647 0.143577 0.0196011 0.0275139 0.497178
0 0.626444 0.746448 0.0220756 0.0275299 0.497014
0 0.711282 0.801677 0.0177194 0.0298406 0.495693
0 0.76763 0.966627 0.0148078 0.0230844 0.493998
0 0.867592 0.561267 0.0157143 0.0240991 0.488014
0 0.820385 0.0872548 0.0193396 0.0392911 0.488004
0 0.987665 0.733776 0.0176067 0.027085 0.485511
0 0.877478 0.161931 0.0163692 0.0281421 0.480863
0 0.835909 0.435452 0.0141235 0.0272207 0.480013
0 0.833399 0.656498 0.0172663 0.0330661 0.475488
0 0.612535 0.712812 0.0160149 0.0285339 0.472897
0 0.995391 0.0726626 0.0092172 0.0357791 0.469681
0 0.631328 0.701464 0.0209782 0.0347854 0.467968
0 0.953269 0.977044 0.0167458 0.0339519 0.46327
0 0.766939 0.372695 0.0182344 0.025887 0.462279
0 0.912151 0.56709 0.0192749 0.0299189 0.461598
0 0.760445 0.596567 0.0256962 0.0420574 0.455143
0 0.77249 0.930737 0.0165661 0.0324707 0.450319
0 0.668556 0.552742 0.0142485 0.0272888 0.450116
0 0.980999 0.952503 0.0224281 0.0278755 0.449878
0 0.955408 0.511798 0.014183 0.0294581 0.449273
0 0.858889 0.753878 0.0197522 0.027346 0.44915
0 0.866556 0.911976 0.016861 0.032075 0.441602
0 0.50459 0.908446 0.0125002 0.0298926 0.434523
0 0.690018 0.656325 0.0186651 0.0360495 0.432121
0 0.93629 0.704473 0.0201151 0.0292153 0.430663
0 0.437607 0.947333 0.0167833 0.0304931 0.430122
0 0.563536 0.640649 0.0173967 0.0335435 0.426702
0 0.9857 0.496281 0.0223044 0.0391927 0.42659
0 0.738155 0.310922 0.026181 0.0454641 0.425101
0 0.955115 0.914155 0.0133251 0.0211697 0.424364
0 0.818536 0.293577 0.0224354 0.0418202 0.423506
0 0.935063 0.670152 0.0167748 0.0177477 0.422764
0 0.697464 0.491475 0.0239946 0.0372174 0.421187
0 0.61111 0.926009 0.0200438 0.0410536 0.42065
0 0.792272 0.896144 0.0145332 0.0192532 0.418721
0 0.907447 0.888362 0.017844 0.0207486 0.413496
0 0.919587 0.856261 0.0128666 0.0205207 0.413206
0 0.836852 0.980922 0.0145058 0.024782 0.410275
0 0.73316 0.942042 0.0156097 0.0268931 0.407628
0 0.640078 0.811535 0.0170827 0.033805 0.406844
0 0.991671 0.401041 0.0166574 0.0436015 0.404897
0 0.656768 0.816483 0.0141246 0.0255761 0.396475
0 0.755504 0.515596 0.0202268 0.036051 0.395897
0 0.895928 0.611674 0.0141001 0.0271985 0.394909
0 0.878712 0.623737 0.016338 0.0233938 0.394047
0 0.921067 0.698141 0.0134117 0.0360982 0.394047
0 0.757386 0.593722 0.0199655 0.038269 0.388916
0 0.73457 0.772888 0.0153314 0.0268507 0.387026
0 0.961907 0.577455 0.0175098 0.0252389 0.383109
0 0.90504 0.0181235 0.0132397 0.0265525 0.382459
0 0.896208 0.782205 0.0162565 0.0303592 0.380404
0 0.828077 0.720924 0.0142319 0.0252374 0.378504
0 0.91508 0.521589 0.013792 0.0236812 0.376506
0 0.952247 0.595455 0.012825 0.0221392 0.372473
0 0.925047 0.462565 0.0208229 0.0342958 0.369798
0 0.841734 0.225205 0.018388 0.0338633 0.368585
0 0.855495 0.236963 0.0116001 0.0260329 0.360516
0 0.87083 0.737562 0.0169903 0.0299869 0.35955
0 0.850182 0.834407 0.0184208 0.0192413 0.356583
0 0.848894 0.279767 0.0275185 0.040248 0.353868
0 0.975451 0.95366 0.0190643 0.025777 0.352476
0 0.953138 0.643118 0.0180466 0.029853 0.351837
0 0.550728 0.883848 0.0188232 0.0340424 0.350655
0 0.531205 0.831035 0.0127481 0.0302156 0.348448
0 0.617406 0.830545 0.0228792 0.0597982 0.346578
0 0.858155 0.943392 0.0129116 0.0192466 0.346474
0 0.655149 0.668036 0.0129105 0.0316629 0.341194
0 0.78381 0.99093 0.0179659 0.0173589 0.340714
0 0.792012 0.945256 0.012257 0.0233341 0.336
0 0.84789 0.867445 0.0196472 0.0278358 0.335985
0 0.963636 0.67567 0.0165947 0.0222582 0.335612
0 0.968821 0.287773 0.0194232 0.0287222 0.335108
0 0.573633 0.739897 0.0201164 0.0305176 0.33498
0 0.667641 0.855291 0.0126793 0.0288517 0.332863
0 0.684126 0.437777 0.0216269 0.0332416 0.332058
0 0.817577 0.49574 0.0205185 0.0362174 0.331901
0 0.783357 0.832641 0.016111 0.0192352 0.32768
0 0.774186 0.502872 0.0162661 0.0266711 0.326894
0 0.550797 0.747413 0.0123119 0.0334722 0.326027
0 0.866427 0.856908 0.0136093 0.0249193 0.32332
0 0.532229 0.985314 0.0195034 0.0279785 0.320835
0 0.796679 0.3975 0.0209997 0.0355218 0.320283
0 0.720857 0.661678 0.0170948 0.0298158 0.314721
0 0.633775 0.566164 0.0179508 0.0359875 0.309582
0 0.892999 0.458198 0.0173313 0.0340663 0.308379
0 0.493457 0.883569 0.0174196 0.032329 0.304203
0 0.815616 0.354792 0.0220605 0.0381544 0.303835
0 0.694129 0.487907 0.0257366 0.041934 0.302862
0 0.814292 0.881392 0.0125022 0.0200441 0.297778
0 0.672366 0.804396 0.0168681 0.019626 0.296935
0 0.932943 0.521722 0.0114727 0.0216421 0.289888
0 0.823702 0.562162 0.0190369 0.0278616 0.288629
0 0.549545 0.816114 0.0150375 0.0329377 0.287839
0 0.897483 0.0693253 0.0153061 0.0199632 0.280738
0 0.749263 0.899166 0.0223543 0.0321972 0.279706
0 0.937724 0.623081 0.0126011 0.0218246 0.276846
0 0.690557 0.47827 0.0222399 0.0446003 0.273812
0 0.773859 0.176575 0.0257652 0.0502546 0.273295
0 0.468823 0.967538 0.0178128 0.0260552 0.267567
0 0.754368 0.871384 0.0163363 0.0241072 0.265564
0 0.569385 0.990476 0.0218524 0.0180067 0.264113
0 0.454883 0.949531 0.0169477 0.0376983 0.262244
0 0.744859 0.270107 0.0251769 0.0428703 0.260406
0 0.581142 0.95549 0.0155457 0.0319435 0.2588
0 0.541862 0.845036 0.0118599 0.0239431 0.25849
0 0.581551 0.946262 0.0174755 0.0422739 0.257824
0 0.933118 0.703928 0.0175753 0.0296791 0.252616
0 0.567427 0.680427 0.0164277 0.0347934 0.252484
0 0.71235 0.528326 0.0195161 0.0305922 0.252018
0 0.580847 0.937909 0.0197092 0.0416008 0.250592
0 0.997285 0.112798 0.00543041 0.0241195 0.246071
0 0.933617 0.798147 0.0152088 0.017963 0.237235
0 0.877994 0.0517386 0.0167252 0.0315592 0.23536
0 0.525537 0.802511 0.0119804 0.0214768 0.235338
0 0.663075 0.768587 0.0202362 0.0298374 0.23483
0 0.693026 0.394591 0.0194666 0.031105 0.233149
0 0.840532 0.534495 0.0172245 0.0351171 0.231001
0 0.893361 0.94499 0.017318 0.0222121 0.230884
0 0.913336 0.633253 0.0179379 0.0221211 0.230796
0 0.667406 0.92528 0.0135742 0.0300493 0.227993
0 0.63197 0.569856 0.018312 0.0357155 0.226844
0 0.641089 0.609531 0.014953 0.0291172 0.220402
0 0.99434 0.219186 0.0113205 0.0379414 0.219721
0 0.888363 0.226606 0.0176872 0.0254983 0.218811
0 0.855931 0.11985 0.0206562 0.0407314 0.218796
0 0.836819 0.0122651 0.0174093 0.0235576 0.218541
0 0.533032 0.833292 0.00960789 0.0308241 0.217961
0 0.935362 0.593516 0.0106281 0.0234681 0.212276
0 0.550287 0.968331 0.0190165 0.0347076 0.200765
0 0.978601 0.078599 0.0180439 0.0361646 0.200513
0 0.742989 0.727788 0.0125763 0.02905 0.200276
0 0.709462 0.990793 0.0172421 0.0173358 0.198358
0 0.648433 0.771094 0.0181942 0.028733 0.1982
0 0.624603 0.539267 0.0185047 0.0298392 0.197008
0 0.582083 0.958507 0.0149021 0.0230841 0.195352
0 0.633826 0.69982 0.0232784 0.0289307 0.19477
0 0.592555 0.767587 0.0248148 0.0343777 0.194298
0 0.738014 0.41429 0.0173651 0.0278341 0.194257
0 0.79473 0.138281 0.0244149 0.0352503 0.192858
0 0.868575 0.85638 0.0133278 0.0250305 0.186623
0 0.886545 0.82402 0.0183857 0.0252258 0.184885
0 0.688347 0.473002 0.0195196 0.0363916 0.183662
0 0.935303 0.623482 0.0143085 0.0209679 0.182045
0 0.844525 0.28211 0.0198849 0.0352356 0.180368
0 0.863547 0.984021 0.0152542 0.0276278 0.179324
0 0.636959 0.562458 0.0136902 0.0358515 0.178294
0 0.976194 0.175536 0.0162476 0.0287756 0.177176
0 0.993768 0.176788 0.0124634 0.0245755 0.175544
0 0.685454 0.861128 0.0119795 0.0179915 0.171192
0 0.778563 0.223238 0.0176688 0.0249113 0.16926
0 0.590732 0.616193 0.0232422 0.0368574 0.164661
0 0.784377 0.556359 0.0202998 0.0396698 0.163153
0 0.659792 0.851214 0.0269897 0.0364387 0.162673
0 0.808459 0.0341871 0.0140884 0.0319294 0.161898
0 0.976787 0.759387 0.0175152 0.0352995 0.160842
0 0.567856 0.988034 0.0216774 0.0223556 0.160804
0 0.987042 0.346529 0.0192726 0.0315281 0.160772
0 0.750796 0.902579 0.0193049 0.0270815 0.160499
0 0.909137 0.806224 0.0133366 0.0113627 0.15978
0 0.565324 0.686155 0.017421 0.0441838 0.158378
0 0.830482 0.71997 0.0179018 0.0251434 0.157792
0 0.753123 0.511865 0.0176287 0.0340839 0.157006
0 0.865558 0.0783005 0.0143524 0.0189318 0.156368
0 0.578342 0.943707 0.0225911 0.0543386 0.151371
0 0.808356 0.636508 0.0156439 0.0252845 0.151165
0 0.970298 0.535526 0.0122635 0.0246485 0.149798
0 0.803506 0.543712 0.0119926 0.0217561 0.147137
0 0.83603 0.435763 0.0173685 0.0321045 0.14691
0 0.881354 0.270079 0.027457 0.0504341 0.145547
0 0.603856 0.673838 0.0138732 0.0285836 0.144681
0 0.664889 0.765444 0.0185428 0.0297713 0.144226
0 0.919431 0.423271 0.0134064 0.0277939 0.143673
0 0.849777 0.864654 0.0211842 0.0289778 0.143618
0 0.903074 0.898862 0.018918 0.032805 0.143548
0 0.920945 0.968193 0.0148209 0.0215908 0.14347
0 0.731512 0.770943 0.0170069 0.0286583 0.143312
0 0.91028 0.609488 0.0134861 0.0194317 0.142584
0 0.683149 0.716851 0.0284204 0.041468 0.142407
0 0.550459 0.983079 0.0155136 0.0282579 0.142
0 0.894112 0.569189 0.0137383 0.0290407 0.139979
0 0.682044 0.992865 0.0201622 0.0132408 0.138784
0 0.985089 0.952415 0.0178618 0.0273872 0.13721
0 0.820141 0.141342 0.0156576 0.02618 0.137194
0 0.896659 0.863819 0.0196579 0.025847 0.135879
0 0.927205 0.465892 0.0211225 0.0346753 0.135638
0 0.834751 0.693647 0.0174088 0.0249875 0.135483
0 0.820825 0.299317 0.0193867 0.0325823 0.134597
0 0.787277 0.769265 0.0156172 0.0281789 0.133652
0 0.666252 0.551242 0.0170662 0.0316253 0.13096
0 0.672133 0.621273 0.0167001 0.0285913 0.130597
0 0.512165 0.629714 0.0367917 0.058919 0.130151
0 0.870577 0.562274 0.0188634 0.0253921 0.129696
0 0.614718 0.882212 0.0122697 0.0288428 0.128178
0 0.684579 0.863665 0.0135975 0.0225152 0.127623
0 0.84042 0.715222 0.0121075 0.0313594 0.127539
0 0.972415 0.398063 0.0193684 0.0449441 0.125489
0 0.959613 0.198629 0.0141376 0.0169896 0.125206
0 0.707953 0.586439 0.0153554 0.0317396 0.124866
0 0.792242 0.365716 0.0158443 0.0192305 0.1244
0 0.789652 0.717887 0.011872 0.0220339 0.123789
0 0.522753 0.730847 0.0210442 0.0342875 0.122563
0 0.997356 0.833742 0.00528736 0.0253828 0.121956
0 0.991079 0.774421 0.0177483 0.0397281 0.120867
0 0.788004 0.941882 0.0194328 0.0299258 0.120513
0 0.811046 0.177398 0.0191807 0.0343397 0.120281
0 0.669216 0.85949 0.0127253 0.0213823 0.120087
0 0.646832 0.770121 0.0158598 0.0240492 0.119341
0 0.908794 0.103487 0.0143534 0.0212769 0.119333
0 0.838191 0.983897 0.0173813 0.0297833 0.117792
0 0.990091 0.347869 0.0169552 0.0297974 0.117173
0 0.903069 0.243088 0.0159948 0.0233679 0.115187
0 0.747376 0.807552 0.0178542 0.0199549 0.114502
0 0.736807 0.467608 0.0144436 0.0283822 0.114392
0 0.969708 0.542376 0.0121479 0.0336936 0.113996
0 0.626945 0.543217 0.0187133 0.0260686 0.112887
0 0.991669 0.177512 0.0151886 0.0253839 0.111066
0 0.638945 0.608331 0.0146587 0.0323504 0.109536
0 0.665394 0.852359 0.0145515 0.0353339 0.10824
0 0.766893 0.43041 0.0169465 0.0262955 0.108175
0 0.938287 0.59266 0.0106352 0.022986 0.107916
0 0.517135 0.984047 0.0147049 0.0285623 0.105761
0 0.958377 0.915136 0.0180111 0.0252201 0.10392
0 0.6801 0.718833 0.0220753 0.0370504 0.10242
