0 0.897303 0.707413 0.0509851 0.0183366 0.658872
0 0.158135 0.102351 0.0468886 0.015086 0.644854
0 0.398216 0.12974 0.0454921 0.0164855 0.644324
0 0.252747 0.0914713 0.0499432 0.0154552 0.642881
0 0.100915 0.00868042 0.050121 0.0171294 0.63656
0 0.202711 0.0526838 0.0504482 0.0166591 0.634164
0 0.228996 0.20599 0.0496291 0.0172937 0.632481
0 0.0216028 0.980998 0.0417635 0.016936 0.629632
0 0.300313 0.0374575 0.0567767 0.0152318 0.629324
0 0.535256 0.961202 0.0489818 0.0160536 0.624277
0 0.940898 0.820341 0.059708 0.0188065 0.622434
0 0.931898 0.53672 0.0510174 0.0157142 0.622432
0 0.574296 0.0125918 0.0489044 0.015701 0.621771
0 0.127602 0.0328496 0.0502596 0.0154077 0.619423
0 0.110884 0.0548297 0.0446439 0.0162109 0.617808
0 0.287117 0.0607017 0.0470488 0.0153846 0.617042
0 0.356457 0.0781396 0.0520648 0.0177003 0.616855
0 0.88985 0.472871 0.0492479 0.0198772 0.614145
0 0.324779 0.190783 0.0501009 0.0171369 0.612036
0 0.116125 0.136427 0.0417749 0.0160308 0.611958
0 0.0823801 0.85068 0.0517949 0.0177166 0.61181
0 0.74574 0.796943 0.0482527 0.0182209 0.610966
0 0.184513 0.567944 0.0491545 0.0177387 0.605889
0 0.540492 0.871315 0.0518666 0.0160002 0.604518
0 0.16084 0.189148 0.0448439 0.0162926 0.60398
0 0.305196 0.22725 0.0425323 0.0163435 0.603798
0 0.890689 0.49772 0.0483693 0.0177497 0.602312
0 0.217734 0.763579 0.0463908 0.0171131 0.601093
0 0.367248 0.158604 0.0475749 0.0145846 0.600678
0 0.289547 0.932846 0.0479617 0.0148861 0.600675
0 0.0227774 0.838444 0.0432482 0.0161304 0.599965
0 0.254627 0.173035 0.0498261 0.0172139 0.598979
0 0.445404 0.0320478 0.0422495 0.0145451 0.597713
0 0.244386 0.979754 0.0448176 0.0167543 0.597145
0 0.531195 0.806647 0.0472865 0.01723 0.596443
0 0.166549 0.438663 0.0453512 0.0157159 0.59541
0 0.227318 0.122688 0.0477585 0.0167524 0.595093
0 0.57409 0.134582 0.0412493 0.0158634 0.594794
0 0.708658 0.758926 0.0484046 0.0162848 0.594735
0 0.679354 0.873248 0.0459026 0.0149689 0.594462
0 0.0452836 0.116258 0.051101 0.0173098 0.593877
0 0.648167 0.746394 0.0423076 0.0157017 0.592212
0 0.16431 0.836164 0.0420618 0.0185879 0.59101
0 0.141849 0.864312 0.0438033 0.0167004 0.590797
0 0.0432203 0.0344906 0.0526394 0.0155793 0.590088
0 0.289283 0.141684 0.0590162 0.0169407 0.58648
0 0.436287 0.0952429 0.0452031 0.0170707 0.581743
0 0.0890678 0.172378 0.0520704 0.0147323 0.581327
0 0.622449 0.860929 0.0482559 0.0137798 0.581002
0 0.277103 0.775237 0.0478641 0.016666 0.579353
0 0.233104 0.0277083 0.0487595 0.0150551 0.578338
0 0.975881 0.769271 0.0423855 0.0137959 0.578017
0 0.234376 0.828164 0.0451011 0.0159142 0.576726
0 0.0519628 0.626643 0.0435883 0.0149118 0.574889
0 0.229994 0.917215 0.0465181 0.0177971 0.574161
0 0.175398 0.813612 0.0461603 0.0152233 0.573136
0 0.846059 0.69257 0.0471011 0.0176687 0.572929
0 0.0195523 0.0694662 0.0388653 0.0167667 0.572515
0 0.587523 0.822711 0.0427168 0.0174307 0.570421
0 0.0710397 0.0847953 0.0501761 0.0140684 0.570278
0 0.504495 0.197171 0.0438272 0.0146736 0.569886
0 0.364684 0.920649 0.0468163 0.0157623 0.569646
0 0.7211 0.820285 0.0435778 0.0142948 0.568216
0 0.74929 0.548896 0.0423985 0.0147397 0.567442
0 0.476123 0.637867 0.0485236 0.0177689 0.566571
0 0.465411 0.0645475 0.0403717 0.0148564 0.565153
0 0.503486 0.923536 0.051186 0.0168846 0.564932
0 0.277268 0.621447 0.0453546 0.0147272 0.561975
0 0.408591 0.868893 0.046123 0.0141441 0.561814
0 0.37725 0.0409548 0.0517127 0.0131348 0.561762
0 0.815626 0.719186 0.0466633 0.0145788 0.561655
0 0.513423 0.0244642 0.0429844 0.0147849 0.561011
0 0.363987 0.241747 0.0473282 0.0146213 0.560851
0 0.89279 0.962043 0.0543045 0.0156483 0.560373
0 0.253036 0.800679 0.0483778 0.0155311 0.559539
0 0.26515 0.957232 0.0455888 0.01385 0.559434
0 0.947702 0.934992 0.0648482 0.0172564 0.558697
0 0.677314 0.720914 0.046195 0.0166666 0.558251
0 0.616109 0.949935 0.0469005 0.0139786 0.557314
0 0.689691 0.783948 0.0446209 0.0166101 0.556411
0 0.289159 0.837588 0.0459499 0.0154001 0.555677
0 0.53683 0.167739 0.0404442 0.0154418 0.553495
0 0.440318 0.181426 0.04755 0.0142857 0.553282
0 0.760103 0.859932 0.0442549 0.0155792 0.552334
0 0.63928 0.00759147 0.0433536 0.0148877 0.55221
0 0.118973 0.80043 0.0482929 0.0148762 0.551945
0 0.525472 0.900753 0.0452087 0.0148357 0.551616
0 0.917495 0.678013 0.0488732 0.0156384 0.550971
0 0.0243757 0.192324 0.0397378 0.014933 0.549854
0 0.582243 0.0519093 0.0440567 0.0153072 0.54855
0 0.414185 0.777381 0.0468871 0.018041 0.547172
0 0.397936 0.961559 0.0502006 0.016687 0.546958
0 0.113223 0.73238 0.0426987 0.016019 0.546929
0 0.442596 0.595446 0.0516496 0.0186745 0.546822
0 0.547541 0.779056 0.0432559 0.0165118 0.546243
0 0.488062 0.859411 0.0434071 0.0147365 0.545815
0 0.215421 0.850951 0.045056 0.0141348 0.544828
0 0.597326 0.883805 0.046438 0.0149017 0.541931
0 0.665067 0.587958 0.0447876 0.0166679 0.54108
0 0.113925 0.890082 0.0491156 0.0172867 0.540912
0 0.790613 0.747024 0.0470827 0.0155594 0.540567
0 0.821851 0.938724 0.0487717 0.0133789 0.540555
0 0.276049 0.684133 0.0447759 0.0155499 0.539624
0 0.320861 0.110378 0.0476969 0.0157629 0.53789
0 0.665806 0.809809 0.0446967 0.0161049 0.53759
0 0.606034 0.638451 0.0470703 0.0167887 0.536337
0 0.928037 0.74899 0.0464406 0.013377 0.535593
0 0.562761 0.846495 0.0402005 0.0139874 0.535047
0 0.14732 0.682762 0.0469026 0.0176737 0.534734
0 0.166181 0.0189843 0.0463657 0.0150096 0.534566
0 0.0784222 0.666085 0.0432997 0.0165984 0.532888
0 0.216463 0.606708 0.0477725 0.016093 0.532857
0 0.386815 0.647743 0.0469787 0.015978 0.53251
0 0.503171 0.114887 0.0422551 0.014614 0.532171
0 0.0834801 0.759903 0.042596 0.0159259 0.532134
0 0.82608 0.78458 0.0427901 0.0154531 0.531852
0 0.53361 0.71483 0.047024 0.0164179 0.529826
0 0.305851 0.659091 0.0423438 0.0146968 0.529771
0 0.592086 0.732652 0.0469571 0.0166135 0.529517
0 0.135603 0.280335 0.0466581 0.0149302 0.528544
0 0.651684 0.897191 0.0452705 0.0152809 0.52762
0 0.191786 0.152574 0.0446605 0.0139271 0.526433
0 0.130086 0.708232 0.0422111 0.0145404 0.525358
0 0.12335 0.555692 0.0499823 0.0171206 0.524605
0 0.419525 0.626672 0.0450563 0.0178179 0.522838
0 0.632159 0.768226 0.044179 0.0149629 0.52048
0 0.0765424 0.209627 0.0406918 0.0135786 0.520473
0 0.241959 0.580993 0.0445552 0.0149277 0.518946
0 0.97083 0.982778 0.054706 0.0170414 0.518356
0 0.458454 0.976084 0.0459033 0.0178077 0.517827
0 0.807656 0.809514 0.0439893 0.0142546 0.517551
0 0.864301 0.552245 0.0442666 0.0181155 0.516554
0 0.81675 0.537735 0.0417408 0.0157955 0.515676
0 0.652325 0.986685 0.0539402 0.0173992 0.515599
0 0.904695 0.775008 0.0434688 0.0142955 0.515422
0 0.382847 0.89692 0.0430793 0.0140423 0.514585
0 0.182524 0.720159 0.0475998 0.015595 0.513537
0 0.6772 0.963315 0.045704 0.0147068 0.513372
0 0.293624 0.995814 0.0533863 0.00837278 0.513067
0 0.161423 0.748804 0.0467936 0.0169438 0.512032
0 0.185605 0.269893 0.0432563 0.0144985 0.51152
0 0.8825 0.910295 0.0488458 0.0145977 0.511319
0 0.582188 0.665852 0.052825 0.0175258 0.509167
0 0.444149 0.817592 0.0419963 0.0157741 0.507781
0 0.785408 0.589521 0.0393476 0.0153274 0.50636
0 0.690809 0.93397 0.0419828 0.0151737 0.503464
0 0.2745 0.865982 0.0434736 0.0130325 0.502527
0 0.318435 0.723345 0.0503871 0.0153141 0.500935
0 0.338229 0.697731 0.046498 0.0162962 0.498816
0 0.247698 0.64354 0.0424202 0.0148705 0.498709
0 0.073225 0.387201 0.0525383 0.0193051 0.497713
0 0.156151 0.588608 0.0374854 0.0137119 0.497414
0 0.34009 0.00872172 0.0451626 0.0172435 0.49495
0 0.0475102 0.809116 0.0444185 0.015017 0.494677
0 0.185662 0.62829 0.0442296 0.0148278 0.494611
0 0.0215003 0.147221 0.0413181 0.01467 0.493393
0 0.394664 0.209034 0.039802 0.0115695 0.492483
0 0.507008 0.833179 0.0402982 0.01336 0.492372
0 0.474279 0.14827 0.0410523 0.014021 0.491375
0 0.642983 0.834755 0.0439247 0.0145832 0.491292
0 0.526959 0.651106 0.0477368 0.0159896 0.491048
0 0.737643 0.883824 0.0456592 0.0147663 0.490908
0 0.613395 0.180773 0.0423696 0.0161128 0.490884
0 0.649437 0.150295 0.0465811 0.0158643 0.490624
0 0.491757 0.769336 0.0476559 0.0179692 0.490581
0 0.674358 0.562399 0.0433886 0.0154182 0.490295
0 0.8997 0.862354 0.0428061 0.0169044 0.489383
0 0.236829 0.735173 0.0512294 0.0169996 0.489311
0 0.380507 0.741339 0.0466482 0.0169959 0.48911
0 0.139448 0.771848 0.0442866 0.0147219 0.48911
0 0.228919 0.666785 0.0448999 0.0144741 0.489016
0 0.469713 0.793387 0.0450022 0.0162465 0.488701
0 0.20698 0.695282 0.03756 0.0116364 0.488111
0 0.963284 0.718249 0.0402971 0.015217 0.487436
0 0.577405 0.912027 0.0432312 0.0140328 0.486712
0 0.517424 0.740344 0.0413298 0.0166178 0.486452
0 0.253329 0.253627 0.0466654 0.0136875 0.485302
0 0.875224 0.733294 0.0422386 0.0143677 0.48506
0 0.0196142 0.280181 0.0365389 0.0147142 0.484776
0 0.199357 0.879476 0.0385162 0.0127459 0.482434
0 0.773525 0.0273084 0.0389656 0.0153164 0.482242
0 0.44149 0.91045 0.0432067 0.0139763 0.482058
0 0.0706045 0.696088 0.0449225 0.0178438 0.481712
0 0.795124 0.899514 0.0442353 0.0142679 0.481492
0 0.836476 0.487152 0.037829 0.014267 0.479133
0 0.982312 0.548555 0.0353321 0.0198412 0.478878
0 0.574854 0.756024 0.0432777 0.015226 0.477322
0 0.0800839 0.267533 0.0393752 0.0145047 0.475518
0 0.100732 0.33228 0.0423272 0.015962 0.474752
0 0.0809201 0.603897 0.0397717 0.0131019 0.473385
0 0.335772 0.78769 0.0455219 0.0164066 0.472014
0 0.0276534 0.746746 0.0499294 0.0171008 0.47156
0 0.503589 0.675503 0.0483467 0.0176609 0.468509
0 0.241514 0.307667 0.0493133 0.0156672 0.467807
0 0.0670639 0.875232 0.0366966 0.0140587 0.465455
0 0.0534181 0.318819 0.0433439 0.0150194 0.462552
0 0.381446 0.987438 0.0429031 0.0137106 0.461306
0 0.137695 0.257052 0.0398424 0.0142862 0.459772
0 0.759487 0.499793 0.0409988 0.0136086 0.458055
0 0.530346 0.584236 0.043889 0.0147367 0.456166
0 0.393601 0.804205 0.0436934 0.0153125 0.456099
0 0.17083 0.319545 0.0437146 0.0148501 0.454311
0 0.723705 0.577713 0.0396381 0.0152502 0.45401
0 0.863657 0.577851 0.0429874 0.0123453 0.452066
0 0.760966 0.52646 0.0368554 0.0131014 0.450035
0 0.0223402 0.255661 0.0388666 0.0122391 0.450018
0 0.368646 0.829697 0.0431097 0.01446 0.449917
0 0.192374 0.295512 0.0384554 0.0147424 0.449717
0 0.322508 0.568522 0.0451606 0.0132639 0.449424
0 0.710557 0.601695 0.0421064 0.0146695 0.44852
0 0.704943 0.692562 0.0434865 0.01728 0.447972
0 0.817385 0.511259 0.0394592 0.0135857 0.441695
0 0.199098 0.78507 0.0422089 0.0151312 0.441644
0 0.748444 0.950096 0.0371943 0.0131024 0.440572
0 0.315538 0.815011 0.0413129 0.0130453 0.440464
0 0.0691942 0.292505 0.0362762 0.0134217 0.439692
0 0.771041 0.77161 0.0430908 0.0143355 0.438534
0 0.477012 0.698746 0.0477016 0.0185327 0.43471
0 0.0338687 0.347736 0.0424368 0.0153271 0.434136
0 0.848428 0.413955 0.0757258 0.03155 0.431279
0 0.402861 0.711094 0.0412149 0.0136164 0.428338
0 0.583614 0.996601 0.0473528 0.00679898 0.425918
0 0.336323 0.946783 0.0463643 0.0118343 0.424681
0 0.500451 0.610984 0.0481324 0.0175425 0.42435
0 0.242997 0.516123 0.0485682 0.0166998 0.423466
0 0.841955 0.84659 0.0473465 0.0147919 0.423103
0 0.381182 0.582702 0.0463082 0.0167593 0.422704
0 0.302339 0.593561 0.0466646 0.0155455 0.417502
0 0.0507977 0.717724 0.0492526 0.0173775 0.416898
0 0.713879 0.910878 0.0433805 0.0158226 0.41466
0 0.0131232 0.863824 0.0262283 0.0134479 0.41324
0 0.197985 0.386102 0.0446701 0.0168823 0.412322
0 0.160997 0.346086 0.0420006 0.0164471 0.411076
0 0.641094 0.679718 0.0471151 0.0160515 0.409431
0 0.614856 0.705046 0.0438561 0.0159679 0.407971
0 0.751182 0.0603582 0.0431858 0.0178178 0.40781
0 0.475566 0.325878 0.0538741 0.0195511 0.399698
0 0.188551 0.0711787 0.0399013 0.0120956 0.39777
0 0.13394 0.229899 0.0436306 0.011735 0.396259
0 0.705283 0.848192 0.0464603 0.014212 0.392299
0 0.256928 0.892606 0.0443033 0.0137482 0.39044
0 0.29808 0.529696 0.0459236 0.0164654 0.389497
0 0.948985 0.512661 0.040506 0.0129647 0.383552
0 0.865002 0.823356 0.0431182 0.015078 0.382651
0 0.607638 0.573749 0.0453887 0.0171659 0.382409
0 0.139871 0.992911 0.0673585 0.0141781 0.37648
0 0.889374 0.799647 0.0418353 0.0141641 0.374233
0 0.874105 0.523423 0.0370288 0.0135729 0.371085
0 0.331748 0.636421 0.0399 0.0120646 0.370929
0 0.873597 0.388424 0.0623614 0.0238409 0.368803
0 0.354711 0.766224 0.0391731 0.013356 0.367897
0 0.592743 0.332947 0.054558 0.0183207 0.366295
0 0.0190082 0.679415 0.0370324 0.0143635 0.365176
0 0.0221418 0.65271 0.0412098 0.0135218 0.364912
0 0.401298 0.00796209 0.040626 0.0156169 0.364826
0 0.210371 0.363252 0.0433136 0.0160558 0.363943
0 0.0416382 0.56529 0.0483872 0.0166752 0.362638
0 0.560139 0.213899 0.0450933 0.0151736 0.362456
0 0.848157 0.410723 0.0917773 0.0370828 0.356576
0 0.945786 0.485756 0.0437665 0.0180779 0.35263
0 0.147626 0.374031 0.0503131 0.0183035 0.347334
0 0.772694 0.616508 0.0475719 0.0154691 0.346966
0 0.649229 0.494846 0.0438481 0.014906 0.34562
0 0.465243 0.88499 0.0409977 0.013636 0.344401
0 0.430486 0.752314 0.0425088 0.0146857 0.344097
0 0.0880382 0.244192 0.0436688 0.0136959 0.340194
0 0.407054 0.321337 0.0373316 0.0143446 0.335598
0 0.0974748 0.577214 0.0338771 0.0120192 0.334253
0 0.594262 0.452035 0.0486985 0.0202299 0.333197
0 0.423221 0.689869 0.0417054 0.0150905 0.332862
0 0.757629 0.705897 0.0431141 0.0129036 0.330285
0 0.67266 0.174782 0.0469893 0.0175714 0.328876
0 0.706124 0.509523 0.0390675 0.0146601 0.323876
0 0.311513 0.273245 0.0422897 0.0119989 0.323861
0 0.714278 0.997373 0.0469426 0.00525321 0.32286
0 0.786092 0.834295 0.0421023 0.0153609 0.32089
0 0.325517 0.972716 0.0442443 0.0154873 0.317419
0 0.22658 0.996953 0.0419068 0.00609368 0.31601
0 0.730709 0.738118 0.046561 0.017198 0.315775
0 0.922383 0.563118 0.0461471 0.0148511 0.315464
0 0.266649 0.554081 0.0475079 0.0161076 0.313612
0 0.559102 0.691351 0.0503988 0.0192915 0.311711
0 0.945102 0.87901 0.0484447 0.019381 0.311662
0 0.789596 0.679458 0.0423255 0.0143751 0.310864
0 0.250571 0.00277061 0.0448106 0.00552921 0.310511
0 0.175357 0.653607 0.0369879 0.0142227 0.306687
0 0.619947 0.547794 0.0432529 0.0154938 0.305568
0 0.289986 0.349099 0.0398002 0.0148925 0.305452
0 0.539367 0.0837263 0.0469033 0.0150659 0.305376
0 0.347926 0.855033 0.0496385 0.0136322 0.292607
0 0.00873304 0.30463 0.0173506 0.0160937 0.289533
0 0.338441 0.478873 0.0484589 0.0181923 0.288934
0 0.472324 0.573811 0.0464113 0.0167092 0.286531
0 0.291354 0.00407683 0.0339276 0.00815218 0.278213
0 0.990631 0.525747 0.0185238 0.0138068 0.276631
0 0.296989 0.294237 0.0377958 0.0118641 0.27403
0 0.210574 0.943643 0.0425728 0.0136339 0.270187
0 0.802605 0.564533 0.037577 0.0105135 0.269638
0 0.176807 0.909207 0.0515694 0.021578 0.266371
0 0.976415 0.694681 0.0437353 0.0158051 0.265134
0 0.986698 0.247269 0.0261888 0.0207063 0.253689
0 0.0218334 0.374247 0.0427957 0.0170087 0.244576
0 0.989545 0.497622 0.0200043 0.0143905 0.239717
0 0.82356 0.9893 0.0604775 0.0176783 0.239641
0 0.444786 0.662261 0.0436093 0.0148146 0.239638
0 0.900716 0.617554 0.0413066 0.0129236 0.238142
0 0.470093 0.229216 0.0450713 0.0108613 0.237391
0 0.283026 0.00398264 0.0472344 0.00796529 0.233185
0 0.950125 0.630094 0.0371864 0.0121968 0.230664
0 0.605581 0.792159 0.0444144 0.0140129 0.230384
0 0.431754 0.843167 0.0469313 0.0160597 0.227195
0 0.30898 0.905758 0.0376974 0.0128326 0.226177
0 0.190029 0.235766 0.0413657 0.0106363 0.223501
0 0.298363 0.748885 0.0452151 0.0159008 0.220774
0 0.865785 0.190728 0.0540402 0.0217472 0.209661
0 0.228595 0.335858 0.0444249 0.0153397 0.208036
0 0.946042 0.879338 0.040034 0.0153455 0.206871
0 0.145939 0.971244 0.114411 0.0410029 0.204871
0 0.517788 0.989312 0.0389519 0.0130313 0.204782
0 0.355158 0.337596 0.0405154 0.0123476 0.198016
0 0.0684126 0.542188 0.0576543 0.0213148 0.194125
0 0.595065 0.452878 0.0396682 0.0157739 0.192934
0 0.133777 0.614955 0.036379 0.0122991 0.192879
0 0.254036 0.00407884 0.0524085 0.00810012 0.190126
0 0.174027 0.905507 0.0473257 0.016806 0.186397
0 0.648156 0.494479 0.0488189 0.0191633 0.181609
0 0.83883 0.488451 0.0420674 0.0181993 0.180988
0 0.408624 0.345445 0.0461919 0.0148429 0.180573
0 0.102311 0.920428 0.0478602 0.01865 0.175499
0 0.558981 0.559013 0.0437922 0.0148181 0.172699
0 0.989113 0.672726 0.0216648 0.0143928 0.166313
0 0.607597 0.105755 0.0388925 0.011937 0.1654
0 0.673986 0.654497 0.0478772 0.0194412 0.160273
0 0.852776 0.760837 0.040714 0.0138527 0.157103
0 0.292619 0.439337 0.0403293 0.0181078 0.155897
0 0.883461 0.910075 0.0557291 0.0184768 0.154933
0 0.118545 0.64167 0.0394219 0.0140573 0.152875
0 0.948647 0.87914 0.0621905 0.0222917 0.152189
0 0.616474 0.704522 0.0509654 0.0199897 0.143053
0 0.561122 0.213643 0.0539416 0.0189496 0.141314
0 0.50497 0.114776 0.0507066 0.0189167 0.141282
0 0.270276 0.00433849 0.0658575 0.00839762 0.140206
0 0.423174 0.936899 0.0388626 0.0115528 0.139821
0 0.558904 0.624746 0.0385995 0.0120335 0.139335
0 0.216624 0.996916 0.0726412 0.00616726 0.139099
0 0.246186 0.282551 0.0418568 0.0132394 0.137711
0 0.191276 0.984565 0.0440772 0.0188751 0.13649
0 0.893444 0.219322 0.0542639 0.0213067 0.13086
0 0.225652 0.996071 0.046179 0.00785862 0.130189
0 0.368135 0.158971 0.0563723 0.0179207 0.128347
0 0.10179 0.825219 0.0330978 0.0099541 0.127922
0 0.967128 0.466261 0.0432366 0.0170828 0.127236
0 0.0126849 0.771873 0.0242153 0.014743 0.123786
0 0.293817 0.439568 0.051441 0.0217102 0.123306
0 0.0532389 0.320556 0.0494088 0.019418 0.122972
0 0.991341 0.849955 0.0171315 0.0138555 0.122942
0 0.860923 0.667008 0.0375547 0.010915 0.121774
0 0.435037 0.752773 0.0503976 0.017885 0.117692
0 0.632137 0.614883 0.0353109 0.0122305 0.116875
0 0.440127 0.997896 0.0477191 0.00420803 0.114213
0 0.650299 0.205047 0.0464734 0.016776 0.11408
0 0.840491 0.993646 0.0597403 0.0127086 0.112641
0 0.900422 0.861901 0.0515541 0.0206524 0.112155
0 0.702055 0.0046928 0.0377432 0.00916072 0.110047
0 0.513592 0.74005 0.0476705 0.0203939 0.10856
0 0.00908424 0.891597 0.0177843 0.014936 0.106791
0 0.890711 0.644816 0.0370438 0.0117065 0.104879
0 0.985571 0.526211 0.0277595 0.0153359 0.104155
0 0.0993275 0.918079 0.0469722 0.0169651 0.103243
0 0.833993 0.992371 0.0595104 0.0149067 0.102453
0 0.775416 0.027366 0.0470907 0.0187094 0.101406
0 0.822066 0.873952 0.0464862 0.0169363 0.101075
0 0.462863 0.357293 0.051067 0.0187346 0.100714
