0 0.329245 0.692394 0.0261271 0.0455623 0.674382
0 0.594185 0.0735262 0.0253401 0.0462823 0.672667
0 0.875147 0.442282 0.0275183 0.054166 0.670815
0 0.408811 0.701181 0.023678 0.0388182 0.670485
0 0.484435 0.0538088 0.0194063 0.0407422 0.668707
0 0.801888 0.292686 0.0247004 0.0471381 0.667006
0 0.792308 0.134157 0.0217336 0.0397303 0.665631
0 0.594396 0.0211698 0.0249204 0.0413686 0.660124
0 0.181258 0.440016 0.0331814 0.0548389 0.659006
0 0.267423 0.553527 0.0225674 0.0385902 0.65861
0 0.0443236 0.511838 0.0212171 0.0370741 0.657482
0 0.521154 0.212815 0.0194363 0.037948 0.65596
0 0.750517 0.129611 0.0204587 0.0380742 0.655379
0 0.0279852 0.260879 0.0223662 0.0401426 0.655035
0 0.038913 0.450528 0.0207006 0.0408183 0.653751
0 0.121124 0.591957 0.0212807 0.0366395 0.651704
0 0.357435 0.659124 0.0218323 0.0370385 0.64905
0 0.478269 0.107909 0.0215446 0.0363667 0.640451
0 0.925057 0.241405 0.0135595 0.0354873 0.63875
0 0.92068 0.935983 0.0246273 0.0402009 0.637756
0 0.44864 0.430638 0.019602 0.037452 0.6376
0 0.828025 0.575361 0.0239281 0.0441532 0.636891
0 0.396262 0.905128 0.0149227 0.0339335 0.635322
0 0.679791 0.778142 0.0227449 0.038956 0.634636
0 0.111576 0.412221 0.0195975 0.0343526 0.634367
0 0.051539 0.391174 0.023682 0.0469862 0.632997
0 0.905261 0.122624 0.0205212 0.0363707 0.632164
0 0.387944 0.623299 0.0228062 0.033433 0.629892
0 0.21381 0.685677 0.0236041 0.0409935 0.628879
0 0.412023 0.801369 0.0157385 0.0276744 0.626783
0 0.886235 0.602134 0.0286781 0.0552234 0.62479
0 0.751586 0.321115 0.0209816 0.0349836 0.624745
0 0.563212 0.0542103 0.0228004 0.041249 0.624226
0 0.930353 0.522425 0.0174583 0.0312029 0.623188
0 0.587093 0.94695 0.0185636 0.0350698 0.623074
0 0.25125 0.671802 0.0169217 0.0379214 0.623048
0 0.729485 0.963075 0.0218128 0.0407379 0.620202
0 0.329974 0.527096 0.0212597 0.0342918 0.619239
0 0.870495 0.893912 0.0189783 0.0367981 0.619089
0 0.906835 0.0784332 0.0158184 0.0296855 0.618118
0 0.622108 0.614145 0.0233992 0.0441904 0.61753
0 0.992029 0.170607 0.015942 0.0379235 0.617486
0 0.183991 0.244826 0.0193177 0.0378156 0.616756
0 0.117026 0.650138 0.0143571 0.0351039 0.616388
0 0.160964 0.359486 0.0205733 0.0333437 0.615955
0 0.886438 0.291201 0.0203201 0.0384539 0.613392
0 0.794557 0.888147 0.0201475 0.0377126 0.613218
0 0.688903 0.10993 0.0210849 0.0339157 0.612819
0 0.531311 0.034174 0.0206353 0.0429443 0.61264
0 0.404118 0.850213 0.0190262 0.029855 0.612259
0 0.425855 0.0391169 0.0187071 0.0349068 0.611888
0 0.727333 0.362237 0.0225672 0.0381996 0.610209
0 0.615794 0.269621 0.0136742 0.0276125 0.608972
0 0.787656 0.0486519 0.0168269 0.0301521 0.603494
0 0.0271615 0.0172552 0.0206263 0.0340741 0.602498
0 0.155779 0.499739 0.0244662 0.0473133 0.602496
0 0.326653 0.764702 0.0149324 0.0356113 0.602356
0 0.120267 0.47667 0.0193314 0.0405828 0.602085
0 0.704464 0.33165 0.0190645 0.034749 0.601713
0 0.792374 0.0902093 0.0179989 0.0333506 0.601602
0 0.0689047 0.146416 0.0198457 0.0359225 0.6004
0 0.379591 0.369192 0.0223385 0.0380634 0.597474
0 0.389006 0.503186 0.0206224 0.0388034 0.597133
0 0.499528 0.965828 0.0170794 0.0294952 0.596789
0 0.971556 0.567617 0.0254529 0.0435997 0.596732
0 0.114057 0.114817 0.0162763 0.0305787 0.594144
0 0.61123 0.643337 0.0115545 0.0271683 0.591438
0 0.339668 0.892142 0.0236658 0.0407645 0.591164
0 0.764394 0.196834 0.0163316 0.0306241 0.590659
0 0.930274 0.611798 0.0207718 0.0381989 0.590632
0 0.643431 0.131226 0.0272928 0.037234 0.590618
0 0.0903218 0.380374 0.0137987 0.0297752 0.590398
0 0.728197 0.283725 0.0157272 0.0316913 0.586754
0 0.131671 0.337755 0.0191179 0.0304643 0.586319
0 0.528807 0.936964 0.0209994 0.040623 0.584999
0 0.073538 0.433114 0.0218317 0.0383533 0.584439
0 0.551332 0.554977 0.0148205 0.0302839 0.583607
0 0.476345 0.239274 0.0181507 0.0326622 0.582921
0 0.456567 0.860504 0.0161654 0.0250675 0.582215
0 0.390103 0.968461 0.0157185 0.0338604 0.580482
0 0.733212 0.595177 0.0306335 0.052274 0.579786
0 0.551138 0.237214 0.0126589 0.0239774 0.57797
0 0.849695 0.506158 0.0172794 0.0308492 0.577709
0 0.755196 0.0677869 0.0209335 0.0386377 0.576305
0 0.15609 0.316341 0.0135897 0.0283801 0.576005
0 0.53983 0.178968 0.0235292 0.0514764 0.575513
0 0.00757131 0.0251515 0.015014 0.0427178 0.574554
0 0.00864406 0.420916 0.0169791 0.0364136 0.574543
0 0.585749 0.260101 0.0188499 0.0306172 0.573706
0 0.676214 0.320748 0.0201166 0.0355647 0.573613
0 0.0951337 0.474287 0.0174924 0.0351635 0.573558
0 0.495045 0.916821 0.024589 0.036971 0.572964
0 0.162298 0.0572314 0.0246336 0.042393 0.57204
0 0.52506 0.530046 0.0158032 0.0350848 0.571639
0 0.454507 0.174345 0.0162073 0.0285741 0.571015
0 0.679768 0.160807 0.0138584 0.0247608 0.570981
0 0.728816 0.145048 0.0156113 0.030101 0.56923
0 0.092067 0.228902 0.0220148 0.0371134 0.566762
0 0.947491 0.352758 0.0261387 0.0422469 0.566227
0 0.415335 0.625433 0.0155972 0.0299383 0.565449
0 0.798665 0.0161897 0.020715 0.0319909 0.563455
0 0.652257 0.874745 0.0158006 0.0280396 0.562726
0 0.768885 0.282638 0.026903 0.0385973 0.562341
0 0.240423 0.537798 0.016297 0.0329215 0.562189
0 0.742391 0.195336 0.0196747 0.035764 0.561533
0 0.640292 0.477058 0.017572 0.0317823 0.561488
0 0.937039 0.178111 0.0210125 0.0329902 0.561371
0 0.227459 0.833561 0.0145283 0.0250854 0.561093
0 0.499987 0.605846 0.0156116 0.0306822 0.560056
0 0.334364 0.63203 0.0216902 0.0429759 0.559562
0 0.328783 0.945011 0.0147444 0.0283417 0.558095
0 0.586158 0.512313 0.01873 0.0415039 0.557582
0 0.500565 0.758465 0.016764 0.0302795 0.55728
0 0.576897 0.752505 0.0141201 0.0356194 0.555817
0 0.490053 0.0103041 0.0210453 0.0204092 0.555669
0 0.480635 0.551945 0.0180691 0.0333025 0.555532
0 0.160346 0.682417 0.029048 0.0489292 0.555186
0 0.97749 0.965099 0.0204647 0.0337217 0.554076
0 0.0676375 0.295199 0.0177184 0.0337162 0.552307
0 0.124437 0.234845 0.0218493 0.0404269 0.552228
0 0.6196 0.48456 0.00965023 0.0350584 0.551621
0 0.809962 0.650699 0.0199017 0.032134 0.550471
0 0.713361 0.0177233 0.0251088 0.034956 0.549346
0 0.343349 0.737424 0.0160601 0.0386481 0.546425
0 0.598767 0.698146 0.0202045 0.027073 0.546325
0 0.686093 0.555366 0.0239225 0.0482161 0.545023
0 0.557187 0.337821 0.0130665 0.0342051 0.543823
0 0.612478 0.382811 0.0156363 0.0280116 0.543656
0 0.65531 0.451939 0.0156587 0.0275274 0.542664
0 0.685316 0.0261068 0.0287293 0.0376083 0.54155
0 0.461319 0.752462 0.019417 0.0290622 0.540837
0 0.363827 0.797537 0.019306 0.0375971 0.540372
0 0.744655 0.79817 0.0192354 0.0394562 0.539267
0 0.558255 0.901251 0.0179386 0.0355703 0.538876
0 0.278988 0.683731 0.0186779 0.0344649 0.538793
0 0.503456 0.166112 0.0182841 0.040545 0.538365
0 0.542157 0.591348 0.0151569 0.0248472 0.536976
0 0.0160182 0.666588 0.0261054 0.0465812 0.533854
0 0.771988 0.237954 0.0159548 0.0299886 0.533389
0 0.310456 0.728337 0.0151081 0.027655 0.530632
0 0.106004 0.277029 0.0248172 0.035827 0.529527
0 0.401318 0.756058 0.0238192 0.0495974 0.528254
0 0.980436 0.501299 0.0228168 0.0347048 0.528185
0 0.899078 0.188135 0.0197994 0.0330041 0.527601
0 0.679918 0.471383 0.0207612 0.0351347 0.526849
0 0.681299 0.976367 0.0178398 0.0325451 0.526363
0 0.799386 0.426568 0.0250821 0.040441 0.525511
0 0.207485 0.463144 0.0210459 0.0363371 0.524123
0 0.689085 0.293281 0.0144623 0.0261106 0.523862
0 0.980073 0.233847 0.0209221 0.0314633 0.521988
0 0.673672 0.419696 0.0173725 0.0323495 0.52141
0 0.618017 0.346426 0.0152625 0.0263103 0.520915
0 0.564656 0.308788 0.0140251 0.0272901 0.520116
0 0.0560171 0.425591 0.014855 0.029588 0.519057
0 0.416804 0.114022 0.0170847 0.0289858 0.51897
0 0.185794 0.523504 0.0274983 0.0485059 0.5182
0 0.625716 0.527404 0.0135288 0.0315782 0.517262
0 0.504062 0.350339 0.0173311 0.0317091 0.515047
0 0.3626 0.734155 0.017094 0.0300969 0.514028
0 0.934698 0.286051 0.0197599 0.0329698 0.513586
0 0.449533 0.0606496 0.0194843 0.0321761 0.513204
0 0.797457 0.51617 0.0293569 0.0519987 0.51154
0 0.0533785 0.635635 0.0162023 0.0343467 0.511432
0 0.826951 0.483988 0.0196037 0.0357976 0.511266
0 0.465537 0.690274 0.0151299 0.0280385 0.510526
0 0.633204 0.256817 0.015128 0.0238638 0.510305
0 0.97396 0.266927 0.0159302 0.0292632 0.509577
0 0.574359 0.707021 0.0186861 0.0363964 0.507544
0 0.829201 0.436728 0.0193188 0.0377755 0.507055
0 0.610982 0.978262 0.0157082 0.0344862 0.500292
0 0.754899 0.415197 0.0193344 0.0322774 0.4986
0 0.992209 0.2944 0.0155821 0.0278017 0.497292
0 0.148345 0.614647 0.0233689 0.03573 0.496153
0 0.745837 0.374771 0.0156187 0.0318793 0.496071
0 0.26129 0.717742 0.0190053 0.0321598 0.49579
0 0.256967 0.85156 0.0239246 0.0322502 0.494987
0 0.466099 0.476515 0.0178547 0.0305359 0.494941
0 0.179328 0.812353 0.0202377 0.0467109 0.494092
0 0.304872 0.254183 0.025812 0.045669 0.492129
0 0.577811 0.172898 0.0132075 0.0211002 0.491905
0 0.222249 0.52996 0.0195045 0.0410884 0.49189
0 0.413514 0.325425 0.0160456 0.0293137 0.491041
0 0.0081083 0.61518 0.0159183 0.0372651 0.487624
0 0.273656 0.752815 0.0169818 0.0344293 0.487463
0 0.527957 0.984936 0.0241597 0.0289018 0.486843
0 0.648802 0.0373142 0.018552 0.0328474 0.486569
0 0.672946 0.921014 0.0165413 0.0314209 0.486258
0 0.706841 0.29624 0.0161469 0.0258365 0.485834
0 0.18508 0.70234 0.0200874 0.0434194 0.484931
0 0.240931 0.494608 0.0177624 0.0311923 0.484287
0 0.479577 0.66319 0.0154322 0.0201752 0.483807
0 0.722307 0.469114 0.0158616 0.0282201 0.483584
0 0.751022 0.231333 0.0166248 0.028117 0.482662
0 0.0407315 0.0574606 0.0178213 0.0336732 0.478301
0 0.51765 0.740118 0.0175531 0.032117 0.478294
0 0.951807 0.421739 0.0254987 0.0420547 0.475863
0 0.110487 0.0176429 0.0176789 0.0342064 0.475067
0 0.238979 0.882167 0.0150662 0.0268852 0.4746
0 0.371671 0.579398 0.0195539 0.0277449 0.474299
0 0.00675008 0.183915 0.013333 0.04018 0.472377
0 0.487299 0.519289 0.0204088 0.0244137 0.472302
0 0.383746 0.682768 0.0145771 0.0336581 0.472257
0 0.963967 0.11247 0.0192026 0.0333686 0.471422
0 0.347121 0.927799 0.017635 0.0344649 0.471226
0 0.580026 0.205293 0.0162863 0.0295044 0.470554
0 0.882026 0.380062 0.0200958 0.0338964 0.46875
0 0.814239 0.682648 0.0152987 0.025796 0.468406
0 0.500511 0.786539 0.0152802 0.0280056 0.4683
0 0.948063 0.0278996 0.0173119 0.0337478 0.467941
0 0.715332 0.252627 0.0181494 0.0309297 0.467718
0 0.386104 0.787922 0.0109025 0.024051 0.466886
0 0.616818 0.937829 0.0154144 0.0311042 0.466413
0 0.298744 0.556242 0.021373 0.0324944 0.465375
0 0.513086 0.0483961 0.0177027 0.0315565 0.464963
0 0.601219 0.312656 0.0104244 0.0218216 0.464632
0 0.853483 0.588504 0.0220716 0.0409081 0.462613
0 0.594557 0.883679 0.028686 0.042788 0.453363
0 0.79616 0.561031 0.015885 0.0256951 0.451817
0 0.0420013 0.86366 0.0199445 0.0413106 0.451516
0 0.477872 0.369057 0.0287945 0.0484055 0.450861
0 0.0357873 0.748782 0.0191382 0.0347412 0.44998
0 0.58384 0.342032 0.0212818 0.0313631 0.448297
0 0.551062 0.968521 0.0148843 0.0302287 0.446955
0 0.569051 0.237612 0.0161566 0.0244743 0.44662
0 0.709106 0.203818 0.0253462 0.0410989 0.446024
0 0.531277 0.84793 0.0162083 0.0277564 0.443301
0 0.923934 0.141243 0.0199547 0.0335757 0.441822
0 0.947371 0.807811 0.0174723 0.0360908 0.440952
0 0.295799 0.930345 0.0179976 0.0287679 0.440924
0 0.767227 0.166812 0.0150841 0.0269702 0.439879
0 0.786147 0.189093 0.0192514 0.0412597 0.438696
0 0.204906 0.594808 0.0188066 0.0339145 0.436203
0 0.117344 0.833846 0.0152196 0.0379084 0.436149
0 0.653025 0.536608 0.0197186 0.0447054 0.434723
0 0.146289 0.154527 0.0151974 0.0418978 0.433587
0 0.439613 0.806302 0.0155975 0.028766 0.432201
0 0.526026 0.487021 0.016638 0.0295578 0.432151
0 0.184698 0.162328 0.018041 0.0310231 0.431971
0 0.595258 0.668806 0.0253271 0.0316793 0.430601
0 0.495438 0.866673 0.0220093 0.0398348 0.430068
0 0.977246 0.139355 0.0192776 0.0312167 0.429777
0 0.483068 0.716095 0.0191015 0.0313534 0.428492
0 0.995283 0.843367 0.00943489 0.0335147 0.427065
0 0.647632 0.979418 0.0150164 0.0357163 0.426166
0 0.366557 0.83707 0.0188412 0.0290298 0.422769
0 0.588374 0.301727 0.0174614 0.0344178 0.421489
0 0.0259085 0.723155 0.0239458 0.0417292 0.421355
0 0.597988 0.561601 0.0121879 0.0205334 0.420678
0 0.746896 0.28702 0.0138742 0.0250671 0.42063
0 0.18973 0.193663 0.011717 0.0280685 0.420431
0 0.0580717 0.585133 0.0244394 0.0423518 0.420251
0 0.0135958 0.304929 0.0263853 0.0467141 0.419073
0 0.898248 0.330514 0.0167839 0.0262578 0.415168
0 0.99232 0.986218 0.0153595 0.0266285 0.413818
0 0.0374295 0.162534 0.0222585 0.037808 0.413777
0 0.0801204 0.801877 0.0177841 0.0395936 0.413356
0 0.549309 0.279251 0.0195541 0.0329467 0.413003
0 0.65499 0.709406 0.0186457 0.0329759 0.410689
0 0.0959673 0.128722 0.0215514 0.0352737 0.409881
0 0.630434 0.668883 0.0269157 0.0510708 0.407217
0 0.321778 0.814605 0.0198029 0.0309448 0.405725
0 0.700714 0.395302 0.0242721 0.0372143 0.405613
0 0.517647 0.586565 0.0115873 0.0410133 0.405024
0 0.211161 0.832523 0.0153955 0.0320296 0.404062
0 0.469838 0.840807 0.0130754 0.0235365 0.403227
0 0.991841 0.0148837 0.0163172 0.0286301 0.401684
0 0.470964 0.792348 0.0127808 0.0288437 0.401324
0 0.116828 0.696849 0.0141435 0.0252975 0.400554
0 0.757209 0.75525 0.0156265 0.0266198 0.400476
0 0.149744 0.553515 0.0274557 0.0442269 0.399738
0 0.345512 0.417802 0.013564 0.0267263 0.399632
0 0.258979 0.915683 0.0156242 0.0266937 0.399024
0 0.19111 0.862747 0.0198269 0.03122 0.396997
0 0.602769 0.235494 0.0153879 0.0272363 0.3928
0 0.600999 0.599743 0.0102367 0.0404486 0.392314
0 0.376999 0.536724 0.024279 0.0393238 0.390427
0 0.451025 0.613457 0.0263041 0.0505222 0.389766
0 0.243215 0.942212 0.016698 0.0384745 0.388805
0 0.641159 0.316566 0.013083 0.0295556 0.388674
0 0.56368 0.641374 0.0194354 0.034582 0.387055
0 0.60398 0.14813 0.0192989 0.0333104 0.386324
0 0.065354 0.954855 0.0143813 0.0290688 0.386298
0 0.993133 0.452962 0.0137347 0.0277412 0.385331
0 0.956492 0.518286 0.0202206 0.0373627 0.383405
0 0.383192 0.863059 0.0155458 0.0299764 0.383151
0 0.906768 0.219699 0.0166843 0.0300875 0.382381
0 0.305352 0.76037 0.0113915 0.0280653 0.381913
0 0.0231705 0.795416 0.0202701 0.038042 0.380743
0 0.537992 0.885858 0.0168118 0.0294169 0.380319
0 0.248375 0.626453 0.0122828 0.0331312 0.379643
0 0.87175 0.549776 0.0266554 0.0457134 0.379309
0 0.0899731 0.912181 0.0252838 0.0397325 0.378595
0 0.38125 0.940029 0.0179497 0.0258973 0.378141
0 0.83623 0.52959 0.0186424 0.0259035 0.377888
0 0.0699902 0.108379 0.014016 0.0238146 0.377363
0 0.732155 0.429629 0.0232941 0.0483537 0.377147
0 0.625019 0.019521 0.0209147 0.0370061 0.375143
0 0.0950969 0.81733 0.0133438 0.0355345 0.373039
0 0.284843 0.893445 0.0215045 0.0371405 0.372455
0 0.985824 0.62236 0.0283514 0.0620729 0.371692
0 0.901032 0.373787 0.0144196 0.0274061 0.369231
0 0.656573 0.095152 0.0160604 0.0273974 0.368523
0 0.554752 0.680381 0.0146825 0.0295511 0.368488
0 0.310619 0.533864 0.010307 0.0242104 0.366021
0 0.646389 0.578025 0.0130413 0.0250088 0.365115
0 0.527373 0.659711 0.0116404 0.0311267 0.364685
0 0.794588 0.508291 0.0312367 0.0483569 0.364661
0 0.816357 0.071481 0.0169328 0.0275166 0.362467
0 0.0794144 0.749304 0.0168384 0.0345904 0.361335
0 0.274493 0.624287 0.0187692 0.0293028 0.361217
0 0.971946 0.306814 0.017429 0.0300957 0.360835
0 0.0596866 0.227504 0.0239977 0.0341502 0.360226
0 0.132884 0.71765 0.017262 0.0300227 0.359882
0 0.245261 0.0878757 0.0165424 0.0269059 0.359844
0 0.214209 0.633999 0.0226971 0.037301 0.359563
0 0.621444 0.732122 0.0126685 0.0280711 0.357742
0 0.128874 0.916658 0.0287768 0.0543945 0.356919
0 0.225844 0.77216 0.0241984 0.0343472 0.356439
0 0.944853 0.24302 0.0220352 0.035745 0.354159
0 0.359418 0.961569 0.0119093 0.0242772 0.352581
0 0.566412 0.132507 0.0137949 0.0285208 0.352127
0 0.450528 0.214806 0.0212267 0.0339647 0.351525
0 0.113435 0.975918 0.0154267 0.0305525 0.350774
0 0.429687 0.953239 0.017766 0.0343514 0.350147
0 0.593943 0.436522 0.0128684 0.0211217 0.348788
0 0.363748 0.84078 0.0237279 0.0393792 0.347464
0 0.698631 0.150978 0.0188229 0.0386076 0.347426
0 0.987921 0.929792 0.0195107 0.0307621 0.347264
0 0.996283 0.0929529 0.00743427 0.0291141 0.346739
0 0.247539 0.587909 0.0192244 0.0289561 0.346698
0 0.716862 0.540159 0.0297262 0.0735891 0.346308
0 0.578602 0.363172 0.0220731 0.0345906 0.345847
0 0.0844818 0.496474 0.0154011 0.0367628 0.34524
0 0.0440348 0.294359 0.0198415 0.0357758 0.342268
0 0.505403 0.700154 0.0191309 0.0247181 0.341441
0 0.595898 0.388454 0.0125999 0.0209142 0.340277
0 0.706491 0.425448 0.0183624 0.032774 0.338699
0 0.130941 0.964113 0.0144515 0.0293972 0.33489
0 0.96777 0.855268 0.0141125 0.0279937 0.334238
0 0.909011 0.0411243 0.0150253 0.0263021 0.333864
0 0.985791 0.874881 0.0201445 0.0389336 0.33243
0 0.652746 0.529506 0.0181589 0.0393283 0.332427
0 0.993028 0.0577742 0.0139435 0.0356564 0.329195
0 0.0881215 0.573713 0.0208915 0.0380025 0.328894
0 0.39021 0.718607 0.0135276 0.0268748 0.327513
0 0.179185 0.333386 0.0199492 0.0303271 0.32693
0 0.541772 0.417876 0.037044 0.0619502 0.326327
0 0.095628 0.700558 0.0204904 0.0345072 0.326261
0 0.645656 0.78635 0.0168976 0.0267873 0.325527
0 0.305377 0.653052 0.0160709 0.0348652 0.323651
0 0.0457047 0.336504 0.0217682 0.0420113 0.322178
0 0.677871 0.357927 0.0166044 0.0282503 0.322176
0 0.140646 0.187332 0.0127609 0.0233854 0.320559
0 0.702588 0.500552 0.0163113 0.0317792 0.318539
0 0.582717 0.597093 0.0180038 0.0408209 0.316161
0 0.309928 0.872444 0.0168664 0.0300741 0.313738
0 0.499784 0.544442 0.0181276 0.0307777 0.312051
0 0.880286 0.215434 0.0196537 0.0335184 0.311991
0 0.331282 0.434851 0.0135696 0.0294111 0.31143
0 0.261491 0.128094 0.0157095 0.0318543 0.311367
0 0.470863 0.417683 0.0127756 0.0253077 0.310654
0 0.383732 0.94269 0.0159314 0.02227 0.309553
0 0.70344 0.465567 0.0140022 0.0278172 0.308961
0 0.661135 0.808253 0.0170912 0.0311405 0.308302
0 0.568864 0.241807 0.0165277 0.0246141 0.3081
0 0.670931 0.504168 0.0135029 0.0255239 0.307702
0 0.515909 0.131437 0.0178278 0.0282935 0.3068
0 0.541795 0.818243 0.0181973 0.03074 0.305995
0 0.387168 0.818411 0.0130814 0.0297255 0.304668
0 0.702069 0.605982 0.0185556 0.02913 0.303402
0 0.441597 0.754957 0.0114077 0.0253311 0.303047
0 0.722029 0.916878 0.0229294 0.0341865 0.302391
0 0.988485 0.735398 0.0204996 0.0327152 0.300146
0 0.715965 0.549096 0.0279921 0.0546152 0.299641
0 0.461527 0.923486 0.0198351 0.0327248 0.299062
0 0.631283 0.52894 0.0177719 0.0332055 0.298866
0 0.546541 0.853648 0.013343 0.0246928 0.298839
0 0.296709 0.612876 0.0160722 0.027043 0.2978
0 0.691408 0.856306 0.0295597 0.033453 0.296861
0 0.422667 0.902838 0.0148726 0.0321081 0.295675
0 0.481469 0.953722 0.0120696 0.0331355 0.295465
0 0.496939 0.48279 0.0177511 0.031759 0.294652
0 0.546628 0.00765095 0.0277824 0.0153019 0.291658
0 0.00849335 0.763311 0.0162064 0.0288018 0.290312
0 0.0960713 0.193953 0.0202227 0.0339355 0.288956
0 0.101402 0.741302 0.0172835 0.0355757 0.288692
0 0.163132 0.191325 0.0159712 0.0156303 0.287474
0 0.982298 0.353674 0.0310314 0.0426873 0.28732
0 0.446969 0.828747 0.0127846 0.027867 0.285832
0 0.691428 0.258483 0.0232851 0.0392567 0.285516
0 0.929129 0.335945 0.012109 0.0242727 0.285064
0 0.939255 0.87815 0.0193405 0.0417664 0.284599
0 0.958717 0.159207 0.0159523 0.0275244 0.283441
0 0.0772491 0.796219 0.023392 0.046582 0.283241
0 0.661605 0.591529 0.0213034 0.0342416 0.282934
0 0.0380615 0.204362 0.0167626 0.0271304 0.282627
0 0.991755 0.449169 0.0164898 0.0345369 0.282507
0 0.622833 0.316142 0.0135382 0.0303163 0.281341
0 0.272735 0.317048 0.0288798 0.0385757 0.281306
0 0.537982 0.309602 0.0123367 0.0160904 0.280582
0 0.241622 0.701805 0.0165625 0.0286948 0.280203
0 0.195959 0.984808 0.0204946 0.0290343 0.279956
0 0.580248 0.35693 0.0252792 0.045748 0.27903
0 0.800895 0.987302 0.0277137 0.0250807 0.278624
0 0.459835 0.643833 0.0139126 0.0286847 0.277587
0 0.480706 0.592993 0.0147932 0.0278932 0.2763
0 0.697347 0.146205 0.0177621 0.0328973 0.274121
0 0.0404428 0.915646 0.0178255 0.0303121 0.272174
0 0.335239 0.35214 0.0189942 0.0373627 0.271808
0 0.599358 0.311451 0.0115971 0.0246455 0.271639
0 0.309812 0.490165 0.0170148 0.0374697 0.270929
0 0.565048 0.492533 0.0170675 0.0297899 0.270403
0 0.611194 0.447704 0.0156095 0.019343 0.270323
0 0.547951 0.965293 0.018766 0.0356049 0.267277
0 0.87555 0.510603 0.0185528 0.0311768 0.26684
0 0.48264 0.16285 0.0167189 0.0275843 0.266785
0 0.976713 0.0774591 0.0222881 0.0387402 0.266731
0 0.21628 0.734148 0.0251099 0.0377289 0.265488
0 0.310552 0.244378 0.0169244 0.02657 0.265177
0 0.311925 0.533476 0.0109299 0.0295001 0.265177
0 0.163142 0.186311 0.0148708 0.0182122 0.264856
0 0.694794 0.195917 0.0152676 0.0288396 0.264627
0 0.287946 0.526295 0.0167472 0.0237859 0.2634
0 0.70047 0.905171 0.0143231 0.0353229 0.262477
0 0.193216 0.742663 0.0168747 0.0337965 0.262289
0 0.0666322 0.845887 0.0182779 0.0409732 0.261632
0 0.218505 0.149472 0.020612 0.0384701 0.261278
0 0.0197441 0.867322 0.0150877 0.0290666 0.260267
0 0.899194 0.242627 0.0187 0.0184514 0.256528
0 0.298748 0.591524 0.0189486 0.0281377 0.256242
0 0.563118 0.513024 0.0163179 0.0185669 0.256026
0 0.0950463 0.692509 0.0212512 0.0374716 0.254583
0 0.921669 0.370741 0.0157167 0.031055 0.25449
0 0.569636 0.272475 0.0106905 0.0255963 0.252526
0 0.00426622 0.946209 0.00847444 0.0302999 0.250913
0 0.976242 0.75322 0.0224499 0.0354336 0.250487
0 0.581821 0.349988 0.0237034 0.0452138 0.250254
0 0.993914 0.059207 0.0121717 0.0287516 0.250161
0 0.433964 0.956916 0.0269843 0.0454489 0.249688
0 0.786106 0.818271 0.0308361 0.0405418 0.249146
0 0.47711 0.190115 0.019924 0.0288233 0.248783
0 0.529501 0.0941092 0.0219235 0.0396473 0.245093
0 0.463459 0.141898 0.0146391 0.0212967 0.244574
0 0.296747 0.828719 0.0164383 0.0310018 0.242914
0 0.594129 0.753302 0.0186853 0.0408925 0.242654
0 0.9924 0.434787 0.0152006 0.0611798 0.242505
0 0.510604 0.261667 0.0151886 0.0276662 0.241451
0 0.396563 0.584255 0.0161313 0.0234877 0.23925
0 0.688698 0.427145 0.0108261 0.0246475 0.237075
0 0.664898 0.677289 0.0155506 0.0347483 0.237063
0 0.0669169 0.289036 0.0203081 0.0458818 0.236794
0 0.377604 0.906265 0.0153507 0.0242995 0.236327
0 0.0885505 0.659042 0.0161862 0.0254349 0.236079
0 0.268707 0.447671 0.0190737 0.0328679 0.236049
0 0.0824413 0.493616 0.0190088 0.0410754 0.233618
0 0.659236 0.806143 0.0195902 0.0375014 0.233264
0 0.599274 0.186432 0.0148256 0.0248258 0.233103
0 0.926975 0.816939 0.0230515 0.0325016 0.232964
0 0.504061 0.822597 0.0155535 0.0337216 0.229778
0 0.446835 0.239116 0.0202211 0.0241743 0.227908
0 0.269075 0.315288 0.0232207 0.0374007 0.226991
0 0.0716633 0.392012 0.0149861 0.0208859 0.226075
0 0.810572 0.929191 0.0332582 0.0576219 0.225936
0 0.526072 0.694322 0.0172085 0.0293578 0.225884
0 0.706345 0.151904 0.0132602 0.0245334 0.224942
0 0.667962 0.890025 0.00960884 0.0253228 0.224366
0 0.0193026 0.577693 0.0199408 0.0302989 0.223698
0 0.10715 0.558862 0.0155209 0.0260093 0.222587
0 0.553808 0.615831 0.0145821 0.0220001 0.222106
0 0.0818176 0.0720913 0.029071 0.0434403 0.221991
0 0.184622 0.0511206 0.0183432 0.0350839 0.221878
0 0.947292 0.324623 0.0238056 0.031123 0.221805
0 0.361844 0.728692 0.018761 0.0392612 0.221418
0 0.685109 0.855283 0.0187054 0.031067 0.220489
0 0.701804 0.959299 0.0220717 0.0356761 0.220456
0 0.656862 0.288764 0.0241681 0.0355799 0.220379
0 0.612907 0.109144 0.0159176 0.0294013 0.219325
0 0.660417 0.355494 0.015235 0.0273012 0.218674
0 0.983857 0.86974 0.0175831 0.0325485 0.218466
0 0.97128 0.266024 0.019022 0.0314957 0.218009
0 0.0431429 0.341102 0.021064 0.0356814 0.21762
0 0.32952 0.84272 0.0212945 0.0320201 0.217303
0 0.318151 0.98642 0.0195466 0.02447 0.217083
0 0.621131 0.693266 0.0119371 0.0217827 0.216539
0 0.442382 0.675485 0.0138975 0.0320067 0.216054
0 0.123297 0.192149 0.0174512 0.0282873 0.215956
0 0.607184 0.152467 0.0149782 0.0266 0.21542
0 0.453136 0.607163 0.0239962 0.0409388 0.214191
0 0.479695 0.295796 0.0142886 0.0306213 0.213933
0 0.700808 0.148971 0.0202801 0.0297766 0.2135
0 0.665367 0.256329 0.0141233 0.0245455 0.213302
0 0.49839 0.656483 0.0196283 0.0367163 0.212867
0 0.712858 0.824653 0.0163832 0.0340152 0.212628
0 0.43666 0.300342 0.014621 0.0310821 0.21188
0 0.015661 0.532269 0.0202287 0.0273244 0.211724
0 0.834284 0.43707 0.0299732 0.0458178 0.210874
0 0.775174 0.949699 0.0215649 0.0295912 0.210812
0 0.70499 0.0797148 0.0165381 0.0253672 0.210238
0 0.096961 0.813754 0.0153657 0.0346042 0.20942
0 0.56911 0.573393 0.0163141 0.029873 0.209231
0 0.319128 0.912605 0.0120257 0.0303114 0.208959
0 0.96865 0.185111 0.013834 0.0304646 0.208136
0 0.625642 0.574018 0.0158587 0.0290066 0.207867
0 0.800625 0.518847 0.0241704 0.044438 0.207048
0 0.386509 0.684584 0.0140092 0.0305413 0.206459
0 0.140095 0.778905 0.0154113 0.0330031 0.206107
0 0.921322 0.276351 0.0142673 0.0260357 0.204804
0 0.506294 0.302271 0.0159131 0.0233858 0.20426
0 0.139806 0.859437 0.0227738 0.0347019 0.2009
0 0.726941 0.587174 0.0197801 0.0393366 0.199481
0 0.560106 0.905803 0.018094 0.03129 0.198108
0 0.128559 0.2945 0.0148789 0.0306421 0.197662
0 0.90035 0.416361 0.0170609 0.0266552 0.197406
0 0.468077 0.791529 0.0142597 0.0314129 0.197055
0 0.483824 0.440118 0.0119877 0.0258523 0.195827
0 0.982586 0.209928 0.0182903 0.0226587 0.194624
0 0.43352 0.297169 0.0194103 0.0364306 0.193777
0 0.471481 0.446493 0.00885067 0.0236883 0.193349
0 0.0400628 0.87084 0.022606 0.048351 0.192561
0 0.0275939 0.36695 0.0167625 0.0311454 0.191945
0 0.55962 0.708251 0.00832062 0.0228298 0.191549
0 0.465178 0.282381 0.0164654 0.0280367 0.191376
0 0.103464 0.611426 0.0110653 0.0234338 0.191278
0 0.945736 0.23526 0.0266064 0.0508948 0.190131
0 0.275442 0.645528 0.015973 0.0195886 0.18892
0 0.562117 0.636999 0.0227732 0.0411181 0.187739
0 0.183737 0.301781 0.0189758 0.029991 0.187725
0 0.920469 0.848369 0.0178434 0.0246117 0.187574
0 0.563847 0.867258 0.0159718 0.0278622 0.187239
0 0.279809 0.796752 0.0142473 0.035002 0.187219
0 0.598865 0.883895 0.0235395 0.0411299 0.186547
0 0.460123 0.791897 0.0150814 0.0349484 0.186542
0 0.460543 0.14078 0.0163887 0.0232287 0.185966
0 0.0115525 0.311438 0.0230209 0.0535227 0.184964
0 0.360942 0.96178 0.0118197 0.0279836 0.183877
0 0.246883 0.749503 0.0187079 0.0350132 0.18357
0 0.26541 0.953677 0.0241021 0.0354577 0.183008
0 0.597767 0.564238 0.0142069 0.0198593 0.182729
0 0.433483 0.986353 0.0259115 0.0259467 0.182722
0 0.703228 0.656143 0.0253441 0.036318 0.182196
0 0.308875 0.48294 0.0167643 0.0345521 0.181998
0 0.790542 0.501797 0.0236252 0.0366766 0.181018
0 0.703441 0.149926 0.0162917 0.0336082 0.180936
0 0.321808 0.636713 0.0143566 0.035946 0.180378
0 0.53877 0.723391 0.0195834 0.0383443 0.179105
0 0.452459 0.0054593 0.0220484 0.0107155 0.178912
0 0.766199 0.0930795 0.0120844 0.028815 0.17812
0 0.429166 0.541387 0.0195268 0.03452 0.178087
0 0.606146 0.21335 0.0158169 0.0259364 0.177979
0 0.220974 0.770134 0.0329834 0.0339162 0.176943
0 0.692932 0.689096 0.0271647 0.0376074 0.176452
0 0.382293 0.752674 0.0079587 0.0194071 0.175978
0 0.62701 0.191986 0.00949173 0.0194333 0.175274
0 0.114183 0.918885 0.013839 0.0383489 0.175207
0 0.601007 0.476106 0.0187258 0.0347617 0.175154
0 0.773585 0.105077 0.0137952 0.0265939 0.17475
0 0.454829 0.25129 0.0144702 0.0291081 0.173698
0 0.632956 0.674254 0.0245918 0.0593427 0.173389
0 0.144565 0.260682 0.021286 0.0297826 0.172808
0 0.569495 0.923403 0.0151344 0.0256383 0.171976
0 0.641898 0.197938 0.0187632 0.0192558 0.171878
0 0.143354 0.102179 0.0180102 0.033963 0.171837
0 0.736528 0.0269475 0.0181993 0.0251283 0.171753
0 0.282607 0.327245 0.0218187 0.0391845 0.171257
0 0.503977 0.385157 0.0143144 0.0247472 0.170967
0 0.0213995 0.214609 0.0121125 0.0189767 0.168635
0 0.299016 0.790827 0.0162701 0.0289307 0.167841
0 0.194815 0.124159 0.0188787 0.0344211 0.167166
0 0.642514 0.949494 0.0146431 0.0223284 0.16689
0 0.827189 0.0166346 0.0197815 0.0320098 0.166687
0 0.532446 0.776387 0.0248284 0.0396699 0.166183
0 0.643729 0.17567 0.0181599 0.0257369 0.165516
0 0.947012 0.336076 0.0247606 0.0538988 0.164675
0 0.994849 0.092411 0.0103014 0.0299326 0.164657
0 0.636476 0.688319 0.0165707 0.0352013 0.164515
0 0.623144 0.688038 0.016133 0.0258681 0.164142
0 0.760336 0.37845 0.0117097 0.026169 0.163744
0 0.0581391 0.181954 0.0120374 0.0195166 0.163076
0 0.0380633 0.152779 0.0216807 0.0468246 0.162967
0 0.0310349 0.106194 0.0178874 0.0322653 0.162551
0 0.930374 0.338737 0.0125107 0.0275344 0.162348
0 0.0309481 0.835818 0.0147099 0.0194099 0.162087
0 0.299963 0.987106 0.0133831 0.0214132 0.161749
0 0.567619 0.271444 0.0127588 0.0261396 0.160764
0 0.0609874 0.909169 0.0211025 0.0383301 0.159991
0 0.126054 0.554353 0.0171297 0.0264126 0.159453
0 0.662197 0.357272 0.0138147 0.0326087 0.159438
0 0.470448 0.618437 0.00972519 0.0278537 0.158902
0 0.309285 0.497454 0.0155096 0.0267919 0.158759
0 0.063761 0.891643 0.0181088 0.0325374 0.1583
0 0.530507 0.784722 0.0227612 0.0302144 0.158005
0 0.979519 0.0816805 0.0200242 0.0334273 0.156813
0 0.377299 0.910459 0.016526 0.0210371 0.155921
0 0.944223 0.768537 0.0188625 0.0312276 0.155862
0 0.440544 0.34697 0.0179028 0.0348807 0.155832
0 0.563508 0.507548 0.0172888 0.0172093 0.15581
0 0.361457 0.308885 0.0186457 0.0298748 0.155777
0 0.694898 0.853106 0.0274988 0.0340907 0.155588
0 0.276867 0.634678 0.0149421 0.0352295 0.1545
0 0.242709 0.801688 0.0217852 0.0370722 0.154369
0 0.092606 0.0342484 0.0176701 0.0303374 0.154077
0 0.609946 0.849521 0.0110935 0.0289034 0.153833
0 0.228469 0.771902 0.0204258 0.0276299 0.153456
0 0.603653 0.231565 0.0194135 0.0342773 0.152933
0 0.251515 0.810227 0.0106399 0.0278802 0.152929
0 0.464656 0.324297 0.0147672 0.029321 0.152645
0 0.451294 0.247867 0.0201631 0.0303062 0.151635
0 0.716764 0.169514 0.0103111 0.0176186 0.151054
0 0.0666951 0.713983 0.0227132 0.0199378 0.150915
0 0.0314296 0.744058 0.0244795 0.0403576 0.150228
0 0.0284611 0.731295 0.0272242 0.0497381 0.149556
0 0.268274 0.50274 0.0232032 0.0422396 0.149271
0 0.768482 0.0961433 0.0163218 0.0350581 0.14912
0 0.142195 0.853444 0.0236951 0.0394067 0.148641
0 0.0975416 0.706398 0.0185759 0.0278727 0.1486
0 0.443371 0.755762 0.0101929 0.0237257 0.147867
0 0.592167 0.306691 0.0171969 0.0304365 0.147436
0 0.0620572 0.90051 0.0227216 0.044852 0.146701
0 0.0699847 0.636308 0.00962193 0.0306603 0.145876
0 0.183348 0.596436 0.0254234 0.0475379 0.144808
0 0.983575 0.741349 0.0218361 0.0409963 0.14392
0 0.523484 0.806845 0.0121681 0.0170135 0.143688
0 0.473319 0.620048 0.0125839 0.0254702 0.143663
0 0.682755 0.853299 0.0144499 0.0283446 0.143164
0 0.612611 0.90956 0.0202795 0.0303965 0.143128
0 0.0643868 0.841436 0.0222744 0.0459303 0.142871
0 0.216906 0.768365 0.0283452 0.0297982 0.141507
0 0.481288 0.636795 0.0134203 0.0305654 0.140882
0 0.30929 0.731531 0.016264 0.0238593 0.139632
0 0.599415 0.60092 0.0120529 0.0455942 0.139498
0 0.444206 0.782466 0.0113194 0.0228889 0.139184
0 0.550899 0.280069 0.0155781 0.0285031 0.138871
0 0.339063 0.986463 0.00878442 0.0247181 0.13882
0 0.280025 0.424138 0.0186561 0.0264397 0.13834
0 0.43889 0.870582 0.0142816 0.0266859 0.137983
0 0.59764 0.75505 0.0241209 0.0422601 0.137885
0 0.657307 0.638133 0.0245668 0.0418727 0.137812
0 0.986633 0.615384 0.0265587 0.0456731 0.137691
0 0.317124 0.915057 0.0120831 0.0329505 0.137443
0 0.499736 0.646443 0.0174806 0.0272909 0.137058
0 0.00382242 0.38192 0.0075994 0.0308546 0.136462
0 0.721755 0.780256 0.0255533 0.0419434 0.136249
0 0.910313 0.306444 0.015414 0.0244791 0.135557
0 0.10285 0.74355 0.013501 0.0357761 0.135047
0 0.47185 0.616336 0.0117659 0.0303277 0.134872
0 0.497069 0.60586 0.0187111 0.0321774 0.134832
0 0.444615 0.823334 0.015303 0.0284112 0.134568
0 0.684765 0.299684 0.0117006 0.0277841 0.134469
0 0.533334 0.565182 0.0109291 0.0229849 0.134011
0 0.297707 0.609342 0.0192254 0.0317978 0.133916
0 0.309893 0.53071 0.0125593 0.0242657 0.133554
0 0.575831 0.701154 0.014588 0.0355145 0.133513
0 0.622586 0.0713319 0.0188417 0.0350952 0.133416
0 0.635818 0.684123 0.0197455 0.0420078 0.133283
0 0.640505 0.359382 0.0138018 0.0311971 0.132971
0 0.466969 0.844374 0.0103037 0.0196509 0.132867
0 0.804247 0.595419 0.0180098 0.0376143 0.132313
0 0.0398422 0.141519 0.0161439 0.0274541 0.132238
0 0.0710442 0.00760919 0.0235821 0.0145874 0.131591
0 0.765748 0.191205 0.0170444 0.0394257 0.131027
0 0.66367 0.956719 0.0164321 0.023613 0.130937
0 0.126146 0.237249 0.0160843 0.0317744 0.130882
0 0.49809 0.650015 0.0194841 0.0356276 0.130587
0 0.21099 0.217198 0.016774 0.0289758 0.129567
0 0.277214 0.321616 0.0320833 0.0412689 0.129285
0 0.483721 0.520457 0.0208587 0.0250743 0.128599
0 0.00637669 0.815777 0.0107658 0.0275197 0.128525
0 0.296451 0.552248 0.0203283 0.0350069 0.128139
0 0.201654 0.634836 0.0149503 0.0340084 0.128025
0 0.133863 0.102409 0.0100515 0.0318337 0.127713
0 0.540961 0.726853 0.0185552 0.0431525 0.127587
0 0.00252984 0.117109 0.00505968 0.0493878 0.127576
0 0.757933 0.0750148 0.0186178 0.0318743 0.127525
0 0.28941 0.530873 0.0187563 0.0247651 0.127128
0 0.183453 0.654744 0.0113335 0.0240995 0.126977
0 0.57573 0.835581 0.0148932 0.0217745 0.12667
0 0.28125 0.802773 0.0161926 0.0244168 0.126664
0 0.975027 0.0316223 0.013546 0.0249507 0.126194
0 0.402533 0.749958 0.0239712 0.0407135 0.126091
0 0.612397 0.91421 0.0197472 0.0247486 0.125873
0 0.539605 0.887654 0.0132088 0.0252916 0.125795
0 0.113154 0.787348 0.0141662 0.0305951 0.125213
0 0.924351 0.20214 0.0127258 0.0246043 0.125047
0 0.393857 0.817429 0.0171171 0.0300439 0.124493
0 0.643745 0.00664785 0.0221968 0.0131887 0.12446
0 0.513758 0.877113 0.0147711 0.0338767 0.123936
0 0.926202 0.200358 0.0109079 0.0245735 0.123149
0 0.567016 0.952358 0.0125238 0.021592 0.12287
0 0.0920441 0.0309538 0.0150101 0.0286926 0.122714
0 0.00364103 0.230961 0.00725158 0.0272695 0.122632
0 0.468966 0.616923 0.0102495 0.0307183 0.122236
0 0.125432 0.37701 0.0167751 0.0275218 0.121927
0 0.156284 0.981297 0.0159343 0.0352224 0.121775
0 0.188274 0.191005 0.0157767 0.0285528 0.121165
0 0.305985 0.50355 0.013475 0.0182034 0.121159
0 0.487151 0.866137 0.0126768 0.0327287 0.120993
0 0.201793 0.0847612 0.0178096 0.0319044 0.120955
0 0.638022 0.691286 0.0147116 0.0293624 0.120828
0 0.143863 0.155323 0.019024 0.0373283 0.120808
0 0.947003 0.318819 0.0212193 0.0226334 0.120431
0 0.589175 0.650261 0.0143505 0.0262686 0.120373
0 0.628315 0.858995 0.0175479 0.0256514 0.120247
0 0.234802 0.577056 0.0116188 0.0260289 0.119528
0 0.596729 0.685491 0.0241739 0.0456655 0.119047
0 0.725465 0.58319 0.0179396 0.0350589 0.118842
0 0.502011 0.646399 0.0120214 0.0330651 0.118411
0 0.454833 0.635811 0.0212751 0.0301239 0.118236
0 0.669721 0.891022 0.0100281 0.0271284 0.117079
0 0.66478 0.155468 0.008225 0.0207139 0.117021
0 0.234164 0.57388 0.0132007 0.0248388 0.116978
0 0.524027 0.481542 0.0201607 0.04189 0.116953
0 0.383428 0.68097 0.019815 0.035958 0.116841
0 0.448675 0.242069 0.0216609 0.0222404 0.116813
0 0.686504 0.423933 0.0092303 0.0300749 0.116027
0 0.690054 0.949281 0.00822735 0.0265692 0.115693
0 0.203556 0.175879 0.0143066 0.0248541 0.115634
0 0.985848 0.820183 0.0173734 0.0313499 0.115582
0 0.00693105 0.326877 0.0134504 0.0264721 0.11523
0 0.127014 0.531291 0.029826 0.054412 0.115001
0 0.563139 0.311566 0.0141953 0.0236953 0.114704
0 0.919921 0.367577 0.0143414 0.0317161 0.114365
0 0.664838 0.842131 0.0152674 0.0267554 0.114191
0 0.53255 0.270916 0.0140311 0.0248305 0.113646
0 0.561318 0.865508 0.0170835 0.0275269 0.113588
0 0.231674 0.575127 0.00737362 0.0256724 0.113224
0 0.419346 0.581739 0.0135547 0.024175 0.113211
0 0.697414 0.503777 0.0110743 0.0325476 0.111933
0 0.442236 0.783598 0.0136076 0.0211405 0.111784
0 0.270695 0.751526 0.017325 0.0354546 0.111692
0 0.708585 0.154109 0.0103018 0.0287182 0.11165
0 0.499272 0.659479 0.0183639 0.0264219 0.111602
0 0.5806 0.603265 0.0195337 0.0414675 0.111475
0 0.91956 0.00778454 0.0319431 0.0154425 0.11104
0 0.654535 0.406401 0.0130915 0.0205712 0.110866
0 0.0804891 0.537118 0.010935 0.0230231 0.11068
0 0.518486 0.59141 0.0114632 0.0440807 0.109795
0 0.62234 0.0743213 0.014957 0.0297197 0.109445
0 0.53529 0.569245 0.0124504 0.0186023 0.109395
0 0.745138 0.659041 0.016784 0.0231177 0.109284
0 0.61333 0.847436 0.00997613 0.0305391 0.108913
0 0.996341 0.773715 0.00731761 0.037203 0.108644
0 0.639552 0.363019 0.0196117 0.0330488 0.108575
0 0.667309 0.21872 0.0115402 0.034144 0.108466
0 0.715231 0.570452 0.0228241 0.0294577 0.108466
0 0.732216 0.423621 0.0210007 0.0392251 0.108288
0 0.432762 0.99081 0.0234158 0.0175632 0.107807
0 0.974005 0.749962 0.0226572 0.0404 0.107744
0 0.527557 0.788535 0.0179217 0.0235297 0.107508
0 0.754566 0.0340601 0.015102 0.0219851 0.107082
0 0.250341 0.588024 0.0159612 0.0262355 0.106551
0 0.198102 0.635899 0.0163098 0.0308671 0.106489
0 0.00450231 0.859188 0.00889383 0.0249023 0.106358
0 0.104412 0.739687 0.0141242 0.0342689 0.106021
0 0.117837 0.692748 0.0174275 0.0310689 0.105745
0 0.112717 0.699462 0.0135636 0.0271116 0.105389
0 0.328455 0.441472 0.0191658 0.0247637 0.105207
0 0.379027 0.454691 0.0172919 0.0297785 0.10467
0 0.763963 0.0924503 0.0154762 0.0270041 0.104122
0 0.569628 0.263775 0.0124425 0.0243212 0.103648
0 0.0357577 0.555699 0.019481 0.0318925 0.103441
0 0.711716 0.56798 0.0183367 0.0311691 0.103418
0 0.243826 0.148552 0.0182818 0.0301782 0.103343
0 0.642376 0.200251 0.0165855 0.0178613 0.103239
0 0.652648 0.543693 0.0195052 0.0285422 0.102934
0 0.981723 0.21331 0.0192911 0.019966 0.102287
0 0.137498 0.663275 0.0147193 0.0310336 0.101908
0 0.988903 0.535617 0.0180004 0.0286082 0.101785
0 0.502916 0.605541 0.0188056 0.0322601 0.10159
0 0.126801 0.379829 0.0152364 0.0231912 0.101159
0 0.215387 0.0403933 0.0151507 0.031456 0.100137
