0 0.0089163 0.331719 0.0178326 0.0424093 0.702835
0 0.415828 0.498667 0.0234384 0.0416705 0.70237
0 0.735467 0.629657 0.0238251 0.0421007 0.701981
0 0.441538 0.491984 0.0215593 0.0432745 0.700487
0 0.616543 0.551132 0.0251968 0.0364536 0.700016
0 0.29374 0.50188 0.0258833 0.0477771 0.698043
0 0.507371 0.948612 0.0307627 0.0576362 0.697554
0 0.405912 0.679117 0.0281837 0.0487828 0.691087
0 0.482051 0.268177 0.0311642 0.064392 0.690933
0 0.505223 0.404107 0.0286018 0.0562432 0.688671
0 0.219585 0.38901 0.0201779 0.0332446 0.688633
0 0.376409 0.260284 0.0190389 0.0332655 0.688626
0 0.454896 0.649342 0.0222147 0.0429946 0.687819
0 0.537187 0.0919886 0.0228933 0.0484981 0.687165
0 0.613041 0.87889 0.0213144 0.0329958 0.686333
0 0.79647 0.695266 0.0273823 0.0480043 0.685842
0 0.599959 0.446381 0.0236841 0.0352422 0.684551
0 0.538983 0.693762 0.0228401 0.0425959 0.684083
0 0.405144 0.447389 0.0274084 0.0549863 0.682655
0 0.415158 0.565097 0.0249834 0.0521596 0.682018
0 0.415413 0.629163 0.0259352 0.0467914 0.681689
0 0.0711822 0.0822592 0.0231906 0.0386099 0.679872
0 0.423592 0.396675 0.0234272 0.0405153 0.6767
0 0.249039 0.257442 0.0273637 0.0462174 0.674251
0 0.356331 0.439981 0.0248474 0.0396263 0.674106
0 0.342226 0.771841 0.0258093 0.0391635 0.673977
0 0.476252 0.32875 0.0314932 0.0585263 0.669078
0 0.605421 0.63268 0.024936 0.0381223 0.668816
0 0.100536 0.308635 0.0192903 0.0336772 0.668685
0 0.0936866 0.405424 0.0229182 0.0409407 0.667693
0 0.539185 0.585727 0.0270569 0.048328 0.663195
0 0.167968 0.566109 0.0205876 0.0358097 0.65983
0 0.0697422 0.546655 0.0195302 0.0369913 0.658873
0 0.688334 0.889287 0.0212616 0.0315233 0.658782
0 0.67464 0.715199 0.0192539 0.041135 0.658498
0 0.189042 0.953744 0.0269925 0.045803 0.657826
0 0.742444 0.577713 0.0331333 0.0475671 0.65658
0 0.565588 0.260854 0.0236005 0.0443861 0.655005
0 0.619728 0.602554 0.0231865 0.0396571 0.650895
0 0.465415 0.0330345 0.0277897 0.0470874 0.649818
0 0.188566 0.247567 0.0212663 0.0439385 0.649212
0 0.134342 0.819849 0.0213081 0.032468 0.64918
0 0.695876 0.844028 0.0206692 0.0331139 0.647233
0 0.00691103 0.591371 0.0138221 0.0458223 0.646518
0 0.741849 0.208929 0.0206301 0.0361602 0.646405
0 0.37875 0.310068 0.0237116 0.0408055 0.646145
0 0.722131 0.740949 0.0200548 0.034032 0.645666
0 0.0548297 0.0498718 0.0243364 0.0457136 0.645574
0 0.593269 0.670805 0.0192757 0.037591 0.644335
0 0.368587 0.512027 0.0218864 0.0345256 0.64371
0 0.718487 0.839449 0.0181792 0.0352812 0.643266
0 0.673359 0.858427 0.0192528 0.0294125 0.641963
0 0.0950876 0.559684 0.0150605 0.0300511 0.641702
0 0.667232 0.524581 0.0169827 0.0266447 0.641477
0 0.569361 0.0170044 0.0190105 0.033246 0.641449
0 0.536503 0.137115 0.0257738 0.0322506 0.641353
0 0.858107 0.984907 0.0221487 0.0291667 0.640106
0 0.253526 0.448099 0.0290521 0.0492757 0.639751
0 0.0186277 0.898309 0.0293412 0.0330305 0.638205
0 0.534773 0.385433 0.0195114 0.0308056 0.637836
0 0.318907 0.533198 0.0227818 0.0405623 0.636409
0 0.616872 0.910967 0.0176821 0.0241543 0.636344
0 0.784874 0.0380947 0.0230923 0.0448754 0.636058
0 0.095372 0.955622 0.0208005 0.0394694 0.636014
0 0.777171 0.59216 0.0202761 0.0336264 0.634476
0 0.43703 0.605837 0.0187868 0.0314411 0.633251
0 0.187027 0.706697 0.017248 0.0311572 0.633058
0 0.156746 0.825805 0.0190254 0.0310252 0.632302
0 0.415665 0.934005 0.0237005 0.0449371 0.632166
0 0.775501 0.875154 0.0176899 0.0303348 0.631469
0 0.842385 0.277721 0.0247578 0.0388055 0.629128
0 0.269076 0.203059 0.0188586 0.0294809 0.626159
0 0.46743 0.430001 0.0196573 0.0307014 0.62593
0 0.452267 0.799451 0.0299816 0.0578356 0.624875
0 0.573914 0.217849 0.0158454 0.0298632 0.624638
0 0.274213 0.817016 0.0233763 0.0440264 0.62432
0 0.677581 0.765652 0.018222 0.0329088 0.624128
0 0.736862 0.886713 0.0146159 0.0215285 0.624043
0 0.801462 0.0735882 0.0208431 0.0356646 0.623831
0 0.166243 0.524715 0.0210463 0.0323029 0.623123
0 0.604879 0.73354 0.0196316 0.0278541 0.622645
0 0.377666 0.464439 0.0159191 0.0253862 0.621963
0 0.617328 0.487233 0.0178289 0.0271045 0.621943
0 0.16577 0.72553 0.0178018 0.0322923 0.618679
0 0.808568 0.0178595 0.0192738 0.0310228 0.617738
0 0.678148 0.43181 0.0236006 0.0429411 0.616459
0 0.670925 0.807906 0.0178524 0.0284505 0.615484
0 0.569674 0.669433 0.0181882 0.0308398 0.613398
0 0.38988 0.750315 0.0267537 0.0425434 0.612491
0 0.716111 0.91611 0.020649 0.0312975 0.612487
0 0.106126 0.852634 0.0190768 0.0296648 0.612201
0 0.855066 0.840258 0.0175457 0.0320613 0.609907
0 0.529732 0.427237 0.0174892 0.0304303 0.609746
0 0.537069 0.0145436 0.0193058 0.0285216 0.609086
0 0.736611 0.259193 0.0150887 0.0339988 0.60893
0 0.66792 0.247651 0.032938 0.0575931 0.607942
0 0.0730765 0.304514 0.0199429 0.037098 0.607901
0 0.675367 0.0137908 0.0184755 0.027088 0.607573
0 0.0373849 0.857688 0.0222111 0.0423981 0.60736
0 0.0917773 0.890148 0.0315018 0.0467953 0.607242
0 0.0197088 0.817358 0.0181626 0.0340337 0.606942
0 0.590485 0.106915 0.0187126 0.0320012 0.606639
0 0.693453 0.797384 0.0235599 0.0531339 0.604934
0 0.745866 0.744518 0.0248571 0.0446804 0.604107
0 0.178157 0.76356 0.0181679 0.0359514 0.603248
0 0.49157 0.678297 0.0191021 0.040829 0.602878
0 0.0458074 0.505766 0.0218289 0.0343077 0.599416
0 0.153023 0.324615 0.0328054 0.0518691 0.598969
0 0.783886 0.452905 0.0257799 0.0471075 0.597737
0 0.55927 0.792601 0.0162028 0.0298832 0.597238
0 0.902363 0.0622285 0.0198315 0.032782 0.59576
0 0.878085 0.713154 0.0238352 0.0470028 0.595182
0 0.694771 0.50846 0.0179508 0.0299463 0.594344
0 0.852025 0.506061 0.0197979 0.0338608 0.593157
0 0.197433 0.411833 0.0272285 0.0460883 0.592231
0 0.633907 0.414084 0.0154662 0.0278416 0.592046
0 0.764425 0.354185 0.0198835 0.0375833 0.591722
0 0.717081 0.373332 0.0212484 0.0350142 0.590926
0 0.050166 0.12274 0.0220797 0.037933 0.590616
0 0.748271 0.86477 0.020723 0.032979 0.590316
0 0.0662809 0.264354 0.021042 0.0387131 0.589907
0 0.758429 0.896211 0.0162891 0.0236957 0.588678
0 0.678169 0.644091 0.0174061 0.0255252 0.588529
0 0.406514 0.135689 0.0287725 0.0468152 0.58464
0 0.217337 0.457759 0.0166861 0.0335906 0.584229
0 0.442575 0.174559 0.0205759 0.0405193 0.583854
0 0.139091 0.919541 0.0178311 0.0316947 0.583091
0 0.653808 0.4065 0.0187452 0.0345308 0.582961
0 0.65458 0.783029 0.017783 0.0249942 0.581862
0 0.0284533 0.347249 0.017942 0.0338886 0.581511
0 0.31899 0.0685849 0.0281506 0.046825 0.58028
0 0.458134 0.269301 0.0169082 0.0293906 0.579434
0 0.492274 0.0132598 0.0242701 0.0259735 0.577346
0 0.0251609 0.0835299 0.0260107 0.0418634 0.576774
0 0.224412 0.0554134 0.016477 0.0285035 0.574832
0 0.8165 0.255809 0.0269321 0.0472169 0.574623
0 0.205472 0.061696 0.0158512 0.0292135 0.573056
0 0.137272 0.0177012 0.0269811 0.0350194 0.568175
0 0.691743 0.609501 0.0165094 0.0261819 0.567009
0 0.00535347 0.39164 0.0106544 0.0418013 0.562802
0 0.554228 0.649239 0.025942 0.0367803 0.561556
0 0.0284926 0.298316 0.0202666 0.0367671 0.560438
0 0.614821 0.985346 0.0244162 0.0291497 0.560089
0 0.644018 0.984641 0.0181705 0.0292752 0.553723
0 0.400824 0.206032 0.0159132 0.0287895 0.552957
0 0.15748 0.62171 0.0127603 0.0353928 0.551782
0 0.918707 0.899111 0.0180431 0.0311137 0.551687
0 0.887411 0.164368 0.0182018 0.037387 0.551025
0 0.342533 0.573885 0.015178 0.0293481 0.550365
0 0.632385 0.350005 0.0204179 0.0309625 0.549471
0 0.0579127 0.623174 0.0245235 0.0436973 0.548278
0 0.163799 0.0115296 0.0181391 0.0226191 0.548035
0 0.357656 0.216759 0.0151097 0.0223133 0.548027
0 0.600211 0.84266 0.0234481 0.0399448 0.547356
0 0.0399833 0.707207 0.0147969 0.0300988 0.54677
0 0.857468 0.772602 0.0195045 0.0313348 0.546214
0 0.179835 0.670219 0.0192376 0.0312686 0.545723
0 0.140662 0.581518 0.0189156 0.0295861 0.543847
0 0.559021 0.080912 0.0148724 0.0246268 0.543146
0 0.510357 0.507764 0.012718 0.021707 0.542426
0 0.643924 0.0759006 0.0277317 0.0444443 0.541807
0 0.19817 0.458684 0.0214449 0.0359975 0.541306
0 0.858912 0.050179 0.0221523 0.0456566 0.540477
0 0.70465 0.252219 0.0165122 0.0295976 0.539733
0 0.745383 0.338277 0.0171793 0.0331139 0.539101
0 0.0591844 0.856385 0.0135463 0.0285356 0.538945
0 0.367613 0.0271946 0.0189102 0.0326079 0.538569
0 0.106921 0.820062 0.0164142 0.0281935 0.538542
0 0.211707 0.178125 0.0167523 0.0281753 0.532367
0 0.513983 0.61129 0.020579 0.0304748 0.530675
0 0.797437 0.966966 0.0170324 0.0254101 0.530435
0 0.167192 0.424341 0.0192724 0.0344359 0.529937
0 0.579839 0.735149 0.0154728 0.0244558 0.529524
0 0.533874 0.520172 0.0152192 0.0213301 0.526811
0 0.568917 0.10659 0.0148851 0.0280351 0.526638
0 0.132176 0.642579 0.0278677 0.0459482 0.524732
0 0.184922 0.585641 0.0161609 0.0305468 0.524387
0 0.340735 0.496908 0.0220321 0.0386796 0.523249
0 0.782614 0.179043 0.0247828 0.0356768 0.521576
0 0.454532 0.0948008 0.0202779 0.0420004 0.521356
0 0.784482 0.811505 0.0176983 0.0250536 0.519304
0 0.425893 0.0507147 0.0285096 0.0547586 0.518672
0 0.380988 0.223387 0.0167875 0.0270068 0.517123
0 0.984928 0.847938 0.0157215 0.0307136 0.516845
0 0.154549 0.775901 0.0288667 0.0461642 0.516418
0 0.693565 0.40251 0.0171038 0.0294559 0.51546
0 0.870571 0.181966 0.0196102 0.0338708 0.515216
0 0.208028 0.628267 0.0192678 0.0337715 0.515169
0 0.829025 0.530793 0.0202641 0.039296 0.51346
0 0.0485811 0.959971 0.0279138 0.0516574 0.511392
0 0.850836 0.705624 0.0200275 0.0323316 0.511079
0 0.946759 0.893444 0.0319084 0.0519769 0.510944
0 0.945981 0.780105 0.0178715 0.0339172 0.507704
0 0.531334 0.777435 0.0191799 0.0322971 0.504492
0 0.777044 0.963595 0.0127834 0.0209718 0.501516
0 0.949592 0.945938 0.0165025 0.0239326 0.500359
0 0.639966 0.864032 0.0283616 0.0397369 0.499146
0 0.829413 0.721582 0.0199856 0.0323832 0.498664
0 0.0506234 0.893761 0.0237866 0.0340986 0.497355
0 0.64155 0.223072 0.0286531 0.0479266 0.491311
0 0.549346 0.21949 0.0139842 0.0216693 0.490808
0 0.793482 0.530687 0.0246824 0.036706 0.490181
0 0.901917 0.0149161 0.0220557 0.0295 0.490005
0 0.653982 0.327268 0.0195385 0.0350881 0.485802
0 0.277012 0.727143 0.0242793 0.0496436 0.484193
0 0.619766 0.696568 0.0215698 0.0329319 0.482169
0 0.874004 0.552231 0.0198697 0.0352195 0.477884
0 0.100665 0.688719 0.022936 0.036781 0.477761
0 0.128738 0.885411 0.0203224 0.033238 0.476415
0 0.077776 0.195823 0.0298033 0.046279 0.475555
0 0.0984744 0.353007 0.0222304 0.0406167 0.475355
0 0.639897 0.947313 0.016792 0.0355808 0.474261
0 0.583847 0.313729 0.0143855 0.03028 0.473296
0 0.802723 0.652314 0.0186619 0.0278763 0.472845
0 0.916961 0.945409 0.0196529 0.0327236 0.471653
0 0.25932 0.863782 0.0160583 0.0250073 0.469574
0 0.11072 0.598926 0.013101 0.0262642 0.46704
0 0.711164 0.072271 0.0175936 0.0264401 0.46577
0 0.97778 0.878968 0.0224667 0.0311504 0.465568
0 0.814207 0.62795 0.0168091 0.0290096 0.465412
0 0.500802 0.578736 0.0260895 0.0493987 0.465376
0 0.055089 0.81002 0.0120223 0.0292935 0.463342
0 0.432886 0.769098 0.0186037 0.0333491 0.461692
0 0.450081 0.577564 0.0143654 0.0246767 0.461688
0 0.497668 0.723509 0.0219732 0.0333584 0.460536
0 0.853933 0.744241 0.0187498 0.0296021 0.460306
0 0.523633 0.213511 0.0225079 0.0359422 0.459902
0 0.726352 0.490401 0.01771 0.0314418 0.457796
0 0.0485361 0.571924 0.0182776 0.0346927 0.456215
0 0.656255 0.371396 0.0183497 0.0347094 0.45617
0 0.517586 0.343142 0.0234868 0.0391058 0.454836
0 0.0445334 0.669793 0.0204494 0.0343604 0.454569
0 0.859019 0.252785 0.0155619 0.0317646 0.454546
0 0.371133 0.353687 0.0376307 0.0487698 0.454194
0 0.438233 0.011798 0.0265913 0.0235959 0.453102
0 0.316292 0.636759 0.0192128 0.0365628 0.449653
0 0.891687 0.116026 0.0209974 0.0352717 0.448657
0 0.888419 0.785787 0.0213879 0.0391161 0.446918
0 0.816055 0.0946792 0.0127056 0.0238575 0.445489
0 0.494938 0.632408 0.0166658 0.0306277 0.443392
0 0.337583 0.615202 0.0277746 0.0432001 0.443171
0 0.0730043 0.932348 0.0218303 0.0416803 0.442345
0 0.538328 0.311205 0.0208683 0.0378366 0.442004
0 0.51188 0.688577 0.0197895 0.0356034 0.437234
0 0.784921 0.174006 0.025963 0.042146 0.435244
0 0.0438451 0.746396 0.0152601 0.0344157 0.43462
0 0.209229 0.526452 0.0331061 0.0532753 0.433597
0 0.880005 0.0165368 0.0178467 0.0315119 0.428729
0 0.757125 0.790245 0.0200491 0.0293033 0.428045
0 0.585479 0.0660556 0.0179625 0.0284426 0.427923
0 0.138172 0.538379 0.0160229 0.0306196 0.426476
0 0.778644 0.12938 0.0178285 0.0305751 0.424828
0 0.837788 0.0414296 0.021572 0.0378837 0.420993
0 0.604325 0.297916 0.0241605 0.0412298 0.418981
0 0.479404 0.73509 0.0175216 0.0315306 0.416666
0 0.0943977 0.267338 0.0206754 0.035176 0.416175
0 0.11854 0.93132 0.0203795 0.0282698 0.415261
0 0.0281011 0.152498 0.0193881 0.0373068 0.412554
0 0.0759261 0.509256 0.013309 0.0247377 0.411516
0 0.836341 0.956689 0.0155109 0.022559 0.410691
0 0.151971 0.404339 0.0274426 0.0602044 0.409609
0 0.0246121 0.0207163 0.0221591 0.0406888 0.408633
0 0.822774 0.0618513 0.0164728 0.025297 0.406905
0 0.575401 0.310533 0.0243371 0.0335776 0.403151
0 0.993383 0.707149 0.0132343 0.0966103 0.396034
0 0.920149 0.798719 0.0300598 0.0457001 0.395828
0 0.764879 0.932084 0.0130821 0.0229058 0.395648
0 0.0378977 0.267451 0.0177008 0.0281826 0.391729
0 0.668325 0.60545 0.0173531 0.033519 0.389912
0 0.493661 0.211318 0.016069 0.0270718 0.389505
0 0.424634 0.109315 0.0189863 0.0375731 0.387298
0 0.545734 0.354101 0.0186392 0.0318907 0.385772
0 0.0957149 0.763502 0.0133457 0.0306702 0.383889
0 0.0508602 0.369364 0.0245069 0.0433021 0.383599
0 0.741542 0.377089 0.0170422 0.0296432 0.383241
0 0.871857 0.807896 0.0220272 0.0374488 0.382954
0 0.789311 0.307838 0.017074 0.0323274 0.382865
0 0.39333 0.0471984 0.0250878 0.0472673 0.381605
0 0.56211 0.338366 0.0129744 0.0238184 0.380116
0 0.25586 0.834802 0.0189968 0.0306471 0.379981
0 0.617202 0.793787 0.0153692 0.0275102 0.378286
0 0.863378 0.94671 0.0144093 0.016549 0.377118
0 0.818558 0.130295 0.0141055 0.0251451 0.375214
0 0.912889 0.86612 0.0268879 0.0419698 0.373737
0 0.779834 0.912234 0.0159275 0.0225045 0.371595
0 0.902157 0.727118 0.0155476 0.0304494 0.370373
0 0.834465 0.328223 0.019664 0.0403627 0.366358
0 0.477299 0.67016 0.01213 0.0224635 0.364648
0 0.913978 0.761758 0.0205881 0.0316759 0.363999
0 0.826703 0.660474 0.0199926 0.0345018 0.359855
0 0.316153 0.723548 0.0187105 0.0346792 0.359334
0 0.341692 0.611725 0.0255753 0.0416135 0.358592
0 0.803541 0.866502 0.0131866 0.0194736 0.357251
0 0.580694 0.312674 0.0191954 0.0312013 0.356978
0 0.0723552 0.584725 0.0173732 0.0245209 0.355345
0 0.817786 0.794312 0.0157312 0.0250241 0.353199
0 0.0230738 0.955485 0.0191352 0.0321715 0.352811
0 0.906503 0.0661714 0.0181273 0.0340959 0.351705
0 0.730159 0.0432428 0.0240077 0.0315205 0.351647
0 0.769929 0.988667 0.0147184 0.0212377 0.351617
0 0.00755125 0.038348 0.0150228 0.0434858 0.351161
0 0.749721 0.126837 0.0220576 0.045737 0.350891
0 0.291374 0.676701 0.0194863 0.0334462 0.350792
0 0.133813 0.766401 0.0131698 0.0277398 0.347351
0 0.571256 0.309263 0.0178543 0.033175 0.345097
0 0.747445 0.942141 0.0207484 0.0335224 0.343833
0 0.942878 0.891327 0.024921 0.0472222 0.343232
0 0.12097 0.57908 0.015263 0.0311694 0.34266
0 0.813324 0.477019 0.0207298 0.0374096 0.341763
0 0.906802 0.463235 0.037611 0.0690642 0.337716
0 0.866463 0.140258 0.0175602 0.0281089 0.337237
0 0.127287 0.691455 0.0203779 0.0364638 0.337197
0 0.0949803 0.351339 0.0282608 0.0441945 0.335095
0 0.643894 0.0109206 0.0277388 0.0218413 0.334257
0 0.505539 0.472074 0.0180759 0.0310757 0.333884
0 0.0103692 0.124706 0.0198028 0.0352546 0.330351
0 0.759208 0.517002 0.0206134 0.0349951 0.3299
0 0.553603 0.469423 0.017325 0.0288592 0.324187
0 0.144115 0.729255 0.0190484 0.0333638 0.322494
0 0.471628 0.693002 0.0148619 0.0289936 0.321792
0 0.957778 0.836413 0.0291904 0.0588183 0.321468
0 0.420339 0.218906 0.0189695 0.0318464 0.320023
0 0.70224 0.951418 0.0184521 0.0333004 0.319373
0 0.376881 0.355379 0.0270876 0.0463917 0.319164
0 0.1316 0.76386 0.0136143 0.0300696 0.31779
0 0.160856 0.2216 0.0357278 0.0681808 0.317286
0 0.818859 0.945406 0.0135071 0.0245283 0.317239
0 0.805885 0.301235 0.0173599 0.0319908 0.315914
0 0.827264 0.716645 0.0230316 0.0382527 0.313601
0 0.381961 0.187991 0.018785 0.0387789 0.312721
0 0.351178 0.710611 0.0218866 0.0394172 0.312242
0 0.375859 0.0913782 0.0136311 0.0263497 0.311058
0 0.886451 0.750481 0.0190176 0.0311118 0.310991
0 0.741938 0.51003 0.0188392 0.0385713 0.310747
0 0.25655 0.772827 0.0172359 0.0293462 0.31036
0 0.697791 0.751078 0.0169754 0.0305934 0.307877
0 0.0299649 0.290993 0.0180996 0.0348869 0.307552
0 0.306098 0.0241027 0.0295822 0.0473862 0.306664
0 0.018271 0.253821 0.0169692 0.0303048 0.304745
0 0.880983 0.928704 0.0210659 0.0285295 0.304719
0 0.637087 0.826527 0.0167604 0.0233931 0.303094
0 0.155546 0.496782 0.0188668 0.0237299 0.30297
0 0.310609 0.759365 0.0219402 0.0425703 0.301053
0 0.0700192 0.657498 0.0176543 0.0308082 0.299389
0 0.830847 0.0945046 0.01521 0.0289928 0.299251
0 0.850608 0.107767 0.0261248 0.0461518 0.298967
0 0.761813 0.654044 0.0236354 0.0440243 0.297155
0 0.805653 0.924114 0.0178794 0.0311887 0.296907
0 0.65836 0.751508 0.0249962 0.0369063 0.293809
0 0.762762 0.140611 0.011785 0.0267081 0.293274
0 0.793982 0.614028 0.0131971 0.028618 0.291864
0 0.898329 0.69374 0.0138355 0.0290542 0.290772
0 0.611933 0.23471 0.015609 0.0358954 0.290009
0 0.249015 0.738095 0.0123033 0.0273794 0.287979
0 0.828936 0.657356 0.0182438 0.0296815 0.287398
0 0.395335 0.179451 0.0141512 0.0259397 0.286706
0 0.915346 0.79912 0.0244679 0.043458 0.286315
0 0.764445 0.401444 0.0179548 0.0344833 0.285231
0 0.78045 0.788971 0.0163938 0.0237233 0.284541
0 0.336441 0.731409 0.0218953 0.0459363 0.283755
0 0.679086 0.951247 0.0238836 0.035844 0.282057
0 0.652906 0.702489 0.014814 0.0216472 0.279886
0 0.152349 0.680627 0.0151528 0.0254383 0.276393
0 0.566631 0.15608 0.0141301 0.0216157 0.272057
0 0.0397903 0.921086 0.0157296 0.017315 0.26966
0 0.870894 0.553813 0.0238829 0.0387642 0.267847
0 0.754406 0.439993 0.0132469 0.0272427 0.267265
0 0.159136 0.778661 0.0211241 0.0401025 0.267215
0 0.975062 0.910209 0.0154346 0.0265361 0.267051
0 0.423956 0.269102 0.0272219 0.0382686 0.266932
0 0.010467 0.218484 0.0201409 0.0296616 0.265438
0 0.835127 0.989689 0.014444 0.0193787 0.265103
0 0.53503 0.740265 0.0296269 0.0381334 0.264759
0 0.520274 0.209981 0.0272837 0.0430134 0.263136
0 0.0184835 0.538234 0.0252802 0.0417175 0.255559
0 0.856605 0.536998 0.0177907 0.0306675 0.25415
0 0.51371 0.013653 0.0169991 0.0272071 0.252824
0 0.449021 0.235126 0.0197821 0.0366899 0.250933
0 0.832254 0.00566312 0.0221799 0.0113262 0.250855
0 0.0742527 0.831335 0.0218717 0.0388133 0.25022
0 0.867897 0.626859 0.0202248 0.0385977 0.248261
0 0.543446 0.490586 0.0213968 0.0280694 0.247747
0 0.853346 0.656669 0.016674 0.0285687 0.247271
0 0.571791 0.502751 0.0146807 0.0233495 0.245997
0 0.524068 0.550798 0.0140219 0.0232669 0.244986
0 0.0360074 0.418435 0.0315946 0.0539402 0.243976
0 0.156211 0.964382 0.0189992 0.0377702 0.243947
0 0.362287 0.352865 0.0244067 0.0452662 0.243845
0 0.772621 0.494143 0.022805 0.0312083 0.243496
0 0.345436 0.02162 0.016618 0.0335984 0.243312
0 0.709467 0.207789 0.0240675 0.0476094 0.240909
0 0.761525 0.664401 0.0232782 0.0300062 0.240351
0 0.715221 0.485929 0.0152726 0.0333674 0.238566
0 0.736498 0.795311 0.0163458 0.0247025 0.238457
0 0.714203 0.41736 0.0159627 0.0272281 0.23769
0 0.467547 0.566511 0.0205633 0.0372779 0.23644
0 0.81015 0.191115 0.0205359 0.0403905 0.234612
0 0.389322 0.181982 0.0234551 0.0323364 0.233052
0 0.126461 0.69659 0.0195334 0.027737 0.231479
0 0.695172 0.359174 0.016922 0.0380264 0.229477
0 0.818436 0.586836 0.0210415 0.0385591 0.226683
0 0.776496 0.74779 0.0134343 0.0167396 0.22666
0 0.632686 0.94673 0.0278805 0.0401269 0.226172
0 0.215818 0.534155 0.0205735 0.0513813 0.225858
0 0.874951 0.66884 0.0208687 0.0368447 0.224409
0 0.483723 0.532306 0.0257706 0.0468237 0.224194
0 0.255671 0.067122 0.0134277 0.0195727 0.223645
0 0.83214 0.190965 0.0211628 0.0367659 0.222634
0 0.915405 0.0744901 0.0145653 0.0295017 0.222445
0 0.476829 0.670873 0.0144943 0.0281439 0.219051
0 0.704109 0.0076209 0.0218606 0.0149947 0.217333
0 0.767812 0.252701 0.0190659 0.0306335 0.21478
0 0.0866207 0.821934 0.0144817 0.0285136 0.212221
0 0.780145 0.635715 0.0148079 0.0304234 0.209677
0 0.118339 0.52909 0.019326 0.0293774 0.209585
0 0.774624 0.55741 0.0148571 0.022888 0.209528
0 0.343234 0.501187 0.0230233 0.0383357 0.208031
0 0.83437 0.476902 0.0141811 0.0324749 0.208018
0 0.0707725 0.991 0.0265291 0.01767 0.207382
0 0.0176846 0.902228 0.0247689 0.0300496 0.207053
0 0.17325 0.993901 0.0251252 0.0120073 0.205811
0 0.0762679 0.454992 0.0177366 0.0339184 0.205782
0 0.769421 0.288784 0.0172909 0.0293502 0.205397
0 0.761457 0.139015 0.0138329 0.0314395 0.204073
0 0.67367 0.573035 0.0158766 0.0244887 0.203914
0 0.0903705 0.233867 0.0190643 0.0340545 0.201652
0 0.142487 0.780824 0.0126987 0.0294627 0.201295
0 0.0032189 0.781324 0.00642176 0.0337724 0.19853
0 0.15731 0.863051 0.0149146 0.0235658 0.198087
0 0.261631 0.70805 0.0156163 0.0310828 0.196567
0 0.0828874 0.635485 0.0130432 0.0243075 0.195142
0 0.167209 0.933333 0.0151534 0.0221376 0.194681
0 0.652756 0.119878 0.0165445 0.0214384 0.193735
0 0.929842 0.014495 0.0206593 0.0287795 0.193712
0 0.121822 0.947683 0.0217796 0.0325887 0.192021
0 0.841131 0.803374 0.021393 0.0368398 0.191134
0 0.104254 0.470503 0.0232391 0.0487181 0.190387
0 0.991246 0.971412 0.0175081 0.0460854 0.190122
0 0.177142 0.648569 0.0194289 0.0209378 0.19006
0 0.422277 0.264186 0.0311608 0.0471196 0.189026
0 0.808786 0.988708 0.0201275 0.0212155 0.188166
0 0.385511 0.187163 0.0214156 0.0393925 0.187077
0 0.832016 0.00754012 0.0245911 0.0150802 0.185073
0 0.596903 0.342528 0.0125237 0.017922 0.183982
0 0.123619 0.954795 0.0199897 0.0240372 0.183492
0 0.286797 0.774088 0.0180416 0.0217601 0.18074
0 0.0320824 0.414094 0.0237942 0.0490823 0.180454
0 0.571845 0.98826 0.0183071 0.0226499 0.179867
0 0.115541 0.765671 0.0206024 0.0340695 0.1797
0 0.0727573 0.660731 0.0230037 0.0357636 0.17945
0 0.719352 0.609128 0.0117466 0.0167504 0.178472
0 0.637806 0.868558 0.0236981 0.0491899 0.177685
0 0.996008 0.715668 0.0079834 0.0883096 0.177524
0 0.818334 0.0949979 0.0108372 0.0254493 0.176742
0 0.392912 0.181582 0.0178228 0.0320951 0.175267
0 0.909593 0.105621 0.0126984 0.0241782 0.175216
0 0.566735 0.104825 0.0131502 0.0267927 0.174899
0 0.714794 0.54286 0.0158766 0.0219751 0.17484
0 0.737831 0.461133 0.0158091 0.0249486 0.174784
0 0.0485951 0.67046 0.01742 0.0344025 0.17455
0 0.627094 0.944882 0.0202496 0.0380822 0.173481
0 0.0379736 0.630633 0.00990133 0.0282503 0.173376
0 0.580951 0.810005 0.0199097 0.0384272 0.171252
0 0.0664456 0.362003 0.0133265 0.0317266 0.16931
0 0.223341 0.916476 0.0319453 0.0364887 0.169064
0 0.552563 0.0337903 0.0186785 0.0226335 0.169012
0 0.839421 0.684303 0.0122025 0.0294439 0.168323
0 0.0183898 0.732533 0.0175055 0.0321472 0.167081
0 0.0388005 0.797925 0.0187639 0.0353804 0.166815
0 0.445176 0.231722 0.0249315 0.0459007 0.164835
0 0.673766 0.47435 0.0193476 0.0300558 0.164556
0 0.0962677 0.521939 0.0139909 0.0256419 0.164229
0 0.552301 0.0267235 0.0184709 0.0211141 0.163973
0 0.783935 0.399932 0.0175259 0.0317858 0.163935
0 0.622439 0.700355 0.0215964 0.0289355 0.163392
0 0.766235 0.850597 0.0138994 0.0203471 0.16268
0 0.204603 0.0611944 0.0184587 0.0365408 0.162204
0 0.114575 0.769013 0.016976 0.0346934 0.160243
0 0.75874 0.137411 0.0162911 0.0311743 0.159958
0 0.895395 0.0158524 0.0350525 0.0311849 0.159392
0 0.11421 0.636539 0.0111053 0.0272748 0.158967
0 0.0138183 0.541104 0.0265682 0.0368006 0.158744
0 0.133408 0.466936 0.0225731 0.0385672 0.158727
0 0.677506 0.474997 0.0262318 0.0308435 0.158575
0 0.162527 0.781157 0.0165808 0.0337926 0.157923
0 0.836537 0.683075 0.0139999 0.0300438 0.157741
0 0.778847 0.179055 0.0183989 0.0329251 0.15647
0 0.641575 0.0422187 0.0215693 0.0224106 0.156136
0 0.32918 0.0177322 0.0208673 0.0350065 0.155909
0 0.364646 0.0323724 0.018626 0.0288172 0.155855
0 0.825449 0.712445 0.0212469 0.0362362 0.155786
0 0.52656 0.175371 0.0154018 0.0214052 0.154572
0 0.385109 0.185387 0.016709 0.0324756 0.154392
0 0.306459 0.690212 0.0133729 0.0240807 0.154201
0 0.701242 0.443006 0.0148393 0.0327831 0.154144
0 0.889106 0.0162748 0.0354908 0.0315204 0.151572
0 0.880416 0.0835365 0.0180698 0.0313665 0.151017
0 0.153247 0.965977 0.0217082 0.0356075 0.150558
0 0.679466 0.286597 0.0150881 0.0284332 0.150122
0 0.0264432 0.763856 0.0127704 0.0209235 0.150001
0 0.35535 0.173676 0.0213116 0.030084 0.149
0 0.0926224 0.272379 0.0237334 0.0346551 0.148366
0 0.989379 0.173527 0.021243 0.16849 0.148285
0 0.14002 0.778005 0.0125669 0.0322018 0.148279
0 0.991842 0.928527 0.0161984 0.030749 0.147579
0 0.985026 0.966139 0.0205484 0.0385031 0.145727
0 0.490112 0.484587 0.0171979 0.0282981 0.144758
0 0.24122 0.00769703 0.018635 0.0151285 0.144403
0 0.681975 0.195754 0.0161926 0.0243333 0.144073
0 0.971287 0.944647 0.0189837 0.0367923 0.143613
0 0.0949448 0.517609 0.0146311 0.0234294 0.143557
0 0.760637 0.197731 0.0151901 0.0280871 0.143279
0 0.464437 0.610391 0.0206186 0.0329194 0.142344
0 0.0154236 0.251932 0.0191486 0.0356461 0.142267
0 0.0753889 0.663383 0.0215988 0.0331927 0.141741
0 0.00857673 0.982661 0.0168849 0.0322946 0.141733
0 0.238659 0.891586 0.0119178 0.0181478 0.141283
0 0.104696 0.650895 0.0163063 0.0302888 0.141003
0 0.821213 0.704824 0.015963 0.0334888 0.140686
0 0.0736698 0.508376 0.0166806 0.0258024 0.140464
0 0.0813623 0.76462 0.0132217 0.0278578 0.14043
0 0.0199783 0.674451 0.0179101 0.0273376 0.140193
0 0.0594036 0.33463 0.0140163 0.0189128 0.140066
0 0.380278 0.192084 0.0195291 0.0368941 0.139947
0 0.147844 0.781234 0.0207073 0.035743 0.139469
0 0.635684 0.875414 0.0188391 0.0374295 0.139466
0 0.566447 0.156483 0.0168166 0.0262318 0.138737
0 0.725195 0.309341 0.0195906 0.0305768 0.138655
0 0.869692 0.188983 0.0229954 0.0463587 0.137184
0 0.748786 0.291928 0.01643 0.0291467 0.136387
0 0.839483 0.0408202 0.0167919 0.0339861 0.136191
0 0.720509 0.487679 0.0203957 0.0345084 0.135756
0 0.519293 0.547582 0.0174549 0.0230176 0.13473
0 0.164782 0.271349 0.0238757 0.0365033 0.134195
0 0.545365 0.484709 0.0254287 0.0366046 0.133696
0 0.550244 0.474405 0.0222122 0.0388729 0.133506
0 0.475002 0.686659 0.0128483 0.0304907 0.132705
0 0.324807 0.680603 0.0227516 0.0394053 0.131475
0 0.00637644 0.435788 0.0125371 0.0278712 0.13135
0 0.64195 0.0460035 0.0233548 0.0267645 0.128945
0 0.00870472 0.120125 0.017024 0.0404804 0.128916
0 0.817641 0.95157 0.0148159 0.0275106 0.12757
0 0.77915 0.787834 0.0175212 0.0293645 0.12748
0 0.766908 0.501561 0.0191625 0.0343396 0.126951
0 0.475997 0.635739 0.0154485 0.0328469 0.126517
0 0.108199 0.599437 0.015054 0.027686 0.126315
0 0.352558 0.0459013 0.0142918 0.0262753 0.125735
0 0.0321931 0.58734 0.0182371 0.0352142 0.125696
0 0.645306 0.861717 0.0206583 0.0349816 0.124997
0 0.586183 0.0630533 0.0229302 0.0355671 0.124432
0 0.59237 0.261186 0.0224372 0.0358676 0.123759
0 0.00313561 0.251678 0.00622428 0.0350584 0.121423
0 0.0923638 0.617379 0.0185077 0.0296651 0.121078
0 0.835008 0.681166 0.011973 0.0267931 0.1203
0 0.29718 0.705368 0.0165296 0.0307546 0.119634
0 0.546832 0.411474 0.0148777 0.0245654 0.118631
0 0.867238 0.556276 0.0282677 0.0384362 0.118258
0 0.0769569 0.846249 0.0161594 0.0239811 0.118026
0 0.0114042 0.867964 0.0196123 0.0253771 0.117369
0 0.110126 0.730248 0.0152993 0.0268016 0.117166
0 0.114767 0.779233 0.0185023 0.019789 0.116692
0 0.910761 0.7185 0.02368 0.0418911 0.115554
0 0.739089 0.469717 0.0142105 0.020135 0.115136
0 0.0300789 0.223172 0.015033 0.0313695 0.114374
0 0.909121 0.760495 0.0181015 0.0322439 0.114103
0 0.577545 0.507155 0.0235268 0.0276664 0.113796
0 0.11608 0.783131 0.0166459 0.0141025 0.113213
0 0.167318 0.902124 0.0127847 0.0228145 0.112751
0 0.363271 0.0874886 0.0115451 0.0313042 0.112603
0 0.828666 0.0960419 0.0136289 0.0271883 0.112576
0 0.547956 0.2198 0.0175304 0.0265419 0.111451
0 0.121051 0.354102 0.0217119 0.0352445 0.111303
0 0.973592 0.953036 0.0211998 0.0476416 0.110966
0 0.711609 0.419624 0.0144452 0.0243902 0.110725
0 0.708756 0.574408 0.0127449 0.0235396 0.110688
0 0.682755 0.475185 0.0333256 0.0310981 0.11059
0 0.525566 0.278105 0.0236384 0.0192329 0.109585
0 0.235836 0.891026 0.0119897 0.0169244 0.10893
0 0.7852 0.395977 0.0195839 0.0378111 0.108859
0 0.693656 0.0406311 0.0126575 0.0202965 0.108607
0 0.427095 0.112565 0.0160668 0.0404019 0.108566
0 0.100711 0.355889 0.0187991 0.0372094 0.107503
0 0.611033 0.127936 0.0161753 0.0226463 0.107239
0 0.629746 0.193709 0.0259216 0.0308932 0.106894
0 0.981007 0.879746 0.0204369 0.0333038 0.10486
0 0.915814 0.716994 0.0150929 0.0390192 0.104583
0 0.737435 0.454065 0.0159157 0.0289602 0.104548
0 0.242111 0.641857 0.0201756 0.0347465 0.104394
0 0.176612 0.671353 0.0206217 0.0296677 0.104209
0 0.0786035 0.457698 0.0181499 0.0343189 0.103332
0 0.383229 0.139692 0.0119677 0.0270626 0.103307
0 0.768401 0.293977 0.018896 0.0366336 0.103186
0 0.0755689 0.842804 0.0194135 0.031783 0.102202
0 0.880734 0.0912884 0.0193672 0.0360896 0.10176
0 0.30627 0.692402 0.0100532 0.0283858 0.101704
0 0.515901 0.204236 0.0241864 0.0416715 0.101599
0 0.124294 0.403237 0.0282161 0.0507737 0.101524
0 0.125964 0.722851 0.0163713 0.024252 0.101486
0 0.511878 0.607237 0.0235792 0.0345317 0.101427
0 0.55358 0.0343956 0.0176146 0.0312182 0.100819
0 0.165014 0.419948 0.023459 0.0435607 0.100634
0 0.0914704 0.464375 0.0275468 0.0436308 0.100109
