0 0.100293 0.639745 0.0224416 0.0414281 0.699837
0 0.215504 0.414776 0.0262059 0.0435627 0.69525
0 0.258326 0.80395 0.0202952 0.0308617 0.681139
0 0.97189 0.70787 0.0175072 0.0370809 0.680785
0 0.449853 0.83484 0.0235275 0.043693 0.6805
0 0.783934 0.0730036 0.0245213 0.0465646 0.677078
0 0.0732838 0.619545 0.0214981 0.0306103 0.666817
0 0.0381872 0.406461 0.0203703 0.0333788 0.66559
0 0.179287 0.83341 0.0202703 0.0340108 0.663596
0 0.0524485 0.77668 0.02352 0.0383968 0.66316
0 0.0331142 0.363477 0.0185222 0.0322703 0.660426
0 0.0911928 0.687201 0.0229543 0.0392475 0.659639
0 0.546736 0.474512 0.0272375 0.0583949 0.654266
0 0.629771 0.241001 0.0245885 0.0419462 0.653332
0 0.2911 0.140532 0.0202763 0.0383553 0.652407
0 0.113506 0.708085 0.0176968 0.0328766 0.651669
0 0.815212 0.265292 0.024675 0.0484338 0.651168
0 0.170269 0.719044 0.0197383 0.0324982 0.650587
0 0.0928941 0.887353 0.0245553 0.0345405 0.650385
0 0.117302 0.175571 0.0239975 0.0336165 0.650375
0 0.896905 0.0509489 0.0218351 0.0362744 0.650165
0 0.629516 0.0489791 0.0205326 0.0367919 0.649417
0 0.930395 0.0330563 0.0228386 0.0415816 0.648938
0 0.254912 0.0525687 0.0190337 0.0395722 0.64402
0 0.25275 0.347315 0.0298788 0.053383 0.642241
0 0.0746271 0.0757081 0.0246742 0.037421 0.641578
0 0.626555 0.178099 0.0236553 0.0442919 0.640352
0 0.849526 0.788209 0.0225842 0.0479596 0.640104
0 0.842444 0.30616 0.0222561 0.0410138 0.639393
0 0.547434 0.542514 0.0204876 0.042364 0.639228
0 0.650327 0.158755 0.0181219 0.0414947 0.638725
0 0.25543 0.711967 0.020317 0.0357683 0.636198
0 0.617193 0.126268 0.0214325 0.0422897 0.63529
0 0.174291 0.473807 0.0297538 0.0431748 0.635007
0 0.227144 0.0145279 0.016883 0.0281083 0.634959
0 0.987843 0.209584 0.0232454 0.0410723 0.634604
0 0.396625 0.753809 0.0250598 0.0425117 0.633872
0 0.627359 0.538246 0.0185179 0.0364987 0.633857
0 0.857443 0.0892648 0.0175869 0.0331396 0.632704
0 0.287273 0.252681 0.0187359 0.0338429 0.631506
0 0.881951 0.926475 0.0200203 0.0347911 0.630768
0 0.937158 0.869597 0.0170547 0.0303786 0.630121
0 0.505207 0.889602 0.0189693 0.0370134 0.628926
0 0.943344 0.525826 0.0222988 0.0415328 0.626846
0 0.438672 0.779202 0.0186095 0.0339596 0.626228
0 0.797424 0.621476 0.0244518 0.0410386 0.625988
0 0.0606419 0.333403 0.0249066 0.0328927 0.625511
0 0.0822453 0.0382472 0.0192388 0.0301579 0.624936
0 0.990722 0.119224 0.0154873 0.0293738 0.624524
0 0.900401 0.242004 0.0147129 0.0287179 0.623774
0 0.450747 0.578567 0.0250851 0.0427748 0.622769
0 0.121512 0.948912 0.0247287 0.043633 0.622043
0 0.378167 0.62465 0.0204103 0.0461586 0.621723
0 0.171247 0.0209611 0.0223591 0.0328056 0.621225
0 0.796268 0.860343 0.0181467 0.0383053 0.620831
0 0.939551 0.781428 0.0151873 0.0300988 0.619975
0 0.0835261 0.495563 0.0244337 0.0408105 0.619858
0 0.0802152 0.444948 0.0202412 0.0341736 0.618603
0 0.64394 0.703005 0.0167928 0.0356455 0.618573
0 0.78327 0.911706 0.0149615 0.0294474 0.618465
0 0.874641 0.822999 0.0161659 0.0256619 0.617697
0 0.97513 0.521569 0.0186638 0.0313775 0.616805
0 0.287862 0.912061 0.0166593 0.0251655 0.616088
0 0.785011 0.80975 0.0158928 0.0308021 0.614268
0 0.381451 0.354508 0.02735 0.0508805 0.613769
0 0.0537439 0.455713 0.0191823 0.0377467 0.613405
0 0.304935 0.617578 0.0250245 0.0460899 0.612574
0 0.941566 0.0928398 0.015383 0.0305663 0.609941
0 0.664212 0.918431 0.0173117 0.0338183 0.609597
0 0.320664 0.911328 0.0194791 0.027538 0.609198
0 0.337778 0.269322 0.0177116 0.0345632 0.607984
0 0.601153 0.788118 0.012031 0.0265727 0.60649
0 0.424787 0.585649 0.021995 0.0464783 0.606127
0 0.839608 0.674054 0.0146585 0.0285937 0.605841
0 0.972823 0.0329578 0.0144005 0.0277653 0.605554
0 0.0629149 0.832381 0.0233204 0.041605 0.605217
0 0.293305 0.344144 0.026417 0.0313902 0.604867
0 0.593537 0.759268 0.0136265 0.0252228 0.60423
0 0.655344 0.470109 0.0168912 0.0289822 0.6035
0 0.20556 0.853458 0.0266517 0.0268599 0.602362
0 0.969316 0.10353 0.0151947 0.033976 0.601555
0 0.840349 0.63179 0.0167046 0.0317037 0.600029
0 0.188931 0.350672 0.031169 0.0536254 0.598968
0 0.155726 0.586038 0.0222954 0.0311531 0.598317
0 0.267007 0.096398 0.0180996 0.0289228 0.598224
0 0.918929 0.0603427 0.0150005 0.030696 0.598178
0 0.95562 0.939805 0.0179909 0.0329145 0.598152
0 0.683318 0.70309 0.0178232 0.0350633 0.597465
0 0.479558 0.896959 0.0184882 0.0284159 0.597213
0 0.965934 0.848053 0.0165951 0.0310404 0.596908
0 0.948179 0.154457 0.0124174 0.0239576 0.596275
0 0.944563 0.667402 0.0137258 0.0276384 0.595999
0 0.392692 0.501861 0.0199935 0.0352637 0.594443
0 0.901615 0.654595 0.0149967 0.0316677 0.594275
0 0.971883 0.263914 0.0157658 0.0271641 0.59357
0 0.167253 0.21625 0.0221804 0.034401 0.59202
0 0.26544 0.265435 0.0182375 0.037845 0.591526
0 0.900124 0.980606 0.0139189 0.0310045 0.59118
0 0.547998 0.169722 0.0139229 0.0273735 0.590358
0 0.883997 0.586633 0.012014 0.0378508 0.589721
0 0.913028 0.149376 0.0176098 0.0322869 0.589649
0 0.0247049 0.326245 0.0156718 0.025465 0.589377
0 0.038996 0.243498 0.0178985 0.0422421 0.588975
0 0.789319 0.0247809 0.0138224 0.0238516 0.587297
0 0.868047 0.598338 0.017696 0.0305129 0.586334
0 0.627746 0.435743 0.0155401 0.0310063 0.585679
0 0.52982 0.080802 0.0219719 0.0377648 0.585257
0 0.970346 0.47609 0.0246284 0.0385213 0.584988
0 0.152796 0.622962 0.019328 0.0294117 0.584463
0 0.963467 0.137689 0.0165051 0.0278856 0.584233
0 0.954472 0.219618 0.0182751 0.0334019 0.583466
0 0.739945 0.781618 0.0198853 0.0380283 0.5832
0 0.088744 0.732313 0.021077 0.0308217 0.582768
0 0.218042 0.644801 0.0175581 0.0323068 0.582139
0 0.377542 0.904544 0.0224679 0.048242 0.582074
0 0.359265 0.858222 0.0161053 0.0233337 0.581968
0 0.748413 0.964849 0.0208084 0.0300316 0.581225
0 0.724014 0.888014 0.018882 0.034854 0.580681
0 0.852086 0.96935 0.0133453 0.0380954 0.579847
0 0.952392 0.813772 0.0167385 0.0296361 0.578758
0 0.00896985 0.887364 0.016618 0.0205143 0.578501
0 0.241754 0.438247 0.0218257 0.0339627 0.577063
0 0.363729 0.0577782 0.0158569 0.0312896 0.57705
0 0.192242 0.589783 0.0160725 0.0249068 0.576792
0 0.730437 0.710756 0.0209965 0.0333188 0.576421
0 0.677724 0.302571 0.0228027 0.0382146 0.575931
0 0.836129 0.0771268 0.0167161 0.0340661 0.575816
0 0.0161337 0.172538 0.0191977 0.0335421 0.575578
0 0.129049 0.856125 0.0143086 0.0255015 0.574926
0 0.414667 0.673622 0.0134373 0.0250989 0.574344
0 0.439753 0.924886 0.0166189 0.0302509 0.573983
0 0.125362 0.521905 0.0262505 0.0318021 0.572705
0 0.991789 0.381116 0.0161823 0.0333263 0.571453
0 0.314653 0.302567 0.0218071 0.0394085 0.571221
0 0.0395244 0.55235 0.0199741 0.0340524 0.570677
0 0.820131 0.675992 0.0129576 0.0282505 0.570317
0 0.774254 0.386966 0.0167698 0.0324902 0.569954
0 0.779573 0.700734 0.0184491 0.0388732 0.569895
0 0.530764 0.43775 0.0123468 0.0279643 0.569643
0 0.00646312 0.245217 0.0129262 0.0221714 0.569106
0 0.308777 0.973884 0.0176043 0.0328722 0.568079
0 0.628917 0.733873 0.0154476 0.0295609 0.567851
0 0.609711 0.760724 0.0131022 0.0255731 0.567547
0 0.844091 0.592202 0.016153 0.0314026 0.567284
0 0.446719 0.718433 0.0199991 0.0357576 0.566962
0 0.755593 0.819062 0.0190676 0.0339233 0.566147
0 0.304756 0.412088 0.0158847 0.024923 0.565356
0 0.909334 0.0888668 0.0130592 0.027147 0.56534
0 0.352857 0.401485 0.0143637 0.0336775 0.564477
0 0.40392 0.918896 0.0193714 0.0303392 0.564469
0 0.758604 0.766065 0.0139389 0.0272868 0.564449
0 0.00801456 0.657726 0.0130574 0.0240774 0.56382
0 0.408274 0.453585 0.0194213 0.0363936 0.562236
0 0.87447 0.77733 0.0184315 0.031183 0.561957
0 0.106201 0.832217 0.0180603 0.0245238 0.561938
0 0.732513 0.270781 0.0148938 0.0256914 0.561484
0 0.849442 0.352887 0.0221218 0.0370748 0.561403
0 0.535921 0.207108 0.0232972 0.0442052 0.560094
0 0.154403 0.919353 0.0160118 0.0247898 0.55723
0 0.854357 0.537882 0.016442 0.0305916 0.556681
0 0.88919 0.842438 0.0161457 0.0274104 0.556405
0 0.0160262 0.929794 0.0146704 0.0281132 0.55596
0 0.8908 0.72467 0.0165109 0.0353577 0.554732
0 0.981378 0.145591 0.012727 0.0259118 0.554386
0 0.605113 0.719258 0.0240452 0.0400731 0.554077
0 0.147828 0.862224 0.010781 0.0280675 0.553568
0 0.431235 0.488285 0.0259989 0.0463181 0.550522
0 0.179725 0.284137 0.019311 0.036284 0.550221
0 0.72652 0.819384 0.0159376 0.0299963 0.550098
0 0.702624 0.895264 0.0161369 0.0325507 0.550038
0 0.949931 0.744509 0.0195313 0.029717 0.548962
0 0.245393 0.252767 0.0173759 0.0304477 0.548781
0 0.961056 0.0660161 0.018272 0.0316539 0.548215
0 0.824392 0.0407388 0.0177668 0.0286546 0.548068
0 0.993825 0.344079 0.0123498 0.0312396 0.547563
0 0.626287 0.49781 0.0163202 0.02787 0.545931
0 0.820805 0.794447 0.0131411 0.0286355 0.545811
0 0.400201 0.192639 0.0176559 0.0333003 0.545579
0 0.915851 0.220762 0.0141138 0.0269008 0.545275
0 0.935332 0.590996 0.0192368 0.0356793 0.544257
0 0.563893 0.938503 0.0146145 0.030382 0.544204
0 0.126769 0.255462 0.0238317 0.0380936 0.542996
0 0.536895 0.382902 0.0154932 0.0299203 0.542941
0 0.268956 0.838878 0.0197302 0.0217659 0.540974
0 0.169625 0.783261 0.0237505 0.0398874 0.538692
0 0.293774 0.103156 0.0122375 0.0289126 0.538547
0 0.699665 0.55431 0.0145121 0.0361123 0.537884
0 0.730291 0.554941 0.0143742 0.0355794 0.537272
0 0.422283 0.841677 0.0137022 0.0275224 0.536837
0 0.254229 0.528221 0.01691 0.0337519 0.536487
0 0.16234 0.889345 0.0154789 0.0202295 0.535791
0 0.269952 0.168075 0.0173932 0.0322984 0.535664
0 0.766492 0.339479 0.0205105 0.0395684 0.535379
0 0.163714 0.823353 0.0128725 0.0221412 0.535178
0 0.946596 0.121464 0.0119732 0.0199697 0.534751
0 0.799059 0.660952 0.0187846 0.0299862 0.532748
0 0.950385 0.905123 0.0191216 0.0346056 0.532202
0 0.085268 0.565134 0.0230385 0.048036 0.531763
0 0.929971 0.685146 0.0192114 0.0296618 0.530587
0 0.927366 0.840804 0.0159731 0.0262543 0.528667
0 0.0554081 0.0247668 0.0198 0.0314708 0.52776
0 0.592814 0.442325 0.0147039 0.0374542 0.527388
0 0.13563 0.289404 0.0179527 0.0268662 0.526993
0 0.504355 0.0180711 0.0187717 0.0346252 0.52604
0 0.593206 0.835949 0.0182337 0.0325646 0.525954
0 0.54441 0.627145 0.0233013 0.0446591 0.525675
0 0.206876 0.775916 0.0187157 0.0313546 0.524914
0 0.0680552 0.397809 0.0208059 0.0429793 0.524712
0 0.864182 0.90853 0.0157528 0.0265728 0.524429
0 0.910469 0.710317 0.0201447 0.0347093 0.524076
0 0.610073 0.442492 0.0130492 0.0253984 0.523429
0 0.612762 0.344471 0.0167912 0.0285156 0.523131
0 0.819626 0.761576 0.0134984 0.0290622 0.522468
0 0.941411 0.623931 0.0164886 0.0263798 0.520015
0 0.89545 0.947794 0.0125622 0.0246824 0.520011
0 0.231891 0.670881 0.013294 0.0275642 0.519166
0 0.812767 0.938259 0.0173464 0.0304908 0.517813
0 0.558753 0.196252 0.0114461 0.0304646 0.516292
0 0.152293 0.0770309 0.0127263 0.0286829 0.515467
0 0.370511 0.117478 0.0149306 0.0298041 0.514198
0 0.610554 0.406741 0.0151988 0.0291443 0.513805
0 0.33369 0.476027 0.013407 0.0307831 0.512921
0 0.978443 0.660852 0.0190792 0.0354043 0.51186
0 0.321686 0.555673 0.0266522 0.0361508 0.511793
0 0.992506 0.308948 0.0149889 0.02856 0.511738
0 0.231326 0.847552 0.013963 0.0263997 0.510983
0 0.813267 0.327436 0.028319 0.0566295 0.51024
0 0.903985 0.594841 0.0202786 0.0454439 0.510143
0 0.886697 0.640574 0.0106556 0.025524 0.51006
0 0.509278 0.616819 0.0140776 0.0336816 0.510025
0 0.359241 0.0975204 0.0135639 0.0228436 0.509836
0 0.370386 0.954832 0.0302941 0.0474713 0.50904
0 0.46049 0.774832 0.0215057 0.0448049 0.508458
0 0.706471 0.0637922 0.024946 0.0489844 0.508354
0 0.552781 0.686318 0.0242363 0.0449846 0.508007
0 0.356 0.251644 0.0162684 0.028659 0.507837
0 0.712741 0.303511 0.0194237 0.03207 0.50624
0 0.354539 0.606702 0.0201877 0.0360089 0.50552
0 0.172425 0.680103 0.0178342 0.0297588 0.503743
0 0.249526 0.15609 0.0186405 0.037463 0.503528
0 0.676635 0.420751 0.0129593 0.0257916 0.502627
0 0.0388851 0.863338 0.0192648 0.0373819 0.498908
0 0.993856 0.511842 0.0122883 0.0387292 0.498684
0 0.576161 0.773917 0.0126191 0.0234626 0.498547
0 0.472981 0.505119 0.0186785 0.0360938 0.498377
0 0.342809 0.914036 0.0154738 0.0253204 0.497597
0 0.315736 0.493331 0.0173089 0.0387398 0.49718
0 0.914678 0.48439 0.0157335 0.0309787 0.4966
0 0.517445 0.392128 0.0120891 0.0296914 0.494742
0 0.0531749 0.977033 0.0167748 0.0341849 0.494564
0 0.805707 0.911664 0.0184704 0.0284387 0.493915
0 0.929337 0.650732 0.0138905 0.0247633 0.493253
0 0.16984 0.0656378 0.019287 0.039981 0.492644
0 0.240653 0.971759 0.0171718 0.0360775 0.492062
0 0.197956 0.702544 0.0151011 0.0295967 0.491397
0 0.570263 0.354684 0.0145536 0.0258046 0.491293
0 0.975144 0.48095 0.018047 0.0307738 0.49049
0 0.400557 0.80384 0.0225208 0.0339229 0.487836
0 0.913644 0.259824 0.01026 0.0261959 0.487352
0 0.135357 0.0818048 0.0193463 0.0350398 0.487232
0 0.429186 0.670547 0.0124714 0.0229777 0.486605
0 0.895397 0.780511 0.015094 0.0285568 0.486286
0 0.337442 0.304924 0.0150455 0.0278314 0.485849
0 0.668229 0.966274 0.0214792 0.0393277 0.485552
0 0.0840037 0.841056 0.0136276 0.034068 0.485476
0 0.129315 0.486402 0.014163 0.0267037 0.485454
0 0.684072 0.159081 0.0218316 0.0377574 0.483062
0 0.704729 0.636989 0.0157902 0.0277518 0.482595
0 0.195071 0.154814 0.0129522 0.030353 0.481428
0 0.0808344 0.952008 0.02318 0.0284652 0.481243
0 0.991951 0.0548051 0.0160986 0.0332527 0.481109
0 0.559625 0.832447 0.0181928 0.0313807 0.479739
0 0.861083 0.654893 0.0166443 0.0290324 0.478876
0 0.289243 0.493985 0.0131051 0.0348875 0.478728
0 0.450476 0.960949 0.0244738 0.034174 0.476155
0 0.201103 0.475063 0.0110316 0.0259442 0.473876
0 0.728115 0.753605 0.0210316 0.0357858 0.473631
0 0.313361 0.711074 0.0190823 0.0429782 0.473296
0 0.659596 0.712689 0.015258 0.0315987 0.472953
0 0.595371 0.322179 0.0151253 0.0329079 0.472835
0 0.151561 0.253182 0.0140504 0.0257515 0.47238
0 0.106919 0.456712 0.0221176 0.0366745 0.472304
0 0.420388 0.772488 0.0139324 0.0308167 0.4713
0 0.207347 0.30584 0.0231826 0.0383123 0.471168
0 0.328076 0.632822 0.0198811 0.0351529 0.470907
0 0.39597 0.875448 0.0160433 0.0291511 0.470863
0 0.528425 0.98108 0.0190351 0.0342118 0.470645
0 0.751833 0.159938 0.0139759 0.0254808 0.470605
0 0.744378 0.0378848 0.0177846 0.0306672 0.470355
0 0.287474 0.755698 0.02006 0.0334127 0.470135
0 0.890922 0.890157 0.0174011 0.0340554 0.469148
0 0.967008 0.766089 0.0139172 0.0231669 0.468716
0 0.590526 0.496313 0.0184221 0.0379978 0.468215
0 0.777728 0.218348 0.0188881 0.0356317 0.463915
0 0.0554263 0.512095 0.0137593 0.0283735 0.462303
0 0.49543 0.390999 0.0201372 0.0292052 0.462125
0 0.891406 0.40686 0.0162828 0.0334954 0.461825
0 0.296199 0.572283 0.016102 0.0297094 0.461764
0 0.179904 0.921161 0.017577 0.0222762 0.461279
0 0.868776 0.954874 0.0165218 0.0206346 0.461226
0 0.400401 0.700616 0.0211648 0.0333842 0.460655
0 0.969532 0.596429 0.0184183 0.0274122 0.459407
0 0.991633 0.685203 0.0167343 0.0320635 0.459038
0 0.817861 0.8815 0.0179157 0.0326781 0.458603
0 0.0551425 0.91404 0.0132258 0.0209724 0.456794
0 0.464238 0.688505 0.017224 0.0314431 0.456202
0 0.700992 0.767663 0.0160667 0.0291565 0.456112
0 0.611277 0.854022 0.0205619 0.0389479 0.456097
0 0.834131 0.809626 0.0130215 0.0264101 0.455954
0 0.617039 0.811047 0.0181458 0.0287387 0.454807
0 0.978102 0.790333 0.0165829 0.0309175 0.452919
0 0.279673 0.873545 0.0191773 0.0279531 0.450963
0 0.541478 0.950902 0.0184181 0.031506 0.450725
0 0.978572 0.974375 0.0105755 0.0276482 0.45038
0 0.256831 0.406927 0.017259 0.0278238 0.449963
0 0.0920709 0.772896 0.0190144 0.0383189 0.449936
0 0.439428 0.886336 0.0212503 0.0272946 0.449548
0 0.915105 0.977245 0.0149164 0.0257175 0.449256
0 0.473196 0.436724 0.0168832 0.032499 0.449213
0 0.486842 0.690445 0.014171 0.0304182 0.449208
0 0.765168 0.880134 0.0143528 0.027849 0.448499
0 0.571904 0.612918 0.0216244 0.0390667 0.446287
0 0.758705 0.698425 0.0198519 0.0321674 0.445909
0 0.990873 0.0110707 0.0161984 0.0209793 0.445598
0 0.0348378 0.670099 0.0174991 0.0177993 0.445176
0 0.880848 0.0734704 0.0140455 0.0255593 0.443386
0 0.0204558 0.697218 0.0144685 0.0348353 0.443128
0 0.0114553 0.564651 0.0215523 0.0384611 0.44262
0 0.371641 0.382851 0.0155976 0.0279377 0.44207
0 0.396911 0.974482 0.0205224 0.0316814 0.441301
0 0.992156 0.722379 0.0155479 0.0246037 0.43996
0 0.280247 0.705845 0.023533 0.0382573 0.439769
0 0.61385 0.622688 0.0147718 0.0278172 0.438816
0 0.239623 0.70022 0.0130768 0.0284766 0.437385
0 0.996713 0.26621 0.0065733 0.0408794 0.43699
0 0.26502 0.760535 0.0129334 0.0187629 0.435401
0 0.985332 0.755772 0.013987 0.0266713 0.433429
0 0.473526 0.396734 0.0211922 0.0351785 0.433083
0 0.11887 0.78041 0.0151642 0.0302599 0.432689
0 0.614312 0.307738 0.0136055 0.028615 0.431982
0 0.480701 0.856375 0.0199915 0.036469 0.431831
0 0.1404 0.19738 0.0218142 0.0438399 0.431355
0 0.165796 0.136602 0.0295354 0.0430082 0.431019
0 0.447702 0.137452 0.0165166 0.0363406 0.430577
0 0.292799 0.663208 0.0200084 0.0338643 0.428217
0 0.356197 0.741252 0.0147621 0.0250234 0.427925
0 0.149567 0.426247 0.0242908 0.0371474 0.427516
0 0.177294 0.185713 0.0157032 0.0291894 0.427377
0 0.810759 0.0849363 0.0196032 0.033177 0.427109
0 0.830835 0.47825 0.0197161 0.0297411 0.426926
0 0.477298 0.953625 0.0164586 0.0301178 0.426538
0 0.144882 0.956539 0.0157496 0.0341732 0.426517
0 0.871553 0.292509 0.0222515 0.0355188 0.425411
0 0.960167 0.564906 0.015723 0.0261943 0.424578
0 0.875748 0.692819 0.0137276 0.0222109 0.423103
0 0.904937 0.0090194 0.0154978 0.0176968 0.422195
0 0.837249 0.119537 0.0131214 0.022396 0.421412
0 0.240593 0.401547 0.0136248 0.0212567 0.421314
0 0.3718 0.781239 0.0123868 0.0209737 0.420993
0 0.573358 0.398909 0.0155148 0.027399 0.420181
0 0.591916 0.576413 0.0143667 0.026832 0.418959
0 0.570984 0.540287 0.015958 0.0351944 0.418518
0 0.45699 0.207381 0.0190602 0.0328356 0.417401
0 0.604471 0.555758 0.0205513 0.036779 0.417235
0 0.843599 0.914157 0.0127235 0.0289544 0.416898
0 0.528209 0.826127 0.0173777 0.0324965 0.416807
0 0.349295 0.690335 0.0189744 0.0332067 0.416416
0 0.929337 0.398157 0.0202019 0.0316945 0.41622
0 0.25328 0.675998 0.0171706 0.0264115 0.415617
0 0.209629 0.556602 0.0235435 0.0388329 0.415146
0 0.161663 0.588059 0.0163861 0.0309731 0.415064
0 0.775713 0.450458 0.0127563 0.0437988 0.414674
0 0.792989 0.442571 0.0209161 0.0376633 0.41462
0 0.834863 0.513774 0.0137611 0.035096 0.414347
0 0.458366 0.315654 0.0131449 0.0296149 0.414098
0 0.0362047 0.7048 0.0204605 0.0295097 0.413996
0 0.0152434 0.520878 0.0140895 0.0244743 0.413205
0 0.89484 0.805966 0.0149082 0.0277439 0.410572
0 0.544679 0.634337 0.0212873 0.0337379 0.410042
0 0.828223 0.717869 0.0129204 0.0282559 0.409206
0 0.119187 0.663804 0.013993 0.0303577 0.4084
0 0.28072 0.428255 0.0188741 0.0356886 0.407531
0 0.0521211 0.595693 0.0131574 0.0222647 0.407509
0 0.907408 0.834671 0.0117386 0.0252574 0.407382
0 0.199658 0.208077 0.0183218 0.0291121 0.40683
0 0.139618 0.669217 0.0182547 0.0316691 0.406765
0 0.972755 0.907144 0.0135174 0.0274697 0.406333
0 0.918343 0.564977 0.0152531 0.024988 0.405001
0 0.754448 0.858402 0.014832 0.0227278 0.403788
0 0.904003 0.528271 0.021545 0.0326146 0.403561
0 0.925626 0.289106 0.0249947 0.0340684 0.40243
0 0.631242 0.670294 0.0223866 0.0364059 0.402416
0 0.890569 0.110809 0.0121796 0.0293287 0.402205
0 0.772422 0.844744 0.0140546 0.0252814 0.401478
0 0.203137 0.518209 0.0158988 0.0234537 0.399373
0 0.300023 0.382768 0.0217588 0.0308904 0.397803
0 0.62105 0.467121 0.0123507 0.0186186 0.395285
0 0.154478 0.708763 0.0139784 0.0333957 0.394121
0 0.992746 0.820486 0.0145082 0.0306315 0.393869
0 0.904918 0.928051 0.0153896 0.0210341 0.393858
0 0.965088 0.343544 0.0166988 0.0315964 0.391478
0 0.68555 0.7861 0.0181676 0.0327116 0.391269
0 0.159243 0.973567 0.0124475 0.0250932 0.390325
0 0.601859 0.973955 0.0166423 0.0343892 0.390184
0 0.682056 0.924492 0.0129824 0.0212002 0.390025
0 0.859075 0.569945 0.0147724 0.0238352 0.389603
0 0.668816 0.0600575 0.0180897 0.0329623 0.389585
0 0.798807 0.236737 0.0129013 0.0267594 0.389301
0 0.673846 0.139224 0.0146427 0.0208044 0.388858
0 0.667867 0.345063 0.0140429 0.0280007 0.38823
0 0.935093 0.236774 0.0146416 0.0333203 0.388099
0 0.100719 0.0694869 0.0161951 0.0355187 0.387883
0 0.608307 0.522778 0.0144699 0.022236 0.387034
0 0.779344 0.774226 0.0158021 0.0237409 0.386672
0 0.594822 0.403048 0.0107067 0.0202674 0.385894
0 0.72224 0.851204 0.0130433 0.0253331 0.38525
0 0.606826 0.907673 0.0289032 0.0447554 0.38502
0 0.0185741 0.130524 0.0149084 0.0250716 0.383573
0 0.501767 0.108101 0.0215061 0.0435135 0.378818
0 0.584566 0.821111 0.0124302 0.0247921 0.377842
0 0.61497 0.0735438 0.0159194 0.0274882 0.377271
0 0.473793 0.253058 0.0149321 0.0262264 0.375786
0 0.380498 0.0862562 0.0200626 0.0332371 0.375492
0 0.17048 0.775415 0.0267035 0.0550008 0.375424
0 0.402223 0.605098 0.0168871 0.0325834 0.37465
0 0.817447 0.128031 0.0169884 0.0321888 0.374386
0 0.863625 0.718604 0.0263386 0.0439584 0.374251
0 0.113299 0.579471 0.0280501 0.0503913 0.374236
0 0.371325 0.421343 0.0205462 0.0316233 0.37406
0 0.0200478 0.85654 0.0123472 0.0202562 0.373985
0 0.326613 0.0524813 0.0179668 0.0312358 0.373761
0 0.606741 0.249803 0.0168371 0.0344843 0.372806
0 0.692625 0.0253741 0.0279964 0.0436891 0.372764
0 0.3357 0.359727 0.0309195 0.0395536 0.369931
0 0.216321 0.25085 0.0310273 0.043446 0.369904
0 0.477001 0.824749 0.0168806 0.0239946 0.368934
0 0.652773 0.436718 0.0170723 0.0306562 0.368914
0 0.759593 0.602552 0.0147918 0.025637 0.368844
0 0.662911 0.551243 0.0255946 0.0356823 0.368675
0 0.818108 0.554401 0.0231922 0.03576 0.368198
0 0.705939 0.683209 0.0134792 0.0253483 0.364847
0 0.145189 0.0440785 0.0152233 0.0258399 0.364791
0 0.871744 0.199537 0.0203185 0.0318005 0.363593
0 0.667445 0.265341 0.016037 0.0274277 0.361662
0 0.415599 0.34034 0.0139257 0.0261312 0.36123
0 0.330382 0.780456 0.0181263 0.0285706 0.360837
0 0.340163 0.36019 0.0219597 0.0393948 0.360218
0 0.892858 0.946399 0.0106239 0.0227078 0.359123
0 0.349404 0.780325 0.0200435 0.0409726 0.358948
0 0.587244 0.877795 0.0202902 0.0312605 0.3584
0 0.938986 0.967874 0.0177013 0.0309099 0.357303
0 0.0531843 0.643044 0.0178662 0.0302863 0.355751
0 0.973793 0.180122 0.0206268 0.0332537 0.355019
0 0.473395 0.127213 0.0189526 0.0346682 0.354606
0 0.670405 0.106275 0.0213137 0.0342025 0.353935
0 0.976752 0.383912 0.0128029 0.0311973 0.353781
0 0.839019 0.88388 0.0124762 0.0238393 0.353391
0 0.23988 0.218844 0.0107543 0.0280478 0.353105
0 0.743099 0.837719 0.0119597 0.0269842 0.352569
0 0.0889455 0.347156 0.0175056 0.0312482 0.348605
0 0.0991994 0.403217 0.0203928 0.0448923 0.347698
0 0.80269 0.0530746 0.010178 0.027705 0.347628
0 0.644356 0.613694 0.0157483 0.0303047 0.347019
0 0.818482 0.217538 0.0186893 0.0302416 0.346813
0 0.402505 0.095963 0.0215456 0.0448771 0.345652
0 0.0620882 0.577732 0.0176802 0.0249791 0.345565
0 0.790533 0.17673 0.0128595 0.0249364 0.345541
0 0.0632902 0.675837 0.0160787 0.022091 0.345433
0 0.965574 0.976336 0.0137318 0.0261302 0.343344
0 0.498556 0.582833 0.018165 0.0343502 0.341419
0 0.368052 0.115523 0.0118098 0.0284051 0.340958
0 0.707336 0.854576 0.0135475 0.0335561 0.340571
0 0.0258347 0.463746 0.0191874 0.0309794 0.336343
0 0.422035 0.191547 0.0221914 0.0341548 0.336169
0 0.36302 0.324101 0.0135031 0.0263335 0.335454
0 0.650753 0.372416 0.0138178 0.0370592 0.334781
0 0.543025 0.41285 0.0161591 0.0265335 0.334753
0 0.139347 0.32219 0.0137558 0.0249787 0.334135
0 0.518048 0.135708 0.0168203 0.0310792 0.333548
0 0.44063 0.864497 0.0248428 0.018594 0.332422
0 0.163445 0.384797 0.0175637 0.0295302 0.332081
0 0.385531 0.194177 0.0134894 0.0351736 0.33202
0 0.156675 0.7119 0.0107851 0.0357844 0.330975
0 0.805118 0.985649 0.0185047 0.0277852 0.330915
0 0.922486 0.766509 0.013415 0.0235284 0.330807
0 0.451678 0.276916 0.0179651 0.0427277 0.330421
0 0.837264 0.986965 0.017094 0.0244887 0.329692
0 0.847303 0.703969 0.0086071 0.023702 0.328993
0 0.649962 0.100369 0.0163462 0.033434 0.328326
0 0.929916 0.814023 0.018984 0.0274662 0.328067
0 0.377481 0.223696 0.0100577 0.0265865 0.327488
0 0.650458 0.843503 0.0181456 0.0240485 0.32605
0 0.0771948 0.95349 0.02107 0.0263404 0.32522
0 0.707769 0.072204 0.0245753 0.0372123 0.325186
0 0.174795 0.421999 0.0269106 0.0412232 0.324846
0 0.621987 0.377915 0.0109926 0.0274255 0.324607
0 0.841371 0.0105533 0.0147526 0.0198925 0.324576
0 0.619003 0.966119 0.0207691 0.0483914 0.32364
0 0.0380483 0.623469 0.013013 0.0219915 0.323246
0 0.591134 0.1357 0.0121386 0.0263393 0.322871
0 0.287804 0.812213 0.0183505 0.0210159 0.32191
0 0.0315751 0.522693 0.0120759 0.0215459 0.32126
0 0.182144 0.554357 0.0210293 0.0387797 0.320486
0 0.124492 0.0491045 0.0154994 0.0287804 0.318834
0 0.142707 0.772984 0.0228591 0.0370388 0.317747
0 0.522506 0.514719 0.022868 0.031939 0.316722
0 0.518626 0.928708 0.0210291 0.0302456 0.316179
0 0.642054 0.952924 0.0144653 0.0237745 0.316114
0 0.0760906 0.174935 0.0154614 0.0293261 0.315765
0 0.841703 0.913762 0.0147697 0.0253757 0.314324
0 0.107235 0.249938 0.014435 0.0275454 0.314032
0 0.453452 0.385506 0.0145237 0.0286441 0.313069
0 0.210314 0.31093 0.025064 0.0403691 0.312725
0 0.541452 0.873726 0.0160432 0.02799 0.311726
0 0.50186 0.962791 0.0225657 0.0313808 0.311608
0 0.691478 0.239836 0.0201939 0.0287669 0.311425
0 0.386176 0.261353 0.0166985 0.0426153 0.311239
0 0.438348 0.416884 0.0202053 0.0346137 0.310484
0 0.840851 0.444207 0.019787 0.0359678 0.310444
0 0.993044 0.577159 0.0139111 0.0303892 0.309294
0 0.883215 0.528409 0.0145664 0.0246694 0.308982
0 0.160321 0.137756 0.0293155 0.0451567 0.308542
0 0.124607 0.7554 0.0169862 0.0197096 0.306762
0 0.294454 0.218662 0.0141351 0.025266 0.305867
0 0.807103 0.43639 0.0159686 0.0317312 0.305602
0 0.609324 0.717731 0.0180529 0.0366123 0.30527
0 0.236512 0.599118 0.017855 0.0426814 0.301572
0 0.679733 0.379352 0.0177134 0.0331972 0.299939
0 0.790417 0.745853 0.0154783 0.0272342 0.299683
0 0.415212 0.560747 0.0118601 0.0201155 0.296787
0 0.833064 0.945062 0.0153664 0.0248967 0.296584
0 0.948295 0.715918 0.0146006 0.023071 0.295815
0 0.691307 0.281002 0.0149671 0.0303147 0.295386
0 0.276441 0.429329 0.0245212 0.0355353 0.294952
0 0.936214 0.719408 0.0158875 0.0262373 0.294788
0 0.289167 0.81449 0.0168013 0.0168471 0.294713
0 0.568539 0.170099 0.0177164 0.0205013 0.293696
0 0.463536 0.353404 0.0183988 0.0327864 0.293517
0 0.808059 0.732779 0.0122879 0.0212869 0.293475
0 0.63065 0.771457 0.0163357 0.0307268 0.292784
0 0.224252 0.181424 0.0156363 0.0393109 0.291753
0 0.422138 0.0247131 0.0162174 0.0273272 0.291313
0 0.361096 0.829177 0.0156826 0.0232334 0.290768
0 0.238467 0.0690647 0.0145712 0.0167109 0.289098
0 0.0917625 0.176793 0.0158148 0.0257461 0.28843
0 0.68081 0.874545 0.0175846 0.0249207 0.288291
0 0.495979 0.380933 0.0247648 0.0458058 0.288095
0 0.201378 0.818392 0.0162171 0.0240587 0.287707
0 0.94073 0.177567 0.00993385 0.0203892 0.287254
0 0.425324 0.938271 0.0147003 0.0327929 0.285634
0 0.954233 0.392918 0.0181496 0.0337617 0.285471
0 0.649271 0.875424 0.0211521 0.0379754 0.285272
0 0.310733 0.840986 0.0141899 0.0227054 0.284694
0 0.863194 0.053304 0.0177948 0.0365821 0.284434
0 0.191469 0.775207 0.0121412 0.0265167 0.2839
0 0.358041 0.510509 0.0125352 0.0215298 0.283369
0 0.265348 0.639714 0.0203806 0.0370899 0.28319
0 0.264042 0.978646 0.0218811 0.0385066 0.283038
0 0.727306 0.193098 0.0148274 0.026104 0.280859
0 0.689841 0.664034 0.0169333 0.0345599 0.279933
0 0.443455 0.685727 0.0134048 0.0225958 0.279181
0 0.069662 0.288394 0.0202478 0.0296115 0.278993
0 0.662642 0.675651 0.0183674 0.0297538 0.278872
0 0.871078 0.421552 0.0167372 0.0271147 0.277738
0 0.00793537 0.782931 0.015727 0.032245 0.277111
0 0.574781 0.0283503 0.017551 0.0279383 0.275807
0 0.40222 0.319986 0.0131367 0.0246646 0.275156
0 0.509067 0.840058 0.0204372 0.0299381 0.275039
0 0.835999 0.243471 0.0133766 0.025682 0.274238
0 0.331432 0.838578 0.0185363 0.0273958 0.272121
0 0.441411 0.416165 0.0163298 0.0343535 0.271879
0 0.640199 0.133969 0.013332 0.0194294 0.271831
0 0.352538 0.185576 0.0189848 0.0280292 0.269855
0 0.627657 0.673443 0.0245492 0.0407892 0.269349
0 0.259356 0.210518 0.0224713 0.0446763 0.268514
0 0.588234 0.377897 0.0146025 0.0294301 0.267245
0 0.27771 0.589208 0.0191166 0.0392962 0.266301
0 0.751894 0.402851 0.016925 0.0284799 0.266225
0 0.510072 0.76708 0.0183987 0.0341251 0.26531
0 0.568463 0.977675 0.0173766 0.0294076 0.263848
0 0.931523 0.146162 0.0105297 0.0257475 0.263711
0 0.803288 0.15401 0.0130402 0.0255762 0.263603
0 0.13547 0.732045 0.0160927 0.0174557 0.263598
0 0.498167 0.530614 0.0204824 0.0292198 0.263595
0 0.194736 0.042207 0.0148727 0.0302865 0.262801
0 0.378815 0.671571 0.0165743 0.0262416 0.261983
0 0.306297 0.827239 0.0136923 0.0303936 0.261317
0 0.293397 0.186797 0.0181128 0.0273859 0.261312
0 0.763052 0.287124 0.0157473 0.0271027 0.260564
0 0.00605008 0.0187287 0.0120726 0.0272552 0.260208
0 0.15041 0.0786601 0.0114589 0.0312082 0.260171
0 0.919054 0.111855 0.0113728 0.0206776 0.260026
0 0.956884 0.867834 0.0140813 0.0212172 0.259913
0 0.968535 0.769106 0.0125244 0.0216173 0.257796
0 0.522103 0.671028 0.0184069 0.0336589 0.257332
0 0.940935 0.719252 0.0159863 0.026591 0.257316
0 0.762976 0.878805 0.0152032 0.0261941 0.257294
0 0.729681 0.758831 0.0225058 0.027379 0.25704
0 0.218758 0.255578 0.0263947 0.0417045 0.256781
0 0.242643 0.478163 0.0198517 0.0306478 0.25677
0 0.268398 0.580512 0.0313092 0.0538798 0.256623
0 0.74562 0.307998 0.0142891 0.0255439 0.256205
0 0.963101 0.00787788 0.0158213 0.0149415 0.255532
0 0.121773 0.831723 0.0113474 0.0206292 0.255449
0 0.0338952 0.798489 0.0147995 0.018276 0.254082
0 0.793108 0.555758 0.0211227 0.0314329 0.253865
0 0.524844 0.625794 0.0124916 0.0272688 0.253547
0 0.274027 0.673657 0.0156112 0.0226097 0.252745
0 0.5023 0.246772 0.0221282 0.0344422 0.249773
0 0.417986 0.641305 0.0146547 0.0217486 0.248069
0 0.612195 0.650992 0.0165514 0.0253287 0.247789
0 0.240335 0.1667 0.0167083 0.0361289 0.247605
0 0.150177 0.666094 0.016526 0.0257144 0.247143
0 0.638887 0.129342 0.0150483 0.0240344 0.246041
0 0.925604 0.811435 0.0208986 0.0291287 0.245582
0 0.374142 0.564577 0.0215489 0.0330738 0.245522
0 0.496044 0.387866 0.0236823 0.0370627 0.245381
0 0.739713 0.307345 0.017054 0.0271953 0.244782
0 0.585195 0.324943 0.014217 0.0323822 0.24459
0 0.708742 0.403157 0.0201753 0.0324353 0.244488
0 0.975447 0.789634 0.0124893 0.0292302 0.244336
0 0.897359 0.979791 0.018298 0.0333227 0.244174
0 0.770924 0.93271 0.0136356 0.0266371 0.2434
0 0.0604532 0.579601 0.0175882 0.0191627 0.243055
0 0.0104234 0.782903 0.020064 0.0350133 0.24267
0 0.602681 0.550407 0.021096 0.0345857 0.242388
0 0.664052 0.815688 0.0194008 0.0320906 0.241949
0 0.212475 0.0412845 0.0162273 0.0273903 0.241269
0 0.409693 0.223157 0.0150002 0.030022 0.241213
0 0.841473 0.740781 0.0167437 0.0276354 0.241105
0 0.408942 0.36563 0.0129325 0.0211736 0.240714
0 0.7981 0.43955 0.0309406 0.0374444 0.240503
0 0.751374 0.970556 0.0186001 0.0342122 0.240104
0 0.44397 0.983907 0.0141636 0.0262682 0.239822
0 0.71278 0.608321 0.0116041 0.0246046 0.23877
0 0.711758 0.221451 0.0162415 0.029101 0.237815
0 0.405783 0.603535 0.0129291 0.0341117 0.237235
0 0.388946 0.415968 0.0150336 0.0249301 0.23636
0 0.924966 0.948747 0.0189709 0.0323605 0.235779
0 0.753873 0.500603 0.022658 0.0391118 0.234405
0 0.577579 0.859037 0.0121131 0.0185557 0.234377
0 0.404289 0.0484964 0.0194691 0.0361721 0.233822
0 0.712223 0.346395 0.0186445 0.0359627 0.233724
0 0.72087 0.657558 0.0150609 0.0264682 0.232535
0 0.335357 0.428321 0.0225675 0.0428123 0.231892
0 0.119446 0.662312 0.0187062 0.0346472 0.2314
0 0.419305 0.966311 0.0118815 0.0228796 0.23135
0 0.178432 0.886049 0.00981097 0.027938 0.231186
0 0.228633 0.360963 0.0206359 0.033436 0.231016
0 0.795866 0.66007 0.0176119 0.0314433 0.229596
0 0.197541 0.20477 0.0193443 0.0336495 0.229586
0 0.448874 0.467105 0.0203581 0.0367538 0.229425
0 0.387939 0.193437 0.0119716 0.0369698 0.229373
0 0.881407 0.0237288 0.0168747 0.0276409 0.229319
0 0.818404 0.639431 0.0133123 0.0290948 0.229224
0 0.871963 0.386539 0.0132206 0.0269535 0.228036
0 0.143603 0.668587 0.0244106 0.0308228 0.227441
0 0.801222 0.371535 0.0186007 0.027007 0.227158
0 0.0850983 0.382472 0.0136463 0.0234217 0.226631
0 0.209379 0.591133 0.0134442 0.0172207 0.22608
0 0.4018 0.64509 0.0220856 0.0253276 0.225492
0 0.792752 0.335606 0.0148541 0.0354263 0.224901
0 0.352585 0.293734 0.0108466 0.0335432 0.224752
0 0.343916 0.359951 0.020112 0.0392321 0.224514
0 0.0183632 0.423247 0.0149215 0.0285444 0.224444
0 0.276083 0.580958 0.0229542 0.0553345 0.224172
0 0.862067 0.256373 0.0147068 0.0222707 0.223717
0 0.181806 0.503274 0.0197559 0.0263269 0.223694
0 0.0352607 0.593249 0.0106764 0.0232212 0.223682
0 0.520239 0.575232 0.0174629 0.0304768 0.223117
0 0.988275 0.756412 0.0131481 0.0284458 0.222871
0 0.493032 0.655178 0.0137263 0.0216454 0.222848
0 0.371193 0.535654 0.0130091 0.0172075 0.221919
0 0.319436 0.256249 0.0175146 0.0302816 0.218972
0 0.518293 0.0450125 0.0190119 0.0310817 0.218737
0 0.994858 0.941637 0.0102846 0.0450897 0.218337
0 0.877651 0.980843 0.0181263 0.0333981 0.218233
0 0.589525 0.677166 0.012027 0.0263414 0.21766
0 0.176253 0.252136 0.0179574 0.0204892 0.216552
0 0.849006 0.973901 0.0161552 0.0383887 0.216476
0 0.26068 0.976342 0.0165836 0.0370344 0.216387
0 0.427295 0.935592 0.0146416 0.0324993 0.216148
0 0.669316 0.968052 0.0175638 0.0325843 0.216013
0 0.21339 0.558029 0.0248038 0.0371897 0.215621
0 0.261779 0.220014 0.0215267 0.0331102 0.214786
0 0.430625 0.313724 0.0139334 0.0331067 0.212834
0 0.601654 0.216869 0.016887 0.0245612 0.211987
0 0.40398 0.0899137 0.0192526 0.0423853 0.21078
0 0.448652 0.0856503 0.0169634 0.0296253 0.209923
0 0.885258 0.530732 0.0151241 0.0298431 0.209894
0 0.0327874 0.704121 0.017803 0.0302894 0.208129
0 0.396987 0.566369 0.0167958 0.0266891 0.207632
0 0.0819938 0.839453 0.0154881 0.0351325 0.207368
0 0.927876 0.9519 0.0174606 0.0329104 0.207092
0 0.973385 0.597893 0.0182701 0.026793 0.206879
0 0.505096 0.109163 0.0170346 0.0411632 0.206489
0 0.54931 0.358123 0.0134239 0.0285715 0.206392
0 0.585592 0.170155 0.0139708 0.0229575 0.205966
0 0.66562 0.217357 0.0124754 0.0244461 0.20558
0 0.128493 0.598012 0.0154627 0.0210888 0.205303
0 0.285093 0.873839 0.0222091 0.0264333 0.204876
0 0.736023 0.307213 0.0161629 0.0277062 0.204552
0 0.637038 0.31818 0.0185719 0.0300998 0.20326
0 0.669129 0.348251 0.0120431 0.0294423 0.202605
0 0.197297 0.774786 0.014729 0.0304091 0.202318
0 0.777055 0.390424 0.017572 0.0361754 0.201763
0 0.0134267 0.633763 0.0185723 0.0243851 0.200793
0 0.752465 0.44333 0.0178062 0.0254784 0.200757
0 0.646706 0.748383 0.019555 0.0354904 0.199424
0 0.542715 0.586411 0.0195852 0.0241238 0.199299
0 0.702496 0.634521 0.0182378 0.0273838 0.198097
0 0.541175 0.583272 0.0154764 0.0240827 0.197714
0 0.644778 0.286675 0.0150673 0.025384 0.197695
0 0.450194 0.471526 0.0200956 0.0350245 0.197668
0 0.757683 0.932888 0.0127741 0.0297321 0.197346
0 0.224328 0.559174 0.0130798 0.0279995 0.197206
0 0.309068 0.835162 0.0162155 0.0303419 0.196718
0 0.70655 0.722395 0.0168998 0.0315686 0.196535
0 0.220255 0.648982 0.0167189 0.0304111 0.196463
0 0.192294 0.675385 0.014508 0.0135569 0.196048
0 0.893704 0.316584 0.0246063 0.0521822 0.195912
0 0.929695 0.148729 0.0121286 0.0259696 0.195668
0 0.733755 0.988011 0.0172922 0.0226397 0.195538
0 0.16228 0.316135 0.0151228 0.0254306 0.195118
0 0.951103 0.308241 0.0188927 0.0293013 0.195044
0 0.586561 0.243562 0.0181271 0.0335484 0.194984
0 0.155116 0.626487 0.0209407 0.0322394 0.194592
0 0.407552 0.644954 0.0148542 0.0232652 0.194278
0 0.707885 0.344464 0.0260683 0.0409389 0.193849
0 0.73885 0.931168 0.0118549 0.0251146 0.193511
0 0.935742 0.44923 0.0158409 0.0331536 0.193345
0 0.882128 0.487605 0.0171265 0.0324019 0.192178
0 0.879307 0.982199 0.0137838 0.0297054 0.192134
0 0.995877 0.642124 0.00824547 0.0300944 0.191848
0 0.126356 0.0101805 0.0253748 0.0201424 0.19177
0 0.544508 0.618069 0.0241384 0.0467494 0.191566
0 0.705922 0.948721 0.0166114 0.0233561 0.191348
0 0.80259 0.694255 0.0161157 0.0227614 0.188572
0 0.861522 0.0484767 0.0206854 0.0426623 0.188446
0 0.581597 0.323636 0.0133993 0.030084 0.188399
0 0.944688 0.122206 0.0126728 0.0201512 0.187148
0 0.92943 0.206226 0.0116653 0.0220601 0.186771
0 0.455656 0.392314 0.0125704 0.0380547 0.186217
0 0.372501 0.533379 0.0120167 0.0205958 0.184738
0 0.734876 0.00714501 0.0204365 0.0142554 0.183945
0 0.134262 0.703121 0.0167665 0.0238451 0.183646
0 0.731425 0.985838 0.014336 0.0251875 0.182866
0 0.276407 0.189135 0.0106572 0.0237868 0.182687
0 0.507163 0.467564 0.0291521 0.0557303 0.182288
0 0.859069 0.861157 0.0188416 0.0329905 0.181939
0 0.344723 0.128648 0.0123872 0.0306359 0.181645
0 0.553299 0.754055 0.0187855 0.0368757 0.181494
0 0.762717 0.247998 0.0171417 0.0323576 0.180122
0 0.333876 0.30386 0.0181077 0.0348167 0.179424
0 0.861723 0.566702 0.0192892 0.023497 0.179107
0 0.994136 0.504209 0.0117281 0.0389681 0.17824
0 0.160215 0.311225 0.0156426 0.0300116 0.17778
0 0.542057 0.351215 0.0175354 0.0251511 0.176768
0 0.757913 0.729787 0.0134675 0.020482 0.176523
0 0.6852 0.897889 0.0137619 0.0283748 0.176146
0 0.936101 0.242366 0.0147625 0.0430587 0.176123
0 0.40675 0.0507931 0.0149795 0.0309591 0.17603
0 0.256422 0.203515 0.0185814 0.0382643 0.175881
0 0.685693 0.987669 0.0186998 0.023607 0.175749
0 0.142101 0.190407 0.0211499 0.0347781 0.175521
0 0.544703 0.316882 0.0155773 0.0180775 0.175478
0 0.538055 0.381407 0.0164562 0.0228202 0.175463
0 0.222428 0.56098 0.0144945 0.030756 0.175146
0 0.919197 0.747594 0.0137379 0.0295644 0.175049
0 0.437073 0.544663 0.0174444 0.0189052 0.174696
0 0.928332 0.16437 0.013541 0.0220368 0.174683
0 0.545799 0.35568 0.0164272 0.0268374 0.174495
0 0.26753 0.049493 0.0117096 0.0308717 0.174383
0 0.116626 0.141898 0.0155649 0.0195269 0.173882
0 0.975391 0.941737 0.0149143 0.0278042 0.173817
0 0.128726 0.250188 0.0216592 0.0421755 0.173788
0 0.672042 0.139165 0.0175184 0.0246858 0.172931
0 0.57429 0.528305 0.013294 0.0242103 0.172704
0 0.687613 0.89723 0.0132236 0.0301844 0.171954
0 0.181248 0.990067 0.0183755 0.0186646 0.171257
0 0.946064 0.906579 0.026157 0.0385447 0.171038
0 0.802543 0.983749 0.022684 0.0311791 0.170808
0 0.804041 0.438282 0.0220026 0.0344309 0.170626
0 0.252053 0.156818 0.0131102 0.0346624 0.17062
0 0.932048 0.65303 0.0119637 0.0241711 0.170551
0 0.116436 0.295953 0.0157569 0.0321892 0.17043
0 0.542073 0.930937 0.0178696 0.0285244 0.16946
0 0.869234 0.564242 0.00965195 0.0192365 0.169304
0 0.269516 0.0497451 0.00922146 0.0260508 0.169286
0 0.489155 0.430994 0.0116062 0.0286467 0.168862
0 0.681055 0.453669 0.0122004 0.0248037 0.168832
0 0.711052 0.00623341 0.0205179 0.0124668 0.168314
0 0.351535 0.69217 0.015127 0.0268056 0.168227
0 0.73324 0.229128 0.0197596 0.0306884 0.167381
0 0.678699 0.158081 0.0215608 0.0392477 0.167308
0 0.369551 0.15586 0.0149053 0.0285909 0.167006
0 0.662862 0.773473 0.0147512 0.0202287 0.166548
0 0.524898 0.513998 0.0170382 0.0277785 0.166393
0 0.517219 0.575607 0.0148323 0.0306499 0.166198
0 0.914616 0.224818 0.0145882 0.0281809 0.165656
0 0.335055 0.23277 0.0121251 0.0250144 0.165358
0 0.621838 0.682607 0.0178795 0.0378169 0.165073
0 0.11441 0.0904398 0.0167666 0.0197222 0.164933
0 0.664484 0.386239 0.0130229 0.0314938 0.164645
0 0.225008 0.501584 0.0163533 0.0159555 0.16422
0 0.308172 0.829174 0.0129515 0.0301457 0.164156
0 0.475571 0.991051 0.0250989 0.0170302 0.163396
0 0.0709997 0.532591 0.0130282 0.0192623 0.162734
0 0.940992 0.971879 0.0121989 0.0274749 0.162555
0 0.805409 0.404271 0.0166565 0.0257631 0.161925
0 0.474664 0.397465 0.016468 0.0307168 0.161415
0 0.841066 0.590099 0.0204029 0.0362341 0.161213
0 0.317189 0.203725 0.0145436 0.0210482 0.160802
0 0.977405 0.482634 0.0141804 0.0296182 0.160358
0 0.311574 0.76316 0.0110818 0.0249352 0.160094
0 0.86625 0.130539 0.0154999 0.0290918 0.160068
0 0.223484 0.258746 0.0181125 0.0389787 0.159213
0 0.683908 0.83373 0.0150982 0.032309 0.158914
0 0.273784 0.431637 0.0203943 0.0318329 0.158425
0 0.832821 0.949221 0.0149937 0.0254079 0.157953
0 0.64639 0.41347 0.0209651 0.0274521 0.15726
0 0.933979 0.922751 0.0152508 0.0225745 0.156336
0 0.494576 0.367235 0.0217622 0.0302872 0.156183
0 0.126779 0.00775594 0.0292899 0.0155119 0.156133
0 0.486653 0.74666 0.0179469 0.0264175 0.156048
0 0.957057 0.566597 0.0143227 0.0262321 0.155899
0 0.175162 0.137446 0.0172045 0.0370556 0.155764
0 0.533543 0.794088 0.0118584 0.0204502 0.155553
0 0.803147 0.789648 0.015871 0.0236292 0.155308
0 0.993168 0.93962 0.0136635 0.042857 0.155153
0 0.693933 0.282269 0.014591 0.0323435 0.15469
0 0.380546 0.671331 0.0117093 0.0225803 0.154537
0 0.762643 0.557994 0.0199608 0.0440264 0.154114
0 0.558509 0.498324 0.014343 0.0209734 0.153873
0 0.007908 0.48975 0.0148467 0.0346812 0.153611
0 0.272343 0.128108 0.00965347 0.0294466 0.15354
0 0.171976 0.943987 0.0145885 0.0209548 0.153522
0 0.545803 0.410833 0.0170098 0.0291655 0.153226
0 0.110336 0.831748 0.0241335 0.0246602 0.153112
0 0.654377 0.438428 0.0153865 0.021886 0.153055
0 0.155989 0.971991 0.01227 0.0289351 0.153005
0 0.993385 0.684209 0.0132298 0.036771 0.152921
0 0.340693 0.720642 0.0167336 0.0277537 0.152633
0 0.385899 0.419662 0.0158667 0.0312034 0.152416
0 0.275603 0.131478 0.00865002 0.0328821 0.152294
0 0.260022 0.582566 0.0170766 0.047181 0.152102
0 0.908974 0.895324 0.016835 0.0283931 0.15206
0 0.745574 0.0663125 0.0127563 0.0233464 0.151684
0 0.925818 0.768016 0.0104813 0.0234188 0.151659
0 0.666706 0.54945 0.0206741 0.033482 0.150968
0 0.245824 0.160726 0.0235551 0.0426585 0.150929
0 0.851571 0.197406 0.0108807 0.025868 0.150646
0 0.902761 0.472788 0.0153086 0.0281145 0.150251
0 0.402884 0.702617 0.0193127 0.0301978 0.150233
0 0.875871 0.985045 0.0216595 0.0282555 0.1502
0 0.326139 0.867039 0.0151941 0.0184823 0.14996
0 0.643988 0.64968 0.0155649 0.0193303 0.149788
0 0.0701686 0.537 0.0116219 0.0261369 0.149736
0 0.806507 0.696037 0.0151882 0.0218365 0.149612
0 0.761093 0.0811434 0.0193439 0.0309066 0.1495
0 0.935528 0.965035 0.0164639 0.0313769 0.149486
0 0.088788 0.143317 0.0180553 0.0255655 0.148686
0 0.86486 0.566905 0.0143711 0.0244458 0.148436
0 0.092343 0.143961 0.021082 0.0264872 0.148316
0 0.77058 0.842601 0.0133862 0.0286984 0.148271
0 0.600442 0.658013 0.0120113 0.0243717 0.147604
0 0.778461 0.658574 0.0225371 0.0320045 0.147556
0 0.948748 0.2615 0.0103683 0.0263269 0.147185
0 0.021679 0.968396 0.0167816 0.0224409 0.147077
0 0.543858 0.978769 0.0144773 0.0235894 0.14687
0 0.0765459 0.760883 0.0171895 0.0373477 0.146622
0 0.81418 0.210435 0.0183362 0.0323991 0.146473
0 0.351107 0.603976 0.0203873 0.0377977 0.146299
0 0.283323 0.8079 0.019095 0.0281731 0.146176
0 0.208741 0.588608 0.0139068 0.0199816 0.146134
0 0.192824 0.679594 0.0138915 0.0145247 0.145558
0 0.507716 0.850566 0.0199587 0.0290909 0.145309
0 0.800107 0.518247 0.0151953 0.0254518 0.145033
0 0.434114 0.417633 0.0274895 0.0391098 0.144714
0 0.00800093 0.81257 0.0153407 0.0225386 0.144357
0 0.307204 0.0553315 0.0121885 0.0235775 0.144072
0 0.733033 0.149691 0.00842145 0.0328525 0.143995
0 0.453427 0.775323 0.0346752 0.0460456 0.143943
0 0.732422 0.526002 0.0151241 0.0176651 0.143792
0 0.283936 0.710077 0.024269 0.0360446 0.143762
0 0.681874 0.883323 0.0171169 0.0202942 0.143189
0 0.238356 0.169927 0.0133835 0.0332472 0.142983
0 0.679429 0.369858 0.018307 0.0432298 0.14289
0 0.143785 0.78159 0.021976 0.0538032 0.142255
0 0.095523 0.401977 0.0221766 0.0465206 0.142248
0 0.551833 0.397767 0.0144588 0.0259144 0.141432
0 0.917288 0.568152 0.0122696 0.0285482 0.141015
0 0.348711 0.0780104 0.0145869 0.0235823 0.140622
0 0.123405 0.757456 0.0164871 0.0159822 0.140341
0 0.692526 0.282639 0.0110362 0.0260156 0.140274
0 0.971235 0.905084 0.016354 0.032389 0.140068
0 0.778358 0.857088 0.0130338 0.0253516 0.139489
0 0.363307 0.671683 0.0134989 0.0215611 0.139454
0 0.41733 0.564943 0.01332 0.0220348 0.13938
0 0.234822 0.723156 0.0117138 0.0213304 0.139242
0 0.783075 0.529358 0.0155342 0.0301554 0.139093
0 0.624791 0.680221 0.021928 0.0387861 0.13883
0 0.440498 0.867479 0.0231037 0.0155891 0.138689
0 0.592855 0.0517636 0.0212444 0.0425627 0.138359
0 0.781065 0.313456 0.0151948 0.0190735 0.138313
0 0.666771 0.0121109 0.0193242 0.0218444 0.137982
0 0.214671 0.610063 0.0157449 0.022329 0.137583
0 0.689171 0.284286 0.0147681 0.0314178 0.137229
0 0.904191 0.601993 0.0174896 0.0397566 0.136902
0 0.66636 0.0189318 0.0171524 0.03511 0.136888
0 0.241235 0.760929 0.0174624 0.0237159 0.136779
0 0.715664 0.304816 0.0167831 0.0315231 0.136746
0 0.678984 0.837733 0.0179751 0.0307488 0.136617
0 0.856892 0.393837 0.0217068 0.0285894 0.136598
0 0.47176 0.0867647 0.0162623 0.023394 0.136329
0 0.978655 0.622003 0.0101877 0.0207552 0.136105
0 0.326757 0.598108 0.015673 0.0278274 0.136063
0 0.238728 0.758427 0.0176112 0.0269653 0.134708
0 0.701667 0.335177 0.0224733 0.0330736 0.134444
0 0.58913 0.271433 0.015721 0.0204956 0.134151
0 0.492927 0.063038 0.0196084 0.0390119 0.134064
0 0.765336 0.562739 0.0177956 0.0367289 0.133896
0 0.970973 0.975078 0.018055 0.0283556 0.133854
0 0.592714 0.32486 0.0186754 0.0353589 0.133693
0 0.374793 0.534109 0.0114176 0.0223886 0.133436
0 0.13709 0.668223 0.015826 0.0271669 0.133339
0 0.178848 0.419929 0.021372 0.0415953 0.133294
0 0.567947 0.163152 0.0195027 0.0243775 0.133258
0 0.359191 0.0953185 0.0157019 0.0292364 0.133058
0 0.804637 0.0110427 0.0171194 0.0210639 0.132755
0 0.755869 0.553528 0.0275661 0.0492638 0.132606
0 0.168913 0.423754 0.0351249 0.0420508 0.132563
0 0.777195 0.655861 0.0178246 0.0279783 0.132132
0 0.735489 0.990428 0.0172693 0.0184506 0.131482
0 0.903838 0.759151 0.0104877 0.0172231 0.131349
0 0.73532 0.0100365 0.0195013 0.0192401 0.131167
0 0.8948 0.791126 0.0166439 0.04259 0.131008
0 0.568666 0.981037 0.0146418 0.0328671 0.130707
0 0.863307 0.650052 0.0195407 0.0362158 0.130158
0 0.115368 0.115849 0.0231294 0.0301712 0.130122
0 0.597445 0.654184 0.0146423 0.0244893 0.130101
0 0.272713 0.840152 0.0220667 0.0211745 0.130081
0 0.916715 0.642051 0.0134045 0.0243502 0.130077
0 0.890393 0.213669 0.013335 0.0221802 0.129939
0 0.542783 0.870116 0.0162445 0.0270822 0.129816
0 0.987472 0.310041 0.0172039 0.0343508 0.12957
0 0.705337 0.731026 0.016758 0.0302853 0.129248
0 0.671527 0.647899 0.0121759 0.0184447 0.129061
0 0.444111 0.688995 0.0149363 0.0194756 0.128976
0 0.782012 0.85666 0.0111533 0.0304601 0.128894
0 0.86435 0.00555851 0.0207043 0.0109245 0.12885
0 0.543813 0.983553 0.0153006 0.0255718 0.12843
0 0.257475 0.970582 0.0139377 0.0407713 0.128399
0 0.399991 0.0451506 0.0248161 0.0378843 0.128355
0 0.180918 0.884477 0.0137411 0.0289825 0.128296
0 0.652357 0.875549 0.0202142 0.0345069 0.128053
0 0.273636 0.181513 0.0165649 0.0265984 0.127212
0 0.982181 0.755797 0.0158104 0.0251977 0.127043
0 0.903276 0.926272 0.0172918 0.0272385 0.126979
0 0.572906 0.577714 0.0126606 0.0224362 0.126349
0 0.511335 0.619089 0.0135197 0.0341027 0.126277
0 0.454577 0.396733 0.0113087 0.0344209 0.126152
0 0.879302 0.249218 0.0156994 0.0262568 0.126029
0 0.63549 0.321224 0.0177706 0.0269481 0.125776
0 0.917301 0.107275 0.00988445 0.0178843 0.125041
0 0.859528 0.863379 0.015413 0.0274567 0.124803
0 0.782501 0.128549 0.0148123 0.0249497 0.124088
0 0.346627 0.911656 0.0230033 0.0326512 0.12407
0 0.629313 0.89167 0.0165716 0.032978 0.123668
0 0.651954 0.0683187 0.0139702 0.0182299 0.123668
0 0.495129 0.656955 0.0109731 0.0181124 0.123651
0 0.557833 0.501381 0.0155066 0.0210319 0.123646
0 0.86748 0.130695 0.0119232 0.0256891 0.123514
0 0.0957173 0.143996 0.0232428 0.0279912 0.123203
0 0.219434 0.608526 0.00818529 0.0238115 0.123174
0 0.131917 0.899765 0.0150847 0.0226712 0.123142
0 0.911 0.0914515 0.0131382 0.0239283 0.123092
0 0.486544 0.654043 0.0181585 0.0242904 0.123074
0 0.981588 0.313054 0.0162075 0.0369133 0.122937
0 0.710991 0.00987737 0.0224421 0.019304 0.122779
0 0.144814 0.800483 0.0196045 0.0207123 0.122623
0 0.00838092 0.103225 0.0163426 0.0231971 0.122554
0 0.340487 0.02439 0.0128223 0.0258828 0.122445
0 0.373959 0.671799 0.0237194 0.0272224 0.122251
0 0.165718 0.589749 0.0103104 0.0293347 0.122211
0 0.265708 0.48359 0.0233837 0.0373576 0.122164
0 0.372084 0.726233 0.0151927 0.0235131 0.121868
0 0.211987 0.173191 0.0104593 0.0286753 0.121553
0 0.822766 0.218871 0.0152105 0.0280842 0.121371
0 0.878456 0.198117 0.0110565 0.0352485 0.121316
0 0.80467 0.00835803 0.01845 0.0154063 0.121082
0 0.0230545 0.462545 0.0227476 0.0358509 0.12104
0 0.155017 0.140932 0.0202249 0.0377596 0.120594
0 0.728831 0.379704 0.0124326 0.0277503 0.120161
0 0.737639 0.427174 0.0112605 0.0345637 0.120027
0 0.975233 0.910555 0.0118984 0.0213657 0.119838
0 0.787581 0.750846 0.0197608 0.030718 0.11974
0 0.334671 0.83946 0.0204222 0.0279829 0.119387
0 0.436021 0.372579 0.0198137 0.034855 0.119146
0 0.217613 0.366895 0.0134068 0.028108 0.119011
0 0.452902 0.286261 0.0163033 0.0266251 0.118872
0 0.920852 0.751927 0.0130535 0.0366659 0.11884
0 0.489266 0.00671518 0.0191435 0.0134304 0.118787
0 0.444811 0.0531147 0.0157434 0.0275657 0.11851
0 0.743344 0.0678406 0.0172276 0.021416 0.11789
0 0.374366 0.377463 0.0197447 0.0318441 0.117866
0 0.388137 0.130873 0.0153055 0.0254289 0.117734
0 0.633812 0.830322 0.0141131 0.0252848 0.117503
0 0.548654 0.687593 0.0253996 0.0404368 0.117309
0 0.366144 0.671304 0.0177689 0.0240015 0.117297
0 0.853689 0.885138 0.0132645 0.0156481 0.116825
0 0.66427 0.342742 0.0206293 0.0279795 0.116825
0 0.860453 0.228106 0.0140461 0.0213099 0.116751
0 0.992856 0.611987 0.014027 0.0266826 0.116575
0 0.508375 0.844933 0.0203205 0.0333849 0.116316
0 0.13775 0.287818 0.0162221 0.0251958 0.116261
0 0.969043 0.65135 0.0265755 0.0498554 0.116209
0 0.373563 0.782404 0.0161371 0.0231852 0.115999
0 0.286661 0.808005 0.0198107 0.0274276 0.115538
0 0.690417 0.665627 0.0129427 0.029678 0.11516
0 0.379341 0.420787 0.0250335 0.0319729 0.115159
0 0.68658 0.570115 0.016332 0.0288929 0.114796
0 0.232663 0.674578 0.0127117 0.0277006 0.114554
0 0.31844 0.903474 0.0169489 0.0335788 0.114465
0 0.727598 0.388111 0.0113806 0.0206012 0.114464
0 0.930798 0.211182 0.014299 0.0197006 0.114247
0 0.921228 0.646017 0.0105801 0.0259248 0.113855
0 0.571034 0.319042 0.0137497 0.0278344 0.113722
0 0.567733 0.938868 0.0179356 0.0297238 0.113332
0 0.267343 0.980694 0.0219363 0.0364303 0.113259
0 0.53592 0.897638 0.017615 0.0255022 0.112404
0 0.484313 0.744882 0.0185599 0.0266998 0.112159
0 0.980591 0.148332 0.0148186 0.0321909 0.112138
0 0.158783 0.307128 0.0158188 0.0258655 0.111956
0 0.0382452 0.592576 0.0109642 0.0224623 0.111948
0 0.941046 0.962532 0.0168663 0.0255205 0.111864
0 0.72907 0.37415 0.0117303 0.0342321 0.111263
0 0.344106 0.915293 0.0194864 0.0308411 0.111258
0 0.558576 0.787168 0.0188079 0.0278596 0.110798
0 0.928078 0.16838 0.0132721 0.019906 0.11053
0 0.545725 0.603445 0.0236919 0.0252041 0.110442
0 0.635206 0.826678 0.0142328 0.0246809 0.110062
0 0.360099 0.209332 0.0171865 0.0294524 0.109973
0 0.953202 0.188322 0.0150574 0.0247585 0.109953
0 0.364755 0.829286 0.0132597 0.0208679 0.109865
0 0.782117 0.265316 0.0243942 0.0376958 0.109705
0 0.49236 0.0782797 0.016785 0.0192367 0.109661
0 0.87981 0.257333 0.0159092 0.0169769 0.109597
0 0.101753 0.218887 0.0155643 0.0280635 0.109544
0 0.586373 0.235973 0.0173705 0.0317541 0.108989
0 0.929725 0.958834 0.013863 0.0322641 0.108925
0 0.165466 0.347196 0.00966651 0.0243251 0.108869
0 0.571713 0.671094 0.0176296 0.0326582 0.108712
0 0.233819 0.596606 0.0210058 0.0403999 0.108485
0 0.389332 0.136671 0.0159712 0.0284205 0.10835
0 0.52691 0.275571 0.0102315 0.0197241 0.108343
0 0.656567 0.511913 0.0129448 0.0248764 0.108194
0 0.734721 0.146506 0.0129873 0.0303025 0.107689
0 0.113018 0.80583 0.0143026 0.0202484 0.10768
0 0.337683 0.234494 0.0129349 0.022575 0.107668
0 0.653359 0.878269 0.0152433 0.0308297 0.107378
0 0.543582 0.314134 0.0168372 0.016275 0.107375
0 0.747607 0.19849 0.013549 0.0259949 0.106882
0 0.767011 0.567358 0.0189185 0.0302505 0.106773
0 0.514546 0.390248 0.0154777 0.0338509 0.106673
0 0.592963 0.00532391 0.0183605 0.0106478 0.106646
0 0.216537 0.60875 0.0115823 0.023449 0.106613
0 0.507887 0.311442 0.0141048 0.0237693 0.106563
0 0.524854 0.705639 0.0166132 0.0285929 0.106436
0 0.805589 0.789467 0.0139385 0.0263209 0.106268
0 0.686285 0.985768 0.0150042 0.0241909 0.106098
0 0.165389 0.888598 0.0167097 0.0224182 0.105953
0 0.944111 0.664374 0.0155132 0.0360507 0.105909
0 0.47338 0.082433 0.0146934 0.0254727 0.105882
0 0.791627 0.742962 0.0127792 0.0258223 0.105792
0 0.982351 0.75628 0.0113049 0.0272766 0.105748
0 0.521172 0.474039 0.0124928 0.0356329 0.105671
0 0.758054 0.73306 0.0129051 0.0195545 0.105569
0 0.11663 0.778999 0.0183846 0.0333299 0.105474
0 0.435911 0.541602 0.0176978 0.0238829 0.105452
0 0.152705 0.70646 0.0158931 0.0340457 0.105301
0 0.292583 0.493985 0.0199751 0.0412103 0.105007
0 0.212222 0.993719 0.0171977 0.0114124 0.104886
0 0.327104 0.178547 0.0184001 0.0360767 0.10488
0 0.577072 0.420774 0.0135971 0.0171193 0.104781
0 0.107716 0.48638 0.0196453 0.0230815 0.104682
0 0.467373 0.050045 0.0160072 0.0242992 0.104506
0 0.975417 0.905488 0.0107285 0.0261312 0.104467
0 0.152839 0.34388 0.0150119 0.0251581 0.104354
0 0.0696893 0.543867 0.0105456 0.0355086 0.103719
0 0.716246 0.349006 0.010821 0.0286386 0.103422
0 0.422801 0.940459 0.0134542 0.0314572 0.103257
0 0.236837 0.60744 0.0175554 0.040539 0.103161
0 0.165061 0.82657 0.01243 0.0256931 0.103043
0 0.761384 0.0867755 0.0165252 0.0381032 0.102981
0 0.440222 0.871797 0.0230003 0.0227617 0.102711
0 0.994781 0.984364 0.0104376 0.028052 0.102568
0 0.540334 0.00573479 0.0231104 0.0114696 0.102263
0 0.803924 0.203383 0.0121868 0.0311236 0.102238
0 0.97881 0.31361 0.0123098 0.0376124 0.102185
0 0.784536 0.259501 0.0226357 0.0288792 0.102096
0 0.813802 0.82692 0.0142185 0.0258674 0.10201
0 0.88015 0.484843 0.0206707 0.0362601 0.101773
0 0.414319 0.561074 0.0143664 0.0280661 0.101531
0 0.768489 0.933657 0.0159882 0.0305813 0.101495
0 0.65491 0.226457 0.0175892 0.027278 0.101446
0 0.817866 0.964951 0.0166008 0.0203722 0.101438
0 0.974433 0.386232 0.0163254 0.0310086 0.101398
0 0.215883 0.178144 0.0139153 0.0361376 0.10137
0 0.77678 0.850174 0.0139633 0.0217486 0.101353
0 0.994221 0.265857 0.0115573 0.0433205 0.101018
0 0.307374 0.22487 0.0078022 0.0249859 0.100704
0 0.456926 0.396609 0.00924956 0.0367249 0.100608
0 0.0583644 0.915146 0.017929 0.0247897 0.100416
0 0.987782 0.444203 0.0164791 0.0226897 0.100045
0 0.793153 0.336029 0.0113134 0.0313144 0.100023
