0 0.923344 0.276189 0.0387911 0.063856 0.69872
0 0.907492 0.177157 0.0213314 0.0344447 0.68503
0 0.78137 0.525991 0.0248741 0.0363315 0.676485
0 0.89381 0.0955174 0.0227474 0.04027 0.671301
0 0.784772 0.335625 0.0212719 0.0344582 0.666158
0 0.878199 0.176955 0.020993 0.034718 0.66596
0 0.942562 0.198566 0.0288609 0.0489399 0.665542
0 0.770429 0.48909 0.02016 0.0354882 0.663948
0 0.27084 0.178525 0.0237881 0.0423066 0.661227
0 0.840001 0.589126 0.0183468 0.0381851 0.660989
0 0.894182 0.236911 0.0202389 0.0337744 0.657396
0 0.846678 0.138723 0.023003 0.0366038 0.656357
0 0.839564 0.683966 0.016124 0.0302758 0.655834
0 0.974438 0.0221258 0.023288 0.0420462 0.651786
0 0.887594 0.663255 0.0173592 0.0302668 0.648625
0 0.960527 0.153688 0.0182709 0.0285464 0.645765
0 0.797967 0.396209 0.0258865 0.0424245 0.645301
0 0.828717 0.484668 0.0256023 0.0531293 0.644625
0 0.777881 0.922632 0.0302175 0.0613315 0.641981
0 0.742316 0.477454 0.0276564 0.042098 0.640966
0 0.87847 0.784013 0.0206133 0.0418908 0.63637
0 0.489726 0.966833 0.0203304 0.033862 0.635363
0 0.901927 0.786318 0.0161072 0.0313538 0.629026
0 0.904424 0.420823 0.0206425 0.0367861 0.628935
0 0.875756 0.440001 0.0207485 0.0365765 0.627711
0 0.301179 0.163867 0.0316597 0.0472587 0.622016
0 0.717353 0.112045 0.0191784 0.0287437 0.621375
0 0.9608 0.690794 0.0227512 0.0398119 0.618815
0 0.974008 0.638175 0.0240183 0.0365556 0.61847
0 0.979817 0.111836 0.0251537 0.0414748 0.617584
0 0.842864 0.431772 0.0197136 0.0350957 0.617117
0 0.942815 0.673456 0.0187915 0.0343258 0.615561
0 0.571271 0.642339 0.0184877 0.034465 0.612552
0 0.945283 0.965666 0.0267853 0.0372624 0.609529
0 0.873039 0.500019 0.0174271 0.0318376 0.608595
0 0.968442 0.896358 0.0180827 0.0314141 0.607456
0 0.489585 0.929507 0.0200233 0.0338796 0.604899
0 0.993589 0.0167957 0.012822 0.0325671 0.602865
0 0.958122 0.344296 0.0219082 0.0352453 0.601763
0 0.725388 0.181257 0.0267427 0.0529046 0.600407
0 0.899307 0.580121 0.0183579 0.0391943 0.60025
0 0.582099 0.864073 0.0168776 0.0275987 0.598505
0 0.813129 0.347224 0.0233765 0.0360226 0.596506
0 0.982857 0.32 0.0197819 0.0372764 0.589928
0 0.801033 0.143632 0.0189099 0.0285124 0.589801
0 0.817685 0.309166 0.0210426 0.0370567 0.589629
0 0.318549 0.272722 0.0216983 0.0334732 0.587643
0 0.8108 0.064837 0.0249523 0.0550539 0.587403
0 0.90634 0.476743 0.0162788 0.0309706 0.585342
0 0.739365 0.368971 0.0151001 0.0262175 0.578493
0 0.975345 0.856761 0.0195274 0.0302056 0.577066
0 0.110971 0.510908 0.0316854 0.0398948 0.564403
0 0.82354 0.761742 0.0173499 0.0316104 0.563488
0 0.918619 0.0687746 0.014743 0.0209267 0.56288
0 0.913603 0.545741 0.0168098 0.0282016 0.559573
0 0.948299 0.914854 0.0191967 0.0387392 0.558648
0 0.785957 0.177269 0.0148047 0.0231347 0.555466
0 0.984485 0.943495 0.0157227 0.0276703 0.549616
0 0.808147 0.948436 0.0241657 0.0349015 0.546909
0 0.961211 0.806547 0.0169468 0.0275635 0.544881
0 0.23841 0.98292 0.0231814 0.0341604 0.544355
0 0.811613 0.729498 0.0160921 0.0291588 0.539967
0 0.888891 0.0441441 0.0160004 0.0276875 0.539498
0 0.845713 0.633741 0.0180664 0.0314577 0.539011
0 0.853262 0.774382 0.0147543 0.0332604 0.530983
0 0.972899 0.549774 0.0292564 0.0457933 0.530463
0 0.845057 0.988158 0.0188174 0.0231333 0.518224
0 0.808266 0.811675 0.0171963 0.0296652 0.507702
0 0.821707 0.42112 0.0167133 0.0256397 0.500376
0 0.952075 0.762197 0.0166932 0.0318075 0.499339
0 0.927106 0.124917 0.0207409 0.0336957 0.49838
0 0.868113 0.616421 0.0140335 0.0325963 0.498193
0 0.198527 0.0260446 0.0614607 0.0511733 0.497172
0 0.787867 0.0883789 0.026635 0.0423376 0.496534
0 0.920268 0.377057 0.0263001 0.0431118 0.493335
0 0.840453 0.53195 0.0157227 0.0249742 0.488911
0 0.78405 0.034745 0.0227732 0.0430896 0.488465
0 0.9636 0.580738 0.0157106 0.0273625 0.47861
0 0.92761 0.754957 0.0191649 0.0291904 0.472829
0 0.968471 0.931396 0.0163235 0.0288388 0.471965
0 0.921691 0.952622 0.0163331 0.0270596 0.467644
0 0.76886 0.188437 0.012988 0.0321612 0.463394
0 0.993384 0.68725 0.0132326 0.0365831 0.460415
0 0.865023 0.828565 0.0295984 0.0435996 0.4556
0 0.823692 0.710236 0.0171906 0.0298608 0.445442
0 0.754341 0.144513 0.0172081 0.0281793 0.4422
0 0.994705 0.622102 0.0105898 0.0274123 0.441091
0 0.961236 0.0895409 0.0186464 0.0232807 0.439525
0 0.72951 0.337562 0.0163999 0.0249026 0.439502
0 0.830339 0.258676 0.0253891 0.0399035 0.43358
0 0.889979 0.0084116 0.0245625 0.0168176 0.429413
0 0.895078 0.510694 0.0156666 0.0323435 0.424493
0 0.987594 0.831447 0.0181221 0.0299616 0.422882
0 0.83645 0.818993 0.0205059 0.0456163 0.420051
0 0.995753 0.890037 0.00849514 0.0348836 0.411382
0 0.909356 0.681566 0.0216553 0.0322981 0.411256
0 0.982418 0.98115 0.0227273 0.0361699 0.405281
0 0.916194 0.813549 0.0134213 0.0234205 0.403065
0 0.939572 0.106536 0.0152102 0.0213828 0.401049
0 0.989209 0.219931 0.0215828 0.0389783 0.39779
0 0.972958 0.258135 0.021209 0.0332723 0.393443
0 0.942257 0.814035 0.0147064 0.0246643 0.392959
0 0.949695 0.635965 0.0134365 0.0233949 0.391611
0 0.751407 0.190137 0.0205383 0.0398074 0.389174
0 0.875702 0.538613 0.0183517 0.0234422 0.388344
0 0.542117 0.859847 0.0313649 0.0453339 0.387725
0 0.989239 0.758353 0.0215213 0.0355221 0.384534
0 0.789973 0.867173 0.0374262 0.0456289 0.381791
0 0.890493 0.897696 0.0175217 0.03351 0.377518
0 0.880046 0.981213 0.0218713 0.0372305 0.374548
0 0.774777 0.436545 0.0249403 0.0399166 0.372133
0 0.562508 0.903916 0.0225948 0.0358405 0.357131
0 0.976274 0.552763 0.0245605 0.0416392 0.356648
0 0.951219 0.497456 0.0180508 0.0433955 0.349948
0 0.872571 0.830706 0.0163934 0.0340091 0.34802
0 0.861596 0.354351 0.0390541 0.0379443 0.343779
0 0.812624 0.907228 0.0210804 0.0389743 0.339351
0 0.862985 0.391441 0.0211937 0.032596 0.338875
0 0.787717 0.275657 0.0279474 0.0386084 0.337884
0 0.993353 0.183728 0.0132947 0.0347738 0.334137
0 0.800668 0.184339 0.0135678 0.0269753 0.328066
0 0.52865 0.817896 0.0232678 0.0405324 0.318271
0 0.528733 0.908426 0.0334058 0.0456784 0.312325
0 0.855434 0.919196 0.0279427 0.045674 0.30979
0 0.968957 0.404508 0.0149652 0.0245352 0.305141
0 0.933518 0.595718 0.0136555 0.0270842 0.304373
0 0.908362 0.714072 0.0137386 0.023545 0.302101
0 0.849448 0.246411 0.0134205 0.0294646 0.294251
0 0.914828 0.863088 0.013333 0.0197878 0.29265
0 0.851521 0.91459 0.0353367 0.054424 0.285834
0 0.822925 0.0143286 0.0286049 0.0283494 0.276641
0 0.903142 0.93722 0.0130096 0.0189931 0.274082
0 0.0851583 0.502228 0.0202184 0.0369581 0.274063
0 0.527297 0.967031 0.0256544 0.044774 0.273637
0 0.993973 0.592927 0.012055 0.0308455 0.272959
0 0.859455 0.924604 0.0218048 0.0349572 0.271757
0 0.767991 0.0105702 0.0233124 0.0204347 0.269109
0 0.965917 0.437124 0.020853 0.0385241 0.267097
0 0.868515 0.830293 0.0231383 0.0345876 0.266322
0 0.729498 0.0832877 0.0190151 0.0317542 0.257221
0 0.931359 0.844321 0.0159479 0.026633 0.248367
0 0.140699 0.307033 0.0112386 0.0181015 0.245003
0 0.898621 0.300423 0.0156708 0.0306052 0.240602
0 0.997097 0.438543 0.00580654 0.0384893 0.240529
0 0.79165 0.278935 0.0204177 0.0314834 0.240394
0 0.984719 0.752021 0.030241 0.0463309 0.238975
0 0.694141 0.373583 0.0250107 0.0399026 0.238284
0 0.761601 0.106911 0.0159602 0.0267183 0.237895
0 0.993891 0.892423 0.0122183 0.0366672 0.234814
0 0.773911 0.423024 0.024531 0.0595654 0.232574
0 0.771011 0.132239 0.0156761 0.0254861 0.229503
0 0.553543 0.971737 0.028502 0.0541434 0.228756
0 0.837205 0.306516 0.0159643 0.0324489 0.227499
0 0.853235 0.0915799 0.0272293 0.0384189 0.219735
0 0.547762 0.86995 0.0285412 0.0393889 0.219524
0 0.52422 0.91388 0.0243194 0.0375536 0.218768
0 0.822015 0.575653 0.0141079 0.0395082 0.218758
0 0.810556 0.570387 0.036391 0.047606 0.218636
0 0.832304 0.0492442 0.0155315 0.0253039 0.218162
0 0.114982 0.511663 0.0260608 0.0364438 0.213865
0 0.923436 0.504316 0.0127592 0.0230209 0.213324
0 0.862521 0.567108 0.0159618 0.0237508 0.21181
0 0.91915 0.34132 0.0216549 0.0269179 0.211235
0 0.933945 0.531227 0.0146729 0.0246321 0.208347
0 0.536725 0.859667 0.021533 0.037461 0.207634
0 0.967518 0.491104 0.0199551 0.0446329 0.20722
0 0.904341 0.474289 0.020142 0.0358758 0.20655
0 0.908112 0.519326 0.0159726 0.0251874 0.203311
0 0.758148 0.0533176 0.0275236 0.054095 0.197447
0 0.987719 0.982438 0.0239334 0.0338404 0.189956
0 0.819165 0.204941 0.0162781 0.0282454 0.187979
0 0.9631 0.492028 0.0277443 0.0463025 0.187665
0 0.939024 0.101777 0.0177151 0.0273364 0.185158
0 0.0288347 0.41344 0.0116044 0.0183689 0.175469
0 0.705668 0.397654 0.0479723 0.0887541 0.175048
0 0.821071 0.173292 0.0180546 0.0260839 0.1743
0 0.0240283 0.969882 0.0474775 0.0592335 0.172786
0 0.794555 0.86096 0.0298172 0.0525779 0.172621
0 0.9112 0.845762 0.0199177 0.03109 0.172143
0 0.901635 0.93634 0.0163315 0.022405 0.170431
0 0.85929 0.559568 0.0184155 0.0225908 0.168593
0 0.0196566 0.98071 0.0391917 0.0385793 0.168293
0 0.860826 0.0846901 0.0408985 0.0537678 0.165251
0 0.837704 0.0758351 0.0191921 0.0334722 0.164184
0 0.994556 0.392056 0.0108881 0.0344762 0.157094
0 0.764558 0.109118 0.0145452 0.0235518 0.152686
0 0.904256 0.518208 0.0147402 0.0261685 0.151742
0 0.995763 0.437589 0.00847492 0.0348602 0.148738
0 0.158248 0.598872 0.0100981 0.0177125 0.144187
0 0.889761 0.933603 0.0113328 0.0214457 0.143219
0 0.0162705 0.393243 0.01338 0.0216571 0.143012
0 0.798256 0.183557 0.0154232 0.0312867 0.142991
0 0.96984 0.488097 0.0181637 0.0383173 0.142062
0 0.870906 0.674773 0.0137039 0.0233792 0.14113
0 0.962132 0.611393 0.0166998 0.0199244 0.140034
0 0.754581 0.221124 0.0241041 0.0264527 0.139137
0 0.849738 0.0944777 0.0192305 0.0318345 0.137717
0 0.985883 0.429341 0.0145309 0.0292964 0.137617
0 0.992898 0.394358 0.0133591 0.03228 0.136578
0 0.910461 0.523985 0.016487 0.023712 0.135968
0 0.959019 0.433852 0.0352394 0.0498257 0.13537
0 0.017676 0.972947 0.0353521 0.0536695 0.134494
0 0.819349 0.573581 0.0199596 0.0396212 0.133789
0 0.978752 0.481692 0.0108624 0.0256195 0.133422
0 0.0144562 0.255371 0.0167182 0.0256335 0.128283
0 0.779145 0.981985 0.0422918 0.0347785 0.12724
0 0.956508 0.731689 0.0116253 0.0192495 0.125515
0 0.865981 0.0820704 0.031708 0.0589616 0.124697
0 0.895934 0.515146 0.0161003 0.0341125 0.124589
0 0.846388 0.638251 0.0199313 0.0294431 0.12419
0 0.07442 0.0789299 0.0126021 0.0192229 0.12168
0 0.995914 0.524362 0.00817127 0.0207603 0.121177
0 0.917829 0.993927 0.0235733 0.0117757 0.121082
0 0.111764 0.299386 0.0122595 0.0194376 0.120213
0 0.513796 0.872324 0.0242558 0.0482357 0.119547
0 0.185502 0.728282 0.0185087 0.0343004 0.119152
0 0.860836 0.564401 0.0183718 0.0268091 0.118522
0 0.158728 0.433371 0.00927992 0.0165393 0.116622
0 0.994002 0.524535 0.011997 0.0194742 0.116358
0 0.936952 0.729015 0.0160851 0.0248792 0.116201
0 0.833073 0.052112 0.0175869 0.0321045 0.113717
0 0.838611 0.815658 0.016444 0.0394071 0.112057
0 0.932818 0.727336 0.0218578 0.0263919 0.111418
0 0.0453647 0.23606 0.00996128 0.01563 0.111115
0 0.964207 0.544401 0.0162655 0.0351644 0.110819
0 0.993261 0.983204 0.0134779 0.0314568 0.108226
0 0.78391 0.2317 0.0216175 0.0214905 0.107466
0 0.866053 0.614865 0.0168667 0.0362315 0.107061
0 0.925272 0.502447 0.0124325 0.025086 0.106056
0 0.740623 0.460434 0.0244415 0.0472589 0.105055
0 0.997481 0.125179 0.00503731 0.033101 0.102565
0 0.991031 0.274861 0.0174543 0.0382961 0.102043
0 0.835339 0.0736602 0.0201914 0.0400577 0.101023
