0 0.904808 0.445461 0.0207226 0.047816 0.688574
0 0.798147 0.911367 0.0253227 0.0470006 0.684154
0 0.194735 0.263265 0.0209945 0.0385213 0.657862
0 0.59499 0.503932 0.0212678 0.0420632 0.637917
0 0.78859 0.349073 0.015834 0.0450472 0.631467
0 0.922619 0.619134 0.0182379 0.0357832 0.626757
0 0.798688 0.73072 0.0192626 0.0370589 0.618767
0 0.75751 0.191848 0.0183876 0.03491 0.617028
0 0.746821 0.897759 0.0155073 0.0300269 0.610695
0 0.82993 0.971848 0.0203798 0.0537562 0.603736
0 0.555311 0.444804 0.0136929 0.02509 0.601293
0 0.796478 0.959873 0.0213926 0.0358128 0.592478
0 0.83362 0.141375 0.0161701 0.0330939 0.584626
0 0.741431 0.537062 0.0181114 0.0327876 0.583074
0 0.14483 0.128861 0.0192604 0.0377433 0.580369
0 0.828712 0.581772 0.0193008 0.0382792 0.573122
0 0.804205 0.330378 0.0178379 0.034571 0.573063
0 0.846463 0.769495 0.018984 0.040667 0.5563
0 0.747402 0.604551 0.0159882 0.0285328 0.550194
0 0.759323 0.527481 0.017482 0.0284209 0.542801
0 0.565292 0.501398 0.0226993 0.0448117 0.539629
0 0.788082 0.0500487 0.0140518 0.0261563 0.530588
0 0.75765 0.986642 0.0152464 0.0258809 0.528778
0 0.857382 0.0823453 0.0187227 0.0308606 0.52775
0 0.77328 0.924375 0.0151062 0.0210182 0.524877
0 0.77036 0.411509 0.0191268 0.0387152 0.495687
0 0.76853 0.951123 0.0118759 0.0239718 0.494012
0 0.815349 0.193997 0.0165546 0.0318515 0.476662
0 0.818996 0.249603 0.0157108 0.0269478 0.475381
0 0.206936 0.433396 0.0180038 0.0348994 0.473533
0 0.839753 0.063404 0.0169205 0.0312349 0.470926
0 0.0698247 0.244746 0.0133244 0.0282473 0.46991
0 0.498131 0.0240964 0.0187063 0.0319865 0.45114
0 0.348279 0.100162 0.0151707 0.0297457 0.44694
0 0.0575152 0.259638 0.0179298 0.0375175 0.445398
0 0.648646 0.980731 0.021462 0.0361955 0.444307
0 0.53455 0.45871 0.018157 0.0330195 0.42697
0 0.935355 0.675699 0.0241764 0.0441008 0.4214
0 0.58554 0.450372 0.0204369 0.0395028 0.420576
0 0.254296 0.425254 0.0170621 0.0302895 0.41752
0 0.822368 0.850332 0.0146871 0.031211 0.415599
0 0.583426 0.220171 0.0149746 0.028738 0.414529
0 0.405929 0.375386 0.0241638 0.0413084 0.411063
0 0.657974 0.116616 0.0181309 0.0352307 0.403915
0 0.768413 0.592926 0.0137959 0.0264225 0.373631
0 0.305587 0.154917 0.0183951 0.0353882 0.360397
0 0.218593 0.270249 0.0157356 0.03244 0.343982
0 0.788771 0.584029 0.0142138 0.031911 0.341879
0 0.721439 0.771849 0.0137754 0.0295414 0.339678
0 0.254048 0.175895 0.0216399 0.0448848 0.338813
0 0.944877 0.636538 0.0225935 0.0346504 0.332415
0 0.549615 0.0282819 0.0228491 0.0356449 0.331763
0 0.452435 0.134588 0.0210173 0.0332486 0.331678
0 0.918019 0.655236 0.0158653 0.0314322 0.325023
0 0.519806 0.513053 0.019124 0.0353927 0.321891
0 0.944754 0.629006 0.0256963 0.0477498 0.318982
0 0.169646 0.521035 0.0146665 0.0312181 0.311029
0 0.0766991 0.0917299 0.0269714 0.0462274 0.306878
0 0.32248 0.52812 0.0136285 0.0249018 0.300363
0 0.223613 0.591599 0.0134574 0.0306444 0.296058
0 0.872675 0.767689 0.014822 0.0328081 0.293947
0 0.31086 0.503286 0.0114271 0.0276186 0.291111
0 0.2893 0.376138 0.011599 0.0226754 0.289411
0 0.880656 0.885276 0.0141794 0.0237759 0.287608
0 0.133494 0.0448939 0.0173099 0.0316619 0.284993
0 0.0960848 0.157687 0.0153951 0.0267042 0.280705
0 0.140386 0.425693 0.0141885 0.0298165 0.272032
0 0.111077 0.151317 0.0106129 0.0239727 0.268344
0 0.279304 0.146432 0.0269079 0.0444369 0.26701
0 0.496782 0.480899 0.0188429 0.0372689 0.261106
0 0.896632 0.309988 0.0195086 0.0356249 0.248649
0 0.106654 0.502602 0.0200672 0.0385729 0.247295
0 0.270139 0.413957 0.0107702 0.0333874 0.245476
0 0.410001 0.563214 0.0234394 0.0440203 0.243064
0 0.700704 0.496925 0.0226175 0.0435605 0.237275
0 0.957488 0.281831 0.0291401 0.0486984 0.236718
0 0.857534 0.979652 0.0240427 0.038978 0.235754
0 0.258936 0.357782 0.0197178 0.0306856 0.232362
0 0.799069 0.620786 0.0148357 0.0251198 0.232048
0 0.186979 0.51459 0.0140663 0.0345049 0.230527
0 0.722241 0.889888 0.0165278 0.0306773 0.229096
0 0.527983 0.264092 0.0178612 0.0360585 0.228594
0 0.238228 0.601138 0.0182192 0.0324955 0.227739
0 0.237342 0.254822 0.0152679 0.0260478 0.22732
0 0.909818 0.610312 0.0102139 0.0349489 0.22424
0 0.368146 0.411412 0.0137914 0.0256132 0.217407
0 0.267103 0.384305 0.015705 0.022936 0.215652
0 0.0567635 0.49617 0.0165108 0.0302186 0.210048
0 0.0727487 0.0404715 0.0194541 0.0330316 0.203649
0 0.464551 0.399883 0.0188168 0.0334858 0.203187
0 0.0155915 0.924205 0.0219267 0.0399113 0.200848
0 0.37478 0.0495107 0.0198307 0.0362065 0.198374
0 0.614314 0.446532 0.0206646 0.0397351 0.197617
0 0.0607012 0.256118 0.0217985 0.0409936 0.19463
0 0.595742 0.418991 0.0162547 0.0268185 0.190931
0 0.0555832 0.629006 0.0214064 0.0361353 0.18489
0 0.0161155 0.462009 0.0163374 0.0288064 0.184678
0 0.286537 0.413602 0.0193622 0.040392 0.180619
0 0.261149 0.228341 0.0152074 0.0296144 0.175989
0 0.117119 0.0806212 0.0240947 0.0395934 0.17528
0 0.719048 0.53654 0.0147846 0.0269874 0.174343
0 0.23172 0.383702 0.0262748 0.0532679 0.174167
0 0.593635 0.42112 0.0163872 0.0232032 0.16998
0 0.356363 0.066192 0.0204455 0.0352886 0.169559
0 0.540946 0.507709 0.0177513 0.0346246 0.167267
0 0.843783 0.28383 0.0138029 0.0236963 0.166391
0 0.700477 0.383677 0.0168961 0.0471983 0.165275
0 0.304486 0.14764 0.0181723 0.0412992 0.161824
0 0.807395 0.0608017 0.0158738 0.0289374 0.161322
0 0.267016 0.531755 0.0180653 0.0299481 0.160094
0 0.514415 0.0105988 0.0147026 0.0208054 0.15652
0 0.428574 0.377247 0.0129077 0.0226213 0.156355
0 0.241356 0.142037 0.0221694 0.0396175 0.155781
0 0.297087 0.448396 0.0141244 0.0265939 0.155339
0 0.4607 0.0118861 0.0199261 0.0237722 0.150538
0 0.00300355 0.487825 0.00599333 0.0438565 0.149999
0 0.607074 0.169235 0.0145596 0.0269175 0.146429
0 0.342461 0.462807 0.0155406 0.0273621 0.142247
0 0.068088 0.248419 0.0139646 0.0322066 0.140729
0 0.408825 0.372627 0.02134 0.033088 0.138948
0 0.0866639 0.516474 0.0172266 0.0299566 0.13878
0 0.508425 0.190611 0.0124744 0.0240258 0.138061
0 0.251272 0.790215 0.0180085 0.0343126 0.136158
0 0.674641 0.95777 0.0144209 0.026019 0.135665
0 0.703559 0.158505 0.0183233 0.0378771 0.133518
0 0.387118 0.558199 0.0186224 0.0337764 0.133161
0 0.216863 0.858143 0.0257285 0.039601 0.132361
0 0.616791 0.247963 0.0177183 0.0372847 0.131448
0 0.00258558 0.965892 0.00516798 0.0518769 0.131365
0 0.681892 0.835161 0.0141133 0.0320692 0.131229
0 0.459258 0.315887 0.0200439 0.0363984 0.130766
0 0.253368 0.637314 0.0165135 0.0300657 0.12999
0 0.680074 0.13366 0.0124031 0.0254016 0.12751
0 0.104639 0.56334 0.0165116 0.0299934 0.126531
0 0.307316 0.246631 0.021253 0.0432134 0.125801
0 0.362825 0.355836 0.0270289 0.0522849 0.12546
0 0.75972 0.453685 0.018528 0.0295935 0.125054
0 0.289324 0.41635 0.0211467 0.0398282 0.124832
0 0.743431 0.965309 0.0143124 0.0265177 0.123747
0 0.831108 0.796036 0.0179459 0.0295361 0.123726
0 0.74979 0.57041 0.0137422 0.0223233 0.123107
0 0.0511222 0.403227 0.0210601 0.0404286 0.121491
0 0.613471 0.129814 0.0142822 0.0248166 0.121408
0 0.996703 0.934718 0.00659428 0.0655098 0.120885
0 0.0543568 0.494491 0.0207252 0.033977 0.120707
0 0.466702 0.0717574 0.0169416 0.0276717 0.116819
0 0.955594 0.611709 0.0104073 0.0321933 0.116689
0 0.388603 0.602194 0.0146908 0.0359936 0.11541
0 0.320603 0.307795 0.0147885 0.0259487 0.115397
0 0.348774 0.833056 0.0201124 0.0352748 0.112976
0 0.591446 0.324364 0.0160847 0.0299452 0.111793
0 0.532423 0.00842363 0.0121523 0.0168473 0.110971
0 0.342824 0.531472 0.0141515 0.0269307 0.108297
0 0.00712299 0.239518 0.0141058 0.0554671 0.108093
0 0.093814 0.471576 0.0167815 0.0298784 0.108084
0 0.0983555 0.061106 0.0190811 0.0282637 0.107398
0 0.321309 0.13637 0.0111769 0.0243434 0.105553
0 0.842737 0.0329383 0.0184818 0.0288849 0.10504
0 0.759781 0.454679 0.0148324 0.0254729 0.104945
0 0.775319 0.549963 0.0149986 0.022502 0.10481
0 0.424332 0.402002 0.0222193 0.0338704 0.104387
0 0.733977 0.461578 0.0200841 0.0330279 0.104374
0 0.0690401 0.970092 0.025097 0.04725 0.102311
0 0.834248 0.00589747 0.0198475 0.0115665 0.101747
0 0.327472 0.39 0.017821 0.0316084 0.10059
0 0.278422 0.191261 0.0172549 0.0286791 0.100197
