0 0.767923 0.490422 0.02974 0.0448105 0.701888
0 0.81299 0.154065 0.0318787 0.0520834 0.686697
0 0.00787677 0.398771 0.0157535 0.036272 0.680503
0 0.674548 0.123233 0.0312926 0.0511061 0.674318
0 0.596598 0.757729 0.0271706 0.0345117 0.67161
0 0.0578084 0.437079 0.0251334 0.0399531 0.670582
0 0.137697 0.38931 0.024125 0.0428796 0.666527
0 0.490209 0.758459 0.0332932 0.0434933 0.665274
0 0.268647 0.539853 0.0198534 0.0356906 0.663582
0 0.594095 0.0868963 0.021041 0.0418769 0.659099
0 0.225569 0.179683 0.0164238 0.0366733 0.656614
0 0.594575 0.434318 0.0383139 0.049029 0.65312
0 0.667372 0.283495 0.0217289 0.0435774 0.652488
0 0.545798 0.207224 0.025008 0.0454604 0.650749
0 0.306271 0.0655906 0.0157675 0.0278265 0.649243
0 0.457708 0.194515 0.0148244 0.0325764 0.648869
0 0.341512 0.625909 0.0245704 0.0379971 0.648713
0 0.0818934 0.200969 0.0199888 0.0330034 0.64817
0 0.511344 0.192524 0.0248995 0.0453923 0.645543
0 0.455084 0.278182 0.0174152 0.0303335 0.644995
0 0.944464 0.886006 0.0219994 0.033074 0.643335
0 0.564964 0.781573 0.0241563 0.0361869 0.640414
0 0.175671 0.0757285 0.0197539 0.0309913 0.639394
0 0.0322294 0.110882 0.0193136 0.0328949 0.639326
0 0.479902 0.182235 0.0217164 0.042526 0.638956
0 0.681219 0.170438 0.0193336 0.0342576 0.637179
0 0.652927 0.605148 0.02684 0.0380056 0.63681
0 0.782951 0.189541 0.0238625 0.0430195 0.636617
0 0.943818 0.934224 0.0239967 0.0315108 0.634298
0 0.376602 0.606889 0.0245482 0.044456 0.633017
0 0.0505965 0.392651 0.0175364 0.0343955 0.632273
0 0.0991413 0.131645 0.0189921 0.0372315 0.630394
0 0.115635 0.224239 0.0161553 0.0306751 0.627869
0 0.812862 0.102302 0.0219051 0.0367685 0.626111
0 0.51381 0.0202564 0.0171492 0.0325964 0.621397
0 0.632841 0.656897 0.0227402 0.0434271 0.619208
0 0.600897 0.181061 0.0167841 0.0336365 0.618129
0 0.544659 0.397312 0.0193067 0.0362661 0.617851
0 0.134711 0.0576611 0.0180337 0.0317129 0.617806
0 0.784903 0.129365 0.0260517 0.0427668 0.617286
0 0.814093 0.289925 0.0241573 0.0436401 0.616452
0 0.0504301 0.21867 0.024678 0.0335687 0.61588
0 0.798653 0.764196 0.0218782 0.0473816 0.61576
0 0.0796298 0.147915 0.0149209 0.0306356 0.615728
0 0.411826 0.28771 0.0179514 0.0304327 0.615639
0 0.64499 0.174562 0.0230815 0.0436453 0.613041
0 0.0137548 0.0887311 0.0181039 0.0380734 0.611822
0 0.254992 0.432268 0.0215523 0.045413 0.610968
0 0.437771 0.179073 0.0186319 0.0389881 0.609753
0 0.211838 0.154049 0.0161857 0.0325216 0.60926
0 0.476491 0.419828 0.018363 0.0384972 0.60743
0 0.0706194 0.358153 0.0170264 0.0294271 0.607219
0 0.231727 0.5052 0.02083 0.0424036 0.607034
0 0.312353 0.268127 0.0167842 0.0296396 0.606161
0 0.620691 0.17901 0.0197179 0.0381097 0.605575
0 0.0767354 0.322153 0.0173132 0.0328879 0.604988
0 0.667472 0.825551 0.0234056 0.0371148 0.604936
0 0.723088 0.272889 0.0172728 0.0304466 0.604198
0 0.87929 0.862289 0.0284145 0.0462465 0.599145
0 0.729923 0.215838 0.0216202 0.0507456 0.598867
0 0.922529 0.888174 0.0140842 0.0313729 0.598851
0 0.64604 0.55732 0.0191938 0.0362722 0.597914
0 0.630876 0.710352 0.018942 0.0384333 0.597502
0 0.351605 0.419302 0.0195724 0.0316945 0.596651
0 0.574909 0.171363 0.025326 0.0397172 0.596617
0 0.118756 0.181413 0.0161976 0.0299791 0.596184
0 0.367189 0.113547 0.0176197 0.0344424 0.595307
0 0.342442 0.178287 0.0188825 0.0348528 0.594977
0 0.720622 0.418792 0.017404 0.0382868 0.59444
0 0.406291 0.447938 0.023931 0.041449 0.592493
0 0.217262 0.32734 0.0178829 0.0316832 0.592405
0 0.677463 0.0253447 0.0214294 0.0399981 0.590277
0 0.707542 0.461151 0.0246827 0.0364435 0.590257
0 0.634483 0.26547 0.0202709 0.0413518 0.5881
0 0.693044 0.279404 0.0255163 0.0394763 0.587646
0 0.859455 0.732566 0.0222228 0.0322225 0.58646
0 0.654911 0.724622 0.0207167 0.0363837 0.585721
0 0.774921 0.0340867 0.0278399 0.0585254 0.585367
0 0.45362 0.321852 0.0204781 0.0381265 0.584714
0 0.77072 0.946329 0.020234 0.0262573 0.584156
0 0.324806 0.655066 0.0178039 0.0333004 0.583881
0 0.655116 0.0345382 0.0189418 0.0363144 0.583778
0 0.0111895 0.330874 0.0214775 0.043057 0.583122
0 0.786374 0.866513 0.0190648 0.0327271 0.581525
0 0.624483 0.3041 0.0172231 0.0241006 0.580994
0 0.227952 0.0110663 0.0186401 0.0214737 0.580801
0 0.443029 0.487567 0.0274893 0.0443154 0.57992
0 0.720555 0.362013 0.0339542 0.0639014 0.57986
0 0.703384 0.212623 0.0204431 0.0404979 0.576865
0 0.348211 0.467686 0.0174548 0.0400879 0.575856
0 0.759867 0.20684 0.0191952 0.0339754 0.57514
0 0.113897 0.42221 0.0165052 0.0275177 0.574569
0 0.265495 0.103799 0.0156781 0.030542 0.574158
0 0.76368 0.79626 0.0195029 0.034436 0.573806
0 0.354769 0.372484 0.0147559 0.0285779 0.572416
0 0.354143 0.316639 0.0184809 0.0291257 0.572201
0 0.433281 0.74314 0.0200693 0.0385118 0.571112
0 0.417671 0.322659 0.0168795 0.0304844 0.570667
0 0.529814 0.763461 0.0198221 0.0350962 0.570151
0 0.607243 0.840075 0.0189431 0.0369035 0.56987
0 0.701146 0.106801 0.0179104 0.0335739 0.569457
0 0.368932 0.171738 0.0167532 0.0293577 0.568534
0 0.0486977 0.106651 0.0134942 0.0349142 0.568046
0 0.565692 0.265319 0.0183652 0.0420654 0.567976
0 0.139359 0.12923 0.0149054 0.0399366 0.567915
0 0.46829 0.379035 0.0147608 0.0257534 0.566572
0 0.191388 0.116109 0.0177612 0.0305928 0.566231
0 0.360557 0.521742 0.0192379 0.0337295 0.564681
0 0.854474 0.505326 0.022759 0.0367328 0.56407
0 0.643188 0.0707173 0.0182147 0.0385999 0.563949
0 0.307226 0.216373 0.0225592 0.0377784 0.563599
0 0.694906 0.830014 0.0195214 0.0368517 0.563315
0 0.245413 0.148389 0.0139299 0.0242363 0.562545
0 0.290192 0.420253 0.0183727 0.0353562 0.56112
0 0.409839 0.241539 0.0167982 0.031819 0.558998
0 0.12415 0.296995 0.0148087 0.0261078 0.558973
0 0.432437 0.248816 0.0143394 0.029399 0.558381
0 0.493644 0.330852 0.0253847 0.0475416 0.556738
0 0.218818 0.279603 0.0178074 0.0347134 0.5566
0 0.152741 0.501428 0.0241992 0.0391084 0.555304
0 0.20943 0.483283 0.0224906 0.0361358 0.551251
0 0.624697 0.444334 0.0175292 0.0371811 0.550835
0 0.193354 0.508734 0.0156418 0.0286106 0.550626
0 0.565279 0.378469 0.0176153 0.0363413 0.549963
0 0.23219 0.0506089 0.0161715 0.0289333 0.549588
0 0.703895 0.754476 0.0181217 0.0359717 0.548315
0 0.316436 0.16798 0.014936 0.031683 0.54829
0 0.0998098 0.451596 0.0146523 0.0256662 0.547433
0 0.116464 0.254984 0.0157983 0.0241193 0.545614
0 0.15648 0.226059 0.0130909 0.0293272 0.544995
0 0.0991073 0.255919 0.0150581 0.0277089 0.544318
0 0.726242 0.153893 0.0271805 0.0493799 0.543946
0 0.437537 0.0659901 0.0208487 0.0367014 0.543546
0 0.601589 0.362527 0.0229294 0.0454158 0.543186
0 0.963205 0.0230976 0.0241492 0.0370585 0.542946
0 0.518164 0.409657 0.0248434 0.0419627 0.542672
0 0.406708 0.152642 0.0184155 0.0300657 0.54053
0 0.18792 0.193562 0.0149681 0.0307874 0.540289
0 0.256908 0.282113 0.0224039 0.0394418 0.539154
0 0.0885209 0.344768 0.0127666 0.0251327 0.538819
0 0.703885 0.0532039 0.0189208 0.0388427 0.538156
0 0.3705 0.0159087 0.0184878 0.0310361 0.537929
0 0.377113 0.463885 0.0187096 0.0362836 0.536955
0 0.472914 0.131885 0.0192434 0.0400421 0.535691
0 0.393584 0.384598 0.0166983 0.0289962 0.535486
0 0.154308 0.0801214 0.0178798 0.0251832 0.533448
0 0.73038 0.071747 0.0202657 0.039311 0.531396
0 0.827505 0.0380291 0.025539 0.0590802 0.529904
0 0.251912 0.0309727 0.0164595 0.0357216 0.529812
0 0.707237 0.676533 0.0227858 0.0449085 0.529506
0 0.58593 0.251658 0.0183697 0.0321555 0.527535
0 0.456013 0.0285238 0.017104 0.0330105 0.525823
0 0.289213 0.125374 0.0151474 0.0361217 0.518057
0 0.38475 0.0528682 0.0157763 0.02453 0.516473
0 0.173814 0.37999 0.0145888 0.0387767 0.516062
0 0.964494 0.36326 0.0241114 0.0383289 0.515597
0 0.515053 0.301884 0.0172063 0.024027 0.51542
0 0.10238 0.296457 0.0166766 0.0277173 0.514893
0 0.0395926 0.282012 0.0231864 0.0480806 0.513748
0 0.572801 0.208665 0.022783 0.0306131 0.513607
0 0.717086 0.31004 0.0184425 0.0246092 0.511626
0 0.15495 0.175028 0.0120291 0.0367783 0.509548
0 0.384754 0.339848 0.0296206 0.0314408 0.509484
0 0.859651 0.0961387 0.0363888 0.0655668 0.508922
0 0.479039 0.0122833 0.0196512 0.0239827 0.508407
0 0.856993 0.92659 0.0161265 0.0283101 0.508308
0 0.114997 0.390178 0.0144228 0.0249942 0.508018
0 0.402947 0.544866 0.0154879 0.03145 0.507614
0 0.706703 0.953253 0.0234775 0.0427421 0.506348
0 0.375403 0.233287 0.0119691 0.0231561 0.504863
0 0.62933 0.368357 0.0199446 0.0576348 0.504397
0 0.834086 0.84488 0.0182461 0.0334625 0.503057
0 0.327955 0.413211 0.0150885 0.0394786 0.500319
0 0.233945 0.108395 0.0264519 0.0382948 0.499801
0 0.121456 0.0937111 0.0151896 0.0300864 0.498382
0 0.0853957 0.0855934 0.0158202 0.0277277 0.497172
0 0.831521 0.969265 0.015723 0.0295423 0.495847
0 0.803602 0.898108 0.0176846 0.0294651 0.495487
0 0.0545752 0.0533609 0.0120247 0.0271788 0.493472
0 0.631257 0.123536 0.0179784 0.0322602 0.492781
0 0.666867 0.78168 0.0215967 0.0355337 0.49242
0 0.490737 0.0328326 0.0154604 0.0297552 0.49213
0 0.312053 0.450637 0.0233997 0.0315741 0.492043
0 0.581723 0.551168 0.0172528 0.0325295 0.491729
0 0.234665 0.226333 0.0172951 0.0278669 0.491326
0 0.521277 0.114651 0.0146599 0.0260978 0.490219
0 0.0622609 0.297046 0.0176806 0.0302057 0.48834
0 0.806318 0.0255337 0.019637 0.0366134 0.487278
0 0.371309 0.372555 0.0123541 0.0261195 0.487019
0 0.604515 0.265575 0.0164499 0.0358041 0.487015
0 0.652464 0.450586 0.0177431 0.0322237 0.485347
0 0.844961 0.795492 0.021088 0.044512 0.477639
0 0.626126 0.0486805 0.0189924 0.0312186 0.477099
0 0.142318 0.295598 0.0145269 0.0287644 0.47476
0 0.856312 0.0206552 0.0402161 0.0411038 0.474401
0 0.824634 0.904509 0.0158861 0.0294647 0.473604
0 0.772997 0.236597 0.0198349 0.0391966 0.472383
0 0.077819 0.0183358 0.0141111 0.0293967 0.471684
0 0.243102 0.547475 0.0186531 0.0275034 0.470074
0 0.201943 0.229745 0.0141011 0.0367833 0.467465
0 0.171018 0.118867 0.0126247 0.0327867 0.466372
0 0.838322 0.929426 0.0134708 0.0294759 0.461543
0 0.813826 0.9539 0.0172459 0.0270758 0.461516
0 0.616868 0.488941 0.0267001 0.0383714 0.460048
0 0.322966 0.0932087 0.0166711 0.0352793 0.458267
0 0.558689 0.450211 0.0186381 0.0274624 0.45778
0 0.445957 0.693987 0.0195222 0.027537 0.456867
0 0.344446 0.266905 0.0137318 0.0208917 0.456449
0 0.0963204 0.0383723 0.0170515 0.0294001 0.455028
0 0.0760613 0.256748 0.0210589 0.0246145 0.454231
0 0.495642 0.279657 0.0141321 0.0319598 0.446104
0 0.396965 0.0170593 0.0261667 0.0330693 0.444917
0 0.215796 0.082715 0.0144811 0.0302024 0.442387
0 0.480206 0.0773375 0.0223385 0.0347268 0.442271
0 0.437348 0.781491 0.0141693 0.0261183 0.441152
0 0.598275 0.585982 0.0294258 0.0463055 0.440664
0 0.164449 0.276979 0.0190522 0.0357557 0.437526
0 0.87052 0.973175 0.0243446 0.042639 0.435777
0 0.98845 0.963908 0.0231001 0.0302704 0.435049
0 0.681997 0.44083 0.0176006 0.0370919 0.434822
0 0.585033 0.856734 0.0154875 0.0291606 0.433507
0 0.67626 0.723739 0.0179973 0.0347443 0.431675
0 0.112869 0.457779 0.0144314 0.0246506 0.431441
0 0.0932917 0.410414 0.0169208 0.0310488 0.430815
0 0.251835 0.186257 0.0226656 0.0295088 0.428475
0 0.755609 0.0289906 0.0174671 0.0339825 0.424523
0 0.312764 0.545559 0.0180279 0.0369282 0.422211
0 0.185368 0.233691 0.0193695 0.0342108 0.420937
0 0.333863 0.54057 0.019077 0.029662 0.417833
0 0.416972 0.179955 0.0190138 0.0335037 0.411704
0 0.473201 0.232895 0.0174816 0.0385917 0.411119
0 0.64774 0.693595 0.0147861 0.0229524 0.411068
0 0.346766 0.0703734 0.0133327 0.0309992 0.410497
0 0.845642 0.348963 0.0221672 0.0375802 0.410039
0 0.194083 0.0535212 0.015378 0.0266761 0.404856
0 0.547451 0.319838 0.0265257 0.0448264 0.404364
0 0.235311 0.41938 0.0150309 0.0279883 0.400954
0 0.328631 0.0443978 0.012675 0.0276936 0.398383
0 0.735175 0.922808 0.0149832 0.0252516 0.397856
0 0.383737 0.511922 0.0138111 0.0218621 0.396395
0 0.389668 0.689927 0.0135359 0.0267701 0.393935
0 0.915826 0.930509 0.0199841 0.0399036 0.393532
0 0.275761 0.574111 0.0144348 0.0260273 0.393295
0 0.57961 0.828628 0.0179017 0.0304528 0.393258
0 0.486695 0.507917 0.0205551 0.0264336 0.389933
0 0.38866 0.125314 0.0154053 0.0300915 0.388528
0 0.322649 0.37517 0.0140523 0.0249457 0.38292
0 0.141019 0.333213 0.0147161 0.0231439 0.381641
0 0.278456 0.0391353 0.0187323 0.034927 0.381433
0 0.720043 0.903777 0.0131104 0.0204592 0.380538
0 0.103058 0.48656 0.0127954 0.0282692 0.379307
0 0.638688 0.478138 0.0215027 0.0375437 0.372737
0 0.718253 0.353976 0.030167 0.0462188 0.372564
0 0.782313 0.774057 0.0148122 0.0313527 0.367088
0 0.27636 0.440007 0.0166738 0.0286527 0.366144
0 0.466476 0.233793 0.0303636 0.0375681 0.363062
0 0.0214978 0.375609 0.0140146 0.0274017 0.362113
0 0.621105 0.00976214 0.0168707 0.0190552 0.360157
0 0.222819 0.453568 0.0164554 0.0311493 0.358991
0 0.377391 0.646853 0.0155808 0.0250468 0.354183
0 0.737719 0.0395047 0.0240361 0.0354061 0.353875
0 0.406045 0.711081 0.0170919 0.0345237 0.352149
0 0.437202 0.322887 0.0119013 0.0317775 0.350707
0 0.12048 0.133075 0.0180383 0.033546 0.349718
0 0.0204645 0.29017 0.0170521 0.0368226 0.348282
0 0.79562 0.983071 0.0162991 0.0283 0.343387
0 0.472066 0.474857 0.0141867 0.0242202 0.342968
0 0.566456 0.854328 0.0146513 0.0272546 0.342264
0 0.0245616 0.218929 0.0177147 0.0361727 0.341395
0 0.538165 0.0471509 0.0219156 0.0422042 0.340955
0 0.691265 0.728183 0.0115603 0.0214722 0.34077
0 0.160493 0.466433 0.0175012 0.0308669 0.340405
0 0.00398823 0.0319899 0.00791485 0.0201817 0.33962
0 0.264946 0.509481 0.017015 0.0267326 0.338142
0 0.609025 0.125327 0.0175401 0.0355213 0.337071
0 0.457928 0.812139 0.0145407 0.033106 0.334672
0 0.477425 0.283656 0.0181278 0.0331598 0.331704
0 0.0793253 0.256878 0.0161238 0.025602 0.330829
0 0.263042 0.325127 0.0200923 0.0236436 0.327446
0 0.902876 0.884913 0.0155856 0.0316355 0.326695
0 0.597054 0.0352117 0.0141833 0.028852 0.32311
0 0.0680653 0.113056 0.0190348 0.0283435 0.321333
0 0.855033 0.842456 0.0107571 0.0261012 0.320023
0 0.628256 0.0393279 0.020438 0.0368948 0.319179
0 0.0776808 0.107666 0.0105911 0.0247624 0.317738
0 0.795658 0.951139 0.0127594 0.0205084 0.317291
0 0.0311015 0.152934 0.0290198 0.0410954 0.314891
0 0.0779542 0.0478404 0.0140608 0.02216 0.314443
0 0.674148 0.443117 0.0219446 0.0369059 0.313472
0 0.62794 0.0452098 0.0202975 0.0347951 0.313231
0 0.408596 0.0530196 0.0162895 0.0272064 0.312025
0 0.837533 0.795394 0.0356947 0.0479458 0.311956
0 0.329061 0.308589 0.0176884 0.0230809 0.309213
0 0.164672 0.1211 0.0227892 0.0360613 0.306271
0 0.288934 0.257627 0.0114211 0.0247205 0.305655
0 0.21473 0.364488 0.0130545 0.0192456 0.304959
0 0.539817 0.0953766 0.0121643 0.0163247 0.304946
0 0.665109 0.241815 0.02589 0.0267839 0.30422
0 0.751249 0.945079 0.013419 0.0207028 0.3028
0 0.516551 0.837069 0.0192545 0.0307497 0.298608
0 0.0222776 0.0331611 0.0148884 0.0203242 0.298531
0 0.316546 0.0141072 0.0364824 0.0266225 0.29565
0 0.548326 0.149829 0.019021 0.0365148 0.29222
0 0.419075 0.00680396 0.0132938 0.0136079 0.29164
0 0.10967 0.970978 0.101561 0.0580439 0.290352
0 0.615945 0.885473 0.0143984 0.0287998 0.290231
0 0.623742 0.850442 0.014505 0.0288022 0.289691
0 0.137195 0.182663 0.0134081 0.0272377 0.289647
0 0.206107 0.0376603 0.0142272 0.0281149 0.289496
0 0.0666562 0.0853615 0.0129784 0.0146263 0.288319
0 0.632625 0.890112 0.0149284 0.0358042 0.286824
0 0.30561 0.610046 0.0200078 0.0376766 0.286572
0 0.397848 0.619025 0.017006 0.0319187 0.283379
0 0.718606 0.840857 0.0195257 0.0356127 0.28203
0 0.401107 0.0161649 0.0203801 0.0318059 0.281231
0 0.134841 0.24887 0.0161098 0.0171666 0.280996
0 0.366982 0.561965 0.0153774 0.0295658 0.279325
0 0.480061 0.807808 0.0200161 0.0372352 0.279152
0 0.0827662 0.46835 0.0127954 0.0256502 0.278058
0 0.419105 0.364795 0.0239856 0.0245566 0.277294
0 0.286205 0.602088 0.0196111 0.0376173 0.276878
0 0.970783 0.903362 0.0224968 0.0319563 0.276488
0 0.079138 0.324702 0.0161936 0.0332701 0.263786
0 0.891128 0.0975671 0.0211246 0.0397657 0.263764
0 0.478347 0.0831353 0.0222289 0.034646 0.258082
0 0.50287 0.116692 0.0196459 0.0287948 0.257222
0 0.425375 0.679926 0.019228 0.0352912 0.256194
0 0.326693 0.578779 0.0268503 0.0288539 0.255795
0 0.124779 0.488461 0.0186045 0.0294091 0.254402
0 0.541783 0.127134 0.0186757 0.0250256 0.254277
0 0.409703 0.12209 0.0161322 0.0291163 0.253811
0 0.0608867 0.146296 0.0137647 0.0203846 0.252249
0 0.814121 0.848301 0.0190674 0.0275911 0.250971
0 0.337983 0.334378 0.00931311 0.0278511 0.250062
0 0.704725 0.146873 0.0195555 0.0385218 0.249341
0 0.279781 0.0694404 0.0163286 0.0218987 0.249265
0 0.333161 0.241278 0.0141788 0.0310072 0.248387
0 0.251433 0.512254 0.0141901 0.0257991 0.248247
0 0.737076 0.844983 0.0181274 0.0331658 0.247667
0 0.251063 0.381697 0.0198282 0.0223113 0.247024
0 0.713795 0.351608 0.0210313 0.0388737 0.246304
0 0.515577 0.790099 0.0160103 0.0336148 0.243526
0 0.359704 0.658687 0.0157448 0.030005 0.241694
0 0.0759075 0.0209047 0.0149443 0.0291965 0.239995
0 0.342585 0.138453 0.018298 0.0239608 0.2369
0 0.97447 0.932614 0.0241241 0.03196 0.234465
0 0.701812 0.520907 0.0214616 0.0413556 0.229631
0 0.513027 0.0694364 0.0268524 0.0446551 0.229201
0 0.128231 0.449706 0.0135912 0.0276493 0.226167
0 0.716585 0.368276 0.0248475 0.0538027 0.225825
0 0.023315 0.377858 0.0180121 0.03189 0.221048
0 0.00405426 0.368403 0.00810853 0.0232308 0.220766
0 0.364576 0.265498 0.0136241 0.02549 0.220183
0 0.835581 0.119835 0.0175138 0.0237167 0.219996
0 0.72559 0.352175 0.0281773 0.0445329 0.213957
0 0.538121 0.463015 0.016754 0.0335541 0.213702
0 0.688845 0.926955 0.013873 0.0319017 0.213063
0 0.765286 0.1213 0.0167126 0.0408387 0.212678
0 0.545306 0.143226 0.0228801 0.0453325 0.207468
0 0.761655 0.167445 0.0229263 0.032719 0.206026
0 0.0337883 0.0721912 0.0151376 0.0168591 0.205778
0 0.602588 0.583962 0.0226942 0.0447889 0.205652
0 0.543608 0.830358 0.0179841 0.0294993 0.202684
0 0.581364 0.831989 0.0192393 0.0306159 0.200669
0 0.356731 0.578802 0.0209565 0.0319027 0.199116
0 0.390219 0.288006 0.0150006 0.0258047 0.196453
0 0.418503 0.0909473 0.0136055 0.0208393 0.19473
0 0.755492 0.138391 0.0173901 0.0283562 0.193662
0 0.562705 0.337262 0.0141607 0.0245488 0.193659
0 0.0356863 0.354197 0.0183053 0.0315883 0.192883
0 0.307993 0.337871 0.0133324 0.0246031 0.191719
0 0.420625 0.771703 0.0188673 0.0308414 0.190328
0 0.83612 0.929069 0.0141018 0.0312297 0.189142
0 0.691329 0.347062 0.0152086 0.0283329 0.188962
0 0.607306 0.129083 0.0188313 0.0383713 0.188642
0 0.370026 0.686947 0.0145193 0.0249454 0.187452
0 0.025655 0.3801 0.0173844 0.0303864 0.186566
0 0.290013 0.172151 0.0182776 0.0319971 0.186
0 0.421914 0.775037 0.0184786 0.0266934 0.184943
0 0.236354 0.272465 0.0129059 0.0269869 0.184655
0 0.503714 0.386394 0.0142191 0.0210027 0.184566
0 0.171458 0.377639 0.016829 0.0379382 0.183833
0 0.130307 0.450214 0.0171051 0.0307187 0.180011
0 0.170061 0.196153 0.0171693 0.0289041 0.17895
0 0.90477 0.982413 0.0239422 0.0329395 0.177776
0 0.137579 0.45679 0.0174352 0.0379981 0.177727
0 0.875102 0.857252 0.0268002 0.0555863 0.17772
0 0.765442 0.859094 0.0226602 0.0387344 0.17647
0 0.315464 0.0140026 0.0236244 0.0257917 0.175422
0 0.196268 0.408437 0.0282962 0.0487661 0.174453
0 0.102082 0.453526 0.014729 0.0264327 0.172317
0 0.346359 0.222802 0.0132137 0.0295243 0.171456
0 0.589547 0.0442679 0.0232195 0.0369037 0.170507
0 0.0893187 0.972154 0.0572691 0.0549984 0.167537
0 0.0712655 0.256302 0.0245351 0.0226782 0.164949
0 0.593358 0.0381518 0.0199684 0.0334825 0.164823
0 0.49602 0.41333 0.0111913 0.0287273 0.163689
0 0.853365 0.875163 0.0136654 0.0251309 0.163398
0 0.746645 0.97322 0.0198133 0.0286776 0.163231
0 0.514808 0.0749737 0.0206278 0.0353695 0.1629
0 0.419715 0.767124 0.0192354 0.0371073 0.161667
0 0.822951 0.90767 0.0186489 0.034667 0.161208
0 0.721202 0.954018 0.0260182 0.0400399 0.160645
0 0.730116 0.352461 0.0197398 0.0433122 0.160301
0 0.552543 0.329517 0.029569 0.0412394 0.160249
0 0.187132 0.474946 0.0137513 0.0284597 0.160177
0 0.43398 0.28024 0.0158514 0.0230553 0.159848
0 0.24982 0.515779 0.0162391 0.0316397 0.159756
0 0.740361 0.00840316 0.0187693 0.0167226 0.158597
0 0.418196 0.0885956 0.0156734 0.0194174 0.158207
0 0.213944 0.0844047 0.0174974 0.0343876 0.157336
0 0.309651 0.0147138 0.0238983 0.0265339 0.157128
0 0.678009 0.713657 0.0178099 0.0271372 0.156745
0 0.0341879 0.408941 0.0158186 0.0210141 0.15668
0 0.156787 0.333957 0.012217 0.0272135 0.153483
0 0.700158 0.496149 0.0197306 0.0241742 0.150417
0 0.816122 0.957397 0.0160587 0.0259372 0.14983
0 0.208244 0.105483 0.0127268 0.0216018 0.148393
0 0.622897 0.488332 0.0154428 0.0375407 0.148126
0 0.215331 0.364726 0.0162614 0.0240133 0.147508
0 0.742987 0.883651 0.0189404 0.0191901 0.146829
0 0.714733 0.0159733 0.0308203 0.0310589 0.146126
0 0.0994017 0.176526 0.0200609 0.0341166 0.146014
0 0.709821 0.018974 0.0311703 0.0366017 0.143768
0 0.953475 0.986497 0.0212208 0.0256187 0.143699
0 0.455585 0.807881 0.0199865 0.043458 0.143351
0 0.331651 0.0120619 0.017909 0.0230981 0.143252
0 0.605047 0.434261 0.0190179 0.0496397 0.142093
0 0.396344 0.65718 0.0162022 0.0234408 0.142032
0 0.421251 0.676028 0.0248858 0.0406073 0.140641
0 0.101457 0.255174 0.0131782 0.0258201 0.137097
0 0.0837894 0.429243 0.0151 0.0255254 0.136377
0 0.740802 0.0398402 0.018692 0.0312718 0.136299
0 0.328448 0.0125448 0.022253 0.0243923 0.135945
0 0.36529 0.213795 0.0131647 0.0179573 0.134773
0 0.677427 0.719319 0.0183451 0.037893 0.133444
0 0.0730404 0.111272 0.0154849 0.028361 0.13271
0 0.486515 0.456913 0.0173841 0.0186254 0.132598
0 0.516495 0.069305 0.0178226 0.0424576 0.13246
0 0.0926575 0.967233 0.14796 0.0655348 0.13227
0 0.472017 0.0382201 0.0132678 0.0240159 0.1318
0 0.239148 0.109536 0.0194178 0.0356269 0.131143
0 0.240933 0.549851 0.02056 0.0302385 0.130487
0 0.188865 0.416347 0.0182847 0.0378098 0.129932
0 0.905214 0.886031 0.0145329 0.0330699 0.129462
0 0.679287 0.50132 0.0200841 0.0375808 0.128475
0 0.645992 0.695944 0.0143061 0.0228059 0.127991
0 0.857862 0.666531 0.0168404 0.0224852 0.127243
0 0.335841 0.332811 0.0101884 0.0256217 0.126966
0 0.194131 0.308593 0.0190903 0.0348423 0.126164
0 0.175595 0.323226 0.0119848 0.021777 0.126002
0 0.670524 0.443888 0.0156496 0.0360392 0.125931
0 0.869783 0.841282 0.0179756 0.0262122 0.125506
0 0.695194 0.51445 0.0339526 0.0565417 0.125282
0 0.278534 0.435011 0.0207897 0.0370201 0.124738
0 0.393555 0.65743 0.0152944 0.0232632 0.124675
0 0.251731 0.379492 0.0226884 0.0286118 0.123796
0 0.414353 0.75785 0.0112229 0.0253181 0.122981
0 0.319364 0.495649 0.0196822 0.0201777 0.122588
0 0.00306167 0.173662 0.00612334 0.0515875 0.121132
0 0.726803 0.955552 0.0187518 0.0351114 0.12048
0 0.424549 0.776065 0.0149597 0.0280033 0.120364
0 0.269564 0.134872 0.0173272 0.027915 0.118209
0 0.640719 0.00626464 0.0167187 0.0125293 0.11802
0 0.19963 0.41158 0.0239834 0.0406801 0.116815
0 0.161328 0.122813 0.0209163 0.0354593 0.116608
0 0.348255 0.0705048 0.0171671 0.0343977 0.116203
0 0.415816 0.363718 0.0205175 0.023189 0.115077
0 0.846037 0.350129 0.0204456 0.0279557 0.114481
0 0.858082 0.665134 0.0209456 0.0293838 0.114226
0 0.997359 0.926858 0.00528259 0.0258625 0.113308
0 0.701079 0.513397 0.0214317 0.0561428 0.112518
0 0.102447 0.0862648 0.0177945 0.0368192 0.111935
0 0.675741 0.920257 0.0127672 0.0243022 0.111786
0 0.125089 0.451802 0.0121471 0.0249612 0.111342
0 0.241135 0.466752 0.012718 0.0192088 0.11129
0 0.0115635 0.240362 0.0225322 0.0351995 0.111252
0 0.358994 0.575354 0.0250731 0.0360027 0.110908
0 0.135193 0.454899 0.0182247 0.0349265 0.110499
0 0.850276 0.981049 0.014296 0.024983 0.109836
0 0.682913 0.506977 0.0245288 0.0470052 0.109428
0 0.353188 0.03218 0.0142425 0.0235543 0.109095
0 0.311402 0.411485 0.0193714 0.0350862 0.108815
0 0.193085 0.413632 0.0244698 0.04387 0.108579
0 0.678842 0.707008 0.0190258 0.0147941 0.108534
0 0.649666 0.695863 0.0172135 0.024892 0.107316
0 0.301317 0.306982 0.0166393 0.0216719 0.107311
0 0.199554 0.405258 0.0224411 0.0431878 0.107287
0 0.207369 0.331335 0.0156949 0.0257486 0.10693
0 0.158181 0.36731 0.0140161 0.0215594 0.106678
0 0.526854 0.474772 0.027338 0.0397137 0.106348
0 0.213654 0.418417 0.0112323 0.0293263 0.106255
0 0.288195 0.422696 0.0217817 0.042836 0.105352
0 0.747202 0.976716 0.0225079 0.0295924 0.10513
0 0.456839 0.498974 0.0172632 0.030324 0.104856
0 0.416169 0.760077 0.0139984 0.0272956 0.104432
0 0.53322 0.476017 0.0227734 0.0558556 0.104028
0 0.0603758 0.214852 0.0162604 0.0346049 0.103845
0 0.835154 0.993996 0.0197178 0.0115309 0.103792
0 0.740491 0.0115273 0.0201612 0.0226424 0.103747
0 0.716387 0.838368 0.0199024 0.0418026 0.103627
0 0.650154 0.842169 0.0123442 0.0277768 0.101721
0 0.404013 0.713476 0.0170256 0.0355893 0.101669
0 0.0446396 0.0262687 0.0120525 0.0174315 0.100965
0 0.101561 0.484877 0.0152322 0.0326747 0.100454
