0 0.554461 0.617454 0.08868 0.0365051 0.692881
0 0.110015 0.10768 0.075813 0.0298873 0.692182
0 0.507566 0.26577 0.0735134 0.0372031 0.681108
0 0.83962 0.147222 0.068706 0.0420934 0.67331
0 0.278574 0.706422 0.0510605 0.0200549 0.671769
0 0.0401053 0.129317 0.0773367 0.0519866 0.670102
0 0.214037 0.631191 0.0517812 0.0216884 0.669604
0 0.748492 0.173037 0.0730694 0.0347748 0.669377
0 0.235951 0.855913 0.0579445 0.0198959 0.668801
0 0.0184928 0.918261 0.0367043 0.0205895 0.666309
0 0.639511 0.167165 0.0887115 0.0407128 0.664583
0 0.193837 0.0796078 0.0918755 0.0357132 0.662019
0 0.10388 0.789684 0.0578555 0.0198901 0.655156
0 0.349222 0.191284 0.0614077 0.023999 0.650086
0 0.0716613 0.509816 0.0554081 0.0233307 0.650007
0 0.16613 0.738718 0.0527547 0.0180559 0.645207
0 0.0776808 0.865019 0.0576401 0.0185541 0.644759
0 0.666724 0.54391 0.0625909 0.025432 0.6443
0 0.728307 0.0617152 0.0708083 0.0298175 0.644215
0 0.064943 0.814362 0.0580111 0.0229523 0.642868
0 0.146024 0.177895 0.076147 0.0302163 0.641755
0 0.102435 0.960817 0.052479 0.0192759 0.639716
0 0.171771 0.905473 0.0490642 0.0170826 0.636108
0 0.177847 0.445958 0.0730238 0.0308775 0.634174
0 0.134396 0.763599 0.0639434 0.0214501 0.633506
0 0.956734 0.751079 0.0437987 0.0124712 0.633449
0 0.456875 0.873335 0.0523299 0.0173107 0.633388
0 0.142065 0.813256 0.0550455 0.01647 0.631258
0 0.248661 0.906607 0.0421455 0.0131435 0.630884
0 0.226688 0.81002 0.0518207 0.0192989 0.629945
0 0.196504 0.714303 0.050421 0.0211079 0.629654
0 0.512223 0.120815 0.0561781 0.0264102 0.628317
0 0.503617 0.846234 0.0446818 0.0138588 0.627857
0 0.0480339 0.938138 0.050764 0.0173282 0.627522
0 0.96856 0.538514 0.0615388 0.0232645 0.627169
0 0.378767 0.958944 0.0442224 0.0149636 0.623411
0 0.0624044 0.983452 0.0546773 0.0195777 0.620681
0 0.109366 0.835852 0.0580679 0.018268 0.620113
0 0.0294495 0.840215 0.0538045 0.0191475 0.617349
0 0.306983 0.802871 0.0524322 0.0183972 0.616516
0 0.203165 0.41812 0.0718293 0.0300901 0.616075
0 0.106245 0.609954 0.0757059 0.0267349 0.615546
0 0.12064 0.889504 0.0485695 0.0183262 0.615163
0 0.436064 0.973923 0.0524503 0.0166176 0.614984
0 0.932043 0.958585 0.0511975 0.0182578 0.614962
0 0.319682 0.728379 0.0505968 0.0179018 0.613651
0 0.72096 0.970352 0.050626 0.0165561 0.61298
0 0.863762 0.901254 0.0511749 0.0138794 0.611818
0 0.458436 0.754414 0.0787209 0.0288287 0.607908
0 0.287676 0.755051 0.0507751 0.0172384 0.60752
0 0.211851 0.931673 0.0438833 0.0160026 0.605734
0 0.33819 0.776455 0.050695 0.0175338 0.604085
0 0.223485 0.190113 0.0476879 0.0193708 0.603333
0 0.609398 0.980229 0.0522394 0.0161849 0.603092
0 0.322156 0.602871 0.0467486 0.0166528 0.602782
0 0.215415 0.559826 0.0562483 0.0207529 0.601213
0 0.551414 0.86591 0.0515409 0.0166393 0.600463
0 0.0827729 0.914337 0.04669 0.0153305 0.600223
0 0.74466 0.910807 0.0472084 0.0143248 0.599944
0 0.806059 0.749836 0.0430696 0.0134872 0.599847
0 0.763884 0.946697 0.0483445 0.0161354 0.599243
0 0.38473 0.876327 0.0475772 0.0153946 0.598892
0 0.133738 0.934347 0.0520989 0.0176021 0.598004
0 0.822579 0.0193038 0.102981 0.0380251 0.594948
0 0.271575 0.828394 0.0577491 0.018316 0.594289
0 0.788551 0.887299 0.0493739 0.0134336 0.594073
0 0.892164 0.735822 0.0429699 0.0130382 0.593011
0 0.810409 0.787973 0.0398904 0.0122463 0.5929
0 0.323493 0.217779 0.0443612 0.0185781 0.592839
0 0.296415 0.877874 0.0486806 0.0174048 0.592493
0 0.430196 0.897958 0.0457159 0.0168224 0.592005
0 0.368938 0.750344 0.05281 0.0134319 0.590621
0 0.0392952 0.891618 0.0595585 0.0191155 0.589752
0 0.0700268 0.0642924 0.0698497 0.0320788 0.589338
0 0.334422 0.651213 0.0435557 0.0136179 0.588305
0 0.311257 0.155051 0.0566028 0.0266604 0.586484
0 0.572003 0.902444 0.0447894 0.0147361 0.586474
0 0.233311 0.686598 0.0557015 0.0219761 0.585851
0 0.589232 0.940473 0.0486352 0.0143333 0.585795
0 0.547447 0.966712 0.0494322 0.0146301 0.585175
0 0.888114 0.979921 0.0602833 0.0148709 0.585172
0 0.5025 0.991458 0.0509891 0.0147144 0.582584
0 0.207939 0.88276 0.0500132 0.0143151 0.581963
0 0.25933 0.657885 0.0520815 0.0175915 0.581443
0 0.983481 0.722409 0.0330391 0.0147697 0.581014
0 0.308628 0.679116 0.0521734 0.0169607 0.580591
0 0.656172 0.957023 0.0499889 0.0146285 0.579129
0 0.853747 0.315743 0.0579081 0.0200992 0.577144
0 0.669085 0.994182 0.0573667 0.0116352 0.575018
0 0.582654 0.131245 0.0775587 0.0281267 0.574553
0 0.0205474 0.793123 0.0393495 0.0153336 0.572867
0 0.530073 0.786034 0.0417528 0.014645 0.572703
0 0.65634 0.820407 0.0463976 0.013904 0.571954
0 0.808139 0.924257 0.0542972 0.0160397 0.571044
0 0.180174 0.78622 0.0477561 0.0122375 0.568871
0 0.973266 0.793371 0.0439514 0.0123388 0.568856
0 0.418217 0.644841 0.0406781 0.0139505 0.565932
0 0.24233 0.608623 0.0441835 0.0134271 0.564074
0 0.467818 0.91015 0.0469943 0.0146534 0.562909
0 0.924915 0.917765 0.0494346 0.0144218 0.562258
0 0.787226 0.985319 0.0544776 0.0128429 0.558722
0 0.827274 0.961926 0.0508281 0.0148807 0.557558
0 0.76214 0.811532 0.0461857 0.0119747 0.549447
0 0.91462 0.139595 0.0794112 0.041981 0.543539
0 0.157531 0.860197 0.0504073 0.01394 0.54344
0 0.054657 0.768318 0.0502432 0.0199417 0.542202
0 0.528359 0.924881 0.0441537 0.0140403 0.542191
0 0.908842 0.877606 0.0422359 0.0128322 0.5403
0 0.554842 0.244663 0.0477447 0.0214417 0.539303
0 0.0152107 0.482604 0.0304215 0.018602 0.537651
0 0.148422 0.655973 0.0876753 0.0253061 0.536896
0 0.334293 0.983063 0.0441212 0.0131799 0.536276
0 0.715476 0.836739 0.0481238 0.0117319 0.53336
0 0.369921 0.622501 0.0478579 0.0136601 0.531049
0 0.195105 0.602824 0.0488645 0.0219216 0.530512
0 0.840355 0.863635 0.0368045 0.0122961 0.529625
0 0.0595863 0.537548 0.0477441 0.0197893 0.527185
0 0.244554 0.733011 0.062424 0.0158054 0.526743
0 0.287608 0.628767 0.0478802 0.0151096 0.526608
0 0.612176 0.842797 0.0412353 0.014204 0.524877
0 0.735324 0.875053 0.0438613 0.012273 0.522172
0 0.246685 0.239616 0.0522376 0.0221965 0.521673
0 0.666063 0.855258 0.0460635 0.0133873 0.521029
0 0.902213 0.0456044 0.0518674 0.0197442 0.517692
0 0.366807 0.0502145 0.0842338 0.0422143 0.513343
0 0.945351 0.993695 0.0500571 0.0126104 0.511489
0 0.880258 0.351108 0.0482012 0.0189376 0.510332
0 0.230619 0.498954 0.0897269 0.0343608 0.505731
0 0.492964 0.808589 0.0470029 0.0122326 0.50526
0 0.300157 0.235045 0.0473336 0.0184978 0.504001
0 0.512392 0.887642 0.0501734 0.0141964 0.499366
0 0.273289 0.451802 0.0973031 0.0299922 0.498316
0 0.970978 0.293904 0.0565179 0.0217174 0.497139
0 0.682939 0.894876 0.0473551 0.0108296 0.494191
0 0.66676 0.382245 0.0527148 0.0188161 0.491507
0 0.932838 0.816439 0.0396376 0.0125053 0.485814
0 0.953164 0.853982 0.0401991 0.0135864 0.484282
0 0.0297539 0.451755 0.0574602 0.036204 0.483889
0 0.455093 0.0228413 0.0708952 0.0321717 0.480113
0 0.60179 0.521562 0.0548412 0.0204334 0.479368
0 0.58673 0.58748 0.0708117 0.0260607 0.47808
0 0.40364 0.721923 0.0426329 0.0130695 0.472859
0 0.364984 0.394073 0.049833 0.0206318 0.465373
0 0.547943 0.82762 0.0494999 0.0143036 0.461947
0 0.986528 0.972781 0.0264718 0.0146931 0.461187
0 0.393313 0.996286 0.0503951 0.00742798 0.461062
0 0.357619 0.698523 0.0462512 0.013821 0.453455
0 0.982863 0.490932 0.0340993 0.0206155 0.45309
0 0.278364 0.106918 0.0830109 0.0274745 0.449095
0 0.629615 0.569191 0.0448928 0.0149285 0.442586
0 0.268066 0.586939 0.0460641 0.0120401 0.441522
0 0.695846 0.146001 0.0651009 0.0223859 0.436223
0 0.113411 0.995405 0.0381293 0.00918918 0.434072
0 0.248992 0.384846 0.0646874 0.0327344 0.431406
0 0.979427 0.934226 0.03988 0.0114895 0.430789
0 0.191131 0.834259 0.0431902 0.0151997 0.423692
0 0.0902464 0.556337 0.051157 0.022702 0.422722
0 0.63841 0.920518 0.051746 0.0122642 0.41929
0 0.458499 0.616937 0.0348413 0.0104126 0.413044
0 0.830723 0.826946 0.0406465 0.0110739 0.411455
0 0.920239 0.77698 0.044473 0.00958421 0.409794
0 0.978387 0.352632 0.0410767 0.0306497 0.403103
0 0.0133708 0.257864 0.0267416 0.0322022 0.399785
0 0.643103 0.780429 0.0427508 0.0116537 0.397024
0 0.404754 0.768786 0.0430183 0.0134748 0.395122
0 0.890571 0.840894 0.0422119 0.0108326 0.39286
0 0.8776 0.803605 0.0393451 0.0110322 0.386542
0 0.0121985 0.864767 0.0242498 0.012873 0.382481
0 0.447481 0.153198 0.0608464 0.0243117 0.375961
0 0.209273 0.305244 0.0442019 0.0204787 0.368668
0 0.678379 0.740132 0.0535523 0.0192681 0.367379
0 0.820656 0.174065 0.0485416 0.0151926 0.364738
0 0.0739959 0.26132 0.0628389 0.0229492 0.361976
0 0.0496352 0.490123 0.0370838 0.0146561 0.34471
0 0.019909 0.961973 0.0391503 0.0175449 0.34373
0 0.703997 0.931817 0.0451995 0.014106 0.338714
0 0.41781 0.180399 0.067957 0.0237236 0.336254
0 0.261595 0.140851 0.0568997 0.0252191 0.335606
0 0.605039 0.804028 0.0344354 0.0102959 0.333776
0 0.840109 0.0960818 0.0504546 0.0186399 0.326792
0 0.759539 0.116868 0.0460585 0.0168979 0.325963
0 0.38061 0.377484 0.0795765 0.0308131 0.320013
0 0.0381414 0.713628 0.0487982 0.0217521 0.319122
0 0.370833 0.384124 0.0670405 0.0389931 0.31814
0 0.202059 0.766111 0.0392397 0.0131795 0.317554
0 0.326664 0.850757 0.0438235 0.0125068 0.317116
0 0.0534636 0.474234 0.036036 0.0118995 0.31651
0 0.484256 0.949283 0.0434562 0.0139458 0.315551
0 0.971799 0.895201 0.0437008 0.0109348 0.312285
0 0.876081 0.937102 0.041779 0.0139456 0.310973
0 0.0205203 0.0841924 0.040261 0.0197907 0.309446
0 0.347824 0.102365 0.0383945 0.0181147 0.309295
0 0.357856 0.0582453 0.064692 0.025953 0.305616
0 0.231608 0.330515 0.0750845 0.0352896 0.300091
0 0.279189 0.78572 0.0319156 0.00995382 0.299492
0 0.114031 0.493299 0.0500486 0.0181669 0.291018
0 0.990197 0.457558 0.0189464 0.0261292 0.289474
0 0.873408 0.173345 0.0326644 0.0158552 0.289275
0 0.262569 0.300233 0.0528857 0.0212131 0.288746
0 0.250383 0.391871 0.0633035 0.0237582 0.286855
0 0.431584 0.180509 0.0484621 0.0219422 0.285429
0 0.0347248 0.117827 0.0635228 0.0299256 0.277892
0 0.693743 0.190457 0.0421439 0.0146538 0.264254
0 0.395673 0.12464 0.0857312 0.0291599 0.260671
0 0.860291 0.761416 0.0419777 0.0112453 0.25534
0 0.658083 0.467781 0.051271 0.0198202 0.255311
0 0.951579 0.10306 0.0936911 0.0421424 0.253609
0 0.092263 0.322259 0.0404603 0.0183021 0.252434
0 0.661008 0.171592 0.0470023 0.0283835 0.245985
0 0.0453018 0.557218 0.0382594 0.0156735 0.238115
0 0.208678 0.763144 0.0506271 0.0184761 0.235969
0 0.222839 0.330306 0.0577369 0.0313883 0.232945
0 0.0783322 0.564879 0.0575822 0.0195493 0.225228
0 0.328755 0.428854 0.0713556 0.0282589 0.216326
0 0.902727 0.385458 0.0641125 0.0256623 0.211197
0 0.0385868 0.55737 0.0484436 0.0177923 0.20541
0 0.135542 0.542877 0.0555338 0.0192711 0.205268
0 0.165337 0.58465 0.046498 0.0202291 0.20517
0 0.992661 0.867603 0.0140223 0.0157036 0.194696
0 0.609481 0.242769 0.0601181 0.0360723 0.191797
0 0.122213 0.404625 0.0534085 0.0265705 0.191558
0 0.257161 0.774157 0.0458365 0.0129467 0.190111
0 0.215673 0.758155 0.0597763 0.0175818 0.188882
0 0.623726 0.88078 0.0481515 0.0120579 0.18721
0 0.0214059 0.411832 0.0406064 0.0183081 0.18669
0 0.903321 0.161033 0.0589705 0.0220536 0.18495
0 0.382181 0.124416 0.0542666 0.0208599 0.183927
0 0.914102 0.383282 0.084334 0.0265757 0.182728
0 0.389285 0.123388 0.0697845 0.024029 0.182636
0 0.018086 0.327576 0.0331831 0.0164072 0.178874
0 0.175774 0.365323 0.0676755 0.0262252 0.177737
0 0.614992 0.382293 0.0482022 0.0172928 0.176737
0 0.65756 0.126538 0.0615207 0.0164136 0.173258
0 0.82297 0.401041 0.0648448 0.0220079 0.172601
0 0.0491983 0.557253 0.0340045 0.0134069 0.172551
0 0.0115384 0.513077 0.022031 0.0137347 0.172014
0 0.874189 0.172 0.0383672 0.019837 0.170392
0 0.277526 0.997868 0.073536 0.00426364 0.16404
0 0.103265 0.376603 0.0799139 0.0286733 0.163101
0 0.990115 0.831904 0.019766 0.0145027 0.161033
0 0.0139432 0.513718 0.0263057 0.0166224 0.159384
0 0.0615998 0.568786 0.0330288 0.0153505 0.157106
0 0.389594 0.995428 0.0561246 0.00914352 0.154729
0 0.570731 0.997667 0.0621762 0.00466557 0.148444
0 0.176273 0.585119 0.0539057 0.01987 0.147162
0 0.967907 0.0392153 0.0631777 0.0260369 0.145937
0 0.0584792 0.335196 0.0500564 0.0193159 0.14296
0 0.0226439 0.0729635 0.0432838 0.0408131 0.142219
0 0.115375 0.476531 0.0766237 0.0418182 0.136926
0 0.396923 0.128948 0.0964452 0.0364741 0.135978
0 0.00768557 0.752281 0.0153488 0.0222811 0.134826
0 0.783342 0.848187 0.041256 0.0101057 0.129846
0 0.985821 0.457502 0.0283581 0.0278711 0.129649
0 0.506863 0.33524 0.0879542 0.0318621 0.127068
0 0.904388 0.163948 0.0536761 0.0191941 0.124175
0 0.309325 0.36064 0.0584152 0.0239751 0.122021
0 0.279738 0.475791 0.0380287 0.0174467 0.120111
0 0.0254984 0.197625 0.0490901 0.0439685 0.118816
0 0.894563 0.413163 0.0584689 0.0244971 0.118725
0 0.681478 0.895062 0.0520081 0.0150295 0.117514
0 0.250756 0.407759 0.043562 0.0191843 0.115841
0 0.252302 0.402813 0.0545052 0.0207407 0.115207
0 0.534418 0.103342 0.038888 0.01365 0.115021
0 0.244158 0.330046 0.100815 0.040557 0.114703
0 0.929546 0.380851 0.0641176 0.0248173 0.110577
0 0.012649 0.302174 0.0252981 0.0337373 0.110529
0 0.191865 0.536618 0.0641752 0.0248085 0.110263
0 0.875526 0.938457 0.0477698 0.0184929 0.107045
0 0.8937 0.169406 0.0507342 0.0205016 0.10619
0 0.21304 0.76095 0.0604432 0.0198611 0.106125
0 0.828788 0.826616 0.0453162 0.0143566 0.104519
0 0.0771054 0.341492 0.0694321 0.0228497 0.10323
0 0.792558 0.0479937 0.0449283 0.0202303 0.100253
0 0.927669 0.461443 0.062574 0.0298649 0.100214
0 0.156358 0.653803 0.0729003 0.0251702 0.100198
