0 0.650097 0.79002 0.0335587 0.0578491 0.706553
0 0.335136 0.799619 0.0266489 0.0369334 0.703319
0 0.918315 0.875101 0.025724 0.0367844 0.696508
0 0.503874 0.0933944 0.0264639 0.0607128 0.694689
0 0.954457 0.877829 0.0222042 0.0320145 0.680179
0 0.496826 0.47366 0.0270292 0.0469659 0.675081
0 0.667936 0.894637 0.0285097 0.0475942 0.673439
0 0.0588042 0.689351 0.0251846 0.0450882 0.66677
0 0.484518 0.912937 0.0230488 0.0388346 0.666168
0 0.873621 0.910269 0.0277673 0.0422396 0.663965
0 0.297646 0.826473 0.0220327 0.0396167 0.661499
0 0.860085 0.462635 0.0235897 0.0439245 0.660618
0 0.326168 0.617018 0.0192728 0.03946 0.657949
0 0.178555 0.420061 0.0211923 0.0321264 0.653893
0 0.987755 0.67676 0.0244894 0.0372201 0.652111
0 0.236124 0.774247 0.0325754 0.0507879 0.651956
0 0.295585 0.197869 0.020905 0.0352962 0.648633
0 0.746851 0.478093 0.0324149 0.0511624 0.647203
0 0.147292 0.4306 0.0257414 0.0393645 0.645831
0 0.561191 0.829619 0.0233738 0.0394894 0.643954
0 0.973088 0.525082 0.0225506 0.0404007 0.642076
0 0.650724 0.0384264 0.0233364 0.0511519 0.639357
0 0.693299 0.87527 0.0234503 0.0339801 0.637946
0 0.765897 0.898913 0.027681 0.0436873 0.637111
0 0.992943 0.24964 0.0141132 0.0360245 0.635739
0 0.165186 0.161334 0.0224916 0.0338727 0.635534
0 0.977041 0.335353 0.0214928 0.0327239 0.634682
0 0.386837 0.797351 0.0254685 0.040939 0.633669
0 0.190362 0.620624 0.0224184 0.0360348 0.633393
0 0.837647 0.314004 0.0230286 0.0405985 0.631665
0 0.46128 0.765875 0.0277358 0.042945 0.631043
0 0.0950178 0.142053 0.0157021 0.0288514 0.629979
0 0.373533 0.124977 0.0165068 0.0349652 0.628565
0 0.879193 0.227356 0.0198708 0.0345504 0.627561
0 0.125145 0.978252 0.0202751 0.0326558 0.626239
0 0.1743 0.458697 0.0171218 0.0307341 0.624228
0 0.978911 0.896398 0.0231167 0.0351469 0.622856
0 0.98329 0.211972 0.0154554 0.0262824 0.620858
0 0.956779 0.831704 0.0214714 0.0358517 0.620812
0 0.483421 0.417608 0.0185625 0.0330326 0.620519
0 0.938896 0.0435881 0.0239407 0.0457287 0.618793
0 0.467682 0.183362 0.0171814 0.0287575 0.617422
0 0.0690693 0.461519 0.0134532 0.0254915 0.615808
0 0.950571 0.154906 0.0179616 0.0326878 0.615114
0 0.0297716 0.768567 0.0187264 0.0341197 0.615033
0 0.677079 0.0265502 0.024435 0.0421024 0.61435
0 0.260006 0.180905 0.0161733 0.035 0.61337
0 0.0506098 0.213761 0.0175992 0.0315537 0.612947
0 0.956694 0.912596 0.0201889 0.0306776 0.612903
0 0.161988 0.654709 0.0260741 0.0405679 0.612677
0 0.891942 0.088224 0.0241554 0.0471312 0.607935
0 0.854611 0.275601 0.0199162 0.0334379 0.606983
0 0.980033 0.484649 0.0207115 0.0348465 0.606668
0 0.401622 0.410464 0.0232296 0.0462884 0.605995
0 0.840737 0.815923 0.0223101 0.0357225 0.605747
0 0.307068 0.775341 0.0223969 0.0404795 0.605483
0 0.469151 0.0475406 0.0207235 0.0373199 0.603154
0 0.193229 0.233488 0.0166863 0.0284267 0.601152
0 0.228253 0.521936 0.0208019 0.043643 0.601142
0 0.0288237 0.385381 0.0143993 0.0278884 0.60047
0 0.928569 0.296763 0.0177174 0.0302771 0.598628
0 0.256636 0.0844328 0.0181072 0.0348479 0.597836
0 0.867638 0.851791 0.0273998 0.0551282 0.597557
0 0.219968 0.0125384 0.0189626 0.0244083 0.597452
0 0.431079 0.113842 0.0185814 0.0347366 0.595374
0 0.352989 0.77143 0.0147191 0.0291599 0.595249
0 0.991876 0.287416 0.0162473 0.0315836 0.595107
0 0.0415573 0.322375 0.0189551 0.0315205 0.594986
0 0.470653 0.355774 0.0187977 0.0332649 0.591946
0 0.284933 0.636184 0.0153382 0.0231867 0.591571
0 0.686442 0.806048 0.0212397 0.0318158 0.589956
0 0.272277 0.312629 0.0239713 0.0417559 0.589801
0 0.532938 0.605239 0.0201734 0.0390152 0.589594
0 0.980199 0.788425 0.020223 0.0413049 0.589271
0 0.165456 0.252495 0.0161324 0.0315546 0.588747
0 0.0897196 0.217237 0.021449 0.0346619 0.588007
0 0.194795 0.709305 0.0254878 0.043824 0.586123
0 0.503255 0.597188 0.0161654 0.0294793 0.586025
0 0.192788 0.509676 0.0184679 0.0367964 0.58578
0 0.238165 0.364439 0.0165746 0.0314724 0.585251
0 0.466936 0.492685 0.0163773 0.0325114 0.584182
0 0.848306 0.0702732 0.0165943 0.027698 0.583648
0 0.887841 0.152842 0.0208805 0.0336399 0.583451
0 0.206796 0.473293 0.0173738 0.0316849 0.5832
0 0.489178 0.725985 0.0224997 0.0317356 0.581879
0 0.854323 0.416754 0.0193441 0.0356678 0.580872
0 0.895437 0.637856 0.0208096 0.0357341 0.580248
0 0.219609 0.294346 0.0149128 0.0327873 0.579625
0 0.818688 0.249835 0.0285895 0.0534442 0.578483
0 0.352646 0.977904 0.0166178 0.0325219 0.57801
0 0.991639 0.622532 0.0167224 0.0335049 0.576167
0 0.968619 0.716627 0.025198 0.0396393 0.575877
0 0.545169 0.0841182 0.0249491 0.0358293 0.570971
0 0.612189 0.856804 0.0214264 0.0411189 0.570538
0 0.104038 0.961137 0.0171393 0.028508 0.570532
0 0.0791832 0.587872 0.0295864 0.0577252 0.568592
0 0.800522 0.321567 0.0157195 0.0267324 0.568209
0 0.259227 0.690346 0.0259811 0.043031 0.567508
0 0.079096 0.0485419 0.0179729 0.0312387 0.566317
0 0.220064 0.635444 0.0260169 0.0439568 0.565892
0 0.18325 0.200411 0.0109964 0.0240473 0.564831
0 0.338117 0.727254 0.0142949 0.0317291 0.56431
0 0.238476 0.45788 0.0219049 0.0297975 0.564246
0 0.114384 0.0315766 0.0199895 0.0374486 0.564084
0 0.582423 0.246731 0.0220711 0.0351547 0.563269
0 0.42854 0.285433 0.0179402 0.0354424 0.562428
0 0.418008 0.515024 0.0227995 0.040572 0.560649
0 0.182256 0.29162 0.0151564 0.0255742 0.558015
0 0.992867 0.395644 0.0142653 0.028489 0.55794
0 0.45361 0.590248 0.0153749 0.0275184 0.555264
0 0.32049 0.312351 0.0151903 0.0297775 0.554386
0 0.54057 0.653507 0.0228643 0.0386987 0.550474
0 0.769604 0.138683 0.0269974 0.046271 0.550086
0 0.378845 0.542135 0.0152812 0.0310998 0.549387
0 0.0678761 0.017838 0.0191787 0.0321406 0.547022
0 0.448161 0.41803 0.0208338 0.0365985 0.546982
0 0.204798 0.530967 0.0168725 0.0302463 0.544762
0 0.425571 0.665571 0.014533 0.0328122 0.543939
0 0.40907 0.241203 0.0235622 0.0406592 0.5438
0 0.0329129 0.47219 0.0243784 0.0509876 0.54356
0 0.344577 0.0805589 0.0191611 0.0334599 0.543271
0 0.050066 0.446715 0.0156094 0.0285784 0.54145
0 0.960097 0.301552 0.021117 0.034555 0.541424
0 0.316197 0.228105 0.0145515 0.0279799 0.539197
0 0.958977 0.460921 0.023769 0.0414654 0.53835
0 0.361735 0.24949 0.0167299 0.0272046 0.537828
0 0.823406 0.972223 0.0194704 0.0301385 0.537564
0 0.366125 0.36907 0.0213494 0.0329941 0.536056
0 0.0169031 0.0168146 0.0222601 0.0327242 0.532838
0 0.898605 0.209637 0.0200813 0.0341304 0.530457
0 0.0924128 0.472189 0.013868 0.0298471 0.529354
0 0.722636 0.893282 0.0240928 0.0431556 0.528387
0 0.388787 0.0303124 0.0152848 0.0294797 0.527269
0 0.983917 0.842015 0.0206532 0.0316811 0.527194
0 0.304398 0.168321 0.0143982 0.023401 0.52689
0 0.21686 0.25378 0.0128721 0.0236567 0.526454
0 0.450807 0.151305 0.0192941 0.0352885 0.525734
0 0.218443 0.7042 0.0187516 0.0353431 0.525697
0 0.239427 0.285135 0.0233192 0.045342 0.524728
0 0.318149 0.35256 0.0186275 0.0290814 0.520177
0 0.244512 0.549122 0.0160628 0.0308536 0.51946
0 0.0780095 0.18515 0.0210356 0.0367258 0.517193
0 0.10457 0.243103 0.0158876 0.0306968 0.517111
0 0.124129 0.240347 0.0151086 0.03258 0.515903
0 0.363086 0.801631 0.0180371 0.0354455 0.515515
0 0.507527 0.195281 0.0233471 0.0384367 0.515277
0 0.0651366 0.401335 0.0158092 0.027033 0.513606
0 0.0193551 0.15957 0.0163387 0.0278775 0.511401
0 0.0149003 0.211314 0.0155462 0.0262502 0.510694
0 0.696418 0.043117 0.019821 0.0349013 0.509237
0 0.0935048 0.309546 0.0168333 0.0353942 0.508048
0 0.34135 0.356545 0.0139996 0.0317836 0.506105
0 0.583764 0.157272 0.0191655 0.0312304 0.505177
0 0.249207 0.134374 0.0150183 0.0339808 0.504884
0 0.134374 0.122143 0.0138678 0.0257674 0.50212
0 0.135521 0.377735 0.0112395 0.0302765 0.501946
0 0.0234885 0.251254 0.0166419 0.0321519 0.500853
0 0.410238 0.309416 0.0135517 0.0304657 0.499717
0 0.0838341 0.810497 0.0214929 0.0383433 0.499672
0 0.0112864 0.400891 0.0216033 0.0384833 0.497873
0 0.00688022 0.526066 0.0137604 0.0373064 0.489852
0 0.323713 0.474013 0.0139333 0.0292529 0.489109
0 0.354094 0.475879 0.0136294 0.0283216 0.488853
0 0.206674 0.417714 0.0171489 0.0294527 0.488073
0 0.053658 0.415216 0.0156976 0.0281798 0.486883
0 0.880446 0.0411846 0.019215 0.0324269 0.485905
0 0.398675 0.0654123 0.0186429 0.0344767 0.48555
0 0.285484 0.709074 0.0149604 0.0228858 0.48551
0 0.24359 0.227543 0.0162769 0.0314807 0.485308
0 0.960343 0.372195 0.0173302 0.0349669 0.48513
0 0.881155 0.587413 0.023716 0.0385741 0.483727
0 0.25913 0.0169493 0.0240039 0.0334888 0.483202
0 0.306762 0.629433 0.0159344 0.0293518 0.482437
0 0.0197192 0.343142 0.0196122 0.0286679 0.481809
0 0.0723865 0.116684 0.0150383 0.0291361 0.481197
0 0.25027 0.409942 0.0183239 0.0288285 0.479553
0 0.228078 0.405549 0.0160961 0.0378671 0.478636
0 0.114666 0.129374 0.0163979 0.0348908 0.475951
0 0.506121 0.642623 0.0217419 0.0392364 0.475337
0 0.202826 0.27362 0.017754 0.0328412 0.475088
0 0.00901099 0.300281 0.0168264 0.0344036 0.473995
0 0.992985 0.585413 0.0140297 0.0340519 0.473707
0 0.0483939 0.512359 0.0186795 0.0368364 0.473643
0 0.393584 0.115262 0.0161671 0.0282695 0.472956
0 0.268954 0.125408 0.0153143 0.0272741 0.471757
0 0.234979 0.683795 0.0127607 0.0300464 0.470586
0 0.269372 0.504123 0.0162968 0.0281728 0.468986
0 0.523722 0.520839 0.0151426 0.0307797 0.468127
0 0.504547 0.0989532 0.0214848 0.0512323 0.465997
0 0.381791 0.338684 0.0159023 0.0328954 0.465185
0 0.968978 0.967535 0.0172188 0.0356956 0.463967
0 0.00724031 0.476554 0.0140553 0.0281106 0.462149
0 0.357861 0.293457 0.0183 0.0303658 0.461305
0 0.436563 0.396917 0.0158099 0.0246538 0.459355
0 0.977971 0.928536 0.0192261 0.0280701 0.458625
0 0.111841 0.37479 0.0163125 0.0264733 0.457493
0 0.331008 0.974527 0.0172036 0.0295121 0.456195
0 0.389765 0.645791 0.0173012 0.0299967 0.455948
0 0.115113 0.2722 0.0134769 0.0265422 0.455494
0 0.709873 0.0595236 0.0137014 0.0216897 0.454723
0 0.686101 0.929255 0.0217645 0.031759 0.454713
0 0.486667 0.588172 0.0167431 0.0325051 0.454131
0 0.139503 0.570075 0.0203225 0.0331526 0.453394
0 0.403377 0.707841 0.0187987 0.0353325 0.453283
0 0.0265025 0.0838649 0.0118289 0.0280352 0.453202
0 0.264105 0.74611 0.0170212 0.0261726 0.4526
0 0.801246 0.968121 0.0174584 0.0291176 0.451152
0 0.92833 0.677573 0.0203251 0.0417097 0.449754
0 0.768499 0.446599 0.0131983 0.0250763 0.448792
0 0.283327 0.256924 0.0157803 0.0293425 0.44814
0 0.172525 0.0727404 0.0133538 0.0255637 0.44811
0 0.800338 0.0105941 0.0205727 0.0210709 0.445204
0 0.849702 0.175956 0.0202896 0.0378584 0.445124
0 0.269927 0.431516 0.014009 0.0241475 0.444919
0 0.279084 0.557658 0.0174274 0.0306742 0.444155
0 0.356066 0.739754 0.0143473 0.0291702 0.44385
0 0.153261 0.370972 0.0179948 0.0326965 0.441918
0 0.0672713 0.145968 0.0189127 0.0262017 0.440192
0 0.332222 0.682404 0.0128829 0.0293784 0.439999
0 0.261965 0.572109 0.0183082 0.0362362 0.438923
0 0.0770116 0.517988 0.0316954 0.058408 0.435818
0 0.528955 0.0465768 0.0222887 0.0395527 0.435763
0 0.445391 0.468253 0.015959 0.0257502 0.434331
0 0.34563 0.574814 0.0164975 0.0293048 0.43433
0 0.241695 0.628172 0.018176 0.0341244 0.43035
0 0.320256 0.525135 0.0160833 0.0277591 0.429928
0 0.622235 0.170086 0.0185085 0.0335396 0.427716
0 0.0106299 0.765342 0.0196305 0.0411692 0.426727
0 0.241091 0.0418432 0.0221835 0.0322036 0.425048
0 0.377497 0.446242 0.0163876 0.0333945 0.424428
0 0.155812 0.128196 0.0175241 0.0286378 0.423838
0 0.773215 0.315738 0.0201694 0.0292504 0.4229
0 0.0550246 0.171723 0.0142683 0.0245066 0.42187
0 0.102363 0.51968 0.0111149 0.0277851 0.420743
0 0.139155 0.327672 0.0126224 0.0291309 0.420172
0 0.316593 0.887408 0.0224421 0.0495634 0.419705
0 0.0748676 0.645585 0.0182605 0.0397461 0.417509
0 0.977236 0.384824 0.0166616 0.0273322 0.416825
0 0.239259 0.187233 0.0157995 0.0307833 0.416619
0 0.386385 0.338503 0.0241227 0.0341693 0.41591
0 0.044065 0.792447 0.022092 0.0371975 0.414788
0 0.995534 0.783403 0.00893211 0.035692 0.414445
0 0.401473 0.581128 0.0146074 0.0308573 0.413727
0 0.418366 0.624049 0.0159924 0.0255736 0.413485
0 0.737637 0.911476 0.0198294 0.0324463 0.413282
0 0.233757 0.933242 0.0212842 0.0289654 0.409333
0 0.545483 0.0301979 0.0127205 0.0292588 0.409158
0 0.291402 0.296865 0.0119865 0.0274286 0.408685
0 0.559164 0.0535908 0.019733 0.0346005 0.408664
0 0.205148 0.171476 0.0160132 0.0276513 0.408006
0 0.10404 0.290741 0.0133429 0.026457 0.406476
0 0.466944 0.664484 0.025611 0.0468307 0.403725
0 0.606237 0.0220598 0.0248762 0.0426254 0.40305
0 0.419124 0.175498 0.0269773 0.0486499 0.40056
0 0.100887 0.417766 0.0192946 0.0353835 0.40009
0 0.946041 0.502759 0.0307163 0.0468591 0.39933
0 0.903686 0.270382 0.0207993 0.0393476 0.399304
0 0.343856 0.400437 0.0233847 0.0425431 0.397892
0 0.0358216 0.420055 0.0134067 0.0246994 0.397645
0 0.605225 0.74462 0.0184196 0.0355269 0.396655
0 0.357942 0.332677 0.0211493 0.0345278 0.391603
0 0.798579 0.040079 0.0185275 0.0336716 0.390634
0 0.124834 0.312288 0.0161032 0.0286708 0.38805
0 0.555759 0.160807 0.0172516 0.0266257 0.386585
0 0.991674 0.532055 0.0166519 0.0396128 0.385625
0 0.367862 0.503965 0.0214821 0.0355624 0.383277
0 0.909819 0.68382 0.0154465 0.03052 0.382928
0 0.270382 0.829659 0.0194491 0.0308489 0.382224
0 0.128299 0.462086 0.0180848 0.0283115 0.381693
0 0.00322419 0.721877 0.00644536 0.0350037 0.381078
0 0.0579814 0.294679 0.0180968 0.0322073 0.381048
0 0.180577 0.591221 0.0216892 0.0326575 0.380424
0 0.495847 0.163561 0.0192158 0.0329629 0.379977
0 0.355793 0.154877 0.0151578 0.0251206 0.379421
0 0.0315358 0.295615 0.0195897 0.0327769 0.378465
0 0.962382 0.110734 0.0181686 0.0313024 0.377738
0 0.316152 0.72783 0.0184851 0.0255885 0.377716
0 0.278653 0.462807 0.0156604 0.0323764 0.377304
0 0.127607 0.088699 0.0170914 0.0351877 0.376896
0 0.337092 0.504487 0.0142184 0.0249715 0.376364
0 0.180631 0.380188 0.0200304 0.03083 0.370975
0 0.358294 0.657919 0.0178682 0.0307995 0.370665
0 0.298078 0.195607 0.018877 0.037149 0.369679
0 0.630852 0.870729 0.0181292 0.0302789 0.369652
0 0.727801 0.0735936 0.0154328 0.0278208 0.367665
0 0.0466549 0.364896 0.0192963 0.0285032 0.367025
0 0.194427 0.514022 0.0159913 0.0327508 0.367019
0 0.138294 0.171173 0.0179006 0.0307587 0.36686
0 0.209998 0.30487 0.0139781 0.0243806 0.36668
0 0.246798 0.328458 0.0149806 0.0252396 0.36493
0 0.427779 0.776209 0.020846 0.0380666 0.364204
0 0.451476 0.251978 0.0199507 0.0364249 0.363838
0 0.509737 0.785534 0.0234409 0.0374559 0.357935
0 0.691136 0.67236 0.0340261 0.0524139 0.356499
0 0.265978 0.387159 0.0143115 0.0288193 0.355971
0 0.206033 0.37517 0.0176986 0.0307417 0.355541
0 0.0479672 0.262031 0.0203538 0.0333847 0.354886
0 0.21887 0.0572882 0.0212447 0.0392084 0.354372
0 0.411237 0.784374 0.0146814 0.0265337 0.354051
0 0.825751 0.012185 0.0215267 0.0241885 0.351945
0 0.900973 0.38125 0.0194012 0.0353599 0.351225
0 0.407148 0.751079 0.0235796 0.0344957 0.35022
0 0.0203836 0.695119 0.0245857 0.0534224 0.348707
0 0.789212 0.169437 0.012546 0.0230998 0.348695
0 0.271337 0.230786 0.0209456 0.0360821 0.348291
0 0.420206 0.376657 0.0104763 0.0229989 0.347296
0 0.436943 0.325181 0.0196196 0.0294259 0.345843
0 0.334662 0.243476 0.014269 0.02517 0.344348
0 0.302832 0.540748 0.0178484 0.0309042 0.343005
0 0.420295 0.588958 0.011039 0.027265 0.342602
0 0.31247 0.570792 0.0231922 0.0334139 0.342445
0 0.883198 0.52819 0.0219711 0.0398523 0.341552
0 0.802115 0.619645 0.0221125 0.0352303 0.340162
0 0.0580257 0.859945 0.0124381 0.0182064 0.337492
0 0.40266 0.0622169 0.026303 0.0415792 0.336602
0 0.136225 0.052504 0.0160942 0.0265124 0.336355
0 0.726495 0.895755 0.0297305 0.0474674 0.334725
0 0.00776478 0.267619 0.0151625 0.0264138 0.333567
0 0.36268 0.617038 0.0165446 0.0296566 0.333253
0 0.989508 0.974033 0.0209837 0.0478088 0.332768
0 0.211346 0.116791 0.0204475 0.0326991 0.332215
0 0.863527 0.699757 0.0202805 0.0418993 0.331378
0 0.142944 0.490555 0.0167038 0.0351849 0.331119
0 0.880421 0.790942 0.0262932 0.0520854 0.330814
0 0.153095 0.836019 0.0222442 0.0344304 0.329956
0 0.336788 0.312037 0.0155494 0.029797 0.328269
0 0.214033 0.580289 0.0207535 0.0387061 0.327874
0 0.195877 0.0401846 0.0161641 0.0317762 0.327679
0 0.986837 0.156617 0.0128445 0.0221836 0.326464
0 0.412076 0.830878 0.0256027 0.0246423 0.326402
0 0.0678153 0.34677 0.0143495 0.0278805 0.325446
0 0.360345 0.33047 0.0183695 0.0306377 0.323671
0 0.935797 0.987498 0.0177492 0.0250032 0.32364
0 0.347321 0.689138 0.0166627 0.0258786 0.320886
0 0.11419 0.529432 0.0157983 0.0286175 0.31865
0 0.394821 0.879683 0.0240592 0.0500939 0.317326
0 0.351883 0.709575 0.0142647 0.0192483 0.314424
0 0.0179129 0.640442 0.0196868 0.0387109 0.312508
0 0.328955 0.942895 0.0166288 0.0276887 0.312257
0 0.827612 0.0363165 0.016835 0.0258221 0.310422
0 0.950145 0.972611 0.0155552 0.0259329 0.310242
0 0.920718 0.1342 0.0377841 0.0866012 0.308407
0 0.293652 0.484031 0.0169642 0.0267259 0.307402
0 0.782234 0.593189 0.0251657 0.037273 0.307045
0 0.294395 0.330638 0.0154431 0.024374 0.303965
0 0.388625 0.339851 0.0281945 0.0429927 0.3039
0 0.872511 0.0118968 0.0214634 0.022799 0.303198
0 0.88437 0.262086 0.0152565 0.0288088 0.302729
0 0.106294 0.286834 0.0105245 0.0222701 0.302378
0 0.701345 0.640704 0.020273 0.0325751 0.300084
0 0.28981 0.410242 0.0182471 0.0261979 0.297873
0 0.256133 0.377474 0.0154086 0.0353995 0.29784
0 0.186823 0.141743 0.016139 0.0310916 0.297593
0 0.184749 0.123359 0.0160838 0.024233 0.296329
0 0.459994 0.554041 0.0182394 0.0327541 0.295005
0 0.130261 0.359116 0.014282 0.0182154 0.294678
0 0.520698 0.551717 0.0175335 0.0291138 0.289669
0 0.514018 0.228742 0.0188009 0.0270929 0.289145
0 0.155177 0.529985 0.0179298 0.0360543 0.288895
0 0.699186 0.0880092 0.025938 0.0357021 0.28844
0 0.729404 0.648664 0.0317579 0.0693648 0.288246
0 0.0949396 0.00756716 0.0184389 0.0146048 0.286881
0 0.402118 0.490114 0.0134804 0.0256526 0.286625
0 0.129638 0.465787 0.0180718 0.0222226 0.284764
0 0.315055 0.699851 0.0163707 0.0266188 0.284565
0 0.28209 0.896512 0.0175599 0.0326345 0.28304
0 0.325163 0.394019 0.0100295 0.0283725 0.28273
0 0.827551 0.647128 0.016052 0.0283268 0.282582
0 0.123912 0.417603 0.0153635 0.0303455 0.281952
0 0.100814 0.183683 0.0161243 0.0217779 0.281388
0 0.198716 0.198325 0.0147217 0.0246257 0.280898
0 0.0127357 0.407595 0.0203702 0.0479726 0.279496
0 0.656848 0.626236 0.0262814 0.0412583 0.278399
0 0.619248 0.639451 0.0358915 0.0472097 0.278286
0 0.180882 0.855628 0.0178204 0.0367438 0.27527
0 0.185853 0.135739 0.0173722 0.0372156 0.273889
0 0.474413 0.134247 0.0198787 0.0304337 0.273594
0 0.308709 0.287892 0.0158714 0.0276973 0.272615
0 0.161503 0.313479 0.0251157 0.0414169 0.272598
0 0.514704 0.0358775 0.0114641 0.0286202 0.270948
0 0.890923 0.614891 0.0212471 0.0321578 0.269813
0 0.0954641 0.0353936 0.00999963 0.0218219 0.269707
0 0.759855 0.368202 0.0239618 0.0471803 0.269694
0 0.346012 0.686242 0.0136513 0.0280822 0.268728
0 0.758933 0.678507 0.0331123 0.0585479 0.268419
0 0.104049 0.55551 0.014807 0.0261332 0.267132
0 0.216998 0.350721 0.0147877 0.0246455 0.265001
0 0.314206 0.674107 0.0130152 0.0226664 0.261975
0 0.366386 0.0437459 0.0207786 0.0269176 0.261937
0 0.349816 0.604699 0.0138107 0.0281327 0.261134
0 0.185335 0.127628 0.0173044 0.0323096 0.261018
0 0.814773 0.773603 0.0171474 0.0271014 0.261015
0 0.11012 0.467517 0.0190229 0.0303415 0.259523
0 0.553553 0.130452 0.0146093 0.0229963 0.2578
0 0.275042 0.535249 0.0194573 0.02852 0.257092
0 0.388334 0.729058 0.0158481 0.0240509 0.256737
0 0.567142 0.5986 0.0209761 0.0395038 0.256407
0 0.0198689 0.57689 0.0190221 0.0335804 0.256371
0 0.223435 0.0599298 0.0197975 0.0362338 0.254967
0 0.305958 0.271265 0.0141556 0.0290883 0.254387
0 0.0453114 0.657475 0.0201617 0.0353364 0.253887
0 0.914575 0.157527 0.0268707 0.0391266 0.253274
0 0.455098 0.116599 0.0149128 0.029582 0.252466
0 0.359407 0.247111 0.0192801 0.0323238 0.252295
0 0.230702 0.888883 0.0254486 0.050597 0.251943
0 0.396598 0.357353 0.0150085 0.0268595 0.251806
0 0.0145774 0.421424 0.0168105 0.024978 0.250473
0 0.316274 0.897009 0.021039 0.0405643 0.248892
0 0.918152 0.0411379 0.0194531 0.0335677 0.248659
0 0.346898 0.399071 0.0181424 0.0384733 0.246295
0 0.0520411 0.116355 0.0132747 0.0208396 0.245865
0 0.33774 0.0344389 0.0212644 0.037715 0.244012
0 0.0337063 0.127967 0.00887132 0.0339821 0.242831
0 0.591219 0.105861 0.0174225 0.0339237 0.241536
0 0.138476 0.563676 0.0222612 0.0461318 0.240868
0 0.899976 0.101706 0.0188326 0.0353251 0.23945
0 0.43853 0.39942 0.0148219 0.0237664 0.23786
0 0.0856963 0.435785 0.0145988 0.032761 0.237763
0 0.61876 0.649387 0.0352661 0.0655026 0.236838
0 0.00609799 0.80966 0.0121845 0.0382097 0.23657
0 0.4503 0.0366207 0.0149661 0.0264524 0.236241
0 0.143927 0.973143 0.0142246 0.0222343 0.235437
0 0.0689113 0.643261 0.0274069 0.0427729 0.234028
0 0.00405014 0.243605 0.00805847 0.0249866 0.233508
0 0.390586 0.518223 0.014598 0.0253328 0.232973
0 0.157221 0.219912 0.0212358 0.0283389 0.232921
0 0.995454 0.498077 0.00909131 0.0242736 0.232426
0 0.327351 0.132962 0.0115182 0.0300923 0.232328
0 0.229082 0.15713 0.0251628 0.0389155 0.229142
0 0.232601 0.328244 0.0135896 0.0277844 0.2267
0 0.40727 0.665175 0.0160694 0.0302751 0.226383
0 0.895507 0.0959398 0.0266495 0.045215 0.224499
0 0.384833 0.756549 0.0179943 0.0284122 0.224471
0 0.354554 0.433901 0.0172435 0.0303328 0.224341
0 0.307256 0.280434 0.015851 0.0338542 0.22339
0 0.773015 0.00609226 0.0295128 0.0121845 0.222422
0 0.264203 0.273165 0.0148826 0.0234102 0.221816
0 0.414218 0.624783 0.022052 0.0274368 0.220967
0 0.5914 0.645288 0.0177112 0.0378973 0.220752
0 0.931667 0.0994986 0.0186771 0.0310811 0.220523
0 0.390878 0.649503 0.0167288 0.0276396 0.217604
0 0.126812 0.857041 0.0247178 0.0360636 0.216837
0 0.212769 0.499129 0.0124166 0.0184706 0.216741
0 0.128005 0.500877 0.0169385 0.0384012 0.216014
0 0.90926 0.981013 0.0223536 0.0361434 0.215801
0 0.34415 0.180048 0.0157159 0.0302675 0.215484
0 0.942043 0.788617 0.0210403 0.0339013 0.212547
0 0.823441 0.0181258 0.0238603 0.0352426 0.211584
0 0.341003 0.120832 0.0166252 0.0334341 0.208741
0 0.162806 0.893278 0.029096 0.0509837 0.208169
0 0.428551 0.811254 0.0165882 0.0268226 0.207383
0 0.694418 0.086397 0.0339165 0.0361483 0.20591
0 0.342878 0.124872 0.01595 0.0295166 0.205757
0 0.805008 0.293863 0.0130142 0.0230067 0.203346
0 0.255381 0.97908 0.0190564 0.0389598 0.202444
0 0.730918 0.302557 0.0181563 0.0252608 0.202334
0 0.960611 0.25417 0.0332954 0.0451821 0.202239
0 0.122918 0.00617867 0.0178662 0.0115818 0.200886
0 0.336326 0.547324 0.0171316 0.0310686 0.199243
0 0.295186 0.334232 0.0154965 0.0181174 0.198855
0 0.75173 0.478903 0.0235063 0.0459272 0.19832
0 0.892325 0.624472 0.0232388 0.0456932 0.198177
0 0.877883 0.786235 0.0313679 0.0636513 0.197543
0 0.208228 0.117471 0.0141247 0.0268082 0.195101
0 0.351602 0.475576 0.0141083 0.0292911 0.194829
0 0.883204 0.591225 0.0272091 0.0478066 0.193118
0 0.0988964 0.185118 0.0158144 0.0254076 0.192596
0 0.928614 0.236439 0.0155796 0.0237829 0.192429
0 0.376017 0.640725 0.0121227 0.0291704 0.192099
0 0.00388261 0.593171 0.00773461 0.0458372 0.191803
0 0.042198 0.0279607 0.0174579 0.0290007 0.190424
0 0.994426 0.783721 0.0106426 0.0399177 0.189936
0 0.284329 0.012264 0.0234001 0.024528 0.189896
0 0.00575752 0.243471 0.0113321 0.0263585 0.187802
0 0.441085 0.623915 0.0133787 0.0179472 0.187683
0 0.114672 0.0379196 0.0185254 0.032008 0.187044
0 0.261178 0.383341 0.0185541 0.0341682 0.185796
0 0.313199 0.0372221 0.0202887 0.0395194 0.184746
0 0.215464 0.0571989 0.0171974 0.0376566 0.184047
0 0.396448 0.0671725 0.0152368 0.0324441 0.183857
0 0.105309 0.0790735 0.0160288 0.0308768 0.178071
0 0.184046 0.293654 0.0165818 0.0239454 0.177974
0 0.852041 0.0165425 0.0147213 0.0311324 0.177727
0 0.805864 0.17976 0.0230534 0.0371511 0.177579
0 0.171386 0.500303 0.0222993 0.0323245 0.176894
0 0.394525 0.353927 0.0187271 0.0338181 0.17682
0 0.0555186 0.411623 0.0166556 0.028519 0.176784
0 0.125867 0.242709 0.0155519 0.0376786 0.176157
0 0.0055843 0.597832 0.0110923 0.0400679 0.175592
0 0.380861 0.540571 0.0140449 0.0319277 0.174745
0 0.0068291 0.183754 0.0128535 0.0269776 0.174678
0 0.300892 0.351474 0.0116655 0.0230784 0.173796
0 0.262993 0.276107 0.0169059 0.0288172 0.17276
0 0.097726 0.393937 0.0164097 0.0203216 0.172316
0 0.274311 0.234281 0.0192065 0.0318604 0.170915
0 0.0332988 0.292199 0.0191037 0.0314687 0.170574
0 0.0336101 0.29891 0.0180673 0.0310044 0.169902
0 0.294483 0.457405 0.0121659 0.0319455 0.169571
0 0.421987 0.0114929 0.0166006 0.0216894 0.169547
0 0.337721 0.544681 0.0220154 0.0315303 0.168878
0 0.0641222 0.63376 0.0226604 0.0294808 0.168664
0 0.475381 0.390212 0.0190494 0.0253074 0.16852
0 0.272082 0.506495 0.0200499 0.0284575 0.168123
0 0.209402 0.261947 0.0107422 0.025095 0.168106
0 0.411086 0.981744 0.0170414 0.0310894 0.167852
0 0.282698 0.0758017 0.0153116 0.0314575 0.167267
0 0.017451 0.623298 0.0207566 0.0331356 0.16716
0 0.153674 0.0916981 0.0162209 0.0243211 0.166789
0 0.0338515 0.666323 0.0097701 0.0229973 0.16513
0 0.292264 0.457698 0.0143239 0.0305239 0.165035
0 0.10084 0.518442 0.0127395 0.0326703 0.164975
0 0.552525 0.132242 0.0169642 0.0328219 0.164476
0 0.451052 0.90721 0.0194107 0.0324436 0.163539
0 0.886306 0.600826 0.0249006 0.0395086 0.162258
0 0.0706439 0.883937 0.0122438 0.0158724 0.161986
0 0.825584 0.0293526 0.0197874 0.0322034 0.161909
0 0.323653 0.392158 0.0108984 0.0292026 0.161582
0 0.444362 0.550548 0.0138303 0.0328527 0.161106
0 0.297719 0.876989 0.0159114 0.0359202 0.16108
0 0.283807 0.360509 0.0136191 0.0224848 0.16057
0 0.355557 0.661386 0.0158916 0.0302343 0.160166
0 0.00304048 0.346869 0.00605942 0.0387874 0.159236
0 0.498514 0.516749 0.0167418 0.0247708 0.158964
0 0.00448697 0.799654 0.00895852 0.0552622 0.158945
0 0.891168 0.944604 0.0195034 0.033025 0.158418
0 0.110063 0.529332 0.015688 0.0271417 0.158281
0 0.203236 0.0887462 0.013048 0.0245259 0.157217
0 0.254521 0.449055 0.0088759 0.0253226 0.157145
0 0.0401906 0.238757 0.0168532 0.0206673 0.156899
0 0.25909 0.237746 0.00934048 0.0344159 0.155558
0 0.469991 0.23913 0.0140287 0.0338438 0.154156
0 0.0350979 0.129232 0.00726686 0.0334844 0.153111
0 0.905091 0.00558057 0.0239878 0.0111611 0.152919
0 0.0228824 0.0813405 0.0147719 0.0284828 0.152594
0 0.189675 0.0867629 0.0122381 0.0250518 0.152415
0 0.35002 0.00562985 0.0200366 0.0112597 0.152372
0 0.913973 0.43984 0.0258705 0.0449934 0.152329
0 0.191986 0.038089 0.0247136 0.0351447 0.150891
0 0.272865 0.532907 0.0195669 0.030545 0.15067
0 0.208737 0.420406 0.0201478 0.0331985 0.150656
0 0.924566 0.394044 0.0275742 0.0514323 0.150552
0 0.997441 0.35237 0.00511907 0.0283803 0.1503
0 0.436771 0.455532 0.0152411 0.0266606 0.150262
0 0.0844612 0.380326 0.0147073 0.0297477 0.148529
0 0.086434 0.440165 0.0150804 0.0316847 0.147882
0 0.00266197 0.721786 0.00532117 0.0441175 0.147046
0 0.0440371 0.0851412 0.0158111 0.0271242 0.146809
0 0.415481 0.128342 0.0121143 0.0237447 0.146556
0 0.133212 0.200376 0.0142535 0.024675 0.146323
0 0.0547981 0.25756 0.0180925 0.0319038 0.146131
0 0.462223 0.304466 0.0187547 0.036685 0.145789
0 0.727925 0.00474383 0.0179306 0.00948766 0.145619
0 0.293231 0.592017 0.015659 0.020053 0.145551
0 0.353896 0.438488 0.0163467 0.0279299 0.144985
0 0.511578 0.225091 0.0239193 0.0338804 0.14497
0 0.415357 0.133236 0.013199 0.0203615 0.143604
0 0.876334 0.521827 0.0348747 0.0554711 0.14333
0 0.495377 0.00714151 0.0247362 0.0134799 0.142917
0 0.0808738 0.267814 0.0162306 0.0310649 0.14286
0 0.412453 0.835296 0.0255486 0.0290637 0.140748
0 0.00597284 0.84386 0.0119442 0.0209096 0.139032
0 0.187215 0.608743 0.0220467 0.0327816 0.138983
0 0.136526 0.383039 0.010792 0.0304777 0.137905
0 0.201202 0.199814 0.0163539 0.02296 0.137644
0 0.418388 0.586082 0.0117552 0.0258415 0.137434
0 0.117674 0.210766 0.0150395 0.0218152 0.137404
0 0.293197 0.585533 0.0138215 0.0258177 0.137012
0 0.20244 0.528626 0.0163209 0.0289814 0.136721
0 0.921536 0.330227 0.0179455 0.0294905 0.136708
0 0.376661 0.694301 0.0178932 0.0330869 0.136687
0 0.165557 0.402587 0.0122508 0.0218521 0.136218
0 0.99304 0.974989 0.0139196 0.0457121 0.135997
0 0.964999 0.264872 0.0218014 0.028705 0.134746
0 0.0575644 0.85943 0.0143041 0.0236206 0.134581
0 0.005807 0.18744 0.0115804 0.0368957 0.133487
0 0.166131 0.52966 0.0316023 0.044476 0.133195
0 0.0479655 0.562956 0.0220746 0.034062 0.133016
0 0.464455 0.242878 0.0228213 0.0391424 0.132541
0 0.468546 0.394214 0.0131884 0.0267139 0.132294
0 0.132618 0.369141 0.0158826 0.0301381 0.132217
0 0.235318 0.328487 0.017494 0.0283322 0.132145
0 0.855356 0.613832 0.0408913 0.0795806 0.131453
0 0.0051377 0.241963 0.00996358 0.020632 0.131114
0 0.240982 0.365398 0.0146386 0.0330785 0.131067
0 0.442169 0.464863 0.0161435 0.0262683 0.130846
0 0.986253 0.734697 0.0136302 0.0289493 0.129982
0 0.878123 0.188958 0.0182735 0.0292675 0.129817
0 0.213887 0.217316 0.0173184 0.0256408 0.129288
0 0.275945 0.545959 0.0202319 0.0381921 0.12912
0 0.325573 0.180816 0.0109299 0.0213255 0.128969
0 0.163464 0.394985 0.0127913 0.0259453 0.128948
0 0.036801 0.821491 0.0201785 0.0306255 0.128848
0 0.161363 0.0328206 0.0247131 0.0442661 0.128474
0 0.0260765 0.387651 0.0139875 0.0268634 0.1282
0 0.217026 0.298188 0.0157749 0.0318883 0.128025
0 0.455829 0.111835 0.0166619 0.0347684 0.127863
0 0.163144 0.0370584 0.0207279 0.0406942 0.127786
0 0.100467 0.295589 0.018282 0.0344489 0.127264
0 0.087403 0.431351 0.0118225 0.0314204 0.127187
0 0.20019 0.0878149 0.0170315 0.0294366 0.126926
0 0.315546 0.572919 0.025218 0.0308302 0.126924
0 0.243409 0.328443 0.0175397 0.0267743 0.126866
0 0.2116 0.936681 0.016712 0.0301165 0.126813
0 0.963366 0.261745 0.0258823 0.0336048 0.125749
0 0.744639 0.0832422 0.020638 0.0363431 0.125439
0 0.888898 0.610743 0.0219406 0.0317062 0.12519
0 0.73085 0.661973 0.0265139 0.0453654 0.124305
0 0.930217 0.408352 0.0153748 0.026562 0.124225
0 0.250601 0.130962 0.0143361 0.0367439 0.124176
0 0.274045 0.85762 0.0192511 0.0294539 0.124127
0 0.0649743 0.792696 0.0193493 0.0363909 0.123992
0 0.919139 0.155986 0.0362579 0.0427209 0.123443
0 0.471823 0.393079 0.0171589 0.0262243 0.122888
0 0.335832 0.725886 0.0142066 0.0336793 0.12283
0 0.922844 0.146387 0.033375 0.0562213 0.12196
0 0.348429 0.902197 0.0243315 0.0375661 0.121738
0 0.571968 0.186514 0.0165085 0.0221727 0.1214
0 0.283232 0.253879 0.0136291 0.0248268 0.121235
0 0.414403 0.852351 0.0191859 0.0257412 0.120969
0 0.509652 0.207651 0.0263647 0.0613031 0.120272
0 0.193424 0.0875131 0.0175889 0.0291598 0.120086
0 0.148265 0.48414 0.0147071 0.0335105 0.119342
0 0.690305 0.0831647 0.0344437 0.0330911 0.119008
0 0.873303 0.783342 0.0402073 0.0708131 0.118955
0 0.653447 0.0862525 0.0225788 0.0214543 0.118932
0 0.315939 0.908625 0.0201143 0.0255412 0.118913
0 0.352819 0.442462 0.0167203 0.0270043 0.118611
0 0.27761 0.55128 0.0206521 0.041669 0.118409
0 0.212731 0.601402 0.0198369 0.0249587 0.117506
0 0.045246 0.135532 0.0151592 0.0264753 0.117002
0 0.109326 0.46682 0.0139761 0.0347436 0.116897
0 0.171539 0.516485 0.0231402 0.056534 0.116677
0 0.0761353 0.526972 0.0282402 0.0443522 0.116646
0 0.0339477 0.421006 0.0162557 0.0283176 0.116399
0 0.223459 0.220754 0.0169504 0.0336417 0.115656
0 0.926466 0.130041 0.0283375 0.0845823 0.114769
0 0.201347 0.0912275 0.0165545 0.0232757 0.114687
0 0.748807 0.124592 0.0159183 0.0303341 0.114058
0 0.44217 0.549775 0.0138887 0.0352693 0.113926
0 0.215794 0.584256 0.0201975 0.0369597 0.113601
0 0.458969 0.244005 0.032008 0.0399994 0.112552
0 0.0428323 0.183743 0.0126543 0.0135696 0.1123
0 0.365434 0.0834418 0.0145548 0.0280025 0.112256
0 0.162438 0.867644 0.024022 0.0358469 0.112154
0 0.960564 0.244015 0.0334183 0.0645482 0.112007
0 0.264703 0.385297 0.0185321 0.0357508 0.112005
0 0.321805 0.472367 0.0158543 0.0313443 0.11187
0 0.127041 0.314111 0.0137473 0.0318806 0.111158
0 0.162084 0.991973 0.0112794 0.0158346 0.111012
0 0.392394 0.982367 0.0181829 0.0322939 0.110699
0 0.348217 0.693099 0.0189867 0.0218076 0.110273
0 0.434907 0.363623 0.0173866 0.0259762 0.109503
0 0.333621 0.550538 0.0155227 0.0294852 0.109449
0 0.612872 0.065697 0.0132707 0.0259746 0.109169
0 0.442773 0.622329 0.0123657 0.0204447 0.108056
0 0.409828 0.781629 0.0195316 0.0295103 0.107509
0 0.684689 0.0831968 0.0241467 0.0341219 0.106793
0 0.356891 0.429236 0.0132568 0.0246618 0.106507
0 0.340546 0.47573 0.0126884 0.0312732 0.106096
0 0.207922 0.306384 0.0140965 0.0241404 0.106087
0 0.79023 0.171957 0.014923 0.0291938 0.106008
0 0.978604 0.923227 0.023488 0.0376034 0.106004
0 0.289391 0.146823 0.0162283 0.0344368 0.105822
0 0.617809 0.668624 0.0294609 0.0417561 0.10571
0 0.0486621 0.180293 0.0156537 0.0147453 0.10563
0 0.140863 0.170182 0.0155264 0.0333754 0.105426
0 0.43987 0.969631 0.024939 0.0426986 0.104588
0 0.0963825 0.104755 0.0140624 0.0275845 0.104529
0 0.233807 0.966436 0.0188129 0.0317414 0.104511
0 0.342464 0.359888 0.0165131 0.0298948 0.104009
0 0.768401 0.448096 0.0167606 0.0295947 0.103838
0 0.137195 0.326786 0.0132622 0.0338877 0.103765
0 0.00327033 0.2197 0.0061018 0.0205641 0.103614
0 0.108376 0.815818 0.0169981 0.0305925 0.103404
0 0.410449 0.168434 0.0150179 0.0290242 0.103389
0 0.64465 0.111978 0.0197102 0.0237595 0.103266
0 0.0153597 0.154993 0.0230401 0.0384177 0.103197
0 0.275017 0.979645 0.0190912 0.034318 0.103077
0 0.279596 0.192501 0.00990016 0.0238715 0.102764
0 0.274262 0.862611 0.0175295 0.0315514 0.102644
0 0.434246 0.598032 0.0141531 0.0222323 0.102485
0 0.915761 0.800509 0.0378052 0.0494961 0.102285
0 0.454543 0.213408 0.0147337 0.0173819 0.101993
0 0.0158073 0.413983 0.0149303 0.0332275 0.101966
0 0.173937 0.5326 0.019734 0.0372796 0.10193
0 0.202 0.196176 0.0192253 0.0228498 0.101918
0 0.573393 0.637416 0.0281216 0.0461488 0.101485
0 0.162289 0.400367 0.0139064 0.0229559 0.101135
0 0.0213296 0.701793 0.0218233 0.0455603 0.100781
0 0.21376 0.596191 0.0210508 0.0349533 0.10077
0 0.413844 0.168321 0.0198853 0.0276653 0.100043
