0 0.915701 0.372727 0.0232788 0.0371349 0.676645
0 0.750365 0.824412 0.027173 0.0529432 0.673495
0 0.699637 0.63433 0.0237515 0.0550576 0.661457
0 0.716275 0.319339 0.035241 0.0565886 0.660489
0 0.820982 0.745671 0.0221184 0.0399002 0.660408
0 0.58976 0.783918 0.026894 0.047739 0.657997
0 0.905226 0.207034 0.0236329 0.0393755 0.65538
0 0.740653 0.27545 0.0233927 0.0389328 0.655166
0 0.951132 0.122452 0.0330906 0.0590541 0.652311
0 0.568197 0.824283 0.0213001 0.0373484 0.65227
0 0.782263 0.666281 0.023429 0.0393378 0.650093
0 0.808225 0.801449 0.0243809 0.0499824 0.648531
0 0.558852 0.781068 0.0231284 0.0414334 0.64824
0 0.504597 0.588597 0.0242321 0.0444326 0.635709
0 0.442797 0.770644 0.0187063 0.0358695 0.634229
0 0.632689 0.141655 0.0286549 0.0470282 0.632029
0 0.881866 0.360384 0.0262634 0.0407047 0.626986
0 0.793689 0.510325 0.0217051 0.038928 0.6258
0 0.822602 0.978582 0.0201099 0.0398928 0.62531
0 0.90272 0.652381 0.0211445 0.0416038 0.617926
0 0.720523 0.711298 0.0207756 0.0379769 0.617413
0 0.84448 0.945206 0.0228136 0.0421597 0.615689
0 0.938552 0.559232 0.0395996 0.052941 0.601689
0 0.686812 0.146691 0.0272441 0.0450161 0.601228
0 0.748076 0.888563 0.017519 0.0396495 0.599239
0 0.894718 0.956567 0.0145906 0.0284913 0.597283
0 0.934412 0.161984 0.0143356 0.0273511 0.593115
0 0.733664 0.789022 0.0192635 0.0449585 0.591787
0 0.913243 0.92605 0.0177425 0.0320106 0.586827
0 0.920528 0.874359 0.0229843 0.0391437 0.585044
0 0.787968 0.790817 0.0166632 0.0373627 0.584897
0 0.90401 0.120918 0.0225375 0.0391223 0.584531
0 0.95026 0.356151 0.0237785 0.0435347 0.584312
0 0.819058 0.29366 0.0151878 0.0356563 0.57856
0 0.890512 0.90723 0.018243 0.0330098 0.575321
0 0.524499 0.884388 0.019208 0.0332889 0.574187
0 0.820086 0.0940991 0.0232463 0.0453384 0.572499
0 0.931625 0.921868 0.015258 0.025924 0.56993
0 0.653097 0.113457 0.015629 0.0350001 0.569748
0 0.811588 0.177889 0.0183918 0.0285932 0.568091
0 0.569589 0.730669 0.0180319 0.0340491 0.565753
0 0.866254 0.72349 0.0226381 0.0465922 0.564834
0 0.543647 0.72769 0.0236929 0.04371 0.564796
0 0.467276 0.432249 0.0331295 0.0544902 0.563587
0 0.798178 0.250912 0.0175645 0.0312418 0.560514
0 0.892311 0.319604 0.0165234 0.0298756 0.559102
0 0.403484 0.727748 0.020553 0.0499654 0.558533
0 0.603994 0.64862 0.0180854 0.0307495 0.556045
0 0.776059 0.888381 0.0225258 0.0354255 0.555203
0 0.687347 0.012346 0.0232941 0.0244374 0.55276
0 0.942012 0.749863 0.0211983 0.033581 0.552487
0 0.851262 0.847647 0.0150505 0.0289408 0.552098
0 0.527646 0.646298 0.0186919 0.0341456 0.549805
0 0.988892 0.32412 0.022216 0.0722939 0.548025
0 0.575938 0.515092 0.0221088 0.0358424 0.547134
0 0.954988 0.794998 0.013026 0.0298004 0.54332
0 0.595573 0.684136 0.0139874 0.0276442 0.542957
0 0.836348 0.281232 0.0134307 0.0264227 0.541575
0 0.719793 0.134428 0.0270681 0.0607012 0.537795
0 0.877109 0.955544 0.0168961 0.0346864 0.535387
0 0.919601 0.440214 0.021307 0.033041 0.53202
0 0.713889 0.542854 0.0183275 0.0312442 0.53193
0 0.80518 0.962336 0.0192029 0.0335756 0.528302
0 0.571002 0.132464 0.0202538 0.0423845 0.525163
0 0.459917 0.709174 0.0208418 0.0329953 0.523465
0 0.955282 0.906209 0.0178314 0.0277608 0.520335
0 0.865531 0.897577 0.016156 0.030131 0.520211
0 0.540316 0.771574 0.0139991 0.0325144 0.519712
0 0.925573 0.639356 0.0264496 0.04996 0.51866
0 0.532907 0.609978 0.0125395 0.0281988 0.517902
0 0.75414 0.659051 0.0230903 0.0382879 0.515445
0 0.426418 0.753772 0.0158083 0.0262119 0.513574
0 0.942395 0.456607 0.0207092 0.0392297 0.513445
0 0.597578 0.17036 0.0204783 0.0387002 0.512126
0 0.736334 0.463536 0.0212727 0.0406145 0.511993
0 0.962289 0.509777 0.0175377 0.0354854 0.510322
0 0.782416 0.228158 0.011611 0.0311535 0.509762
0 0.658292 0.0143257 0.0202845 0.0281763 0.50726
0 0.427447 0.958434 0.0200588 0.0380042 0.506828
0 0.691646 0.204335 0.0257105 0.0405022 0.506588
0 0.630448 0.205789 0.0229764 0.038711 0.502647
0 0.512803 0.118937 0.0191541 0.0344263 0.502547
0 0.938649 0.966847 0.0168489 0.0261804 0.499205
0 0.889815 0.283584 0.017086 0.0246729 0.498133
0 0.692383 0.702679 0.0207273 0.039805 0.49809
0 0.536419 0.0815623 0.0209809 0.0388707 0.495843
0 0.598726 0.844872 0.0353919 0.0597923 0.495296
0 0.767847 0.511552 0.0184326 0.0373414 0.494837
0 0.617493 0.722279 0.0128456 0.0266364 0.490244
0 0.566594 0.959451 0.0307663 0.0435377 0.488413
0 0.784856 0.841151 0.0206589 0.0336923 0.486172
0 0.86993 0.266011 0.0139778 0.0282322 0.484716
0 0.625954 0.579475 0.0195549 0.0372533 0.483494
0 0.840138 0.321957 0.0133434 0.0219395 0.481937
0 0.683078 0.775911 0.0205233 0.0431179 0.480303
0 0.754815 0.138212 0.0248652 0.0540914 0.479717
0 0.6284 0.761419 0.0155569 0.0316227 0.478788
0 0.774187 0.441772 0.0293428 0.042657 0.478711
0 0.835157 0.791707 0.0200165 0.0367048 0.478646
0 0.52538 0.82194 0.0212431 0.0385361 0.478097
0 0.981785 0.501516 0.0141052 0.030404 0.477748
0 0.578876 0.177144 0.0139683 0.0300793 0.476148
0 0.640518 0.963048 0.0220179 0.0354058 0.475747
0 0.943525 0.401119 0.0200275 0.0383357 0.47404
0 0.875188 0.302578 0.0147114 0.0293129 0.473816
0 0.837854 0.458296 0.0232544 0.0355811 0.467648
0 0.485228 0.139839 0.030087 0.0388718 0.465851
0 0.949822 0.828388 0.0214497 0.0348472 0.462835
0 0.483584 0.896022 0.0092556 0.0207096 0.462228
0 0.729481 0.602991 0.0263862 0.0529461 0.462009
0 0.617602 0.36631 0.0211809 0.040115 0.459504
0 0.744463 0.722771 0.0214739 0.0326584 0.458702
0 0.595471 0.0622226 0.0227244 0.0352421 0.458429
0 0.796775 0.213881 0.0161472 0.0282661 0.456764
0 0.641875 0.339449 0.0217247 0.0368618 0.455182
0 0.505276 0.859621 0.018955 0.0354116 0.454366
0 0.987464 0.733864 0.0250715 0.048548 0.453732
0 0.984878 0.535847 0.0153792 0.0199153 0.453575
0 0.668498 0.111031 0.0175373 0.03018 0.453355
0 0.630094 0.523728 0.0148483 0.0313263 0.452552
0 0.775978 0.339074 0.0153467 0.0294584 0.452224
0 0.712614 0.063369 0.0284968 0.0497979 0.451615
0 0.671244 0.185631 0.0166079 0.029405 0.450776
0 0.637953 0.703891 0.0234383 0.0382209 0.448922
0 0.925886 0.794893 0.0188442 0.0373501 0.448065
0 0.676818 0.0593364 0.0217091 0.0448865 0.44806
0 0.706641 0.979176 0.0124119 0.0277262 0.444313
0 0.700339 0.106837 0.0181032 0.0336533 0.438161
0 0.655511 0.392682 0.0181984 0.0301256 0.432057
0 0.876111 0.634872 0.0249008 0.0404661 0.431422
0 0.886288 0.86264 0.016605 0.0327467 0.427406
0 0.768153 0.0277133 0.0162584 0.0342063 0.423694
0 0.483501 0.0965027 0.0164857 0.0280831 0.423423
0 0.914701 0.318264 0.0209816 0.0332715 0.422385
0 0.713489 0.930866 0.0207254 0.0367624 0.419791
0 0.444552 0.827198 0.0145732 0.0317685 0.419585
0 0.76511 0.78547 0.0155563 0.0265134 0.41918
0 0.587333 0.0160848 0.014314 0.0304559 0.416976
0 0.691318 0.952065 0.0201813 0.0377051 0.414536
0 0.529021 0.151528 0.0168994 0.0308197 0.412289
0 0.658854 0.427672 0.0173795 0.0275592 0.411926
0 0.385561 0.941161 0.0144281 0.0296604 0.41123
0 0.471239 0.869391 0.0152339 0.0257187 0.407035
0 0.89386 0.439158 0.0174129 0.0315269 0.406184
0 0.779878 0.22876 0.0158066 0.032793 0.405855
0 0.911996 0.490954 0.0250965 0.0410604 0.40306
0 0.89771 0.405666 0.0166912 0.026884 0.401607
0 0.645956 0.0639181 0.02304 0.0463062 0.401439
0 0.6123 0.0173647 0.0229475 0.0342993 0.400699
0 0.943052 0.310295 0.0149719 0.0271066 0.400611
0 0.821296 0.926884 0.0134541 0.0289646 0.396741
0 0.413785 0.686733 0.0145002 0.0311821 0.394006
0 0.65334 0.28188 0.0219142 0.0366183 0.388498
0 0.855728 0.314563 0.0138247 0.0296919 0.388356
0 0.669307 0.529101 0.0171885 0.0318075 0.385514
0 0.518643 0.784084 0.0158809 0.0303984 0.385444
0 0.89556 0.734125 0.0121738 0.0291411 0.382817
0 0.39438 0.983364 0.0221168 0.0314996 0.378347
0 0.8051 0.646432 0.0188691 0.033983 0.376054
0 0.990802 0.922007 0.018214 0.0338888 0.375523
0 0.548666 0.141803 0.0194363 0.0338293 0.372351
0 0.78673 0.0876233 0.0181316 0.0371589 0.369045
0 0.874656 0.841082 0.0140457 0.0250037 0.36715
0 0.382495 0.705606 0.018261 0.0338131 0.36644
0 0.851485 0.118209 0.0384061 0.062773 0.364493
0 0.574516 0.664561 0.0152418 0.0267533 0.364251
0 0.525097 0.473566 0.0200883 0.0362381 0.363211
0 0.656727 0.649548 0.0161699 0.0227275 0.362903
0 0.797047 0.897392 0.0128871 0.025608 0.356611
0 0.980624 0.901428 0.0153969 0.0247732 0.356605
0 0.969293 0.342057 0.0164616 0.0394172 0.355309
0 0.796974 0.418514 0.0203793 0.0389897 0.354945
0 0.65237 0.189867 0.0194736 0.0382507 0.352336
0 0.511918 0.919652 0.0218754 0.035829 0.352021
0 0.728621 0.676821 0.0193462 0.0287856 0.351761
0 0.596481 0.549613 0.0258213 0.0493465 0.350646
0 0.699734 0.824764 0.0281297 0.0441494 0.350055
0 0.920485 0.413265 0.0222416 0.031447 0.347676
0 0.618185 0.940715 0.0233086 0.0399399 0.347316
0 0.715029 0.779259 0.0184593 0.0345659 0.345288
0 0.891842 0.989688 0.0145786 0.0196459 0.333975
0 0.845199 0.53387 0.018014 0.0240986 0.332475
0 0.988049 0.269245 0.0185711 0.0307144 0.331745
0 0.665766 0.931097 0.0186722 0.0310729 0.331634
0 0.831148 0.501 0.0145979 0.0330145 0.328743
0 0.853972 0.220823 0.0115128 0.0281893 0.328399
0 0.876511 0.419755 0.0187038 0.0315226 0.326047
0 0.883539 0.129015 0.0108286 0.0278804 0.325956
0 0.335079 0.57905 0.0314567 0.0602893 0.325214
0 0.569944 0.871602 0.0171763 0.0426353 0.323912
0 0.811235 0.359552 0.0228453 0.0385447 0.319426
0 0.719459 0.013825 0.0240288 0.0271479 0.318156
0 0.744876 0.527466 0.0257281 0.04614 0.316978
0 0.732277 0.901153 0.0146315 0.0279921 0.315863
0 0.660456 0.680228 0.016622 0.0349999 0.311888
0 0.562024 0.69496 0.0119863 0.0227535 0.311829
0 0.709724 0.44974 0.0218637 0.0343696 0.310982
0 0.66793 0.596477 0.0156879 0.0308416 0.309216
0 0.995533 0.883723 0.00893389 0.0299157 0.307522
0 0.554783 0.527659 0.0211801 0.0321821 0.305057
0 0.668725 0.495947 0.016046 0.0267974 0.304146
0 0.399604 0.912306 0.0147486 0.0196014 0.304011
0 0.847198 0.17435 0.0216892 0.0373071 0.30181
0 0.754514 0.946473 0.0230301 0.0433536 0.300156
0 0.870982 0.200829 0.0197559 0.0280242 0.298866
0 0.954902 0.366826 0.0183361 0.0283559 0.294615
0 0.679716 0.619157 0.0177881 0.0317657 0.292684
0 0.773631 0.957715 0.0155771 0.0360527 0.290838
0 0.690732 0.536727 0.0190327 0.031576 0.28978
0 0.74375 0.536019 0.024888 0.05862 0.289203
0 0.577114 0.607829 0.0179289 0.0306507 0.283491
0 0.593776 0.904764 0.0204803 0.0362247 0.281798
0 0.97942 0.176185 0.0234753 0.044666 0.281352
0 0.959441 0.842787 0.0147659 0.0304118 0.280547
0 0.384719 0.707493 0.0161075 0.0315084 0.280083
0 0.891515 0.485211 0.0228001 0.0384354 0.279933
0 0.59634 0.115486 0.0166976 0.0374291 0.277322
0 0.508203 0.546324 0.0206822 0.0391668 0.277043
0 0.399274 0.790018 0.0150442 0.0301519 0.275227
0 0.816805 0.51476 0.0157152 0.0289122 0.27498
0 0.752259 0.991006 0.0196807 0.0170792 0.274191
0 0.956012 0.984916 0.0164471 0.0293864 0.273406
0 0.886282 0.722886 0.016378 0.0334012 0.269326
0 0.716382 0.932611 0.0204346 0.0374634 0.26739
0 0.526986 0.317881 0.0247166 0.0480294 0.266144
0 0.683394 0.472102 0.0171593 0.0304579 0.263557
0 0.918579 0.27672 0.0238194 0.0317771 0.262982
0 0.816233 0.50803 0.0173635 0.0374532 0.261335
0 0.664611 0.147625 0.0157654 0.0284971 0.258477
0 0.892621 0.253615 0.0177227 0.0285878 0.257626
0 0.759125 0.480842 0.0215097 0.0304793 0.257496
0 0.450359 0.0855732 0.017757 0.0355538 0.256796
0 0.821882 0.887133 0.0211369 0.0366031 0.253604
0 0.487909 0.93072 0.0130579 0.0200551 0.253307
0 0.877164 0.843468 0.00988197 0.0220832 0.252581
0 0.319926 0.642611 0.0283544 0.058604 0.251664
0 0.411832 0.684943 0.0159895 0.0313714 0.249756
0 0.629772 0.0694298 0.0134619 0.0317031 0.244908
0 0.50317 0.427408 0.0361611 0.062747 0.244842
0 0.791901 0.74352 0.0202735 0.0345508 0.244294
0 0.968029 0.337091 0.015826 0.0376674 0.244036
0 0.77866 0.405793 0.0149818 0.0266764 0.24222
0 0.904183 0.570811 0.0226856 0.0380226 0.239449
0 0.45367 0.88921 0.0127834 0.0284668 0.237422
0 0.962012 0.752777 0.0154665 0.0352292 0.23265
0 0.966697 0.409174 0.0195187 0.0337294 0.230679
0 0.576297 0.133068 0.0249577 0.0409163 0.230468
0 0.568734 0.274433 0.0228046 0.04115 0.23031
0 0.864046 0.574723 0.0309475 0.0405365 0.229062
0 0.618652 0.98217 0.0192759 0.0342951 0.228081
0 0.696291 0.104799 0.0231861 0.0347726 0.22452
0 0.637439 0.839283 0.0293847 0.0453408 0.224419
0 0.703081 0.577289 0.0152271 0.0273457 0.224077
0 0.893641 0.825828 0.0151955 0.0302239 0.223678
0 0.991873 0.990001 0.0152287 0.0189277 0.222476
0 0.784105 0.618654 0.0209783 0.0386241 0.220515
0 0.880078 0.64084 0.0195351 0.0297145 0.21957
0 0.561283 0.187641 0.0162063 0.0290522 0.217645
0 0.642537 0.896278 0.0253706 0.0511793 0.216645
0 0.854546 0.318413 0.0128407 0.0284295 0.215573
0 0.995728 0.659715 0.00854473 0.0382556 0.213993
0 0.981447 0.897006 0.0135573 0.0246825 0.212489
0 0.441115 0.92509 0.0209461 0.0310621 0.211049
0 0.815093 0.848574 0.0212109 0.0312042 0.209764
0 0.612776 0.679581 0.012934 0.0178825 0.208383
0 0.434503 0.598043 0.0213562 0.0395976 0.208309
0 0.851974 0.360657 0.014493 0.026492 0.201444
0 0.889886 0.769305 0.015173 0.0327294 0.200933
0 0.893007 0.73276 0.0134972 0.028309 0.200618
0 0.839846 0.671059 0.0195665 0.0327076 0.200572
0 0.666548 0.145818 0.0148468 0.0337536 0.199882
0 0.551588 0.830554 0.00995712 0.0264874 0.199462
0 0.573948 0.0738108 0.0195587 0.0335701 0.198651
0 0.768946 0.883104 0.0190436 0.0331165 0.197883
0 0.969048 0.927168 0.0152943 0.026633 0.19788
0 0.492056 0.13841 0.0187063 0.0359846 0.196544
0 0.757811 0.23655 0.0137384 0.0291223 0.194139
0 0.962558 0.661667 0.0202911 0.0318089 0.193815
0 0.972015 0.984727 0.0180056 0.0290593 0.193043
0 0.976589 0.471008 0.0140945 0.0203597 0.192766
0 0.630518 0.102119 0.0161025 0.0191779 0.192564
0 0.416155 0.989277 0.0187168 0.0207115 0.191682
0 0.56423 0.912189 0.0176071 0.0379367 0.191345
0 0.849381 0.358696 0.0161976 0.0301274 0.188512
0 0.521738 0.743943 0.014081 0.0240899 0.188243
0 0.545338 0.911019 0.0217907 0.0430834 0.187223
0 0.914064 0.277769 0.015839 0.0315956 0.186487
0 0.98254 0.904119 0.0148643 0.0213053 0.18615
0 0.795869 0.898355 0.0147259 0.0309826 0.185842
0 0.649671 0.746191 0.020628 0.0424824 0.184275
0 0.593544 0.969376 0.020608 0.0418677 0.183086
0 0.970929 0.923563 0.0141075 0.0261026 0.182008
0 0.992004 0.959787 0.0147669 0.0221214 0.180001
0 0.514988 0.931837 0.0184726 0.0300764 0.17965
0 0.817432 0.559076 0.02554 0.0380222 0.179616
0 0.904369 0.795188 0.0154131 0.0233524 0.17938
0 0.75302 0.938205 0.0272221 0.0507038 0.176172
0 0.567189 0.729603 0.0202509 0.0389069 0.176155
0 0.486859 0.852806 0.0168146 0.0293277 0.176006
0 0.742815 0.543418 0.0227665 0.0459237 0.174135
0 0.868767 0.675579 0.0215561 0.0302931 0.173949
0 0.664629 0.968179 0.0225019 0.035557 0.171327
0 0.979913 0.80755 0.0208993 0.0286255 0.170708
0 0.621121 0.943043 0.0213683 0.0405076 0.170286
0 0.890383 0.730679 0.012871 0.0266143 0.170041
0 0.772218 0.884999 0.0252394 0.0360697 0.169478
0 0.993775 0.659633 0.012451 0.039004 0.169472
0 0.655694 0.526857 0.0127853 0.0298463 0.168971
0 0.883966 0.718096 0.0162137 0.0394489 0.168566
0 0.853064 0.424067 0.0219357 0.0255124 0.168438
0 0.845406 0.807389 0.015205 0.0213928 0.165394
0 0.814778 0.499854 0.0185822 0.0390696 0.164797
0 0.516343 0.0106658 0.0288998 0.0207892 0.164005
0 0.434411 0.716386 0.0227588 0.0360789 0.163457
0 0.677116 0.269278 0.0163267 0.0344964 0.162516
0 0.456088 0.889473 0.0104454 0.0270762 0.161261
0 0.555747 0.0676899 0.0205458 0.0448708 0.161119
0 0.654303 0.770696 0.0187052 0.0284658 0.160309
0 0.847818 0.751338 0.0170628 0.0321693 0.159539
0 0.514075 0.925019 0.0226874 0.0356672 0.159341
0 0.966237 0.931034 0.0171 0.0310533 0.159225
0 0.938494 0.196311 0.0125523 0.0243231 0.158959
0 0.363634 0.952622 0.0182189 0.0302195 0.157859
0 0.871193 0.197979 0.0216838 0.0366329 0.157139
0 0.594728 0.723467 0.0176559 0.0337999 0.157094
0 0.997168 0.520443 0.00566483 0.0304179 0.155527
0 0.935047 0.712035 0.0187382 0.0323373 0.155274
0 0.764882 0.0257914 0.0219002 0.0386257 0.154556
0 0.858085 0.126592 0.0278748 0.0506819 0.15422
0 0.837463 0.357622 0.012627 0.0347432 0.153874
0 0.795811 0.178707 0.00905482 0.0311409 0.153742
0 0.873167 0.301137 0.0146206 0.0315277 0.152616
0 0.783809 0.133553 0.0238335 0.0427522 0.152614
0 0.728229 0.871062 0.0135065 0.0226166 0.152347
0 0.737085 0.221209 0.0241404 0.0422445 0.151308
0 0.922137 0.276597 0.0221132 0.0336085 0.151174
0 0.866168 0.132927 0.014366 0.0376615 0.149787
0 0.993771 0.883803 0.012315 0.0307665 0.149389
0 0.544103 0.68896 0.0135907 0.0246908 0.148896
0 0.786269 0.195977 0.0101715 0.0184031 0.148284
0 0.890406 0.251168 0.0217448 0.0330156 0.147433
0 0.543548 0.772732 0.00989189 0.0361796 0.146129
0 0.38577 0.747515 0.0154186 0.027752 0.145699
0 0.59916 0.549286 0.022266 0.0429369 0.144855
0 0.584734 0.0154547 0.0167676 0.0296574 0.144365
0 0.659094 0.527362 0.0150653 0.0326929 0.144106
0 0.848081 0.128611 0.0304297 0.039725 0.143953
0 0.54832 0.874475 0.0182595 0.0293121 0.143597
0 0.851456 0.410047 0.0283215 0.044701 0.142971
0 0.542816 0.129952 0.0181616 0.0267237 0.142915
0 0.603159 0.911546 0.035641 0.0477224 0.142757
0 0.942594 0.645389 0.0137643 0.031939 0.142525
0 0.603186 0.500174 0.0125613 0.0395952 0.140546
0 0.839897 0.464449 0.0217934 0.0244477 0.13907
0 0.943564 0.494413 0.0179379 0.0292074 0.139013
0 0.537837 0.125354 0.0149687 0.0214542 0.138983
0 0.992136 0.449052 0.0157288 0.0251436 0.138743
0 0.468121 0.844626 0.0208408 0.0299149 0.138633
0 0.852043 0.505923 0.01772 0.028643 0.138097
0 0.706983 0.985986 0.0140843 0.0268155 0.13806
0 0.842256 0.801833 0.0137762 0.0229163 0.137841
0 0.842643 0.129883 0.0190338 0.0368182 0.137603
0 0.491277 0.50715 0.018906 0.0348463 0.137369
0 0.648183 0.619379 0.026752 0.0395781 0.136902
0 0.708226 0.511519 0.0148844 0.0193377 0.136377
0 0.645237 0.63111 0.026835 0.0375428 0.135909
0 0.509026 0.91579 0.0224243 0.0325806 0.135543
0 0.803218 0.355605 0.0273157 0.0354516 0.135421
0 0.70391 0.477249 0.0177003 0.0283097 0.13541
0 0.917112 0.978193 0.0135784 0.0301706 0.135122
0 0.460446 0.764839 0.0143234 0.0260532 0.135102
0 0.368904 0.765596 0.0164956 0.0237152 0.134864
0 0.694516 0.896172 0.016153 0.0285997 0.133317
0 0.754654 0.955471 0.0199998 0.0277833 0.132739
0 0.591728 0.901217 0.0202355 0.037266 0.132424
0 0.876485 0.672921 0.0164215 0.0295817 0.132189
0 0.663108 0.527803 0.0204784 0.0324975 0.131711
0 0.596722 0.439813 0.0215173 0.0364031 0.1314
0 0.737039 0.113554 0.012251 0.0360308 0.130594
0 0.940707 0.492254 0.0201809 0.0299566 0.129016
0 0.927199 0.792461 0.0145412 0.037129 0.12881
0 0.722854 0.982039 0.0124977 0.0297983 0.128389
0 0.902601 0.16451 0.0208612 0.029242 0.126276
0 0.616045 0.722346 0.0167082 0.031564 0.125744
0 0.679321 0.613213 0.0202045 0.0411028 0.125603
0 0.960512 0.510508 0.0206276 0.0424279 0.125495
0 0.840311 0.357143 0.0148155 0.0350889 0.125317
0 0.628964 0.79808 0.0185894 0.0259032 0.125273
0 0.819826 0.324151 0.0124287 0.0166814 0.124693
0 0.639567 0.701425 0.0183815 0.0339778 0.123917
0 0.993007 0.323075 0.0139866 0.0729758 0.123667
0 0.654284 0.649236 0.0204007 0.0259997 0.123468
0 0.925688 0.277506 0.0174372 0.0309686 0.122998
0 0.711833 0.448084 0.0168704 0.025921 0.122619
0 0.996965 0.24154 0.00606976 0.0265606 0.12238
0 0.680917 0.47332 0.0169415 0.0298791 0.122085
0 0.8581 0.395005 0.0164211 0.0370745 0.119037
0 0.551047 0.145141 0.0155783 0.0357603 0.118591
0 0.937513 0.972429 0.0164173 0.0334513 0.118269
0 0.737241 0.987342 0.0184264 0.0243761 0.117728
0 0.595504 0.399549 0.0225309 0.0323908 0.117634
0 0.842548 0.320902 0.0147602 0.02405 0.117143
0 0.415968 0.611143 0.0127471 0.0390212 0.116426
0 0.419948 0.780633 0.0143923 0.0224433 0.115765
0 0.678245 0.607135 0.0238468 0.05307 0.115723
0 0.731698 0.68019 0.0205589 0.0290241 0.114995
0 0.856885 0.401186 0.0187984 0.0466975 0.114791
0 0.648656 0.742141 0.0188064 0.0309319 0.114623
0 0.716595 0.261433 0.0194775 0.0367151 0.114595
0 0.960408 0.657265 0.021096 0.0400506 0.114004
0 0.659448 0.463691 0.0110548 0.0228726 0.113696
0 0.673909 0.977592 0.0186864 0.0350485 0.11322
0 0.546838 0.595636 0.0200275 0.0348298 0.113215
0 0.43797 0.552329 0.0258324 0.044362 0.113123
0 0.665372 0.227947 0.0147205 0.0257386 0.111631
0 0.670186 0.979078 0.022575 0.0380212 0.111355
0 0.794563 0.179056 0.00898298 0.0250444 0.110589
0 0.539458 0.124832 0.0159203 0.0264657 0.110581
0 0.9807 0.845509 0.0269709 0.0402653 0.110171
0 0.652791 0.760297 0.0212205 0.0454997 0.110056
0 0.760044 0.239863 0.0169497 0.0297664 0.109389
0 0.435827 0.761942 0.0119612 0.0311915 0.108586
0 0.722222 0.669233 0.0191898 0.0343647 0.107973
0 0.466023 0.847235 0.0234488 0.0389144 0.107563
0 0.531381 0.612031 0.0141575 0.0269811 0.107206
0 0.972839 0.689064 0.0211441 0.0413709 0.107184
0 0.677635 0.668677 0.01802 0.0386068 0.106271
0 0.638818 0.899478 0.030078 0.0526343 0.106215
0 0.733674 0.215258 0.0318203 0.0527592 0.105728
0 0.47506 0.556083 0.0196652 0.0263089 0.105048
0 0.913686 0.830946 0.0210831 0.0366438 0.104903
0 0.51105 0.118987 0.0232584 0.0417703 0.104042
0 0.977247 0.581379 0.0249313 0.0467218 0.103887
0 0.843424 0.357542 0.0179264 0.0333215 0.103683
0 0.663414 0.678732 0.0145864 0.0335503 0.103548
0 0.858227 0.369512 0.0149952 0.0317898 0.10231
0 0.962134 0.840559 0.013998 0.0361782 0.102266
0 0.74235 0.552316 0.0200376 0.0307178 0.101608
0 0.652849 0.614804 0.0189818 0.0344259 0.101517
0 0.988828 0.401 0.0223433 0.0498811 0.1009
0 0.542337 0.0138438 0.0197695 0.0265098 0.100856
0 0.854552 0.363087 0.0165218 0.0269095 0.100813
