0 0.72617 0.13643 0.0309882 0.0534112 0.703391
0 0.812964 0.78956 0.0175381 0.0378115 0.694337
0 0.760827 0.234586 0.0388204 0.0464092 0.682417
0 0.62016 0.688611 0.0257523 0.0378123 0.677366
0 0.320176 0.918491 0.0274062 0.0448334 0.675017
0 0.173586 0.864705 0.0213133 0.0328432 0.670916
0 0.0913403 0.843982 0.023097 0.0387604 0.669001
0 0.919877 0.87876 0.027652 0.0558007 0.66796
0 0.792631 0.168243 0.0279511 0.0474502 0.664637
0 0.900306 0.579173 0.0275808 0.050097 0.662629
0 0.779841 0.0420187 0.0316381 0.0458161 0.66255
0 0.63202 0.308088 0.0231158 0.0415485 0.658833
0 0.905175 0.302717 0.0183308 0.0372439 0.653793
0 0.831061 0.204986 0.0196423 0.0376439 0.653082
0 0.717009 0.704602 0.0203714 0.0409644 0.65047
0 0.982745 0.435965 0.0233063 0.0397345 0.645978
0 0.737973 0.81539 0.0190459 0.0363773 0.643832
0 0.311748 0.48753 0.0220285 0.0382586 0.643084
0 0.585462 0.277283 0.0189552 0.039645 0.642544
0 0.975769 0.11285 0.0216272 0.0411488 0.640463
0 0.439211 0.771891 0.0229233 0.0345964 0.6388
0 0.3926 0.639975 0.0191989 0.0362132 0.638461
0 0.648038 0.938298 0.0258149 0.0439979 0.637598
0 0.712431 0.0198059 0.0222354 0.0380968 0.637191
0 0.850581 0.420701 0.018185 0.0384016 0.637157
0 0.60138 0.522486 0.023171 0.0291862 0.637156
0 0.842497 0.494322 0.0200447 0.0342336 0.636691
0 0.681956 0.26215 0.0232803 0.0421732 0.635888
0 0.751253 0.899122 0.0150415 0.0278843 0.635573
0 0.951169 0.485248 0.017421 0.0351106 0.633952
0 0.813407 0.839295 0.0172064 0.0362976 0.63366
0 0.645884 0.669795 0.0201284 0.0416489 0.633094
0 0.732131 0.908241 0.0147404 0.029254 0.631053
0 0.154698 0.889582 0.018009 0.0359046 0.627949
0 0.770569 0.344319 0.0161078 0.0263811 0.62652
0 0.551165 0.698709 0.0284877 0.0464637 0.625951
0 0.603949 0.151343 0.0191804 0.0358362 0.624877
0 0.740093 0.692682 0.0227426 0.0388246 0.623711
0 0.788798 0.461468 0.0224713 0.0375749 0.623518
0 0.165809 0.696002 0.0270219 0.0506387 0.62316
0 0.418112 0.338237 0.0190573 0.0357299 0.623133
0 0.318091 0.769151 0.0218967 0.0397817 0.622691
0 0.753236 0.365401 0.0166464 0.0300612 0.621487
0 0.14595 0.927176 0.0145663 0.0361274 0.621206
0 0.644552 0.262703 0.0239182 0.034367 0.619908
0 0.62303 0.570543 0.0171576 0.0321301 0.618357
0 0.864796 0.53975 0.0208736 0.0412821 0.618168
0 0.657135 0.633413 0.0204245 0.0352639 0.618085
0 0.686248 0.469835 0.021077 0.0512676 0.617998
0 0.90327 0.528861 0.0239063 0.0387349 0.617367
0 0.602817 0.0603339 0.0198474 0.0344206 0.617051
0 0.340663 0.887599 0.0181917 0.0333011 0.614161
0 0.528754 0.387343 0.0195107 0.0311232 0.613164
0 0.0702204 0.714356 0.0210132 0.0473229 0.613131
0 0.517545 0.820472 0.0156073 0.0293976 0.611744
0 0.445779 0.36703 0.02012 0.0289302 0.610877
0 0.237591 0.860565 0.0167672 0.0339105 0.610231
0 0.541794 0.816082 0.0169962 0.0302668 0.610031
0 0.341027 0.650876 0.0174945 0.0286301 0.609755
0 0.453269 0.940297 0.0189816 0.0343693 0.609495
0 0.787569 0.553562 0.0166162 0.0291885 0.607101
0 0.1797 0.906051 0.0207977 0.0305135 0.605483
0 0.809861 0.0753319 0.0209532 0.0315983 0.604593
0 0.657728 0.321586 0.0181955 0.028071 0.600416
0 0.858951 0.472999 0.019838 0.034599 0.596634
0 0.439165 0.815378 0.015838 0.0295664 0.595324
0 0.574455 0.685397 0.0151841 0.0309789 0.594726
0 0.142835 0.842441 0.0196598 0.0317691 0.594311
0 0.793642 0.226364 0.0179653 0.0303047 0.59321
0 0.721496 0.494093 0.0259588 0.0541001 0.593011
0 0.880941 0.963136 0.0201843 0.0333586 0.59182
0 0.972493 0.937453 0.0153053 0.0296473 0.591222
0 0.169925 0.94171 0.0166769 0.0325823 0.591183
0 0.373626 0.618586 0.0167753 0.0276215 0.588628
0 0.442781 0.438201 0.0143994 0.0296836 0.588209
0 0.885919 0.91624 0.0157578 0.0314869 0.587445
0 0.733118 0.777003 0.0146613 0.0262814 0.586255
0 0.5623 0.974294 0.0162198 0.0336957 0.586064
0 0.556243 0.698712 0.0189604 0.0463609 0.584356
0 0.72083 0.377715 0.0219439 0.043927 0.58389
0 0.606933 0.308106 0.0197261 0.0437631 0.582838
0 0.46812 0.617775 0.0180824 0.0327025 0.582321
0 0.895195 0.807561 0.0156823 0.0289915 0.580637
0 0.793641 0.611574 0.016925 0.0381471 0.579945
0 0.752336 0.934627 0.017648 0.0329829 0.578654
0 0.978392 0.541188 0.0163166 0.0311427 0.578495
0 0.409477 0.257688 0.021348 0.0362696 0.57767
0 0.115103 0.967392 0.0214611 0.0455345 0.575034
0 0.702678 0.953029 0.013312 0.0291244 0.574159
0 0.228581 0.409005 0.019783 0.042 0.573713
0 0.233011 0.782897 0.0168247 0.031991 0.572588
0 0.91076 0.350111 0.0202854 0.0391598 0.572491
0 0.481101 0.489125 0.0152262 0.032912 0.571045
0 0.688352 0.054515 0.0184772 0.028263 0.570248
0 0.758621 0.728093 0.0165714 0.0293901 0.56912
0 0.547487 0.743955 0.0178733 0.0358188 0.568185
0 0.965423 0.601671 0.0242889 0.0389772 0.566303
0 0.626912 0.178759 0.019122 0.0369313 0.565265
0 0.227834 0.960106 0.0220359 0.0374247 0.563141
0 0.453681 0.727898 0.0207571 0.0344772 0.562534
0 0.592875 0.678008 0.0178669 0.0350384 0.561683
0 0.793911 0.33751 0.0190373 0.0377227 0.560857
0 0.595709 0.183263 0.0235405 0.0391341 0.5608
0 0.80408 0.580025 0.0114855 0.0266858 0.560383
0 0.136434 0.710119 0.015947 0.0380385 0.55865
0 0.73237 0.951867 0.0167753 0.0295546 0.55774
0 0.627434 0.890514 0.0217501 0.0387319 0.55748
0 0.902602 0.390861 0.0192282 0.0360101 0.557334
0 0.543871 0.562118 0.0175142 0.0376936 0.556491
0 0.218049 0.906848 0.0230627 0.0324792 0.554043
0 0.416291 0.618532 0.016301 0.0315479 0.553066
0 0.974101 0.901471 0.0147514 0.0324487 0.550419
0 0.864697 0.594307 0.0180891 0.03945 0.548974
0 0.818048 0.66805 0.0161884 0.0305446 0.547913
0 0.522112 0.734564 0.0198147 0.0482361 0.547138
0 0.541528 0.779319 0.0153294 0.0257844 0.544427
0 0.930159 0.647263 0.0253677 0.039872 0.543253
0 0.838817 0.593057 0.014386 0.0339328 0.542569
0 0.554003 0.448039 0.0174714 0.0340259 0.541563
0 0.717353 0.638855 0.021159 0.0456824 0.541151
0 0.814235 0.262689 0.0252239 0.0411772 0.5411
0 0.846971 0.848264 0.0148888 0.0277521 0.541013
0 0.200011 0.759024 0.0224041 0.044614 0.540816
0 0.564525 0.297706 0.0143372 0.0320535 0.539899
0 0.856118 0.184749 0.0244778 0.0327714 0.533386
0 0.418108 0.87874 0.0220039 0.0290656 0.532735
0 0.574211 0.557212 0.0168756 0.0309577 0.532357
0 0.524124 0.92979 0.0189213 0.0291307 0.531849
0 0.803904 0.885442 0.0215731 0.0325199 0.53117
0 0.524937 0.45275 0.022193 0.0339154 0.531039
0 0.502173 0.540729 0.0239635 0.0366391 0.53088
0 0.215143 0.849026 0.0156775 0.0329563 0.529797
0 0.657924 0.127317 0.0251136 0.0644894 0.529781
0 0.367817 0.756359 0.0194401 0.0442834 0.529679
0 0.642731 0.599921 0.0149628 0.0270742 0.529107
0 0.40002 0.591744 0.0178986 0.0274743 0.528588
0 0.749276 0.552782 0.0247973 0.0412691 0.528277
0 0.478354 0.359764 0.0148302 0.0310549 0.526626
0 0.554565 0.33024 0.0193783 0.0311318 0.52645
0 0.485961 0.932604 0.0148297 0.0256336 0.526383
0 0.712135 0.867466 0.0138929 0.0260064 0.52446
0 0.292634 0.960871 0.019328 0.0436154 0.523292
0 0.204914 0.69306 0.0298383 0.04549 0.522812
0 0.686809 0.209402 0.0162652 0.0307762 0.519836
0 0.343506 0.951694 0.0183929 0.0296705 0.519513
0 0.405918 0.987185 0.0187389 0.0247579 0.519336
0 0.50352 0.781786 0.0189221 0.0308109 0.517967
0 0.920032 0.952977 0.0171843 0.0388105 0.517636
0 0.42603 0.440815 0.016899 0.0303065 0.516975
0 0.815854 0.625533 0.0154783 0.0292642 0.516876
0 0.594982 0.97119 0.0148971 0.0300975 0.516424
0 0.132677 0.957657 0.0161329 0.0320637 0.514931
0 0.47401 0.249513 0.0233245 0.0335629 0.513308
0 0.439153 0.906484 0.0124315 0.0286462 0.512877
0 0.896363 0.262054 0.0251907 0.0383161 0.508928
0 0.507437 0.31859 0.0199093 0.0466442 0.508503
0 0.98924 0.519828 0.0123301 0.0260346 0.507102
0 0.727618 0.861827 0.014244 0.025904 0.506596
0 0.651579 0.818529 0.016272 0.0364326 0.506587
0 0.985722 0.202985 0.0195736 0.0331114 0.506072
0 0.949297 0.929461 0.017226 0.0307875 0.505648
0 0.609263 0.228717 0.0357834 0.0487638 0.505648
0 0.960316 0.418049 0.0174824 0.029629 0.505397
0 0.915058 0.812266 0.0165989 0.0321218 0.50291
0 0.437328 0.479605 0.0217919 0.0464145 0.501816
0 0.287273 0.581141 0.0172277 0.0336226 0.501305
0 0.51696 0.662374 0.0222528 0.0368622 0.501065
0 0.818845 0.581056 0.0199455 0.0384219 0.499817
0 0.24317 0.657276 0.013551 0.0321459 0.499405
0 0.811883 0.405617 0.0195786 0.0349314 0.498072
0 0.456493 0.903009 0.0179862 0.0321677 0.497937
0 0.31832 0.640744 0.0181259 0.0292328 0.496091
0 0.454246 0.30056 0.0163597 0.032476 0.494283
0 0.505435 0.376338 0.018526 0.0308439 0.492389
0 0.993066 0.893458 0.0138678 0.0389191 0.491703
0 0.0916836 0.974596 0.02026 0.0408335 0.490676
0 0.79583 0.670097 0.0177629 0.03523 0.489662
0 0.391343 0.965025 0.0176471 0.0365882 0.489222
0 0.260936 0.656296 0.022356 0.0381999 0.487854
0 0.267205 0.488831 0.0205856 0.0432182 0.487658
0 0.953989 0.805975 0.0158131 0.0362501 0.487626
0 0.677861 0.861155 0.0122016 0.0258751 0.486068
0 0.363643 0.0876342 0.0244663 0.0475554 0.483587
0 0.870039 0.418696 0.0196447 0.043329 0.483227
0 0.631164 0.636441 0.0164816 0.0271141 0.482554
0 0.745178 0.0288624 0.0245733 0.0330105 0.482009
0 0.583341 0.428587 0.0157644 0.026014 0.481974
0 0.875436 0.0534499 0.0176071 0.042674 0.481699
0 0.984765 0.591642 0.0147156 0.0286623 0.481356
0 0.244463 0.953015 0.0137464 0.0264947 0.4784
0 0.608761 0.114701 0.0160945 0.0256867 0.478221
0 0.677085 0.711256 0.0156143 0.030838 0.477534
0 0.490306 0.906189 0.0144053 0.025197 0.477103
0 0.793617 0.978499 0.0204291 0.0335798 0.476721
0 0.92436 0.755457 0.0122627 0.0290398 0.476662
0 0.344062 0.726232 0.0224227 0.0376489 0.475771
0 0.903405 0.927574 0.0154972 0.0321693 0.473118
0 0.867893 0.815731 0.0183449 0.0299032 0.470201
0 0.470122 0.304413 0.0157619 0.0237054 0.469605
0 0.712981 0.831065 0.0185558 0.0290314 0.469066
0 0.560884 0.761961 0.0105648 0.030612 0.467603
0 0.126377 0.520638 0.0190939 0.0442684 0.467403
0 0.954756 0.641723 0.018301 0.0274422 0.466997
0 0.501064 0.375424 0.0247753 0.0322515 0.466919
0 0.527473 0.492772 0.0152866 0.0304586 0.465822
0 0.891933 0.770385 0.0210724 0.0367676 0.465456
0 0.824927 0.450366 0.0195118 0.0364009 0.465247
0 0.852986 0.977019 0.0232662 0.0388353 0.463025
0 0.300605 0.810033 0.0158382 0.0332991 0.462439
0 0.531474 0.247739 0.0240047 0.0619367 0.462376
0 0.7915 0.846116 0.0163451 0.0312214 0.462023
0 0.579664 0.485062 0.0203242 0.0338872 0.461891
0 0.460789 0.397501 0.0178123 0.0332562 0.460895
0 0.283462 0.395908 0.0179715 0.0405996 0.459701
0 0.383257 0.129812 0.0165148 0.0327192 0.459338
0 0.940056 0.848384 0.0163488 0.0376146 0.458453
0 0.831482 0.887783 0.0260686 0.0418397 0.457775
0 0.497518 0.975786 0.0187878 0.033141 0.45767
0 0.605981 0.873873 0.0180789 0.0305301 0.45748
0 0.388382 0.300157 0.0153037 0.0313157 0.456099
0 0.737366 0.987184 0.0186947 0.0244493 0.455932
0 0.46379 0.493182 0.0175276 0.0358921 0.453883
0 0.955268 0.867239 0.0162552 0.0340408 0.452611
0 0.592294 0.589825 0.0199141 0.0338076 0.4518
0 0.896976 0.698914 0.0196331 0.0303952 0.451562
0 0.712353 0.900353 0.0139673 0.0303335 0.451327
0 0.383545 0.917391 0.016128 0.031249 0.451207
0 0.598668 0.353346 0.0173262 0.0271588 0.450797
0 0.730525 0.0833672 0.0173284 0.0260348 0.448562
0 0.991152 0.305361 0.0176956 0.03601 0.448543
0 0.242296 0.815383 0.0169431 0.0335503 0.44459
0 0.442179 0.596582 0.0173654 0.0308042 0.443675
0 0.85207 0.712536 0.0134727 0.0277393 0.442377
0 0.912831 0.662381 0.0127254 0.0286167 0.441716
0 0.223907 0.665848 0.0164592 0.0254517 0.441222
0 0.290349 0.899911 0.0214927 0.0456384 0.439519
0 0.689715 0.927841 0.0160041 0.0304963 0.438034
0 0.690626 0.781312 0.0140864 0.0330884 0.437132
0 0.668748 0.549377 0.0142074 0.0255761 0.436584
0 0.192745 0.827053 0.0277762 0.0323283 0.436321
0 0.753293 0.863242 0.0191665 0.0367769 0.433362
0 0.721019 0.977745 0.0146016 0.0294501 0.433224
0 0.592433 0.937664 0.0170667 0.0305406 0.431327
0 0.363089 0.415011 0.0166238 0.0303994 0.429702
0 0.683617 0.371313 0.0439131 0.0639847 0.429075
0 0.76992 0.797689 0.0191364 0.0391418 0.428956
0 0.127271 0.904798 0.0194644 0.032027 0.428369
0 0.862867 0.775112 0.0236626 0.042652 0.427024
0 0.575628 0.796322 0.0167419 0.0260247 0.426539
0 0.821938 0.752554 0.0156857 0.0272264 0.426141
0 0.85486 0.348192 0.0223558 0.0397513 0.425693
0 0.462937 0.681317 0.0157187 0.0311805 0.425323
0 0.861454 0.0359013 0.0181728 0.0362304 0.424941
0 0.278414 0.631198 0.0129244 0.02356 0.424266
0 0.682073 0.16729 0.0173021 0.0315764 0.422192
0 0.379293 0.0358314 0.0382207 0.06451 0.421342
0 0.793556 0.780244 0.0165043 0.0268748 0.421075
0 0.252612 0.721419 0.0187196 0.0383996 0.420842
0 0.510749 0.857133 0.019018 0.0334974 0.417787
0 0.581143 0.220955 0.0200568 0.0419551 0.415719
0 0.989793 0.708799 0.0157871 0.0275182 0.415704
0 0.670019 0.924913 0.0139634 0.0296607 0.415492
0 0.47684 0.43643 0.0195938 0.0362495 0.415281
0 0.18315 0.968455 0.017097 0.0247373 0.414948
0 0.557031 0.493418 0.015785 0.0293845 0.413888
0 0.406521 0.470534 0.0212988 0.0395575 0.411666
0 0.992779 0.646371 0.014443 0.035455 0.41113
0 0.421367 0.923956 0.0193758 0.0325748 0.407762
0 0.697147 0.813418 0.0127707 0.0215427 0.407254
0 0.588046 0.741996 0.0154621 0.0245775 0.405803
0 0.320061 0.827096 0.0136592 0.036046 0.404941
0 0.885642 0.333772 0.0186008 0.0347007 0.403281
0 0.501354 0.47325 0.0157324 0.0287348 0.400829
0 0.839857 0.164805 0.0175819 0.0291025 0.400063
0 0.761043 0.298138 0.0189779 0.0242819 0.3985
0 0.527398 0.531824 0.0175865 0.0338543 0.398233
0 0.361804 0.925207 0.0195972 0.0305084 0.397673
0 0.939273 0.222339 0.0197126 0.0424638 0.396805
0 0.869519 0.841919 0.0179234 0.0293569 0.396129
0 0.359382 0.896107 0.0195276 0.0295291 0.395839
0 0.766426 0.507563 0.0164909 0.0310711 0.395362
0 0.931011 0.716748 0.0204567 0.0376548 0.393204
0 0.265679 0.307942 0.0205502 0.0397509 0.392503
0 0.614726 0.648446 0.0124892 0.0290823 0.390688
0 0.164212 0.744184 0.0141918 0.0290161 0.389668
0 0.752375 0.776137 0.0164021 0.0300951 0.389143
0 0.834835 0.836649 0.0111903 0.0327694 0.387643
0 0.24358 0.899037 0.0175052 0.0285236 0.387538
0 0.60701 0.58906 0.0132053 0.0318748 0.385483
0 0.810804 0.524261 0.0218934 0.0562965 0.384752
0 0.834518 0.982706 0.0147648 0.0318943 0.384607
0 0.41933 0.518242 0.0144903 0.0253699 0.384156
0 0.630229 0.381313 0.016032 0.0188638 0.383969
0 0.660679 0.845449 0.0143785 0.0259455 0.383617
0 0.97881 0.637518 0.0161076 0.0289855 0.383064
0 0.348046 0.595975 0.0188722 0.0301709 0.379493
0 0.917352 0.507068 0.0129724 0.026622 0.379216
0 0.51991 0.97808 0.0255934 0.0420438 0.379054
0 0.750148 0.0280081 0.0229507 0.0335366 0.379011
0 0.978519 0.263682 0.00897865 0.0317696 0.378386
0 0.587107 0.313856 0.0188578 0.0315482 0.377734
0 0.796446 0.496855 0.0131739 0.0243562 0.37587
0 0.896859 0.66742 0.0151867 0.0307431 0.374921
0 0.277061 0.816511 0.0152722 0.0360309 0.37329
0 0.991733 0.484712 0.016329 0.0329878 0.367761
0 0.427668 0.552247 0.0148258 0.0358929 0.365836
0 0.679945 0.0852826 0.0184166 0.0288115 0.362364
0 0.754635 0.0699338 0.0187572 0.0391877 0.361516
0 0.572406 0.128498 0.0282944 0.0472651 0.361078
0 0.627137 0.497446 0.0258139 0.0317381 0.360898
0 0.466268 0.808811 0.0156727 0.0272227 0.360675
0 0.699117 0.126307 0.0170187 0.0331441 0.360372
0 0.987794 0.787514 0.0156908 0.0227105 0.358896
0 0.577922 0.362449 0.0193518 0.0377479 0.357309
0 0.768414 0.546135 0.0106016 0.0337099 0.354956
0 0.487944 0.836333 0.012117 0.0252652 0.354589
0 0.566962 0.52966 0.0176259 0.0201664 0.354209
0 0.812091 0.699249 0.0184784 0.0293206 0.353707
0 0.857372 0.138675 0.015044 0.0312701 0.353642
0 0.441497 0.637089 0.0177656 0.0284788 0.353453
0 0.814101 0.937397 0.0186996 0.0413774 0.352916
0 0.962273 0.738273 0.0181801 0.0356676 0.352761
0 0.624585 0.426971 0.0165595 0.0440755 0.352304
0 0.608859 0.237488 0.033293 0.0637353 0.351237
0 0.94432 0.139363 0.031515 0.0598738 0.346531
0 0.586346 0.744756 0.0154903 0.0286728 0.343625
0 0.66028 0.208326 0.0306135 0.0556282 0.343391
0 0.993938 0.0717008 0.0121244 0.0383997 0.342521
0 0.603772 0.625089 0.0136883 0.0222093 0.340947
0 0.66417 0.764397 0.0156786 0.0361923 0.340698
0 0.441274 0.701282 0.0213795 0.0330726 0.3406
0 0.471419 0.990456 0.0168854 0.0184574 0.33527
0 0.778392 0.716506 0.0150314 0.0252428 0.334429
0 0.951034 0.571423 0.0132956 0.0260201 0.333675
0 0.682186 0.896104 0.0154375 0.0226413 0.332846
0 0.31105 0.963246 0.0135015 0.028776 0.329978
0 0.670019 0.494775 0.0124653 0.0243686 0.329958
0 0.673404 0.598025 0.0173672 0.0311574 0.329236
0 0.178479 0.791369 0.0168596 0.0254968 0.32914
0 0.474477 0.869421 0.0179743 0.0364899 0.328503
0 0.890356 0.0387577 0.0144365 0.0257068 0.328137
0 0.621668 0.954904 0.0213788 0.04031 0.327946
0 0.36817 0.645246 0.0155134 0.0300837 0.32741
0 0.939501 0.227928 0.0174305 0.0354435 0.326805
0 0.503429 0.408947 0.0168413 0.0301192 0.325724
0 0.714238 0.744015 0.0133551 0.0287379 0.325245
0 0.50207 0.856749 0.018635 0.0310215 0.323386
0 0.308725 0.585102 0.0130608 0.0256101 0.322014
0 0.249236 0.763964 0.0147551 0.0286228 0.320814
0 0.707491 0.987896 0.0131757 0.0219062 0.319999
0 0.233061 0.532987 0.015582 0.0438075 0.319583
0 0.591793 0.672591 0.0204514 0.0441537 0.317914
0 0.854308 0.631329 0.0149525 0.0211297 0.316753
0 0.383098 0.448101 0.0148578 0.0295066 0.3156
0 0.789732 0.759331 0.0181009 0.029106 0.315222
0 0.948825 0.805214 0.0256981 0.036829 0.314843
0 0.779971 0.828711 0.0153746 0.0266496 0.312756
0 0.977597 0.487904 0.0125639 0.0275318 0.310014
0 0.503805 0.751055 0.0209616 0.0340898 0.309983
0 0.773932 0.00784595 0.0195643 0.0151165 0.309798
0 0.452633 0.335302 0.0150377 0.0182337 0.308074
0 0.367665 0.502105 0.0188998 0.0296161 0.306009
0 0.535529 0.8547 0.0146259 0.032546 0.303695
0 0.87327 0.842688 0.0145332 0.0270179 0.303025
0 0.364771 0.459028 0.0307531 0.0474798 0.300865
0 0.279428 0.73411 0.0186408 0.0310137 0.300622
0 0.830346 0.41037 0.0144459 0.033412 0.299434
0 0.339756 0.377137 0.013112 0.0360801 0.298232
0 0.415834 0.811675 0.0120862 0.021187 0.296077
0 0.896783 0.89139 0.0109253 0.0306976 0.29582
0 0.613777 0.0304802 0.0187944 0.0349361 0.294561
0 0.483142 0.779954 0.018578 0.0269379 0.293934
0 0.20663 0.877936 0.0151505 0.0264336 0.293564
0 0.993951 0.303899 0.0120974 0.0388401 0.293502
0 0.884291 0.543435 0.0115963 0.0259347 0.293204
0 0.650752 0.0325896 0.0466476 0.0651792 0.292482
0 0.991894 0.932031 0.0127987 0.0204256 0.291158
0 0.960059 0.195721 0.013768 0.0291151 0.289667
0 0.552986 0.627265 0.0307905 0.0358398 0.287655
0 0.311859 0.685047 0.0194625 0.0349867 0.287456
0 0.864298 0.891933 0.0165726 0.034206 0.287428
0 0.938016 0.577725 0.013201 0.0258606 0.286922
0 0.859955 0.183956 0.0183722 0.0323876 0.285616
0 0.655126 0.572148 0.0168372 0.031806 0.284958
0 0.639287 0.886349 0.0110144 0.0325456 0.284868
0 0.967102 0.692807 0.0239683 0.0436918 0.284288
0 0.295753 0.609198 0.0118126 0.0183529 0.283848
0 0.185464 0.961929 0.0208517 0.0374996 0.28284
0 0.705804 0.0892649 0.0226975 0.0440831 0.282623
0 0.524327 0.783466 0.012855 0.0247723 0.282595
0 0.504611 0.904318 0.0129383 0.025116 0.282094
0 0.881871 0.496254 0.0115349 0.0294535 0.280167
0 0.657836 0.214589 0.0257686 0.0450349 0.275794
0 0.429125 0.0115839 0.0149324 0.0228853 0.275115
0 0.700997 0.690141 0.0168659 0.0240365 0.271563
0 0.379167 0.5925 0.0140699 0.0220654 0.270578
0 0.159988 0.824093 0.0170329 0.0202734 0.27034
0 0.961643 0.225883 0.0197392 0.0316103 0.270192
0 0.980791 0.81602 0.0162983 0.0304209 0.269444
0 0.772247 0.79398 0.0186905 0.0375902 0.268756
0 0.938708 0.45985 0.0105412 0.0224572 0.267438
0 0.995207 0.559177 0.00958532 0.0245555 0.267159
0 0.182255 0.42908 0.0195837 0.0401179 0.26493
0 0.505508 0.935666 0.0159864 0.0263272 0.264803
0 0.439675 0.973314 0.0213333 0.0368363 0.264371
0 0.663735 0.204342 0.0268913 0.0499111 0.2623
0 0.878325 0.287778 0.0212429 0.0405216 0.262156
0 0.295739 0.639974 0.0152694 0.0287248 0.262078
0 0.746541 0.741323 0.0112286 0.022486 0.261755
0 0.667424 0.200829 0.0205994 0.0425713 0.26174
0 0.306575 0.12742 0.0211466 0.0367259 0.261141
0 0.791768 0.775356 0.0187033 0.0347829 0.260795
0 0.717082 0.797061 0.017723 0.024172 0.260766
0 0.753952 0.770491 0.0163033 0.0303569 0.260348
0 0.389857 0.72392 0.0171197 0.0414859 0.259469
0 0.278102 0.533963 0.0167764 0.033804 0.259416
0 0.607072 0.414942 0.0210787 0.0414024 0.259287
0 0.199389 0.827706 0.016341 0.0317932 0.257894
0 0.76044 0.173196 0.0288065 0.0490542 0.257822
0 0.177452 0.788528 0.0183187 0.0327776 0.257161
0 0.687277 0.780013 0.0181151 0.0331621 0.256519
0 0.63123 0.498535 0.0206174 0.034035 0.255591
0 0.653188 0.444538 0.0265286 0.0338297 0.255126
0 0.599183 0.716501 0.0108025 0.0266951 0.254893
0 0.737734 0.279433 0.0153181 0.0180086 0.252437
0 0.978673 0.12173 0.0215988 0.0301927 0.252147
0 0.330579 0.567231 0.0256239 0.0451705 0.251622
0 0.675796 0.981839 0.0198029 0.0341271 0.248685
0 0.391396 0.556022 0.0153044 0.0292599 0.24777
0 0.923056 0.422381 0.0204758 0.0338135 0.245571
0 0.932049 0.0177405 0.0320515 0.0354643 0.244883
0 0.410723 0.950223 0.0155094 0.0300418 0.244721
0 0.438482 0.703875 0.0198883 0.0378831 0.244697
0 0.831041 0.786656 0.0152641 0.0301476 0.242612
0 0.91464 0.818802 0.0170036 0.0406223 0.242135
0 0.413369 0.761719 0.0208626 0.0303514 0.241911
0 0.790406 0.770558 0.0198441 0.0434669 0.241701
0 0.204717 0.880404 0.015429 0.0311993 0.240074
0 0.411774 0.683103 0.013892 0.0285901 0.239876
0 0.693257 0.733395 0.018631 0.0293706 0.239529
0 0.604692 0.589144 0.0134008 0.0337697 0.239021
0 0.940475 0.215568 0.0197685 0.0407238 0.23883
0 0.494692 0.982458 0.0198009 0.0275651 0.237869
0 0.986565 0.486383 0.0151432 0.0308194 0.237695
0 0.862457 0.89581 0.019698 0.042412 0.23765
0 0.524963 0.90339 0.0190684 0.0254935 0.237112
0 0.930012 0.550107 0.0127121 0.0273557 0.2368
0 0.265516 0.979422 0.0190128 0.0375085 0.236184
0 0.619177 0.845031 0.014669 0.026579 0.2358
0 0.505511 0.856984 0.0209948 0.0297399 0.234574
0 0.926842 0.317245 0.0178749 0.0318359 0.234202
0 0.782469 0.830342 0.0126488 0.02487 0.233559
0 0.579129 0.91778 0.0183002 0.0279821 0.23163
0 0.994661 0.645094 0.0106783 0.0325727 0.231405
0 0.656705 0.577822 0.0145702 0.0299464 0.23128
0 0.577575 0.751978 0.0171407 0.0346836 0.230575
0 0.0250923 0.711631 0.0209133 0.0460368 0.228821
0 0.250801 0.767698 0.0150462 0.028411 0.228134
0 0.730081 0.0624245 0.023025 0.0383263 0.228131
0 0.498368 0.428802 0.0196833 0.0351074 0.228005
0 0.56938 0.143782 0.023842 0.0390889 0.22687
0 0.892047 0.988969 0.0130896 0.0209045 0.226277
0 0.618651 0.222553 0.0177767 0.0369953 0.224439
0 0.499577 0.422872 0.0214889 0.0395999 0.224357
0 0.29967 0.803244 0.0194324 0.0410478 0.223566
0 0.438315 0.314122 0.0114372 0.0156652 0.222251
0 0.845011 0.84559 0.0173347 0.0316033 0.222251
0 0.934827 0.581323 0.013759 0.0250462 0.221704
0 0.746967 0.746977 0.0135559 0.0160252 0.221443
0 0.866812 0.821295 0.0206005 0.0365194 0.221411
0 0.96179 0.453211 0.0169687 0.027605 0.220752
0 0.725264 0.864215 0.0141083 0.0283644 0.219561
0 0.788533 0.923059 0.0199341 0.0450378 0.218893
0 0.771041 0.758018 0.0139482 0.0208106 0.218663
0 0.949564 0.573597 0.012373 0.0266159 0.216989
0 0.36593 0.693189 0.0147618 0.0245243 0.216518
0 0.0181764 0.711848 0.0336157 0.048519 0.21577
0 0.787608 0.931406 0.0185366 0.0330119 0.215216
0 0.605391 0.904939 0.0114277 0.025563 0.214081
0 0.601372 0.715988 0.0118593 0.0268235 0.213466
0 0.302397 0.749254 0.0143654 0.0320221 0.210884
0 0.816004 0.519415 0.0283772 0.0530837 0.210618
0 0.0449003 0.755172 0.023565 0.040292 0.209942
0 0.1239 0.853739 0.0165138 0.0319166 0.209571
0 0.654404 0.561632 0.0163745 0.0282757 0.209533
0 0.359036 0.576881 0.0201712 0.0329402 0.208926
0 0.769269 0.838962 0.0136403 0.0232849 0.208567
0 0.108418 0.934568 0.0161119 0.0209777 0.20854
0 0.859522 0.288991 0.0175466 0.0395327 0.208242
0 0.19455 0.884434 0.0199317 0.0331268 0.207336
0 0.7304 0.0688331 0.022399 0.0386555 0.20531
0 0.768925 0.984497 0.0174974 0.0284891 0.204513
0 0.39443 0.521591 0.0211287 0.0279995 0.203805
0 0.994041 0.897778 0.0119185 0.0368256 0.203389
0 0.552783 0.903428 0.0106707 0.0200792 0.203139
0 0.987256 0.0255968 0.0154428 0.0192758 0.202645
0 0.827127 0.75369 0.0171532 0.024979 0.202635
0 0.578734 0.799682 0.0186992 0.0293552 0.201511
0 0.95199 0.265804 0.0139514 0.032599 0.201057
0 0.57062 0.137566 0.0262918 0.050292 0.199859
0 0.467647 0.680429 0.02391 0.0322034 0.19933
0 0.8651 0.65717 0.0182911 0.0302854 0.198878
0 0.393109 0.719322 0.0238314 0.0499747 0.198859
0 0.843086 0.543585 0.0181557 0.0366887 0.197836
0 0.345789 0.595834 0.0217377 0.0364639 0.197699
0 0.748138 0.111461 0.0148235 0.0275947 0.197156
0 0.994907 0.763708 0.010187 0.03651 0.197067
0 0.691323 0.847328 0.0137045 0.0293623 0.196657
0 0.819135 0.75257 0.0111137 0.0259762 0.196446
0 0.694619 0.370215 0.0235804 0.0604735 0.195511
0 0.513566 0.592909 0.0271692 0.0422497 0.195187
0 0.988594 0.146114 0.021085 0.0380518 0.195134
0 0.985926 0.525154 0.0106166 0.0192966 0.195121
0 0.910581 0.622889 0.0117256 0.0224327 0.194763
0 0.716513 0.831385 0.0165632 0.0295322 0.192144
0 0.606295 0.626246 0.0144609 0.0201668 0.191841
0 0.23418 0.734481 0.0149756 0.0232476 0.191034
0 0.129785 0.774251 0.0204167 0.0322188 0.190924
0 0.520733 0.661885 0.0301146 0.0402172 0.190458
0 0.702103 0.537416 0.0223122 0.0476264 0.190386
0 0.360938 0.903823 0.0217998 0.0453318 0.190257
0 0.144672 0.989553 0.022132 0.0195431 0.190168
0 0.0127988 0.818659 0.0244243 0.0487006 0.189743
0 0.362082 0.578141 0.0183806 0.0270337 0.189715
0 0.613944 0.919254 0.0127897 0.0267036 0.189069
0 0.487808 0.630728 0.0195178 0.0253137 0.188961
0 0.275694 0.631583 0.014401 0.0248519 0.188577
0 0.34661 0.830524 0.0328636 0.0510505 0.188452
0 0.975277 0.488563 0.0140392 0.0290064 0.187721
0 0.566203 0.300199 0.0135101 0.0317851 0.187168
0 0.0422138 0.680745 0.0175155 0.029033 0.186421
0 0.827759 0.725385 0.0136871 0.0200707 0.184164
0 0.729415 0.0796369 0.0211023 0.0346841 0.182606
0 0.99414 0.561255 0.011721 0.0249642 0.182074
0 0.834587 0.884015 0.0234364 0.0406721 0.180811
0 0.897958 0.851015 0.0190591 0.0326653 0.1793
0 0.857253 0.632717 0.0183297 0.0188549 0.179157
0 0.981862 0.233753 0.0171799 0.0226517 0.178616
0 0.555735 0.858422 0.0175747 0.0329661 0.178405
0 0.884049 0.337367 0.0166687 0.0325914 0.177397
0 0.683937 0.898526 0.0165686 0.0235569 0.176917
0 0.980707 0.968171 0.0162342 0.0256903 0.176015
0 0.858338 0.102139 0.0171856 0.02994 0.174752
0 0.632655 0.888506 0.0212713 0.0392558 0.174437
0 0.770783 0.887319 0.0177427 0.0313236 0.173443
0 0.441986 0.641714 0.02012 0.0361069 0.173271
0 0.822334 0.453592 0.0238796 0.0398385 0.172941
0 0.995527 0.956908 0.00894648 0.0300822 0.172797
0 0.276714 0.86357 0.0178433 0.024919 0.17279
0 0.681394 0.158005 0.0211294 0.0419549 0.172027
0 0.452315 0.335618 0.0159737 0.0247114 0.171306
0 0.176459 0.774169 0.0159531 0.0413156 0.170913
0 0.966394 0.564319 0.0106682 0.016602 0.169379
0 0.283654 0.500568 0.0139689 0.0281338 0.16913
0 0.187317 0.950041 0.0201173 0.0346994 0.168191
0 0.867921 0.726901 0.0165844 0.0408786 0.167894
0 0.843348 0.168301 0.0148399 0.0261845 0.167869
0 0.390908 0.559546 0.0175347 0.0300102 0.167515
0 0.563999 0.186652 0.0201731 0.0280154 0.166054
0 0.942947 0.853981 0.0135913 0.031901 0.16561
0 0.402794 0.78268 0.0206262 0.0386773 0.165223
0 0.83219 0.986412 0.017836 0.0264852 0.164813
0 0.660202 0.298332 0.0201324 0.0217662 0.164563
0 0.710215 0.86821 0.0169866 0.0297753 0.164457
0 0.980745 0.640257 0.0134556 0.0328213 0.164427
0 0.951402 0.688096 0.0086544 0.0312559 0.164139
0 0.947066 0.931846 0.0176018 0.0316703 0.163837
0 0.642577 0.78421 0.0171967 0.0218238 0.162557
0 0.528557 0.526135 0.0194688 0.0298179 0.162029
0 0.407263 0.301954 0.0168347 0.0271771 0.161198
0 0.992746 0.133348 0.0143791 0.023978 0.160651
0 0.882792 0.543242 0.0129391 0.0342416 0.159987
0 0.693596 0.845305 0.0120374 0.0306725 0.158377
0 0.559086 0.653875 0.0204456 0.0228855 0.157834
0 0.409637 0.379195 0.0219295 0.0417341 0.157552
0 0.866966 0.890908 0.0143002 0.0307356 0.157367
0 0.938971 0.54668 0.02052 0.0302696 0.157298
0 0.955597 0.956458 0.0110594 0.0246476 0.15728
0 0.525102 0.91372 0.0186943 0.0448578 0.15727
0 0.196587 0.828408 0.0215864 0.0338114 0.157095
0 0.720367 0.980237 0.0115011 0.0316574 0.15691
0 0.846984 0.819562 0.0144018 0.0203135 0.156644
0 0.706262 0.951193 0.0116143 0.0289093 0.156131
0 0.176296 0.763867 0.0128456 0.0286624 0.155694
0 0.691945 0.745396 0.0181906 0.0256158 0.154798
0 0.462653 0.458541 0.0190358 0.0213966 0.154662
0 0.766943 0.549832 0.0111715 0.0390494 0.154592
0 0.992807 0.884652 0.0143867 0.0513357 0.153336
0 0.767557 0.840486 0.0125785 0.0234731 0.152952
0 0.836149 0.919191 0.0167786 0.0268372 0.15161
0 0.71478 0.942729 0.0116762 0.0259159 0.151072
0 0.374481 0.946582 0.0138567 0.0180556 0.150944
0 0.582248 0.487946 0.0227701 0.0352483 0.149983
0 0.214479 0.905575 0.0174028 0.0330573 0.14857
0 0.994814 0.519767 0.00996704 0.029964 0.148408
0 0.605944 0.591165 0.0090531 0.030181 0.14834
0 0.646989 0.447959 0.0226606 0.0302928 0.148087
0 0.689565 0.979089 0.0165265 0.0330618 0.14738
0 0.380324 0.410202 0.0170775 0.0380195 0.146651
0 0.270868 0.701126 0.0178047 0.0224564 0.146125
0 0.879028 0.385941 0.0119278 0.0275764 0.146025
0 0.69729 0.36561 0.0189152 0.0507788 0.145765
0 0.825482 0.0986855 0.0137831 0.0242018 0.145665
0 0.84945 0.81829 0.0150974 0.0231594 0.145611
0 0.772522 0.911457 0.0148754 0.0263523 0.145109
0 0.501468 0.414081 0.019416 0.0362469 0.144427
0 0.315132 0.685064 0.0138236 0.035712 0.144062
0 0.94977 0.689015 0.0120216 0.0317555 0.143525
0 0.271046 0.940605 0.0180187 0.0266547 0.143058
0 0.632484 0.522921 0.0145073 0.0187473 0.142632
0 0.243243 0.862562 0.0204218 0.0287333 0.142192
0 0.963441 0.268853 0.0144878 0.0331439 0.141883
0 0.581373 0.749049 0.0202096 0.0350372 0.141559
0 0.859651 0.899866 0.0227425 0.0479925 0.141183
0 0.262051 0.975636 0.0206857 0.0416068 0.140878
0 0.914236 0.182024 0.0154148 0.0281473 0.140786
0 0.410422 0.768943 0.0257742 0.0442491 0.140727
0 0.411795 0.94687 0.0185209 0.0359317 0.140684
0 0.832101 0.978534 0.0143063 0.0272472 0.139817
0 0.371942 0.820537 0.0159765 0.0254418 0.139766
0 0.264132 0.983747 0.0184808 0.0313341 0.139643
0 0.672446 0.799904 0.0112158 0.0244754 0.139497
0 0.276314 0.537536 0.0192548 0.039444 0.139353
0 0.745945 0.109442 0.0162569 0.0283791 0.138965
0 0.296974 0.610867 0.013594 0.0183398 0.138909
0 0.734448 0.954578 0.0185474 0.0273148 0.138672
0 0.575446 0.0875324 0.021962 0.0289478 0.138653
0 0.744189 0.651735 0.0211013 0.0314858 0.138613
0 0.916477 0.217518 0.0181515 0.0313386 0.137735
0 0.699723 0.951723 0.0133846 0.0321361 0.136351
0 0.454344 0.650601 0.0124214 0.0260007 0.136189
0 0.816878 0.629 0.0165552 0.0267034 0.135442
0 0.876024 0.120474 0.0185384 0.0340883 0.135307
0 0.396317 0.724409 0.0200939 0.0406647 0.135305
0 0.251168 0.420026 0.0207417 0.0301643 0.134996
0 0.149909 0.990474 0.0143448 0.0181593 0.134018
0 0.440801 0.978074 0.0196427 0.0356327 0.133968
0 0.526571 0.663156 0.0308495 0.0351726 0.132849
0 0.769128 0.550147 0.00867418 0.0361758 0.132653
0 0.921266 0.943157 0.017485 0.0370813 0.132613
0 0.884084 0.450315 0.013419 0.023587 0.132409
0 0.297915 0.796521 0.0221572 0.0456219 0.132132
0 0.991908 0.259529 0.0158268 0.028525 0.131826
0 0.927298 0.55083 0.0155487 0.0279782 0.12992
0 0.524506 0.743845 0.0153421 0.0367567 0.129584
0 0.946275 0.146774 0.0316582 0.0551806 0.128924
0 0.961968 0.541213 0.0150162 0.0280912 0.128878
0 0.933443 0.548635 0.0162666 0.0276786 0.128569
0 0.26368 0.657484 0.0173026 0.0320452 0.127874
0 0.349722 0.97996 0.0209067 0.034122 0.127714
0 0.869656 0.991484 0.0125511 0.0163521 0.127396
0 0.906805 0.0419007 0.0202679 0.0386704 0.126865
0 0.881744 0.384516 0.0119678 0.0287178 0.126852
0 0.490786 0.989689 0.0174232 0.0196839 0.126842
0 0.962574 0.991031 0.0135591 0.0174377 0.126732
0 0.706064 0.832696 0.0120391 0.0260891 0.126557
0 0.953079 0.571031 0.0126621 0.0246775 0.126555
0 0.607993 0.90805 0.011738 0.0257612 0.125985
0 0.486867 0.66295 0.0232359 0.0542413 0.125802
0 0.458545 0.398319 0.0201414 0.0380132 0.12512
0 0.935393 0.517474 0.0131416 0.0179165 0.124931
0 0.205766 0.630969 0.0151643 0.036609 0.124884
0 0.460861 0.491717 0.02149 0.0405124 0.124534
0 0.767983 0.0065838 0.0317354 0.012019 0.124434
0 0.880709 0.104027 0.0242992 0.0391078 0.124252
0 0.771068 0.900009 0.0177065 0.0360818 0.122855
0 0.979517 0.971731 0.0175808 0.0265001 0.122804
0 0.221778 0.990372 0.0179498 0.0180991 0.122741
0 0.771372 0.892423 0.0184162 0.0358534 0.122247
0 0.819406 0.992834 0.0155006 0.0141952 0.121936
0 0.989625 0.202523 0.0159325 0.032432 0.121162
0 0.370803 0.453994 0.0380744 0.0417368 0.12006
0 0.252831 0.956186 0.0149166 0.0230119 0.119534
0 0.308106 0.580415 0.0152593 0.0328176 0.119366
0 0.943558 0.611203 0.0142895 0.0256956 0.117555
0 0.911378 0.623466 0.0142319 0.0269565 0.117513
0 0.837219 0.166435 0.0178465 0.030585 0.117397
0 0.514542 0.856363 0.0155521 0.0303019 0.117342
0 0.145589 0.753855 0.0193336 0.031259 0.117142
0 0.755632 0.551308 0.0263366 0.0433322 0.116437
0 0.199215 0.883598 0.0207665 0.0342265 0.116416
0 0.808731 0.532672 0.0202625 0.0461423 0.116402
0 0.0131971 0.98147 0.0240079 0.0344703 0.115562
0 0.899163 0.414738 0.0208355 0.0198381 0.115521
0 0.865299 0.888551 0.0140209 0.0327332 0.115083
0 0.778327 0.831952 0.0133505 0.0298455 0.114873
0 0.459503 0.548367 0.0324619 0.0415049 0.114525
0 0.349111 0.836061 0.0270896 0.0411031 0.114335
0 0.444956 0.863301 0.0130304 0.0250559 0.114256
0 0.877881 0.0511762 0.012607 0.0426528 0.112984
0 0.684215 0.778363 0.0209805 0.0356344 0.112705
0 0.560778 0.656241 0.0180944 0.0209392 0.112647
0 0.807298 0.0154714 0.0229288 0.030524 0.11189
0 0.657719 0.990987 0.0141714 0.0171773 0.111791
0 0.994803 0.760085 0.0090889 0.0288472 0.111605
0 0.533241 0.857068 0.015981 0.0342439 0.1116
0 0.222117 0.663495 0.018918 0.0274368 0.110791
0 0.332797 0.132378 0.0183429 0.0306261 0.110693
0 0.586184 0.92926 0.0142935 0.0283149 0.110673
0 0.307789 0.96236 0.0168393 0.0375709 0.110534
0 0.943752 0.575004 0.0129463 0.0274351 0.110417
0 0.834501 0.639496 0.0152509 0.0285702 0.110194
0 0.406394 0.777392 0.022806 0.0446364 0.110155
0 0.992995 0.869613 0.0140093 0.0281294 0.109976
0 0.791549 0.692494 0.0162095 0.0256768 0.109905
0 0.992686 0.138462 0.014444 0.0341245 0.10946
0 0.910532 0.973741 0.0104118 0.019813 0.109281
0 0.474654 0.432612 0.0191902 0.029769 0.109021
0 0.871433 0.414432 0.0165649 0.0371787 0.108919
0 0.277227 0.628942 0.0165952 0.030162 0.10861
0 0.660927 0.729244 0.0143831 0.0238105 0.107969
0 0.456278 0.650815 0.0125742 0.0229369 0.107463
0 0.993198 0.876307 0.0136045 0.0346239 0.107117
0 0.259278 0.960559 0.0168674 0.0222079 0.107098
0 0.609977 0.419367 0.0258322 0.0468216 0.106539
0 0.680235 0.170658 0.0182789 0.0327844 0.106514
0 0.767721 0.8056 0.019022 0.0297356 0.105939
0 0.362555 0.687043 0.0162358 0.0275043 0.105628
0 0.773027 0.232513 0.0175692 0.0411976 0.105317
0 0.663985 0.491489 0.0171729 0.0323918 0.105265
0 0.814878 0.51038 0.0233044 0.0386042 0.105163
0 0.98259 0.966005 0.0133444 0.0251409 0.104504
0 0.692433 0.845309 0.0107605 0.0242794 0.104217
0 0.95148 0.960343 0.0167744 0.0264574 0.103876
0 0.968182 0.310325 0.0181026 0.0295449 0.103857
0 0.254886 0.723382 0.012944 0.03453 0.103794
0 0.708389 0.834252 0.0151257 0.0281352 0.103739
0 0.140415 0.565557 0.0208432 0.045403 0.103731
0 0.610539 0.913125 0.0124643 0.0268334 0.103701
0 0.386978 0.304618 0.016513 0.0289469 0.103581
0 0.942809 0.684226 0.0190479 0.0262721 0.103269
0 0.830578 0.405895 0.0162064 0.0390115 0.102655
0 0.424103 0.440293 0.0202799 0.0361009 0.10227
0 0.704972 0.099692 0.022542 0.0673536 0.102149
0 0.637462 0.208685 0.0142191 0.0384077 0.101576
0 0.660975 0.732848 0.0163008 0.0221442 0.101033
0 0.655184 0.759161 0.0188018 0.036931 0.100776
0 0.265244 0.776429 0.0179782 0.0227719 0.100617
0 0.99307 0.957988 0.0112909 0.0280221 0.100604
0 0.941873 0.614751 0.0116703 0.0215518 0.100577
0 0.177366 0.783448 0.0154475 0.0351737 0.10044
0 0.448337 0.551149 0.0171932 0.0344468 0.10032
