0 0.619979 0.435287 0.0297375 0.0490014 0.735356
0 0.184149 0.610424 0.0266893 0.037218 0.711991
0 0.651862 0.610252 0.0258242 0.0440903 0.709461
0 0.29162 0.771986 0.0388639 0.0468353 0.704091
0 0.505371 0.566343 0.0264986 0.0539017 0.700179
0 0.624435 0.62807 0.020834 0.0363064 0.698711
0 0.895017 0.931737 0.0267807 0.040645 0.696018
0 0.260926 0.410543 0.022214 0.0350554 0.693085
0 0.62792 0.0994238 0.0220609 0.0425662 0.69296
0 0.571385 0.722032 0.0294016 0.0421998 0.687468
0 0.255493 0.19651 0.0237942 0.0461912 0.687213
0 0.458103 0.624016 0.0249977 0.0492705 0.686149
0 0.536205 0.560459 0.0216589 0.0380374 0.682116
0 0.801522 0.148568 0.0246933 0.0397379 0.681761
0 0.840111 0.15706 0.0280895 0.0518688 0.681248
0 0.546232 0.833936 0.0249889 0.0388189 0.67936
0 0.871879 0.359514 0.0257599 0.0360482 0.678989
0 0.302434 0.678702 0.0194298 0.0317843 0.678902
0 0.739642 0.473444 0.0169315 0.0376556 0.664312
0 0.152262 0.278447 0.0318864 0.0453136 0.664117
0 0.129988 0.376198 0.0249625 0.0502922 0.663713
0 0.32613 0.741775 0.0218457 0.0400221 0.663154
0 0.215976 0.645218 0.020275 0.030734 0.662334
0 0.236657 0.30158 0.0198078 0.0317844 0.660599
0 0.413682 0.525914 0.0195222 0.0254184 0.660418
0 0.286304 0.38564 0.0178179 0.0284559 0.657924
0 0.904165 0.269406 0.0239697 0.0384727 0.655266
0 0.71099 0.435055 0.0222574 0.0343454 0.653916
0 0.276638 0.689362 0.0195381 0.0280841 0.653403
0 0.740824 0.784058 0.0293853 0.0406581 0.652818
0 0.353074 0.732721 0.0202044 0.0368439 0.652173
0 0.973248 0.700367 0.0199505 0.0311977 0.652133
0 0.535897 0.887319 0.0189585 0.0306241 0.649835
0 0.766969 0.316316 0.0189404 0.0328729 0.649433
0 0.319554 0.316427 0.018246 0.0312341 0.64757
0 0.435818 0.621176 0.0202561 0.0400917 0.646401
0 0.903676 0.681526 0.0166088 0.0286089 0.646317
0 0.0405013 0.503471 0.024737 0.0503898 0.645342
0 0.272984 0.729951 0.0297155 0.0397946 0.644087
0 0.0567261 0.466029 0.021128 0.0384434 0.641954
0 0.405241 0.559041 0.0195681 0.0271062 0.638438
0 0.61496 0.26786 0.0191635 0.0350117 0.638346
0 0.941398 0.886654 0.0181358 0.0330247 0.638151
0 0.750704 0.163947 0.0234999 0.03351 0.636517
0 0.90066 0.635523 0.0193142 0.0334824 0.636072
0 0.239026 0.751207 0.0190822 0.0282155 0.635323
0 0.389163 0.607182 0.0180474 0.0312039 0.634644
0 0.494177 0.234438 0.0237955 0.0345 0.633799
0 0.317157 0.247101 0.0182762 0.0299773 0.633472
0 0.824336 0.430745 0.0268784 0.0381124 0.633212
0 0.26438 0.525461 0.0189787 0.0353331 0.633055
0 0.286224 0.56569 0.0191513 0.029174 0.632275
0 0.446724 0.916567 0.0200176 0.0337935 0.632055
0 0.378616 0.560946 0.0187643 0.0333116 0.630579
0 0.909793 0.485499 0.0232667 0.0323185 0.629732
0 0.360449 0.648217 0.0264647 0.0327631 0.629709
0 0.337556 0.112822 0.0177406 0.0300303 0.628181
0 0.240814 0.586607 0.0243881 0.0450864 0.627842
0 0.949713 0.543777 0.0171577 0.0342717 0.627088
0 0.571392 0.882306 0.0198336 0.0337243 0.626085
0 0.141513 0.770005 0.0190442 0.0334551 0.625215
0 0.00534736 0.931896 0.0106719 0.031298 0.622064
0 0.320899 0.608727 0.0342038 0.0445679 0.621614
0 0.361084 0.400355 0.0168013 0.0282931 0.621249
0 0.700505 0.871604 0.0178551 0.0301403 0.6212
0 0.096136 0.0653512 0.0183154 0.0350965 0.620797
0 0.13359 0.320138 0.0170233 0.0315725 0.620592
0 0.215999 0.223334 0.0190556 0.0339883 0.618725
0 0.70436 0.819507 0.0197402 0.0320224 0.618693
0 0.264624 0.577434 0.0136353 0.0267028 0.617402
0 0.728246 0.344967 0.0212123 0.0414739 0.616541
0 0.213944 0.760923 0.0219775 0.0419005 0.616236
0 0.672278 0.359606 0.0174491 0.0310883 0.615345
0 0.941747 0.429349 0.0196745 0.0331797 0.615016
0 0.0899925 0.585947 0.0155124 0.025811 0.614236
0 0.630049 0.852573 0.0154469 0.0274712 0.61364
0 0.562832 0.784762 0.0312078 0.0324929 0.61347
0 0.0377868 0.560269 0.0185276 0.0335944 0.612023
0 0.915297 0.0854889 0.0245316 0.0410694 0.611629
0 0.427858 0.902118 0.0174592 0.0277462 0.611011
0 0.397284 0.650902 0.0223486 0.0473892 0.610745
0 0.79275 0.0840254 0.027029 0.0439503 0.610707
0 0.554877 0.947986 0.0205013 0.0343269 0.610685
0 0.225746 0.252615 0.0213523 0.034073 0.610108
0 0.382902 0.385575 0.0165845 0.0262334 0.609614
0 0.525762 0.504133 0.018388 0.0283228 0.608311
0 0.947292 0.697673 0.0169888 0.0306083 0.608295
0 0.604901 0.573386 0.0240615 0.0430164 0.605969
0 0.414666 0.15006 0.0188406 0.0286067 0.605756
0 0.23135 0.436904 0.0159066 0.0276981 0.604702
0 0.00617139 0.968022 0.0122993 0.032015 0.602506
0 0.486561 0.371402 0.0200941 0.0364393 0.600144
0 0.210045 0.549568 0.0175811 0.0323259 0.599627
0 0.322711 0.145531 0.0159801 0.0295759 0.598142
0 0.812033 0.892929 0.019446 0.0327799 0.597992
0 0.905562 0.579556 0.0233578 0.0392825 0.596931
0 0.128924 0.515303 0.0163895 0.0279227 0.596496
0 0.0788351 0.511814 0.0182087 0.0389611 0.596467
0 0.542024 0.136026 0.0204159 0.0379687 0.596331
0 0.877473 0.426084 0.0211229 0.0359999 0.595945
0 0.132998 0.0196764 0.0198035 0.0363582 0.595691
0 0.875114 0.681234 0.0146648 0.024835 0.595678
0 0.128095 0.545473 0.016191 0.0244068 0.595522
0 0.263627 0.310834 0.0177732 0.0308112 0.595357
0 0.549682 0.750226 0.0147507 0.0244415 0.595014
0 0.266537 0.100303 0.0166742 0.0240931 0.594832
0 0.578093 0.260705 0.0160408 0.0322709 0.594183
0 0.483763 0.848427 0.0232815 0.0440257 0.593348
0 0.338633 0.40722 0.020097 0.0369802 0.592011
0 0.515948 0.372816 0.0150175 0.0263629 0.59128
0 0.338776 0.97452 0.0213183 0.0356245 0.590475
0 0.199668 0.275323 0.020639 0.0295023 0.589292
0 0.992056 0.466858 0.0158883 0.0362573 0.589161
0 0.0606384 0.355198 0.0225534 0.0380152 0.588325
0 0.0287186 0.927525 0.0160017 0.0266665 0.58805
0 0.956332 0.482789 0.0144627 0.0300325 0.587367
0 0.593268 0.300299 0.0152897 0.030351 0.587282
0 0.154528 0.46392 0.0205391 0.0343281 0.586732
0 0.990567 0.521801 0.0185844 0.0273535 0.584723
0 0.159217 0.565147 0.0164379 0.0250339 0.584512
0 0.887629 0.0678003 0.0216089 0.0385286 0.583805
0 0.711434 0.71228 0.0147457 0.0225884 0.583479
0 0.617622 0.785973 0.0169632 0.0304555 0.583434
0 0.606156 0.50528 0.0176326 0.0289861 0.582834
0 0.248956 0.668535 0.0207227 0.0348649 0.582679
0 0.644064 0.134582 0.0212771 0.0323082 0.58203
0 0.109689 0.623878 0.0282573 0.0411713 0.581122
0 0.403136 0.270395 0.0223587 0.0368299 0.580399
0 0.655173 0.0823917 0.0165544 0.0298636 0.579573
0 0.0524734 0.893812 0.0169191 0.0226403 0.57926
0 0.259614 0.764115 0.0158027 0.0286235 0.578806
0 0.0518131 0.78884 0.0162767 0.0245873 0.578677
0 0.921324 0.960407 0.0188137 0.0317803 0.577907
0 0.985455 0.286137 0.0225105 0.0372191 0.577379
0 0.354592 0.573564 0.0230409 0.0364255 0.577139
0 0.992169 0.852694 0.0156618 0.0317493 0.57691
0 0.076121 0.214019 0.0150501 0.0256159 0.575698
0 0.812315 0.840206 0.0206978 0.032077 0.574916
0 0.00805333 0.106525 0.0160409 0.0310949 0.572639
0 0.567496 0.0834835 0.0197274 0.0348867 0.571837
0 0.213291 0.463458 0.0163898 0.0282698 0.571184
0 0.489366 0.145834 0.0161583 0.0304346 0.571174
0 0.246408 0.341927 0.0152351 0.0243217 0.570057
0 0.00802246 0.335156 0.0158899 0.0429159 0.569971
0 0.891966 0.983094 0.0206875 0.0320459 0.569871
0 0.0956772 0.398957 0.0212391 0.0350784 0.567473
0 0.994107 0.741019 0.0117851 0.0322557 0.567003
0 0.461874 0.189455 0.0134894 0.0223423 0.565337
0 0.594995 0.701326 0.0141821 0.023597 0.564809
0 0.879222 0.52207 0.0125027 0.0214661 0.564077
0 0.450508 0.401255 0.0177825 0.0270153 0.563868
0 0.887869 0.55609 0.0135424 0.0244046 0.563654
0 0.218268 0.386523 0.014669 0.0291197 0.561918
0 0.811849 0.556264 0.0183636 0.0285668 0.561872
0 0.638855 0.822361 0.0143444 0.0200504 0.560698
0 0.181398 0.147359 0.0242844 0.035643 0.5605
0 0.303291 0.0525609 0.0195608 0.0354459 0.559961
0 0.789274 0.321875 0.0191254 0.0409186 0.559618
0 0.196107 0.422359 0.0151689 0.0340975 0.559157
0 0.0193598 0.425856 0.0282118 0.0447388 0.558535
0 0.391139 0.353155 0.0191403 0.0238005 0.557948
0 0.663487 0.463971 0.0138811 0.0231988 0.55787
0 0.0369125 0.807067 0.01507 0.0274129 0.557183
0 0.789968 0.23783 0.0189511 0.0343666 0.556751
0 0.8572 0.706313 0.0159695 0.0260319 0.553722
0 0.211256 0.35034 0.0203682 0.0373956 0.553623
0 0.900657 0.727705 0.0229467 0.0346554 0.552494
0 0.428294 0.0150804 0.0237112 0.0295755 0.551804
0 0.915926 0.428826 0.023078 0.0433646 0.550067
0 0.12095 0.43312 0.0214429 0.0326257 0.549318
0 0.899409 0.36905 0.0153622 0.0242042 0.54903
0 0.535125 0.383872 0.0135033 0.0235806 0.548148
0 0.283269 0.0505729 0.0148018 0.0305836 0.54504
0 0.738891 0.731695 0.0188035 0.0293226 0.544735
0 0.332774 0.0541222 0.0151949 0.0255688 0.542065
0 0.0329292 0.609869 0.023248 0.0403584 0.5416
0 0.976378 0.485159 0.0145773 0.0269145 0.540352
0 0.525474 0.431749 0.0139807 0.0221819 0.540068
0 0.84664 0.362294 0.018026 0.0311205 0.539672
0 0.0522022 0.404629 0.0174018 0.0313943 0.53928
0 0.792898 0.0305157 0.0243526 0.0402985 0.538813
0 0.263723 0.350389 0.0133954 0.0270081 0.538759
0 0.609979 0.685145 0.0165211 0.0246165 0.538628
0 0.755614 0.611995 0.0190287 0.0326375 0.537753
0 0.436039 0.311983 0.0251897 0.0429687 0.537667
0 0.12578 0.157953 0.0153612 0.0262488 0.536924
0 0.201313 0.0617661 0.0203513 0.0374666 0.536399
0 0.367024 0.451196 0.0185274 0.0323822 0.534196
0 0.754731 0.375151 0.0182312 0.0319807 0.532524
0 0.568337 0.349 0.0164431 0.0283946 0.531899
0 0.97708 0.10559 0.0243202 0.0359668 0.531769
0 0.50434 0.454207 0.015645 0.0221721 0.531208
0 0.190357 0.515694 0.0159117 0.0227745 0.529629
0 0.961943 0.247841 0.0258331 0.0434907 0.528098
0 0.926621 0.802718 0.0186502 0.0367839 0.526958
0 0.189256 0.386292 0.0204687 0.0345459 0.52576
0 0.0265338 0.751901 0.0207718 0.041176 0.524132
0 0.677546 0.399788 0.0152359 0.0225717 0.523933
0 0.470542 0.13253 0.0191357 0.0371497 0.523097
0 0.528795 0.16427 0.0177398 0.0300526 0.523003
0 0.374004 0.326439 0.0176119 0.0249869 0.522437
0 0.944311 0.0320974 0.0180222 0.0312863 0.521988
0 0.822346 0.757554 0.0169781 0.030822 0.521192
0 0.533393 0.965057 0.0139873 0.0232143 0.519999
0 0.604677 0.822913 0.0186731 0.023115 0.518094
0 0.692121 0.688097 0.0146078 0.0209408 0.516772
0 0.966277 0.378298 0.0239452 0.0355591 0.51662
0 0.982697 0.618136 0.0234715 0.0326001 0.515852
0 0.0525863 0.863612 0.0121528 0.0194007 0.514892
0 0.856469 0.116711 0.0197641 0.0352048 0.511822
0 0.170943 0.674745 0.0136449 0.0239466 0.511431
0 0.369809 0.0956256 0.0187069 0.0342258 0.509363
0 0.330596 0.277796 0.0151686 0.0248533 0.508733
0 0.856338 0.424419 0.0181965 0.0252008 0.508532
0 0.00754482 0.194044 0.014964 0.0369486 0.506907
0 0.833887 0.264246 0.0167603 0.028894 0.506814
0 0.0572617 0.569213 0.0184762 0.0337519 0.50607
0 0.146405 0.660682 0.0146094 0.0256435 0.503298
0 0.594479 0.853023 0.0237558 0.0370168 0.502535
0 0.16965 0.642181 0.0183543 0.0237819 0.502497
0 0.669696 0.821544 0.0145157 0.0268131 0.502294
0 0.428247 0.254688 0.0158768 0.0235261 0.501828
0 0.665102 0.326336 0.0153898 0.0200204 0.501011
0 0.65487 0.771554 0.0142111 0.0265264 0.500382
0 0.0964454 0.718945 0.0147729 0.0286906 0.499218
0 0.692362 0.17034 0.0179351 0.03201 0.499195
0 0.446973 0.146632 0.0227594 0.0428699 0.497675
0 0.473354 0.563285 0.0279711 0.0399309 0.497169
0 0.839162 0.829559 0.0196332 0.0366301 0.496196
0 0.224109 0.187504 0.0161453 0.0274517 0.494713
0 0.950337 0.604627 0.0137161 0.024057 0.494671
0 0.00391458 0.280129 0.00782401 0.0455399 0.493774
0 0.584805 0.160221 0.0173468 0.0282088 0.492917
0 0.813279 0.691314 0.0283754 0.0520504 0.492752
0 0.346188 0.301348 0.0136956 0.0200126 0.492369
0 0.532886 0.921866 0.0167583 0.0231622 0.492126
0 0.786914 0.911967 0.0188474 0.0239841 0.49075
0 0.0855553 0.269892 0.0176756 0.0320459 0.487149
0 0.476931 0.474234 0.0184613 0.027646 0.48657
0 0.463369 0.857866 0.017411 0.0372318 0.480223
0 0.114349 0.261029 0.0172688 0.0245106 0.477266
0 0.132233 0.836506 0.0162314 0.0256167 0.476979
0 0.0133892 0.542493 0.0208637 0.0393273 0.47381
0 0.127063 0.240272 0.0147254 0.0236713 0.471349
0 0.566427 0.584416 0.0140436 0.0207977 0.470677
0 0.454329 0.055027 0.0233834 0.0327897 0.469588
0 0.384582 0.991669 0.021026 0.0162738 0.469475
0 0.0941331 0.295772 0.0147537 0.02373 0.466771
0 0.753002 0.0959943 0.0201691 0.0365374 0.466358
0 0.884866 0.851455 0.0160999 0.0295692 0.464264
0 0.598413 0.256701 0.0110874 0.029297 0.464032
0 0.820913 0.0979467 0.0187298 0.0304658 0.463063
0 0.804186 0.742805 0.0199492 0.0323354 0.462083
0 0.866822 0.0837638 0.0136513 0.0253332 0.461845
0 0.417654 0.0883384 0.0140026 0.0213716 0.461394
0 0.543045 0.0790775 0.0205391 0.0354656 0.46084
0 0.987047 0.616481 0.025906 0.0321236 0.45932
0 0.150206 0.515268 0.0147759 0.0198157 0.458701
0 0.310225 0.198225 0.0187536 0.0298695 0.458377
0 0.168719 0.232017 0.0225833 0.0354949 0.458123
0 0.47194 0.512113 0.0142154 0.0228886 0.456136
0 0.0745023 0.415928 0.0163296 0.0281982 0.454705
0 0.121614 0.875685 0.0182283 0.0411285 0.454299
0 0.0234042 0.0682445 0.0183963 0.0369313 0.452941
0 0.828426 0.355854 0.0156105 0.02678 0.451092
0 0.994001 0.694759 0.0119981 0.0328779 0.450816
0 0.0331072 0.241569 0.0225746 0.0475286 0.449512
0 0.77268 0.0872941 0.0109142 0.0241243 0.448394
0 0.480566 0.942773 0.0229841 0.0360601 0.447638
0 0.509651 0.159785 0.0128702 0.0237702 0.446321
0 0.481344 0.013338 0.0256733 0.0261057 0.444807
0 0.0173032 0.788288 0.0174235 0.0246779 0.443563
0 0.446082 0.529655 0.0151812 0.0265251 0.44275
0 0.101084 0.904731 0.0244488 0.0367761 0.441827
0 0.698995 0.0855536 0.0258878 0.0416794 0.440644
0 0.961119 0.875651 0.0148834 0.0356773 0.440278
0 0.0567302 0.212316 0.0173627 0.0306684 0.436386
0 0.773961 0.72815 0.0169544 0.028184 0.435611
0 0.624416 0.204326 0.0127111 0.0219759 0.435209
0 0.500276 0.967267 0.0171043 0.0408563 0.434249
0 0.918756 0.907024 0.016922 0.0258955 0.43099
0 0.165056 0.111628 0.0175515 0.0253585 0.429856
0 0.508188 0.399846 0.012232 0.0188399 0.428334
0 0.17584 0.708424 0.0180259 0.0314985 0.427682
0 0.864265 0.269129 0.0168289 0.0254487 0.42747
0 0.0983537 0.801606 0.0264256 0.0322032 0.426411
0 0.197528 0.797919 0.0175388 0.0305155 0.424305
0 0.44253 0.19352 0.0138414 0.0290395 0.423441
0 0.586339 0.0516469 0.0158906 0.0281995 0.417687
0 0.534888 0.0173729 0.0167055 0.0330179 0.417338
0 0.602379 0.128857 0.0182062 0.0336706 0.416907
0 0.949254 0.342477 0.0217041 0.026572 0.416877
0 0.751436 0.252214 0.0219782 0.0352005 0.414926
0 0.935709 0.930517 0.0131069 0.0204549 0.414821
0 0.979264 0.835896 0.0191963 0.029636 0.414139
0 0.414619 0.428642 0.0143263 0.0254527 0.41283
0 0.651408 0.431039 0.0155525 0.0234045 0.412431
0 0.970665 0.439175 0.0184729 0.0369001 0.412392
0 0.507488 0.91125 0.0197907 0.0354808 0.412124
0 0.68307 0.757235 0.0129154 0.0259179 0.411056
0 0.29148 0.239701 0.0121873 0.0189857 0.408777
0 0.942662 0.637975 0.0202568 0.0300109 0.407529
0 0.855001 0.641397 0.0199898 0.0295414 0.407073
0 0.0871001 0.104946 0.0172352 0.0307189 0.406032
0 0.370123 0.174231 0.0189998 0.0333033 0.405361
0 0.507284 0.0829244 0.0242521 0.031604 0.404339
0 0.989457 0.974222 0.0130054 0.0212226 0.403369
0 0.428926 0.474722 0.0155575 0.0270666 0.402826
0 0.674903 0.576673 0.0218117 0.0308733 0.401143
0 0.967326 0.540272 0.0158457 0.0301066 0.399515
0 0.594746 0.0771464 0.010994 0.0213648 0.397657
0 0.151784 0.702396 0.0140639 0.0258799 0.394172
0 0.615168 0.0427008 0.0259282 0.0333124 0.391238
0 0.639705 0.504464 0.0190965 0.0240053 0.390414
0 0.102589 0.147449 0.0272245 0.0565987 0.386559
0 0.891945 0.166987 0.0182755 0.0360437 0.38411
0 0.199293 0.909085 0.0269278 0.0663954 0.381929
0 0.284216 0.209803 0.013129 0.0218602 0.379715
0 0.007559 0.59048 0.0147556 0.024774 0.377803
0 0.646458 0.547032 0.0160316 0.0264946 0.37615
0 0.277582 0.165936 0.0158831 0.029171 0.375793
0 0.930495 0.536654 0.0190773 0.0303237 0.375673
0 0.98168 0.921913 0.0221272 0.0340763 0.37304
0 0.691011 0.198663 0.0143529 0.0196814 0.372431
0 0.343006 0.701631 0.0254136 0.0302213 0.371801
0 0.149012 0.153655 0.0243656 0.0354109 0.371489
0 0.224113 0.0372794 0.0202594 0.0371071 0.371124
0 0.0893956 0.686345 0.0142766 0.0223962 0.370575
0 0.816085 0.368961 0.0126142 0.0260562 0.367888
0 0.668921 0.0402184 0.0159832 0.0278557 0.367108
0 0.89199 0.0272431 0.0133442 0.0268299 0.363975
0 0.420261 0.379654 0.0198959 0.0425153 0.36321
0 0.871697 0.927514 0.0148666 0.029894 0.362687
0 0.397449 0.0626852 0.0185313 0.028702 0.362173
0 0.0957473 0.498835 0.0128646 0.0316347 0.361581
0 0.159635 0.896025 0.0192178 0.0354987 0.360729
0 0.229671 0.933527 0.028946 0.0383435 0.357477
0 0.187863 0.63899 0.0153206 0.0205872 0.357223
0 0.0987995 0.974371 0.0192918 0.0354544 0.35701
0 0.993798 0.224446 0.0124043 0.0417609 0.355263
0 0.115748 0.0392245 0.015556 0.0283493 0.35256
0 0.872436 0.643967 0.0152376 0.0278614 0.351705
0 0.992118 0.382127 0.0157648 0.0357385 0.35154
0 0.378822 0.257591 0.0234419 0.0353252 0.350111
0 0.541924 0.209656 0.0180662 0.0288732 0.349355
0 0.842074 0.844337 0.0204673 0.035779 0.347141
0 0.0591378 0.11741 0.0210945 0.0356551 0.347107
0 0.923229 0.664962 0.0170204 0.0272834 0.344645
0 0.546292 0.472313 0.0142265 0.0309806 0.344514
0 0.102769 0.801914 0.0186896 0.0311096 0.34243
0 0.139995 0.631671 0.0192672 0.0297192 0.341361
0 0.993862 0.616106 0.0122768 0.030355 0.341338
0 0.933876 0.267662 0.0244259 0.038217 0.339361
0 0.600776 0.381901 0.0145504 0.0223339 0.338628
0 0.0655945 0.760294 0.0163706 0.0216636 0.338146
0 0.158443 0.797982 0.0220149 0.0326999 0.33765
0 0.991769 0.0485051 0.0164618 0.0398238 0.337324
0 0.0118354 0.46678 0.0228976 0.0411877 0.336808
0 0.81981 0.304304 0.0168072 0.0258644 0.335924
0 0.955148 0.775765 0.0183266 0.0334618 0.334991
0 0.338454 0.255538 0.0162649 0.0194233 0.333644
0 0.81329 0.0627062 0.0122227 0.0243075 0.333172
0 0.783458 0.445115 0.025564 0.0359375 0.331029
0 0.0291494 0.0111651 0.0301681 0.0215069 0.330919
0 0.858075 0.566855 0.0244011 0.0437898 0.326986
0 0.0596314 0.926302 0.0150755 0.020755 0.326255
0 0.311019 0.345194 0.0139089 0.0216276 0.325389
0 0.0399046 0.0909938 0.0131327 0.0250335 0.324803
0 0.328574 0.48432 0.021333 0.0315538 0.321544
0 0.956663 0.178348 0.0225079 0.0420129 0.321287
0 0.730466 0.0361722 0.0173149 0.0364925 0.317541
0 0.762681 0.0295106 0.0307414 0.0557411 0.316942
0 0.800073 0.641142 0.0196631 0.0358103 0.313192
0 0.593725 0.893091 0.0152959 0.0263845 0.313064
0 0.788267 0.845113 0.0198111 0.0345496 0.312437
0 0.872003 0.172406 0.0150078 0.022347 0.310433
0 0.102419 0.157187 0.0240879 0.0370682 0.309776
0 0.7726 0.810737 0.0160229 0.0193349 0.309213
0 0.506593 0.013783 0.0180733 0.0266888 0.306194
0 0.967178 0.00849733 0.0168102 0.016924 0.305379
0 0.320477 0.00873699 0.0208077 0.0167228 0.301494
0 0.137268 0.594089 0.0166322 0.023283 0.29869
0 0.153575 0.0637328 0.0213323 0.0320906 0.298642
0 0.570258 0.786635 0.0168331 0.0292647 0.297778
0 0.231423 0.972888 0.0253016 0.0358571 0.295793
0 0.814252 0.950988 0.0200203 0.0255235 0.295309
0 0.308081 0.524786 0.0156823 0.0251704 0.29516
0 0.845386 0.731172 0.0136787 0.0253625 0.29464
0 0.733819 0.860483 0.0230318 0.0421726 0.294324
0 0.906945 0.329926 0.0148743 0.0246623 0.294268
0 0.561985 0.555183 0.0225456 0.0315585 0.291815
0 0.463233 0.344943 0.0139657 0.0254052 0.291401
0 0.780353 0.881478 0.0161383 0.0242923 0.29043
0 0.93881 0.395066 0.0202179 0.0317263 0.28923
0 0.59877 0.0286276 0.0135709 0.0233677 0.289154
0 0.773367 0.932373 0.0160409 0.0276866 0.288932
0 0.739847 0.55369 0.0159594 0.0256427 0.287497
0 0.166527 0.955507 0.0202294 0.0318909 0.286131
0 0.609159 0.689623 0.0173513 0.0174559 0.284953
0 0.80164 0.502742 0.0165176 0.0240187 0.284212
0 0.986244 0.341553 0.014069 0.0277074 0.283181
0 0.125965 0.202946 0.0193882 0.036866 0.279885
0 0.0958986 0.346251 0.031655 0.0362572 0.276051
0 0.148105 0.243822 0.0158002 0.0221662 0.274526
0 0.0990624 0.350102 0.0311362 0.0426375 0.273949
0 0.200188 0.134304 0.0105484 0.0224448 0.27338
0 0.543909 0.4715 0.0177847 0.0332349 0.272297
0 0.773961 0.0883878 0.0117441 0.0291486 0.272117
0 0.0182924 0.259865 0.017515 0.030261 0.267161
0 0.953263 0.106122 0.0139444 0.0253348 0.265492
0 0.0595902 0.0816613 0.0175518 0.0298717 0.264578
0 0.498257 0.113781 0.0170244 0.0207504 0.263972
0 0.847242 0.852692 0.0236355 0.0384596 0.2625
0 0.587019 0.523809 0.0124467 0.020067 0.261204
0 0.821665 0.98532 0.0144325 0.0246937 0.260755
0 0.349594 0.619155 0.0193055 0.0237497 0.260691
0 0.56884 0.0317383 0.0169102 0.0285239 0.259986
0 0.626817 0.150836 0.0128857 0.01984 0.259962
0 0.0775849 0.31366 0.0129152 0.0163347 0.25634
0 0.453357 0.214813 0.0130941 0.0237544 0.256223
0 0.388962 0.147878 0.015461 0.0187129 0.253872
0 0.0263244 0.338504 0.0169724 0.0357025 0.251427
0 0.386809 0.181561 0.0113132 0.0247492 0.248301
0 0.383504 0.261202 0.0152383 0.0302635 0.247988
0 0.997478 0.943218 0.00504437 0.0306248 0.246063
0 0.428254 0.0536158 0.013784 0.0335851 0.243604
0 0.955152 0.107621 0.0135998 0.0257166 0.243362
0 0.952794 0.342639 0.0186286 0.025346 0.243158
0 0.00769971 0.391414 0.0152183 0.0322351 0.240685
0 0.891505 0.224577 0.0185659 0.0341775 0.239347
0 0.159789 0.930805 0.0156711 0.023454 0.238012
0 0.876137 0.602325 0.0186855 0.0277032 0.236886
0 0.57106 0.970952 0.0134829 0.0178392 0.236832
0 0.132977 0.68345 0.0127033 0.0247963 0.235488
0 0.157314 0.462736 0.0266894 0.0388201 0.234693
0 0.286312 0.520099 0.0233218 0.0375545 0.233339
0 0.151924 0.989898 0.0193293 0.0202049 0.230949
0 0.708785 0.570032 0.0221951 0.0421034 0.230813
0 0.218574 0.520072 0.0151369 0.0254329 0.230463
0 0.472939 0.587594 0.0178556 0.0125491 0.229945
0 0.04277 0.299065 0.026361 0.0406203 0.229376
0 0.585271 0.480909 0.0171118 0.0230238 0.22541
0 0.345055 0.708331 0.0248887 0.0404833 0.223973
0 0.0599923 0.529408 0.0143729 0.0233514 0.223666
0 0.244747 0.498668 0.0177197 0.032063 0.223311
0 0.34667 0.445764 0.0144773 0.0255115 0.221875
0 0.612894 0.00638295 0.0295184 0.0127098 0.221645
0 0.949525 0.101091 0.015728 0.0253962 0.220078
0 0.149926 0.0627266 0.0245634 0.0327929 0.219976
0 0.103476 0.485094 0.0104895 0.0199985 0.219635
0 0.0395825 0.0407486 0.0149455 0.0223685 0.218757
0 0.234985 0.531869 0.0288645 0.0509115 0.217898
0 0.0906715 0.800009 0.0198528 0.0286508 0.216197
0 0.910102 0.0330191 0.0150803 0.0235766 0.214192
0 0.335032 0.973215 0.0290506 0.0392314 0.213509
0 0.580402 0.161072 0.0245036 0.0310146 0.212453
0 0.640623 0.772881 0.0191881 0.0292002 0.212319
0 0.873758 0.0205526 0.0191616 0.0311117 0.211793
0 0.865829 0.23588 0.0196117 0.0346221 0.211512
0 0.80171 0.99308 0.0193032 0.0132012 0.209737
0 0.228265 0.360544 0.0128862 0.0190063 0.207979
0 0.0883135 0.463517 0.0171089 0.0275052 0.207839
0 0.607175 0.220603 0.0161232 0.0227738 0.207039
0 0.316397 0.459305 0.0150218 0.0202228 0.204946
0 0.0604439 0.0857923 0.0208054 0.0268988 0.204905
0 0.29627 0.441769 0.0232189 0.0283073 0.204893
0 0.977219 0.734763 0.0217461 0.0322318 0.204605
0 0.846877 0.977039 0.01675 0.022703 0.202492
0 0.103801 0.357106 0.0253952 0.0420316 0.201191
0 0.844413 0.850107 0.0224339 0.0336222 0.201019
0 0.753424 0.910638 0.0186868 0.0253476 0.200163
0 0.643634 0.322023 0.0178436 0.0241975 0.199188
0 0.158187 0.0653507 0.0151646 0.0305211 0.198892
0 0.329319 0.610031 0.0187551 0.0394877 0.197209
0 0.284616 0.137814 0.0245789 0.034744 0.19594
0 0.0218462 0.306566 0.0130673 0.0201613 0.195433
0 0.403957 0.451574 0.013595 0.0219588 0.195367
0 0.422865 0.178337 0.00901044 0.0213039 0.195171
0 0.0287911 0.848597 0.0249095 0.0391044 0.194229
0 0.334077 0.27625 0.0180796 0.0271114 0.193214
0 0.458482 0.0577785 0.0213783 0.0319338 0.191489
0 0.879941 0.134903 0.0161745 0.0264242 0.189003
0 0.697971 0.338494 0.0213894 0.0301608 0.185075
0 0.102575 0.161383 0.0211972 0.0297602 0.184408
0 0.936917 0.59221 0.0140076 0.0244746 0.184214
0 0.997204 0.88884 0.00559196 0.0311673 0.184161
0 0.0448897 0.685193 0.0241987 0.0363816 0.18416
0 0.163933 0.639978 0.0143647 0.0249429 0.183365
0 0.714784 0.0188644 0.0238721 0.036812 0.183009
0 0.655877 0.0263219 0.016198 0.0271895 0.182251
0 0.178114 0.917704 0.0158701 0.0357225 0.181809
0 0.500647 0.116175 0.0182043 0.021044 0.181767
0 0.991563 0.141893 0.0164558 0.028073 0.181555
0 0.553388 0.0189706 0.015506 0.0317949 0.180414
0 0.851184 0.0442599 0.0194366 0.0350885 0.178763
0 0.752139 0.256084 0.0252466 0.0441128 0.178278
0 0.772639 0.513597 0.017791 0.0274004 0.177543
0 0.583871 0.0501086 0.0149735 0.0287703 0.177265
0 0.161526 0.933167 0.0173423 0.0207628 0.176776
0 0.852619 0.855467 0.014439 0.0366266 0.176271
0 0.0506408 0.959001 0.0127833 0.0203812 0.174666
0 0.983215 0.841052 0.0134262 0.027663 0.173868
0 0.653933 0.0234921 0.0184052 0.0313379 0.173377
0 0.251558 0.153836 0.0201847 0.0310218 0.173319
0 0.759167 0.612619 0.0249013 0.0356861 0.171713
0 0.352384 0.0879617 0.0134977 0.0249321 0.169296
0 0.978983 0.570621 0.0125238 0.016685 0.166063
0 0.938684 0.359152 0.0158819 0.0244134 0.165929
0 0.548479 0.685299 0.0175955 0.0200864 0.165838
0 0.948339 0.734858 0.0171608 0.0201158 0.165073
0 0.544572 0.0834349 0.0198912 0.0356637 0.163042
0 0.0898684 0.345367 0.020361 0.0334774 0.163039
0 0.134201 0.990379 0.015828 0.018591 0.163036
0 0.0935347 0.0251311 0.0213193 0.0338773 0.16038
0 0.338481 0.0324451 0.0159581 0.020489 0.159204
0 0.0207343 0.068413 0.0227851 0.0417095 0.158874
0 0.0272063 0.387566 0.0167889 0.0274375 0.158317
0 0.828186 0.0229666 0.0131619 0.0229706 0.158068
0 0.675592 0.166888 0.0151102 0.0250268 0.157369
0 0.0639562 0.00631888 0.0256146 0.0122209 0.156309
0 0.92552 0.0104646 0.0164677 0.01978 0.15567
0 0.0150007 0.13824 0.013498 0.0286866 0.155338
0 0.866381 0.971002 0.0226304 0.0321014 0.153928
0 0.769696 0.0513463 0.0185401 0.02209 0.153903
0 0.367867 0.169073 0.0226852 0.0427756 0.153873
0 0.549123 0.361906 0.0138848 0.022605 0.152583
0 0.608681 0.508313 0.0216228 0.0330531 0.152238
0 0.758767 0.2175 0.017944 0.0276692 0.15203
0 0.622172 0.5842 0.0115028 0.0258716 0.151237
0 0.767631 0.781913 0.0101938 0.0252457 0.150037
0 0.993745 0.051503 0.0125103 0.0426125 0.149511
0 0.287211 0.138086 0.0195213 0.0265457 0.149385
0 0.0606172 0.256373 0.0313117 0.050407 0.148203
0 0.980193 0.924998 0.018742 0.0284492 0.148174
0 0.774249 0.0525865 0.0142352 0.0220222 0.146341
0 0.152876 0.153766 0.0200322 0.0321142 0.146274
0 0.135097 0.591491 0.0198279 0.031435 0.14605
0 0.895269 0.221725 0.025898 0.0402371 0.145137
0 0.234935 0.167115 0.0162085 0.0222874 0.144014
0 0.667947 0.198849 0.0147767 0.0292672 0.143489
0 0.898426 0.217717 0.0317747 0.0428013 0.142523
0 0.0603617 0.533432 0.0173646 0.0217103 0.141208
0 0.199283 0.0349567 0.0197012 0.022425 0.141041
0 0.386577 0.263268 0.0116303 0.0319713 0.141004
0 0.204293 0.961039 0.0163948 0.0304159 0.139941
0 0.969667 0.045255 0.0155006 0.0306398 0.139827
0 0.505353 0.462193 0.018619 0.0278773 0.138994
0 0.134167 0.949136 0.018315 0.0281569 0.138864
0 0.972436 0.16832 0.01453 0.0361987 0.136849
0 0.0791737 0.0774851 0.0150954 0.0222425 0.136666
0 0.0569525 0.116387 0.0263033 0.043277 0.136415
0 0.199879 0.0452028 0.0208588 0.0393175 0.136369
0 0.447566 0.151394 0.0192832 0.033852 0.135186
0 0.0652475 0.75548 0.0186836 0.0303504 0.134424
0 0.441369 0.87535 0.0239653 0.031512 0.133765
0 0.640379 0.500462 0.0203239 0.0334509 0.133497
0 0.0657079 0.0315905 0.0153951 0.0275592 0.133445
0 0.842712 0.0928135 0.0171654 0.0249309 0.132535
0 0.274785 0.2659 0.0140018 0.0245783 0.132123
0 0.854746 0.860555 0.0106522 0.0321494 0.130213
0 0.356403 0.549282 0.0202861 0.0271251 0.129939
0 0.948152 0.346529 0.0214329 0.0347428 0.12871
0 0.907897 0.0308992 0.0152817 0.0273684 0.128549
0 0.725942 0.91002 0.0192797 0.0345096 0.128122
0 0.960547 0.17472 0.0269249 0.0444364 0.128004
0 0.860448 0.424842 0.0129547 0.0305902 0.12741
0 0.652375 0.77153 0.0177367 0.0286743 0.126883
0 0.923581 0.614377 0.0183636 0.0331872 0.126728
0 0.145859 0.062824 0.0230839 0.0297874 0.126239
0 0.492712 0.193811 0.0152254 0.0223221 0.126132
0 0.726062 0.915248 0.0204193 0.0475674 0.126067
0 0.119199 0.0802923 0.0202151 0.0402326 0.125686
0 0.876938 0.896874 0.0233768 0.0282586 0.125123
0 0.388524 0.263679 0.00920585 0.0335963 0.123148
0 0.10123 0.200089 0.0200789 0.0390235 0.122814
0 0.770938 0.0882647 0.0131107 0.0296918 0.12256
0 0.610653 0.87099 0.0129169 0.0220857 0.121958
0 0.0397982 0.0940176 0.0149717 0.0320986 0.121038
0 0.713148 0.224384 0.020041 0.0373425 0.120403
0 0.226423 0.0327529 0.0168298 0.0350479 0.120082
0 0.790457 0.845566 0.0148876 0.0307068 0.119883
0 0.177466 0.422569 0.0190695 0.0322296 0.119841
0 0.00608264 0.70875 0.0121653 0.0429056 0.119307
0 0.992715 0.388491 0.0145706 0.0471506 0.119305
0 0.275122 0.236573 0.0167982 0.0266105 0.118801
0 0.768535 0.846368 0.0176075 0.0256183 0.117563
0 0.62698 0.154454 0.0138185 0.0167908 0.117151
0 0.971886 0.757174 0.0161509 0.0183133 0.116622
0 0.271181 0.00630755 0.0133255 0.0112091 0.114981
0 0.178688 0.908623 0.01683 0.0521639 0.11493
0 0.440771 0.0779733 0.0144194 0.0165101 0.114909
0 0.548837 0.0196985 0.019621 0.0366924 0.114321
0 0.81785 0.365526 0.0131532 0.0291051 0.114309
0 0.62057 0.0423539 0.0218015 0.0349399 0.114104
0 0.0391934 0.673891 0.0387433 0.0589656 0.11309
0 0.0940481 0.0155246 0.0266441 0.027822 0.113008
0 0.597285 0.03162 0.0120787 0.0215257 0.112794
0 0.580679 0.0135319 0.0161366 0.0190169 0.112767
0 0.307422 0.0992895 0.0164029 0.0242917 0.112158
0 0.94159 0.0691511 0.0138535 0.0193123 0.112118
0 0.0294465 0.338585 0.0227527 0.0400233 0.111392
0 0.186319 0.796616 0.024029 0.0286143 0.11137
0 0.0746218 0.843613 0.0201549 0.0279977 0.111274
0 0.739871 0.134639 0.0141038 0.0168311 0.111242
0 0.569778 0.0270023 0.0188282 0.0291681 0.111094
0 0.100812 0.489202 0.0126495 0.0259956 0.111063
0 0.966415 0.173423 0.0201344 0.043907 0.110533
0 0.523337 0.162938 0.0250252 0.0323167 0.11033
0 0.177629 0.419791 0.0158597 0.024767 0.108594
0 0.793365 0.71628 0.0151335 0.0251099 0.108503
0 0.276868 0.603482 0.0180956 0.0185869 0.108215
0 0.108421 0.207525 0.0234894 0.0367979 0.1082
0 0.0875972 0.267387 0.0168114 0.0301834 0.108098
0 0.0430897 0.676604 0.027476 0.0534822 0.107961
0 0.0582548 0.0764478 0.0133806 0.0276228 0.10793
0 0.879004 0.603403 0.01745 0.0268628 0.107768
0 0.555282 0.282572 0.0169032 0.0268377 0.107708
0 0.290384 0.239878 0.0140162 0.0242178 0.107389
0 0.171053 0.0441404 0.0183028 0.0275981 0.107239
0 0.705516 0.624724 0.0247315 0.0378754 0.107023
0 0.561526 0.152144 0.0102779 0.0227592 0.106541
0 0.917646 0.0458355 0.0151508 0.0255107 0.105847
0 0.947131 0.140628 0.0225552 0.0328542 0.105478
0 0.163881 0.949184 0.0202614 0.0315343 0.105173
0 0.815925 0.844255 0.0215742 0.0286172 0.105028
0 0.59277 0.0750469 0.0122061 0.0217338 0.104115
0 0.858497 0.119786 0.0187553 0.034949 0.104113
0 0.605634 0.0360418 0.0130919 0.0289028 0.103956
0 0.52377 0.50247 0.0193039 0.0342918 0.10355
0 0.0774989 0.0534749 0.0148477 0.0170703 0.103189
0 0.784707 0.759107 0.0169155 0.0208035 0.102906
0 0.868122 0.642804 0.0183292 0.0295958 0.102338
0 0.400449 0.647481 0.0295093 0.057165 0.101457
0 0.0112772 0.540892 0.0224404 0.0498075 0.101294
