0 0.837928 0.915552 0.0259731 0.0506419 0.703395
0 0.587098 0.743288 0.0293388 0.0412611 0.703078
0 0.34133 0.452674 0.0225634 0.0306538 0.688432
0 0.801309 0.553836 0.0206928 0.0346705 0.686856
0 0.56086 0.721217 0.0246849 0.0515443 0.684859
0 0.929964 0.841451 0.0211626 0.0406042 0.666484
0 0.146277 0.112174 0.0190826 0.0341909 0.663407
0 0.478498 0.283148 0.0235157 0.0360608 0.661823
0 0.896452 0.979767 0.0243038 0.0314938 0.660774
0 0.969959 0.730364 0.0162758 0.0303128 0.660652
0 0.448557 0.834968 0.0322734 0.0442342 0.660544
0 0.899028 0.736976 0.0173586 0.0377599 0.659276
0 0.247142 0.361997 0.0305418 0.0373973 0.658674
0 0.806216 0.899754 0.0190623 0.0356172 0.656348
0 0.859523 0.0551183 0.0209362 0.0333002 0.655958
0 0.831729 0.0377639 0.024818 0.0379935 0.655068
0 0.563681 0.325802 0.0226761 0.0335017 0.654615
0 0.250318 0.310846 0.0186876 0.0316575 0.654503
0 0.977848 0.891079 0.0171768 0.0304555 0.651527
0 0.261442 0.248569 0.0243068 0.0355395 0.6492
0 0.637474 0.418031 0.0150015 0.0305923 0.648074
0 0.22136 0.488084 0.0187932 0.0333608 0.647998
0 0.458273 0.711958 0.0190535 0.0315162 0.644161
0 0.189135 0.618303 0.02496 0.0401706 0.64318
0 0.169361 0.0573763 0.0183311 0.0308069 0.640754
0 0.525199 0.191543 0.016786 0.0304549 0.640325
0 0.168986 0.0994358 0.0204646 0.0383202 0.639895
0 0.0344905 0.689173 0.0264077 0.0461852 0.639469
0 0.513737 0.286461 0.0186104 0.0402824 0.639093
0 0.804311 0.849269 0.0297623 0.0487206 0.638659
0 0.913298 0.0740679 0.0192669 0.0341156 0.637004
0 0.466653 0.934713 0.0166527 0.0275195 0.634497
0 0.398506 0.424047 0.0227209 0.0394177 0.633968
0 0.680584 0.530153 0.017367 0.0312536 0.633234
0 0.62213 0.471256 0.0229326 0.052387 0.632816
0 0.445516 0.591629 0.02366 0.0351413 0.632193
0 0.847786 0.451655 0.0199806 0.0344566 0.632185
0 0.872609 0.501523 0.0188026 0.0403434 0.631621
0 0.0411439 0.0647563 0.0193394 0.034248 0.627164
0 0.100958 0.800953 0.0199408 0.0336534 0.625685
0 0.955421 0.605005 0.0225229 0.0418254 0.625381
0 0.477047 0.0437857 0.0283043 0.0487202 0.625291
0 0.279478 0.604622 0.0180693 0.0329946 0.625261
0 0.0590009 0.477281 0.0171313 0.0283368 0.625064
0 0.989184 0.696296 0.0208828 0.0373155 0.622976
0 0.313516 0.465011 0.0200024 0.030326 0.621096
0 0.236812 0.102517 0.0193074 0.0324203 0.620538
0 0.774082 0.431714 0.0254743 0.0454447 0.620144
0 0.804949 0.734555 0.0199043 0.0400561 0.619399
0 0.278047 0.123497 0.0170526 0.0294861 0.618682
0 0.856459 0.0147784 0.0240112 0.0291293 0.617701
0 0.315021 0.34241 0.0184915 0.034279 0.616558
0 0.918942 0.962728 0.017056 0.0265078 0.615396
0 0.136416 0.610588 0.0202895 0.0376057 0.612892
0 0.969307 0.849556 0.0176357 0.0274467 0.61092
0 0.348918 0.311314 0.0265928 0.0334665 0.61078
0 0.859904 0.241715 0.0207768 0.0374434 0.609742
0 0.779463 0.505492 0.0182915 0.0316715 0.608646
0 0.388602 0.272425 0.0230138 0.0444685 0.606361
0 0.886593 0.455087 0.0193111 0.0359998 0.606297
0 0.838364 0.786131 0.017379 0.0330702 0.606096
0 0.882342 0.378979 0.0191555 0.0349201 0.605766
0 0.886927 0.227878 0.0228451 0.0351596 0.60515
0 0.600974 0.547698 0.0250251 0.0386063 0.604586
0 0.51831 0.329666 0.0165569 0.029513 0.603113
0 0.832407 0.192672 0.0216442 0.0356405 0.602756
0 0.177269 0.0170922 0.0168421 0.031902 0.602153
0 0.499389 0.181954 0.0152836 0.0274306 0.599396
0 0.302224 0.088975 0.0131742 0.0305847 0.598351
0 0.028821 0.450164 0.0158679 0.026177 0.5978
0 0.469295 0.431586 0.0225735 0.0337819 0.595944
0 0.965807 0.448407 0.0131711 0.0277169 0.595085
0 0.628679 0.822167 0.0176989 0.0301266 0.595066
0 0.478693 0.183971 0.0162844 0.0231479 0.592744
0 0.21859 0.257727 0.0263863 0.0332257 0.592543
0 0.40518 0.102018 0.0163355 0.0342949 0.592382
0 0.98291 0.26315 0.0227386 0.0284899 0.592246
0 0.426559 0.100182 0.0208801 0.0340723 0.591771
0 0.821897 0.440527 0.0183662 0.028726 0.590939
0 0.0156884 0.400024 0.0167766 0.0255567 0.590858
0 0.376837 0.950666 0.0195021 0.0347506 0.59035
0 0.0088327 0.663121 0.0176654 0.0305774 0.589276
0 0.924431 0.516123 0.0149577 0.0239678 0.589178
0 0.517809 0.833885 0.0174051 0.0251319 0.588735
0 0.512261 0.467948 0.0199907 0.0366526 0.588301
0 0.714335 0.917872 0.0176575 0.0318783 0.587583
0 0.664161 0.42061 0.0240765 0.0315342 0.587553
0 0.222496 0.441866 0.0291161 0.04267 0.587351
0 0.893224 0.556603 0.0139334 0.0283624 0.587155
0 0.0108281 0.428603 0.0153852 0.0267185 0.585746
0 0.264073 0.162602 0.0195701 0.0301003 0.582024
0 0.115203 0.121918 0.0258951 0.0337198 0.579236
0 0.0746067 0.9306 0.0199709 0.0354797 0.579171
0 0.2713 0.676304 0.0242866 0.0345468 0.579021
0 0.943997 0.738806 0.0149441 0.0268616 0.577818
0 0.572797 0.0596466 0.0213413 0.0377385 0.577122
0 0.305294 0.427296 0.0144022 0.0261202 0.57532
0 0.475369 0.378101 0.0229683 0.0330084 0.574619
0 0.0961905 0.869334 0.0145847 0.0253835 0.573908
0 0.551158 0.362066 0.0239431 0.0349119 0.57332
0 0.159885 0.230709 0.0173911 0.0350458 0.571729
0 0.816837 0.772135 0.0149754 0.0257663 0.570533
0 0.46797 0.151922 0.0180229 0.0308835 0.570462
0 0.500774 0.954916 0.0303928 0.047794 0.569977
0 0.59527 0.0849956 0.017724 0.0266373 0.568015
0 0.316774 0.0370359 0.0167616 0.0397902 0.567811
0 0.0827166 0.0988932 0.0229628 0.0340935 0.56762
0 0.561908 0.670372 0.0162027 0.0268809 0.566361
0 0.293561 0.708664 0.0141993 0.0270454 0.565237
0 0.553353 0.581225 0.0241872 0.0557348 0.56469
0 0.158178 0.724331 0.0296599 0.0639228 0.564358
0 0.779321 0.802215 0.0169103 0.028007 0.562637
0 0.439121 0.540244 0.0214231 0.0410385 0.562322
0 0.369834 0.415006 0.0122769 0.0254778 0.562314
0 0.70172 0.74714 0.0150967 0.0222704 0.561814
0 0.105685 0.982641 0.0200872 0.0322064 0.561176
0 0.278669 0.463042 0.0236293 0.0344656 0.55952
0 0.525872 0.609948 0.023552 0.0451118 0.558501
0 0.868805 0.774579 0.0133753 0.0313236 0.558362
0 0.0426005 0.964488 0.0262096 0.0427307 0.558224
0 0.223989 0.886699 0.0246323 0.0445467 0.557416
0 0.665844 0.723243 0.0188638 0.0372504 0.556429
0 0.279169 0.537836 0.0278423 0.0441104 0.556333
0 0.145207 0.168586 0.0212856 0.0357704 0.555856
0 0.721203 0.768802 0.0150299 0.0281704 0.554062
0 0.104868 0.762944 0.017715 0.0319273 0.550544
0 0.274846 0.737152 0.0182607 0.0312402 0.550033
0 0.926316 0.191206 0.0176834 0.0341388 0.549545
0 0.696972 0.882505 0.0208471 0.0319862 0.547898
0 0.437849 0.142335 0.0155115 0.0300665 0.547537
0 0.618069 0.0787963 0.0245113 0.0421982 0.547238
0 0.952527 0.201774 0.0203735 0.0363324 0.547145
0 0.403412 0.629641 0.0180992 0.0310103 0.547143
0 0.199972 0.0105116 0.0215761 0.0200407 0.546505
0 0.0669068 0.178741 0.0172524 0.0239412 0.546094
0 0.478312 0.904738 0.0202991 0.0271427 0.545883
0 0.514617 0.974995 0.016478 0.0317322 0.543544
0 0.0778356 0.824852 0.0165634 0.0297055 0.54323
0 0.0514345 0.82702 0.0144468 0.0286909 0.541875
0 0.499971 0.129404 0.0243496 0.036239 0.539657
0 0.0110166 0.471896 0.017671 0.0336142 0.538906
0 0.464701 0.230379 0.0172779 0.0354272 0.538548
0 0.352323 0.135362 0.0269946 0.0446497 0.536189
0 0.0412825 0.414826 0.0173763 0.0261861 0.53581
0 0.478687 0.239604 0.0170344 0.0321995 0.535131
0 0.583611 0.640722 0.0152835 0.027432 0.535097
0 0.647941 0.510579 0.0134155 0.0269562 0.533055
0 0.423122 0.879035 0.0136032 0.0243011 0.533027
0 0.921317 0.713934 0.014151 0.0200114 0.532212
0 0.613813 0.72269 0.0173299 0.0257755 0.532165
0 0.368647 0.0656711 0.0202367 0.0394727 0.530964
0 0.838458 0.26722 0.0222332 0.0440472 0.529389
0 0.615075 0.352919 0.0201883 0.0299689 0.528914
0 0.920174 0.896568 0.0225525 0.0315172 0.526668
0 0.529206 0.710554 0.0188217 0.0310527 0.525721
0 0.144284 0.647483 0.017984 0.0236474 0.525515
0 0.828731 0.594149 0.0142384 0.0262822 0.524563
0 0.992636 0.0464527 0.014728 0.0355878 0.523359
0 0.123308 0.97691 0.0128023 0.0302171 0.521896
0 0.74602 0.45526 0.0237019 0.0390433 0.521746
0 0.660055 0.862575 0.0148285 0.0258002 0.520707
0 0.0530496 0.644876 0.0259404 0.0304309 0.518974
0 0.830024 0.508457 0.0220467 0.048606 0.51602
0 0.670396 0.893287 0.0166452 0.0297767 0.515043
0 0.401323 0.883076 0.0197038 0.0326506 0.514473
0 0.965866 0.489079 0.0133987 0.0236983 0.513885
0 0.00483897 0.31448 0.00964296 0.0357819 0.513134
0 0.0634808 0.219897 0.0175991 0.0304506 0.511775
0 0.144182 0.013748 0.0206169 0.0273353 0.511042
0 0.32379 0.0997684 0.0214177 0.0377083 0.51093
0 0.848647 0.388917 0.0179347 0.0305201 0.510761
0 0.697403 0.55794 0.0164194 0.0331268 0.509734
0 0.0134369 0.51397 0.014165 0.0231113 0.509528
0 0.182053 0.884976 0.0190942 0.032961 0.504831
0 0.557028 0.143675 0.0196948 0.0310086 0.503353
0 0.86076 0.0963295 0.0215321 0.0337674 0.502729
0 0.334257 0.0411544 0.0128902 0.0231739 0.502555
0 0.0250356 0.748203 0.0191417 0.0315345 0.502111
0 0.113568 0.22514 0.0153688 0.0264859 0.501653
0 0.806439 0.0391967 0.015051 0.0249275 0.501471
0 0.607096 0.607148 0.0251751 0.0318309 0.500003
0 0.0926265 0.945993 0.0133089 0.0276916 0.49977
0 0.76087 0.265801 0.0217707 0.0469115 0.499519
0 0.317733 0.221818 0.0136421 0.0310416 0.498223
0 0.276114 0.0709436 0.0187808 0.0363426 0.497412
0 0.641471 0.964672 0.0196224 0.0277764 0.496325
0 0.581124 0.88154 0.0192101 0.0346493 0.496136
0 0.926619 0.125065 0.0208117 0.0334323 0.495043
0 0.137948 0.265703 0.017857 0.0221061 0.4945
0 0.222225 0.395304 0.0146851 0.0246009 0.489937
0 0.310294 0.259377 0.0213659 0.0260751 0.489145
0 0.374475 0.679379 0.0273929 0.0455181 0.48863
0 0.0147103 0.834383 0.0185115 0.028201 0.488621
0 0.693791 0.451304 0.0234306 0.0318475 0.488579
0 0.57618 0.252825 0.0171818 0.0291468 0.488046
0 0.183648 0.294002 0.0230306 0.035968 0.487664
0 0.239626 0.764969 0.0137284 0.0247047 0.48535
0 0.502023 0.333004 0.0150426 0.0336023 0.483465
0 0.95069 0.552984 0.0193062 0.0364419 0.480575
0 0.0894392 0.151399 0.0125763 0.0224247 0.479823
0 0.0999856 0.392462 0.0157829 0.0286531 0.478808
0 0.463244 0.318957 0.0159409 0.0257236 0.478477
0 0.943849 0.441751 0.0181622 0.0281013 0.478187
0 0.534069 0.291632 0.0132662 0.0248421 0.477361
0 0.026488 0.813114 0.0164014 0.027734 0.476776
0 0.980623 0.108604 0.0183357 0.0280571 0.476499
0 0.942138 0.396274 0.0190235 0.0301873 0.475191
0 0.333229 0.774691 0.0136444 0.0195787 0.474809
0 0.0430842 0.348984 0.0183776 0.0278501 0.472691
0 0.0744227 0.604111 0.0189323 0.0374559 0.472047
0 0.904805 0.281571 0.020821 0.0485838 0.47124
0 0.0804961 0.550327 0.0164559 0.0283464 0.469114
0 0.058488 0.594479 0.011002 0.0232951 0.467965
0 0.743643 0.746844 0.0172537 0.0288144 0.467372
0 0.258723 0.788182 0.0213889 0.0342163 0.465632
0 0.117118 0.176215 0.0204708 0.0226805 0.463689
0 0.639736 0.677758 0.0187761 0.0335805 0.463048
0 0.00420532 0.108247 0.00834636 0.0349114 0.462357
0 0.419406 0.28481 0.0269896 0.0429418 0.461581
0 0.150567 0.421725 0.0182765 0.0295136 0.460507
0 0.47894 0.523027 0.0124977 0.0240141 0.459113
0 0.643369 0.30553 0.0212536 0.0355032 0.458912
0 0.0488387 0.791423 0.0148516 0.0286806 0.458259
0 0.316131 0.769577 0.0142498 0.0231764 0.457218
0 0.532599 0.125906 0.0196515 0.0266464 0.456858
0 0.235891 0.81125 0.020565 0.0380432 0.456091
0 0.0176829 0.084435 0.016876 0.0278596 0.455277
0 0.375654 0.502997 0.0168011 0.0338064 0.454504
0 0.195047 0.346026 0.0151383 0.0234394 0.453853
0 0.413754 0.0247035 0.0181629 0.028738 0.451255
0 0.703585 0.834879 0.0234055 0.0448076 0.450086
0 0.197632 0.0634653 0.0171541 0.0292837 0.449811
0 0.157973 0.737906 0.0266829 0.0396573 0.448932
0 0.317408 0.946933 0.0152162 0.031907 0.448752
0 0.0804195 0.419439 0.0155946 0.0246584 0.448363
0 0.970666 0.226771 0.0136015 0.0280421 0.447851
0 0.724953 0.358488 0.0209861 0.0373064 0.446398
0 0.453403 0.342395 0.0129362 0.0254635 0.445758
0 0.50267 0.570293 0.0159815 0.0249888 0.444387
0 0.958691 0.311454 0.0150719 0.0238838 0.444128
0 0.705011 0.0190777 0.0199383 0.0333301 0.442519
0 0.170176 0.358185 0.0169791 0.0258199 0.441249
0 0.0546634 0.442337 0.0157615 0.0288456 0.441
0 0.46729 0.488685 0.0191367 0.03337 0.439265
0 0.904841 0.6311 0.0140755 0.0226565 0.436896
0 0.772537 0.147464 0.0161919 0.031285 0.436672
0 0.28764 0.232787 0.0268682 0.040497 0.435597
0 0.69016 0.684272 0.0151911 0.0266513 0.43087
0 0.835022 0.671028 0.0163603 0.0311937 0.428823
0 0.512505 0.970273 0.0148212 0.0354594 0.428425
0 0.531061 0.0342783 0.0225724 0.0415245 0.428372
0 0.533661 0.980314 0.0190896 0.0375414 0.42827
0 0.917757 0.381556 0.0150406 0.0266741 0.426447
0 0.497346 0.531351 0.0223551 0.0376062 0.426274
0 0.0802123 0.519255 0.0183608 0.0260576 0.423797
0 0.813578 0.375996 0.0177967 0.0333825 0.423164
0 0.525713 0.368323 0.016249 0.0327679 0.422766
0 0.662296 0.659974 0.0208462 0.0339277 0.421187
0 0.0888819 0.280489 0.0140071 0.0234862 0.420889
0 0.0119626 0.357777 0.0170249 0.0325435 0.419522
0 0.353006 0.0166488 0.0192636 0.0303948 0.417839
0 0.523539 0.793587 0.0224106 0.0363035 0.416191
0 0.137721 0.444166 0.015588 0.0294164 0.415487
0 0.0590084 0.683561 0.017978 0.0346122 0.415158
0 0.0225702 0.138222 0.0182357 0.0327495 0.414906
0 0.815706 0.331992 0.0204664 0.0330097 0.414508
0 0.0287871 0.60143 0.0151421 0.0259333 0.41425
0 0.128713 0.354573 0.0102326 0.0261649 0.414166
0 0.842151 0.566245 0.0139563 0.0190062 0.413927
0 0.122189 0.828457 0.0228667 0.0332816 0.413841
0 0.114634 0.358028 0.0148753 0.0243546 0.410805
0 0.575637 0.0123763 0.0218157 0.024294 0.409753
0 0.482102 0.759802 0.0150479 0.0297658 0.407754
0 0.0440642 0.857205 0.0171845 0.0274285 0.40752
0 0.228159 0.023932 0.0144321 0.022151 0.405981
0 0.15678 0.894929 0.0229929 0.0376217 0.405795
0 0.215088 0.0699501 0.0148672 0.0304428 0.40563
0 0.0803666 0.468686 0.0132407 0.020551 0.402828
0 0.186688 0.252665 0.0158787 0.0257261 0.401482
0 0.565885 0.429067 0.0204355 0.0380846 0.400507
0 0.790489 0.134504 0.0163672 0.0274338 0.399277
0 0.450801 0.40148 0.0170374 0.0303792 0.399188
0 0.464841 0.150553 0.0232452 0.0305931 0.398614
0 0.0898009 0.706694 0.0174372 0.0314992 0.398221
0 0.66759 0.825976 0.0190816 0.030189 0.398119
0 0.437954 0.0282234 0.0247087 0.0412287 0.396889
0 0.688505 0.271405 0.0215819 0.0372198 0.396432
0 0.43875 0.672336 0.0230101 0.0594311 0.396359
0 0.0355632 0.10757 0.013471 0.0217802 0.394354
0 0.249851 0.486209 0.0189287 0.0239368 0.393189
0 0.695862 0.220935 0.0176924 0.0305396 0.392883
0 0.456121 0.765159 0.0156015 0.0282867 0.392531
0 0.761424 0.639448 0.0207854 0.0357909 0.389418
0 0.979515 0.14514 0.0172108 0.0236235 0.389048
0 0.134393 0.570746 0.0186407 0.0327294 0.388415
0 0.987222 0.599889 0.0249279 0.0478764 0.386887
0 0.263985 0.0288255 0.0153319 0.0231753 0.385179
0 0.888077 0.0460681 0.0213879 0.0355337 0.380402
0 0.434201 0.38487 0.0165658 0.0281679 0.380114
0 0.060893 0.0540278 0.0150823 0.0355388 0.379399
0 0.481256 0.1071 0.0148911 0.0284248 0.377923
0 0.880498 0.305687 0.0194054 0.0345675 0.377899
0 0.935737 0.701204 0.0101791 0.0236131 0.37282
0 0.875874 0.621814 0.0163822 0.023723 0.372203
0 0.0594393 0.391186 0.013297 0.0192579 0.370886
0 0.660682 0.926151 0.0202966 0.0300535 0.370817
0 0.529279 0.229373 0.0133857 0.028044 0.370577
0 0.439572 0.693662 0.0200873 0.0240996 0.369625
0 0.759508 0.848716 0.0145348 0.0221942 0.366442
0 0.272805 0.416358 0.024623 0.035616 0.366308
0 0.646912 0.894284 0.0211754 0.0286523 0.365644
0 0.904338 0.162714 0.0252567 0.0480538 0.365295
0 0.50125 0.123759 0.0249477 0.0447029 0.364519
0 0.280576 0.013807 0.0198559 0.0266606 0.363359
0 0.576967 0.491993 0.0193007 0.0303467 0.35989
0 0.979323 0.0733862 0.0181913 0.0308587 0.358557
0 0.708828 0.0183235 0.0284805 0.0354208 0.357791
0 0.550937 0.073857 0.0184097 0.0323725 0.357534
0 0.27082 0.683424 0.0233284 0.0323482 0.356693
0 0.398866 0.315778 0.0159618 0.0227871 0.354734
0 0.737198 0.266994 0.0167791 0.0309959 0.354406
0 0.550915 0.989024 0.0162025 0.0209015 0.350644
0 0.471821 0.347197 0.0170137 0.0217081 0.348672
0 0.972468 0.521198 0.0140532 0.0239517 0.348478
0 0.160878 0.626798 0.0186802 0.0286256 0.3469
0 0.227319 0.563534 0.016627 0.036721 0.346613
0 0.43926 0.681469 0.0234919 0.045865 0.3456
0 0.478265 0.563849 0.0204418 0.0293018 0.345529
0 0.630157 0.528931 0.0134789 0.0273132 0.345255
0 0.0579142 0.751739 0.0183287 0.0301695 0.344566
0 0.250481 0.640827 0.0151554 0.0297284 0.343944
0 0.886435 0.261734 0.0163976 0.0278917 0.34324
0 0.303015 0.74598 0.0127665 0.0203522 0.34157
0 0.396113 0.0108134 0.0235633 0.0216269 0.3406
0 0.108553 0.943201 0.0134673 0.02289 0.340499
0 0.160258 0.278012 0.0159531 0.0216309 0.339222
0 0.188759 0.833393 0.0169994 0.0314623 0.338941
0 0.0983433 0.478346 0.0175066 0.0298112 0.33838
0 0.946345 0.80735 0.0141186 0.0199039 0.33607
0 0.0939216 0.0312801 0.0183663 0.028193 0.335924
0 0.248594 0.459588 0.0170084 0.0269684 0.334303
0 0.198988 0.0371732 0.0138027 0.0177882 0.333319
0 0.461389 0.321677 0.0144228 0.0202476 0.333084
0 0.00887954 0.87265 0.0176258 0.0409153 0.331489
0 0.294887 0.81506 0.0144021 0.027575 0.330907
0 0.299451 0.66234 0.0146606 0.0239334 0.329123
0 0.239512 0.0570584 0.01911 0.0321383 0.327299
0 0.010305 0.931414 0.0205303 0.0478387 0.326591
0 0.118455 0.0727873 0.0201434 0.0317415 0.325955
0 0.550938 0.926986 0.0166938 0.0328451 0.325398
0 0.529886 0.498995 0.0199652 0.0300323 0.32484
0 0.533144 0.0897003 0.0205399 0.0327114 0.323974
0 0.122039 0.703622 0.0275959 0.0527744 0.323749
0 0.0814704 0.0107545 0.0181917 0.0210875 0.322839
0 0.465803 0.483408 0.0177414 0.0361014 0.322253
0 0.24634 0.209879 0.0179472 0.036441 0.321365
0 0.5218 0.549068 0.0178711 0.0295111 0.320595
0 0.933618 0.598832 0.0162455 0.0287719 0.318472
0 0.43725 0.92214 0.0179815 0.026279 0.317911
0 0.539564 0.535036 0.0155951 0.0298323 0.316572
0 0.360906 0.21367 0.0313147 0.0397358 0.316505
0 0.344403 0.617334 0.0161613 0.0265672 0.316059
0 0.239235 0.212787 0.0303783 0.0475153 0.313076
0 0.240976 0.362132 0.0202662 0.0335717 0.311986
0 0.697414 0.353384 0.0225764 0.0357066 0.310854
0 0.130029 0.932671 0.0162888 0.0281409 0.309477
0 0.210863 0.759324 0.0189849 0.0298065 0.309339
0 0.179613 0.224438 0.0196811 0.0310483 0.309243
0 0.0743665 0.889769 0.0146944 0.0224492 0.309053
0 0.0073528 0.548925 0.0144847 0.0190083 0.308279
0 0.213082 0.80981 0.0247235 0.0550047 0.308125
0 0.430595 0.479846 0.0128057 0.0377004 0.304799
0 0.352059 0.350022 0.0184627 0.0279343 0.303315
0 0.318708 0.802206 0.0158075 0.0270976 0.301954
0 0.503097 0.596699 0.022991 0.0291514 0.300478
0 0.202673 0.718806 0.0225622 0.0369073 0.300289
0 0.85678 0.328013 0.0193625 0.0327028 0.299955
0 0.175975 0.68432 0.0120797 0.02397 0.298718
0 0.476994 0.235086 0.0179214 0.0347558 0.298535
0 0.327074 0.220139 0.0243138 0.036118 0.29794
0 0.455936 0.473403 0.0284438 0.0472027 0.297879
0 0.551058 0.217187 0.0199654 0.0340878 0.296238
0 0.690198 0.138942 0.0358348 0.0560575 0.295769
0 0.563291 0.116176 0.015752 0.0203411 0.294812
0 0.610778 0.608842 0.0262646 0.0354914 0.294798
0 0.460276 0.676463 0.0140608 0.0234397 0.293603
0 0.777005 0.87012 0.0135252 0.022544 0.286684
0 0.501409 0.0715106 0.0208513 0.031936 0.286608
0 0.106551 0.337725 0.0157332 0.0200507 0.28656
0 0.544176 0.799976 0.0174055 0.0250132 0.285264
0 0.930424 0.335331 0.0114403 0.0220049 0.284963
0 0.827204 0.735035 0.0117901 0.0230002 0.284869
0 0.8329 0.350464 0.0155741 0.0309402 0.284461
0 0.729042 0.109244 0.0175673 0.0291351 0.28128
0 0.0265239 0.337786 0.0147443 0.0248057 0.280292
0 0.690157 0.916336 0.0145625 0.027575 0.279437
0 0.563881 0.279261 0.0131561 0.02203 0.27902
0 0.181006 0.73979 0.0116424 0.0249094 0.278917
0 0.663512 0.959591 0.0143344 0.026041 0.278805
0 0.606888 0.278652 0.0354461 0.0462684 0.278399
0 0.246881 0.572493 0.0154237 0.0192525 0.277033
0 0.555469 0.184853 0.0152704 0.0254772 0.276027
0 0.91186 0.0126278 0.0212734 0.0247508 0.275931
0 0.247433 0.410156 0.0146978 0.0330967 0.274851
0 0.455361 0.342954 0.0116512 0.0243493 0.274659
0 0.380189 0.138553 0.0242602 0.0488713 0.27396
0 0.37997 0.987539 0.0177035 0.0238627 0.273331
0 0.102467 0.551414 0.0249609 0.0322935 0.271772
0 0.855214 0.175617 0.0204538 0.0349927 0.271134
0 0.641181 0.302381 0.0202353 0.0341014 0.270263
0 0.737146 0.0138976 0.0188578 0.0273268 0.267988
0 0.431616 0.802225 0.0145601 0.0180627 0.26738
0 0.154051 0.193561 0.0141227 0.0209535 0.265676
0 0.588608 0.315433 0.0168093 0.0269348 0.264926
0 0.324308 0.84515 0.0155792 0.0221883 0.264225
0 0.242397 0.209742 0.0253793 0.0384616 0.262974
0 0.17516 0.835692 0.0156021 0.0341563 0.260843
0 0.502803 0.134764 0.0226076 0.0310539 0.260741
0 0.135317 0.396658 0.0143701 0.021533 0.259245
0 0.194595 0.983767 0.0203399 0.0306963 0.258559
0 0.43556 0.540783 0.0289216 0.04388 0.258364
0 0.617529 0.277929 0.0181768 0.0404047 0.257531
0 0.650102 0.237338 0.0205963 0.0321097 0.25738
0 0.470015 0.233549 0.0202747 0.0352243 0.257014
0 0.912895 0.41691 0.0176209 0.023281 0.254855
0 0.810361 0.200788 0.0192417 0.0309953 0.254614
0 0.472621 0.736402 0.0110241 0.0158288 0.254213
0 0.223428 0.157532 0.0188073 0.0370303 0.25401
0 0.094837 0.365047 0.014387 0.0217043 0.253949
0 0.164395 0.653464 0.0153483 0.0211516 0.25315
0 0.280889 0.0198646 0.0202908 0.0354999 0.252455
0 0.295787 0.314362 0.0140549 0.0315966 0.251775
0 0.753826 0.595674 0.0182034 0.0267025 0.250413
0 0.135948 0.295775 0.0154302 0.0270355 0.250372
0 0.0813487 0.356669 0.0136913 0.0279491 0.249588
0 0.185338 0.368492 0.0138798 0.0249046 0.24874
0 0.616865 0.349975 0.0241395 0.0356361 0.248726
0 0.68763 0.915882 0.0161057 0.0271396 0.248713
0 0.283281 0.294246 0.0181437 0.0422472 0.248675
0 0.0824702 0.468158 0.0174072 0.0226844 0.248571
0 0.32777 0.178922 0.0166609 0.0225168 0.246938
0 0.645953 0.00697624 0.0171709 0.0139525 0.244056
0 0.106217 0.196461 0.0144669 0.0238857 0.242942
0 0.638744 0.630628 0.017217 0.0383133 0.241469
0 0.55582 0.589802 0.0210851 0.043422 0.241159
0 0.928848 0.289335 0.0178806 0.0264205 0.239985
0 0.833889 0.506856 0.0295187 0.0501344 0.239272
0 0.373553 0.355167 0.0161857 0.0314267 0.238849
0 0.533992 0.438285 0.0157921 0.0241687 0.238819
0 0.562647 0.427393 0.0253491 0.0393165 0.237276
0 0.446516 0.297865 0.0175839 0.0316171 0.236559
0 0.0768299 0.86248 0.0161485 0.0290673 0.236411
0 0.166588 0.98589 0.0183005 0.0256362 0.235647
0 0.399897 0.948127 0.0186392 0.0324276 0.234484
0 0.507202 0.0463189 0.0195809 0.0414783 0.233461
0 0.683634 0.715297 0.0122709 0.0210425 0.231883
0 0.353938 0.960503 0.0182055 0.0334344 0.229143
0 0.754437 0.117412 0.0182062 0.0257459 0.228359
0 0.795989 0.00805222 0.0284618 0.0156064 0.227911
0 0.388875 0.60064 0.0148786 0.0222012 0.227838
0 0.0652209 0.344439 0.0142093 0.0274233 0.227076
0 0.997474 0.206092 0.00505161 0.038472 0.22643
0 0.479678 0.849598 0.0207306 0.0298943 0.225796
0 0.198755 0.882319 0.0146176 0.0326413 0.223962
0 0.627443 0.742846 0.015444 0.021739 0.223603
0 0.11332 0.582192 0.0147453 0.0247274 0.223565
0 0.827164 0.734754 0.0150497 0.0274386 0.222047
0 0.431152 0.183947 0.0183279 0.0166199 0.222008
0 0.461224 0.560229 0.0138781 0.0254345 0.220295
0 0.826004 0.0864831 0.0250042 0.031208 0.219534
0 0.936551 0.958859 0.0145588 0.0230809 0.219519
0 0.253506 0.850687 0.0162877 0.0272881 0.219198
0 0.778377 0.347267 0.0182807 0.0255855 0.218637
0 0.86368 0.536529 0.014094 0.0161965 0.218431
0 0.81182 0.171087 0.0176498 0.0234114 0.215952
0 0.981078 0.0694405 0.0183357 0.0363568 0.215605
0 0.0498222 0.559578 0.0158496 0.0300183 0.215102
0 0.315039 0.989418 0.0140983 0.019872 0.214095
0 0.951927 0.513581 0.0131084 0.0237485 0.213302
0 0.366552 0.215979 0.0230324 0.0356937 0.213217
0 0.645856 0.310436 0.0206512 0.0387714 0.212877
0 0.583827 0.34662 0.0189007 0.0282163 0.212415
0 0.730989 0.431827 0.016481 0.0208308 0.211803
0 0.00770341 0.967314 0.0152206 0.0286551 0.211281
0 0.465986 0.607019 0.0120626 0.0169513 0.209912
0 0.275534 0.419733 0.0260769 0.0396289 0.2085
0 0.0725074 0.859519 0.0211121 0.0274807 0.20838
0 0.22106 0.320219 0.02396 0.0362129 0.206628
0 0.867947 0.457478 0.0113544 0.023349 0.205347
0 0.42595 0.482753 0.0217762 0.0417777 0.204547
0 0.309045 0.61121 0.0152034 0.0232006 0.204208
0 0.445096 0.237227 0.0176287 0.0295117 0.20394
0 0.337396 0.570803 0.0177399 0.0338391 0.203504
0 0.729931 0.691068 0.0194505 0.0351547 0.20333
0 0.353106 0.0871718 0.0162789 0.0183315 0.203278
0 0.576044 0.571037 0.0205911 0.0387258 0.200245
0 0.118817 0.482715 0.0155259 0.0277934 0.200204
0 0.00229506 0.377188 0.00456684 0.0321004 0.199088
0 0.220775 0.0420912 0.0131181 0.017715 0.198936
0 0.0654615 0.150111 0.0172586 0.0214073 0.198612
0 0.311176 0.60894 0.0193531 0.0278024 0.197108
0 0.147211 0.173087 0.0223808 0.0391544 0.196477
0 0.428014 0.422833 0.023227 0.0355109 0.194194
0 0.104585 0.616219 0.0204103 0.0274963 0.193622
0 0.12759 0.0338744 0.0147596 0.0203945 0.192816
0 0.00574242 0.966737 0.0114455 0.0267907 0.192554
0 0.624913 0.917192 0.015045 0.0266093 0.191322
0 0.0961049 0.221478 0.0126362 0.0227863 0.189565
0 0.587536 0.438417 0.018831 0.0329834 0.189476
0 0.478455 0.714185 0.0137848 0.0196886 0.189421
0 0.301536 0.125372 0.0182468 0.027509 0.189165
0 0.104895 0.914428 0.0165488 0.0337368 0.187994
0 0.690966 0.388336 0.0222534 0.0338786 0.187678
0 0.256609 0.75847 0.0165198 0.0219776 0.187052
0 0.659226 0.799015 0.0163191 0.0294244 0.186985
0 0.00958005 0.613423 0.0157986 0.0271664 0.186947
0 0.911926 0.0193388 0.0212236 0.0370915 0.18674
0 0.527919 0.71549 0.0211887 0.0396642 0.186397
0 0.574198 0.563435 0.0197323 0.032028 0.18629
0 0.510587 0.0102821 0.0188827 0.0198926 0.184349
0 0.216897 0.332904 0.0232992 0.0321309 0.182897
0 0.667108 0.0404839 0.0182064 0.0323238 0.182419
0 0.219136 0.0438238 0.0162971 0.0205228 0.182065
0 0.451279 0.468691 0.0224643 0.0449721 0.180412
0 0.226796 0.883148 0.0301417 0.0524458 0.179296
0 0.0348007 0.885082 0.0154621 0.027055 0.179178
0 0.973357 0.939549 0.019791 0.0294614 0.178371
0 0.0391311 0.559634 0.015031 0.0304165 0.178317
0 0.0438311 0.560558 0.0211965 0.0316944 0.177468
0 0.552341 0.00803325 0.0143922 0.0157871 0.177461
0 0.249629 0.587854 0.0186474 0.0206563 0.17699
0 0.434927 0.920491 0.0215354 0.0300456 0.176225
0 0.945228 0.144761 0.0202671 0.0344156 0.174848
0 0.413252 0.201642 0.0147118 0.0256966 0.174487
0 0.571965 0.559915 0.0177912 0.0270209 0.174077
0 0.787657 0.228943 0.022918 0.0299239 0.172707
0 0.379787 0.127973 0.0264706 0.053209 0.172663
0 0.248341 0.135643 0.0161932 0.0174962 0.171684
0 0.00961062 0.467477 0.0180843 0.03376 0.171228
0 0.991242 0.621957 0.0175154 0.0209287 0.168328
0 0.513858 0.64729 0.0120081 0.0223229 0.167189
0 0.940986 0.877909 0.0209085 0.0292606 0.166648
0 0.097435 0.390429 0.0182945 0.0298008 0.166544
0 0.14292 0.99097 0.0176459 0.0169262 0.165989
0 0.163539 0.312373 0.00819845 0.0253357 0.165917
0 0.0742286 0.736263 0.0157201 0.0222073 0.165887
0 0.121276 0.77369 0.0127097 0.0292562 0.165429
0 0.0804247 0.771344 0.0175605 0.0296353 0.164705
0 0.0285623 0.514772 0.00968609 0.0219814 0.164562
0 0.559189 0.511291 0.0145023 0.0218786 0.164257
0 0.617303 0.61053 0.0181332 0.03709 0.163512
0 0.719153 0.153612 0.0202529 0.0340609 0.163303
0 0.428291 0.978455 0.0253128 0.0396478 0.162182
0 0.680818 0.0295324 0.0179258 0.0306586 0.161654
0 0.63 0.345572 0.015438 0.0351937 0.16122
0 0.905603 0.274412 0.0192532 0.0341613 0.160718
0 0.211515 0.816547 0.0244562 0.0560991 0.159601
0 0.424328 0.488286 0.0242069 0.0457054 0.159549
0 0.413579 0.968741 0.0131493 0.0255859 0.157545
0 0.769706 0.958031 0.0195957 0.0422913 0.157378
0 0.859116 0.966763 0.0293892 0.0351125 0.157338
0 0.265776 0.192922 0.0143978 0.0192181 0.157074
0 0.103662 0.00675469 0.0168137 0.0135094 0.156876
0 0.193897 0.0923935 0.018269 0.022511 0.156803
0 0.367826 0.016553 0.0239155 0.0320208 0.156662
0 0.869461 0.115584 0.0153416 0.0272018 0.156422
0 0.742412 0.453164 0.0263487 0.0419191 0.15535
0 0.359698 0.0170948 0.0278947 0.032345 0.15534
0 0.0467375 0.898286 0.0166114 0.0304925 0.153322
0 0.66485 0.328246 0.0196638 0.0357487 0.151685
0 0.66638 0.220204 0.0151433 0.0237924 0.151477
0 0.879331 0.00561409 0.0168625 0.0112131 0.151319
0 0.179088 0.777851 0.024351 0.0354702 0.150001
0 0.474202 0.10271 0.0231451 0.0303121 0.148383
0 0.0814343 0.66351 0.0188623 0.0258912 0.148342
0 0.104164 0.912441 0.0228813 0.037197 0.147202
0 0.196555 0.883554 0.0198021 0.0341546 0.145647
0 0.718577 0.197448 0.0178932 0.0294017 0.144877
0 0.552937 0.481471 0.0181868 0.0259772 0.144697
0 0.997633 0.523713 0.00473366 0.0450503 0.144214
0 0.146339 0.63812 0.0179211 0.0163468 0.143748
0 0.504248 0.0595564 0.0228634 0.0498234 0.143127
0 0.450639 0.302221 0.0175837 0.028857 0.143079
0 0.0863779 0.940473 0.0127366 0.0264781 0.142759
0 0.512548 0.70642 0.0120195 0.0265818 0.142574
0 0.391484 0.468637 0.0182623 0.023792 0.142544
0 0.527159 0.230452 0.0174536 0.0315042 0.142185
0 0.261993 0.0260516 0.0166021 0.0253424 0.141862
0 0.141046 0.502171 0.0157741 0.0239135 0.14146
0 0.855377 0.661728 0.0176891 0.0314668 0.141427
0 0.625238 0.0199249 0.0186632 0.035643 0.141377
0 0.487191 0.865202 0.0305208 0.0455875 0.141328
0 0.0880729 0.149347 0.013667 0.0258757 0.141244
0 0.00549162 0.0191863 0.0105413 0.0327632 0.141227
0 0.50269 0.588386 0.0213779 0.0388187 0.141008
0 0.749973 0.937272 0.0198153 0.0302904 0.140286
0 0.610596 0.79559 0.0142031 0.0259087 0.140285
0 0.0402671 0.960042 0.0285313 0.0401021 0.140134
0 0.995979 0.860124 0.00804189 0.0315349 0.140023
0 0.0582918 0.594083 0.0133391 0.0278603 0.140017
0 0.574036 0.295795 0.014587 0.0174636 0.139378
0 0.865259 0.214102 0.0153805 0.0204174 0.138863
0 0.803619 0.991258 0.0176662 0.0169817 0.137698
0 0.0684899 0.222981 0.0188122 0.0317497 0.136891
0 0.596463 0.0458063 0.0178912 0.0340558 0.136634
0 0.6915 0.274332 0.0185186 0.0329254 0.136527
0 0.690939 0.494315 0.0222819 0.0315633 0.135562
0 0.174413 0.68453 0.0133509 0.0271489 0.135104
0 0.809968 0.173055 0.0166996 0.0241671 0.13442
0 0.430253 0.975207 0.0316025 0.0463708 0.133944
0 0.0165458 0.8389 0.0211531 0.0314504 0.133492
0 0.55251 0.0723713 0.0139824 0.0299973 0.133069
0 0.894572 0.684178 0.0174904 0.0234606 0.13251
0 0.381413 0.120214 0.0246119 0.0286041 0.131806
0 0.19414 0.674579 0.0152639 0.0260574 0.131537
0 0.377896 0.55372 0.0162047 0.0258644 0.131065
0 0.767603 0.0686786 0.0169497 0.0295925 0.130593
0 0.530974 0.404325 0.0141054 0.0215269 0.130453
0 0.188864 0.708042 0.0124371 0.0257362 0.129831
0 0.14819 0.364818 0.0152077 0.0234032 0.129803
0 0.739124 0.0164943 0.0199682 0.0295118 0.129534
0 0.314006 0.295321 0.0159002 0.022283 0.127751
0 0.247026 0.586526 0.0178866 0.0209549 0.127738
0 0.483109 0.859171 0.0298588 0.0481303 0.127581
0 0.677935 0.0281563 0.0226821 0.034414 0.127164
0 0.183791 0.250159 0.017706 0.0271773 0.126988
0 0.488471 0.461327 0.0171391 0.033277 0.126909
0 0.960349 0.0313539 0.0197361 0.0294209 0.1268
0 0.33104 0.396557 0.0161981 0.0260406 0.126696
0 0.102465 0.302541 0.0120079 0.0171281 0.126482
0 0.0768678 0.819075 0.0182439 0.037041 0.126401
0 0.205348 0.393799 0.0116516 0.0216734 0.125932
0 0.179203 0.231481 0.0196087 0.0436059 0.125909
0 0.448511 0.0833984 0.0154087 0.0270114 0.125264
0 0.540075 0.33391 0.0171091 0.0236172 0.12517
0 0.119908 0.124011 0.0212074 0.0312144 0.124396
0 0.393772 0.0602622 0.018586 0.0337722 0.122889
0 0.184809 0.88482 0.0224494 0.0371209 0.121936
0 0.186289 0.251453 0.0187234 0.0317874 0.121507
0 0.0368018 0.297879 0.0129041 0.0224402 0.121422
0 0.62369 0.347418 0.0242105 0.0375873 0.120863
0 0.336583 0.952371 0.0132602 0.0262193 0.120739
0 0.481339 0.853151 0.0249903 0.0364691 0.120559
0 0.355061 0.0859079 0.014913 0.0162732 0.11941
0 0.997176 0.916596 0.00564728 0.0319751 0.118816
0 0.31275 0.130571 0.0188344 0.0249087 0.118556
0 0.530296 0.12214 0.0226162 0.0363956 0.118449
0 0.766079 0.422394 0.0213615 0.0286463 0.118166
0 0.301645 0.034119 0.0176231 0.0347171 0.118057
0 0.612078 0.797854 0.0131699 0.0256577 0.117821
0 0.247972 0.466165 0.0187764 0.0394869 0.11695
0 0.65152 0.681522 0.0160212 0.031703 0.11675
0 0.0657562 0.141096 0.0173697 0.0276424 0.115533
0 0.292651 0.312471 0.012481 0.0309876 0.115512
0 0.0421066 0.895615 0.0205768 0.0332197 0.115375
0 0.117264 0.357022 0.0175232 0.0259594 0.115208
0 0.0356441 0.889715 0.0174291 0.0302821 0.11519
0 0.642088 0.631745 0.0202758 0.0375017 0.114718
0 0.946855 0.240215 0.0140327 0.0270949 0.112979
0 0.373016 0.0691337 0.0191008 0.0351172 0.112902
0 0.450448 0.0862872 0.016023 0.0267738 0.112831
0 0.641349 0.853607 0.0170361 0.0304555 0.112297
0 0.402164 0.318144 0.015801 0.0245424 0.11214
0 0.30234 0.922073 0.0169818 0.0339834 0.11168
0 0.375032 0.015851 0.0156157 0.0303761 0.111064
0 0.0425041 0.0289469 0.0206539 0.0174413 0.110925
0 0.815392 0.132164 0.0227225 0.036326 0.110729
0 0.0935525 0.90265 0.0130751 0.0233866 0.11058
0 0.753586 0.826149 0.0178855 0.0282259 0.110576
0 0.0751152 0.225565 0.0171127 0.0301999 0.110343
0 0.152364 0.191989 0.0161345 0.0224718 0.110129
0 0.073224 0.311708 0.0151898 0.0179638 0.109501
0 0.468016 0.101006 0.0195211 0.0282968 0.109314
0 0.663451 0.962827 0.0163113 0.0261203 0.109001
0 0.37701 0.355422 0.0210379 0.0350588 0.10848
0 0.21376 0.802374 0.0233937 0.0428443 0.108477
0 0.667333 0.0873885 0.0160752 0.028126 0.107702
0 0.949333 0.144763 0.0174644 0.033464 0.107202
0 0.867221 0.211011 0.0145632 0.0238105 0.10644
0 0.186273 0.836606 0.0181309 0.0344394 0.105636
0 0.218568 0.325002 0.0224811 0.0402644 0.105453
0 0.300028 0.0373904 0.0165241 0.0290299 0.105432
0 0.0456693 0.348017 0.0222251 0.0321535 0.105335
0 0.308923 0.129343 0.0185674 0.0246868 0.105212
0 0.0456309 0.010062 0.0239158 0.0197964 0.105105
0 0.325752 0.101885 0.0182555 0.0311939 0.105078
0 0.180513 0.239599 0.0200169 0.0341906 0.104531
0 0.66477 0.342241 0.0231873 0.0411717 0.104424
0 0.61593 0.196444 0.0170826 0.028476 0.104168
0 0.800151 0.288278 0.0174595 0.0312772 0.10412
0 0.00969344 0.96889 0.0186217 0.0325311 0.103684
0 0.461992 0.315968 0.0156801 0.0220458 0.103576
0 0.0041433 0.100164 0.00813706 0.0500602 0.103525
0 0.739995 0.861581 0.0142394 0.0293796 0.103512
0 0.571133 0.214466 0.0153395 0.0285756 0.10343
0 0.665189 0.958368 0.0198933 0.0254252 0.103012
0 0.916054 0.0757792 0.0140522 0.0333645 0.102641
0 0.0745073 0.990595 0.0157507 0.0169535 0.102416
0 0.46361 0.562157 0.0143496 0.0274945 0.101845
0 0.997281 0.0866115 0.00543804 0.0324147 0.101738
0 0.768729 0.150137 0.0189476 0.030613 0.101234
0 0.277719 0.423692 0.0242796 0.0374835 0.101222
0 0.0477434 0.00748426 0.0272912 0.0149685 0.100926
0 0.178834 0.83517 0.0174663 0.0317081 0.100374
0 0.743827 0.176288 0.0168096 0.0268693 0.100276
0 0.161956 0.31199 0.00991742 0.0245871 0.10022
