0 0.86134 0.457278 0.0179098 0.0313128 0.695342
0 0.932007 0.241697 0.0301144 0.0438496 0.690594
0 0.874033 0.595747 0.0227772 0.0481982 0.671382
0 0.964624 0.258556 0.0248514 0.0427911 0.667011
0 0.762159 0.593438 0.0267969 0.0445123 0.666402
0 0.941171 0.290438 0.0266137 0.0413723 0.664237
0 0.889598 0.491177 0.0225033 0.0452322 0.652492
0 0.772637 0.648522 0.0209379 0.0412521 0.650399
0 0.931389 0.66186 0.0180808 0.0374193 0.649244
0 0.980273 0.627804 0.0226509 0.0424835 0.645309
0 0.904578 0.285653 0.0276711 0.0464062 0.631338
0 0.902218 0.805389 0.0246002 0.0494463 0.629636
0 0.880278 0.74012 0.0205032 0.0371643 0.629535
0 0.891041 0.39688 0.0206615 0.030494 0.622069
0 0.769665 0.69457 0.01917 0.0358371 0.619886
0 0.821145 0.611808 0.0201653 0.0345413 0.611383
0 0.631524 0.764075 0.0193993 0.0347165 0.611008
0 0.945016 0.476762 0.0187202 0.0354111 0.605439
0 0.926833 0.768345 0.0148076 0.0322927 0.601298
0 0.957359 0.730732 0.015485 0.0319199 0.588142
0 0.964566 0.463681 0.0151966 0.0284385 0.58759
0 0.72438 0.939362 0.0192917 0.0370425 0.58713
0 0.714859 0.880886 0.0135206 0.0267707 0.578641
0 0.718287 0.5853 0.0142036 0.0267792 0.572918
0 0.661982 0.794783 0.0229647 0.0377482 0.571133
0 0.989615 0.0198098 0.0204873 0.0374599 0.569541
0 0.624057 0.816723 0.0211889 0.0412011 0.559482
0 0.689361 0.342353 0.0258017 0.0470585 0.557945
0 0.737068 0.57823 0.0179499 0.0265761 0.552419
0 0.849499 0.606709 0.0226292 0.0380749 0.551141
0 0.904786 0.948332 0.0197872 0.0341587 0.543457
0 0.743461 0.639053 0.0166777 0.0300908 0.54135
0 0.940735 0.418073 0.0156282 0.0256185 0.537447
0 0.944883 0.885349 0.0188927 0.0364017 0.533865
0 0.890009 0.552002 0.0228807 0.0378225 0.526831
0 0.864818 0.498257 0.0189774 0.0385189 0.526462
0 0.982277 0.541553 0.0202042 0.0356709 0.526413
0 0.929518 0.821941 0.0195505 0.0321381 0.525347
0 0.936796 0.697596 0.0159424 0.0292564 0.525066
0 0.960689 0.548927 0.00975227 0.0396159 0.524853
0 0.891511 0.216606 0.0245089 0.0395382 0.522266
0 0.856085 0.732179 0.0182678 0.031896 0.521164
0 0.613345 0.850129 0.0168453 0.0341705 0.51908
0 0.817205 0.676942 0.0166016 0.0379035 0.517981
0 0.793381 0.505575 0.015023 0.0221781 0.511982
0 0.675528 0.389647 0.0253871 0.0492457 0.510141
0 0.827673 0.438379 0.0142029 0.0236525 0.509036
0 0.915674 0.596338 0.0169491 0.0345617 0.504842
0 0.851946 0.311373 0.0174921 0.0271196 0.504401
0 0.942832 0.512581 0.0167322 0.0324063 0.499759
0 0.924106 0.417941 0.0137722 0.0237421 0.491766
0 0.82709 0.382581 0.0146507 0.0228767 0.477594
0 0.791197 0.627711 0.0139907 0.0240461 0.476749
0 0.686139 0.738569 0.0303501 0.0501489 0.473558
0 0.845012 0.424243 0.0196662 0.0334388 0.47077
0 0.842488 0.485682 0.0204411 0.0298087 0.468662
0 0.97008 0.349535 0.0186348 0.033073 0.462068
0 0.728355 0.864158 0.0150461 0.0262299 0.460032
0 0.822037 0.263641 0.0199966 0.0363444 0.45699
0 0.963659 0.219932 0.0173676 0.0189793 0.452913
0 0.974837 0.395729 0.0194859 0.0379664 0.449383
0 0.993156 0.495556 0.0136877 0.0315967 0.448905
0 0.88539 0.941511 0.0170322 0.0275635 0.443368
0 0.823748 0.729122 0.0139938 0.0261943 0.43992
0 0.691188 0.631197 0.0176962 0.0289416 0.437848
0 0.785179 0.885022 0.0150347 0.0253748 0.437172
0 0.817716 0.509112 0.0191097 0.0259258 0.43367
0 0.99304 0.195908 0.0139205 0.0319082 0.432415
0 0.696596 0.863868 0.0197402 0.0304782 0.429557
0 0.859082 0.935825 0.0182396 0.0321147 0.425002
0 0.963133 0.662873 0.0168842 0.0383308 0.424563
0 0.848182 0.52065 0.0187866 0.0258088 0.419434
0 0.786563 0.263887 0.0203262 0.0375288 0.418325
0 0.930348 0.858646 0.0202545 0.0315999 0.413781
0 0.776899 0.981254 0.0133409 0.0329138 0.411493
0 0.691874 0.531119 0.0250727 0.0422789 0.402142
0 0.717527 0.780909 0.0190939 0.0331333 0.397888
0 0.902893 0.664651 0.017662 0.0374699 0.396271
0 0.759337 0.896678 0.019018 0.0344499 0.395459
0 0.919484 0.524606 0.0266968 0.045972 0.394666
0 0.964225 0.820166 0.0134361 0.0262492 0.383537
0 0.991478 0.249808 0.017045 0.034067 0.376432
0 0.966205 0.702675 0.0129353 0.0201753 0.376045
0 0.888199 0.904961 0.0135742 0.0302486 0.374115
0 0.881805 0.241176 0.0176117 0.027258 0.372706
0 0.806476 0.570552 0.021116 0.020025 0.368445
0 0.702337 0.900673 0.0165268 0.0308007 0.367744
0 0.99224 0.842157 0.015237 0.0319139 0.367247
0 0.71803 0.310691 0.0235174 0.0425851 0.361983
0 0.739948 0.878441 0.0128262 0.0250958 0.357734
0 0.836511 0.687745 0.0155251 0.0223608 0.357091
0 0.985392 0.464116 0.0175877 0.0287252 0.348033
0 0.783506 0.194218 0.0177453 0.0329214 0.347672
0 0.854577 0.555847 0.0145976 0.0342541 0.346006
0 0.916006 0.696801 0.014658 0.0306113 0.326519
0 0.840145 0.753472 0.0148655 0.0243703 0.319667
0 0.968589 0.182918 0.015143 0.0239361 0.312216
0 0.796264 0.688483 0.0159294 0.0316769 0.30579
0 0.632454 0.42214 0.0170494 0.0330442 0.303932
0 0.778787 0.782076 0.0204156 0.0355937 0.301422
0 0.91349 0.697114 0.0194534 0.0326853 0.300042
0 0.959943 0.851781 0.017985 0.0269769 0.294461
0 0.699261 0.78928 0.01822 0.0301246 0.294189
0 0.548572 0.601634 0.0292603 0.0570511 0.293699
0 0.739414 0.398766 0.0232498 0.0393227 0.291892
0 0.839563 0.552695 0.0211769 0.0395452 0.291032
0 0.95587 0.76892 0.016737 0.0307943 0.287898
0 0.90194 0.88295 0.0118855 0.0282945 0.287599
0 0.844174 0.266946 0.0219795 0.0491186 0.285707
0 0.912623 0.595429 0.0225121 0.0363895 0.285704
0 0.746492 0.553298 0.014954 0.0244587 0.283816
0 0.746639 0.698605 0.0167387 0.0261004 0.281971
0 0.970735 0.513651 0.0145111 0.0181065 0.280772
0 0.980272 0.719848 0.017392 0.031374 0.280586
0 0.945336 0.581551 0.0242599 0.0317288 0.278445
0 0.729517 0.615512 0.0145624 0.0153146 0.275911
0 0.968907 0.394633 0.0292458 0.0400371 0.274915
0 0.892751 0.596563 0.00996043 0.0292687 0.272263
0 0.803051 0.178003 0.016189 0.0295025 0.271611
0 0.738045 0.285201 0.0223283 0.0392835 0.270434
0 0.681031 0.668654 0.0172454 0.0323704 0.26819
0 0.767317 0.532559 0.0105776 0.02323 0.267459
0 0.948376 0.812687 0.0115358 0.0294434 0.26412
0 0.844353 0.553667 0.0298807 0.0391061 0.260648
0 0.677455 0.395297 0.022487 0.0428561 0.260493
0 0.767147 0.31224 0.0315496 0.0373689 0.25964
0 0.991019 0.883746 0.0169765 0.0338989 0.25754
0 0.785317 0.574984 0.0153912 0.0291052 0.256513
0 0.916771 0.336892 0.0180337 0.0236445 0.253929
0 0.772839 0.945914 0.0147542 0.0298308 0.251416
0 0.755366 0.865377 0.0160041 0.0226868 0.248915
0 0.800887 0.604897 0.0114994 0.0284183 0.246977
0 0.917177 0.69359 0.0131218 0.0322437 0.246212
0 0.957484 0.850207 0.0188452 0.027379 0.245268
0 0.822038 0.513367 0.0216892 0.0245483 0.239668
0 0.91451 0.882859 0.0135738 0.0273648 0.236665
0 0.646937 0.369676 0.0224312 0.0399193 0.235553
0 0.927936 0.721265 0.010165 0.0199337 0.235276
0 0.721201 0.52019 0.0263508 0.0617785 0.23348
0 0.553146 0.347789 0.028945 0.0570255 0.233188
0 0.724108 0.647737 0.0145939 0.0250388 0.231069
0 0.744769 0.504268 0.0147402 0.0212784 0.228968
0 0.868133 0.711827 0.0170235 0.0228951 0.222744
0 0.642128 0.681294 0.0159608 0.0275401 0.222272
0 0.777552 0.911754 0.0114735 0.0272098 0.21527
0 0.74817 0.246581 0.0261015 0.0400127 0.214368
0 0.862973 0.639344 0.017111 0.0254812 0.209556
0 0.951869 0.200741 0.0161644 0.0232161 0.208749
0 0.668783 0.963167 0.0193764 0.0308521 0.206858
0 0.844478 0.274611 0.020649 0.0344952 0.20614
0 0.754852 0.661125 0.0125378 0.0292946 0.204673
0 0.946542 0.552188 0.0158699 0.0269094 0.201377
0 0.669282 0.629146 0.0153181 0.0242172 0.199269
0 0.950547 0.813531 0.00961304 0.0309367 0.198155
0 0.857521 0.86943 0.0173153 0.028245 0.196621
0 0.550374 0.54782 0.0258391 0.0482354 0.194559
0 0.675032 0.930994 0.0145525 0.0297553 0.192432
0 0.885264 0.90349 0.016917 0.0333306 0.191843
0 0.753 0.661766 0.0128174 0.0259401 0.190557
0 0.950601 0.550303 0.0229372 0.0331506 0.187102
0 0.61101 0.456967 0.0177631 0.0368573 0.187063
0 0.875298 0.676382 0.0125465 0.029039 0.183936
0 0.840725 0.717638 0.0131138 0.021106 0.179319
0 0.987492 0.880665 0.0162533 0.0314857 0.177712
0 0.721154 0.649808 0.0180439 0.0296252 0.176272
0 0.67083 0.319488 0.0140457 0.028698 0.174947
0 0.809803 0.631478 0.01339 0.0184518 0.173696
0 0.893502 0.595045 0.012714 0.0330214 0.169939
0 0.661634 0.426369 0.0188839 0.0365134 0.169555
0 0.792337 0.619731 0.0197132 0.0330306 0.1691
0 0.755555 0.270614 0.0145611 0.0275801 0.165969
0 0.672256 0.48496 0.021751 0.0285864 0.165002
0 0.768084 0.196541 0.0151434 0.0288531 0.163213
0 0.858666 0.676809 0.0154044 0.0274021 0.162035
0 0.75019 0.255532 0.0218277 0.0310002 0.159111
0 0.967557 0.595397 0.00973854 0.0230363 0.157794
0 0.994687 0.884916 0.0106268 0.0339528 0.156397
0 0.968374 0.704125 0.0111248 0.0211229 0.155781
0 0.950445 0.669325 0.0182573 0.0357367 0.152389
0 0.715582 0.651721 0.0148245 0.0265388 0.151459
0 0.883045 0.652716 0.0174739 0.0282508 0.150642
0 0.652559 0.361244 0.0210506 0.0435896 0.150346
0 0.754213 0.265904 0.0183475 0.0325227 0.148895
0 0.675819 0.626542 0.0133087 0.0239822 0.148249
0 0.797998 0.74027 0.0175274 0.0283417 0.14769
0 0.878096 0.897582 0.0226101 0.0367001 0.147401
0 0.679473 0.827362 0.0150894 0.0304595 0.145992
0 0.970431 0.510203 0.015185 0.0195262 0.1435
0 0.7849 0.47353 0.0158784 0.0208616 0.142537
0 0.799165 0.606653 0.0127449 0.0295865 0.14233
0 0.784725 0.824583 0.0168724 0.0235877 0.140905
0 0.774752 0.231411 0.0178658 0.0363041 0.140229
0 0.989183 0.76057 0.0211365 0.0349959 0.13969
0 0.791843 0.62606 0.0185781 0.0264967 0.1357
0 0.622693 0.606473 0.0192602 0.0295957 0.135532
0 0.859509 0.866986 0.0149334 0.0311886 0.133838
0 0.774341 0.312958 0.018931 0.0351779 0.133616
0 0.765038 0.980642 0.0105667 0.0327159 0.132068
0 0.691301 0.86819 0.0209389 0.0286197 0.129305
0 0.838957 0.687754 0.0143593 0.0238644 0.128119
0 0.940301 0.376534 0.0135164 0.0158105 0.127456
0 0.954034 0.204208 0.0153027 0.0256093 0.126509
0 0.649941 0.365598 0.0239553 0.0450735 0.125497
0 0.980741 0.919691 0.0167 0.0279521 0.125151
0 0.834249 0.68563 0.0164439 0.0271346 0.124842
0 0.881013 0.900054 0.0231077 0.0367218 0.124001
0 0.646634 0.566366 0.0146864 0.031992 0.123
0 0.958069 0.214815 0.0187431 0.0215609 0.122529
0 0.616369 0.629567 0.0179573 0.0355129 0.122189
0 0.888709 0.224722 0.0262264 0.0435882 0.120729
0 0.677457 0.669532 0.0209038 0.0411299 0.11994
0 0.722448 0.529581 0.0238774 0.0486308 0.116851
0 0.883662 0.780339 0.00929604 0.0271869 0.116242
0 0.843868 0.258201 0.0224461 0.045397 0.114024
0 0.688704 0.990551 0.0198072 0.0179172 0.113832
0 0.86538 0.640604 0.0120888 0.0257608 0.11279
0 0.977484 0.300707 0.0212852 0.0300348 0.11232
0 0.718841 0.649962 0.0177139 0.0260779 0.112115
0 0.71456 0.783595 0.0196645 0.0322239 0.111602
0 0.874637 0.360466 0.0156227 0.0153388 0.111486
0 0.678876 0.608294 0.0202183 0.030516 0.111231
0 0.628547 0.385953 0.0168766 0.0356049 0.108098
0 0.667666 0.670993 0.0318395 0.0440353 0.107567
0 0.995415 0.431953 0.0091692 0.0341124 0.105813
0 0.80562 0.459498 0.0121978 0.0252074 0.104055
0 0.618057 0.623765 0.0211107 0.0468514 0.103925
0 0.856217 0.873897 0.0188225 0.0308803 0.103207
0 0.876929 0.667534 0.0132908 0.0401317 0.102631
0 0.60721 0.495407 0.0169725 0.030154 0.102058
0 0.611524 0.588332 0.0135235 0.0236908 0.102053
0 0.86278 0.0664008 0.0231117 0.0419971 0.101012
