0 0.873882 0.0875584 0.0285439 0.0423666 0.697423
0 0.918386 0.0524842 0.0250809 0.0361061 0.696996
0 0.301654 0.703211 0.0292702 0.0468023 0.691768
0 0.263197 0.722979 0.0258236 0.0434187 0.683918
0 0.95444 0.0551178 0.0221138 0.0309216 0.681219
0 0.914111 0.277454 0.0259125 0.0383241 0.679856
0 0.667454 0.072143 0.0291036 0.0482115 0.678852
0 0.889122 0.768943 0.0235455 0.0463847 0.673857
0 0.261468 0.613536 0.0320544 0.0553726 0.666415
0 0.453352 0.186168 0.0303123 0.0623329 0.655073
0 0.468595 0.390172 0.0229176 0.0365414 0.653711
0 0.292328 0.765039 0.0248318 0.0336815 0.65236
0 0.950486 0.261928 0.0331333 0.0445966 0.650793
0 0.0334911 0.567764 0.0256522 0.0420927 0.648411
0 0.942007 0.698937 0.0229151 0.0367469 0.647387
0 0.484619 0.0903949 0.0238755 0.0404666 0.643997
0 0.558653 0.918071 0.0263218 0.038513 0.640698
0 0.875636 0.213315 0.022303 0.0340906 0.636331
0 0.765622 0.076426 0.0285227 0.0441739 0.636041
0 0.561375 0.0136815 0.0222848 0.027363 0.633803
0 0.27197 0.839085 0.0260106 0.0403297 0.631683
0 0.87443 0.585004 0.0312143 0.0462698 0.629882
0 0.761657 0.651417 0.021435 0.0336899 0.627239
0 0.546038 0.440682 0.0265381 0.0394297 0.627232
0 0.494603 0.404035 0.0216999 0.0332965 0.626663
0 0.956435 0.090539 0.0205533 0.0302765 0.625375
0 0.0545495 0.79038 0.0186911 0.0336836 0.623934
0 0.3873 0.800428 0.019258 0.028814 0.622251
0 0.271878 0.648562 0.0205543 0.0315614 0.621253
0 0.300379 0.0124947 0.0225884 0.0249894 0.620932
0 0.167139 0.546688 0.0201649 0.0432524 0.620134
0 0.790069 0.604707 0.0331415 0.0476532 0.619349
0 0.790043 0.847639 0.0251758 0.0429942 0.619118
0 0.352864 0.154945 0.0145837 0.027392 0.617981
0 0.847447 0.231548 0.0247738 0.0332149 0.617142
0 0.693172 0.0527372 0.0229103 0.033749 0.615107
0 0.0555591 0.756174 0.0197459 0.031672 0.614953
0 0.978515 0.0744758 0.0227058 0.0343345 0.611535
0 0.554665 0.336065 0.0327904 0.0449885 0.610907
0 0.33191 0.563438 0.0319818 0.0530008 0.609707
0 0.735642 0.770272 0.0211595 0.0338774 0.609358
0 0.382093 0.196937 0.0180944 0.0328803 0.60799
0 0.516582 0.850964 0.0156513 0.0351498 0.605281
0 0.528571 0.759688 0.0210028 0.0415532 0.605211
0 0.116526 0.720458 0.0250801 0.0441019 0.599712
0 0.632958 0.323098 0.023792 0.0379172 0.59793
0 0.12449 0.15507 0.0194584 0.0299353 0.597719
0 0.142526 0.728668 0.0210395 0.0364288 0.593782
0 0.0763225 0.803947 0.0196815 0.0319392 0.586883
0 0.0435122 0.339423 0.0215648 0.0382819 0.585778
0 0.542528 0.716846 0.0202186 0.0362002 0.583654
0 0.991593 0.573565 0.0168142 0.035215 0.58341
0 0.93415 0.46911 0.021265 0.0297878 0.582554
0 0.611837 0.0329097 0.0222565 0.043005 0.582001
0 0.0611547 0.591093 0.0202412 0.0321957 0.580325
0 0.855002 0.827438 0.0234043 0.0462604 0.576522
0 0.143238 0.688683 0.0198471 0.0333511 0.571172
0 0.340037 0.225868 0.0210753 0.0466728 0.568555
0 0.316058 0.0682384 0.0237002 0.0554756 0.568553
0 0.696541 0.962042 0.0237563 0.0431356 0.566785
0 0.633784 0.551436 0.0272579 0.0444963 0.560101
0 0.0189685 0.328725 0.020144 0.0355301 0.559326
0 0.103887 0.138872 0.0168218 0.028391 0.557942
0 0.868625 0.0348949 0.0247795 0.0443318 0.557291
0 0.984202 0.0176796 0.0209217 0.0318693 0.553423
0 0.332296 0.719994 0.0257811 0.0392163 0.54364
0 0.415487 0.581126 0.0269201 0.0486871 0.543597
0 0.168789 0.903037 0.0306853 0.0467177 0.542678
0 0.180316 0.0318083 0.0185039 0.0342284 0.538372
0 0.191438 0.66118 0.0260784 0.049882 0.533627
0 0.190285 0.834933 0.0309838 0.0457357 0.533354
0 0.151686 0.0148825 0.020186 0.0297651 0.533146
0 0.722529 0.0715314 0.0243388 0.0433728 0.531943
0 0.598899 0.986093 0.0200226 0.0269313 0.530824
0 0.947066 0.301568 0.0202372 0.0269943 0.528944
0 0.745399 0.852068 0.0172233 0.0301541 0.527113
0 0.00641507 0.018972 0.0128301 0.0248748 0.526774
0 0.400296 0.66226 0.0162716 0.0307883 0.525402
0 0.457937 0.608423 0.024065 0.0431902 0.524416
0 0.88059 0.817588 0.0159101 0.0298462 0.524218
0 0.866988 0.793099 0.0199682 0.0381958 0.518995
0 0.822916 0.149468 0.0187748 0.0284052 0.51553
0 0.215156 0.0288917 0.0198056 0.0292293 0.514752
0 0.0153741 0.615226 0.0171599 0.0317423 0.513727
0 0.52109 0.803267 0.0289515 0.0380724 0.512877
0 0.583996 0.80723 0.0205799 0.0451745 0.511899
0 0.331271 0.151649 0.0171741 0.0274074 0.510272
0 0.344543 0.929951 0.0364031 0.0663551 0.509551
0 0.942929 0.975687 0.0263992 0.0468116 0.5087
0 0.106821 0.619369 0.0356588 0.0475399 0.508506
0 0.670143 0.631611 0.0279057 0.0455323 0.508123
0 0.130226 0.519936 0.0156265 0.0272459 0.507925
0 0.85365 0.19817 0.0186272 0.0301484 0.506714
0 0.872191 0.549243 0.0206843 0.0298243 0.505984
0 0.561953 0.843073 0.0259929 0.0515798 0.503437
0 0.175371 0.496719 0.0204799 0.0401952 0.500396
0 0.845487 0.585499 0.0165321 0.0279783 0.499469
0 0.356506 0.458902 0.0174184 0.0284257 0.49644
0 0.233682 0.110183 0.0192128 0.026511 0.495111
0 0.131417 0.0373725 0.0146546 0.0316808 0.493574
0 0.213311 0.225147 0.0140951 0.0211313 0.488786
0 0.430036 0.722372 0.0157969 0.0238271 0.488718
0 0.22159 0.729079 0.0212189 0.0325049 0.488514
0 0.644007 0.937933 0.0192371 0.0321469 0.48171
0 0.0772855 0.766231 0.0216394 0.0359802 0.481608
0 0.741903 0.264017 0.0208588 0.03358 0.479785
0 0.277588 0.914345 0.0254951 0.0482963 0.477168
0 0.320161 0.792305 0.0271897 0.0508965 0.474672
0 0.978073 0.986196 0.023207 0.0271136 0.474232
0 0.140122 0.451217 0.0233109 0.0394215 0.473451
0 0.539874 0.886196 0.0228445 0.0271776 0.473203
0 0.0118041 0.447184 0.0235675 0.0614848 0.471911
0 0.358266 0.286388 0.0163643 0.0278619 0.4684
0 0.152611 0.827635 0.0159806 0.0309892 0.468247
0 0.977683 0.105937 0.0185911 0.0272307 0.467856
0 0.729382 0.633412 0.0283661 0.0408463 0.467581
0 0.958367 0.0141593 0.01861 0.0279723 0.465315
0 0.374288 0.564716 0.0401309 0.0588266 0.460986
0 0.161355 0.0448308 0.0174178 0.0313216 0.460983
0 0.223041 0.603381 0.0316749 0.051126 0.460054
0 0.064822 0.212467 0.0196127 0.0322251 0.45905
0 0.149026 0.417706 0.0242354 0.0333508 0.45879
0 0.591904 0.266343 0.0227034 0.0318012 0.456481
0 0.852046 0.88102 0.0138109 0.0222684 0.454395
0 0.986861 0.276005 0.025947 0.0430815 0.454025
0 0.968641 0.144602 0.0159109 0.0323953 0.446828
0 0.656103 0.977116 0.0256481 0.0434441 0.444618
0 0.518262 0.656323 0.0186368 0.0332071 0.440689
0 0.412352 0.38463 0.0145046 0.0268016 0.436875
0 0.337582 0.302052 0.0151955 0.0282042 0.435883
0 0.788115 0.786613 0.0221374 0.0408534 0.435299
0 0.310745 0.601976 0.0185682 0.0341592 0.435282
0 0.57312 0.980801 0.0202126 0.0331597 0.432463
0 0.492493 0.809159 0.019355 0.0282878 0.425098
0 0.373587 0.240693 0.0124818 0.0273911 0.423551
0 0.0133107 0.180652 0.0265051 0.0367193 0.417174
0 0.381167 0.575552 0.0259851 0.0433061 0.405878
0 0.112868 0.36315 0.0175009 0.0300507 0.405232
0 0.433337 0.667897 0.0207174 0.04019 0.404548
0 0.0366894 0.763817 0.0177572 0.0295281 0.402826
0 0.737325 0.0892264 0.0198114 0.0318695 0.402732
0 0.411588 0.642715 0.0149364 0.0271436 0.391183
0 0.978204 0.176661 0.0218894 0.034204 0.387586
0 0.344747 0.061861 0.0258439 0.063709 0.385282
0 0.32909 0.120876 0.0156125 0.0277694 0.38493
0 0.391876 0.237803 0.0169384 0.0288229 0.380397
0 0.686114 0.106676 0.0221002 0.0325389 0.379363
0 0.282578 0.0742856 0.0164035 0.0321672 0.378809
0 0.830439 0.782431 0.0267811 0.0462108 0.371631
0 0.726494 0.0738509 0.0302461 0.0472724 0.36836
0 0.16693 0.441523 0.0150543 0.0300433 0.365719
0 0.509838 0.698001 0.0220421 0.0347344 0.36499
0 0.707284 0.641506 0.0189187 0.0316372 0.364578
0 0.0626073 0.445746 0.0184823 0.0344786 0.363803
0 0.364487 0.174272 0.0126705 0.0247504 0.363096
0 0.968508 0.415126 0.0232156 0.0328356 0.360627
0 0.4122 0.0105527 0.0306286 0.0211053 0.354437
0 0.247399 0.859245 0.0241184 0.0500029 0.354361
0 0.0561 0.411989 0.0155613 0.0224636 0.354062
0 0.196376 0.746071 0.0227276 0.036379 0.348878
0 0.614525 0.948325 0.0230162 0.0402076 0.348686
0 0.722204 0.911236 0.0193656 0.0305745 0.346847
0 0.167539 0.0786792 0.0191567 0.0332853 0.346559
0 0.437642 0.599692 0.0143111 0.0329866 0.345985
0 0.394935 0.0580161 0.0235163 0.0483518 0.344719
0 0.99239 0.305982 0.015221 0.0342386 0.344429
0 0.393434 0.163676 0.0170177 0.0318914 0.341086
0 0.427314 0.182533 0.0245332 0.0473309 0.33996
0 0.345995 0.768663 0.0178801 0.0252613 0.339776
0 0.701567 0.640615 0.02817 0.0353607 0.337538
0 0.360331 0.355504 0.0177986 0.0343241 0.321574
0 0.231549 0.0662646 0.0230025 0.0475129 0.311363
0 0.365345 0.206746 0.013771 0.021042 0.304886
0 0.390346 0.382515 0.0205348 0.0343447 0.303266
0 0.450809 0.0853827 0.019644 0.0326314 0.291805
0 0.340764 0.178546 0.0140112 0.0245145 0.290464
0 0.194274 0.0398812 0.0138156 0.0279347 0.289019
0 0.0885874 0.695205 0.0213988 0.036091 0.288592
0 0.799778 0.656345 0.0181622 0.0202604 0.286319
0 0.0779579 0.523599 0.0164435 0.0299347 0.283214
0 0.182905 0.601343 0.0279327 0.0516587 0.278019
0 0.987269 0.348131 0.0253016 0.0353543 0.276989
0 0.115912 0.452184 0.0137959 0.0265561 0.276903
0 0.233943 0.144246 0.0172103 0.0297372 0.276258
0 0.874436 0.90441 0.0209759 0.0325404 0.275672
0 0.403038 0.331046 0.0222817 0.0439731 0.275444
0 0.865221 0.861026 0.0143852 0.0236213 0.272955
0 0.0794332 0.473083 0.0121781 0.0235417 0.272505
0 0.192337 0.224532 0.0193854 0.0317719 0.270214
0 0.991085 0.151008 0.0178308 0.0449855 0.268868
0 0.440589 0.142852 0.0222728 0.0349721 0.261011
0 0.454855 0.987598 0.014835 0.0231886 0.259007
0 0.987092 0.284983 0.0258155 0.0597905 0.253282
0 0.48742 0.72821 0.0189749 0.0316828 0.252747
0 0.379348 0.35352 0.0170762 0.0331981 0.250331
0 0.993066 0.681383 0.0138428 0.0210966 0.248175
0 0.677286 0.977123 0.0199334 0.0431024 0.245943
0 0.160879 0.718574 0.0150952 0.0289317 0.242997
0 0.818717 0.600677 0.0187752 0.0326863 0.240911
0 0.429907 0.722396 0.0184616 0.0293477 0.240418
0 0.269585 0.0120376 0.0167323 0.0233418 0.23872
0 0.537517 0.860275 0.0204954 0.0254642 0.233381
0 0.0574532 0.72379 0.0211361 0.0327037 0.231107
0 0.974125 0.686409 0.0180237 0.0250371 0.230061
0 0.817914 0.671254 0.0198032 0.031573 0.226829
0 0.820849 0.636137 0.0149153 0.0207762 0.222128
0 0.429406 0.372122 0.018091 0.0359658 0.218854
0 0.137238 0.846651 0.017765 0.031773 0.215851
0 0.800922 0.14483 0.018692 0.0294127 0.215542
0 0.354519 0.320471 0.0151844 0.0252701 0.215063
0 0.311237 0.168651 0.0162868 0.038028 0.21434
0 0.211867 0.424048 0.0287609 0.0401637 0.214109
0 0.0341921 0.467291 0.0209879 0.0355631 0.211771
0 0.974493 0.811313 0.0169144 0.0283117 0.210956
0 0.354304 0.158966 0.0135024 0.0242137 0.209232
0 0.716085 0.561829 0.0200579 0.0289414 0.208051
0 0.631451 0.0488705 0.0190922 0.0312245 0.207874
0 0.0240062 0.0223504 0.0146441 0.0217517 0.205554
0 0.276723 0.154275 0.0130219 0.0211866 0.205388
0 0.68597 0.541906 0.0180457 0.0311048 0.20525
0 0.173632 0.87074 0.0224398 0.0361013 0.205177
0 0.83634 0.91544 0.0214703 0.0361971 0.204295
0 0.139161 0.845369 0.0140752 0.027044 0.20283
0 0.298427 0.0563909 0.0138478 0.033561 0.202573
0 0.06912 0.348058 0.0271771 0.0521745 0.200643
0 0.133093 0.57739 0.0202139 0.0326634 0.199966
0 0.298908 0.814874 0.0202523 0.0375166 0.197793
0 0.496418 0.7523 0.015682 0.026473 0.197429
0 0.115089 0.408165 0.0140197 0.0261966 0.197294
0 0.379469 0.345079 0.0190035 0.0364547 0.19452
0 0.921347 0.990617 0.0187641 0.0187657 0.194171
0 0.643792 0.452846 0.0257837 0.0362384 0.192847
0 0.385831 0.621309 0.0186835 0.0301631 0.189853
0 0.0578168 0.0369707 0.0132773 0.0210434 0.189761
0 0.856394 0.614951 0.0188806 0.0226571 0.189723
0 0.412645 0.0211122 0.0260806 0.0380871 0.18797
0 0.195486 0.0424815 0.0122528 0.0273618 0.187331
0 0.125155 0.486464 0.0152681 0.0260462 0.186394
0 0.212242 0.114174 0.0156218 0.0297265 0.185014
0 0.788659 0.989713 0.0212235 0.0204495 0.177271
0 0.404698 0.209559 0.0156872 0.0279461 0.171165
0 0.382974 0.623572 0.0217196 0.0413952 0.165567
0 0.23421 0.069156 0.0204548 0.0405878 0.163131
0 0.585401 0.81333 0.0215091 0.0376273 0.162613
0 0.0169309 0.72983 0.0272158 0.0402677 0.160803
0 0.341539 0.725979 0.0299184 0.0333037 0.160416
0 0.997239 0.741042 0.00552197 0.0257456 0.159573
0 0.838882 0.829668 0.0141328 0.0264713 0.157723
0 0.318242 0.316304 0.0242315 0.0387666 0.154583
0 0.180057 0.414027 0.0215327 0.033035 0.153984
0 0.238273 0.801797 0.0265496 0.0401852 0.153974
0 0.336963 0.268683 0.0187136 0.0275936 0.151945
0 0.411654 0.156422 0.0151581 0.0253967 0.150997
0 0.430009 0.969606 0.0188489 0.0377522 0.147399
0 0.338819 0.615891 0.0324834 0.0353855 0.147293
0 0.0865231 0.419747 0.020639 0.0296555 0.14673
0 0.41423 0.130073 0.0173016 0.0263914 0.146469
0 0.381932 0.586562 0.0222679 0.0225272 0.145971
0 0.401372 0.956852 0.0179181 0.0380563 0.145788
0 0.0570574 0.0373114 0.0155658 0.0266379 0.14371
0 0.393559 0.241869 0.0168757 0.0296304 0.142446
0 0.478947 0.325801 0.0206223 0.0385281 0.141121
0 0.189609 0.0355276 0.0161597 0.0333682 0.140045
0 0.796398 0.651942 0.022596 0.026378 0.139554
0 0.43682 0.308088 0.0173575 0.0292087 0.137267
0 0.733496 0.878086 0.0132787 0.0248064 0.137064
0 0.454937 0.901615 0.0169188 0.0266832 0.136926
0 0.192503 0.038092 0.0139569 0.0319274 0.13571
0 0.88046 0.946485 0.0243954 0.0462645 0.132538
0 0.99308 0.153617 0.0138407 0.0437107 0.130975
0 0.424452 0.975693 0.0293459 0.0456845 0.130309
0 0.490656 0.68932 0.022723 0.0365181 0.130293
0 0.978297 0.0986789 0.0228588 0.041373 0.129117
0 0.169134 0.439583 0.0158346 0.0313331 0.127334
0 0.380405 0.628159 0.0258697 0.0505194 0.127297
0 0.189947 0.081203 0.0214145 0.0345266 0.126985
0 0.349112 0.727671 0.0193861 0.0337548 0.123755
0 0.419364 0.287104 0.0163078 0.0326862 0.123737
0 0.122655 0.486819 0.0136085 0.0273968 0.123718
0 0.236543 0.671344 0.0272001 0.0404259 0.123581
0 0.146599 0.0498479 0.00922322 0.0288181 0.122781
0 0.360298 0.288635 0.0163651 0.0259349 0.122712
0 0.388296 0.378593 0.0221373 0.0375476 0.122597
0 0.514905 0.801673 0.0193341 0.0324578 0.122419
0 0.344546 0.174967 0.00864601 0.0231232 0.119568
0 0.948228 0.1546 0.0206924 0.0341402 0.119356
0 0.338905 0.298193 0.0148974 0.0297165 0.118925
0 0.186192 0.0349038 0.0213731 0.0361333 0.117831
0 0.427868 0.377301 0.0176428 0.0359114 0.11764
0 0.448428 0.38502 0.0126493 0.0276772 0.114976
0 0.0475835 0.441704 0.0171137 0.0315676 0.114761
0 0.735971 0.085039 0.0228879 0.0434703 0.113829
0 0.208564 0.181937 0.0103782 0.0192057 0.112972
0 0.412419 0.0307521 0.021221 0.031933 0.110775
0 0.146042 0.535956 0.0101924 0.0201465 0.109455
0 0.891707 0.122193 0.0197588 0.0321853 0.109036
0 0.0946772 0.465206 0.013419 0.0287226 0.108715
0 0.130699 0.0313027 0.0157376 0.0321825 0.108357
0 0.385575 0.283913 0.015472 0.0268273 0.108317
0 0.381864 0.0361718 0.0155175 0.0261484 0.106371
0 0.615235 0.466336 0.0288929 0.0529039 0.105693
0 0.270407 0.0431657 0.0208409 0.036104 0.103926
0 0.354352 0.259261 0.0139453 0.0205243 0.103132
0 0.380331 0.106385 0.0164379 0.0299139 0.102966
0 0.463537 0.307246 0.018397 0.0351034 0.101982
0 0.144236 0.151442 0.0146736 0.0209001 0.101868
0 0.0594919 0.44564 0.0233865 0.0366308 0.101465
0 0.151938 0.506254 0.0145285 0.0274515 0.100243
