0 0.572019 0.103526 0.0241236 0.0452765 0.696822
0 0.987198 0.489622 0.0255741 0.0376514 0.686284
0 0.863114 0.955838 0.030397 0.0477763 0.684745
0 0.535682 0.173317 0.0304695 0.0496954 0.681793
0 0.970183 0.0274886 0.0279671 0.0477199 0.678591
0 0.666652 0.741962 0.0231992 0.0427504 0.677998
0 0.80809 0.778703 0.0246412 0.0371675 0.674003
0 0.941449 0.184071 0.0280123 0.0424525 0.66938
0 0.900891 0.981446 0.0241329 0.0363997 0.663983
0 0.0589517 0.522012 0.0219169 0.0410904 0.663662
0 0.518584 0.465981 0.020265 0.032933 0.660904
0 0.497396 0.362537 0.0210024 0.0398087 0.66087
0 0.824353 0.106693 0.0283699 0.0517545 0.659102
0 0.871198 0.372279 0.0237936 0.0392504 0.654144
0 0.669609 0.936065 0.025404 0.0493061 0.652965
0 0.348983 0.692344 0.0197878 0.0375163 0.652431
0 0.754418 0.109509 0.0305786 0.044923 0.651842
0 0.607428 0.436317 0.0228567 0.0383067 0.651617
0 0.142326 0.0483766 0.0217019 0.0412081 0.651473
0 0.955586 0.921294 0.0197681 0.0357605 0.648463
0 0.726851 0.542171 0.0241166 0.0450269 0.647239
0 0.0533747 0.361436 0.02462 0.0462887 0.647165
0 0.137605 0.269797 0.0236733 0.0372594 0.645788
0 0.22627 0.118217 0.0202117 0.0347479 0.64479
0 0.721754 0.0825968 0.0230897 0.0452493 0.644735
0 0.464476 0.30196 0.0154513 0.0320724 0.643587
0 0.240718 0.502228 0.019673 0.0305563 0.642303
0 0.955634 0.983304 0.0181919 0.0301276 0.641428
0 0.957869 0.246178 0.0305197 0.0457483 0.64103
0 0.299144 0.22179 0.0165402 0.0351927 0.638964
0 0.304105 0.907437 0.0252852 0.0395338 0.637298
0 0.0520206 0.419394 0.0196564 0.0369649 0.636945
0 0.238446 0.160967 0.0205352 0.0357788 0.636573
0 0.978688 0.21075 0.01943 0.0321695 0.634466
0 0.993026 0.0306974 0.0139481 0.0465117 0.633963
0 0.231768 0.541752 0.0139709 0.0305431 0.63246
0 0.253224 0.218387 0.0209589 0.0364596 0.632097
0 0.56422 0.32732 0.0201412 0.0381651 0.631667
0 0.970696 0.72383 0.0260532 0.0472955 0.631148
0 0.729844 0.262713 0.0184022 0.0282059 0.631129
0 0.566322 0.375127 0.0185378 0.0368724 0.631026
0 0.750505 0.771262 0.0208614 0.0406199 0.630644
0 0.269331 0.109735 0.0202728 0.0387708 0.630104
0 0.686452 0.222735 0.025309 0.0366582 0.629987
0 0.623992 0.892428 0.0208126 0.0447742 0.629452
0 0.625053 0.825185 0.0150616 0.0306924 0.628459
0 0.769204 0.823504 0.019739 0.0333628 0.628137
0 0.440249 0.556286 0.017421 0.0306594 0.627699
0 0.390303 0.781283 0.0190751 0.0353953 0.62684
0 0.417575 0.356677 0.0199192 0.0441803 0.626735
0 0.489519 0.315967 0.0214026 0.0381907 0.626623
0 0.437882 0.247354 0.01612 0.0302999 0.625125
0 0.417709 0.0627945 0.0149479 0.0314872 0.624851
0 0.398738 0.424627 0.019431 0.0362046 0.623925
0 0.557651 0.0610328 0.0158159 0.0312964 0.623757
0 0.751049 0.538226 0.0168743 0.031474 0.623348
0 0.704411 0.563002 0.0179939 0.0315369 0.623322
0 0.335402 0.53178 0.0138294 0.0267461 0.622646
0 0.955329 0.512664 0.0204968 0.0456579 0.621481
0 0.753411 0.577518 0.0184614 0.0304286 0.62119
0 0.30056 0.970317 0.0185874 0.0377801 0.620247
0 0.946446 0.648737 0.0193104 0.0355223 0.619618
0 0.517734 0.515592 0.0195057 0.0382629 0.619217
0 0.722209 0.906139 0.017264 0.0350187 0.619007
0 0.844182 0.401841 0.0213169 0.0322298 0.616697
0 0.993076 0.39197 0.0138482 0.0339416 0.616551
0 0.730678 0.802967 0.0189976 0.0404382 0.616452
0 0.721803 0.384221 0.0183292 0.0306958 0.616223
0 0.426076 0.623045 0.0163643 0.0285902 0.615647
0 0.0326933 0.245245 0.0151735 0.0367943 0.61544
0 0.543811 0.274157 0.0193481 0.0340196 0.614509
0 0.604775 0.66399 0.0159931 0.0298086 0.613993
0 0.676839 0.861933 0.017446 0.0331431 0.61369
0 0.281892 0.932672 0.0179221 0.0357357 0.613214
0 0.0913296 0.560765 0.0208188 0.0359733 0.612491
0 0.452037 0.138658 0.0150696 0.0287937 0.611675
0 0.282335 0.645772 0.023016 0.0393907 0.610923
0 0.554134 0.706055 0.0186472 0.0307739 0.610555
0 0.00734603 0.0909179 0.0143057 0.0299768 0.610034
0 0.214847 0.427491 0.0266957 0.0482354 0.609769
0 0.219526 0.857148 0.0147107 0.0300665 0.609574
0 0.952619 0.130024 0.0256718 0.0406036 0.609022
0 0.801794 0.284309 0.0156866 0.0320929 0.608028
0 0.822783 0.711905 0.0174515 0.0313663 0.607875
0 0.962431 0.813484 0.0182056 0.0316494 0.606813
0 0.81623 0.923374 0.0222355 0.0330549 0.606073
0 0.0711512 0.179867 0.0206134 0.0405139 0.605071
0 0.286254 0.184604 0.0133528 0.0277133 0.604771
0 0.245838 0.891826 0.0164452 0.0333141 0.604602
0 0.396594 0.0676471 0.0174892 0.0360459 0.604544
0 0.509288 0.0831563 0.0256666 0.0413008 0.60368
0 0.389252 0.869749 0.0126254 0.0294794 0.602953
0 0.301769 0.281662 0.0179397 0.0372099 0.602816
0 0.932416 0.915885 0.0143471 0.0292721 0.60168
0 0.976992 0.90642 0.0204716 0.0351813 0.60136
0 0.287797 0.35267 0.0127458 0.0248713 0.600221
0 0.375883 0.221308 0.014719 0.0329324 0.597947
0 0.416279 0.890818 0.0166671 0.0277006 0.597917
0 0.30415 0.467785 0.0250203 0.0428182 0.597259
0 0.754325 0.295664 0.0174356 0.0278322 0.596999
0 0.598272 0.390755 0.0169664 0.0307715 0.596103
0 0.196955 0.510823 0.018685 0.0404704 0.595433
0 0.596583 0.313857 0.0162239 0.0306959 0.593823
0 0.710995 0.4243 0.0188402 0.0324485 0.593457
0 0.111183 0.424395 0.0192262 0.03533 0.593275
0 0.166729 0.0184795 0.0238115 0.0366544 0.59314
0 0.361967 0.922062 0.0192587 0.0358439 0.591808
0 0.642886 0.186021 0.0211527 0.0467782 0.591399
0 0.492334 0.140012 0.0197405 0.0313313 0.591277
0 0.14439 0.198286 0.0143192 0.0273297 0.591116
0 0.164073 0.202531 0.0188741 0.0390121 0.590198
0 0.438159 0.432258 0.0167526 0.0299428 0.58968
0 0.352935 0.388974 0.0209745 0.0395967 0.589369
0 0.0517948 0.255339 0.0158633 0.0425017 0.589169
0 0.355707 0.215164 0.0187671 0.0313438 0.588837
0 0.542531 0.365381 0.0161578 0.0279007 0.58857
0 0.969499 0.623184 0.0242016 0.0436188 0.588487
0 0.409963 0.75979 0.0177756 0.0367668 0.586745
0 0.282341 0.146939 0.0154225 0.0315737 0.586405
0 0.0828547 0.479987 0.0160605 0.0316852 0.586051
0 0.405691 0.206188 0.0156311 0.0279591 0.586022
0 0.224696 0.249954 0.014499 0.0287335 0.583924
0 0.343399 0.302018 0.0155127 0.0311273 0.583578
0 0.322118 0.178274 0.0133076 0.0277655 0.583001
0 0.623041 0.708506 0.0182249 0.0318756 0.580528
0 0.483166 0.60604 0.0170633 0.0292518 0.57898
0 0.313772 0.248375 0.013786 0.0290943 0.578251
0 0.215311 0.553032 0.0149099 0.0257701 0.57756
0 0.902188 0.667276 0.0165146 0.0344036 0.577398
0 0.739949 0.491017 0.0287601 0.0442259 0.576831
0 0.760483 0.976768 0.0303194 0.0447446 0.576698
0 0.268248 0.365687 0.0186421 0.0332643 0.575957
0 0.452848 0.0184975 0.0170631 0.0349058 0.575911
0 0.610818 0.796126 0.0171738 0.0294047 0.575754
0 0.810966 0.330237 0.020376 0.0292759 0.575647
0 0.517657 0.352042 0.0184015 0.0311545 0.575433
0 0.269037 0.307266 0.0158824 0.027691 0.575353
0 0.874577 0.127981 0.0177597 0.0293325 0.575313
0 0.556516 0.22965 0.0156199 0.031285 0.575282
0 0.825701 0.659258 0.0170242 0.0281617 0.573742
0 0.426188 0.174288 0.0144586 0.0280089 0.57164
0 0.599257 0.495258 0.0252422 0.0491378 0.57004
0 0.214772 0.80902 0.0187768 0.0314726 0.56711
0 0.486707 0.0388505 0.0175234 0.0317658 0.567082
0 0.579196 0.441816 0.0176842 0.0389365 0.566548
0 0.117575 0.231024 0.0156054 0.0277546 0.566048
0 0.180024 0.103409 0.0164033 0.0272573 0.565082
0 0.528793 0.777362 0.0191454 0.0313261 0.564816
0 0.015358 0.270323 0.0171819 0.0301017 0.564736
0 0.122882 0.0154284 0.0195863 0.0301486 0.564539
0 0.472141 0.705599 0.0275727 0.0565596 0.563834
0 0.894123 0.0358713 0.020879 0.0400735 0.563489
0 0.0850495 0.234186 0.0117438 0.0285366 0.563094
0 0.15473 0.0925283 0.0161441 0.0359647 0.562719
0 0.604162 0.181293 0.0195507 0.0309109 0.561739
0 0.518808 0.651304 0.0159355 0.0285143 0.561534
0 0.3774 0.901965 0.0157719 0.0224843 0.560137
0 0.510874 0.239762 0.0154797 0.0319378 0.559717
0 0.0665866 0.0875508 0.016726 0.0292548 0.559464
0 0.368445 0.798028 0.0185571 0.0331532 0.558774
0 0.825818 0.467615 0.0203362 0.0367562 0.558445
0 0.387498 0.454319 0.0160155 0.0291816 0.557722
0 0.0430928 0.0444867 0.0191003 0.0310152 0.557327
0 0.277014 0.270209 0.0122646 0.0228874 0.557259
0 0.804894 0.430025 0.016346 0.0291896 0.557201
0 0.606548 0.83457 0.0133072 0.0305467 0.556573
0 0.514629 0.151018 0.0135389 0.0278144 0.556519
0 0.702558 0.878647 0.015225 0.0306017 0.556282
0 0.0613543 0.482803 0.0173702 0.0283905 0.554959
0 0.841929 0.195348 0.0167553 0.024286 0.5546
0 0.364784 0.555509 0.0136526 0.0292223 0.554456
0 0.0204177 0.602754 0.014464 0.0305495 0.553946
0 0.43563 0.0616269 0.0134352 0.0292062 0.553777
0 0.305291 0.709396 0.0228112 0.0388709 0.553584
0 0.355738 0.0790846 0.0157768 0.0245507 0.553062
0 0.971695 0.530335 0.0158875 0.023511 0.552773
0 0.878857 0.288694 0.0152218 0.0282082 0.55265
0 0.542976 0.86112 0.0155729 0.0289022 0.552221
0 0.895521 0.623813 0.0272118 0.0446204 0.551046
0 0.916324 0.206263 0.018362 0.0483458 0.550485
0 0.336776 0.790679 0.0201473 0.0382148 0.550294
0 0.133169 0.322008 0.016367 0.028103 0.54833
0 0.353143 0.129731 0.0175129 0.0333725 0.547865
0 0.445388 0.199772 0.0125618 0.0241084 0.547286
0 0.478544 0.0903512 0.0286898 0.0443738 0.546783
0 0.561003 0.293242 0.0159134 0.0275167 0.545295
0 0.540718 0.637848 0.0150398 0.034403 0.544645
0 0.583933 0.750754 0.0179978 0.0338835 0.544404
0 0.383276 0.117341 0.0173121 0.0247856 0.544056
0 0.221518 0.60361 0.0215007 0.0370617 0.543689
0 0.320419 0.87014 0.0160906 0.0316435 0.543178
0 0.27809 0.0155448 0.0183129 0.030619 0.543017
0 0.0639111 0.639834 0.0229997 0.0351653 0.542722
0 0.250021 0.0178849 0.0170083 0.0302594 0.541896
0 0.645177 0.843835 0.0160147 0.0363115 0.541318
0 0.775324 0.894824 0.0220553 0.028503 0.540712
0 0.11403 0.341839 0.0212668 0.038297 0.539937
0 0.621468 0.122084 0.0159387 0.0379943 0.539629
0 0.101897 0.0858327 0.018857 0.0320038 0.537031
0 0.405446 0.942992 0.0199019 0.0434153 0.536309
0 0.626524 0.543965 0.0150808 0.0247225 0.536301
0 0.801321 0.600885 0.0142097 0.0234453 0.535012
0 0.304921 0.182451 0.0160072 0.0275309 0.534771
0 0.71778 0.0194376 0.019701 0.0382505 0.534115
0 0.3455 0.973374 0.0134027 0.0261814 0.532796
0 0.788061 0.359773 0.0144218 0.0221315 0.532358
0 0.986804 0.776703 0.02575 0.0424169 0.532283
0 0.442732 0.375344 0.0166519 0.0323308 0.530935
0 0.0369102 0.205513 0.0182217 0.0320264 0.529879
0 0.054101 0.109452 0.0160162 0.0340302 0.528509
0 0.197998 0.251367 0.0157259 0.0286015 0.528445
0 0.0327688 0.288186 0.0183302 0.0283781 0.528085
0 0.733847 0.300999 0.0178791 0.0286419 0.527203
0 0.445089 0.169391 0.0147688 0.0271247 0.525696
0 0.194292 0.665589 0.0183793 0.0364188 0.523814
0 0.363161 0.972732 0.0180325 0.0311286 0.522727
0 0.27921 0.0608029 0.0175601 0.0317483 0.52177
0 0.846405 0.641282 0.0199055 0.0291783 0.521767
0 0.838006 0.760627 0.0193035 0.0309713 0.521097
0 0.116249 0.269345 0.0135962 0.0361442 0.521037
0 0.586394 0.65064 0.0140196 0.029152 0.521021
0 0.117353 0.489699 0.0139981 0.0309879 0.520763
0 0.533522 0.129771 0.0215523 0.0320481 0.520539
0 0.522648 0.393363 0.0185929 0.0315821 0.520089
0 0.602499 0.0801535 0.0214243 0.0387333 0.519296
0 0.953393 0.0705106 0.0221306 0.0317082 0.519123
0 0.501418 0.404707 0.0135141 0.0239229 0.51858
0 0.233046 0.448146 0.0124604 0.0318958 0.518413
0 0.85814 0.607456 0.0148482 0.0290009 0.518338
0 0.952187 0.863047 0.0185396 0.0351888 0.517572
0 0.767937 0.349323 0.0176089 0.0311399 0.517528
0 0.456975 0.353737 0.0176644 0.042708 0.517448
0 0.846673 0.802202 0.0166664 0.0277083 0.517436
0 0.507339 0.704274 0.0195316 0.0355813 0.517353
0 0.329061 0.351591 0.0191049 0.0318749 0.517278
0 0.0234519 0.565365 0.0135433 0.026264 0.517106
0 0.200821 0.116487 0.0168506 0.0318077 0.516947
0 0.968926 0.299371 0.0184057 0.037345 0.516916
0 0.358938 0.305747 0.0155039 0.0304752 0.516538
0 0.294279 0.40704 0.0112283 0.0235718 0.516515
0 0.105132 0.301002 0.0167897 0.0289885 0.515788
0 0.208151 0.184909 0.0252212 0.038934 0.515112
0 0.608418 0.255601 0.0139942 0.0320411 0.515038
0 0.921152 0.299408 0.017511 0.0306124 0.513757
0 0.224743 0.309403 0.0167858 0.0283637 0.51343
0 0.594489 0.721271 0.0171028 0.0277627 0.51339
0 0.064646 0.581361 0.0167109 0.0347013 0.512531
0 0.471556 0.426515 0.0172794 0.034956 0.512274
0 0.180771 0.0659457 0.0194962 0.0416553 0.510143
0 0.42386 0.807177 0.0202827 0.0354719 0.509893
0 0.813226 0.871869 0.0244614 0.037755 0.509168
0 0.0335996 0.167958 0.0131787 0.027478 0.506629
0 0.476577 0.340847 0.0125485 0.0259206 0.506463
0 0.269326 0.597561 0.018191 0.0298627 0.506348
0 0.0307716 0.0094705 0.0211839 0.0177595 0.504332
0 0.120549 0.643768 0.0129222 0.0263655 0.503879
0 0.777256 0.67165 0.0217684 0.034156 0.50315
0 0.740646 0.416667 0.0152441 0.0305305 0.502262
0 0.681812 0.0521735 0.0157679 0.0277034 0.50179
0 0.661313 0.456983 0.0287426 0.0394753 0.500464
0 0.737902 0.668296 0.0141525 0.019659 0.500267
0 0.126525 0.392031 0.0217893 0.031993 0.500099
0 0.808807 0.973217 0.0195154 0.038173 0.500053
0 0.434691 0.332974 0.0134991 0.023237 0.498892
0 0.573268 0.215716 0.0136909 0.0227603 0.498461
0 0.0476259 0.617297 0.0186258 0.0323246 0.497519
0 0.177871 0.508093 0.0137104 0.0293058 0.496813
0 0.579705 0.30014 0.0135257 0.0313256 0.496385
0 0.147795 0.351014 0.0220819 0.036016 0.493194
0 0.334778 0.44654 0.0155925 0.0269942 0.49218
0 0.841508 0.518829 0.0157894 0.0309486 0.492088
0 0.807352 0.635626 0.0133549 0.0262126 0.491756
0 0.183977 0.346443 0.0146598 0.0249762 0.491177
0 0.651201 0.65207 0.0151165 0.0257011 0.491087
0 0.476148 0.249548 0.0158106 0.0368185 0.490263
0 0.151023 0.659889 0.0163272 0.031491 0.49003
0 0.349619 0.850897 0.016169 0.0294708 0.489039
0 0.355224 0.430826 0.0189767 0.0315143 0.488014
0 0.0893122 0.158801 0.0137194 0.0300688 0.487776
0 0.0439298 0.460125 0.0169297 0.0295273 0.487621
0 0.897714 0.219574 0.0168806 0.03649 0.486821
0 0.840174 0.574149 0.0195354 0.0316076 0.486286
0 0.162984 0.310125 0.0145547 0.0312954 0.484828
0 0.909699 0.753051 0.0179163 0.0263911 0.483326
0 0.1421 0.152209 0.0157814 0.0257319 0.482576
0 0.490523 0.742383 0.0145409 0.0268161 0.482452
0 0.534651 0.569472 0.0120053 0.0231501 0.482389
0 0.182434 0.458625 0.0159258 0.0264247 0.482116
0 0.318488 0.211387 0.0139515 0.0297268 0.482108
0 0.0216495 0.0735579 0.0130267 0.0256769 0.482039
0 0.348393 0.0417504 0.0198869 0.0293786 0.481086
0 0.966181 0.184593 0.0155388 0.032788 0.480937
0 0.579526 0.16381 0.0189768 0.0406543 0.478943
0 0.0322159 0.140695 0.0140339 0.0243814 0.478776
0 0.848763 0.891784 0.0211365 0.0354845 0.47813
0 0.678398 0.560899 0.021432 0.033178 0.47798
0 0.307239 0.942775 0.0133233 0.0218221 0.47715
0 0.863894 0.574757 0.0133448 0.0289122 0.476352
0 0.951927 0.740561 0.0140844 0.0317118 0.47461
0 0.906023 0.151513 0.0267214 0.0339703 0.47436
0 0.297695 0.0884417 0.0211566 0.0391874 0.472803
0 0.214837 0.497518 0.0204258 0.0324017 0.472147
0 0.186063 0.300769 0.0194761 0.0358342 0.471336
0 0.418589 0.242208 0.0141403 0.0245537 0.471334
0 0.459605 0.256774 0.0125098 0.0294393 0.471234
0 0.902812 0.479165 0.0227566 0.0611128 0.470793
0 0.044154 0.559939 0.0173234 0.0303357 0.469148
0 0.383868 0.567102 0.0146379 0.0241804 0.468549
0 0.902247 0.29818 0.0182365 0.0300317 0.468183
0 0.0309258 0.384196 0.0195994 0.0309436 0.467856
0 0.707162 0.465484 0.0164063 0.0304794 0.46713
0 0.0953412 0.51419 0.0207275 0.0367291 0.467123
0 0.465735 0.480229 0.0157246 0.0320067 0.465965
0 0.367525 0.14806 0.0194445 0.042643 0.465725
0 0.775212 0.250982 0.0168714 0.0317056 0.465058
0 0.897196 0.375473 0.0246502 0.0459299 0.462588
0 0.697867 0.393921 0.0163421 0.0346851 0.462385
0 0.519302 0.0202829 0.0382628 0.039358 0.460878
0 0.172239 0.257087 0.0154057 0.0262185 0.45996
0 0.0167639 0.0413402 0.0171489 0.0278524 0.459919
0 0.849909 0.832888 0.0145363 0.0242772 0.459105
0 0.814066 0.189965 0.0197231 0.0361427 0.459088
0 0.644956 0.687051 0.0218443 0.0326193 0.457345
0 0.854484 0.608436 0.020018 0.0286994 0.45729
0 0.439272 0.74475 0.0136297 0.026828 0.45723
0 0.554595 0.981987 0.0169022 0.0329554 0.45627
0 0.766455 0.710227 0.0180595 0.034845 0.455855
0 0.0755477 0.4034 0.0158097 0.0245158 0.455844
0 0.870304 0.699565 0.0153595 0.024653 0.455689
0 0.370851 0.678798 0.0126724 0.022335 0.454801
0 0.931488 0.422962 0.0168045 0.0185178 0.453697
0 0.251347 0.928508 0.0112878 0.0238548 0.453035
0 0.151246 0.124101 0.0128998 0.0217146 0.45186
0 0.53112 0.961144 0.0179907 0.0342724 0.451254
0 0.823515 0.400669 0.0142132 0.0382455 0.450897
0 0.85112 0.124937 0.0142521 0.0204169 0.450266
0 0.854134 0.329007 0.014727 0.0359039 0.450102
0 0.891056 0.696164 0.0180744 0.0360331 0.450051
0 0.514172 0.558792 0.0169802 0.0307214 0.449965
0 0.56643 0.667795 0.0209137 0.0378977 0.448875
0 0.287008 0.383247 0.0111494 0.0238895 0.447221
0 0.457006 0.861838 0.0128601 0.0301236 0.443807
0 0.0585789 0.0326398 0.0128008 0.0228445 0.44258
0 0.199479 0.596819 0.0180878 0.0308642 0.442287
0 0.227622 0.368727 0.0150057 0.0330936 0.440904
0 0.554637 0.836053 0.0145309 0.0322854 0.440469
0 0.724757 0.124147 0.0171912 0.0247266 0.438798
0 0.221771 0.650539 0.0137585 0.029225 0.43832
0 0.253173 0.607674 0.0146024 0.0230498 0.436726
0 0.112143 0.573081 0.0143721 0.027926 0.435355
0 0.669083 0.645443 0.0131224 0.0296269 0.433975
0 0.239874 0.369555 0.0152113 0.029171 0.433496
0 0.685242 0.615756 0.0143594 0.0279124 0.433031
0 0.0609629 0.526485 0.0219486 0.0361341 0.432867
0 0.156807 0.474328 0.0203847 0.0376354 0.432543
0 0.0416524 0.591871 0.0179506 0.0271584 0.431594
0 0.651872 0.287825 0.0287626 0.0371382 0.431148
0 0.331414 0.0195585 0.0136208 0.0249397 0.430834
0 0.66188 0.251969 0.0191291 0.0313609 0.430068
0 0.289216 0.885656 0.0174102 0.0268443 0.428141
0 0.546 0.553427 0.0134298 0.0263215 0.427224
0 0.157517 0.159444 0.0118136 0.0273434 0.426498
0 0.941049 0.487763 0.0144611 0.028382 0.424995
0 0.462105 0.774392 0.0206467 0.0311066 0.42484
0 0.324342 0.571135 0.018558 0.034541 0.42343
0 0.889872 0.748578 0.0162846 0.0304989 0.422635
0 0.31756 0.809107 0.0192709 0.0414992 0.422243
0 0.464966 0.204618 0.0174336 0.0307292 0.42074
0 0.644274 0.248381 0.0120275 0.0319821 0.419845
0 0.802998 0.48337 0.0225956 0.0372203 0.419435
0 0.779118 0.632367 0.0162674 0.02626 0.41921
0 0.724664 0.647914 0.0142092 0.0203934 0.418045
0 0.581311 0.0662535 0.015365 0.0263859 0.415642
0 0.588346 0.8007 0.0217772 0.0312961 0.415429
0 0.00563307 0.343788 0.0112268 0.0328961 0.41504
0 0.0836916 0.285153 0.0164755 0.0322876 0.412698
0 0.170709 0.155752 0.0145006 0.0304529 0.412164
0 0.995507 0.243938 0.00898552 0.0355281 0.412153
0 0.327895 0.98809 0.018193 0.0222291 0.411626
0 0.541948 0.911462 0.017833 0.0333444 0.411472
0 0.0903247 0.0516739 0.0219754 0.0365759 0.407985
0 0.676185 0.557664 0.0235142 0.0344354 0.407362
0 0.86866 0.816207 0.0227116 0.0359692 0.407313
0 0.363844 0.875482 0.0135952 0.0256124 0.407303
0 0.212 0.703617 0.0139564 0.0274185 0.406157
0 0.612801 0.618279 0.017931 0.0370065 0.405982
0 0.260148 0.246784 0.0172461 0.0274053 0.405958
0 0.403222 0.849621 0.0138304 0.0233649 0.405877
0 0.200433 0.0392058 0.0159544 0.0257772 0.40557
0 0.826245 0.988385 0.017305 0.0220164 0.404954
0 0.749905 0.885725 0.0159588 0.0187421 0.404124
0 0.929662 0.607478 0.0136902 0.032628 0.404061
0 0.297642 0.844855 0.0155468 0.0260583 0.402761
0 0.246548 0.698933 0.0178131 0.025946 0.402716
0 0.314975 0.664607 0.0167366 0.0279782 0.401788
0 0.285666 0.316927 0.0146011 0.0214528 0.401736
0 0.50115 0.979858 0.0146318 0.0296204 0.40168
0 0.165139 0.41304 0.0225733 0.0392626 0.401673
0 0.908617 0.266895 0.0147701 0.0197227 0.399891
0 0.540205 0.0958894 0.0226331 0.0338478 0.399707
0 0.703321 0.285742 0.0183006 0.0311015 0.399589
0 0.561147 0.594691 0.0150478 0.0324288 0.399031
0 0.539572 0.605022 0.0133955 0.0221323 0.397954
0 0.317052 0.527856 0.0159908 0.0308546 0.397695
0 0.0517588 0.187302 0.0147085 0.0330795 0.397047
0 0.665708 0.457422 0.0211877 0.0393829 0.395401
0 0.441982 0.963219 0.0143684 0.0238146 0.394611
0 0.237695 0.671222 0.0159513 0.0288213 0.394087
0 0.423936 0.921107 0.015841 0.0276906 0.392881
0 0.40964 0.272322 0.0145672 0.0361905 0.392007
0 0.931459 0.0960674 0.021133 0.0293465 0.391698
0 0.0989922 0.127222 0.0152224 0.0234283 0.391498
0 0.339621 0.231627 0.0147857 0.0276331 0.389918
0 0.334438 0.0752569 0.0146932 0.0221276 0.389578
0 0.462969 0.967591 0.0171174 0.0228869 0.389486
0 0.252764 0.289329 0.0160734 0.0241539 0.387298
0 0.0111081 0.313282 0.0204823 0.0302214 0.386208
0 0.493404 0.492876 0.0221555 0.0408142 0.384941
0 0.0181398 0.191212 0.0157701 0.0268049 0.384318
0 0.386395 0.931702 0.017062 0.0342896 0.379576
0 0.450097 0.0841078 0.0202806 0.0290652 0.376036
0 0.256879 0.553167 0.0201463 0.03815 0.372611
0 0.215226 0.771644 0.0152598 0.0280297 0.371369
0 0.0804832 0.612586 0.0189365 0.0333365 0.371055
0 0.269197 0.179008 0.0185121 0.0309672 0.370601
0 0.912793 0.937048 0.0163548 0.0231025 0.369087
0 0.452581 0.907223 0.0127482 0.0303159 0.369033
0 0.707282 0.518131 0.0170146 0.0287778 0.368942
0 0.480236 0.553862 0.0167657 0.0359424 0.367931
0 0.0381404 0.110253 0.0122192 0.0256982 0.3668
0 0.378869 0.29036 0.0194091 0.0382538 0.365875
0 0.00386214 0.621377 0.00770131 0.0376529 0.365273
0 0.100319 0.255339 0.0133399 0.0260484 0.363803
0 0.402568 0.877182 0.012068 0.0261207 0.362929
0 0.527842 0.72265 0.0208053 0.0306793 0.362152
0 0.378991 0.259979 0.017181 0.0227245 0.361456
0 0.826312 0.538648 0.0135822 0.02847 0.360789
0 0.00710419 0.395425 0.0142084 0.0448391 0.360216
0 0.0210159 0.630046 0.0146553 0.0205688 0.360135
0 0.54437 0.482813 0.0143976 0.0310789 0.359548
0 0.460825 0.821843 0.01693 0.0254434 0.359406
0 0.0365117 0.320105 0.0182059 0.0278879 0.358725
0 0.315735 0.408747 0.0159765 0.0243715 0.358296
0 0.65217 0.396917 0.0116432 0.0305576 0.358073
0 0.00364421 0.140367 0.00728842 0.0315056 0.357682
0 0.306617 0.332712 0.0107809 0.0333433 0.35724
0 0.995679 0.143825 0.0086422 0.0190186 0.357013
0 0.975028 0.414232 0.0142714 0.0335335 0.355024
0 0.315074 0.151458 0.0160319 0.0223109 0.354407
0 0.885582 0.574378 0.0241511 0.0461989 0.353801
0 0.189956 0.376825 0.013422 0.026687 0.3534
0 0.442547 0.860463 0.0199581 0.0316715 0.353399
0 0.484999 0.821524 0.0138886 0.0217302 0.353359
0 0.810242 0.681544 0.0116871 0.0250093 0.351547
0 0.687936 0.684841 0.0333903 0.0409521 0.351076
0 0.107208 0.667472 0.017061 0.0326098 0.350161
0 0.98933 0.851111 0.0213409 0.0449697 0.34957
0 0.805295 0.570972 0.0144128 0.0281682 0.349343
0 0.255128 0.139775 0.0119834 0.0218606 0.348725
0 0.235254 0.222788 0.0101076 0.0261715 0.348144
0 0.735168 0.985478 0.0189541 0.0276182 0.34814
0 0.415276 0.656986 0.0152647 0.031464 0.347958
0 0.159786 0.412698 0.0261689 0.043207 0.347733
0 0.778371 0.602287 0.0121872 0.0236533 0.347242
0 0.395027 0.300721 0.0163443 0.0302593 0.346947
0 0.405466 0.136506 0.0207557 0.03823 0.343798
0 0.154452 0.531886 0.0143219 0.0319485 0.343758
0 0.116904 0.133411 0.0143121 0.0274673 0.343403
0 0.256374 0.658423 0.0184314 0.0361327 0.341766
0 0.923912 0.123644 0.0218714 0.0221489 0.340922
0 0.69504 0.685636 0.0200771 0.0401824 0.340575
0 0.377868 0.642929 0.0161375 0.0286711 0.339102
0 0.933841 0.36006 0.0149239 0.0272486 0.339053
0 0.528608 0.296926 0.0129773 0.0304215 0.337672
0 0.918634 0.216797 0.0145222 0.0357447 0.336964
0 0.497249 0.938117 0.0128033 0.0293938 0.336905
0 0.339274 0.163954 0.023201 0.039432 0.336778
0 0.846186 0.0358474 0.0268532 0.0510191 0.336773
0 0.948474 0.861815 0.0252033 0.0363988 0.335281
0 0.549332 0.76567 0.0107777 0.0250636 0.334681
0 0.881865 0.816899 0.014394 0.0288764 0.334473
0 0.0728284 0.328147 0.0169521 0.0319581 0.334381
0 0.625547 0.661296 0.0116839 0.0268395 0.334262
0 0.432416 0.306011 0.016581 0.029416 0.333927
0 0.255933 0.385756 0.0138877 0.0266157 0.332142
0 0.503928 0.438081 0.0133833 0.0250088 0.329462
0 0.669483 0.397723 0.0164145 0.0311747 0.329373
0 0.879002 0.816839 0.0174906 0.0308398 0.328239
0 0.581132 0.0618414 0.0165293 0.0340003 0.326518
0 0.338798 0.635633 0.0212835 0.0462655 0.326444
0 0.392613 0.0162746 0.0111893 0.0241448 0.326314
0 0.501441 0.831113 0.00938835 0.0253876 0.325252
0 0.655037 0.620776 0.0171795 0.0229011 0.323706
0 0.459421 0.403644 0.0150019 0.0225556 0.323025
0 0.166111 0.365881 0.0133958 0.0286092 0.322911
0 0.290524 0.525016 0.0165908 0.0308976 0.322521
0 0.0471838 0.142418 0.0139791 0.0222879 0.322214
0 0.038804 0.530222 0.0127056 0.0228139 0.321376
0 0.146179 0.723523 0.0191179 0.0369212 0.319316
0 0.701095 0.934223 0.0188431 0.0348965 0.31931
0 0.00575792 0.572089 0.0115158 0.0340683 0.318546
0 0.515981 0.286465 0.0189789 0.0353032 0.31636
0 0.919727 0.844684 0.0258007 0.0240706 0.315283
0 0.894563 0.861828 0.0143339 0.0194751 0.313749
0 0.90231 0.468282 0.023778 0.0462287 0.313133
0 0.628628 0.776073 0.0110948 0.0263962 0.311859
0 0.0807153 0.276098 0.0209022 0.0430531 0.311825
0 0.420829 0.980795 0.0209321 0.0324045 0.311714
0 0.223489 0.734912 0.0155928 0.0217051 0.311578
0 0.369715 0.448761 0.0177439 0.0349494 0.310996
0 0.616895 0.323965 0.0173254 0.0321159 0.309541
0 0.341882 0.269309 0.0144653 0.019996 0.309164
0 0.103301 0.212027 0.019951 0.0278924 0.309015
0 0.763551 0.157526 0.0140523 0.0204448 0.308506
0 0.0947521 0.0232527 0.0204171 0.0286657 0.308412
0 0.0109614 0.467609 0.0217813 0.0411849 0.307936
0 0.408911 0.569197 0.0200294 0.0391418 0.307409
0 0.494989 0.783067 0.010395 0.0235687 0.307362
0 0.348286 0.0350496 0.0214965 0.0405857 0.306799
0 0.441954 0.7205 0.0150702 0.0233731 0.306638
0 0.264371 0.177112 0.0235539 0.0347495 0.306015
0 0.915481 0.1984 0.017001 0.0344309 0.305914
0 0.63944 0.57842 0.0134869 0.0191168 0.30495
0 0.116697 0.0471811 0.0212475 0.0325505 0.304083
0 0.165259 0.475673 0.0143872 0.0333735 0.301895
0 0.660661 0.517003 0.0150471 0.0250105 0.301199
0 0.77645 0.419945 0.0335182 0.0596331 0.298337
0 0.114393 0.266944 0.015287 0.0354016 0.298154
0 0.798147 0.322639 0.0120518 0.0314955 0.297966
0 0.0917547 0.0466401 0.0217526 0.0424102 0.296963
0 0.974624 0.0684717 0.0116327 0.0207814 0.296501
0 0.256839 0.757753 0.0134783 0.0284252 0.29624
0 0.100657 0.47836 0.011398 0.0240104 0.295929
0 0.919094 0.814363 0.0188878 0.0313761 0.295788
0 0.479962 0.183878 0.01498 0.0305653 0.294465
0 0.859823 0.722519 0.015015 0.0275899 0.29427
0 0.46125 0.547113 0.0130884 0.0319638 0.294053
0 0.370384 0.842596 0.013511 0.0258443 0.293292
0 0.290523 0.495831 0.0144841 0.0254235 0.293089
0 0.639354 0.0401665 0.0178511 0.0249463 0.290848
0 0.168446 0.413982 0.0169749 0.0365272 0.28936
0 0.267921 0.901441 0.0168831 0.0268378 0.288816
0 0.462279 0.824991 0.0154699 0.0217428 0.288706
0 0.930164 0.462936 0.0166856 0.0295497 0.287787
0 0.423456 0.43267 0.0110018 0.0361316 0.285229
0 0.867043 0.326076 0.0124859 0.0265294 0.285043
0 0.932987 0.464414 0.0118343 0.0288672 0.283372
0 0.932931 0.222836 0.0148411 0.0257629 0.283201
0 0.558197 0.140327 0.0133163 0.0225939 0.282743
0 0.318232 0.816828 0.0182322 0.0375319 0.282606
0 0.389084 0.705685 0.0125423 0.0227566 0.28127
0 0.426533 0.813159 0.0182487 0.0283252 0.280625
0 0.839872 0.0326543 0.038427 0.0608203 0.279468
0 0.117046 0.695505 0.0213627 0.0365584 0.278326
0 0.376061 0.056795 0.0178324 0.0374509 0.277737
0 0.118281 0.45912 0.0144652 0.0202321 0.277625
0 0.514719 0.833318 0.0156417 0.0281396 0.275165
0 0.0221301 0.349014 0.0155518 0.0263497 0.274949
0 0.969051 0.188281 0.0120815 0.0289179 0.274694
0 0.359966 0.488216 0.0212508 0.0372566 0.273899
0 0.452535 0.23055 0.0129938 0.0204623 0.272619
0 0.789412 0.968064 0.0191986 0.0389006 0.272196
0 0.452816 0.439236 0.0143556 0.031783 0.270476
0 0.323657 0.29117 0.016213 0.0300079 0.270293
0 0.670097 0.219597 0.0127483 0.0259911 0.270169
0 0.207 0.39521 0.0145113 0.0208044 0.269802
0 0.215889 0.274534 0.0143521 0.0224709 0.268442
0 0.184404 0.60689 0.0153831 0.0275516 0.267153
0 0.208282 0.828641 0.0131049 0.0180803 0.266835
0 0.360899 0.24686 0.0124277 0.0223729 0.266771
0 0.426601 0.846809 0.0125212 0.023455 0.266593
0 0.138604 0.54591 0.0123423 0.0346483 0.26591
0 0.138747 0.466029 0.0141187 0.0296505 0.264627
0 0.138654 0.470924 0.0132379 0.0261705 0.264373
0 0.382337 0.163739 0.0128962 0.0268972 0.264301
0 0.900832 0.804479 0.0147343 0.0288479 0.264194
0 0.62085 0.00896408 0.0175072 0.0179282 0.264077
0 0.732607 0.445891 0.0166966 0.0266596 0.263408
0 0.601856 0.545759 0.0183877 0.0318954 0.262967
0 0.209135 0.0705198 0.0176014 0.0322795 0.262056
0 0.0200985 0.517985 0.0185535 0.0331566 0.262016
0 0.911392 0.153263 0.0194954 0.0316234 0.261845
0 0.320976 0.41505 0.0139042 0.0270918 0.261716
0 0.610389 0.219529 0.0154392 0.0259088 0.261213
0 0.775241 0.740981 0.0152781 0.0277184 0.260713
0 0.366287 0.763565 0.0182019 0.0286153 0.258874
0 0.699925 0.0977189 0.0155697 0.0220653 0.258673
0 0.894189 0.219124 0.0234234 0.0385999 0.258291
0 0.72494 0.612224 0.0173962 0.0353493 0.257069
0 0.234936 0.369713 0.0236425 0.0317944 0.254972
0 0.752551 0.251944 0.0188943 0.0356552 0.25455
0 0.620448 0.326233 0.0226408 0.0336855 0.254393
0 0.24132 0.786557 0.0176392 0.0319978 0.252644
0 0.0103732 0.00821549 0.0146359 0.0160268 0.2526
0 0.062268 0.671235 0.0128673 0.0245427 0.252305
0 0.82673 0.364562 0.0164536 0.0266052 0.251766
0 0.594896 0.150248 0.0132646 0.0239875 0.251719
0 0.913268 0.755658 0.0159275 0.0225039 0.250832
0 0.772988 0.536229 0.0153118 0.0300631 0.249534
0 0.250677 0.319439 0.0135868 0.0239482 0.247872
0 0.199883 0.776662 0.0130446 0.0269978 0.246724
0 0.007391 0.342197 0.0142619 0.0387381 0.245804
0 0.309956 0.250122 0.0114642 0.0284864 0.24204
0 0.223558 0.681966 0.00960283 0.0297056 0.241979
0 0.767074 0.789925 0.0141978 0.0226935 0.241574
0 0.896878 0.683752 0.0117054 0.0250934 0.241322
0 0.0352036 0.427408 0.011831 0.0289857 0.241217
0 0.903194 0.49179 0.0192791 0.0420839 0.239952
0 0.626153 0.945533 0.0116386 0.0298024 0.239681
0 0.618751 0.569242 0.0161784 0.0266123 0.239322
0 0.764684 0.348321 0.022653 0.0323782 0.236068
0 0.870972 0.526863 0.0147636 0.0245048 0.235972
0 0.371011 0.707902 0.0180937 0.0285122 0.235716
0 0.298911 0.0310703 0.0174264 0.0300347 0.234321
0 0.75382 0.617134 0.0180702 0.0295166 0.234235
0 0.49293 0.219423 0.0176146 0.0306859 0.234114
0 0.68348 0.500152 0.0139194 0.0229519 0.232675
0 0.672122 0.646166 0.0171813 0.0307679 0.2321
0 0.943481 0.491772 0.011963 0.0251171 0.231478
0 0.626173 0.400248 0.0178099 0.0342582 0.230444
0 0.267485 0.957265 0.0149696 0.0298403 0.230219
0 0.172196 0.638522 0.0133067 0.0283053 0.229157
0 0.45965 0.777423 0.0181328 0.032998 0.229023
0 0.939407 0.77861 0.0205742 0.0336314 0.22863
0 0.825433 0.292865 0.0168816 0.0233618 0.228312
0 0.434603 0.0108606 0.0121073 0.0212694 0.227596
0 0.532344 0.0562843 0.0164633 0.0284009 0.227422
0 0.542412 0.443019 0.0136937 0.0246117 0.225878
0 0.862156 0.72528 0.0170647 0.0293449 0.224429
0 0.916057 0.452616 0.0120178 0.0254424 0.2226
0 0.827584 0.291033 0.0168381 0.0233349 0.222006
0 0.972275 0.355839 0.0187443 0.025926 0.220794
0 0.289017 0.88485 0.0235398 0.0246934 0.22011
0 0.828786 0.799469 0.0174088 0.027832 0.219634
0 0.83064 0.846313 0.0153706 0.0170061 0.21913
0 0.169315 0.47757 0.010952 0.0292179 0.218719
0 0.465563 0.76969 0.0243278 0.0371853 0.217105
0 0.0338159 0.320732 0.0185332 0.0259254 0.216537
0 0.405194 0.266591 0.0147733 0.0360254 0.21574
0 0.66283 0.884157 0.0168499 0.0362579 0.215652
0 0.623982 0.270803 0.0174263 0.0369131 0.215397
0 0.329417 0.477431 0.0140458 0.0276828 0.214748
0 0.721352 0.29224 0.00742302 0.0203505 0.214614
0 0.640366 0.418271 0.01709 0.0271932 0.213586
0 0.964762 0.682281 0.015374 0.0262699 0.212722
0 0.47991 0.465064 0.0112131 0.0214028 0.211921
0 0.31671 0.123396 0.0175692 0.0240394 0.211678
0 0.316417 0.15753 0.0139959 0.0160646 0.211221
0 0.386683 0.869421 0.0177325 0.0280645 0.207177
0 0.331367 0.685295 0.0122271 0.0297306 0.206866
0 0.950843 0.386319 0.0158215 0.0215201 0.205195
0 0.062161 0.0101908 0.0147394 0.0192244 0.205107
0 0.197271 0.0812347 0.0151354 0.0287472 0.204966
0 0.426196 0.432384 0.00933647 0.0343307 0.204163
0 0.189875 0.411709 0.0135676 0.0244661 0.204036
0 0.921853 0.697516 0.0146217 0.0209383 0.203605
0 0.588724 0.235806 0.017942 0.0251026 0.20263
0 0.594836 0.353147 0.0166687 0.0258801 0.202438
0 0.124283 0.608373 0.0127519 0.0307084 0.201783
0 0.0235146 0.483757 0.0149472 0.0252713 0.201667
0 0.471408 0.00669692 0.0147399 0.0130185 0.201643
0 0.236232 0.403072 0.0125851 0.0223516 0.201494
0 0.18836 0.147449 0.0171324 0.0280715 0.201442
0 0.270521 0.750687 0.013527 0.0120636 0.200913
0 0.995782 0.210884 0.00843544 0.0258191 0.200834
0 0.486835 0.252795 0.0170969 0.0353395 0.200793
0 0.0887035 0.695199 0.0160871 0.0241395 0.200745
0 0.918605 0.658832 0.0167873 0.0295966 0.200687
0 0.00825557 0.2152 0.0155223 0.0201825 0.200009
0 0.658929 0.250394 0.0171444 0.0322701 0.199355
0 0.636084 0.0389367 0.019363 0.0259374 0.198379
0 0.0981341 0.605802 0.0149622 0.0299242 0.198223
0 0.273473 0.458368 0.0196173 0.0328142 0.197896
0 0.638905 0.476306 0.0143669 0.0292767 0.197198
0 0.277776 0.872164 0.0127272 0.0220286 0.196888
0 0.272734 0.846082 0.0171728 0.0265732 0.196755
0 0.381777 0.357264 0.0203112 0.0255729 0.196468
0 0.221909 0.682891 0.0109818 0.0304579 0.195554
0 0.50732 0.186967 0.0161004 0.0317855 0.19516
0 0.935232 0.0966522 0.0196146 0.0280087 0.194919
0 0.337989 0.160346 0.0189776 0.0331157 0.194882
0 0.484257 0.930548 0.016497 0.0315684 0.194392
0 0.118766 0.135603 0.0141584 0.0250167 0.194159
0 0.557508 0.838237 0.0114407 0.0330926 0.192295
0 0.725594 0.330166 0.0207983 0.0312916 0.191635
0 0.462829 0.199117 0.0164474 0.030469 0.19131
0 0.901225 0.463892 0.0217541 0.0346233 0.190789
0 0.493472 0.784218 0.0102031 0.0229346 0.189961
0 0.124213 0.166197 0.0164535 0.0271296 0.189898
0 0.403151 0.704927 0.0156867 0.0276697 0.189878
0 0.0861902 0.347107 0.0173268 0.0287127 0.18971
0 0.650567 0.68843 0.0248969 0.0337698 0.189666
0 0.0542899 0.0353468 0.0130463 0.021884 0.189459
0 0.314464 0.635155 0.0147546 0.0271128 0.189199
0 0.513468 0.0202159 0.0273174 0.0395389 0.189027
0 0.208508 0.0125463 0.0188628 0.0248995 0.188968
0 0.530694 0.230243 0.0176027 0.0377299 0.187423
0 0.265017 0.452743 0.028344 0.0386518 0.187331
0 0.455921 0.0827332 0.0125156 0.0297287 0.186688
0 0.624125 0.328654 0.0236074 0.0320971 0.186662
0 0.134322 0.0849143 0.0133524 0.0223221 0.186529
0 0.186192 0.204071 0.0136507 0.0298659 0.186384
0 0.19344 0.720587 0.0181086 0.0297802 0.18617
0 0.0612243 0.668829 0.016407 0.0232872 0.185406
0 0.79659 0.686998 0.011083 0.0224418 0.1846
0 0.136253 0.545432 0.0160132 0.0375224 0.184547
0 0.671775 0.595665 0.0172958 0.0267483 0.184481
0 0.354616 0.134501 0.0167067 0.0354557 0.184222
0 0.486415 0.431019 0.0153578 0.0306293 0.184116
0 0.499556 0.83057 0.00986595 0.0263655 0.182506
0 0.54591 0.425672 0.0252188 0.0398618 0.182156
0 0.544979 0.434862 0.0184601 0.0333281 0.181877
0 0.293449 0.60011 0.0182393 0.0318589 0.181007
0 0.740542 0.583583 0.00713247 0.0272551 0.180795
0 0.316215 0.14976 0.0204638 0.0221006 0.180678
0 0.484037 0.982244 0.0191799 0.032288 0.180671
0 0.580236 0.0547156 0.0176483 0.0387047 0.179871
0 0.0376139 0.426516 0.0100254 0.0294425 0.179499
0 0.318754 0.823728 0.0181274 0.024521 0.179303
0 0.225343 0.68024 0.00861559 0.0285663 0.179241
0 0.674778 0.375981 0.0186203 0.0324736 0.179084
0 0.580555 0.624828 0.0146626 0.0225594 0.178987
0 0.48576 0.857047 0.0171513 0.0308381 0.177973
0 0.318022 0.413931 0.0176126 0.0278282 0.177841
0 0.306003 0.345154 0.00988922 0.041396 0.177548
0 0.670789 0.552133 0.0177249 0.0299576 0.176792
0 0.63281 0.606179 0.0193703 0.0312966 0.17661
0 0.0589495 0.0106081 0.0191171 0.0187817 0.176476
0 0.509516 0.803674 0.0132173 0.0192481 0.176459
0 0.081188 0.689416 0.0215254 0.0324257 0.176042
0 0.238038 0.0531314 0.0111936 0.0271342 0.17561
0 0.323052 0.296723 0.0164188 0.0311498 0.175604
0 0.332269 0.110172 0.0159219 0.0309184 0.175088
0 0.532468 0.0150327 0.0189848 0.0290941 0.174933
0 0.52558 0.928374 0.0148469 0.0281976 0.174058
0 0.603425 0.550227 0.0203234 0.0386944 0.173882
0 0.819577 0.294962 0.014608 0.0228868 0.173602
0 0.685972 0.457437 0.0111148 0.0284693 0.172995
0 0.240582 0.600097 0.0101425 0.0309813 0.172472
0 0.329848 0.951846 0.0205384 0.0409292 0.172181
0 0.453402 0.0835096 0.0137161 0.0285092 0.171789
0 0.323102 0.415997 0.0139603 0.0268943 0.171716
0 0.622931 0.192668 0.0120045 0.0227143 0.170991
0 0.240193 0.778936 0.0205474 0.0416999 0.170964
0 0.85613 0.274199 0.0139984 0.0288088 0.170235
0 0.257843 0.292449 0.00886307 0.0216738 0.168997
0 0.77801 0.428167 0.0284557 0.0453632 0.168086
0 0.692815 0.644838 0.0166641 0.0224345 0.167609
0 0.569752 0.80729 0.0128075 0.0270036 0.167536
0 0.381082 0.162044 0.016272 0.0321078 0.166945
0 0.282898 0.969038 0.0166307 0.0296283 0.166829
0 0.564061 0.768122 0.0134818 0.0219789 0.166373
0 0.542711 0.603759 0.0122881 0.021761 0.16617
0 0.108274 0.165746 0.00994396 0.0305154 0.166113
0 0.453824 0.234094 0.0124615 0.0188605 0.165733
0 0.565533 0.53552 0.0229927 0.0306581 0.165727
0 0.406964 0.274336 0.0169828 0.0368616 0.165704
0 0.439129 0.476354 0.0107019 0.0302102 0.165327
0 0.395317 0.294606 0.0162555 0.0403184 0.164939
0 0.00260347 0.256729 0.00498898 0.0338208 0.164688
0 0.773267 0.747074 0.0191233 0.032781 0.163845
0 0.0757047 0.333344 0.0142536 0.0271665 0.161731
0 0.681924 0.407747 0.00793152 0.0229674 0.161373
0 0.525541 0.293553 0.0180168 0.0376773 0.161205
0 0.563149 0.532037 0.0181984 0.0232912 0.161022
0 0.290692 0.817098 0.018057 0.031851 0.160765
0 0.482962 0.984175 0.0135506 0.0302739 0.160682
0 0.653988 0.616836 0.0188688 0.0290467 0.160666
0 0.578895 0.587084 0.0166697 0.0367965 0.160142
0 0.365792 0.797644 0.0222886 0.037225 0.159901
0 0.489071 0.554199 0.0207649 0.0334001 0.159228
0 0.481735 0.900086 0.0172121 0.0201382 0.158885
0 0.85553 0.71939 0.0106777 0.0275628 0.158815
0 0.293602 0.526854 0.0139871 0.0324793 0.158746
0 0.635876 0.636508 0.0141998 0.0268499 0.158672
0 0.727025 0.954869 0.0192293 0.0261814 0.158546
0 0.00461153 0.3999 0.0092109 0.0518407 0.158485
0 0.629731 0.0373003 0.0173981 0.027945 0.15834
0 0.890144 0.217984 0.0314373 0.0426009 0.158149
0 0.827302 0.842649 0.0152878 0.0217299 0.158146
0 0.481009 0.929821 0.0198166 0.0331214 0.157362
0 0.484049 0.65107 0.0163939 0.0350059 0.156488
0 0.439047 0.120943 0.0145803 0.030385 0.155955
0 0.357208 0.491061 0.0254363 0.0418502 0.15559
0 0.925997 0.878452 0.0191512 0.0196677 0.154975
0 0.666463 0.220821 0.0150998 0.0216866 0.154909
0 0.300555 0.133032 0.00987422 0.0220424 0.154901
0 0.551743 0.952675 0.0156049 0.0239141 0.154639
0 0.640031 0.927839 0.0163382 0.02832 0.153651
0 0.401842 0.261469 0.0136649 0.0321664 0.153268
0 0.249574 0.417522 0.016624 0.0232961 0.152753
0 0.0096532 0.322675 0.019027 0.0459641 0.152332
0 0.988971 0.952087 0.0204823 0.0217994 0.15225
0 0.597038 0.968171 0.0170305 0.0285398 0.151176
0 0.939449 0.700697 0.0162277 0.038736 0.15106
0 0.329064 0.845332 0.0104507 0.0241608 0.150576
0 0.516621 0.608798 0.0147022 0.0303823 0.150013
0 0.446546 0.083674 0.0199968 0.0304963 0.14937
0 0.445294 0.98796 0.0136977 0.0210496 0.149107
0 0.563666 0.665321 0.0203217 0.0407306 0.148586
0 0.774724 0.581231 0.0123912 0.0210172 0.148363
0 0.927179 0.0947745 0.0241463 0.0305507 0.147522
0 0.0392384 0.0724191 0.0169196 0.0193669 0.146979
0 0.426421 0.920782 0.0159146 0.031543 0.146748
0 0.957318 0.415598 0.0153553 0.0271079 0.146669
0 0.919751 0.764303 0.0131866 0.0192549 0.14664
0 0.598953 0.886356 0.0218983 0.038287 0.145746
0 0.942089 0.582793 0.0130955 0.0228024 0.145658
0 0.852745 0.125253 0.0156601 0.0252482 0.145616
0 0.0432833 0.141567 0.0130935 0.0235312 0.145235
0 0.751309 0.813855 0.0118319 0.0252916 0.144998
0 0.912324 0.556143 0.0228544 0.037498 0.144523
0 0.494835 0.554003 0.0122672 0.0278778 0.144065
0 0.316375 0.153893 0.0174572 0.0225976 0.144061
0 0.213234 0.706722 0.0145198 0.0269453 0.143989
0 0.265546 0.00679624 0.0143856 0.0135172 0.143869
0 0.656866 0.288201 0.0232543 0.0365606 0.14379
0 0.268572 0.456162 0.0276659 0.0366599 0.143486
0 0.923676 0.877199 0.0155678 0.0216766 0.143073
0 0.401 0.815196 0.0154991 0.0237347 0.142622
0 0.371998 0.614115 0.0187823 0.0224311 0.142474
0 0.0862102 0.69355 0.0194564 0.0269986 0.142364
0 0.328564 0.846881 0.0104377 0.0181325 0.141807
0 0.513678 0.865458 0.0128529 0.0248274 0.140974
0 0.486979 0.416052 0.0154098 0.0216404 0.140962
0 0.47648 0.926091 0.0219264 0.0380749 0.140772
0 0.191927 0.375704 0.0138045 0.0261893 0.140401
0 0.718062 0.869126 0.0158134 0.027308 0.140268
0 0.379577 0.284237 0.020554 0.0526822 0.140134
0 0.148513 0.729925 0.0206099 0.0331684 0.139894
0 0.238421 0.818642 0.0138949 0.0268963 0.139704
0 0.517509 0.319993 0.0218201 0.0180994 0.139257
0 0.393704 0.441804 0.0166573 0.0336051 0.139209
0 0.183424 0.304714 0.0197023 0.0345099 0.1389
0 0.482039 0.467238 0.00908213 0.0198282 0.138806
0 0.121482 0.166059 0.0185986 0.0296514 0.138699
0 0.314859 0.0467857 0.017622 0.0257484 0.138477
0 0.587892 0.806701 0.0218656 0.0434635 0.138169
0 0.266909 0.425795 0.0233144 0.0290468 0.138133
0 0.520547 0.609785 0.0117336 0.0289102 0.138103
0 0.141643 0.612913 0.0179138 0.0301979 0.136971
0 0.501536 0.114394 0.014661 0.0136502 0.136717
0 0.588598 0.829677 0.0193301 0.0307712 0.136699
0 0.971614 0.528158 0.0185761 0.0293084 0.136481
0 0.500828 0.642335 0.016501 0.0239464 0.136168
0 0.330447 0.944398 0.0223023 0.0452932 0.135926
0 0.18388 0.60561 0.0188241 0.0321794 0.135683
0 0.21393 0.332681 0.0143968 0.0229846 0.134946
0 0.863887 0.72855 0.018359 0.0281459 0.134579
0 0.481124 0.182983 0.019168 0.0343552 0.134369
0 0.366732 0.350626 0.010733 0.029625 0.134108
0 0.696797 0.934598 0.0248482 0.0383369 0.134016
0 0.287612 0.706189 0.0130957 0.0315993 0.133997
0 0.182404 0.609419 0.0163441 0.0247725 0.133826
0 0.0828398 0.617037 0.0191005 0.029827 0.133212
0 0.480334 0.250992 0.0239304 0.0365044 0.132792
0 0.315765 0.66098 0.0190706 0.034499 0.132164
0 0.301042 0.136351 0.00879278 0.0195147 0.132058
0 0.808853 0.633197 0.0146532 0.028412 0.131913
0 0.190359 0.407598 0.011977 0.0225805 0.131613
0 0.667837 0.254857 0.0150635 0.0273523 0.131431
0 0.51779 0.89927 0.0142236 0.0237151 0.131024
0 0.61587 0.0341061 0.0176767 0.0313779 0.130443
0 0.515899 0.32051 0.0186657 0.0236349 0.130388
0 0.667192 0.456133 0.0165581 0.03519 0.130372
0 0.929388 0.875817 0.0186539 0.0191383 0.130207
0 0.314795 0.402669 0.016604 0.0325372 0.130172
0 0.953424 0.744097 0.0157169 0.0302768 0.129584
0 0.299203 0.134361 0.00984602 0.0227265 0.129379
0 0.393675 0.0185949 0.0137614 0.0263407 0.129116
0 0.291345 0.492945 0.0127084 0.0203751 0.129076
0 0.581639 0.303998 0.0105061 0.0329929 0.128977
0 0.207747 0.0756876 0.0190974 0.0344107 0.128809
0 0.378339 0.0561223 0.0160824 0.0324553 0.1288
0 0.0768005 0.426903 0.0145444 0.0234031 0.128671
0 0.929057 0.879649 0.0191654 0.0180328 0.128373
0 0.297068 0.0280763 0.0177185 0.0281331 0.128331
0 0.242036 0.371483 0.0123967 0.0272689 0.128326
0 0.776375 0.767089 0.0171164 0.0260948 0.128131
0 0.554296 0.229131 0.018907 0.0352677 0.128079
0 0.502116 0.440644 0.0160343 0.0295871 0.127967
0 0.0771802 0.133686 0.0169101 0.0258897 0.127921
0 0.953764 0.386938 0.0139984 0.0220123 0.127785
0 0.256277 0.384583 0.0168574 0.031722 0.127486
0 0.0929983 0.420547 0.0121751 0.0290041 0.127357
0 0.350842 0.0165204 0.0191767 0.0292604 0.127137
0 0.875918 0.87237 0.018726 0.0295058 0.126096
0 0.489116 0.433539 0.0127087 0.0271988 0.125433
0 0.635874 0.607253 0.0154716 0.0302634 0.125275
0 0.608338 0.754025 0.0133175 0.0286275 0.125227
0 0.50845 0.915553 0.0110106 0.0253343 0.125049
0 0.577693 0.347314 0.0120373 0.0190653 0.124975
0 0.319546 0.172704 0.0166897 0.0325123 0.12496
0 0.0937765 0.417017 0.01451 0.0240416 0.124469
0 0.563881 0.50161 0.0201771 0.0307321 0.12436
0 0.0878282 0.377819 0.0155333 0.0285795 0.124219
0 0.639674 0.575439 0.012285 0.0223341 0.124074
0 0.739147 0.329093 0.0112602 0.0179606 0.124012
0 0.792665 0.918949 0.0128229 0.0168047 0.123998
0 0.331076 0.936718 0.0207886 0.0418674 0.123733
0 0.338312 0.170131 0.022664 0.0458977 0.123207
0 0.365495 0.977894 0.0204667 0.0365916 0.122968
0 0.617772 0.0362778 0.0157744 0.0279857 0.122914
0 0.673317 0.59985 0.0168279 0.0251688 0.12223
0 0.629558 0.408617 0.0204866 0.0380822 0.121964
0 0.38954 0.208558 0.0111535 0.0235658 0.121144
0 0.283407 0.315026 0.0140767 0.0245634 0.120962
0 0.581622 0.580771 0.019234 0.03327 0.120615
0 0.626611 0.406474 0.0181887 0.0383762 0.120542
0 0.64083 0.923728 0.0159932 0.025914 0.12054
0 0.669744 0.647623 0.0166857 0.0321703 0.120155
0 0.0179843 0.0759392 0.0125151 0.0224379 0.119945
0 0.40782 0.0939922 0.00997098 0.0179549 0.119921
0 0.54049 0.48604 0.0198019 0.0403227 0.119827
0 0.118603 0.460123 0.0160222 0.0261185 0.119212
0 0.64641 0.744364 0.0132104 0.032235 0.119097
0 0.622497 0.0356286 0.0153484 0.0299189 0.118932
0 0.51826 0.584333 0.0171038 0.0189569 0.11832
0 0.169236 0.159486 0.0152781 0.0319527 0.11768
0 0.565422 0.866726 0.0139694 0.0232493 0.117256
0 0.31544 0.0120274 0.0155828 0.020369 0.117042
0 0.538095 0.608314 0.0166922 0.0246613 0.11682
0 0.485534 0.864807 0.0169561 0.0291829 0.116686
0 0.135565 0.0867198 0.0159617 0.0271078 0.116342
0 0.73057 0.332121 0.020237 0.0274411 0.115961
0 0.216891 0.182085 0.0169678 0.0331058 0.115953
0 0.534197 0.569895 0.0152148 0.0274437 0.115789
0 0.24873 0.0663573 0.0117145 0.0298657 0.115603
0 0.436925 0.475744 0.0103846 0.0281921 0.115457
0 0.352158 0.94021 0.00923249 0.0247019 0.115332
0 0.579079 0.048825 0.0180555 0.0329791 0.115255
0 0.255498 0.818702 0.0152976 0.0268985 0.115024
0 0.780165 0.603447 0.012346 0.0279081 0.11473
0 0.404162 0.175192 0.0146199 0.020506 0.114686
0 0.678935 0.404484 0.0102928 0.0217563 0.114664
0 0.439884 0.435047 0.0196974 0.0345764 0.114489
0 0.389106 0.986314 0.0199476 0.0264096 0.114268
0 0.197692 0.775482 0.0166444 0.026953 0.11424
0 0.557367 0.59381 0.0146634 0.0272647 0.114166
0 0.93961 0.801711 0.0188478 0.0389228 0.114141
0 0.499048 0.939427 0.0120083 0.0287248 0.114038
0 0.377984 0.0594873 0.0130391 0.0345176 0.113926
0 0.53019 0.301958 0.00972843 0.0255366 0.113745
0 0.438982 0.717614 0.0157928 0.0221151 0.113739
0 0.43976 0.131606 0.0129799 0.0306836 0.113538
0 0.0753807 0.409548 0.0175221 0.0288109 0.113431
0 0.487583 0.9817 0.0197557 0.0337717 0.113261
0 0.628368 0.659001 0.015564 0.0256544 0.112466
0 0.832538 0.0261228 0.0276257 0.0502853 0.112428
0 0.471107 0.0107907 0.0155015 0.0191822 0.111724
0 0.303878 0.356814 0.0102654 0.0215735 0.111485
0 0.25538 0.557759 0.0196065 0.0381512 0.111353
0 0.491867 0.933004 0.0131292 0.0317946 0.111311
0 0.440704 0.135798 0.0122117 0.0303535 0.111278
0 0.284767 0.882497 0.0199468 0.0324402 0.111098
0 0.0918102 0.378418 0.0165972 0.0296239 0.110972
0 0.960079 0.413721 0.0178303 0.0316544 0.110743
0 0.58877 0.81417 0.0223558 0.0464432 0.110658
0 0.196518 0.599813 0.0194827 0.0329 0.110583
0 0.516495 0.423866 0.0121918 0.0192086 0.110579
0 0.713394 0.754669 0.0150534 0.0415622 0.110476
0 0.0779315 0.614002 0.0179974 0.0301105 0.110461
0 0.410327 0.574083 0.017297 0.0296943 0.110454
0 0.439999 0.965121 0.0157433 0.0217265 0.110357
0 0.917484 0.357276 0.0165051 0.0254807 0.110331
0 0.379397 0.266164 0.0194263 0.0325772 0.110304
0 0.465013 0.970859 0.0199949 0.0219941 0.110294
0 0.664075 0.880485 0.014519 0.0320401 0.109943
0 0.670199 0.59969 0.0167509 0.0274146 0.10994
0 0.199942 0.0808471 0.0201834 0.030676 0.109732
0 0.939938 0.491008 0.0140945 0.0253093 0.109474
0 0.165801 0.591432 0.0130148 0.0194123 0.109445
0 0.778916 0.484345 0.0172527 0.0277508 0.10935
0 0.200837 0.0373545 0.0200342 0.0299373 0.109123
0 0.588437 0.24285 0.0191373 0.0335946 0.108909
0 0.57785 0.043359 0.0192848 0.0325873 0.108837
0 0.321584 0.30064 0.017618 0.0283295 0.10855
0 0.779844 0.285278 0.0147386 0.0217906 0.108511
0 0.610632 0.0334362 0.0236387 0.0303983 0.108247
0 0.757981 0.407991 0.0155689 0.0388582 0.108221
0 0.188045 0.206046 0.0142763 0.03135 0.107762
0 0.848631 0.835769 0.0142914 0.0282708 0.107293
0 0.84831 0.609116 0.0161259 0.0269416 0.107066
0 0.188476 0.379267 0.0145981 0.0298923 0.107062
0 0.0230223 0.562944 0.0163689 0.0304376 0.10673
0 0.33143 0.846369 0.00876176 0.027142 0.106598
0 0.31258 0.155632 0.0144554 0.0189238 0.106403
0 0.50832 0.015597 0.01861 0.0306709 0.106098
0 0.0786544 0.686576 0.0182991 0.0311323 0.106011
0 0.506234 0.772364 0.0136894 0.0206436 0.105897
0 0.0391514 0.3228 0.0149556 0.0283806 0.105847
0 0.374162 0.158504 0.0250785 0.0361714 0.105601
0 0.155803 0.159286 0.0127433 0.0301949 0.105117
0 0.545934 0.321576 0.014912 0.0296878 0.105042
0 0.266216 0.371426 0.0177552 0.0353466 0.105001
0 0.44357 0.435171 0.0185441 0.0339269 0.104895
0 0.183868 0.20269 0.0169683 0.0338762 0.104787
0 0.0640859 0.0931568 0.0165372 0.0232244 0.104537
0 0.315536 0.00797818 0.0155819 0.0159445 0.104519
0 0.400326 0.875494 0.0118688 0.0254628 0.104148
0 0.344889 0.890959 0.0182388 0.0263771 0.10396
0 0.0157437 0.191589 0.0191811 0.0353457 0.103678
0 0.00800249 0.332279 0.015936 0.0509622 0.103621
0 0.309729 0.0379779 0.0198118 0.0323889 0.103434
0 0.0842998 0.236568 0.0149245 0.0327883 0.10326
0 0.193112 0.0796755 0.0112903 0.0278969 0.103084
0 0.718412 0.29033 0.0100439 0.0210792 0.102976
0 0.889234 0.929531 0.0144485 0.0257324 0.102916
0 0.359691 0.24443 0.0143999 0.0220886 0.102798
0 0.17464 0.686883 0.0146608 0.0240142 0.102582
0 0.573317 0.896153 0.0185417 0.0319543 0.102506
0 0.316962 0.634909 0.0179333 0.029022 0.102452
0 0.317458 0.669158 0.0142701 0.0246832 0.102384
0 0.0362985 0.528572 0.0138219 0.0224868 0.102091
0 0.632332 0.0389856 0.0187836 0.0257392 0.102006
0 0.647142 0.89386 0.0121908 0.0293182 0.101966
0 0.235443 0.0489067 0.0176966 0.0334456 0.101837
0 0.855635 0.766611 0.0162731 0.0327864 0.101545
0 0.916028 0.844346 0.0208752 0.0225508 0.101405
0 0.541737 0.559042 0.0114143 0.0215982 0.101391
0 0.32537 0.413018 0.0113568 0.0291092 0.101205
0 0.0956925 0.0190898 0.0179146 0.0312277 0.101172
0 0.20784 0.360479 0.0162527 0.0238419 0.101073
0 0.863189 0.32719 0.0195324 0.0288993 0.101024
0 0.462943 0.546493 0.0181014 0.032871 0.100635
0 0.169756 0.56794 0.0120372 0.0234526 0.100536
0 0.384479 0.935961 0.0196159 0.0394626 0.100529
0 0.995415 0.211615 0.00917028 0.0346112 0.100472
0 0.857356 0.720993 0.00932999 0.0287882 0.100462
0 0.235855 0.0521721 0.0141894 0.0284747 0.1004
0 0.846665 0.715227 0.0216652 0.0325548 0.100083
