0 0.868383 0.348558 0.0280483 0.0472126 0.696781
0 0.806479 0.71194 0.0317661 0.0487588 0.696523
0 0.613114 0.181221 0.0170273 0.0373664 0.634318
0 0.7196 0.361622 0.0156387 0.0251126 0.617889
0 0.907834 0.877151 0.0150871 0.0239543 0.615321
0 0.881372 0.929539 0.0158699 0.0232344 0.607297
0 0.796539 0.986774 0.0152173 0.0224673 0.604955
0 0.711907 0.144138 0.0148813 0.0194098 0.599285
0 0.7157 0.108902 0.0142364 0.0201284 0.597294
0 0.57485 0.0881274 0.0151511 0.0198784 0.595476
0 0.743769 0.156365 0.0130939 0.0221829 0.594047
0 0.120622 0.968068 0.0146325 0.0241297 0.591697
0 0.701736 0.375438 0.0141016 0.0213472 0.585968
0 0.561762 0.111567 0.01255 0.0188978 0.584968
0 0.739692 0.480726 0.0135075 0.0251256 0.584818
0 0.061907 0.207616 0.0147572 0.0222373 0.584528
0 0.726689 0.166142 0.013753 0.0183697 0.583101
0 0.700741 0.24732 0.0130434 0.0224659 0.582686
0 0.748034 0.250448 0.0145152 0.0188889 0.581447
0 0.733144 0.389107 0.0139341 0.0227659 0.579039
0 0.00820625 0.219489 0.0157915 0.0222215 0.578584
0 0.735319 0.100229 0.0145772 0.0178712 0.577559
0 0.0602021 0.243542 0.014298 0.0183162 0.577451
0 0.558511 0.0494929 0.0139744 0.0229684 0.576155
0 0.891808 0.853952 0.0151651 0.0216807 0.575804
0 0.810895 0.962838 0.0145584 0.022 0.574904
0 0.0259535 0.240248 0.0145534 0.0208192 0.573834
0 0.598209 0.942608 0.0131959 0.0183275 0.572333
0 0.844066 0.537693 0.0165741 0.0285958 0.571721
0 0.777569 0.0475631 0.0134645 0.0193489 0.571613
0 0.689481 0.675532 0.0143961 0.0217572 0.571201
0 0.716202 0.39669 0.0146166 0.0218229 0.571141
0 0.0458434 0.187803 0.014741 0.0183439 0.570594
0 0.577326 0.130429 0.0126995 0.0215775 0.570171
0 0.7528 0.0886104 0.0140942 0.0182858 0.569122
0 0.894612 0.902653 0.0147228 0.0229285 0.568366
0 0.879148 0.880633 0.0160397 0.0219947 0.566645
0 0.867338 0.955713 0.016313 0.0245048 0.56348
0 0.733203 0.23024 0.0153013 0.0202854 0.562439
0 0.111795 0.269732 0.014174 0.0195292 0.560776
0 0.0795381 0.23022 0.0143336 0.0175384 0.559148
0 0.937653 0.713131 0.0350407 0.0523205 0.558752
0 0.728434 0.260587 0.0119736 0.0181312 0.558105
0 0.989816 0.985626 0.0201077 0.0279214 0.557055
0 0.599188 0.0337341 0.0140331 0.0237847 0.555526
0 0.595662 0.192716 0.0142363 0.0235321 0.555475
0 0.783789 0.0117114 0.0150023 0.0193803 0.555209
0 0.610162 0.920121 0.0136813 0.0192969 0.554787
0 0.659117 0.14197 0.0135592 0.0193572 0.554474
0 0.161323 0.985472 0.0153637 0.0249846 0.554458
0 0.392429 0.010331 0.0120297 0.0188867 0.553886
0 0.722361 0.454546 0.0128511 0.01941 0.553822
0 0.158003 0.0967897 0.0141613 0.0201405 0.552997
0 0.037006 0.320129 0.0127763 0.0206415 0.552084
0 0.0477516 0.154255 0.0129821 0.0190457 0.552062
0 0.674895 0.164533 0.012716 0.0201144 0.551802
0 0.734991 0.352562 0.0126196 0.0217725 0.551745
0 0.860087 0.849694 0.0142487 0.0196157 0.551218
0 0.129385 0.290902 0.0141345 0.020772 0.549994
0 0.741655 0.542676 0.0135952 0.0209271 0.54824
0 0.909932 0.929075 0.0124151 0.0243357 0.547175
0 0.429489 0.0213242 0.0121872 0.0176653 0.546762
0 0.113063 0.302338 0.0131913 0.0219044 0.546428
0 0.743194 0.284704 0.0141443 0.0199158 0.545853
0 0.739592 0.582355 0.0123318 0.021346 0.545316
0 0.771127 0.210076 0.0140666 0.0180137 0.544656
0 0.664123 0.10387 0.0134939 0.0215833 0.544365
0 0.709481 0.177514 0.0129759 0.0221887 0.544237
0 0.935463 0.875712 0.0145549 0.0205387 0.544194
0 0.637232 0.0221671 0.012948 0.0181326 0.543319
0 0.529893 0.145801 0.012973 0.0180617 0.54313
0 0.731977 0.515184 0.0139107 0.022777 0.540096
0 0.246624 0.0970361 0.0123381 0.018429 0.539738
0 0.730157 0.134237 0.0142527 0.0224611 0.539655
0 0.586632 0.967845 0.0146954 0.021267 0.537294
0 0.709282 0.426566 0.0128255 0.019098 0.536643
0 0.270259 0.277972 0.014027 0.0216448 0.536492
0 0.76833 0.112764 0.0147654 0.0188568 0.53537
0 0.697723 0.122844 0.0127785 0.0177336 0.535085
0 0.596748 0.162638 0.0139451 0.0221354 0.534265
0 0.261439 0.156923 0.0128386 0.0191036 0.533889
0 0.771355 0.0812411 0.0121642 0.0192395 0.533738
0 0.714356 0.618702 0.0144674 0.0203092 0.533309
0 0.762018 0.146915 0.0142929 0.0188998 0.533128
0 0.617614 0.0341258 0.0125256 0.0194645 0.532786
0 0.00558791 0.277287 0.0111758 0.0187656 0.532129
0 0.618623 0.304237 0.0160137 0.0278667 0.531637
0 0.0279238 0.201737 0.0135677 0.0218465 0.530978
0 0.0819713 0.194296 0.014653 0.0200596 0.530942
0 0.678338 0.131283 0.0128659 0.0177373 0.530924
0 0.240801 0.195338 0.0126091 0.0185434 0.530721
0 0.548354 0.0964663 0.0123992 0.0192611 0.530704
0 0.696997 0.407426 0.0134249 0.0183258 0.530518
0 0.267137 0.0496018 0.0119945 0.0178363 0.530252
0 0.672653 0.698143 0.0128007 0.0190735 0.529951
0 0.690065 0.0247701 0.0123764 0.0173889 0.529447
0 0.204409 0.044072 0.0114882 0.0184723 0.529193
0 0.746681 0.034607 0.0124457 0.0191782 0.529191
0 0.765934 0.989339 0.0131907 0.0201006 0.529106
0 0.591774 0.0733256 0.0141422 0.021696 0.529032
0 0.0425338 0.221621 0.0146083 0.0180635 0.52882
0 0.687508 0.0608132 0.0133274 0.0201547 0.52844
0 0.462785 0.588988 0.0159819 0.0218271 0.528025
0 0.172718 0.150862 0.0126951 0.0181181 0.527881
0 0.614444 0.263105 0.0163314 0.0343487 0.527206
0 0.269018 0.313706 0.0167143 0.0219997 0.527158
0 0.129283 0.254376 0.012637 0.0182455 0.526574
0 0.136275 0.989612 0.0173775 0.0199648 0.525901
0 0.0720784 0.0288534 0.0142134 0.0213483 0.52567
0 0.486852 0.091787 0.0137651 0.0179018 0.525455
0 0.12761 0.940787 0.0133124 0.0211847 0.524689
0 0.143904 0.96317 0.0135946 0.0206116 0.524584
0 0.72864 0.421004 0.0126148 0.0211963 0.524477
0 0.703407 0.462314 0.0130475 0.0205863 0.52395
0 0.0392293 0.28884 0.0151465 0.0164367 0.523125
0 0.738742 0.19302 0.0122157 0.0194606 0.522604
0 0.20789 0.157937 0.0140883 0.0208201 0.522543
0 0.0663559 0.137128 0.0145733 0.0209364 0.521327
0 0.684369 0.22682 0.0141682 0.0210921 0.521104
0 0.759236 0.0561114 0.0134968 0.01849 0.520663
0 0.574578 0.058781 0.0126612 0.018617 0.519737
0 0.450891 0.616643 0.0135467 0.0226139 0.518596
0 0.683256 0.0962591 0.014336 0.0185249 0.518574
0 0.757862 0.180398 0.0127323 0.0180311 0.517952
0 0.679967 0.261428 0.0131849 0.0203631 0.517876
0 0.678553 0.590647 0.0154844 0.0187414 0.517814
0 0.501817 0.110786 0.0116617 0.019006 0.517803
0 0.0283317 0.166722 0.0135378 0.0187869 0.516531
0 0.715814 0.234944 0.0130535 0.0200144 0.516152
0 0.704417 0.652364 0.014243 0.0195643 0.51604
0 0.692247 0.56929 0.0124521 0.0199156 0.515974
0 0.192741 0.101054 0.0140295 0.0192476 0.515782
0 0.472926 0.0750667 0.0126669 0.0216129 0.515574
0 0.592769 0.0960988 0.0146727 0.0177828 0.515316
0 0.66093 0.276105 0.0141896 0.0188894 0.515248
0 0.103102 0.947008 0.0138359 0.0231444 0.515031
0 0.734484 0.61524 0.0125066 0.0226502 0.514537
0 0.775851 0.176281 0.0131076 0.0196664 0.514335
0 0.648904 0.698967 0.0121091 0.0190941 0.513946
0 0.923587 0.900213 0.0146881 0.0186005 0.513941
0 0.678778 0.416299 0.0139189 0.0211602 0.513546
0 0.453798 0.0144582 0.012099 0.019719 0.513296
0 0.191076 0.17015 0.0133967 0.0180225 0.512802
0 0.0328041 0.131004 0.0129499 0.0196393 0.512722
0 0.404902 0.0292154 0.0122102 0.0176947 0.512229
0 0.781893 0.96491 0.0143658 0.0202762 0.511754
0 0.0654502 0.17155 0.0127467 0.0185162 0.511164
0 0.645848 0.116984 0.0134734 0.0195226 0.510492
0 0.689607 0.346082 0.0135735 0.0218001 0.510254
0 0.165242 0.030105 0.0128731 0.0178195 0.51017
0 0.0597827 0.274333 0.0139073 0.0186212 0.510121
0 0.552699 0.139243 0.0123184 0.0196899 0.509962
0 0.762394 0.0210142 0.0120155 0.0181477 0.509884
0 0.933338 0.822321 0.0145531 0.0208147 0.5097
0 0.0970768 0.212674 0.0128616 0.0185272 0.509384
0 0.0725689 0.358177 0.0145013 0.0201987 0.508464
0 0.00463008 0.346147 0.00926016 0.0187507 0.508272
0 0.721428 0.585886 0.0130742 0.0179993 0.508204
0 0.839803 0.960685 0.0127407 0.0222178 0.507871
0 0.117849 0.198871 0.0120554 0.0180118 0.507576
0 0.595561 0.129031 0.0122423 0.0207511 0.507517
0 0.483137 0.0481534 0.0130528 0.020359 0.506813
0 0.747404 0.12453 0.0138603 0.0166838 0.506424
0 0.0949656 0.312738 0.013637 0.019349 0.50626
0 0.701946 0.495662 0.0135929 0.0224535 0.505598
0 0.208786 0.0822494 0.0120366 0.0184569 0.505456
0 0.719333 0.487611 0.0121302 0.0173394 0.505259
0 0.466084 0.637195 0.0128904 0.0204307 0.504772
0 0.66552 0.237913 0.0124596 0.0178171 0.503218
0 0.726485 0.548444 0.0136822 0.0193601 0.503144
0 0.690287 0.188073 0.0137205 0.0178861 0.50292
0 0.729542 0.0087931 0.0139022 0.0164961 0.501926
0 0.713505 0.268638 0.0129372 0.0182816 0.50141
0 0.633131 0.519947 0.0125559 0.0206635 0.501087
0 0.672613 0.33305 0.0136398 0.0166957 0.501058
0 0.688448 0.925557 0.0371613 0.0561195 0.500937
0 0.0799997 0.262169 0.0136772 0.0199322 0.500378
0 0.920181 0.850658 0.0149329 0.0218977 0.500105
0 0.710839 0.0138605 0.0123749 0.017202 0.499855
0 0.0558651 0.338906 0.0134346 0.0214115 0.498835
0 0.633246 0.0576924 0.012622 0.0182176 0.498678
0 0.0704832 0.0998609 0.0132677 0.0181856 0.498451
0 0.28631 0.292754 0.0145091 0.0220622 0.498225
0 0.765712 0.24217 0.0121396 0.0172065 0.497629
0 0.86558 0.908354 0.0159206 0.0212799 0.497276
0 0.621559 0.898629 0.0136834 0.0212101 0.49663
0 0.193749 0.0658214 0.0121808 0.0166256 0.4965
0 0.852402 0.935652 0.0136346 0.0209408 0.496399
0 0.0107148 0.146256 0.014255 0.0179817 0.495792
0 0.206019 0.194118 0.0130672 0.0180899 0.495775
0 0.149053 0.275308 0.0142642 0.0209038 0.495288
0 0.503499 0.154336 0.0115328 0.0162486 0.495171
0 0.932847 0.149375 0.0237568 0.0377277 0.494842
0 0.666329 0.071964 0.0130683 0.0196617 0.494818
0 0.10923 0.334238 0.0142016 0.0189408 0.494722
0 0.172859 0.187885 0.0131649 0.0169544 0.492498
0 0.120226 0.161758 0.0135093 0.0187404 0.49248
0 0.629231 0.554177 0.012487 0.018715 0.491819
0 0.571203 0.885776 0.0135214 0.0184892 0.491743
0 0.626845 0.426883 0.0128568 0.0198189 0.491225
0 0.203391 0.267946 0.0125592 0.0201856 0.49107
0 0.703748 0.216714 0.012598 0.0197676 0.4905
0 0.434314 0.0649064 0.012351 0.0163791 0.489917
0 0.689286 0.618572 0.0132614 0.0190057 0.48984
0 0.720415 0.201266 0.0132534 0.0201714 0.489588
0 0.420447 0.0459044 0.0124943 0.0183988 0.489134
0 0.103737 0.142205 0.012601 0.0189401 0.488983
0 0.667789 0.368987 0.0124219 0.0185501 0.488769
0 0.677088 0.294865 0.0132151 0.019849 0.488726
0 0.709071 0.557657 0.0122875 0.0172564 0.487896
0 0.158389 0.0590477 0.0134192 0.0190382 0.487841
0 0.382403 0.188868 0.0118482 0.0175827 0.487783
0 0.0837206 0.156748 0.0132344 0.0197556 0.486692
0 0.173989 0.114992 0.0127674 0.0170931 0.485806
0 0.723846 0.0369818 0.0109334 0.0180988 0.485344
0 0.741004 0.0679651 0.0122803 0.0179838 0.485258
0 0.0739948 0.330005 0.0142097 0.0190458 0.483514
0 0.974781 0.793724 0.0159224 0.0234192 0.483472
0 0.797385 0.940925 0.0131158 0.0206967 0.483329
0 0.724301 0.297601 0.0122109 0.0141652 0.483224
0 0.569108 0.155036 0.0119405 0.0212508 0.481794
0 0.653671 0.343241 0.011806 0.0178075 0.481436
0 0.561847 0.550095 0.014485 0.0228983 0.481142
0 0.142098 0.611665 0.0144783 0.0220341 0.480632
0 0.752905 0.346088 0.0124812 0.0208222 0.480619
0 0.366783 0.171237 0.0127829 0.0179726 0.480479
0 0.152144 0.63862 0.0125729 0.0259432 0.480218
0 0.265238 0.192321 0.0119189 0.0169508 0.479889
0 0.824722 0.989148 0.0150753 0.0182263 0.479815
0 0.152442 0.239081 0.0133708 0.0205395 0.479702
0 0.739738 0.444584 0.0125298 0.0191454 0.479425
0 0.45789 0.0572627 0.0140152 0.0164003 0.479242
0 0.713951 0.525717 0.0133583 0.0184799 0.479108
0 0.954598 0.243763 0.0366383 0.0504247 0.479008
0 0.752143 0.214014 0.0126244 0.0171978 0.478097
0 0.525255 0.100388 0.0134481 0.0158165 0.477146
0 0.453258 0.277488 0.0122705 0.017158 0.476346
0 0.693316 0.153138 0.01192 0.0174712 0.476021
0 0.46112 0.0993174 0.0121721 0.0167102 0.47512
0 0.0350833 0.0575738 0.0133868 0.0193322 0.473175
0 0.61449 0.223836 0.0158557 0.0341557 0.472504
0 0.114692 0.232929 0.0124647 0.0176164 0.468754
0 0.564506 0.0101005 0.0141836 0.017999 0.466515
0 0.0165336 0.0371495 0.0127215 0.0182162 0.466376
0 0.892653 0.8035 0.0126579 0.0207174 0.466069
0 0.542861 0.165051 0.0130185 0.0186189 0.465539
0 0.416897 0.310785 0.0118864 0.0174043 0.465066
0 0.315755 0.188672 0.0116441 0.0180314 0.464131
0 0.0574005 0.306423 0.0153978 0.0174862 0.463725
0 0.425123 0.668031 0.0155422 0.0227667 0.463465
0 0.681982 0.548914 0.0147025 0.0200536 0.463151
0 0.0165415 0.0740626 0.0137063 0.0169076 0.462799
0 0.583597 0.0225091 0.0128078 0.0190327 0.462706
0 0.151593 0.013077 0.0134772 0.0189955 0.462526
0 0.65709 0.76489 0.0138774 0.0198822 0.462055
0 0.622718 0.624635 0.0144425 0.0204013 0.461979
0 0.0538354 0.0420032 0.0118826 0.0190073 0.461724
0 0.140902 0.0398748 0.0143286 0.0200467 0.461599
0 0.654103 0.507913 0.0130281 0.0219323 0.461177
0 0.0779384 0.293188 0.0136744 0.018841 0.460969
0 0.700628 0.590752 0.0136053 0.0211344 0.460775
0 0.664832 0.670023 0.0124475 0.0173318 0.460722
0 0.558299 0.18113 0.013422 0.0189415 0.460607
0 0.699955 0.702827 0.0134851 0.0198051 0.460007
0 0.721587 0.329571 0.012743 0.0188859 0.459634
0 0.00418922 0.0188041 0.00830218 0.0180828 0.458884
0 0.652486 0.0476616 0.0129756 0.0163363 0.458619
0 0.124125 0.0915926 0.0142351 0.0190574 0.457238
0 0.131879 0.560308 0.0226342 0.0290924 0.455916
0 0.170725 0.223153 0.0127515 0.018992 0.455849
0 0.645996 0.58068 0.0132076 0.0177998 0.455736
0 0.15672 0.134341 0.0129326 0.0184887 0.455185
0 0.273788 0.130764 0.0127289 0.0154163 0.454375
0 0.160143 0.910609 0.0140833 0.0180016 0.454294
0 0.648403 0.0831375 0.0129273 0.017589 0.453494
0 0.49644 0.066404 0.0132189 0.0161122 0.453256
0 0.640102 0.149306 0.0128049 0.0161462 0.452639
0 0.137312 0.183708 0.0131502 0.0192551 0.45262
0 0.664562 0.565723 0.0141832 0.0165717 0.450151
0 0.123438 0.0571552 0.0134704 0.0201312 0.449858
0 0.608453 0.811756 0.0134014 0.018417 0.449841
0 0.520773 0.058948 0.0116231 0.0179812 0.449728
0 0.102393 0.178036 0.0138822 0.0173005 0.449374
0 0.152773 0.204083 0.0146124 0.0173501 0.448829
0 0.697842 0.283807 0.0121356 0.0189807 0.448294
0 0.189205 0.211648 0.0131728 0.018363 0.448231
0 0.529421 0.029314 0.0128801 0.0191251 0.446595
0 0.13588 0.222557 0.0120807 0.0175757 0.445836
0 0.343485 0.222024 0.0143722 0.0163619 0.445761
0 0.340734 0.18129 0.0122478 0.0168443 0.445728
0 0.656256 0.177419 0.0119495 0.0174494 0.444404
0 0.724733 0.843686 0.0150873 0.0221161 0.444176
0 0.170535 0.259785 0.0141142 0.0202065 0.443757
0 0.443843 0.040649 0.0103951 0.0174729 0.442792
0 0.610984 0.566897 0.0132065 0.0195502 0.442514
0 0.69023 0.310867 0.0130447 0.0175465 0.442507
0 0.514419 0.127697 0.0121929 0.0181041 0.442408
0 0.183144 0.702295 0.0142452 0.0237366 0.441641
0 0.0932747 0.3473 0.0126202 0.0205545 0.440561
0 0.166706 0.681778 0.0136349 0.0190381 0.43983
0 0.60179 0.98447 0.014661 0.0204753 0.439591
0 0.586528 0.217907 0.0143328 0.0211993 0.438642
0 0.184306 0.282303 0.0137787 0.0219843 0.438456
0 0.571609 0.200049 0.0107226 0.0181089 0.438176
0 0.284054 0.105473 0.0117043 0.0164354 0.438038
0 0.602325 0.636592 0.0141782 0.0191536 0.43799
0 0.473819 0.516526 0.0150663 0.0234166 0.435999
0 0.137463 0.912359 0.0121642 0.0212203 0.435912
0 0.663564 0.402241 0.0119996 0.0173465 0.435781
0 0.510671 0.0854237 0.0118092 0.0223337 0.433494
0 0.223517 0.213666 0.0116059 0.0177454 0.433334
0 0.370285 0.214993 0.0121221 0.019056 0.432304
0 0.649341 0.542951 0.0123468 0.0180229 0.431307
0 0.0399333 0.258342 0.0140286 0.0209926 0.430431
0 0.17926 0.0502993 0.0130698 0.0155342 0.430314
0 0.152617 0.936991 0.0120506 0.0171258 0.430293
0 0.876364 0.826307 0.0145988 0.0181586 0.430109
0 0.271693 0.0895317 0.0117287 0.0151324 0.430036
0 0.616341 0.841802 0.0134584 0.0206787 0.430003
0 0.706921 0.301877 0.0122437 0.0185918 0.429423
0 0.170851 0.654028 0.0128756 0.0225524 0.428092
0 0.302661 0.168768 0.0127555 0.0160279 0.427043
0 0.611794 0.140168 0.0162676 0.0325558 0.426699
0 0.176806 0.932872 0.012961 0.0191542 0.425556
0 0.896002 0.955227 0.0142387 0.020421 0.42537
0 0.651907 0.734221 0.0132686 0.0189328 0.424709
0 0.235822 0.121899 0.0128762 0.0176453 0.424231
0 0.0213394 0.333669 0.0130494 0.0176726 0.423228
0 0.0519527 0.0800514 0.0129599 0.0181851 0.422885
0 0.0337637 0.0939231 0.0130651 0.0190016 0.422081
0 0.224511 0.145167 0.0115558 0.0202575 0.421418
0 0.959851 0.823921 0.0124649 0.0197784 0.419047
0 0.656365 0.0137595 0.015118 0.0163366 0.418916
0 0.782424 0.14236 0.0105064 0.0161815 0.418862
0 0.540317 0.117767 0.0119073 0.0155024 0.418616
0 0.948195 0.847553 0.0134865 0.0182838 0.418052
0 0.338186 0.137001 0.0116426 0.0173875 0.418012
0 0.0860946 0.120615 0.0111598 0.0180074 0.417708
0 0.534935 0.0759866 0.0117131 0.0187142 0.416308
0 0.42423 0.244 0.0104256 0.0170619 0.413955
0 0.157282 0.169782 0.0129433 0.0171566 0.413708
0 0.277626 0.175768 0.0120403 0.0155923 0.413704
0 0.60773 0.601499 0.0122321 0.0195199 0.413568
0 0.628476 0.094798 0.012396 0.0192198 0.412848
0 0.640447 0.449276 0.0125034 0.0188407 0.412529
0 0.533159 0.189499 0.0113317 0.0164481 0.412252
0 0.0360526 0.0212043 0.0135868 0.0191014 0.411644
0 0.573649 0.525271 0.0140701 0.0231444 0.41042
0 0.2086 0.123103 0.0119232 0.0188389 0.410402
0 0.246416 0.570462 0.0122934 0.0226346 0.410384
0 0.351834 0.153197 0.0106319 0.0171597 0.410159
0 0.0866275 0.0839867 0.0130117 0.0211545 0.409849
0 0.67187 0.744977 0.0135246 0.0181037 0.40906
0 0.75755 0.309181 0.0132666 0.0175492 0.408571
0 0.589779 0.891802 0.0128073 0.0160078 0.408024
0 0.00777537 0.252929 0.0142405 0.0183317 0.407851
0 0.854285 0.438321 0.0148769 0.02774 0.407825
0 0.452377 0.969762 0.0137062 0.0220201 0.407447
0 0.621705 0.464013 0.014758 0.0171053 0.407178
0 0.846363 0.878623 0.020914 0.0326881 0.40643
0 0.140735 0.075529 0.01207 0.0171518 0.406413
0 0.174903 0.0806671 0.0148681 0.0197417 0.405745
0 0.0221834 0.26957 0.0144492 0.017775 0.404868
0 0.416952 0.158617 0.0108379 0.0164999 0.404629
0 0.228904 0.0358122 0.0107595 0.0185187 0.404558
0 0.670057 0.202083 0.0114359 0.0174385 0.403292
0 0.319914 0.230723 0.0125014 0.0178741 0.401515
0 0.671183 0.0362538 0.0118441 0.0153616 0.401333
0 0.0508491 0.11734 0.0130882 0.0171719 0.400083
0 0.674287 0.00660632 0.0134699 0.0132126 0.399486
0 0.64529 0.414746 0.0122144 0.0193036 0.399296
0 0.506345 0.0404628 0.0120042 0.0203787 0.398339
0 0.0902098 0.0129235 0.0143161 0.0215539 0.398336
0 0.104002 0.104562 0.0124141 0.0166286 0.398306
0 0.987056 0.247088 0.0227665 0.0330576 0.397778
0 0.335352 0.24853 0.0120267 0.0160863 0.395182
0 0.475305 0.564408 0.0165016 0.0220768 0.393162
0 0.621679 0.748991 0.0132627 0.0206262 0.393092
0 0.260915 0.114746 0.0109897 0.0173999 0.392262
0 0.437507 0.641387 0.0164484 0.0275578 0.392093
0 0.727174 0.642759 0.0113507 0.015112 0.391553
0 0.291526 0.262788 0.0138549 0.0220293 0.390344
0 0.49457 0.62985 0.0159534 0.0223043 0.389335
0 0.297918 0.124904 0.0114585 0.0160995 0.388951
0 0.190452 0.0256384 0.0125474 0.0149352 0.388633
0 0.0965762 0.249149 0.0144232 0.0177067 0.387475
0 0.287389 0.149517 0.0110764 0.0188243 0.386276
0 0.0169043 0.30075 0.0126988 0.0195168 0.383666
0 0.676807 0.646037 0.0151061 0.0165603 0.383444
0 0.565501 0.85654 0.0128924 0.0206309 0.383404
0 0.140927 0.112383 0.0127507 0.0170523 0.38148
0 0.1075 0.0336822 0.0139396 0.0203738 0.380394
0 0.242848 0.0567369 0.0106423 0.0168712 0.380056
0 0.545185 0.941068 0.0132469 0.0215478 0.379881
0 0.385237 0.234724 0.0119221 0.0166744 0.37863
0 0.574267 0.591263 0.0147168 0.0182382 0.377837
0 0.448845 0.232004 0.0109642 0.0148617 0.377181
0 0.239394 0.01206 0.0134166 0.0196137 0.377177
0 0.00549112 0.309238 0.0109822 0.017714 0.375722
0 0.116904 0.889406 0.0140767 0.0229062 0.375696
0 0.286497 0.334674 0.0140408 0.0211817 0.374237
0 0.854169 0.983246 0.0130375 0.0194929 0.372362
0 0.906271 0.828029 0.014323 0.020874 0.371763
0 0.397758 0.251229 0.0101828 0.0189069 0.371296
0 0.68528 0.385085 0.0119943 0.0161542 0.370945
0 0.524765 0.939977 0.0129736 0.0192658 0.370902
0 0.294838 0.0813048 0.0110949 0.0182176 0.370359
0 0.715706 0.676601 0.0120575 0.0177409 0.370046
0 0.649892 0.937555 0.0141634 0.0191399 0.369408
0 0.505048 0.935465 0.0124371 0.0167789 0.369102
0 0.491778 0.965005 0.0118066 0.0171068 0.369063
0 0.576169 0.242473 0.0124078 0.0152341 0.368351
0 0.312871 0.142673 0.0113196 0.0154382 0.368259
0 0.32667 0.162273 0.0114088 0.0169904 0.368197
0 0.438147 0.500199 0.0153031 0.0209698 0.36656
0 0.219294 0.060646 0.0102159 0.0196811 0.36574
0 0.408907 0.224861 0.012561 0.0153273 0.365285
0 0.0141858 0.112155 0.0139187 0.0187189 0.365205
0 0.671963 0.494338 0.0131613 0.0211453 0.36472
0 0.638813 0.757397 0.0125682 0.0181089 0.363969
0 0.552697 0.883148 0.0136489 0.0173048 0.363733
0 0.54478 0.0425546 0.0106604 0.0196577 0.36315
0 0.307809 0.282342 0.0126377 0.0183419 0.361638
0 0.0545828 0.006839 0.0139342 0.0129676 0.360326
0 0.760141 0.275987 0.0116539 0.0182842 0.359477
0 0.397642 0.956704 0.0153887 0.0212813 0.359219
0 0.390981 0.32043 0.0123718 0.0189445 0.358727
0 0.123337 0.0189117 0.0133632 0.0202441 0.358605
0 0.683657 0.726412 0.0131297 0.0194145 0.358132
0 0.0902341 0.047316 0.012374 0.0204742 0.357629
0 0.329919 0.204646 0.0112351 0.0175215 0.356944
0 0.446047 0.191587 0.0104077 0.0158638 0.356649
0 0.628193 0.590462 0.0120348 0.0191032 0.356521
0 0.214781 0.0186894 0.0124307 0.016026 0.356429
0 0.531584 0.978336 0.0127352 0.0191101 0.356375
0 0.614648 0.534607 0.0143808 0.0206943 0.355204
0 0.987278 0.813047 0.0144123 0.0206919 0.353755
0 0.697246 0.917834 0.0228238 0.0428225 0.353341
0 0.466244 0.297637 0.0106865 0.0195639 0.352121
0 0.590835 0.579293 0.0143608 0.0204632 0.351986
0 0.57958 0.173569 0.012384 0.0169801 0.351387
0 0.408077 0.0702696 0.010078 0.0177493 0.351055
0 0.500169 0.991693 0.0131516 0.0154695 0.35034
0 0.325944 0.268202 0.0126918 0.0167652 0.349948
0 0.426608 0.129736 0.0112488 0.0153711 0.349353
0 0.623577 0.782542 0.0123145 0.015549 0.348227
0 0.00258547 0.054457 0.00517094 0.0200494 0.346441
0 0.107711 0.0707356 0.0127385 0.0173927 0.345782
0 0.374576 0.145626 0.0117868 0.0168122 0.345351
0 0.166214 0.740907 0.0229807 0.0261436 0.344958
0 0.373397 0.258986 0.0114582 0.0171343 0.344911
0 0.690014 0.441558 0.0145713 0.0187752 0.344212
0 0.659173 0.305672 0.0118659 0.0170894 0.342746
0 0.513558 0.96749 0.0123384 0.0186154 0.341434
0 0.478849 0.613125 0.0135654 0.0200245 0.340973
0 0.824629 0.937417 0.0121712 0.0197038 0.340617
0 0.0175094 0.366419 0.0134393 0.0182149 0.340505
0 0.46817 0.031834 0.0114304 0.0162927 0.340493
0 0.357925 0.086336 0.0124694 0.0143678 0.339607
0 0.695665 0.534296 0.0132581 0.0228405 0.339335
0 0.506119 0.603887 0.015898 0.0218629 0.338989
0 0.612515 0.962526 0.0123875 0.0208431 0.338786
0 0.617484 0.334287 0.0188116 0.0293169 0.33873
0 0.220857 0.103501 0.013341 0.0153783 0.336353
0 0.19178 0.138851 0.0120587 0.0187686 0.336275
0 0.647081 0.249917 0.0128441 0.0183796 0.335606
0 0.254219 0.0309703 0.0103816 0.0172644 0.334937
0 0.491999 0.287698 0.0114455 0.0164445 0.334585
0 0.3627 0.285499 0.0121408 0.0177385 0.332851
0 0.652627 0.647017 0.0130043 0.0208598 0.331927
0 0.252938 0.292834 0.013343 0.0211765 0.331132
0 0.305802 0.21022 0.0119886 0.0163376 0.330973
0 0.65698 0.470631 0.0137544 0.0176729 0.33094
0 0.747709 0.375546 0.012273 0.0164371 0.328672
0 0.668691 0.532748 0.0126733 0.0225763 0.328388
0 0.138383 0.148829 0.0119067 0.0176377 0.327984
0 0.347109 0.110796 0.011698 0.0157781 0.327663
0 0.110546 0.91824 0.0127501 0.0223277 0.327286
0 0.110987 0.992109 0.0183095 0.0148309 0.326656
0 0.545093 0.529987 0.0135176 0.0212485 0.325669
0 0.441213 0.305172 0.0107021 0.0198743 0.32511
0 0.458554 0.914437 0.0124903 0.0197879 0.324973
0 0.588756 0.614072 0.0134003 0.0192289 0.324501
0 0.437343 0.261437 0.0114321 0.018028 0.322645
0 0.323539 0.116271 0.0113448 0.0161078 0.322403
0 0.802943 0.00663239 0.0122332 0.0132648 0.322181
0 0.402176 0.142523 0.0123632 0.0150672 0.317803
0 0.57485 0.991102 0.0150513 0.0169098 0.317743
0 0.584552 0.864003 0.0133797 0.0198042 0.316171
0 0.143854 0.883773 0.0156722 0.0220113 0.314149
0 0.674923 0.849859 0.0137234 0.0218562 0.312663
0 0.359336 0.239632 0.0120383 0.0153018 0.311859
0 0.448956 0.124016 0.0104544 0.0164393 0.310874
0 0.465707 0.145127 0.0118069 0.0139773 0.30677
0 0.224382 0.178628 0.0135282 0.0161161 0.305183
0 0.606416 0.77687 0.0129272 0.0174059 0.305089
0 0.837903 0.910424 0.0131329 0.0170834 0.30464
0 0.394093 0.0564246 0.00996828 0.0143398 0.304539
0 0.44002 0.686619 0.0150337 0.0216631 0.304224
0 0.632625 0.222216 0.0147555 0.0185392 0.302518
0 0.539393 0.912125 0.0132325 0.0170741 0.299483
0 0.238448 0.235915 0.0137744 0.015939 0.298981
0 0.556543 0.914092 0.012911 0.0195167 0.298814
0 0.614457 0.715577 0.0142374 0.0172662 0.297615
0 0.147691 0.703373 0.0163249 0.0239754 0.297118
0 0.215839 0.663034 0.0136974 0.0235643 0.296318
0 0.186939 0.246316 0.0161402 0.0170129 0.295824
0 0.670463 0.808677 0.015584 0.0231861 0.295749
0 0.345425 0.0703248 0.00989561 0.0157995 0.293567
0 0.698661 0.805419 0.0153519 0.0248976 0.292545
0 0.927651 0.189923 0.034293 0.0393095 0.291829
0 0.569438 0.465574 0.0129958 0.0197379 0.291736
0 0.346651 0.947178 0.012149 0.018074 0.291102
0 0.563821 0.947932 0.0132349 0.0178389 0.290836
0 0.134191 0.740472 0.0162015 0.0255666 0.290077
0 0.550958 0.978381 0.0125763 0.019392 0.289739
0 0.403037 0.29267 0.0125702 0.0160105 0.28956
0 0.00271647 0.382553 0.00543294 0.0216738 0.288417
0 0.642527 0.789486 0.0129997 0.0169534 0.288387
0 0.618205 0.498579 0.01327 0.0203735 0.286427
0 0.414313 0.267867 0.00858631 0.0191485 0.286195
0 0.455579 0.708473 0.0133883 0.0205981 0.284482
0 0.36531 0.0189751 0.0120469 0.0141708 0.283404
0 0.839785 0.823475 0.0123984 0.01786 0.282183
0 0.637046 0.960852 0.0149796 0.0197223 0.280072
0 0.175732 0.00888274 0.0131647 0.016516 0.279918
0 0.434308 0.219381 0.0103189 0.015741 0.279912
0 0.387035 0.276114 0.0120645 0.0178184 0.27873
0 0.839817 0.778931 0.0131001 0.0163503 0.278586
0 0.232519 0.0809901 0.0127682 0.0135782 0.278267
0 0.356176 0.197445 0.0108136 0.0151094 0.277765
0 0.296712 0.235697 0.0113229 0.0177983 0.276503
0 0.488816 0.537876 0.0145808 0.0215303 0.272544
0 0.634801 0.727917 0.0129211 0.0182841 0.272271
0 0.629978 0.814532 0.0120647 0.0184567 0.271302
0 0.946379 0.793304 0.013681 0.0218204 0.271078
0 0.796854 0.86349 0.0117849 0.0172017 0.2704
0 0.686944 0.471187 0.0142644 0.0184023 0.269287
0 0.440532 0.90736 0.0134287 0.0207662 0.266911
0 0.59624 0.435136 0.0167905 0.0217077 0.266098
0 0.433963 0.965563 0.0141533 0.0257073 0.266052
0 0.639414 0.484963 0.0131945 0.0206163 0.265462
0 0.17221 0.958075 0.0111649 0.0218084 0.26445
0 0.579504 0.832788 0.0143305 0.0198347 0.26314
0 0.987122 0.718906 0.0124962 0.0176456 0.261553
0 0.382137 0.0793711 0.0114141 0.0144912 0.260358
0 0.743797 0.975381 0.0133783 0.0174801 0.259961
0 0.920626 0.80174 0.0123747 0.016554 0.25944
0 0.46472 0.251923 0.011359 0.0141253 0.259092
0 0.394617 0.209037 0.0100264 0.0172822 0.25818
0 0.00987287 0.186001 0.0150234 0.014287 0.257905
0 0.703591 0.0885896 0.011504 0.0179111 0.256809
0 0.52626 0.253131 0.0115484 0.0166864 0.256362
0 0.281779 0.0650726 0.0110417 0.0148976 0.256179
0 0.958299 0.768669 0.0140923 0.0219306 0.255922
0 0.829625 0.855349 0.0109856 0.0173465 0.25532
0 0.624876 0.939532 0.0136779 0.0200851 0.254964
0 0.290978 0.193591 0.0134112 0.0114465 0.253872
0 0.507901 0.199076 0.0111702 0.0156965 0.253792
0 0.596839 0.460689 0.0161271 0.0256223 0.253219
0 0.649219 0.380049 0.0132114 0.0178987 0.25302
0 0.255972 0.22049 0.0130776 0.015875 0.252653
0 0.340257 0.0270075 0.0091828 0.0163223 0.252597
0 0.481057 0.314459 0.0121136 0.0187095 0.252353
0 0.745391 0.408497 0.0131292 0.0192899 0.252052
0 0.534532 0.601466 0.0152636 0.0227656 0.251238
0 0.600985 0.740656 0.0122305 0.0179355 0.249673
0 0.601802 0.867896 0.0129454 0.0192227 0.245563
0 0.677278 0.45945 0.0114499 0.0195753 0.245537
0 0.518547 0.904269 0.0117786 0.0145311 0.245099
0 0.309366 0.0992323 0.0108875 0.0152953 0.244855
0 0.0951145 0.280367 0.0121951 0.0156273 0.243621
0 0.136571 0.586362 0.0160807 0.0200812 0.243192
0 0.681538 0.935456 0.0239294 0.0360287 0.240548
0 0.229214 0.586152 0.0153154 0.0218357 0.239782
0 0.562967 0.379747 0.0120766 0.0182155 0.238839
0 0.786062 0.83901 0.0131924 0.0202932 0.238633
0 0.351632 0.990673 0.0124347 0.0164469 0.238136
0 0.419997 0.196388 0.00963027 0.0160818 0.237784
0 0.542686 0.483129 0.013963 0.0221522 0.233941
0 0.23772 0.269916 0.0128406 0.0186604 0.233692
0 0.37644 0.305315 0.0131014 0.014609 0.233678
0 0.117989 0.753699 0.0160034 0.0226654 0.23248
0 0.444092 0.992675 0.0211649 0.0137156 0.231728
0 0.683814 0.512665 0.0141508 0.0194533 0.231054
0 0.386776 0.122945 0.0117929 0.0137648 0.230451
0 0.404376 0.178324 0.0105835 0.0165598 0.229703
0 0.213076 0.601216 0.0150793 0.0220636 0.229622
0 0.433072 0.877655 0.0143711 0.0189184 0.227935
0 0.704743 0.299319 0.0100791 0.0168594 0.227856
0 0.634019 0.191754 0.0164366 0.0243317 0.226845
0 0.555618 0.447281 0.0137227 0.0177785 0.225919
0 0.88255 0.984949 0.0123734 0.0199799 0.225179
0 0.860905 0.393435 0.0264072 0.0414624 0.222758
0 0.454539 0.170062 0.0109635 0.0144122 0.219863
0 0.548308 0.209164 0.0107004 0.0177124 0.219485
0 0.483582 0.0465101 0.0109417 0.0168956 0.218843
0 0.304949 0.0547318 0.0120083 0.0162134 0.218298
0 0.480047 0.658572 0.014125 0.0213428 0.21806
0 0.430353 0.177697 0.0100754 0.0157353 0.217872
0 0.264225 0.55708 0.0106687 0.0195069 0.217772
0 0.354694 0.0459054 0.0109152 0.0150532 0.217722
0 0.128675 0.325114 0.0129586 0.0198367 0.21666
0 0.166733 0.29849 0.0132411 0.0170453 0.215581
0 0.519555 0.169547 0.00987988 0.0151236 0.21485
0 0.831299 0.608338 0.0182198 0.0278878 0.213715
0 0.384878 0.980844 0.0142328 0.0221554 0.21279
0 0.36847 0.0629132 0.00804437 0.0167714 0.21261
0 0.361388 0.967497 0.0122321 0.0163949 0.212485
0 0.558192 0.179441 0.0113832 0.0157071 0.211157
0 0.75949 0.943044 0.012933 0.0171217 0.210563
0 0.0542552 0.369911 0.0136723 0.0181657 0.208811
0 0.852798 0.798266 0.0121128 0.017867 0.207527
0 0.497183 0.222208 0.0108931 0.0157839 0.206447
0 0.0330254 0.3573 0.0144346 0.0182197 0.205137
0 0.474349 0.0769174 0.0109297 0.0187346 0.203729
0 0.468346 0.683873 0.0165152 0.0231945 0.203566
0 0.452688 0.518743 0.0132492 0.0222759 0.202906
0 0.475927 0.387376 0.0138533 0.0205825 0.199905
0 0.487175 0.492041 0.0145706 0.0205548 0.199406
0 0.368598 0.0614782 0.0105851 0.0147595 0.198968
0 0.46016 0.210398 0.0101063 0.0159555 0.197057
0 0.44242 0.540893 0.0135487 0.0215016 0.196677
0 0.446576 0.0862369 0.010342 0.0137879 0.196613
0 0.789866 0.91969 0.0116306 0.0162794 0.196603
0 0.481767 0.991338 0.0114456 0.0158101 0.19591
0 0.614558 0.660008 0.0120244 0.0196487 0.195807
0 0.651936 0.214844 0.00969518 0.0171198 0.194288
0 0.712781 0.233561 0.0101553 0.017931 0.193525
0 0.634887 0.920499 0.0128811 0.0155228 0.191722
0 0.997438 0.745379 0.00512333 0.0261249 0.191412
0 0.508855 0.65259 0.0138939 0.0229186 0.191317
0 0.565591 0.271186 0.0116862 0.0189618 0.191061
0 0.660707 0.438836 0.0133663 0.0186269 0.190993
0 0.032801 0.393524 0.0155384 0.0192551 0.190829
0 0.273506 0.237387 0.011549 0.0190493 0.190204
0 0.347757 0.267265 0.0122526 0.0187805 0.187983
0 0.633509 0.356803 0.011888 0.0196418 0.18574
0 0.251719 0.366137 0.014704 0.0202587 0.185698
0 0.66206 0.912655 0.0128675 0.0208581 0.182895
0 0.627012 0.127516 0.0128954 0.0188863 0.181039
0 0.430065 0.331636 0.0101175 0.0165771 0.180737
0 0.397568 0.0971269 0.00971127 0.01495 0.180675
0 0.625996 0.982441 0.0157736 0.0172729 0.179171
0 0.768368 0.865689 0.0117523 0.0161163 0.178762
0 0.673012 0.743102 0.0133429 0.0163778 0.177453
0 0.566025 0.424646 0.0148485 0.0182675 0.177186
0 0.433205 0.220635 0.00903463 0.0158174 0.175954
0 0.262418 0.753963 0.0123603 0.0176236 0.175691
0 0.688445 0.309433 0.01147 0.017504 0.174877
0 0.865281 0.77673 0.0140106 0.0171363 0.173566
0 0.749459 0.00504605 0.013559 0.0100921 0.173219
0 0.889527 0.65639 0.0119743 0.0197423 0.173119
0 0.250526 0.407142 0.0157415 0.030421 0.172944
0 0.17073 0.768185 0.0127135 0.0193995 0.172942
0 0.183367 0.789077 0.0122276 0.0169622 0.172801
0 0.491751 0.0204167 0.0116608 0.014793 0.172783
0 0.0703327 0.0657185 0.0113605 0.0178134 0.17149
0 0.409617 0.928199 0.0130554 0.0212941 0.17103
0 0.903113 0.683234 0.0120757 0.0171383 0.170332
0 0.166995 0.0276509 0.0128039 0.0168735 0.170174
0 0.379815 0.0333931 0.00979481 0.0155285 0.168964
0 0.811791 0.920039 0.0132084 0.0187514 0.165902
0 0.473006 0.231069 0.0102522 0.0127141 0.16447
0 0.476261 0.471471 0.0130468 0.0211382 0.162959
0 0.63371 0.875587 0.0120382 0.0173459 0.162008
0 0.452708 0.884244 0.0135562 0.024589 0.161161
0 0.147649 0.313976 0.0157765 0.0202133 0.160741
0 0.642008 0.284346 0.0132518 0.018876 0.159649
0 0.445553 0.345248 0.0144517 0.0187994 0.159601
0 0.248932 0.137969 0.0119549 0.0141161 0.159261
0 0.0188655 0.00511866 0.0148436 0.0102373 0.157593
0 0.00664286 0.275047 0.0128741 0.0227367 0.157017
0 0.513542 0.235129 0.00961256 0.0143605 0.156653
0 0.201664 0.686619 0.0143219 0.0171582 0.155751
0 0.49585 0.33176 0.0117369 0.0159068 0.154754
0 0.757999 0.838654 0.0105948 0.0148885 0.153566
0 0.629826 0.39275 0.0152703 0.0258458 0.151136
0 0.427906 0.287998 0.0114091 0.0141623 0.149864
0 0.911223 0.977808 0.0153053 0.0215399 0.149816
0 0.165659 0.880975 0.0116138 0.0169715 0.148709
0 0.235786 0.165843 0.00952377 0.0163162 0.148335
0 0.243767 0.991715 0.0154113 0.0153151 0.147942
0 0.714918 0.237629 0.0135553 0.0203784 0.147744
0 0.995188 0.209757 0.00962372 0.025602 0.147593
0 0.720572 0.199539 0.011718 0.0157902 0.146287
0 0.361054 0.127738 0.0109026 0.0129268 0.145862
0 0.167668 0.622624 0.015235 0.0180125 0.145573
0 0.564378 0.489568 0.013546 0.0238304 0.145562
0 0.370896 0.331585 0.0144467 0.015969 0.14453
0 0.465632 0.944175 0.0131821 0.0204478 0.143605
0 0.0147011 0.406393 0.0150874 0.0216239 0.141975
0 0.421129 0.584072 0.0120014 0.022695 0.140598
0 0.743164 0.861537 0.0128214 0.0147059 0.140378
0 0.337678 0.372966 0.0129352 0.0215875 0.13912
0 0.49161 0.587622 0.0142332 0.0188744 0.137672
0 0.44606 0.194375 0.00952644 0.0176368 0.137267
0 0.508131 0.0153319 0.0120022 0.0152646 0.137243
0 0.108193 0.668154 0.0151153 0.026555 0.135406
0 0.600672 0.228201 0.0106833 0.0188633 0.135323
0 0.373409 0.100844 0.00891085 0.0161942 0.135164
0 0.353236 0.37989 0.0133153 0.0169306 0.133443
0 0.711701 0.825809 0.0118407 0.0178875 0.132792
0 0.215438 0.759774 0.013076 0.0176751 0.132545
0 0.601028 0.400315 0.0132092 0.0193531 0.132214
0 0.152744 0.0165427 0.0126657 0.0213117 0.13106
0 0.12807 0.292954 0.0149122 0.0207904 0.13045
0 0.520204 0.578044 0.0146784 0.0220013 0.130225
0 0.441066 0.151214 0.0103647 0.0125294 0.129827
0 0.545808 0.575294 0.0167998 0.022982 0.127732
0 0.610568 0.136132 0.0182187 0.0334852 0.127654
0 0.448964 0.371335 0.0147099 0.0231305 0.127602
0 0.639934 0.758459 0.0116402 0.0151223 0.126936
0 0.143786 0.785569 0.0173082 0.029545 0.12598
0 0.214649 0.909812 0.012034 0.0185048 0.124434
0 0.461245 0.542371 0.014547 0.0216089 0.123887
0 0.448273 0.569282 0.014348 0.0177606 0.123845
0 0.585064 0.219624 0.0128799 0.0213633 0.123001
0 0.135046 0.670476 0.0154813 0.0186489 0.12297
0 0.109688 0.00500127 0.0139467 0.0100025 0.121609
0 0.23093 0.617889 0.0139265 0.021451 0.120243
0 0.0952099 0.279667 0.014837 0.0191945 0.119366
0 0.48437 0.200902 0.00937367 0.0153008 0.119113
0 0.227828 0.928834 0.0123438 0.0168491 0.119002
0 0.119181 0.542462 0.0143024 0.0200733 0.11845
0 0.423573 0.620067 0.0156939 0.0229151 0.117764
0 0.729797 0.134243 0.0133438 0.0165774 0.117703
0 0.958249 0.247553 0.0305496 0.0431138 0.117533
0 0.877465 0.738423 0.0131542 0.0166436 0.116666
0 0.694434 0.536942 0.0115046 0.0219399 0.11609
0 0.245847 0.607418 0.0157917 0.027016 0.115171
0 0.837158 0.574196 0.0249722 0.0425859 0.114102
0 0.214402 0.572108 0.0151584 0.0237081 0.113838
0 0.513026 0.0866794 0.00905571 0.0218915 0.112848
0 0.282941 0.107911 0.00989806 0.0171604 0.112823
0 0.582113 0.328824 0.0124547 0.020883 0.11095
0 0.997434 0.691869 0.00513115 0.0282588 0.110689
0 0.610986 0.964047 0.0113775 0.0189469 0.109539
0 0.733925 0.951363 0.0116212 0.0176442 0.10866
0 0.257454 0.0729128 0.00750151 0.0165895 0.108493
0 0.59984 0.279757 0.0111309 0.0286982 0.108428
0 0.78819 0.893182 0.0126574 0.0154938 0.107607
0 0.330716 0.202101 0.0109534 0.014084 0.107248
0 0.112265 0.597175 0.0177701 0.0284593 0.106616
0 0.278358 0.601375 0.0161471 0.0260634 0.105663
0 0.519978 0.0613925 0.0107668 0.0170082 0.104735
0 0.469894 0.890629 0.014864 0.0216624 0.10376
0 0.483764 0.939521 0.0109207 0.0152909 0.10357
0 0.297773 0.768755 0.0138966 0.0179438 0.103426
0 0.653467 0.979003 0.0140842 0.0181057 0.102327
0 0.513101 0.394149 0.0104205 0.017118 0.10232
0 0.807649 0.88154 0.0133176 0.0179374 0.101983
0 0.520037 0.90702 0.0105207 0.0178487 0.101814
0 0.314804 0.975538 0.0131866 0.0194396 0.101269
