0 0.563941 0.711702 0.0210181 0.0467712 0.696828
0 0.0364769 0.883189 0.0243476 0.0394029 0.695266
0 0.913526 0.55451 0.023558 0.0421787 0.678566
0 0.754339 0.235476 0.0229663 0.0380355 0.674607
0 0.90391 0.128383 0.0276352 0.0500493 0.669669
0 0.251284 0.835192 0.0197035 0.0378713 0.669655
0 0.255577 0.960987 0.01958 0.0386017 0.66843
0 0.0517866 0.20076 0.0190121 0.0352721 0.665207
0 0.00763467 0.362516 0.0152693 0.0305018 0.664184
0 0.197746 0.412031 0.0221434 0.0327988 0.66042
0 0.911594 0.0679419 0.0256229 0.037985 0.656028
0 0.531196 0.762617 0.017452 0.034473 0.6557
0 0.692795 0.228531 0.0184099 0.0458969 0.651882
0 0.709218 0.0362571 0.0505074 0.0722912 0.651051
0 0.0761018 0.362842 0.0177603 0.0355389 0.647586
0 0.714451 0.354119 0.0225847 0.0383822 0.642053
0 0.282773 0.870092 0.0149681 0.0305475 0.640182
0 0.588721 0.681067 0.0258358 0.0466648 0.638098
0 0.204935 0.85772 0.0210228 0.0392656 0.632793
0 0.7733 0.565816 0.0273241 0.0480537 0.63188
0 0.1578 0.425085 0.0205668 0.038433 0.626386
0 0.923664 0.609934 0.0193303 0.031516 0.624186
0 0.984209 0.0478409 0.0210922 0.0409399 0.624153
0 0.124979 0.840214 0.0162154 0.0404232 0.623443
0 0.194404 0.0912385 0.0229153 0.0458463 0.622647
0 0.945043 0.078877 0.019952 0.034534 0.621518
0 0.684304 0.49871 0.0208331 0.0367907 0.620441
0 0.00976439 0.924354 0.0191529 0.0406033 0.619513
0 0.417015 0.612915 0.0185263 0.0354563 0.618599
0 0.892683 0.178108 0.0193317 0.0304292 0.61821
0 0.933255 0.178938 0.0185108 0.0301419 0.617727
0 0.895532 0.257693 0.0206608 0.0353806 0.61761
0 0.0660924 0.279207 0.0163258 0.0290574 0.61496
0 0.0125141 0.582237 0.0166399 0.0327399 0.614408
0 0.494295 0.748928 0.0237046 0.048359 0.612938
0 0.0201652 0.0871464 0.022901 0.0355818 0.611219
0 0.499922 0.807688 0.0184054 0.0346978 0.609597
0 0.25215 0.921826 0.0179768 0.0314775 0.60877
0 0.0847865 0.398156 0.0194531 0.0307754 0.607969
0 0.926595 0.106847 0.0187622 0.0307153 0.607771
0 0.148602 0.567308 0.0257909 0.0402076 0.60732
0 0.900611 0.705962 0.0237358 0.0412485 0.604357
0 0.966102 0.10626 0.0221798 0.028586 0.602044
0 0.34685 0.87468 0.0166407 0.037362 0.601122
0 0.280865 0.792391 0.0321948 0.0675198 0.600888
0 0.306402 0.292331 0.0215147 0.035786 0.600625
0 0.880173 0.561108 0.0226768 0.0365399 0.597785
0 0.108683 0.869256 0.0156045 0.0262675 0.597747
0 0.114246 0.211789 0.0207418 0.0333202 0.597618
0 0.165629 0.840653 0.0171272 0.0305186 0.591172
0 0.145696 0.791153 0.0198191 0.0328817 0.590051
0 0.889215 0.751243 0.0265858 0.0505451 0.589893
0 0.255617 0.639156 0.0201692 0.035136 0.58718
0 0.0469938 0.566785 0.0168997 0.0326511 0.587021
0 0.152375 0.606582 0.0172936 0.0315227 0.584927
0 0.168085 0.733942 0.0240907 0.0388588 0.580113
0 0.539233 0.274175 0.0176777 0.0306141 0.57276
0 0.923434 0.254846 0.0252553 0.0379129 0.572559
0 0.00440922 0.645601 0.00881844 0.0258357 0.570902
0 0.13183 0.173064 0.0163686 0.0313583 0.570167
0 0.0558965 0.436969 0.0172936 0.03315 0.568263
0 0.673155 0.441962 0.0293352 0.0485828 0.567688
0 0.464046 0.296451 0.0219183 0.0334706 0.566955
0 0.933296 0.653644 0.0187046 0.029252 0.563611
0 0.710008 0.392442 0.0193766 0.0361213 0.561886
0 0.0691319 0.686597 0.0238308 0.0356469 0.559866
0 0.507334 0.624187 0.0257753 0.0529239 0.557408
0 0.140484 0.893344 0.0197147 0.0323536 0.557074
0 0.0642481 0.321613 0.0191201 0.034251 0.556013
0 0.221466 0.694648 0.020785 0.0374951 0.552742
0 0.218992 0.545448 0.0145319 0.0241642 0.551182
0 0.91677 0.510467 0.0166073 0.0281969 0.550853
0 0.0266911 0.360003 0.0126354 0.0272781 0.550675
0 0.153027 0.939439 0.0147719 0.0294101 0.550397
0 0.129375 0.940382 0.01876 0.0306887 0.548233
0 0.711062 0.233151 0.017606 0.0279061 0.54341
0 0.815847 0.539076 0.0228714 0.0381031 0.539831
0 0.853693 0.511287 0.0202332 0.0361966 0.539616
0 0.266418 0.510523 0.0204462 0.0378869 0.534172
0 0.229414 0.40167 0.0224752 0.0450609 0.53327
0 0.0893511 0.42889 0.019905 0.0333961 0.530994
0 0.321467 0.478887 0.027101 0.0467637 0.530448
0 0.185104 0.257796 0.0186693 0.036484 0.529246
0 0.668269 0.70925 0.0203419 0.0311108 0.52924
0 0.289502 0.245652 0.0146477 0.0264788 0.527428
0 0.17528 0.383107 0.0215532 0.0348031 0.526062
0 0.261001 0.036943 0.0193357 0.0334002 0.525649
0 0.198238 0.909997 0.0160969 0.0295654 0.523953
0 0.411221 0.85773 0.0182539 0.0355561 0.52342
0 0.481729 0.530407 0.0194361 0.0342218 0.5212
0 0.17967 0.383509 0.0285643 0.0355311 0.520924
0 0.33502 0.53429 0.023769 0.0413354 0.520905
0 0.865385 0.694217 0.0457592 0.0830244 0.520757
0 0.0292195 0.577061 0.0166603 0.0383801 0.520503
0 0.0203137 0.78566 0.0131664 0.0217801 0.51599
0 0.0117768 0.677157 0.0150723 0.022942 0.515633
0 0.00731544 0.289058 0.0145023 0.040895 0.515402
0 0.182836 0.885906 0.017823 0.0275892 0.514612
0 0.829365 0.459317 0.0220505 0.0422854 0.508912
0 0.0411843 0.048351 0.0168345 0.030032 0.508778
0 0.251061 0.564637 0.0161327 0.0295705 0.508202
0 0.467033 0.794179 0.020113 0.0376453 0.507428
0 0.0470461 0.630196 0.0190788 0.0347241 0.506955
0 0.644657 0.763139 0.0132104 0.0231944 0.505533
0 0.128061 0.678824 0.0150131 0.026127 0.505133
0 0.403867 0.719857 0.0202557 0.0357239 0.500044
0 0.894462 0.208315 0.0163181 0.0237132 0.499793
0 0.094685 0.482172 0.0135145 0.029882 0.49753
0 0.0193938 0.712359 0.0154153 0.0261052 0.497469
0 0.644572 0.204613 0.0167736 0.028775 0.496325
0 0.61355 0.21733 0.0162846 0.0334138 0.49618
0 0.858662 0.576081 0.0215069 0.042955 0.494432
0 0.0155674 0.444918 0.013118 0.0277246 0.493406
0 0.100071 0.983291 0.0154489 0.0301812 0.490911
0 0.43189 0.432998 0.0149289 0.0340819 0.490235
0 0.439223 0.657914 0.0216618 0.0344367 0.488728
0 0.0175793 0.824367 0.0152368 0.0249257 0.487125
0 0.119536 0.977767 0.020816 0.0364814 0.485105
0 0.940928 0.448499 0.0171074 0.029835 0.483464
0 0.266977 0.894777 0.0210409 0.0341521 0.482146
0 0.634355 0.533141 0.0186774 0.0301383 0.481733
0 0.599529 0.590408 0.0140545 0.0304 0.478195
0 0.124625 0.797144 0.0151127 0.0271561 0.478142
0 0.948223 0.566486 0.0197308 0.0359069 0.475577
0 0.769796 0.191689 0.020048 0.0334947 0.475509
0 0.240195 0.888233 0.011954 0.0260873 0.474682
0 0.394526 0.984657 0.0242753 0.0300096 0.471661
0 0.0707202 0.599946 0.0196105 0.031346 0.470406
0 0.250476 0.266464 0.0185638 0.0290002 0.469591
0 0.0648428 0.753992 0.0204906 0.0340112 0.468803
0 0.490562 0.0228032 0.0181185 0.0261963 0.46857
0 0.014074 0.750925 0.0144346 0.0236825 0.462748
0 0.0654507 0.822029 0.0198693 0.0324103 0.462725
0 0.991394 0.127856 0.0172127 0.0420444 0.460223
0 0.102329 0.38019 0.0157274 0.0277318 0.458025
0 0.788683 0.134295 0.0195497 0.0372676 0.452345
0 0.0666171 0.103112 0.0142037 0.0227982 0.45171
0 0.881217 0.342068 0.0201047 0.0365793 0.45118
0 0.4864 0.260832 0.0147519 0.0301426 0.450213
0 0.686907 0.40421 0.0137482 0.0352261 0.447971
0 0.943704 0.529609 0.0207924 0.0379678 0.441205
0 0.170878 0.168984 0.0259232 0.0399771 0.439835
0 0.838443 0.550235 0.016806 0.0299001 0.436967
0 0.341793 0.959546 0.02818 0.0358714 0.436447
0 0.882486 0.424773 0.0221111 0.0341297 0.432833
0 0.654079 0.47326 0.0173691 0.0308156 0.43058
0 0.0354007 0.774668 0.0135317 0.0180868 0.430105
0 0.603098 0.79967 0.0120536 0.0194136 0.427934
0 0.176783 0.220535 0.0159356 0.0291723 0.423689
0 0.0823782 0.936774 0.0155276 0.0309145 0.423211
0 0.911902 0.769658 0.0169003 0.0274426 0.422976
0 0.923932 0.789712 0.0145994 0.0220044 0.422232
0 0.972899 0.152647 0.0181524 0.0336009 0.421472
0 0.453884 0.718623 0.0350428 0.069257 0.421403
0 0.285498 0.0154978 0.0210355 0.0307708 0.421151
0 0.950029 0.760627 0.0153301 0.0247796 0.417201
0 0.0068457 0.0399688 0.0136752 0.0307723 0.415939
0 0.472914 0.593325 0.0206514 0.0427109 0.414123
0 0.309234 0.990976 0.0192862 0.0170819 0.412312
0 0.958123 0.391928 0.0163361 0.0320006 0.410815
0 0.324696 0.809785 0.0221321 0.0389192 0.408319
0 0.141049 0.398716 0.0136034 0.0262273 0.40757
0 0.095442 0.177094 0.0149851 0.02833 0.404884
0 0.611133 0.614998 0.0129578 0.0259574 0.403926
0 0.0329138 0.662862 0.0205069 0.0321444 0.402971
0 0.633793 0.789399 0.0124629 0.0171295 0.401123
0 0.109575 0.270776 0.0185028 0.0317044 0.397422
0 0.932532 0.763905 0.0148521 0.0219791 0.396813
0 0.501574 0.951179 0.0128822 0.0233106 0.396241
0 0.51685 0.791129 0.0165285 0.0377496 0.392614
0 0.289361 0.54763 0.0146475 0.0271459 0.390059
0 0.608203 0.324364 0.0138528 0.0279312 0.389948
0 0.0892044 0.13416 0.018944 0.0323842 0.389717
0 0.447695 0.914439 0.0186054 0.0336295 0.388903
0 0.1502 0.047255 0.0240213 0.0438904 0.388536
0 0.0882039 0.892096 0.0243475 0.0367025 0.388524
0 0.651549 0.801681 0.0128923 0.0195102 0.386561
0 0.203603 0.802739 0.0258291 0.0352868 0.386191
0 0.486223 0.107596 0.014501 0.027203 0.385485
0 0.859746 0.428964 0.0186771 0.0411654 0.383457
0 0.717107 0.261944 0.0120394 0.0243411 0.382249
0 0.989541 0.37822 0.0209187 0.037891 0.382155
0 0.496419 0.921044 0.013355 0.0189121 0.375795
0 0.484759 0.941262 0.0135177 0.0200179 0.375111
0 0.0862314 0.810939 0.0201253 0.0375393 0.374516
0 0.34263 0.834417 0.0114359 0.0245375 0.373775
0 0.0073663 0.54685 0.0144819 0.0373555 0.369541
0 0.947117 0.629294 0.0173286 0.0275467 0.36929
0 0.630132 0.296035 0.0188217 0.0340463 0.368124
0 0.46933 0.893342 0.0223878 0.0421957 0.365543
0 0.396227 0.758546 0.0229942 0.0380168 0.364885
0 0.0795595 0.0404529 0.01993 0.0320256 0.362982
0 0.319802 0.484844 0.0216615 0.0361706 0.361811
0 0.598442 0.182675 0.0144138 0.0261412 0.361164
0 0.235262 0.515486 0.0262707 0.0487582 0.359581
0 0.405386 0.530859 0.0196467 0.0358517 0.358113
0 0.37044 0.556511 0.0182633 0.033522 0.355591
0 0.132211 0.26653 0.0160094 0.0313158 0.355054
0 0.905891 0.315668 0.033358 0.0531363 0.354907
0 0.0208414 0.0248596 0.0162611 0.0256384 0.354248
0 0.0958875 0.345036 0.0181234 0.0318291 0.353963
0 0.871716 0.206358 0.0188351 0.029905 0.353036
0 0.122764 0.754873 0.0170671 0.0267656 0.352703
0 0.0034698 0.121085 0.00693961 0.0554363 0.350558
0 0.361627 0.0373369 0.0214411 0.0354893 0.349816
0 0.646376 0.632246 0.027273 0.0410199 0.349757
0 0.243077 0.745911 0.0176942 0.0230876 0.346325
0 0.584072 0.761228 0.0123589 0.0200802 0.344178
0 0.046526 0.840368 0.0124893 0.0181254 0.343844
0 0.527146 0.909031 0.0135304 0.0194597 0.337924
0 0.299685 0.942061 0.0201563 0.0310014 0.337157
0 0.516259 0.664191 0.014669 0.0266703 0.337084
0 0.214571 0.195283 0.0165983 0.0247999 0.336906
0 0.436619 0.547631 0.0177412 0.0322764 0.336789
0 0.89878 0.619898 0.0159287 0.0227181 0.335687
0 0.227746 0.840633 0.0163515 0.0316661 0.334971
0 0.314148 0.867588 0.018821 0.0401598 0.334103
0 0.135946 0.20928 0.0130862 0.0273713 0.333806
0 0.105375 0.951886 0.0147342 0.0267271 0.33234
0 0.337225 0.778102 0.0205897 0.0365326 0.330433
0 0.142491 0.968106 0.0133868 0.0184337 0.329446
0 0.989744 0.825034 0.0205114 0.0397686 0.327287
0 0.952719 0.809574 0.0132122 0.0204035 0.326378
0 0.912235 0.352643 0.0226482 0.0295369 0.325377
0 0.282135 0.306884 0.0203739 0.0338385 0.324824
0 0.14837 0.345946 0.0173265 0.0306655 0.323419
0 0.206846 0.155816 0.0188931 0.0425316 0.323072
0 0.923086 0.400333 0.025198 0.0617444 0.319993
0 0.034377 0.666948 0.019176 0.0260062 0.312728
0 0.276949 0.947113 0.0163316 0.0290701 0.311752
0 0.156617 0.703349 0.0143028 0.0238117 0.311315
0 0.34328 0.362396 0.0149424 0.0327274 0.310562
0 0.948401 0.417832 0.0152294 0.0274721 0.309489
0 0.422245 0.511708 0.0145954 0.0325608 0.309453
0 0.513617 0.929613 0.0131392 0.018584 0.309363
0 0.52303 0.991589 0.0122913 0.0166402 0.308221
0 0.272261 0.351017 0.0179019 0.0314495 0.305848
0 0.184869 0.829857 0.012464 0.0296048 0.301311
0 0.0268925 0.0531849 0.00987878 0.0234881 0.298732
0 0.901982 0.918288 0.0126266 0.0200728 0.298702
0 0.062579 0.872101 0.0158045 0.021834 0.298117
0 0.152811 0.379196 0.0126958 0.0225561 0.297415
0 0.613886 0.75317 0.0128208 0.0214355 0.295368
0 0.915479 0.815859 0.0139631 0.0257904 0.294633
0 0.258928 0.417859 0.0141657 0.0368646 0.294261
0 0.135083 0.707797 0.0147754 0.0262991 0.292691
0 0.658821 0.512092 0.0162613 0.0272543 0.292638
0 0.0053703 0.729333 0.0106598 0.015398 0.292539
0 0.350425 0.747851 0.0161619 0.0245837 0.290806
0 0.627904 0.757789 0.0143385 0.0227963 0.290136
0 0.090756 0.284385 0.0148641 0.0277088 0.288287
0 0.918234 0.865007 0.0158039 0.0223199 0.286694
0 0.516074 0.95756 0.0114021 0.0211599 0.284847
0 0.589291 0.794944 0.0127597 0.0227349 0.283885
0 0.245624 0.707957 0.015251 0.0353975 0.283826
0 0.118034 0.314823 0.0209095 0.039043 0.283752
0 0.375156 0.714248 0.0231097 0.0435358 0.283496
0 0.951574 0.499724 0.0232407 0.0315313 0.282214
0 0.370236 0.879983 0.0159168 0.0320526 0.282187
0 0.868189 0.282007 0.0189651 0.0361752 0.278678
0 0.0590302 0.00978898 0.0201783 0.0194167 0.277518
0 0.120744 0.90507 0.0155734 0.0213821 0.277137
0 0.0710945 0.991936 0.0169516 0.0152276 0.275433
0 0.643971 0.166994 0.0207772 0.0325388 0.274918
0 0.447086 0.512832 0.0170303 0.0322191 0.274799
0 0.173695 0.173203 0.0271363 0.0426504 0.272354
0 0.213387 0.349175 0.0194137 0.0346554 0.270504
0 0.287056 0.980214 0.0194562 0.0367618 0.269269
0 0.109558 0.692452 0.0175548 0.0311925 0.268856
0 0.388402 0.508224 0.0193099 0.0385188 0.267103
0 0.460065 0.547019 0.0134733 0.0350026 0.266899
0 0.354408 0.668063 0.0197236 0.0351422 0.26671
0 0.36159 0.842273 0.013996 0.0221764 0.264673
0 0.491991 0.0767326 0.013117 0.0238009 0.263018
0 0.65842 0.825438 0.012928 0.0202885 0.262008
0 0.0360198 0.806835 0.0111018 0.0179704 0.260977
0 0.687936 0.845768 0.0136525 0.0195368 0.258789
0 0.309712 0.232518 0.0180031 0.0293067 0.255563
0 0.533651 0.966717 0.0143192 0.0206703 0.254339
0 0.389781 0.0694553 0.0187861 0.0356996 0.250841
0 0.981052 0.19045 0.0172115 0.0262817 0.249642
0 0.854459 0.473494 0.0169498 0.0255254 0.247482
0 0.950799 0.327964 0.0195854 0.0375783 0.247355
0 0.946981 0.714054 0.0147385 0.0246295 0.245186
0 0.558588 0.808577 0.0136053 0.0234714 0.244975
0 0.923843 0.410376 0.024379 0.0437796 0.244664
0 0.117438 0.461514 0.0129725 0.0291231 0.243957
0 0.489942 0.186142 0.0167396 0.0277119 0.243501
0 0.159806 0.976223 0.0174167 0.035491 0.242773
0 0.997292 0.27167 0.00541554 0.0523499 0.238951
0 0.971055 0.531556 0.0281204 0.0506634 0.238777
0 0.236481 0.34206 0.021504 0.036128 0.238384
0 0.18423 0.88903 0.0169493 0.0266016 0.237726
0 0.0517068 0.407832 0.0122958 0.0212265 0.23499
0 0.165637 0.660148 0.0122078 0.0289078 0.234739
0 0.976783 0.427252 0.0197781 0.0323774 0.234211
0 0.514466 0.211831 0.0175149 0.0316777 0.233202
0 0.632971 0.53827 0.0210651 0.041757 0.232049
0 0.306231 0.903842 0.0136369 0.0229523 0.231102
0 0.0909294 0.895096 0.0208872 0.0326792 0.229449
0 0.923134 0.47335 0.0247704 0.0476165 0.228792
0 0.118764 0.414649 0.0184113 0.0342018 0.228755
0 0.601259 0.772591 0.0132591 0.0181712 0.227053
0 0.542071 0.91988 0.0151079 0.0210118 0.225968
0 0.166878 0.467077 0.0172418 0.0287423 0.223287
0 0.893722 0.941568 0.0131023 0.020443 0.223044
0 0.0132401 0.230296 0.0179556 0.0264125 0.219569
0 0.139829 0.46198 0.0209042 0.0318878 0.219037
0 0.178501 0.0530451 0.0144608 0.0279994 0.218172
0 0.107775 0.953405 0.0116629 0.0241469 0.217673
0 0.878982 0.600443 0.0189677 0.0250854 0.212679
0 0.0473614 0.956051 0.0167249 0.0325607 0.212339
0 0.961171 0.781214 0.015731 0.0261749 0.211815
0 0.615829 0.779878 0.0121596 0.0197497 0.211107
0 0.31734 0.0371247 0.0125552 0.033328 0.211075
0 0.0437084 0.693995 0.0145122 0.0224471 0.210296
0 0.117839 0.363269 0.0147175 0.0259469 0.209661
0 0.87384 0.244531 0.0177166 0.0310599 0.209658
0 0.374324 0.570725 0.0202054 0.0273315 0.205139
0 0.385261 0.405781 0.0130058 0.0279626 0.204686
0 0.152398 0.113479 0.0265471 0.0579798 0.203947
0 0.552272 0.525284 0.0236815 0.0438348 0.203326
0 0.318139 0.423424 0.0148815 0.029145 0.202061
0 0.379416 0.0136472 0.0159605 0.0266967 0.200446
0 0.662509 0.850662 0.0147484 0.0182456 0.19869
0 0.373019 0.564526 0.0210083 0.0356913 0.198391
0 0.270035 0.56687 0.0148253 0.0234111 0.196135
0 0.285892 0.647472 0.0311943 0.0509691 0.196043
0 0.317735 0.327433 0.0184467 0.0276839 0.195276
0 0.0891783 0.0855032 0.0128488 0.0250821 0.193821
0 0.110171 0.522432 0.0154939 0.0252404 0.193113
0 0.0464955 0.256785 0.0233527 0.0329266 0.192034
0 0.859999 0.35069 0.0221369 0.0429672 0.192001
0 0.0337396 0.440116 0.0156131 0.0267236 0.191919
0 0.661496 0.772911 0.0150647 0.0208264 0.187779
0 0.0242659 0.054172 0.0137022 0.0228734 0.187721
0 0.470989 0.965664 0.0128973 0.0201447 0.187465
0 0.544853 0.694922 0.0165802 0.0337772 0.18622
0 0.414064 0.0720176 0.0236134 0.0521045 0.183713
0 0.600836 0.25412 0.0177668 0.0313675 0.183033
0 0.0653469 0.956662 0.0128035 0.0216207 0.18233
0 0.297708 0.496635 0.015612 0.0247451 0.180653
0 0.917518 0.740319 0.0190508 0.0354351 0.178843
0 0.455543 0.0364204 0.018329 0.0366671 0.178296
0 0.933721 0.813776 0.013792 0.019123 0.178119
0 0.483006 0.846524 0.017987 0.0391381 0.177988
0 0.116563 0.411702 0.0218289 0.0391798 0.176671
0 0.909745 0.771938 0.0177322 0.0316793 0.174746
0 0.280211 0.957823 0.0175391 0.0206592 0.174472
0 0.391093 0.557365 0.0142105 0.0284224 0.174437
0 0.267676 0.603783 0.0162365 0.0262021 0.174241
0 0.633614 0.394632 0.0152159 0.037616 0.173676
0 0.90205 0.40491 0.0171364 0.0414605 0.171876
0 0.291759 0.643133 0.0196911 0.0409606 0.165835
0 0.655053 0.59713 0.0179104 0.0277678 0.164536
0 0.512679 0.0739854 0.0133856 0.0272611 0.163959
0 0.142515 0.00719096 0.0191601 0.0143819 0.162954
0 0.724342 0.695606 0.0466156 0.100709 0.162942
0 0.149039 0.763455 0.0163278 0.0239054 0.160239
0 0.0801099 0.109385 0.0160147 0.0219369 0.15946
0 0.417283 0.565931 0.0149405 0.026636 0.158748
0 0.167196 0.0262324 0.0154896 0.0328767 0.158463
0 0.335674 0.436496 0.0182771 0.0325843 0.158337
0 0.142569 0.396637 0.0123237 0.0250783 0.157806
0 0.693574 0.373221 0.0156541 0.032389 0.156321
0 0.955213 0.85615 0.0159588 0.0260969 0.155956
0 0.504843 0.98124 0.0132254 0.02099 0.154773
0 0.547845 0.747047 0.0137123 0.0219909 0.150844
0 0.157803 0.200222 0.0175819 0.0296785 0.150647
0 0.888506 0.387718 0.0269726 0.0380831 0.150557
0 0.621467 0.811954 0.0130116 0.0178529 0.149466
0 0.134113 0.733482 0.0155889 0.0205883 0.144749
0 0.0852336 0.69225 0.0111301 0.0280819 0.14451
0 0.887061 0.0771262 0.0143663 0.0283892 0.143137
0 0.597669 0.738186 0.0127495 0.0207808 0.142937
0 0.36606 0.929602 0.0292473 0.0548882 0.142876
0 0.238436 0.602809 0.0203369 0.0268414 0.141808
0 0.995601 0.339697 0.00879803 0.0403494 0.140795
0 0.600877 0.798808 0.0145025 0.0232615 0.139764
0 0.629229 0.252299 0.0135662 0.0273773 0.138598
0 0.450462 0.838407 0.022579 0.0429996 0.138472
0 0.187693 0.346763 0.0139622 0.0278711 0.137201
0 0.679014 0.672694 0.0149897 0.0267791 0.136706
0 0.207484 0.386764 0.0128681 0.0237412 0.135634
0 0.588558 0.795272 0.0149434 0.0288172 0.13374
0 0.241486 0.744992 0.0185128 0.0282405 0.133418
0 0.232457 0.510171 0.0255673 0.0437429 0.132961
0 0.300091 0.744468 0.0244658 0.0505385 0.13218
0 0.996104 0.27064 0.00779247 0.0570409 0.131838
0 0.673633 0.642524 0.0160561 0.0279894 0.131268
0 0.335263 0.957121 0.0223154 0.0321758 0.130772
0 0.102497 0.845057 0.0127517 0.0206631 0.130313
0 0.649706 0.127526 0.016213 0.0243703 0.130261
0 0.113066 0.491359 0.0130316 0.0201661 0.129401
0 0.847371 0.66969 0.0155801 0.0273852 0.12906
0 0.423178 0.471152 0.0112088 0.0286506 0.128331
0 0.749303 0.902978 0.0204702 0.0347487 0.127619
0 0.64112 0.733405 0.0119404 0.021539 0.127197
0 0.939849 0.58725 0.0173317 0.0299893 0.126637
0 0.0303233 0.534061 0.0178772 0.0284787 0.125344
0 0.644561 0.846911 0.0145491 0.0181325 0.12526
0 0.131382 0.370811 0.00941753 0.023507 0.123475
0 0.278823 0.95368 0.0188353 0.025293 0.123014
0 0.399632 0.249563 0.0117619 0.0235957 0.122804
0 0.602422 0.265989 0.0220503 0.0428816 0.122178
0 0.0225749 0.579151 0.0247255 0.0376223 0.121826
0 0.906042 0.841732 0.0140869 0.0218679 0.121347
0 0.00921938 0.67632 0.0145997 0.0244081 0.121055
0 0.360558 0.98738 0.0150583 0.0243259 0.120997
0 0.884515 0.96697 0.0133032 0.0218571 0.120233
0 0.0624876 0.874847 0.0180503 0.0249891 0.119908
0 0.0058796 0.120534 0.0116363 0.0582245 0.117964
0 0.631031 0.544967 0.0194323 0.0451844 0.117421
0 0.145553 0.659577 0.0164945 0.0215337 0.115116
0 0.56391 0.838401 0.0132781 0.0232808 0.114205
0 0.925881 0.415671 0.0203648 0.0362762 0.113824
0 0.0135227 0.979205 0.0244083 0.0399952 0.11366
0 0.247846 0.2649 0.0177018 0.0298572 0.112963
0 0.938647 0.35996 0.0180456 0.0254535 0.112888
0 0.672357 0.832731 0.012726 0.0208221 0.112488
0 0.953662 0.32751 0.0263967 0.0440403 0.111168
0 0.270833 0.461242 0.018457 0.0266359 0.110861
0 0.347736 0.367704 0.0212784 0.0455271 0.110809
0 0.26832 0.564029 0.0156043 0.0316581 0.110595
0 0.879423 0.621923 0.0178898 0.0247284 0.109685
0 0.546864 0.944078 0.015638 0.0239687 0.109331
0 0.040773 0.692973 0.0161566 0.0239192 0.107347
0 0.00238939 0.436616 0.0047492 0.0367048 0.107289
0 0.046188 0.0792177 0.0198061 0.0216276 0.106939
0 0.0649808 0.957242 0.0147708 0.0299266 0.106279
0 0.372786 0.878475 0.0213257 0.0341015 0.105771
0 0.935317 0.587332 0.0180547 0.0309861 0.104899
0 0.419327 0.562845 0.0180031 0.0266685 0.104775
0 0.0951159 0.340545 0.0221913 0.0399929 0.104504
0 0.878923 0.625397 0.0199097 0.0273943 0.104383
0 0.425542 0.473424 0.0111134 0.0261 0.104308
0 0.156568 0.909904 0.0143605 0.0206645 0.103421
0 0.0863449 0.853329 0.0178184 0.0261888 0.102958
0 0.283707 0.479075 0.0152765 0.0250105 0.102001
0 0.708559 0.120566 0.0426117 0.0645007 0.101955
0 0.021235 0.502444 0.0265909 0.0417248 0.101106
0 0.0545307 0.433149 0.0163183 0.0308838 0.10072
0 0.420442 0.958044 0.0145267 0.0257433 0.10054
0 0.551661 0.860986 0.0120476 0.0202145 0.100384
