0 0.125498 0.56191 0.0291065 0.0485123 0.70016
0 0.362251 0.905648 0.0315189 0.0493717 0.698709
0 0.0300469 0.151641 0.0303899 0.0551515 0.691871
0 0.981437 0.631261 0.0371037 0.0666977 0.688207
0 0.00813885 0.198037 0.0162777 0.0483504 0.687987
0 0.984747 0.521912 0.0300417 0.0438992 0.684749
0 0.444254 0.487274 0.0309832 0.0520725 0.682017
0 0.565191 0.216819 0.0279015 0.0456884 0.671533
0 0.207041 0.577246 0.0228498 0.0401362 0.670198
0 0.793048 0.490247 0.0280861 0.0511876 0.669765
0 0.973362 0.127939 0.0262955 0.0380019 0.661862
0 0.271664 0.618554 0.0258859 0.0490044 0.659808
0 0.142932 0.464932 0.0218405 0.0396849 0.653929
0 0.743497 0.620409 0.0231758 0.0479036 0.653589
0 0.446621 0.422208 0.0252926 0.0419892 0.653348
0 0.190258 0.534959 0.0252407 0.044319 0.652912
0 0.215852 0.644167 0.0235147 0.0431839 0.652828
0 0.131361 0.265671 0.0291291 0.0573169 0.651942
0 0.619476 0.110746 0.0277336 0.043696 0.651287
0 0.785994 0.847597 0.0238164 0.0341254 0.649919
0 0.0412454 0.930178 0.0221837 0.0420386 0.648848
0 0.801287 0.0320903 0.0183125 0.0338284 0.64793
0 0.939116 0.112367 0.0257004 0.0526746 0.647699
0 0.338597 0.864496 0.0260839 0.050431 0.645812
0 0.945937 0.314026 0.0212561 0.0323462 0.644547
0 0.201857 0.220622 0.0251514 0.0420374 0.637572
0 0.930246 0.359 0.0175222 0.0348126 0.635482
0 0.982354 0.174261 0.0231834 0.0392956 0.634963
0 0.403105 0.621302 0.0229392 0.0472005 0.634842
0 0.0112573 0.0184039 0.020407 0.0351071 0.634233
0 0.784592 0.969602 0.0244776 0.0492927 0.632975
0 0.217397 0.307326 0.0181066 0.0310149 0.632226
0 0.211195 0.491914 0.0244509 0.0464762 0.631548
0 0.367287 0.850429 0.0207264 0.0381522 0.630296
0 0.36485 0.794763 0.0228945 0.0351583 0.628587
0 0.169619 0.34113 0.022402 0.0390792 0.625397
0 0.0879484 0.65013 0.0189992 0.0348978 0.612597
0 0.234647 0.273967 0.0238452 0.0382196 0.610625
0 0.102065 0.7556 0.0232498 0.0404193 0.609909
0 0.315109 0.100964 0.0207637 0.0398465 0.608892
0 0.0832259 0.953977 0.019734 0.0352121 0.60739
0 0.539187 0.205835 0.0237659 0.0408508 0.60552
0 0.287741 0.818841 0.0230556 0.0472683 0.604998
0 0.146935 0.621039 0.0203382 0.0352072 0.593792
0 0.127975 0.742168 0.0275231 0.053588 0.593412
0 0.386901 0.672679 0.0270152 0.045373 0.592399
0 0.133319 0.187463 0.0267774 0.0410064 0.589339
0 0.404202 0.186165 0.0266926 0.0422964 0.586727
0 0.412902 0.262963 0.0235239 0.0380594 0.585684
0 0.74876 0.973008 0.0319603 0.0529002 0.579716
0 0.252439 0.196575 0.0206912 0.0319106 0.576693
0 0.120925 0.661572 0.0224071 0.0401966 0.575729
0 0.36888 0.389151 0.0236095 0.0469902 0.574454
0 0.915659 0.0273852 0.0213341 0.0381471 0.573224
0 0.334477 0.916065 0.0190224 0.0304963 0.567783
0 0.867139 0.716274 0.0186081 0.0292867 0.566199
0 0.0914542 0.832824 0.0177693 0.0314813 0.564557
0 0.323736 0.59112 0.0195368 0.0273383 0.56347
0 0.83793 0.207054 0.0180607 0.0308318 0.562475
0 0.0127441 0.952805 0.0143734 0.0262256 0.56164
0 0.336639 0.808126 0.0234969 0.0341526 0.559658
0 0.00843531 0.250436 0.0160987 0.0380619 0.559234
0 0.820858 0.752958 0.0206635 0.0348701 0.557891
0 0.0944903 0.206534 0.0217634 0.0336088 0.557475
0 0.170509 0.536186 0.0176698 0.0352333 0.555109
0 0.15779 0.186543 0.0189726 0.0368319 0.553093
0 0.847172 0.351893 0.0172035 0.0261783 0.552548
0 0.303021 0.48824 0.0208844 0.0325913 0.552472
0 0.0821843 0.698384 0.0196751 0.0489224 0.552202
0 0.721499 0.965993 0.0169832 0.0281019 0.5498
0 0.785665 0.131846 0.0185484 0.0318302 0.548601
0 0.394666 0.732269 0.0209813 0.0471707 0.545696
0 0.427673 0.379768 0.0231499 0.0368032 0.541324
0 0.200055 0.336861 0.0188923 0.0270272 0.541176
0 0.295115 0.869957 0.0246449 0.0473151 0.540406
0 0.206132 0.897816 0.0168881 0.0303331 0.538122
0 0.105329 0.0607432 0.018451 0.0336387 0.537681
0 0.773079 0.792243 0.0341537 0.0532023 0.537554
0 0.289787 0.527511 0.0167144 0.0293722 0.537062
0 0.278426 0.346645 0.022029 0.0466061 0.535658
0 0.765743 0.588627 0.0233817 0.0477386 0.535217
0 0.840929 0.697792 0.0178209 0.0346022 0.535082
0 0.468327 0.367601 0.020407 0.0325712 0.533481
0 0.73048 0.56965 0.0233528 0.0336392 0.53133
0 0.168598 0.0215496 0.026555 0.042268 0.529645
0 0.788493 0.924715 0.0154493 0.0257538 0.529246
0 0.820756 0.378715 0.0235722 0.0334436 0.526314
0 0.37508 0.722866 0.0244822 0.044878 0.526249
0 0.84008 0.0547942 0.0232002 0.0405638 0.52324
0 0.899626 0.948952 0.0288216 0.040941 0.522646
0 0.303621 0.157885 0.0188242 0.0401468 0.521098
0 0.232309 0.0865501 0.0278763 0.0466969 0.518841
0 0.515051 0.308376 0.0210639 0.0314398 0.516625
0 0.170873 0.60343 0.0218287 0.0331662 0.516438
0 0.0779165 0.115499 0.0192106 0.0350387 0.516038
0 0.725436 0.910814 0.0243922 0.0396558 0.508722
0 0.0550077 0.751193 0.0210409 0.0388201 0.508556
0 0.145924 0.149828 0.0175674 0.0330645 0.506139
0 0.858695 0.640577 0.0171585 0.031997 0.50147
0 0.591532 0.16077 0.018412 0.0292631 0.497086
0 0.234064 0.0201198 0.0306028 0.0394378 0.492423
0 0.657842 0.0577222 0.0267375 0.0556091 0.491292
0 0.16946 0.257808 0.0234393 0.0424573 0.489994
0 0.440019 0.176345 0.0139814 0.0225427 0.486847
0 0.306662 0.803901 0.0173613 0.0321723 0.485573
0 0.328055 0.401019 0.0213223 0.0364134 0.485194
0 0.0733582 0.906254 0.0200319 0.0330373 0.479021
0 0.849809 0.401243 0.0211334 0.0414324 0.475581
0 0.799468 0.559079 0.0282594 0.0542388 0.469588
0 0.326624 0.48962 0.0169878 0.03441 0.468663
0 0.989196 0.559712 0.0212315 0.0316512 0.466544
0 0.0345777 0.328891 0.0216898 0.038295 0.466373
0 0.242452 0.791882 0.0167364 0.0265076 0.463537
0 0.255462 0.527105 0.0246838 0.0368991 0.461304
0 0.0778456 0.75042 0.0186306 0.0335821 0.460228
0 0.315521 0.627901 0.0206954 0.0350428 0.455446
0 0.477132 0.0505217 0.0216709 0.0345234 0.452052
0 0.124868 0.0360349 0.0157134 0.0298994 0.450635
0 0.227914 0.706593 0.0173728 0.0297463 0.449923
0 0.481855 0.219028 0.0277771 0.0590312 0.449392
0 0.254201 0.660325 0.0216012 0.0317161 0.446995
0 0.412348 0.0860278 0.0266041 0.0470811 0.44356
0 0.893327 0.0203641 0.0169666 0.0338411 0.44303
0 0.167209 0.0672216 0.0219512 0.0372112 0.440006
0 0.273758 0.764157 0.0224286 0.0446632 0.438911
0 0.177597 0.775551 0.0166096 0.0300181 0.435611
0 0.255772 0.363973 0.022103 0.0427185 0.431797
0 0.375269 0.527437 0.0219987 0.0346524 0.430746
0 0.782085 0.650946 0.0166612 0.0285916 0.430308
0 0.276419 0.97948 0.0169456 0.0357148 0.429987
0 0.769871 0.921965 0.0183531 0.029036 0.428516
0 0.86381 0.0515217 0.0164678 0.0315609 0.421332
0 0.257229 0.0881862 0.0221343 0.0423115 0.420537
0 0.833959 0.0941605 0.0152958 0.0228595 0.417311
0 0.027313 0.966095 0.0140072 0.0269986 0.413527
0 0.0115473 0.0735009 0.018748 0.0314131 0.412432
0 0.811089 0.158715 0.0218885 0.0369965 0.411566
0 0.0727271 0.155618 0.0153871 0.0257584 0.408208
0 0.198468 0.779265 0.0164296 0.0312775 0.407033
0 0.313514 0.687614 0.0207774 0.034539 0.404165
0 0.0205964 0.88605 0.0177173 0.0297424 0.403328
0 0.588354 0.118387 0.0221133 0.0471875 0.401868
0 0.151843 0.873145 0.0147528 0.0292914 0.401659
0 0.391951 0.572418 0.0200364 0.035142 0.401398
0 0.288869 0.231755 0.0163745 0.0333884 0.400423
0 0.797901 0.762726 0.0256758 0.0348779 0.399504
0 0.101629 0.165759 0.0125364 0.0280441 0.399297
0 0.248942 0.732144 0.018449 0.0261121 0.398628
0 0.191083 0.683057 0.0130962 0.0230121 0.395763
0 0.850529 0.669736 0.0155499 0.0262039 0.3938
0 0.813087 0.111876 0.0197043 0.0319007 0.393312
0 0.212947 0.266096 0.0166871 0.0386995 0.389246
0 0.305739 0.0657727 0.0154932 0.0272517 0.387551
0 0.327518 0.546052 0.0271955 0.0448485 0.387301
0 0.717643 0.242425 0.025322 0.0512528 0.386437
0 0.556183 0.270534 0.0154428 0.0315876 0.385607
0 0.0144922 0.317753 0.0186775 0.0355502 0.385329
0 0.033046 0.107551 0.0213877 0.0375625 0.385133
0 0.287578 0.138789 0.0139814 0.029972 0.384853
0 0.422838 0.43418 0.0200635 0.0428459 0.380965
0 0.346635 0.725809 0.018231 0.032431 0.380706
0 0.0698303 0.839487 0.0175953 0.0279368 0.380556
0 0.895327 0.637583 0.0177856 0.0378153 0.380435
0 0.399716 0.451224 0.0239442 0.0423023 0.380283
0 0.338298 0.765345 0.023701 0.0338577 0.379981
0 0.221483 0.910729 0.0161868 0.0306017 0.379683
0 0.712931 0.637341 0.0336548 0.051237 0.378067
0 0.930616 0.927329 0.0200619 0.0355615 0.377741
0 0.256696 0.264595 0.0187171 0.0318143 0.377306
0 0.292561 0.950251 0.0255671 0.0407366 0.375485
0 0.67264 0.663598 0.0222905 0.0412664 0.373316
0 0.0569037 0.0874139 0.0183277 0.0420231 0.37241
0 0.26246 0.563033 0.0165061 0.0239792 0.370434
0 0.397401 0.301575 0.0190164 0.0327847 0.366745
0 0.361793 0.562432 0.018376 0.02828 0.362702
0 0.909758 0.0956436 0.0328497 0.0601436 0.362577
0 0.371551 0.239872 0.0202094 0.0313305 0.361533
0 0.787464 0.201902 0.0225616 0.0249527 0.359085
0 0.863735 0.583306 0.0246922 0.044505 0.357415
0 0.165251 0.25979 0.0314088 0.0464619 0.357257
0 0.0169416 0.697821 0.0213933 0.0302112 0.354789
0 0.632267 0.013548 0.0357855 0.027096 0.353132
0 0.218349 0.184755 0.0248593 0.0381559 0.353088
0 0.0788902 0.797883 0.0162459 0.0274555 0.352398
0 0.0963258 0.0231488 0.022164 0.0378532 0.350596
0 0.479249 0.0542049 0.0236191 0.0414382 0.350123
0 0.776588 0.546784 0.0169654 0.0267436 0.349106
0 0.0127229 0.730432 0.0236239 0.0399946 0.349067
0 0.996552 0.122786 0.00689608 0.0385175 0.344464
0 0.939445 0.0110539 0.0224949 0.0220461 0.34362
0 0.139317 0.770054 0.0126931 0.0275892 0.343443
0 0.105248 0.112637 0.0180169 0.038467 0.342145
0 0.955761 0.215533 0.0271057 0.0419314 0.341564
0 0.392485 0.129052 0.0210935 0.0339892 0.341334
0 0.0612367 0.0516281 0.0168164 0.0272383 0.340282
0 0.25881 0.827981 0.0269128 0.0425347 0.339915
0 0.204502 0.70032 0.0168536 0.0293524 0.338071
0 0.0337738 0.0166056 0.0140756 0.0282342 0.336214
0 0.11735 0.821319 0.0139908 0.0249702 0.335906
0 0.195965 0.0961581 0.0314168 0.0533847 0.334386
0 0.223636 0.145289 0.0155293 0.0335238 0.33433
0 0.754374 0.285928 0.0188424 0.0234161 0.326541
0 0.229786 0.963249 0.0220779 0.0441714 0.322364
0 0.683117 0.0314215 0.030932 0.0504725 0.321967
0 0.782499 0.432206 0.0252909 0.0429664 0.321299
0 0.314211 0.0436387 0.0200308 0.0318061 0.321267
0 0.966545 0.0600034 0.0139198 0.0227123 0.319597
0 0.755423 0.833223 0.0154966 0.0250871 0.315049
0 0.366302 0.318504 0.0184579 0.0314782 0.313834
0 0.457777 0.155213 0.0145553 0.023777 0.312317
0 0.274384 0.0485201 0.0240788 0.0402493 0.312023
0 0.874652 0.678098 0.0221527 0.0277538 0.311862
0 0.113961 0.180921 0.0128171 0.0317329 0.310425
0 0.890342 0.303337 0.0239338 0.0363173 0.30511
0 0.0284233 0.922713 0.0134077 0.0310038 0.304111
0 0.946145 0.0683491 0.0188095 0.0234001 0.30393
0 0.804757 0.671228 0.0190702 0.0323564 0.302095
0 0.466822 0.275793 0.0184909 0.0288695 0.301651
0 0.26972 0.417733 0.015551 0.0301388 0.299519
0 0.506475 0.0537708 0.0256616 0.044603 0.297084
0 0.105782 0.922577 0.0179295 0.0307744 0.296049
0 0.0594734 0.898209 0.0148124 0.0303209 0.29508
0 0.269055 0.472691 0.0229437 0.0308718 0.295064
0 0.321833 0.360171 0.0156281 0.0297777 0.294436
0 0.00855025 0.289968 0.0165855 0.0235435 0.293651
0 0.0527538 0.80236 0.0162482 0.029107 0.2923
0 0.669353 0.888416 0.0134658 0.0308716 0.292087
0 0.207544 0.41216 0.0253262 0.0489966 0.290651
0 0.297551 0.111603 0.0170085 0.0289996 0.290417
0 0.340608 0.326092 0.0229967 0.0365989 0.28956
0 0.0674018 0.988461 0.0169536 0.0214206 0.286085
0 0.0442673 0.393447 0.0192344 0.0401026 0.284003
0 0.764551 0.384833 0.020583 0.0343183 0.282892
0 0.865229 0.588583 0.0233261 0.0353717 0.282448
0 0.933363 0.274522 0.0156269 0.028643 0.282149
0 0.741435 0.854957 0.016449 0.0316376 0.279245
0 0.330903 0.703675 0.0185276 0.0319988 0.279166
0 0.0486004 0.985375 0.0171921 0.0274249 0.277854
0 0.366887 0.458173 0.0193846 0.0329059 0.277605
0 0.81515 0.617012 0.0172726 0.0317339 0.275277
0 0.0886022 0.0896716 0.0139322 0.0233022 0.275215
0 0.334458 0.764217 0.0225459 0.0309471 0.275193
0 0.0482715 0.977027 0.0186508 0.0314601 0.273554
0 0.0406723 0.0852215 0.0134144 0.0277132 0.272481
0 0.402096 0.304265 0.0274188 0.0350646 0.27124
0 0.0250604 0.275183 0.0176341 0.03271 0.269467
0 0.385716 0.496914 0.0180841 0.0275414 0.267722
0 0.66196 0.0634234 0.0241432 0.0464091 0.267683
0 0.4753 0.013026 0.019515 0.0258682 0.267549
0 0.0440297 0.869955 0.0202327 0.0321567 0.267244
0 0.838751 0.69488 0.0209694 0.0391681 0.266005
0 0.0193652 0.79157 0.0168165 0.0278792 0.264806
0 0.0260761 0.962887 0.0142292 0.0256764 0.264565
0 0.0435182 0.72098 0.0172228 0.0319279 0.261429
0 0.772469 0.271672 0.0271039 0.0405468 0.258752
0 0.339529 0.444292 0.0175851 0.0286194 0.257635
0 0.783884 0.694697 0.021647 0.0313952 0.255
0 0.739194 0.326505 0.0196132 0.026501 0.254949
0 0.474121 0.332898 0.0256549 0.0364429 0.254935
0 0.364485 0.452196 0.0220845 0.0355199 0.253879
0 0.743023 0.539123 0.0241451 0.0338685 0.251365
0 0.145971 0.652937 0.0209594 0.0281119 0.251121
0 0.82074 0.467595 0.0292383 0.0550089 0.250132
0 0.29983 0.914615 0.0209981 0.0267188 0.2484
0 0.871545 0.406323 0.0157497 0.0286892 0.246393
0 0.142164 0.0149324 0.018089 0.0267253 0.246272
0 0.22579 0.820514 0.0177952 0.0310552 0.245513
0 0.229009 0.969106 0.0204462 0.0371676 0.245149
0 0.0568618 0.899253 0.0137831 0.0273102 0.243525
0 0.790933 0.372621 0.0257292 0.0403255 0.242937
0 0.416696 0.0325281 0.0176183 0.0267465 0.241799
0 0.687768 0.0317929 0.0232422 0.0444292 0.238673
0 0.537663 0.265308 0.0211777 0.0398704 0.237604
0 0.406139 0.398064 0.020171 0.037773 0.236255
0 0.102945 0.0620829 0.0185697 0.0294699 0.235944
0 0.662232 0.731268 0.0290311 0.0479251 0.234864
0 0.198967 0.0213026 0.0292657 0.041507 0.234663
0 0.127574 0.148292 0.0164401 0.0292422 0.234408
0 0.441733 0.0692176 0.0195313 0.0388022 0.234133
0 0.738295 0.85207 0.021592 0.0338774 0.233808
0 0.0862362 0.178477 0.0172633 0.0254785 0.233779
0 0.750945 0.114429 0.0169596 0.0241619 0.232953
0 0.263911 0.953668 0.0238486 0.0392708 0.232614
0 0.289429 0.739432 0.0188297 0.0294166 0.232588
0 0.330976 0.762785 0.0155023 0.0314475 0.232375
0 0.510765 0.126741 0.0271698 0.0442419 0.227431
0 0.173065 0.844927 0.0196813 0.0370397 0.224006
0 0.906179 0.452975 0.0166911 0.0292707 0.223285
0 0.89972 0.484951 0.0236523 0.0340188 0.22278
0 0.315608 0.86818 0.0171045 0.0405813 0.221521
0 0.831667 0.242903 0.0209993 0.0341978 0.220255
0 0.96397 0.164815 0.015353 0.0280772 0.219784
0 0.431592 0.539506 0.0218727 0.0343436 0.219686
0 0.0785588 0.0255416 0.0166561 0.0333703 0.218725
0 0.415754 0.0882785 0.0236113 0.0428647 0.218559
0 0.368452 0.0111354 0.0130967 0.0216914 0.218451
0 0.067264 0.639685 0.0178195 0.0280017 0.21772
0 0.762257 0.86544 0.0158016 0.028045 0.217635
0 0.0131351 0.448844 0.0256021 0.0532594 0.21648
0 0.273155 0.23221 0.0153313 0.0361607 0.213331
0 0.987768 0.562376 0.023786 0.0423459 0.213164
0 0.124674 0.896975 0.0181972 0.0302707 0.212711
0 0.665783 0.852547 0.018456 0.0351047 0.212067
0 0.299899 0.647993 0.0219198 0.038108 0.207834
0 0.0432571 0.874694 0.0185641 0.0243608 0.206456
0 0.221076 0.816304 0.0227027 0.0337633 0.206397
0 0.828853 0.718945 0.0229622 0.0277408 0.203501
0 0.905832 0.111091 0.0232341 0.0433399 0.202642
0 0.251657 0.359676 0.0273725 0.0519771 0.199815
0 0.852982 0.448692 0.02024 0.0267236 0.199543
0 0.654221 0.69457 0.0237511 0.0455148 0.199162
0 0.421674 0.57128 0.019095 0.0315869 0.197729
0 0.0435315 0.294193 0.0174032 0.0257623 0.196005
0 0.181035 0.40668 0.0276512 0.0505085 0.195826
0 0.372289 0.525114 0.0279098 0.038183 0.195448
0 0.264697 0.956783 0.0203115 0.0309923 0.195381
0 0.182932 0.398071 0.0357831 0.0728341 0.194723
0 0.252127 0.988946 0.0192311 0.0213418 0.193621
0 0.0304669 0.752668 0.0167738 0.0351798 0.192951
0 0.40658 0.306826 0.0247458 0.0327504 0.192934
0 0.230896 0.973056 0.0188055 0.0337004 0.192312
0 0.48104 0.0597622 0.0216389 0.0394186 0.192028
0 0.407491 0.355912 0.0141716 0.0251449 0.191643
0 0.35595 0.0129992 0.0188725 0.0259984 0.191248
0 0.0486418 0.0205045 0.0186312 0.0375835 0.191084
0 0.196289 0.0163157 0.0233667 0.0326314 0.190695
0 0.112255 0.17869 0.0129177 0.0314673 0.19042
0 0.346169 0.681509 0.0176638 0.0236063 0.1903
0 0.0365596 0.790838 0.0150005 0.0347964 0.19019
0 0.563043 0.169974 0.0236044 0.0394622 0.188089
0 0.390334 0.393417 0.0131252 0.030891 0.188019
0 0.218063 0.765913 0.0175967 0.0276888 0.186673
0 0.0307629 0.0553802 0.0154035 0.0310439 0.186304
0 0.00834358 0.0713879 0.0165002 0.0366068 0.185908
0 0.683561 0.834554 0.0216834 0.0436506 0.185368
0 0.800623 0.130525 0.0101208 0.0295509 0.184691
0 0.934242 0.189778 0.0246079 0.039918 0.183961
0 0.293679 0.598694 0.0187111 0.0328237 0.182625
0 0.0635486 0.0114343 0.0124986 0.0215946 0.181595
0 0.313414 0.769779 0.0143969 0.0231764 0.181079
0 0.678877 0.0321402 0.0256172 0.0463388 0.180642
0 0.713011 0.717955 0.0257669 0.0476613 0.180008
0 0.147649 0.0614005 0.0151435 0.0282528 0.178993
0 0.799249 0.356185 0.0173586 0.0238066 0.178676
0 0.793966 0.760946 0.0249002 0.0352985 0.175476
0 0.134981 0.9858 0.0170996 0.0262318 0.175429
0 0.222262 0.17923 0.0215379 0.0283893 0.175114
0 0.228231 0.867213 0.0240515 0.0410412 0.174932
0 0.518305 0.30707 0.0306654 0.0369843 0.173925
0 0.119536 0.00769421 0.0189157 0.0153884 0.173135
0 0.734298 0.686936 0.0224457 0.0329284 0.172717
0 0.0425158 0.0857657 0.0135933 0.0330138 0.171717
0 0.427119 0.20532 0.0155432 0.0261268 0.171558
0 0.256121 0.136434 0.0164789 0.0299381 0.170205
0 0.143414 0.00999139 0.0190636 0.0195126 0.170184
0 0.765105 0.868124 0.0183703 0.0295759 0.169974
0 0.162787 0.109918 0.0189267 0.0291382 0.167816
0 0.220568 0.761445 0.0195917 0.032507 0.167629
0 0.128871 0.0735069 0.0130761 0.0297443 0.167314
0 0.570673 0.0967424 0.0269303 0.0569653 0.166574
0 0.0154493 0.99105 0.0193147 0.0168954 0.166556
0 0.285257 0.572256 0.020961 0.0298047 0.164195
0 0.41218 0.307279 0.015834 0.0299637 0.163733
0 0.760809 0.35218 0.0195206 0.033375 0.163695
0 0.837737 0.154147 0.0230518 0.0461562 0.163183
0 0.0132268 0.842464 0.0200492 0.0304108 0.162694
0 0.831391 0.407593 0.016473 0.0292671 0.162334
0 0.341288 0.102417 0.0201716 0.0280363 0.162034
0 0.448625 0.303009 0.0136829 0.027992 0.160597
0 0.543259 0.132414 0.0223602 0.0359829 0.158615
0 0.690685 0.0306318 0.0182093 0.0399187 0.158416
0 0.443889 0.0205611 0.0244924 0.0306175 0.157798
0 0.484414 0.212858 0.0238009 0.0463375 0.157592
0 0.826601 0.650144 0.0144165 0.0227538 0.156833
0 0.901714 0.451564 0.0234741 0.0295208 0.154482
0 0.00388142 0.893116 0.00769337 0.0355472 0.153677
0 0.16121 0.263128 0.0295724 0.0425373 0.152754
0 0.102341 0.721485 0.0149256 0.0248237 0.151914
0 0.743344 0.858625 0.0129431 0.0276251 0.151788
0 0.445876 0.303803 0.0148465 0.0276455 0.151348
0 0.23113 0.551629 0.0176774 0.0310241 0.150645
0 0.308262 0.737241 0.0115058 0.0246619 0.149357
0 0.105645 0.692383 0.021534 0.0347811 0.14905
0 0.0388823 0.0876429 0.0160468 0.0257092 0.148588
0 0.360624 0.128823 0.0224719 0.0306928 0.148584
0 0.484049 0.0658639 0.0172671 0.0280069 0.148523
0 0.793326 0.132938 0.0208838 0.0308906 0.148444
0 0.937363 0.96982 0.0225815 0.0445804 0.147237
0 0.773666 0.876574 0.0152749 0.0204729 0.146703
0 0.280196 0.39564 0.0138536 0.0239405 0.146653
0 0.0571167 0.0122819 0.0213716 0.0243204 0.146221
0 0.118766 0.010502 0.0175514 0.0188882 0.144838
0 0.131253 0.070953 0.0105451 0.0273689 0.143123
0 0.800973 0.137327 0.0103495 0.0226713 0.142958
0 0.359183 0.0121807 0.0188956 0.0243614 0.142806
0 0.836323 0.247742 0.0234455 0.0347488 0.142599
0 0.130289 0.147794 0.0147653 0.0328101 0.141598
0 0.468738 0.0885356 0.0137152 0.0286907 0.141358
0 0.321825 0.15089 0.01403 0.0274155 0.141119
0 0.269467 0.471272 0.0252386 0.0402819 0.141005
0 0.440594 0.144369 0.0137678 0.0276446 0.140749
0 0.113874 0.186384 0.0141357 0.0273566 0.140595
0 0.889612 0.637882 0.0244471 0.0378769 0.140551
0 0.757856 0.147023 0.0206705 0.0377089 0.140501
0 0.711453 0.820605 0.0225937 0.0331781 0.139598
0 0.101727 0.162888 0.0170165 0.0324201 0.139454
0 0.22403 0.748191 0.0181796 0.0280131 0.139304
0 0.204063 0.0655794 0.0185011 0.0253094 0.138602
0 0.272373 0.134129 0.0136622 0.0284936 0.138078
0 0.50553 0.183715 0.0212009 0.035083 0.135925
0 0.843806 0.542626 0.0270714 0.0482645 0.135006
0 0.99669 0.490033 0.00661939 0.0254444 0.134381
0 0.378085 0.726703 0.0259966 0.047662 0.134093
0 0.304199 0.553143 0.0139247 0.029233 0.133613
0 0.0361811 0.390642 0.0330438 0.0456972 0.132809
0 0.703128 0.935406 0.0180187 0.0276497 0.132684
0 0.792285 0.38207 0.0241055 0.031771 0.132543
0 0.290452 0.985824 0.0176565 0.0278239 0.132099
0 0.916999 0.089132 0.0203945 0.046611 0.131926
0 0.305221 0.370452 0.0156448 0.0335331 0.13172
0 0.768777 0.871649 0.0218096 0.0313686 0.131093
0 0.851802 0.669721 0.0146673 0.0208496 0.129272
0 0.547862 0.049017 0.0222666 0.0471146 0.128436
0 0.228486 0.0208671 0.0269332 0.0384001 0.128435
0 0.857212 0.164145 0.0166581 0.0336468 0.128323
0 0.905372 0.120396 0.0204952 0.028514 0.128169
0 0.700213 0.983003 0.022633 0.032685 0.12738
0 0.445508 0.0729227 0.0284327 0.0502101 0.127093
0 0.511838 0.239628 0.0276052 0.0451162 0.127064
0 0.935258 0.0120109 0.0205224 0.0228097 0.126894
0 0.00976532 0.292731 0.0180727 0.0246117 0.126795
0 0.253641 0.427045 0.0175745 0.0336335 0.125251
0 0.228112 0.21241 0.0199791 0.0391016 0.124312
0 0.014587 0.955401 0.0136909 0.025823 0.124225
0 0.513117 0.185494 0.016965 0.0306972 0.122853
0 0.800579 0.432129 0.0144049 0.0353407 0.121721
0 0.0740716 0.0750198 0.0148469 0.0291829 0.121357
0 0.181754 0.86332 0.0158134 0.0239421 0.121191
0 0.170988 0.718335 0.0167887 0.031783 0.120854
0 0.274391 0.238752 0.0144571 0.0350856 0.120458
0 0.870749 0.102324 0.0161903 0.0308529 0.120061
0 0.302558 0.912694 0.0207541 0.0237606 0.119902
0 0.17335 0.565239 0.0138622 0.0162908 0.119534
0 0.45781 0.123074 0.0146431 0.0271413 0.119298
0 0.517047 0.00984574 0.0198172 0.0193505 0.119202
0 0.755272 0.670465 0.0118167 0.0231944 0.118981
0 0.0717891 0.842215 0.0174184 0.0305091 0.118963
0 0.240879 0.620866 0.0204497 0.0264761 0.118803
0 0.786053 0.372951 0.0219494 0.0415053 0.11818
0 0.462624 0.200937 0.0169373 0.0270947 0.117748
0 0.773423 0.922623 0.0195765 0.0288483 0.117475
0 0.200214 0.694778 0.0152899 0.0272525 0.117335
0 0.828462 0.723209 0.0203579 0.0259516 0.11716
0 0.0657514 0.716079 0.014825 0.024913 0.117138
0 0.755117 0.753279 0.0170998 0.0241822 0.115815
0 0.127856 0.0787763 0.0139342 0.0333083 0.115198
0 0.118517 0.213355 0.0163634 0.022081 0.114885
0 0.229315 0.954049 0.0212103 0.0341448 0.114658
0 0.802472 0.429941 0.0140789 0.0300106 0.114178
0 0.406207 0.528775 0.0217552 0.0319609 0.113546
0 0.110807 0.175172 0.0132806 0.0330937 0.113485
0 0.388352 0.393138 0.0132474 0.0329978 0.113425
0 0.379657 0.766659 0.0212347 0.0263528 0.113412
0 0.829555 0.404745 0.0170383 0.0313192 0.11259
0 0.460651 0.203084 0.0210199 0.0289697 0.111789
0 0.799535 0.389734 0.0161959 0.0296022 0.111423
0 0.562077 0.114615 0.0191763 0.0400731 0.111261
0 0.471993 0.342281 0.0266357 0.0502994 0.111057
0 0.225233 0.864215 0.0192241 0.036672 0.11063
0 0.0416351 0.262076 0.0195304 0.033578 0.110288
0 0.49352 0.015344 0.0157413 0.0300241 0.108946
0 0.0466516 0.982889 0.0178041 0.031101 0.108396
0 0.0333397 0.793167 0.013598 0.0369727 0.108259
0 0.292836 0.0325656 0.0134332 0.0260962 0.10801
0 0.495985 0.0139882 0.0138014 0.0267105 0.107551
0 0.843877 0.250922 0.0190975 0.033984 0.107358
0 0.443444 0.305143 0.0166424 0.0300179 0.105701
0 0.0899135 0.14385 0.0151154 0.0225566 0.105543
0 0.483673 0.293152 0.0135952 0.0237149 0.105431
0 0.664672 0.0688607 0.0203265 0.0374968 0.105325
0 0.318129 0.83031 0.0115146 0.0256297 0.105305
0 0.102841 0.109834 0.0162217 0.038305 0.105294
0 0.408243 0.395043 0.0185863 0.0352499 0.104942
0 0.128888 0.800154 0.0141009 0.022668 0.104923
0 0.15522 0.263964 0.0188635 0.0410538 0.104788
0 0.0118784 0.767704 0.0207922 0.0293715 0.104664
0 0.179961 0.166533 0.0150807 0.0353297 0.104615
0 0.895904 0.0875791 0.0138048 0.0319837 0.104609
0 0.130036 0.840389 0.0141743 0.0249997 0.103784
0 0.153712 0.816203 0.0197371 0.0313032 0.103526
0 0.150517 0.656339 0.0155084 0.0250067 0.103501
0 0.482104 0.0148223 0.0302785 0.0295936 0.102977
0 0.517657 0.00708687 0.0206463 0.0141737 0.102555
0 0.388334 0.61591 0.011827 0.0284459 0.102315
0 0.388798 0.361403 0.0173855 0.0279134 0.102125
0 0.444473 0.223357 0.0201647 0.0286373 0.101354
0 0.880995 0.596832 0.0107155 0.0235857 0.100423
0 0.752907 0.833635 0.0181894 0.027633 0.100248
0 0.776714 0.895315 0.0140654 0.0153161 0.100025
