0 0.444426 0.613936 0.0203882 0.0432241 0.701926
0 0.652523 0.951152 0.0201008 0.0363568 0.67691
0 0.526155 0.912333 0.0175181 0.0402323 0.676874
0 0.195772 0.100097 0.0202418 0.0380799 0.676386
0 0.280294 0.889703 0.0195782 0.0335832 0.672841
0 0.342672 0.621112 0.0277624 0.0429955 0.666847
0 0.730301 0.0227035 0.027424 0.0448095 0.665307
0 0.124211 0.279132 0.0198758 0.0434201 0.664915
0 0.756664 0.788728 0.0157637 0.0283712 0.664666
0 0.452304 0.848519 0.0238864 0.0395584 0.658438
0 0.714518 0.0708117 0.0257967 0.0471959 0.652493
0 0.689853 0.44251 0.0193291 0.0356986 0.650619
0 0.209888 0.432105 0.0183424 0.0322356 0.648134
0 0.472056 0.719591 0.0279924 0.0496348 0.644086
0 0.571988 0.812551 0.0171097 0.0311452 0.643037
0 0.561703 0.374564 0.0199067 0.0351542 0.639359
0 0.452375 0.677043 0.0240093 0.0484185 0.638389
0 0.180288 0.923814 0.0182464 0.0316691 0.636816
0 0.181045 0.183159 0.0196231 0.0330603 0.632755
0 0.493752 0.909257 0.0220776 0.0411104 0.632025
0 0.30076 0.372942 0.0179212 0.0373962 0.629314
0 0.482507 0.948245 0.0159674 0.0288959 0.624451
0 0.818248 0.162549 0.016864 0.0274304 0.624313
0 0.136616 0.144952 0.0186626 0.0298881 0.623746
0 0.590915 0.390125 0.019121 0.0324136 0.623566
0 0.127781 0.178061 0.0202063 0.0344742 0.623291
0 0.254474 0.339951 0.0204468 0.0324153 0.616882
0 0.212226 0.27383 0.0177573 0.0331408 0.616091
0 0.528528 0.982507 0.019375 0.032768 0.615623
0 0.473604 0.87715 0.0194606 0.040752 0.614348
0 0.279651 0.696299 0.0209685 0.0345706 0.610446
0 0.675054 0.858699 0.0191141 0.0310967 0.609362
0 0.0710273 0.49648 0.0251755 0.0386013 0.608558
0 0.474651 0.53719 0.0178005 0.0273617 0.607515
0 0.105622 0.757773 0.0166623 0.0352651 0.606419
0 0.496798 0.685048 0.0157707 0.0353913 0.60603
0 0.730036 0.985654 0.0155139 0.0263838 0.605679
0 0.393657 0.802011 0.015397 0.0318878 0.605361
0 0.584856 0.735171 0.020813 0.034749 0.604794
0 0.340175 0.441241 0.0174234 0.031763 0.604276
0 0.226996 0.0207522 0.023621 0.0389612 0.603009
0 0.825666 0.0216727 0.0130695 0.0212078 0.601659
0 0.28817 0.273449 0.0206687 0.0379924 0.600915
0 0.825114 0.939133 0.0172531 0.0287118 0.599679
0 0.981915 0.0897094 0.0152187 0.0209118 0.598922
0 0.889027 0.011109 0.0156109 0.0216631 0.59811
0 0.427394 0.152751 0.0165632 0.0363565 0.597919
0 0.802055 0.952115 0.0152424 0.0238196 0.597281
0 0.933383 0.0224606 0.0151728 0.0234966 0.596139
0 0.948886 0.0428789 0.0141363 0.0229103 0.596064
0 0.967446 0.0267719 0.0156878 0.0247978 0.595616
0 0.942777 0.878988 0.0149776 0.0234833 0.594092
0 0.192532 0.458508 0.0197261 0.0331534 0.592616
0 0.196533 0.150873 0.0200805 0.0307374 0.589842
0 0.897348 0.0452456 0.0138199 0.0218734 0.588666
0 0.964988 0.0655328 0.0141106 0.025867 0.58819
0 0.28913 0.66391 0.0175437 0.027488 0.587538
0 0.0550676 0.303436 0.0146644 0.0249781 0.587071
0 0.885449 0.943093 0.0154079 0.0235333 0.586599
0 0.877231 0.0622796 0.0146355 0.0206227 0.585683
0 0.802456 0.775053 0.0146966 0.0235391 0.585364
0 0.852499 0.763105 0.015443 0.0261051 0.58508
0 0.105894 0.166432 0.0181547 0.0357746 0.584558
0 0.827962 0.77156 0.0140358 0.0240336 0.582579
0 0.965757 0.862558 0.0155958 0.0252309 0.582313
0 0.0530969 0.607644 0.0214593 0.0394016 0.581687
0 0.137418 0.568552 0.0173078 0.0321203 0.581338
0 0.853041 0.160249 0.0191185 0.0286009 0.580911
0 0.982833 0.856173 0.0130428 0.0213081 0.580702
0 0.897136 0.906688 0.0167217 0.0257372 0.580412
0 0.520751 0.336636 0.0220833 0.0307981 0.580071
0 0.0284245 0.557235 0.0210548 0.0383774 0.579939
0 0.629927 0.394035 0.0193003 0.0335892 0.57911
0 0.078791 0.184389 0.017069 0.0287218 0.578978
0 0.718652 0.38121 0.0268134 0.0517042 0.576636
0 0.297709 0.445159 0.0188281 0.0346456 0.574608
0 0.833679 0.058497 0.0131863 0.0215807 0.573852
0 0.708844 0.800147 0.0136408 0.0244405 0.573783
0 0.905659 0.0817703 0.0149471 0.0207526 0.572987
0 0.646108 0.987624 0.0191721 0.0236997 0.572659
0 0.295692 0.334248 0.0232811 0.036718 0.572304
0 0.366546 0.634624 0.0131656 0.024937 0.570755
0 0.947594 0.940039 0.0139332 0.0196819 0.569251
0 0.740037 0.797124 0.0124901 0.0184521 0.56913
0 0.349525 0.381697 0.0148614 0.0304539 0.568738
0 0.777998 0.963446 0.0148125 0.024742 0.568729
0 0.777307 0.876401 0.012947 0.0221505 0.568345
0 0.758645 0.88201 0.0128716 0.0226569 0.567518
0 0.752679 0.822974 0.0128236 0.0208493 0.566807
0 0.913675 0.114862 0.0138428 0.0207055 0.566544
0 0.699209 0.842305 0.0136079 0.0235101 0.564885
0 0.840521 0.829361 0.0136826 0.0223653 0.564613
0 0.351351 0.53215 0.0140024 0.0259393 0.563758
0 0.052627 0.34915 0.019796 0.0347415 0.563685
0 0.939764 0.153106 0.0147692 0.0258169 0.563001
0 0.0723952 0.644858 0.020179 0.0337709 0.562665
0 0.960693 0.101368 0.0143986 0.0216227 0.562592
0 0.427927 0.661993 0.0213564 0.0387498 0.562406
0 0.673799 0.145294 0.0202357 0.0292035 0.562374
0 0.852026 0.855736 0.0132999 0.019282 0.562228
0 0.779797 0.781931 0.0135368 0.0250173 0.562048
0 0.292907 0.409976 0.0161518 0.0261471 0.561316
0 0.850139 0.961216 0.0153717 0.0277825 0.561196
0 0.266311 0.923823 0.0146905 0.023851 0.559713
0 0.848213 0.798027 0.0133375 0.0208266 0.557486
0 0.792288 0.172795 0.0260682 0.0361391 0.554065
0 0.74019 0.886865 0.013225 0.0193315 0.553646
0 0.98519 0.978756 0.0142834 0.0246042 0.553177
0 0.50734 0.646237 0.0134154 0.0278117 0.552857
0 0.82178 0.834841 0.0125488 0.0203983 0.552741
0 0.345288 0.284546 0.0153023 0.0254979 0.552491
0 0.987377 0.0139916 0.0153942 0.0202623 0.552447
0 0.198102 0.700626 0.0222724 0.0481581 0.551943
0 0.468244 0.313942 0.0155651 0.0321355 0.551
0 0.10321 0.604628 0.0264599 0.0490703 0.550692
0 0.771248 0.905607 0.0132168 0.0225298 0.550111
0 0.915433 0.810992 0.0126522 0.0197792 0.549716
0 0.953256 0.797579 0.0128643 0.0202871 0.549596
0 0.878003 0.818983 0.0130263 0.0203562 0.549543
0 0.705583 0.0115688 0.018564 0.0228515 0.549487
0 0.75237 0.974204 0.0149136 0.022878 0.549261
0 0.884509 0.789765 0.0118904 0.0197468 0.549212
0 0.590746 0.10116 0.0166099 0.0275461 0.547329
0 0.735254 0.828246 0.0109547 0.0202989 0.546335
0 0.343508 0.34841 0.0131078 0.0264232 0.546248
0 0.930835 0.947712 0.0132799 0.022192 0.545982
0 0.942842 0.116101 0.0140121 0.0218174 0.545886
0 0.814714 0.071833 0.0131927 0.0209077 0.545863
0 0.921134 0.150142 0.0133087 0.0218365 0.545716
0 0.828284 0.803375 0.0143703 0.0229006 0.545713
0 0.323806 0.229204 0.0244015 0.0360827 0.545464
0 0.779821 0.0221465 0.0122465 0.0214281 0.545073
0 0.435843 0.883667 0.0141733 0.0235331 0.543872
0 0.238208 0.311368 0.012967 0.0284787 0.54376
0 0.98422 0.0506124 0.0151978 0.0226003 0.542118
0 0.304265 0.551639 0.01767 0.0330335 0.542004
0 0.894885 0.754029 0.0125305 0.0208086 0.541939
0 0.860108 0.0765536 0.0124001 0.0209342 0.541933
0 0.319456 0.46501 0.017567 0.0287622 0.541547
0 0.623179 0.790598 0.0128787 0.0242933 0.54135
0 0.0646444 0.2133 0.0220872 0.0380995 0.540102
0 0.913172 0.747104 0.0130726 0.0227122 0.538326
0 0.978569 0.123956 0.0140411 0.0231658 0.537993
0 0.746737 0.856133 0.0127416 0.0193502 0.537976
0 0.796842 0.870703 0.0123048 0.0212969 0.537534
0 0.871154 0.850349 0.0128689 0.0217407 0.537195
0 0.679386 0.92651 0.0147114 0.0236396 0.537119
0 0.582989 0.0237236 0.0122648 0.0269311 0.536988
0 0.843704 0.00989334 0.0138931 0.0194758 0.536918
0 0.889633 0.845482 0.0134872 0.0199868 0.536536
0 0.91597 0.0338179 0.0140148 0.0225478 0.536516
0 0.72823 0.859784 0.0116407 0.0195947 0.536155
0 0.97195 0.793519 0.0128885 0.0209018 0.535972
0 0.883187 0.876842 0.0131344 0.0205631 0.535722
0 0.984571 0.887607 0.0137445 0.0234606 0.535579
0 0.78433 0.845799 0.0120932 0.0197106 0.535156
0 0.858517 0.824347 0.013813 0.0208082 0.535006
0 0.0280519 0.0217824 0.0248343 0.0423552 0.534773
0 0.341959 0.476112 0.0129463 0.0236864 0.534739
0 0.659456 0.216383 0.0164703 0.0345945 0.534474
0 0.154032 0.0557321 0.0179299 0.0344242 0.534115
0 0.807747 0.898435 0.0136707 0.0200918 0.532874
0 0.968596 0.893952 0.0137962 0.0220573 0.532624
0 0.0279575 0.248971 0.0185036 0.0380873 0.532191
0 0.176873 0.687526 0.0172564 0.0308602 0.532158
0 0.81479 0.865325 0.0130861 0.0186532 0.531581
0 0.218811 0.81342 0.0231008 0.0411119 0.531424
0 0.623468 0.33772 0.016739 0.0295953 0.530993
0 0.934793 0.803425 0.0127445 0.0194655 0.530825
0 0.809388 0.809232 0.0128845 0.0192251 0.530674
0 0.803246 0.839077 0.0136143 0.022344 0.530395
0 0.922826 0.776857 0.0129314 0.0206892 0.52919
0 0.321687 0.0934161 0.0148866 0.0287563 0.528026
0 0.0378099 0.389338 0.0218596 0.0446593 0.527424
0 0.984343 0.819771 0.0128265 0.0201084 0.527331
0 0.806462 0.0375618 0.0127844 0.020364 0.527311
0 0.622886 0.711269 0.0139065 0.0234493 0.526503
0 0.896081 0.814511 0.0138044 0.0213529 0.52522
0 0.951388 0.905212 0.0151742 0.0243578 0.525172
0 0.243672 0.588015 0.0125615 0.0342864 0.525144
0 0.752883 0.914157 0.0127595 0.020541 0.525124
0 0.801081 0.441776 0.014202 0.0206848 0.522553
0 0.991132 0.787464 0.0136105 0.0198222 0.522473
0 0.92687 0.0586714 0.0124748 0.0215993 0.522445
0 0.865262 0.794298 0.013023 0.0217889 0.521884
0 0.389412 0.514162 0.014336 0.0327277 0.521157
0 0.788831 0.902582 0.0130395 0.0202645 0.520992
0 0.929733 0.0896689 0.0141745 0.022529 0.519459
0 0.602076 0.0110803 0.0201448 0.0215343 0.518324
0 0.764659 0.850078 0.0140433 0.0214298 0.518114
0 0.196563 0.881059 0.0153443 0.0288437 0.517252
0 0.499513 0.463227 0.026158 0.0632254 0.516953
0 0.720923 0.891604 0.0122876 0.0208418 0.516003
0 0.875171 0.759394 0.0117023 0.0202693 0.514634
0 0.840571 0.0920982 0.0136986 0.0206067 0.513807
0 0.920831 0.865522 0.0131321 0.021042 0.513632
0 0.294129 0.772604 0.0136759 0.0305837 0.511294
0 0.976048 0.159178 0.014183 0.0202552 0.51047
0 0.78801 0.0535781 0.0119664 0.0206766 0.510335
0 0.308788 0.0620868 0.0172189 0.0334473 0.510116
0 0.367339 0.363146 0.0204528 0.0327699 0.509977
0 0.885953 0.0933697 0.0117858 0.0191568 0.506813
0 0.771928 0.818853 0.0123915 0.0196937 0.506682
0 0.437806 0.829915 0.0145626 0.02628 0.506483
0 0.734021 0.917015 0.0118209 0.0202627 0.504176
0 0.716302 0.83412 0.0112567 0.0202323 0.503187
0 0.825084 0.582785 0.0144001 0.0261102 0.503132
0 0.979521 0.761974 0.0118944 0.0215868 0.503106
0 0.965078 0.824307 0.0125235 0.0194784 0.503049
0 0.680769 0.550985 0.0151587 0.0299979 0.503005
0 0.920112 0.896368 0.0138355 0.0216163 0.502795
0 0.833862 0.859802 0.01217 0.0199654 0.500568
0 0.510079 0.36866 0.0187906 0.028801 0.500459
0 0.11099 0.945637 0.01552 0.0302968 0.500384
0 0.670181 0.96992 0.0132097 0.0206483 0.499103
0 0.167496 0.24298 0.021546 0.0388891 0.499101
0 0.799223 0.00778812 0.0160032 0.0155762 0.498689
0 0.0736225 0.0500026 0.0139217 0.0250829 0.497718
0 0.985046 0.91631 0.0133514 0.0208018 0.497295
0 0.669887 0.501498 0.0167731 0.0299044 0.494618
0 0.525173 0.478821 0.0234343 0.0397466 0.493143
0 0.909521 0.840538 0.0119246 0.0193515 0.492986
0 0.725595 0.800561 0.0120174 0.0191986 0.492916
0 0.695798 0.928828 0.0122772 0.0199271 0.492863
0 0.628096 0.914525 0.0142747 0.0255117 0.491517
0 0.858984 0.422583 0.0124172 0.0207335 0.488424
0 0.959741 0.138674 0.0139217 0.0207179 0.48771
0 0.714559 0.925154 0.0119587 0.0176476 0.483486
0 0.0732634 0.303111 0.0189757 0.029338 0.482972
0 0.134338 0.534625 0.0149707 0.0270707 0.481938
0 0.927255 0.835246 0.0124073 0.0176028 0.481155
0 0.595839 0.864956 0.0253597 0.0360365 0.480657
0 0.966858 0.927651 0.0115133 0.016726 0.479334
0 0.952397 0.967967 0.0113153 0.0209988 0.479117
0 0.0718768 0.0946167 0.0161123 0.0274359 0.47829
0 0.762047 0.0354308 0.0126094 0.0191702 0.477907
0 0.790134 0.812354 0.0126326 0.0188074 0.477825
0 0.968663 0.959497 0.0124866 0.0207521 0.476731
0 0.460996 0.757083 0.0178554 0.028557 0.476364
0 0.907924 0.283991 0.0130356 0.0206067 0.476142
0 0.364503 0.44021 0.0187686 0.0308375 0.475684
0 0.468207 0.570818 0.0201821 0.0354162 0.472142
0 0.702409 0.263785 0.0167448 0.0322546 0.470984
0 0.902214 0.872144 0.0125599 0.021343 0.469703
0 0.866638 0.953822 0.0132679 0.0199632 0.469663
0 0.235289 0.384664 0.0242809 0.0420889 0.469382
0 0.61668 0.0468698 0.0165524 0.0303385 0.468903
0 0.956044 0.17283 0.0130196 0.0220066 0.468764
0 0.821391 0.43429 0.0125244 0.0186378 0.468707
0 0.934861 0.917703 0.0132889 0.0193929 0.468532
0 0.946738 0.831162 0.012833 0.0170865 0.467813
0 0.234556 0.197943 0.0193746 0.0365551 0.467735
0 0.847817 0.930024 0.0144619 0.0271871 0.4675
0 0.74495 0.944367 0.0101847 0.018452 0.465544
0 0.903255 0.781664 0.0119492 0.0177795 0.464396
0 0.984681 0.948821 0.0132793 0.0210541 0.464171
0 0.217032 0.346663 0.0133486 0.0273169 0.463522
0 0.877669 0.417159 0.0133984 0.0203374 0.462516
0 0.447564 0.802077 0.0191853 0.0333125 0.459765
0 0.726284 0.948871 0.0122117 0.0192959 0.458245
0 0.932732 0.338921 0.0121925 0.019254 0.457117
0 0.101036 0.845957 0.0150293 0.0304759 0.456899
0 0.443935 0.730988 0.0200676 0.0436235 0.454177
0 0.660277 0.179123 0.0141108 0.0210002 0.454043
0 0.524783 0.443174 0.0213926 0.0319 0.453094
0 0.941139 0.772552 0.0119553 0.0167453 0.452646
0 0.760764 0.452734 0.0107763 0.0189631 0.452202
0 0.845399 0.487946 0.0128418 0.0190674 0.451869
0 0.300065 0.929426 0.0132319 0.0246053 0.451368
0 0.788515 0.413663 0.0112213 0.0185408 0.449867
0 0.252657 0.623246 0.015272 0.0315043 0.447822
0 0.768578 0.420014 0.0122981 0.0195229 0.447552
0 0.769345 0.0696141 0.0112993 0.0183798 0.446467
0 0.391631 0.235977 0.0177666 0.0438398 0.445962
0 0.850511 0.0418543 0.01105 0.019385 0.44226
0 0.0385876 0.912141 0.0173483 0.0322427 0.441502
0 0.917948 0.926164 0.011833 0.017347 0.44082
0 0.955404 0.487409 0.0131212 0.0191678 0.440628
0 0.632796 0.160454 0.014945 0.0288432 0.440193
0 0.755438 0.391943 0.0109001 0.0194195 0.43857
0 0.912213 0.345057 0.0127485 0.0185712 0.438102
0 0.284394 0.587021 0.0197601 0.0292046 0.437957
0 0.995959 0.111535 0.00808163 0.0212306 0.437952
0 0.811359 0.558849 0.0136768 0.0195976 0.437913
0 0.0639692 0.882535 0.0159751 0.0303857 0.436541
0 0.580043 0.546932 0.020735 0.0583914 0.436405
0 0.432746 0.0281651 0.0243387 0.0337738 0.436278
0 0.710285 0.865434 0.0116182 0.0179131 0.435845
0 0.894045 0.349741 0.0124107 0.020429 0.432067
0 0.925991 0.278263 0.0103447 0.0186469 0.431751
0 0.129653 0.841927 0.0273829 0.0467539 0.431147
0 0.815435 0.374299 0.0116402 0.0165758 0.430421
0 0.115887 0.5278 0.015906 0.0323523 0.429944
0 0.144222 0.307314 0.0229845 0.0341724 0.429257
0 0.805481 0.500507 0.0123376 0.0186038 0.428878
0 0.812406 0.466791 0.0115479 0.018069 0.428217
0 0.825339 0.493701 0.0124413 0.0181788 0.426495
0 0.423941 0.800274 0.0206382 0.0366892 0.426114
0 0.764828 0.937245 0.0115327 0.0185577 0.425729
0 0.352796 0.669516 0.0120573 0.0259784 0.424491
0 0.0895706 0.463935 0.0250117 0.0370045 0.42346
0 0.903524 0.938035 0.0130823 0.0203654 0.422617
0 0.70242 0.143688 0.0135047 0.0218813 0.422545
0 0.828596 0.135877 0.0124554 0.0176962 0.422397
0 0.0475872 0.763303 0.0242576 0.0365138 0.421814
0 0.301158 0.62187 0.0188245 0.0367528 0.420839
0 0.798715 0.532741 0.0114429 0.0178901 0.420313
0 0.0567715 0.0688812 0.0169708 0.0294011 0.419818
0 0.869504 0.54249 0.0119072 0.0190364 0.418673
0 0.818398 0.528192 0.0123547 0.0179376 0.417927
0 0.852464 0.452418 0.0112595 0.018201 0.41764
0 0.459835 0.437204 0.0182566 0.039356 0.415748
0 0.685185 0.983063 0.0128283 0.0217116 0.41481
0 0.778621 0.539241 0.0124729 0.0195901 0.413608
0 0.82099 0.106312 0.0131084 0.0194893 0.413133
0 0.488876 0.644828 0.0190384 0.0298037 0.411784
0 0.0158626 0.392429 0.0167142 0.0339555 0.411598
0 0.763278 0.265775 0.0113501 0.0184655 0.409391
0 0.855757 0.272839 0.0115669 0.0183985 0.408534
0 0.186961 0.377409 0.0178913 0.0371506 0.408389
0 0.796257 0.38077 0.0124079 0.0192162 0.40799
0 0.803034 0.120614 0.0128974 0.0194092 0.407512
0 0.7762 0.388707 0.0133955 0.0173715 0.40738
0 0.270194 0.614262 0.0143676 0.0248725 0.407117
0 0.796089 0.0898495 0.0112129 0.0185172 0.404995
0 0.834396 0.366788 0.0114868 0.017716 0.404425
0 0.837527 0.521631 0.0129326 0.0171841 0.404312
0 0.154081 0.684559 0.0207091 0.0325452 0.404019
0 0.988883 0.508614 0.0132996 0.0208523 0.403461
0 0.68967 0.88558 0.0136051 0.0198946 0.403081
0 0.589671 0.600611 0.0135258 0.0311273 0.402936
0 0.778077 0.141832 0.0190269 0.026663 0.402079
0 0.687263 0.814569 0.0151741 0.0226756 0.40205
0 0.951605 0.335991 0.0102158 0.0176063 0.401993
0 0.579216 0.89977 0.01583 0.033116 0.40191
0 0.0799376 0.746787 0.0203003 0.0309642 0.401776
0 0.891078 0.444214 0.0120087 0.0222257 0.401551
0 0.338828 0.767219 0.0206374 0.0378608 0.400731
0 0.783029 0.353419 0.0120328 0.0209249 0.400331
0 0.660869 0.680335 0.021684 0.0420208 0.400306
0 0.399214 0.431359 0.0135181 0.0284244 0.400227
0 0.211462 0.856975 0.0137355 0.0252994 0.399895
0 0.41715 0.597248 0.0202526 0.0404009 0.399102
0 0.808834 0.315035 0.0124008 0.0192528 0.398744
0 0.926829 0.983775 0.0128441 0.0219096 0.398709
0 0.846494 0.397322 0.0117579 0.0157566 0.398609
0 0.63678 0.81818 0.0104297 0.029324 0.397703
0 0.840909 0.988325 0.0171238 0.0212131 0.396576
0 0.762241 0.357961 0.01189 0.0179548 0.396468
0 0.110408 0.712196 0.0182435 0.0340293 0.395507
0 0.421415 0.282877 0.0152168 0.023575 0.395356
0 0.834659 0.276697 0.0120136 0.0179507 0.394819
0 0.708512 0.955225 0.0117134 0.0170663 0.39274
0 0.0285369 0.597224 0.0180715 0.0332882 0.39255
0 0.807432 0.406544 0.0120985 0.0196933 0.392347
0 0.0982619 0.263705 0.0189755 0.0332548 0.392107
0 0.864124 0.482569 0.0118053 0.0205614 0.392043
0 0.905483 0.378466 0.012112 0.0201206 0.391807
0 0.827733 0.310543 0.0131796 0.0199009 0.390374
0 0.899475 0.319347 0.0115559 0.0199163 0.389248
0 0.358341 0.47158 0.0168735 0.027839 0.388532
0 0.298444 0.200892 0.0135361 0.0245741 0.387981
0 0.702967 0.897183 0.0115903 0.0175147 0.387847
0 0.925945 0.374386 0.00991383 0.0187746 0.387548
0 0.706518 0.20469 0.0191056 0.0420447 0.387293
0 0.327718 0.690461 0.0212271 0.0433547 0.386588
0 0.822305 0.342201 0.011503 0.0177242 0.385568
0 0.826448 0.401835 0.0112347 0.0197939 0.384353
0 0.850504 0.547107 0.01155 0.0189229 0.383946
0 0.418619 0.0576813 0.0164513 0.0331489 0.383189
0 0.781603 0.445072 0.010607 0.0186635 0.383077
0 0.366728 0.401884 0.0198319 0.0315889 0.382119
0 0.0153072 0.878797 0.0179878 0.0309647 0.381276
0 0.966911 0.991003 0.0114489 0.0166047 0.381227
0 0.815204 0.977332 0.0137897 0.0205492 0.380423
0 0.491493 0.607913 0.0302794 0.0360168 0.38009
0 0.582738 0.989437 0.0140254 0.0201856 0.378007
0 0.839708 0.4277 0.0116341 0.0196582 0.37799
0 0.270754 0.645582 0.0141692 0.0241217 0.376271
0 0.402771 0.618236 0.0180475 0.0370366 0.375432
0 0.646032 0.00821113 0.0184728 0.0164223 0.373744
0 0.938785 0.308381 0.00844714 0.0179846 0.372004
0 0.937191 0.400597 0.0107824 0.0190523 0.371349
0 0.197446 0.550799 0.0208725 0.0352 0.369878
0 0.866974 0.111405 0.0115864 0.0196735 0.369665
0 0.832695 0.46177 0.0129711 0.0196352 0.368812
0 0.393372 0.287562 0.016084 0.0328249 0.365355
0 0.164163 0.745615 0.0220684 0.0365187 0.364837
0 0.750235 0.33326 0.0113931 0.0215151 0.363765
0 0.919327 0.315008 0.0113129 0.0167217 0.363357
0 0.777704 0.105384 0.011976 0.0190719 0.362867
0 0.773119 0.482175 0.0120431 0.0175583 0.361654
0 0.951509 0.00947401 0.0146221 0.0172738 0.361414
0 0.9616 0.455362 0.0130474 0.019174 0.359662
0 0.887021 0.294567 0.0119053 0.0185 0.358997
0 0.377305 0.568418 0.0168676 0.0316237 0.358379
0 0.700385 0.335064 0.0148082 0.0334064 0.358236
0 0.746484 0.51676 0.0114851 0.0179064 0.357878
0 0.499641 0.606217 0.0186487 0.0342213 0.35748
0 0.236021 0.901207 0.0131132 0.0299476 0.354874
0 0.53322 0.373114 0.0213411 0.0333626 0.354386
0 0.770493 0.326287 0.011601 0.018945 0.352911
0 0.786046 0.503715 0.0118806 0.0191737 0.350197
0 0.974122 0.483924 0.0121134 0.0177639 0.349294
0 0.841145 0.337071 0.0115793 0.0196136 0.348495
0 0.994497 0.145869 0.0110064 0.0206261 0.348238
0 0.865542 0.390959 0.011982 0.0164687 0.347552
0 0.980899 0.449944 0.0120921 0.0178021 0.346196
0 0.950172 0.99337 0.0154224 0.0124919 0.346075
0 0.995786 0.755398 0.00842794 0.0225528 0.344993
0 0.0793788 0.551117 0.0181148 0.0302784 0.342346
0 0.318033 0.512083 0.0182034 0.0309977 0.341551
0 0.860216 0.330709 0.0116222 0.0192521 0.341213
0 0.155295 0.00781994 0.0231736 0.0151674 0.340598
0 0.734091 0.492814 0.0123966 0.0173356 0.33977
0 0.757431 0.298805 0.0124098 0.0171527 0.338057
0 0.943644 0.36839 0.0113331 0.0177455 0.337354
0 0.30121 0.971212 0.0159154 0.0301952 0.336697
0 0.487453 0.612065 0.0207663 0.0362817 0.335819
0 0.752594 0.575414 0.0126204 0.0198374 0.335736
0 0.794696 0.474207 0.0109919 0.0185467 0.334916
0 0.248944 0.47837 0.0195958 0.0415931 0.333604
0 0.156566 0.093129 0.0149201 0.0234781 0.332361
0 0.367113 0.601091 0.0111056 0.0193156 0.331812
0 0.93036 0.432374 0.0116098 0.0199144 0.331605
0 0.721517 0.463402 0.0126685 0.0186527 0.331227
0 0.795412 0.287747 0.0134591 0.0178612 0.330492
0 0.569847 0.332126 0.0169094 0.0271293 0.329923
0 0.305254 0.484848 0.0157252 0.0232061 0.326872
0 0.0994917 0.388923 0.0147866 0.032845 0.326667
0 0.251421 0.691377 0.0213742 0.0268714 0.325314
0 0.170543 0.149709 0.0157417 0.0236259 0.32491
0 0.190183 0.959781 0.0207708 0.0288955 0.321079
0 0.413806 0.31558 0.0172378 0.0362407 0.320779
0 0.952158 0.427592 0.0099617 0.0187011 0.320668
0 0.54119 0.948154 0.015138 0.0256469 0.319381
0 0.78972 0.319938 0.0124092 0.0180254 0.319348
0 0.745403 0.365064 0.0105169 0.0190345 0.316993
0 0.011229 0.982792 0.01954 0.0308536 0.316282
0 0.0481122 0.533666 0.0130019 0.0248817 0.316272
0 0.150277 0.191351 0.0178472 0.0287553 0.31617
0 0.771432 0.23429 0.0118586 0.0192573 0.316159
0 0.945879 0.0786373 0.0138412 0.0188254 0.315973
0 0.956865 0.395291 0.0136505 0.0186023 0.314724
0 0.0603011 0.378718 0.0169786 0.0306961 0.314078
0 0.968157 0.422736 0.0120706 0.0180764 0.313262
0 0.126514 0.790178 0.0218524 0.0388279 0.310492
0 0.858886 0.635006 0.0139788 0.0210987 0.310235
0 0.967606 0.512291 0.0127869 0.0189457 0.307959
0 0.863947 0.882258 0.0138294 0.019122 0.305897
0 0.197891 0.337983 0.0180312 0.0268594 0.305831
0 0.896497 0.504672 0.0118584 0.018736 0.304826
0 0.844177 0.890206 0.014784 0.0209679 0.30405
0 0.00963081 0.314865 0.0189289 0.0289167 0.303585
0 0.861272 0.238476 0.0124851 0.0168911 0.303304
0 0.719653 0.555832 0.0098238 0.0197064 0.302422
0 0.891711 0.257365 0.0103237 0.0181004 0.301885
0 0.154704 0.440377 0.0269023 0.0511232 0.300507
0 0.0409818 0.964809 0.016453 0.0292059 0.299559
0 0.737875 0.303266 0.0111515 0.0168957 0.294801
0 0.640018 0.35347 0.0145847 0.0283015 0.294676
0 0.78215 0.934228 0.0125111 0.0173655 0.294375
0 0.874502 0.13879 0.0129143 0.0217043 0.294001
0 0.293862 0.806263 0.0132488 0.0230492 0.293841
0 0.116314 0.138145 0.0128437 0.0251133 0.293449
0 0.179031 0.0517697 0.0178645 0.0260853 0.293439
0 0.414045 0.409546 0.0179012 0.0281916 0.292035
0 0.596616 0.573658 0.0122518 0.0221946 0.291854
0 0.752539 0.239953 0.0114363 0.0165376 0.291307
0 0.169345 0.0249169 0.0149941 0.0210728 0.291237
0 0.159194 0.520875 0.0161509 0.0267146 0.286673
0 0.993154 0.476163 0.0132874 0.0207252 0.286592
0 0.532036 0.411251 0.022978 0.029331 0.286274
0 0.122889 0.673032 0.0223624 0.031613 0.282269
0 0.486405 0.150354 0.00893612 0.0249822 0.281943
0 0.172133 0.0876138 0.0113872 0.0185157 0.280858
0 0.873386 0.357887 0.01119 0.0178343 0.279787
0 0.842667 0.240388 0.0112423 0.0178012 0.279446
0 0.869342 0.295908 0.0122681 0.0180974 0.276972
0 0.37058 0.53232 0.0140293 0.0229008 0.275973
0 0.463774 0.258381 0.0268014 0.048603 0.273652
0 0.227558 0.628028 0.018558 0.0327403 0.27185
0 0.996055 0.84404 0.00788975 0.0196804 0.271506
0 0.479372 0.366856 0.0222466 0.0467896 0.271362
0 0.00929407 0.349502 0.0178347 0.0325909 0.270495
0 0.365721 0.503887 0.014862 0.0226274 0.269131
0 0.726982 0.526021 0.0122907 0.018945 0.268398
0 0.848323 0.126238 0.0128609 0.0208242 0.268024
0 0.441233 0.409069 0.0199402 0.0310397 0.267173
0 0.801587 0.256833 0.0122186 0.0195848 0.267067
0 0.00885607 0.511458 0.0176132 0.0427375 0.266693
0 0.815861 0.282904 0.0118468 0.0168671 0.266392
0 0.00433619 0.57326 0.0086257 0.0377744 0.265687
0 0.858092 0.514171 0.0114346 0.0174645 0.26324
0 0.832695 0.966867 0.0128651 0.0179712 0.263057
0 0.193734 0.0227238 0.0265183 0.0400449 0.261386
0 0.744855 0.27103 0.00944099 0.0186645 0.261128
0 0.456085 0.173083 0.0136895 0.0261642 0.260943
0 0.936077 0.492842 0.0113338 0.0204197 0.260388
0 0.441776 0.30617 0.0224361 0.0355681 0.259445
0 0.359338 0.565739 0.0115302 0.0252766 0.25879
0 0.0216278 0.953918 0.0163702 0.0280667 0.258185
0 0.875668 0.26586 0.0133511 0.0162798 0.257003
0 0.55291 0.14088 0.00892735 0.0340557 0.256805
0 0.336574 0.5657 0.01671 0.0373661 0.256089
0 0.0412363 0.794429 0.0200533 0.032836 0.254923
0 0.732479 0.584477 0.0111101 0.0210457 0.253565
0 0.0923446 0.722939 0.013668 0.0257526 0.253067
0 0.316595 0.951755 0.0140898 0.0267036 0.252216
0 0.740625 0.457291 0.0122568 0.017278 0.251259
0 0.890418 0.566952 0.0127983 0.01871 0.250034
0 0.43607 0.118612 0.0167325 0.0245821 0.249918
0 0.847255 0.303479 0.0117316 0.0187401 0.248961
0 0.89333 0.129499 0.0132748 0.0213283 0.246452
0 0.748297 0.427067 0.0125252 0.0163536 0.246359
0 0.915669 0.00543072 0.0156679 0.0108614 0.244803
0 0.00427935 0.159771 0.00853224 0.0268762 0.240661
0 0.17754 0.549652 0.0153924 0.0349287 0.240086
0 0.164871 0.978063 0.0248352 0.0412876 0.239548
0 0.598811 0.687895 0.0151221 0.0264282 0.238961
0 0.433807 0.196631 0.015996 0.0257911 0.238042
0 0.400757 0.178524 0.0244465 0.040089 0.237569
0 0.213417 0.897094 0.0172616 0.0250414 0.236921
0 0.141816 0.27666 0.0154492 0.0231006 0.233104
0 0.046675 0.486292 0.0155548 0.0326399 0.231412
0 0.618873 0.195983 0.0216778 0.033077 0.231241
0 0.614948 0.555264 0.0135498 0.0256431 0.230283
0 0.822588 0.249784 0.0116972 0.0176536 0.229113
0 0.0297197 0.34432 0.0186033 0.0330421 0.229018
0 0.802461 0.348159 0.0114194 0.017949 0.228591
0 0.224465 0.732369 0.0205901 0.036009 0.228575
0 0.0569025 0.265854 0.0146073 0.0230374 0.227643
0 0.897668 0.411146 0.0117839 0.0156923 0.227188
0 0.917866 0.407075 0.0125782 0.0162613 0.22616
0 0.0149713 0.764274 0.018042 0.0307122 0.225284
0 0.555873 0.108341 0.0176161 0.0334123 0.224336
0 0.864904 0.919546 0.01366 0.0207014 0.221896
0 0.32124 0.396927 0.0213034 0.0266212 0.22103
0 0.314521 0.692939 0.011897 0.0362066 0.219727
0 0.77695 0.295055 0.0105545 0.0164882 0.218687
0 0.351938 0.803607 0.0261381 0.0372169 0.214483
0 0.737173 0.398232 0.0102963 0.0207079 0.214193
0 0.280167 0.839074 0.0152179 0.0268895 0.212904
0 0.80018 0.927978 0.012275 0.0162262 0.212259
0 0.16765 0.297535 0.0190629 0.033402 0.21223
0 0.573556 0.134274 0.0167393 0.0312768 0.212172
0 0.473166 0.178588 0.0179512 0.040452 0.211967
0 0.00339004 0.248396 0.00677155 0.028585 0.21021
0 0.870695 0.451298 0.0124485 0.0178445 0.206141
0 0.917693 0.550923 0.0144032 0.0269546 0.205982
0 0.665892 0.834614 0.0158838 0.0212165 0.203254
0 0.0220139 0.494656 0.0124217 0.0288259 0.202845
0 0.368139 0.443797 0.0132151 0.0230501 0.202244
0 0.491944 0.982456 0.0128119 0.023941 0.200433
0 0.951582 0.336385 0.0122866 0.0209925 0.199826
0 0.651043 0.741787 0.0277878 0.0468285 0.199562
0 0.883449 0.478763 0.0114738 0.0209944 0.197907
0 0.71714 0.305632 0.016084 0.0325939 0.197822
0 0.94424 0.459512 0.0108551 0.0180428 0.197774
0 0.274547 0.813802 0.0160029 0.0217468 0.197676
0 0.76931 0.420806 0.0104031 0.0159141 0.194499
0 0.739015 0.553054 0.0126476 0.0191112 0.191551
0 0.0859111 0.011032 0.016483 0.0218946 0.191231
0 0.792183 0.564121 0.0128626 0.0201072 0.189908
0 0.902736 0.46997 0.0126167 0.0194554 0.189843
0 0.335908 0.559584 0.016026 0.0370367 0.18937
0 0.600414 0.345795 0.0185593 0.0315511 0.188023
0 0.11971 0.67349 0.0186067 0.0296857 0.185487
0 0.912885 0.962033 0.01404 0.021855 0.18535
0 0.0172142 0.726386 0.0167406 0.0269318 0.183651
0 0.0909539 0.721655 0.0132154 0.0218211 0.183247
0 0.0107003 0.120381 0.0212494 0.0449862 0.183078
0 0.626496 0.916218 0.0127884 0.0252597 0.182549
0 0.280535 0.980594 0.0240797 0.0376146 0.182393
0 0.753965 0.485547 0.0122635 0.01891 0.182113
0 0.753515 0.00480638 0.0149591 0.00961276 0.180105
0 0.71367 0.587606 0.0128089 0.0194449 0.17879
0 0.262116 0.298588 0.019587 0.0340667 0.178383
0 0.00920369 0.308647 0.0179932 0.0355474 0.17777
0 0.26364 0.192122 0.0200596 0.0343899 0.177745
0 0.0386965 0.314881 0.0150907 0.0248639 0.177235
0 0.0903523 0.369948 0.0138273 0.0253201 0.174819
0 0.706793 0.991642 0.0185829 0.0162198 0.174795
0 0.913303 0.179292 0.0148918 0.0213601 0.174673
0 0.64209 0.634152 0.0172028 0.0325831 0.173922
0 0.210541 0.974552 0.0161208 0.0305006 0.172768
0 0.431328 0.45744 0.0173853 0.0240745 0.171529
0 0.653914 0.55408 0.0130413 0.0216673 0.170619
0 0.0357464 0.384272 0.0187649 0.0392352 0.169811
0 0.742537 0.053795 0.0121133 0.0165894 0.169725
0 0.0388419 0.393133 0.0198095 0.0328459 0.169009
0 0.61429 0.932819 0.0177363 0.0346332 0.168087
0 0.127868 0.606443 0.0143416 0.0263904 0.16734
0 0.24764 0.26756 0.0148021 0.0289893 0.16714
0 0.534164 0.201202 0.0197447 0.0316444 0.164411
0 0.375406 0.132418 0.0143345 0.0190885 0.164107
0 0.213757 0.234413 0.0132676 0.0176169 0.162723
0 0.199586 0.340481 0.0166112 0.028413 0.161803
0 0.749808 0.137442 0.0191203 0.0326814 0.160909
0 0.602878 0.784119 0.0144406 0.0236949 0.160907
0 0.450668 0.507002 0.0135326 0.0231089 0.160804
0 0.209514 0.380233 0.0139659 0.0254167 0.158562
0 0.734144 0.82646 0.0111927 0.0192622 0.15829
0 0.885714 0.384329 0.0111801 0.0190563 0.155674
0 0.357273 0.32758 0.013999 0.0243997 0.155218
0 0.726679 0.526929 0.0146007 0.0251372 0.154847
0 0.157786 0.550555 0.0126751 0.0180947 0.153186
0 0.562225 0.773027 0.0184379 0.0386654 0.153001
0 0.00479191 0.249165 0.00909142 0.0280899 0.152891
0 0.873813 0.358088 0.0135574 0.0210439 0.152595
0 0.689632 0.172748 0.0143111 0.0218397 0.15239
0 0.378408 0.464289 0.012488 0.0266659 0.152216
0 0.31482 0.342146 0.0113116 0.0272375 0.149002
0 0.784094 0.262095 0.0106807 0.0192244 0.148879
0 0.0903116 0.0389058 0.0153776 0.0241756 0.148206
0 0.0967854 0.0703241 0.0262601 0.0375117 0.148136
0 0.176478 0.647989 0.0197885 0.026834 0.14801
0 0.405577 0.12957 0.0178062 0.0260575 0.147508
0 0.103525 0.0116045 0.0134872 0.0230679 0.147475
0 0.357981 0.567619 0.0113305 0.0289966 0.14712
0 0.0153832 0.844433 0.0135774 0.0226844 0.147069
0 0.0308717 0.291092 0.0139541 0.028667 0.146037
0 0.730627 0.340225 0.0138768 0.0217687 0.145859
0 0.391544 0.370552 0.0187017 0.0296567 0.145493
0 0.0661818 0.461234 0.0137009 0.0199285 0.145256
0 0.0494227 0.0373812 0.0164211 0.0292052 0.144568
0 0.431209 0.49024 0.0194159 0.0268772 0.143809
0 0.122188 0.231682 0.0155717 0.029762 0.143772
0 0.301381 0.977657 0.0152788 0.0396271 0.143313
0 0.968746 0.423837 0.00952854 0.0149804 0.143014
0 0.371964 0.236349 0.0209829 0.038221 0.140987
0 0.916047 0.497156 0.0128604 0.018346 0.140891
0 0.323337 0.506639 0.0185739 0.0316293 0.140361
0 0.47454 0.185704 0.017907 0.0291175 0.140134
0 0.810816 0.22355 0.0130569 0.0200367 0.139311
0 0.735226 0.827949 0.0125435 0.0258046 0.13899
0 0.593702 0.655437 0.0143909 0.0198174 0.137849
0 0.568772 0.00820098 0.0126678 0.0160727 0.136858
0 0.00494796 0.575583 0.0094786 0.0479714 0.136114
0 0.140154 0.710624 0.0140424 0.0258653 0.135221
0 0.767867 0.511217 0.011002 0.0187188 0.135129
0 0.514117 0.949725 0.0162375 0.0262348 0.133473
0 0.405145 0.124891 0.0173734 0.0273195 0.13347
0 0.785922 0.504115 0.0140533 0.0233425 0.132561
0 0.707998 0.497524 0.0186741 0.0229513 0.131772
0 0.769539 0.902794 0.0114545 0.0213047 0.131674
0 0.456432 0.38586 0.01661 0.0288532 0.131098
0 0.00690142 0.350652 0.0137161 0.0344679 0.130535
0 0.236094 0.799551 0.0117526 0.0283329 0.129496
0 0.631292 0.427977 0.0164138 0.0254389 0.128819
0 0.482547 0.297154 0.0126971 0.0263086 0.128551
0 0.581617 0.779191 0.0145208 0.0232422 0.12839
0 0.640604 0.535696 0.0132846 0.0287957 0.128316
0 0.0553294 0.421687 0.0167284 0.0298031 0.12699
0 0.167263 0.0212774 0.0144443 0.0214961 0.124736
0 0.703733 0.208023 0.0228145 0.0421277 0.124578
0 0.339252 0.571352 0.0184124 0.0364465 0.123495
0 0.323416 0.39097 0.0245553 0.0372035 0.122461
0 0.426855 0.802912 0.0188686 0.0388363 0.122099
0 0.306997 0.171605 0.018318 0.0324751 0.122031
0 0.0602901 0.141317 0.0145509 0.0268637 0.121622
0 0.0200197 0.199977 0.0190089 0.0257217 0.120914
0 0.315006 0.580471 0.0128973 0.0300758 0.120617
0 0.0944789 0.677417 0.0197488 0.0336863 0.120025
0 0.736232 0.124676 0.0194717 0.0342237 0.117671
0 0.161672 0.0103443 0.01648 0.0171906 0.117457
0 0.144239 0.626685 0.0164151 0.0314002 0.11714
0 0.0435646 0.651092 0.0152265 0.0247701 0.117029
0 0.120715 0.888909 0.0165324 0.0269741 0.116747
0 0.733928 0.492755 0.0139885 0.0223915 0.116135
0 0.117824 0.140373 0.0120842 0.0288852 0.116035
0 0.415443 0.602374 0.021953 0.0477523 0.115478
0 0.139981 0.234921 0.0191439 0.0302897 0.115096
0 0.0981731 0.200971 0.0155476 0.0180001 0.114783
0 0.231408 0.664642 0.0157969 0.0251904 0.11462
0 0.31817 0.802731 0.0195928 0.0347863 0.114487
0 0.613536 0.639961 0.0141312 0.0253594 0.113857
0 0.173508 0.809999 0.0205726 0.0380254 0.113593
0 0.444971 0.809573 0.0177013 0.0354614 0.113458
0 0.0326991 0.517481 0.0131046 0.0217707 0.11345
0 0.445573 0.308445 0.0202555 0.0364246 0.112742
0 0.921699 0.466566 0.0128815 0.0188956 0.112589
0 0.875175 0.13986 0.0156741 0.025635 0.112324
0 0.0380209 0.709108 0.0232866 0.0437731 0.111536
0 0.578396 0.561541 0.0164994 0.0355283 0.111321
0 0.649603 0.747052 0.0230471 0.0375994 0.110795
0 0.859966 0.989212 0.0124832 0.0194709 0.110718
0 0.941113 0.976655 0.00892372 0.0177798 0.11032
0 0.174507 0.645634 0.0198699 0.0243203 0.110265
0 0.879782 0.91459 0.0109627 0.0202864 0.109505
0 0.180578 0.126458 0.0164756 0.0205488 0.109474
0 0.113201 0.143722 0.0167547 0.023766 0.109016
0 0.964385 0.360891 0.0134142 0.0185112 0.108836
0 0.0947124 0.46944 0.0259807 0.0311662 0.108743
0 0.769885 0.235998 0.010354 0.0219479 0.108503
0 0.252 0.780387 0.0182254 0.0300559 0.10801
0 0.728669 0.432231 0.0132954 0.021317 0.107776
0 0.528704 0.873935 0.0143218 0.0269391 0.106915
0 0.865267 0.956326 0.0146118 0.0248705 0.106859
0 0.0449924 0.863437 0.0117596 0.023291 0.106637
0 0.704138 0.974869 0.0159937 0.017433 0.106485
0 0.768311 0.51273 0.00865796 0.0159534 0.106295
0 0.454862 0.37984 0.0206461 0.0408908 0.106149
0 0.0507076 0.0444472 0.0163825 0.0187593 0.106077
0 0.825725 0.492559 0.0146624 0.0226009 0.105439
0 0.139674 0.0439448 0.0138053 0.0292016 0.103813
0 0.789781 0.987947 0.0133507 0.0218207 0.103462
0 0.880067 0.32564 0.0104446 0.0180074 0.103239
0 0.956454 0.395593 0.00918617 0.0173125 0.102987
0 0.843574 0.242232 0.00983734 0.0170855 0.102979
0 0.891632 0.25717 0.0132778 0.0211246 0.102496
0 0.148951 0.788562 0.0129027 0.028517 0.100703
