0 0.396989 0.153111 0.020757 0.0360649 0.679529
0 0.269439 0.447216 0.0261841 0.0530264 0.676376
0 0.191414 0.732067 0.0248089 0.0518087 0.673275
0 0.226851 0.0811287 0.0236058 0.0404363 0.665097
0 0.473372 0.110788 0.0254044 0.042751 0.664034
0 0.452314 0.0813278 0.0241907 0.05034 0.660523
0 0.365221 0.359363 0.0167025 0.03924 0.655479
0 0.252605 0.0642646 0.0213743 0.0395183 0.654706
0 0.217902 0.684698 0.0209685 0.03795 0.652577
0 0.615152 0.452746 0.0240731 0.0419679 0.652041
0 0.293979 0.106575 0.0227787 0.0345617 0.650905
0 0.112167 0.0511807 0.0186992 0.0339333 0.646608
0 0.00914563 0.585209 0.0182333 0.0531347 0.645781
0 0.543811 0.976325 0.0186913 0.0312979 0.643615
0 0.400162 0.210035 0.0141483 0.029545 0.642797
0 0.493147 0.369791 0.0210518 0.0441878 0.641041
0 0.458175 0.270668 0.0227214 0.0401499 0.640817
0 0.187067 0.173837 0.0184679 0.036795 0.6373
0 0.464869 0.975782 0.018573 0.0424502 0.637107
0 0.432727 0.531502 0.0191274 0.0355087 0.635653
0 0.40706 0.550912 0.0165674 0.0288889 0.635133
0 0.0306962 0.913925 0.0193642 0.0306179 0.634718
0 0.37824 0.894948 0.0184002 0.0351586 0.633404
0 0.305869 0.637203 0.0186443 0.0325007 0.631315
0 0.291582 0.311196 0.0166032 0.0318501 0.630544
0 0.28595 0.561493 0.021928 0.0373268 0.630155
0 0.0555735 0.97247 0.0197604 0.0376133 0.629909
0 0.368289 0.818335 0.0194298 0.03677 0.625087
0 0.082025 0.830455 0.0171426 0.0299645 0.621665
0 0.440309 0.897799 0.0128082 0.0322194 0.621619
0 0.171491 0.0190681 0.0206506 0.0365351 0.620694
0 0.437742 0.636903 0.0212914 0.0354282 0.620083
0 0.31193 0.674437 0.017298 0.0307034 0.619592
0 0.968814 0.434878 0.0246265 0.0444295 0.618631
0 0.0321202 0.59511 0.0147206 0.0332375 0.617509
0 0.40739 0.437807 0.0150851 0.027381 0.614022
0 0.190049 0.672551 0.0180156 0.0358092 0.61394
0 0.270379 0.962837 0.0195142 0.0471454 0.613386
0 0.243535 0.414237 0.015011 0.0266424 0.613366
0 0.209376 0.453108 0.0203793 0.0463776 0.612612
0 0.297305 0.152227 0.0148557 0.0354931 0.612311
0 0.226942 0.504942 0.0216605 0.0392999 0.612138
0 0.0506632 0.573111 0.0201158 0.0348007 0.611479
0 0.393706 0.818151 0.0174422 0.0314697 0.610669
0 0.36168 0.744826 0.0196425 0.0339284 0.609859
0 0.430117 0.814824 0.0189934 0.0314011 0.609498
0 0.708354 0.573706 0.0287502 0.0524476 0.608586
0 0.0851763 0.913132 0.0167468 0.0306149 0.606625
0 0.327937 0.129421 0.0190332 0.0343732 0.603654
0 0.231055 0.555486 0.0169039 0.0401781 0.599574
0 0.199141 0.213028 0.0203781 0.0297978 0.599428
0 0.0666202 0.625306 0.0158206 0.0285459 0.597739
0 0.18919 0.0603873 0.0169101 0.0339455 0.596239
0 0.0592079 0.119907 0.0172452 0.0397751 0.596121
0 0.323741 0.0153462 0.0199869 0.0306012 0.595792
0 0.431346 0.418922 0.0168953 0.0277317 0.595329
0 0.0893671 0.985277 0.0149601 0.0272288 0.594948
0 0.840866 0.428266 0.0215618 0.04287 0.594897
0 0.373187 0.256906 0.0176236 0.0256305 0.593111
0 0.313895 0.558174 0.0139346 0.0237559 0.592914
0 0.462105 0.376456 0.0205528 0.0404099 0.59097
0 0.290134 0.691094 0.0198553 0.036434 0.586784
0 0.272981 0.773688 0.0164927 0.0378295 0.586323
0 0.35621 0.226311 0.0142743 0.0317972 0.585871
0 0.101568 0.250922 0.0194527 0.0372879 0.585833
0 0.0973345 0.943793 0.015374 0.0296343 0.585637
0 0.0957401 0.879844 0.0213505 0.0369064 0.584679
0 0.426777 0.315286 0.0205788 0.0367876 0.584539
0 0.444007 0.479268 0.0169487 0.0289712 0.584339
0 0.142081 0.667612 0.0159613 0.0298718 0.583283
0 0.389252 0.543208 0.0161452 0.0316402 0.582464
0 0.199636 0.510678 0.02037 0.0448749 0.579575
0 0.180284 0.587033 0.0173231 0.0377132 0.579205
0 0.142696 0.481327 0.0188203 0.0368928 0.579108
0 0.343652 0.283693 0.0171967 0.0306565 0.577077
0 0.565711 0.485898 0.0194771 0.0292304 0.575741
0 0.828608 0.122324 0.0173299 0.0301638 0.575501
0 0.175896 0.426938 0.0183991 0.0346456 0.573928
0 0.275661 0.907413 0.0204651 0.0349959 0.573596
0 0.113677 0.978278 0.0188682 0.026747 0.573512
0 0.0899379 0.3622 0.0190872 0.0342055 0.572167
0 0.132929 0.823378 0.0224696 0.0403851 0.571889
0 0.515573 0.959263 0.015745 0.031306 0.570705
0 0.895116 0.0287874 0.0196136 0.0370252 0.569433
0 0.333876 0.239565 0.0193224 0.0334 0.569262
0 0.230286 0.437002 0.0181138 0.0285055 0.567077
0 0.45418 0.13534 0.0167548 0.0326723 0.566569
0 0.138824 0.438078 0.0260309 0.0433553 0.564821
0 0.149486 0.0343318 0.0112958 0.0335861 0.563322
0 0.0947724 0.031534 0.0112603 0.0359662 0.562992
0 0.132272 0.336278 0.0162979 0.02948 0.562924
0 0.315411 0.167762 0.0174393 0.0339369 0.562861
0 0.0500511 0.74901 0.0165635 0.0311991 0.562464
0 0.201837 0.32768 0.0164432 0.0302576 0.561798
0 0.107284 0.697537 0.0169199 0.0293967 0.561791
0 0.51886 0.926566 0.0170115 0.0296341 0.561595
0 0.167483 0.752278 0.01312 0.0286306 0.560337
0 0.49948 0.950406 0.0176765 0.0320719 0.559778
0 0.516824 0.407723 0.0213068 0.0481511 0.55961
0 0.890909 0.70996 0.0218292 0.0409983 0.558473
0 0.186068 0.94772 0.0125548 0.0316458 0.557879
0 0.44242 0.0203438 0.01315 0.0336803 0.55778
0 0.22647 0.609214 0.0170355 0.0310506 0.555654
0 0.00783311 0.73138 0.0149987 0.0344276 0.555202
0 0.989507 0.281499 0.0209852 0.0387573 0.55509
0 0.278384 0.820437 0.0184825 0.0339878 0.554795
0 0.0642063 0.368029 0.0135034 0.0304639 0.55284
0 0.00617541 0.419696 0.0123126 0.0318433 0.5528
0 0.158095 0.19631 0.0148081 0.0281387 0.552395
0 0.251769 0.20889 0.0106815 0.0298119 0.5518
0 0.357433 0.0307253 0.0175953 0.0324251 0.551629
0 0.123402 0.673127 0.0152299 0.02722 0.550879
0 0.328286 0.383963 0.0172139 0.028895 0.549112
0 0.628585 0.914977 0.0155567 0.0308818 0.548887
0 0.142537 0.294228 0.0137721 0.0275162 0.548174
0 0.235541 0.181672 0.0170783 0.0280782 0.547669
0 0.34429 0.189352 0.016499 0.0278692 0.547041
0 0.259244 0.676247 0.0177318 0.0309969 0.547008
0 0.736348 0.405518 0.0186563 0.0289779 0.546348
0 0.595667 0.947405 0.0183361 0.0336881 0.544182
0 0.205583 0.15203 0.0174521 0.0272159 0.541993
0 0.56324 0.619188 0.0287341 0.053809 0.541454
0 0.0358957 0.948147 0.0158935 0.0291935 0.540915
0 0.507772 0.239981 0.0149536 0.0273057 0.540076
0 0.441106 0.967804 0.0195961 0.0341933 0.540032
0 0.13412 0.168261 0.0162712 0.0275584 0.539008
0 0.154631 0.153698 0.0152977 0.0355894 0.537602
0 0.840452 0.708963 0.0224602 0.0460274 0.537295
0 0.0270192 0.215674 0.0133986 0.0203563 0.534504
0 0.0940778 0.434502 0.0167256 0.0278568 0.534233
0 0.82669 0.466243 0.012633 0.0237441 0.533507
0 0.739327 0.594701 0.0163671 0.0301746 0.533084
0 0.0735979 0.301951 0.0114191 0.0306284 0.532632
0 0.168121 0.980473 0.0170276 0.0339948 0.532095
0 0.125865 0.919936 0.0191213 0.0377574 0.531053
0 0.629898 0.966912 0.0180183 0.0292565 0.529897
0 0.0360117 0.187117 0.0140372 0.0241889 0.529589
0 0.414169 0.83523 0.0130152 0.0264119 0.529521
0 0.363136 0.569304 0.0164763 0.031521 0.528798
0 0.43955 0.849418 0.0131697 0.0224572 0.527958
0 0.422247 0.914412 0.01761 0.0317446 0.52765
0 0.0462259 0.69617 0.0163394 0.0335648 0.527307
0 0.718072 0.959769 0.0227144 0.039915 0.526085
0 0.809807 0.0529429 0.0171482 0.0325982 0.525753
0 0.014037 0.659551 0.0146527 0.0289959 0.52498
0 0.00799195 0.77258 0.0150696 0.0315406 0.524135
0 0.0566005 0.189381 0.0166012 0.0353061 0.523345
0 0.568211 0.302614 0.0200993 0.0410205 0.523175
0 0.0537351 0.533042 0.0134682 0.0260352 0.522697
0 0.0130205 0.186716 0.0206474 0.0375924 0.522071
0 0.93889 0.33235 0.0185757 0.0328155 0.521723
0 0.0563134 0.301012 0.0154348 0.0352963 0.521103
0 0.609824 0.1696 0.0247839 0.0428607 0.520168
0 0.158188 0.599154 0.0229195 0.0373499 0.519798
0 0.959256 0.132053 0.0188343 0.03669 0.518685
0 0.0468073 0.896367 0.0127204 0.0269212 0.517134
0 0.75 0.436466 0.0147687 0.0299399 0.516952
0 0.0663137 0.457937 0.0165282 0.029747 0.515905
0 0.20673 0.608079 0.0138118 0.0257618 0.514482
0 0.672729 0.0256203 0.0184657 0.0349354 0.514449
0 0.420193 0.228245 0.0195067 0.0358688 0.513474
0 0.562722 0.952666 0.021047 0.0292222 0.513163
0 0.345097 0.629845 0.0188625 0.0272364 0.512667
0 0.128513 0.758421 0.0159397 0.0321438 0.512638
0 0.99136 0.0459377 0.017281 0.0358888 0.512614
0 0.26552 0.392881 0.022151 0.0376746 0.511486
0 0.583379 0.252857 0.0150216 0.0370894 0.511454
0 0.0283515 0.504116 0.0148039 0.0260288 0.511395
0 0.077497 0.0547739 0.016767 0.031381 0.511358
0 0.137578 0.964219 0.0156533 0.0271491 0.510147
0 0.0770034 0.947668 0.0197937 0.0327918 0.509762
0 0.422656 0.15089 0.017661 0.0358333 0.506219
0 0.0774739 0.875533 0.0129801 0.0286796 0.504671
0 0.542062 0.544741 0.0168781 0.0294573 0.504197
0 0.036373 0.248304 0.0166429 0.0368012 0.503499
0 0.474259 0.169009 0.0205708 0.0362071 0.502409
0 0.480788 0.770873 0.020204 0.0350939 0.500767
0 0.955856 0.0233722 0.0256401 0.045314 0.499696
0 0.392391 0.463326 0.0138458 0.0236907 0.498496
0 0.35346 0.781619 0.021852 0.0337758 0.498451
0 0.709954 0.809881 0.0147711 0.0289871 0.498436
0 0.184648 0.801459 0.0178854 0.0322244 0.498399
0 0.469875 0.92433 0.0257488 0.0411904 0.497426
0 0.41505 0.109629 0.0205404 0.043735 0.494913
0 0.99015 0.466433 0.0197 0.0484768 0.49305
0 0.234171 0.21719 0.0159073 0.0334087 0.492567
0 0.931362 0.151203 0.0195557 0.0337407 0.491377
0 0.515118 0.755293 0.0226051 0.0404014 0.490069
0 0.00426882 0.256717 0.00851406 0.0287902 0.48994
0 0.24599 0.13822 0.0179698 0.0330549 0.489703
0 0.567672 0.362929 0.0234192 0.0487428 0.489583
0 0.312041 0.524894 0.0174593 0.0323023 0.489071
0 0.275525 0.519786 0.0170977 0.0353057 0.485464
0 0.365785 0.171354 0.012628 0.0237331 0.48516
0 0.104764 0.145702 0.0198017 0.0292555 0.484246
0 0.171469 0.693905 0.0178006 0.0363568 0.484035
0 0.471116 0.661634 0.0168979 0.0343112 0.484011
0 0.380355 0.949989 0.0269175 0.0411454 0.483583
0 0.410737 0.808781 0.0121101 0.0223141 0.482265
0 0.258253 0.112435 0.0176306 0.028395 0.482202
0 0.0826269 0.198228 0.0157026 0.0283017 0.481436
0 0.0459008 0.776898 0.0149168 0.0241089 0.481318
0 0.177274 0.898313 0.016764 0.0309717 0.479632
0 0.393514 0.106835 0.0141155 0.0312673 0.478937
0 0.788527 0.693633 0.0155841 0.0343379 0.478704
0 0.086331 0.626777 0.0112455 0.0215108 0.477614
0 0.522864 0.822443 0.0123856 0.0255809 0.477311
0 0.0934282 0.477288 0.0161261 0.032221 0.472841
0 0.381746 0.762405 0.0137352 0.0244792 0.472762
0 0.191135 0.410562 0.0118747 0.0219035 0.472647
0 0.0642377 0.0747734 0.0160554 0.0288588 0.472296
0 0.0448269 0.429514 0.0143763 0.0282491 0.472068
0 0.273494 0.188156 0.0349328 0.0642795 0.471924
0 0.290565 0.508662 0.0145712 0.0256112 0.471683
0 0.0103202 0.49959 0.0133962 0.0258006 0.46931
0 0.0507368 0.61475 0.0151812 0.0282596 0.468467
0 0.0563281 0.415076 0.013342 0.0327864 0.467834
0 0.434014 0.107383 0.0148909 0.0265426 0.466999
0 0.325757 0.619513 0.0163657 0.0293596 0.466586
0 0.414527 0.619714 0.0115888 0.0318553 0.466327
0 0.303301 0.0353048 0.0214093 0.0396364 0.466118
0 0.113148 0.502431 0.0151008 0.0239968 0.465994
0 0.307169 0.457267 0.015374 0.024413 0.464976
0 0.3552 0.953291 0.0181943 0.0288314 0.464204
0 0.365777 0.653568 0.0135487 0.0222868 0.462436
0 0.275586 0.620462 0.0212975 0.0318894 0.462068
0 0.695372 0.508933 0.0139929 0.0327689 0.461312
0 0.352681 0.709574 0.0151192 0.0294203 0.458576
0 0.157652 0.66842 0.0142236 0.0247775 0.457215
0 0.394763 0.507466 0.0215485 0.0382904 0.456999
0 0.121523 0.716802 0.0121166 0.0256202 0.456718
0 0.63295 0.0407162 0.0262575 0.0437349 0.456486
0 0.473547 0.208371 0.0194679 0.0304745 0.456463
0 0.129439 0.0832727 0.0160105 0.0249152 0.455173
0 0.440988 0.736595 0.0179869 0.034903 0.454426
0 0.214888 0.0264802 0.0190452 0.0315066 0.454305
0 0.0190182 0.960381 0.0185192 0.0334927 0.454121
0 0.381507 0.207456 0.017114 0.0279541 0.45331
0 0.888855 0.202039 0.0220701 0.0399664 0.452805
0 0.685826 0.66987 0.0137032 0.0309619 0.452087
0 0.173711 0.151282 0.0174158 0.0306616 0.45203
0 0.391833 0.237214 0.0148701 0.0247326 0.450067
0 0.203378 0.830193 0.0213984 0.0377011 0.449021
0 0.320404 0.749148 0.0161043 0.0265281 0.447778
0 0.320095 0.588109 0.014231 0.0272761 0.44725
0 0.584564 0.873366 0.0169415 0.0282659 0.446671
0 0.134755 0.199919 0.0124066 0.0237928 0.44644
0 0.0699349 0.651077 0.0119517 0.0193112 0.44544
0 0.346565 0.433614 0.0151958 0.0304728 0.445169
0 0.0746963 0.550373 0.0173716 0.0353911 0.444713
0 0.2936 0.844919 0.0160681 0.0264211 0.444447
0 0.309094 0.354691 0.0134604 0.0231594 0.443803
0 0.423038 0.486 0.0160116 0.0344868 0.443537
0 0.15387 0.929905 0.0167243 0.0277118 0.441166
0 0.421547 0.195669 0.0210573 0.0322965 0.440931
0 0.528523 0.232691 0.015402 0.0273487 0.440652
0 0.826449 0.79945 0.0230736 0.0346812 0.440609
0 0.168157 0.313405 0.0192886 0.0369072 0.44016
0 0.376484 0.858847 0.0138354 0.0246185 0.440045
0 0.412236 0.0182793 0.0248369 0.0358821 0.438343
0 0.492048 0.618061 0.0139287 0.031458 0.437381
0 0.234957 0.706744 0.0134799 0.0214593 0.437244
0 0.501378 0.895418 0.0245054 0.0386546 0.434986
0 0.585837 0.317425 0.0182107 0.0355271 0.433698
0 0.318609 0.25056 0.0115032 0.027744 0.432309
0 0.642891 0.877061 0.0166784 0.0292228 0.430815
0 0.508048 0.860518 0.016184 0.0284306 0.429563
0 0.15671 0.885449 0.015246 0.0287354 0.429373
0 0.250033 0.941027 0.0216223 0.038993 0.428246
0 0.427077 0.379128 0.0146084 0.0325658 0.428188
0 0.668435 0.874395 0.0153732 0.0261383 0.427281
0 0.100429 0.656642 0.0184837 0.0354548 0.425857
0 0.264257 0.868269 0.0149807 0.0251455 0.425181
0 0.25464 0.579588 0.0219304 0.0481961 0.424075
0 0.712755 0.618932 0.0186478 0.0308578 0.42388
0 0.481831 0.963281 0.0137836 0.0277204 0.423332
0 0.76576 0.377997 0.0189259 0.0345552 0.421842
0 0.220566 0.838521 0.0142295 0.0303616 0.418612
0 0.642141 0.393086 0.0191261 0.032741 0.418388
0 0.774043 0.444845 0.0197294 0.0347289 0.417954
0 0.00833567 0.386217 0.0140136 0.025696 0.415038
0 0.367036 0.987454 0.0193866 0.0243252 0.414508
0 0.119868 0.524385 0.0160494 0.0297098 0.414186
0 0.0156562 0.242983 0.0140127 0.0253089 0.413611
0 0.150774 0.831105 0.0126821 0.0250248 0.413193
0 0.615213 0.322299 0.0160939 0.0294158 0.410715
0 0.141213 0.715315 0.0208815 0.0378529 0.4094
0 0.121073 0.450661 0.0162388 0.0301587 0.408765
0 0.523734 0.690963 0.0222812 0.0393925 0.407934
0 0.14703 0.759919 0.015882 0.0269114 0.407788
0 0.0200291 0.854557 0.0145245 0.0243154 0.406803
0 0.00888736 0.592558 0.0173726 0.0403304 0.404636
0 0.615844 0.935198 0.013022 0.026082 0.404319
0 0.34228 0.160525 0.0124797 0.0244101 0.403781
0 0.0230022 0.621889 0.0115994 0.0226952 0.403331
0 0.516888 0.760476 0.0203646 0.0324942 0.403304
0 0.635951 0.799356 0.0170263 0.0305871 0.402176
0 0.0981629 0.0731252 0.0139978 0.0295367 0.399746
0 0.301695 0.397305 0.0206344 0.0290771 0.39791
0 0.418636 0.772473 0.015604 0.033233 0.395983
0 0.466086 0.800552 0.0194954 0.0299452 0.394007
0 0.321798 0.887543 0.0163058 0.0341905 0.392242
0 0.688537 0.311473 0.0171024 0.0322825 0.392234
0 0.03199 0.128558 0.0120439 0.0269334 0.391706
0 0.563916 0.696508 0.0193812 0.032585 0.391476
0 0.196978 0.581593 0.0158566 0.0302659 0.391364
0 0.122101 0.855598 0.0166023 0.023938 0.389451
0 0.0100137 0.0350981 0.0147492 0.0295138 0.387659
0 0.0339326 0.983897 0.0149632 0.0273431 0.38757
0 0.234838 0.917702 0.0157945 0.0336116 0.386789
0 0.134305 0.25522 0.0186755 0.0289369 0.386723
0 0.202755 0.910272 0.0182339 0.0319516 0.386517
0 0.0487997 0.275315 0.0152005 0.027952 0.385995
0 0.547724 0.298339 0.0150852 0.0238152 0.385498
0 0.582302 0.205543 0.0152863 0.0252066 0.385455
0 0.165554 0.462539 0.0146359 0.0256682 0.385046
0 0.25453 0.766005 0.011438 0.0283512 0.38403
0 0.744626 0.625459 0.0146736 0.0220998 0.383787
0 0.217304 0.884152 0.0178573 0.029873 0.382989
0 0.991137 0.956123 0.0177258 0.0364874 0.382799
0 0.0331391 0.398213 0.0177628 0.0290109 0.381856
0 0.983272 0.116374 0.0168911 0.0300809 0.381095
0 0.055 0.503356 0.021641 0.033602 0.380131
0 0.572738 0.983762 0.0194523 0.029128 0.379154
0 0.300279 0.421216 0.0193061 0.0309167 0.379149
0 0.100908 0.141094 0.0166611 0.0286425 0.378992
0 0.449103 0.78559 0.0176701 0.0294834 0.378956
0 0.603331 0.839836 0.0142365 0.0236182 0.378556
0 0.396936 0.39653 0.0100561 0.0247115 0.376508
0 0.48838 0.685822 0.0226627 0.0413769 0.376449
0 0.00473279 0.811409 0.00941602 0.0246433 0.375958
0 0.899541 0.147134 0.0156761 0.0331941 0.375499
0 0.931796 0.0465543 0.0195568 0.0356949 0.373983
0 0.0132059 0.308906 0.0118909 0.0272427 0.373072
0 0.249016 0.327183 0.0130449 0.0288292 0.373039
0 0.989837 0.918785 0.0184437 0.028349 0.372966
0 0.00326569 0.0625018 0.0065214 0.0437423 0.370556
0 0.0521232 0.823957 0.0147692 0.029352 0.370426
0 0.0305684 0.534965 0.0137621 0.0291712 0.369961
0 0.992923 0.509444 0.0141546 0.0302 0.369683
0 0.0922202 0.518868 0.0144529 0.0220697 0.369098
0 0.805835 0.0169619 0.0193738 0.0311554 0.368634
0 0.276755 0.0341649 0.0159357 0.0309514 0.368261
0 0.384536 0.418567 0.0189238 0.0315616 0.368105
0 0.597602 0.750618 0.0148952 0.0247426 0.367998
0 0.341195 0.735 0.00953245 0.0309752 0.366989
0 0.140962 0.121557 0.0174084 0.027366 0.366195
0 0.498669 0.985177 0.0217833 0.0280097 0.365466
0 0.776407 0.447124 0.0189444 0.0332652 0.365415
0 0.212474 0.560494 0.0164734 0.0335307 0.364332
0 0.156312 0.79978 0.0160872 0.0248889 0.362617
0 0.139345 0.551148 0.0166028 0.0315514 0.362046
0 0.690336 0.440788 0.0157043 0.0258704 0.361723
0 0.168316 0.0735381 0.0134048 0.0259667 0.361038
0 0.149528 0.376868 0.0178586 0.0385705 0.360877
0 0.800171 0.371375 0.0144371 0.0306839 0.359709
0 0.240575 0.826381 0.0164351 0.0317565 0.358986
0 0.158034 0.528139 0.0139754 0.0334763 0.358727
0 0.295996 0.10189 0.0217712 0.0387244 0.358338
0 0.0652356 0.0407485 0.0115871 0.0213784 0.358059
0 0.553684 0.511968 0.0138471 0.0305035 0.357547
0 0.295994 0.765412 0.028608 0.0462805 0.356627
0 0.323448 0.925896 0.0166298 0.0248264 0.356357
0 0.768774 0.407951 0.01324 0.0226059 0.356134
0 0.427251 0.448021 0.0126236 0.0235372 0.355498
0 0.945408 0.405531 0.024308 0.0409744 0.354834
0 0.43215 0.0511835 0.0175943 0.0271404 0.35443
0 0.0559143 0.532317 0.0117154 0.0258393 0.354428
0 0.30792 0.523314 0.024511 0.0356676 0.354099
0 0.15017 0.974792 0.0125517 0.031134 0.354069
0 0.176826 0.349904 0.0139899 0.0210645 0.352605
0 0.691833 0.0529308 0.0166381 0.026461 0.352568
0 0.053368 0.225468 0.0134068 0.0251085 0.351576
0 0.084609 0.69121 0.0144331 0.0250797 0.346092
0 0.176979 0.869288 0.0152336 0.0202582 0.345216
0 0.308229 0.94675 0.0160464 0.0302507 0.345116
0 0.0793981 0.476976 0.0125864 0.023774 0.344336
0 0.450714 0.191511 0.0165671 0.026936 0.344006
0 0.291531 0.734381 0.0226739 0.0312039 0.34344
0 0.227622 0.362952 0.0217342 0.040734 0.34323
0 0.622126 0.873556 0.0127157 0.0309424 0.343198
0 0.330209 0.347586 0.0152915 0.0250719 0.342973
0 0.343432 0.595165 0.0189113 0.0268422 0.34249
0 0.0997209 0.815453 0.0137893 0.0240106 0.340926
0 0.219585 0.194585 0.0114261 0.026393 0.34086
0 0.381278 0.40194 0.0158567 0.0272922 0.340137
0 0.479736 0.328931 0.0240507 0.0383382 0.339991
0 0.401906 0.710757 0.0154371 0.0281543 0.338823
0 0.682351 0.400143 0.0132004 0.0266173 0.338805
0 0.902869 0.079091 0.0192749 0.0331967 0.338381
0 0.375524 0.678063 0.0161315 0.0239658 0.337722
0 0.47415 0.928501 0.021126 0.0331879 0.337382
0 0.226388 0.133981 0.0130917 0.0304147 0.336639
0 0.375473 0.144813 0.0169288 0.0300575 0.334978
0 0.557985 0.0153312 0.0276054 0.0306625 0.334768
0 0.414285 0.372425 0.0134591 0.0323178 0.334745
0 0.446174 0.227078 0.0158524 0.0309474 0.334743
0 0.277899 0.660353 0.0139273 0.0245112 0.3347
0 0.804925 0.088247 0.0192644 0.0345826 0.33378
0 0.100419 0.779271 0.016067 0.0272814 0.333596
0 0.354883 0.320752 0.015565 0.0287226 0.333144
0 0.206696 0.0831016 0.0107251 0.0271473 0.332472
0 0.596238 0.794835 0.0153269 0.0295027 0.332415
0 0.625564 0.633965 0.0218302 0.0439518 0.332349
0 0.0793163 0.95021 0.0173457 0.0318214 0.332326
0 0.139874 0.125122 0.0176655 0.0288278 0.332136
0 0.788927 0.92995 0.0204611 0.0366706 0.331162
0 0.590965 0.987129 0.0155265 0.0243765 0.330816
0 0.890162 0.316769 0.0144623 0.0281212 0.330674
0 0.224181 0.737244 0.0209941 0.0355209 0.33047
0 0.381831 0.184994 0.0189011 0.0276712 0.329901
0 0.695996 0.357333 0.0151527 0.0284956 0.328811
0 0.290539 0.930953 0.0162689 0.0284702 0.328314
0 0.24468 0.67606 0.00970278 0.0276341 0.327332
0 0.0777582 0.0957593 0.0124599 0.0267863 0.326382
0 0.418801 0.48544 0.0242423 0.0352541 0.326238
0 0.039555 0.162555 0.0147243 0.0226777 0.325673
0 0.745761 0.751189 0.0112427 0.0284832 0.325386
0 0.869593 0.410538 0.0139568 0.0214822 0.32531
0 0.818391 0.732149 0.0161076 0.0307688 0.32517
0 0.880757 0.174166 0.0181507 0.025344 0.324864
0 0.101297 0.6658 0.016518 0.0232022 0.324717
0 0.12412 0.295702 0.0168798 0.031106 0.324666
0 0.0228213 0.365237 0.0162306 0.0248695 0.324606
0 0.218039 0.254338 0.0186639 0.0255189 0.324572
0 0.990611 0.411322 0.018779 0.0379093 0.324345
0 0.181018 0.090822 0.0143294 0.0238842 0.324204
0 0.0384416 0.66103 0.0150068 0.0245405 0.323334
0 0.318614 0.830328 0.01836 0.0283817 0.32307
0 0.1248 0.879483 0.0132781 0.0222415 0.321327
0 0.105976 0.0655746 0.0137137 0.0295553 0.320484
0 0.0119312 0.0347313 0.0137952 0.0330041 0.319819
0 0.065077 0.721288 0.0228658 0.038658 0.319642
0 0.354734 0.876443 0.0189226 0.0332769 0.319333
0 0.385438 0.422458 0.0171008 0.0255671 0.319224
0 0.907182 0.45001 0.0180279 0.0245909 0.319039
0 0.177409 0.544 0.0221212 0.0271168 0.316581
0 0.046426 0.330863 0.0137699 0.0256613 0.316193
0 0.204442 0.0842978 0.0111973 0.0248928 0.315768
0 0.0131671 0.690781 0.0116102 0.0246358 0.315488
0 0.25647 0.811876 0.013756 0.0335646 0.311716
0 0.647577 0.443575 0.024848 0.0475449 0.311434
0 0.728827 0.0247085 0.0207994 0.0387806 0.311253
0 0.10266 0.10655 0.013462 0.0244892 0.31101
0 0.0828497 0.261875 0.0115416 0.0268741 0.310786
0 0.320313 0.0834856 0.0159875 0.0332427 0.310464
0 0.565166 0.551356 0.0164894 0.0308641 0.310182
0 0.0148472 0.0962343 0.0232231 0.0314343 0.310123
0 0.101251 0.384413 0.0164266 0.0250103 0.309824
0 0.370305 0.0614079 0.0137767 0.0239589 0.309503
0 0.27784 0.857745 0.0119405 0.01834 0.308821
0 0.405048 0.0647178 0.0233991 0.0297895 0.307027
0 0.00937412 0.354119 0.0129826 0.0305045 0.306266
0 0.492168 0.682223 0.0296626 0.0498615 0.30498
0 0.24058 0.515184 0.0122633 0.0319828 0.304848
0 0.072726 0.397796 0.0156069 0.0197132 0.303918
0 0.251386 0.986486 0.0147356 0.0232881 0.303605
0 0.44225 0.580546 0.0156893 0.0256953 0.303375
0 0.867498 0.780438 0.0200302 0.0302931 0.303283
0 0.119838 0.244218 0.0113885 0.0254996 0.301549
0 0.028496 0.0352959 0.0221913 0.0468554 0.300831
0 0.670605 0.435461 0.0127315 0.0235929 0.30028
0 0.156834 0.521939 0.0166845 0.0445747 0.299859
0 0.064154 0.82619 0.0158421 0.0381924 0.299858
0 0.669014 0.430257 0.0131722 0.0262158 0.299395
0 0.709095 0.319677 0.012435 0.0240077 0.298528
0 0.381619 0.945046 0.0309718 0.0470188 0.297357
0 0.293174 0.00800096 0.0235824 0.0159038 0.296291
0 0.88387 0.754265 0.020026 0.0339362 0.296118
0 0.709784 0.520599 0.0128941 0.0300763 0.29603
0 0.0828992 0.475285 0.0101117 0.0274746 0.295817
0 0.91913 0.388887 0.0195431 0.0309616 0.295482
0 0.248895 0.238346 0.0117985 0.0266931 0.295349
0 0.875271 0.293933 0.0147823 0.0249723 0.295152
0 0.164051 0.268596 0.0186169 0.034632 0.295119
0 0.052808 0.506957 0.0182857 0.027585 0.294296
0 0.00548652 0.45721 0.0109405 0.0327274 0.292658
0 0.610486 0.986358 0.0167423 0.0238803 0.292573
0 0.378116 0.633443 0.015007 0.0238138 0.291878
0 0.516878 0.0390555 0.0218204 0.0392116 0.291759
0 0.632084 0.541169 0.0115349 0.0225849 0.290878
0 0.156964 0.502599 0.0163774 0.023956 0.290504
0 0.401382 0.0701391 0.018226 0.0243272 0.290414
0 0.6661 0.209569 0.0191479 0.0274545 0.289332
0 0.746539 0.0408607 0.0154046 0.0279156 0.288853
0 0.49978 0.679366 0.0162351 0.0469782 0.288821
0 0.34213 0.667047 0.0155461 0.0338923 0.287493
0 0.545065 0.736883 0.0168699 0.0308394 0.287239
0 0.413209 0.51965 0.0129461 0.023067 0.286879
0 0.72768 0.311716 0.0167148 0.0307299 0.286548
0 0.549815 0.416913 0.0250832 0.0450631 0.286415
0 0.827962 0.622441 0.0134342 0.0242014 0.2864
0 0.34248 0.829384 0.0164564 0.0340142 0.286104
0 0.330415 0.958443 0.019814 0.0232395 0.284021
0 0.842288 0.856373 0.0206872 0.038363 0.283604
0 0.966308 0.28707 0.012815 0.0196705 0.283593
0 0.0391969 0.664846 0.0162648 0.0229637 0.283219
0 0.68293 0.589214 0.0139061 0.0337416 0.281441
0 0.189624 0.448222 0.0117086 0.0263826 0.280903
0 0.153916 0.336288 0.0145468 0.0245969 0.280601
0 0.0995482 0.651576 0.0193826 0.0370263 0.280357
0 0.853485 0.0919019 0.0158337 0.0313685 0.280169
0 0.150711 0.695013 0.0132185 0.0206843 0.280157
0 0.120766 0.372883 0.015909 0.0294083 0.279047
0 0.380704 0.0407308 0.0208717 0.0351366 0.278809
0 0.263954 0.506178 0.0182772 0.040911 0.27782
0 0.144688 0.519444 0.0139123 0.0287542 0.276449
0 0.64556 0.925328 0.01388 0.0236127 0.276115
0 0.936419 0.364493 0.0176746 0.0228489 0.27598
0 0.354366 0.147318 0.0158265 0.0234254 0.275846
0 0.778635 0.0270462 0.0139381 0.0281637 0.275822
0 0.115472 0.750207 0.0118412 0.0263871 0.275666
0 0.808045 0.874276 0.0176495 0.0337531 0.274765
0 0.753466 0.819325 0.015518 0.0303989 0.274159
0 0.301845 0.591827 0.0150117 0.0296872 0.273961
0 0.235342 0.989551 0.0146502 0.0200134 0.272919
0 0.0331242 0.454541 0.0153073 0.0288308 0.272728
0 0.29882 0.592112 0.0162708 0.0291433 0.272489
0 0.616053 0.709573 0.0207913 0.0347768 0.271782
0 0.0180246 0.269478 0.0110429 0.0193165 0.270688
0 0.0820472 0.780245 0.0179121 0.0312205 0.269735
0 0.864555 0.20219 0.0133461 0.0229107 0.269489
0 0.34413 0.501631 0.0170465 0.0274629 0.269119
0 0.496084 0.680058 0.0224943 0.0488537 0.269118
0 0.269976 0.326428 0.0263442 0.0515054 0.269098
0 0.98169 0.320115 0.0168892 0.0322036 0.268218
0 0.460859 0.0144219 0.0190968 0.0276445 0.267582
0 0.337218 0.543256 0.0157576 0.0264594 0.266752
0 0.286411 0.415147 0.00965977 0.0261687 0.265863
0 0.304852 0.896553 0.0170852 0.0335083 0.265741
0 0.992753 0.37621 0.0144933 0.0291355 0.26387
0 0.343667 0.823681 0.0186366 0.0376312 0.263532
0 0.744187 0.683628 0.0168773 0.031067 0.263171
0 0.101254 0.535626 0.0132445 0.0192056 0.263109
0 0.203133 0.636813 0.0123767 0.0268504 0.262448
0 0.118894 0.241846 0.0139725 0.0256475 0.262028
0 0.515979 0.118534 0.0152 0.0291928 0.261556
0 0.807526 0.483785 0.0116943 0.0242908 0.261363
0 0.771519 0.442514 0.017407 0.035484 0.260842
0 0.708795 0.397179 0.0154774 0.0273302 0.260764
0 0.750815 0.188312 0.0152399 0.0286452 0.259141
0 0.483942 0.837974 0.0126053 0.0276215 0.259057
0 0.275886 0.337013 0.0176117 0.031951 0.258808
0 0.0347765 0.0822663 0.0138665 0.0235833 0.258622
0 0.902872 0.179105 0.0131746 0.026502 0.258224
0 0.345325 0.0873714 0.0163399 0.0249424 0.258099
0 0.799638 0.43597 0.018529 0.0309331 0.25765
0 0.717988 0.358536 0.0166597 0.0238875 0.257622
0 0.457086 0.873536 0.0210949 0.0306576 0.257145
0 0.35699 0.146821 0.0139158 0.0234422 0.257079
0 0.654815 0.701978 0.0193903 0.0316424 0.256718
0 0.397444 0.887222 0.0162794 0.0300787 0.256565
0 0.368493 0.511418 0.0227063 0.0318364 0.255823
0 0.495076 0.487247 0.016391 0.028987 0.255794
0 0.114259 0.957193 0.0184985 0.0250793 0.255415
0 0.189734 0.291051 0.0134807 0.0269109 0.254316
0 0.256216 0.899425 0.0133993 0.0231632 0.253486
0 0.0113851 0.148005 0.0187988 0.0281302 0.253162
0 0.18589 0.284096 0.0155919 0.0262428 0.253008
0 0.3723 0.70164 0.0146355 0.0221714 0.252304
0 0.665665 0.320507 0.0158485 0.0305617 0.251118
0 0.0469182 0.0390262 0.0152422 0.0304503 0.250707
0 0.73606 0.788799 0.0112 0.0248754 0.250519
0 0.526639 0.889625 0.0123681 0.0255883 0.250102
0 0.628849 0.0426187 0.0180166 0.0375494 0.249981
0 0.855732 0.041279 0.0198246 0.0367256 0.24973
0 0.442733 0.586634 0.0172081 0.0358452 0.249414
0 0.679108 0.238412 0.0149286 0.0311487 0.248328
0 0.0108561 0.877527 0.0183673 0.0313824 0.248314
0 0.245071 0.447737 0.0138753 0.0309733 0.248066
0 0.831882 0.535621 0.0194341 0.0323368 0.248029
0 0.952033 0.573654 0.0179237 0.0393429 0.246857
0 0.0983545 0.757206 0.0169839 0.0216905 0.246144
0 0.314276 0.526114 0.0133765 0.0276027 0.245729
0 0.758063 0.647654 0.0123928 0.029953 0.245586
0 0.774162 0.123024 0.0179944 0.0323605 0.245551
0 0.0102173 0.92913 0.0158917 0.0238934 0.245356
0 0.383099 0.412375 0.0191681 0.0406297 0.245306
0 0.386697 0.308656 0.0167748 0.0323452 0.245282
0 0.505149 0.462983 0.0144067 0.0303677 0.244943
0 0.89121 0.276687 0.0156523 0.0257685 0.2448
0 0.0664446 0.709596 0.0197177 0.0318922 0.244523
0 0.763506 0.468555 0.019294 0.0305621 0.244514
0 0.133691 0.017786 0.0201835 0.031249 0.243081
0 0.0660658 0.714755 0.0219764 0.0390978 0.243011
0 0.136239 0.825348 0.0233295 0.0397159 0.242918
0 0.977907 0.0290469 0.0148659 0.0236421 0.242002
0 0.272331 0.518008 0.0188434 0.0353825 0.241679
0 0.915599 0.622401 0.0151581 0.024318 0.241595
0 0.242269 0.67487 0.0110243 0.024693 0.241439
0 0.59989 0.232349 0.0246532 0.0382049 0.241162
0 0.169103 0.235365 0.0170092 0.033262 0.239638
0 0.199699 0.00768651 0.0139572 0.015373 0.239426
0 0.90067 0.523632 0.0187132 0.0372433 0.239373
0 0.738133 0.789161 0.0107969 0.0255734 0.2389
0 0.295792 0.44073 0.0153179 0.0212523 0.238857
0 0.426205 0.384124 0.0152342 0.0296517 0.238385
0 0.802303 0.305533 0.0190973 0.0357963 0.237942
0 0.54152 0.333243 0.0238882 0.0448404 0.237148
0 0.846 0.481912 0.0122192 0.0227724 0.236791
0 0.40387 0.253545 0.0141057 0.0259228 0.236464
0 0.284469 0.376821 0.0180213 0.0336019 0.236343
0 0.882865 0.547936 0.0166 0.0263128 0.235243
0 0.890012 0.273806 0.0143476 0.025519 0.234363
0 0.655195 0.94542 0.0153993 0.0294284 0.23402
0 0.896272 0.606471 0.01906 0.0314592 0.233882
0 0.178776 0.381576 0.0173146 0.0298272 0.23379
0 0.272304 0.06657 0.0123769 0.0315976 0.233403
0 0.368069 0.470649 0.0212421 0.0348884 0.232939
0 0.974657 0.938619 0.0127064 0.0297299 0.232873
0 0.529534 0.520486 0.0197065 0.035337 0.23284
0 0.332042 0.484095 0.0240925 0.0386772 0.232623
0 0.15664 0.507487 0.0163732 0.0320147 0.232471
0 0.634928 0.49342 0.0227512 0.0431678 0.231444
0 0.501956 0.67601 0.0117769 0.0411992 0.231082
0 0.644193 0.924332 0.0148399 0.0290319 0.230719
0 0.395471 0.613464 0.0179729 0.0270417 0.23035
0 0.335709 0.488976 0.0208957 0.0315691 0.230287
0 0.870274 0.259659 0.0157749 0.026806 0.229884
0 0.36751 0.173203 0.0126447 0.0235893 0.229414
0 0.148028 0.972068 0.0113127 0.0278031 0.229338
0 0.976629 0.54053 0.0183203 0.032058 0.229134
0 0.373195 0.468884 0.0145751 0.0271242 0.229045
0 0.4041 0.253996 0.0195415 0.0265888 0.228766
0 0.289995 0.951588 0.0168612 0.026136 0.228642
0 0.13989 0.929256 0.00948949 0.0245682 0.228599
0 0.321575 0.923904 0.0172976 0.0273268 0.228595
0 0.198046 0.584946 0.014388 0.0269233 0.22843
0 0.134793 0.0131554 0.0184938 0.0240594 0.228344
0 0.0578692 0.929589 0.0108685 0.0186795 0.228297
0 0.260701 0.174129 0.0130322 0.0230558 0.228025
0 0.947261 0.989462 0.0183462 0.0204367 0.227473
0 0.449075 0.162141 0.015511 0.0236608 0.226896
0 0.847495 0.774341 0.013063 0.0274475 0.226741
0 0.66324 0.489842 0.016907 0.0297079 0.226501
0 0.82624 0.861908 0.0135153 0.0279711 0.226258
0 0.497966 0.819275 0.0164654 0.0210954 0.225341
0 0.822846 0.665894 0.022839 0.0369975 0.224313
0 0.299359 0.275543 0.0168071 0.0250551 0.224219
0 0.393792 0.581231 0.0130638 0.0217495 0.222948
0 0.968456 0.258397 0.0174683 0.0305465 0.222869
0 0.716944 0.202319 0.0181616 0.0355468 0.222535
0 0.802149 0.437674 0.0177639 0.0325907 0.222352
0 0.612218 0.988407 0.0165 0.0219105 0.221727
0 0.601902 0.835895 0.015539 0.0290943 0.2217
0 0.915456 0.539597 0.0145882 0.0314458 0.221423
0 0.511934 0.642195 0.0171188 0.0291867 0.221315
0 0.0573998 0.196241 0.016372 0.0255605 0.221229
0 0.592228 0.130092 0.0157047 0.0303024 0.220953
0 0.770356 0.674079 0.0163712 0.0251214 0.220866
0 0.0838063 0.26732 0.0115949 0.0198888 0.220514
0 0.0393862 0.25426 0.0129641 0.0311141 0.220307
0 0.546375 0.407581 0.0263226 0.0462024 0.220224
0 0.915446 0.253311 0.0181946 0.0304486 0.220221
0 0.290657 0.954294 0.01471 0.0221307 0.219906
0 0.259282 0.35287 0.0140282 0.0184293 0.219454
0 0.548549 0.910876 0.0182127 0.0305649 0.21913
0 0.320384 0.988303 0.0144162 0.0218282 0.218949
0 0.478528 0.0663705 0.018482 0.0311354 0.218618
0 0.212279 0.566404 0.0169747 0.0383365 0.217472
0 0.602682 0.293522 0.0151199 0.03005 0.217347
0 0.804177 0.441487 0.0166534 0.0319256 0.217147
0 0.306 0.492075 0.0157191 0.0224904 0.216484
0 0.368554 0.288551 0.0152694 0.0330336 0.216167
0 0.0962702 0.0726397 0.0187888 0.0319017 0.215783
0 0.734755 0.557338 0.0139244 0.0295815 0.215296
0 0.531014 0.524048 0.0171591 0.0324556 0.215216
0 0.197535 0.261409 0.0119472 0.0288746 0.214137
0 0.955539 0.198474 0.0184109 0.0261932 0.213951
0 0.851636 0.56755 0.0109718 0.0242052 0.212903
0 0.435535 0.780654 0.0116501 0.0296699 0.212798
0 0.63087 0.972779 0.0171215 0.038737 0.210896
0 0.187446 0.290448 0.0168675 0.0286996 0.210882
0 0.024218 0.795586 0.0133629 0.0250946 0.210308
0 0.161226 0.401997 0.0118617 0.0333272 0.210302
0 0.528487 0.0377693 0.0184492 0.0387909 0.209318
0 0.681797 0.636704 0.0129723 0.0302568 0.209085
0 0.203733 0.792422 0.0147653 0.0183263 0.209009
0 0.176601 0.513332 0.0213794 0.0296807 0.208947
0 0.903046 0.482714 0.0153278 0.0282105 0.208834
0 0.0307358 0.713158 0.0162391 0.0259722 0.208764
0 0.384939 0.354747 0.0136305 0.0291076 0.208424
0 0.431887 0.691763 0.0318789 0.0537878 0.207621
0 0.720726 0.96286 0.0256252 0.0437918 0.207116
0 0.979234 0.21648 0.0179615 0.0351817 0.206364
0 0.691608 0.986002 0.0158946 0.0252691 0.206195
0 0.383272 0.721827 0.0157558 0.0276137 0.204849
0 0.428935 0.696759 0.0259796 0.0436223 0.204778
0 0.273916 0.332893 0.0208197 0.0403613 0.204048
0 0.908726 0.230229 0.012714 0.0262414 0.203975
0 0.753934 0.78818 0.0141705 0.0234148 0.203669
0 0.249118 0.0225696 0.0215751 0.0381143 0.203514
0 0.113812 0.909069 0.0141984 0.036889 0.203386
0 0.866664 0.489623 0.0120247 0.0217281 0.203373
0 0.776431 0.263789 0.0146322 0.0336522 0.202746
0 0.929915 0.649722 0.018433 0.0350102 0.202728
0 0.0142671 0.245526 0.0153814 0.0301161 0.202572
0 0.927381 0.588574 0.0225864 0.041462 0.201684
0 0.745265 0.984911 0.015189 0.0286712 0.201573
0 0.665449 0.750807 0.0156359 0.0313588 0.201405
0 0.779449 0.449492 0.0164183 0.0310465 0.201132
0 0.752467 0.281106 0.0197959 0.0380231 0.201012
0 0.278015 0.518564 0.0112252 0.0326881 0.200962
0 0.733768 0.0725771 0.0134879 0.0269125 0.200143
0 0.779004 0.352306 0.0127035 0.0247426 0.200045
0 0.758078 0.589006 0.0130644 0.0306541 0.199488
0 0.442599 0.597994 0.0179264 0.0258393 0.199475
0 0.920958 0.497264 0.0125956 0.0289115 0.199384
0 0.640745 0.397233 0.0209449 0.0406416 0.198419
0 0.620765 0.814049 0.0127796 0.0255768 0.197509
0 0.0271708 0.537249 0.0189004 0.034951 0.197369
0 0.416055 0.122137 0.0196283 0.0258318 0.197009
0 0.156494 0.669102 0.014099 0.0325398 0.196777
0 0.0753402 0.876452 0.0131017 0.028528 0.196403
0 0.0851355 0.687001 0.0139054 0.026829 0.196379
0 0.140317 0.555447 0.0162568 0.0296706 0.196359
0 0.581088 0.666732 0.0208488 0.0410663 0.195645
0 0.069814 0.167098 0.0142207 0.0222991 0.195493
0 0.65303 0.944246 0.0148324 0.0258202 0.195484
0 0.958965 0.538715 0.0153557 0.0309628 0.195463
0 0.0722989 0.541544 0.0170582 0.0464499 0.193831
0 0.178871 0.0893854 0.0136076 0.02523 0.193719
0 0.503544 0.55347 0.0182146 0.0303397 0.193697
0 0.868812 0.813404 0.0197611 0.0320363 0.193079
0 0.216202 0.87912 0.0213037 0.0398376 0.193072
0 0.599562 0.405909 0.0199137 0.0355832 0.192938
0 0.392277 0.502729 0.0188576 0.0370123 0.192905
0 0.411027 0.0634454 0.0185762 0.0295928 0.192121
0 0.799465 0.633472 0.0182148 0.0346793 0.191962
0 0.860208 0.53447 0.0118683 0.0250466 0.191921
0 0.306733 0.196469 0.0181552 0.0212507 0.191576
0 0.148732 0.977665 0.0125878 0.0260169 0.191226
0 0.622352 0.637924 0.0267687 0.046992 0.190191
0 0.4459 0.700516 0.0107039 0.031374 0.190152
0 0.228448 0.955303 0.0132603 0.0299547 0.189753
0 0.121809 0.18996 0.0146973 0.0326382 0.189536
0 0.261985 0.247339 0.0145193 0.0212315 0.189173
0 0.882311 0.640761 0.0131832 0.0340227 0.188992
0 0.270947 0.954863 0.0176712 0.0386454 0.188977
0 0.864215 0.669066 0.0203497 0.0321549 0.188625
0 0.381503 0.198954 0.0184443 0.0365636 0.187941
0 0.252055 0.989465 0.0135065 0.0195204 0.187923
0 0.662563 0.916904 0.0136859 0.0222612 0.187774
0 0.12487 0.288717 0.0163945 0.0382338 0.187538
0 0.570092 0.772377 0.0170595 0.0347958 0.187403
0 0.234133 0.709806 0.0135886 0.0197188 0.18726
0 0.46572 0.435387 0.0172945 0.0292981 0.187239
0 0.153401 0.887496 0.0174497 0.028655 0.186678
0 0.193961 0.979678 0.0168811 0.0329436 0.186605
0 0.968868 0.485481 0.0212552 0.0425366 0.185788
0 0.377362 0.147112 0.0137737 0.0294005 0.185109
0 0.0755319 0.0928428 0.01315 0.0257946 0.184739
0 0.498557 0.892289 0.019968 0.0407491 0.184556
0 0.326463 0.473476 0.0177072 0.0315834 0.184419
0 0.540058 0.864407 0.0145475 0.0291582 0.184195
0 0.307791 0.836766 0.00839195 0.0265125 0.184055
0 0.851676 0.828474 0.0178108 0.0295539 0.183842
0 0.507249 0.304037 0.0203524 0.0377309 0.183411
0 0.325038 0.794223 0.0199342 0.0344723 0.18308
0 0.543722 0.403754 0.022175 0.0416077 0.182757
0 0.447147 0.932193 0.0131342 0.0238417 0.182456
0 0.992284 0.726023 0.0154319 0.0347816 0.182424
0 0.194767 0.583699 0.0132648 0.0323933 0.182383
0 0.783346 0.0649582 0.0216332 0.0348461 0.18233
0 0.0599393 0.82562 0.0228191 0.0377316 0.182242
0 0.366048 0.0949054 0.018963 0.0376809 0.181539
0 0.0167113 0.435443 0.0133487 0.0216626 0.181388
0 0.083703 0.25388 0.0122658 0.0386317 0.181364
0 0.467084 0.476977 0.01802 0.0240897 0.181296
0 0.131332 0.925541 0.0158956 0.0283858 0.181158
0 0.935572 0.263212 0.0148903 0.0318517 0.181126
0 0.0498869 0.371631 0.0122676 0.0270847 0.181126
0 0.0112017 0.0977099 0.020078 0.0292895 0.18101
0 0.376181 0.949901 0.0199201 0.0361374 0.180937
0 0.347186 0.0711252 0.0178442 0.0283266 0.180676
0 0.777587 0.806703 0.0148064 0.0231934 0.180505
0 0.593657 0.599279 0.0218049 0.040607 0.180369
0 0.72674 0.808527 0.0102833 0.0212226 0.180155
0 0.617278 0.751179 0.0128699 0.0275014 0.17977
0 0.701552 0.103603 0.0116865 0.0344013 0.179571
0 0.607053 0.899214 0.0151986 0.0228509 0.179477
0 0.340668 0.5916 0.0193705 0.027769 0.179349
0 0.407951 0.335888 0.0120811 0.0220547 0.179257
0 0.493485 0.421922 0.0180591 0.0339941 0.17897
0 0.639419 0.873887 0.0183749 0.0343591 0.178939
0 0.0902511 0.32666 0.0151654 0.0210951 0.178551
0 0.795152 0.374768 0.0140919 0.0317508 0.178318
0 0.444301 0.229798 0.0172428 0.0271911 0.17806
0 0.269797 0.973311 0.017781 0.0306593 0.177716
0 0.190635 0.131191 0.00995565 0.0232432 0.1775
0 0.304797 0.985062 0.0137817 0.0272985 0.176975
0 0.34564 0.156963 0.0110269 0.0254275 0.176929
0 0.557515 0.0490811 0.0172241 0.0267755 0.176525
0 0.0294701 0.311137 0.0166285 0.0252769 0.17636
0 0.281564 0.918636 0.0173575 0.0250078 0.176338
0 0.328238 0.47829 0.0208589 0.0388585 0.176086
0 0.690528 0.80005 0.0182995 0.0400794 0.175781
0 0.294492 0.010592 0.0228633 0.0161446 0.175503
0 0.611849 0.78091 0.0162003 0.0326292 0.175241
0 0.496989 0.823027 0.0163277 0.0260116 0.175181
0 0.538205 0.928869 0.0131665 0.0273699 0.174422
0 0.739917 0.859614 0.0191001 0.0343845 0.174028
0 0.645028 0.12668 0.0138068 0.0255942 0.173675
0 0.34508 0.599379 0.0182941 0.0225416 0.173534
0 0.584561 0.72754 0.0151516 0.0293677 0.173302
0 0.524928 0.0388665 0.0265167 0.0428961 0.173165
0 0.294987 0.753581 0.0298706 0.0682131 0.17316
0 0.852786 0.521993 0.012362 0.0275257 0.172953
0 0.851808 0.518123 0.0126402 0.0312405 0.172948
0 0.796966 0.728318 0.0114658 0.0250465 0.172776
0 0.097878 0.592225 0.0148247 0.0284156 0.172499
0 0.821229 0.502505 0.0180717 0.0306908 0.172319
0 0.657924 0.971527 0.013718 0.019495 0.171788
0 0.250358 0.239931 0.0105694 0.0244612 0.171581
0 0.344008 0.157491 0.0122915 0.0213099 0.171501
0 0.062172 0.882671 0.0146275 0.0245721 0.170926
0 0.382396 0.181245 0.0168688 0.0232194 0.170601
0 0.179638 0.656463 0.0156056 0.0235804 0.170305
0 0.223821 0.647039 0.0143125 0.0216787 0.170176
0 0.0093429 0.989873 0.0178829 0.0194491 0.170054
0 0.0749529 0.42683 0.0150091 0.027093 0.169932
0 0.292577 0.444469 0.0141345 0.020904 0.169844
0 0.692814 0.476351 0.0157448 0.0221169 0.169842
0 0.328868 0.953934 0.0212813 0.0323794 0.169322
0 0.955851 0.232128 0.0192314 0.027032 0.169261
0 0.7298 0.714902 0.0134743 0.0331834 0.168997
0 0.0343036 0.187868 0.01615 0.0286733 0.167838
0 0.527793 0.483104 0.0136954 0.0283959 0.167811
0 0.87245 0.294049 0.0189011 0.02345 0.167565
0 0.691197 0.947696 0.0154275 0.0273373 0.167547
0 0.179773 0.64858 0.0187458 0.0281716 0.167376
0 0.0315552 0.457107 0.0130248 0.0293646 0.166662
0 0.790201 0.507225 0.0189651 0.0225364 0.166568
0 0.120557 0.638851 0.011859 0.0265181 0.166252
0 0.660195 0.126735 0.0144178 0.0297469 0.16593
0 0.347764 0.0665804 0.0168616 0.0303619 0.165879
0 0.543147 0.183152 0.0203585 0.0326827 0.165664
0 0.530474 0.0372412 0.0173969 0.0329427 0.16521
0 0.778902 0.616551 0.0192558 0.0340269 0.164328
0 0.552873 0.420184 0.023942 0.0419466 0.164279
0 0.650109 0.4526 0.022681 0.0417516 0.163885
0 0.130273 0.993316 0.0147544 0.0125407 0.163844
0 0.824571 0.900804 0.0194083 0.0285007 0.163777
0 0.113851 0.967222 0.0193871 0.0360209 0.163602
0 0.514528 0.354188 0.0179411 0.034251 0.163523
0 0.202947 0.15489 0.0168451 0.0255035 0.16341
0 0.177615 0.529186 0.0220923 0.0533578 0.163172
0 0.265365 0.176798 0.0212363 0.0339804 0.163147
0 0.154991 0.59683 0.0204304 0.0359904 0.162982
0 0.801756 0.631842 0.0149408 0.0273362 0.162459
0 0.126525 0.278415 0.0129118 0.0236074 0.16236
0 0.934498 0.546647 0.0145771 0.0300444 0.162123
0 0.249776 0.724853 0.012821 0.0231895 0.161892
0 0.288351 0.414085 0.00848916 0.0289034 0.161457
0 0.524909 0.793736 0.0163307 0.0216241 0.160926
0 0.953816 0.34535 0.0158533 0.0206979 0.160356
0 0.461577 0.864806 0.0195571 0.031291 0.160131
0 0.704177 0.687546 0.0184789 0.033726 0.160007
0 0.0290652 0.826703 0.0168584 0.0255144 0.15997
0 0.03184 0.726854 0.0153078 0.0237786 0.15865
0 0.157701 0.527061 0.0109517 0.0386162 0.158615
0 0.470974 0.573464 0.015329 0.0278223 0.158411
0 0.550993 0.0118775 0.026311 0.0237549 0.15801
0 0.346303 0.362104 0.0122113 0.0265888 0.157927
0 0.346935 0.088106 0.0171999 0.0306705 0.157895
0 0.501166 0.550143 0.0192471 0.0338215 0.157768
0 0.96804 0.288887 0.0127202 0.0252436 0.157764
0 0.669749 0.93369 0.0113136 0.023091 0.157144
0 0.0669313 0.728101 0.0240314 0.0341726 0.156799
0 0.695045 0.643922 0.0109963 0.0232344 0.15669
0 0.00731051 0.528996 0.0136808 0.0270991 0.156094
0 0.769061 0.707117 0.0167178 0.0291488 0.155967
0 0.812348 0.603315 0.013611 0.0294187 0.155947
0 0.0534117 0.307834 0.0124697 0.0298389 0.155882
0 0.42684 0.868162 0.0146349 0.0188238 0.155245
0 0.439085 0.452541 0.0155128 0.0267112 0.155174
0 0.591555 0.481437 0.0177993 0.0306193 0.154774
0 0.652863 0.16626 0.0152282 0.0360048 0.154425
0 0.143978 0.102281 0.0158067 0.0287126 0.154253
0 0.397677 0.674399 0.0178233 0.0279673 0.154138
0 0.809885 0.484257 0.0142067 0.0275041 0.153946
0 0.0841193 0.697943 0.0141737 0.0246022 0.153907
0 0.200259 0.0106654 0.0121602 0.0183314 0.153882
0 0.122802 0.130866 0.0134606 0.0239203 0.153417
0 0.716176 0.105443 0.0175056 0.0410818 0.153288
0 0.184136 0.281101 0.0165275 0.0253809 0.153216
0 0.294425 0.849142 0.0179139 0.033213 0.15317
0 0.468447 0.70407 0.0173916 0.0291461 0.152972
0 0.292192 0.744769 0.0260049 0.0524884 0.152939
0 0.428284 0.943134 0.0126907 0.0219204 0.1527
0 0.243507 0.863961 0.0131666 0.023486 0.152337
0 0.806128 0.706862 0.0122208 0.0233656 0.152047
0 0.268094 0.512816 0.0205498 0.0404368 0.15189
0 0.992931 0.224919 0.0141373 0.0478345 0.15131
0 0.287049 0.51156 0.013254 0.0276215 0.151256
0 0.518385 0.270499 0.017119 0.0243163 0.151059
0 0.88313 0.495898 0.0135502 0.0323148 0.150544
0 0.821667 0.834996 0.0137788 0.022973 0.150422
0 0.707237 0.0211698 0.0127478 0.0302068 0.150395
0 0.929848 0.145076 0.0210855 0.041697 0.149961
0 0.68837 0.268349 0.0142437 0.0263193 0.149717
0 0.330334 0.792813 0.00960948 0.0340847 0.149537
0 0.33484 0.988863 0.0162575 0.0213139 0.149323
0 0.398547 0.61462 0.0146405 0.0301592 0.148954
0 0.110457 0.412192 0.0134821 0.0281694 0.148675
0 0.504749 0.786503 0.01506 0.0246558 0.148522
0 0.396938 0.343352 0.0156647 0.0247194 0.148274
0 0.90548 0.291112 0.0119196 0.0265678 0.147968
0 0.880938 0.451669 0.0149807 0.0314146 0.14794
0 0.937817 0.447796 0.0178974 0.0300005 0.1479
0 0.347412 0.990241 0.0150048 0.0189245 0.147662
0 0.4451 0.784371 0.0196898 0.0296043 0.147446
0 0.827418 0.0849454 0.0158302 0.02411 0.147385
0 0.605608 0.353438 0.0129436 0.0264784 0.147176
0 0.729218 0.440295 0.0165597 0.0291489 0.146955
0 0.739392 0.902408 0.0140812 0.0266446 0.146733
0 0.813723 0.544539 0.0110952 0.0296235 0.146386
0 0.277864 0.0675479 0.013595 0.029751 0.145839
0 0.252174 0.726272 0.0136482 0.0249088 0.145618
0 0.580105 0.017353 0.0158735 0.033134 0.145095
0 0.388658 0.305937 0.0161154 0.0293766 0.144971
0 0.635834 0.730404 0.0189573 0.0328037 0.1448
0 0.692383 0.47329 0.013364 0.0207863 0.144679
0 0.190447 0.451287 0.00976334 0.0302304 0.144535
0 0.277452 0.139452 0.0111733 0.0254446 0.144503
0 0.230281 0.957665 0.0154625 0.0313808 0.144283
0 0.994625 0.223973 0.0107498 0.0545833 0.144086
0 0.797066 0.127053 0.0152501 0.0283047 0.143579
0 0.556004 0.82747 0.0141501 0.0305518 0.14337
0 0.803679 0.164745 0.0180809 0.0338591 0.143208
0 0.867007 0.980194 0.0189411 0.0347328 0.143166
0 0.449705 0.932803 0.0114313 0.0269206 0.142829
0 0.0522263 0.287605 0.0159785 0.0335498 0.142463
0 0.249231 0.208303 0.0122602 0.034087 0.141993
0 0.570327 0.920569 0.0200504 0.0323303 0.14179
0 0.0066236 0.460623 0.012759 0.0293121 0.141688
0 0.216467 0.984237 0.0174278 0.0301902 0.141164
0 0.946595 0.632733 0.016438 0.0313221 0.141013
0 0.436121 0.697892 0.0275244 0.0388155 0.140812
0 0.0700079 0.086279 0.013389 0.0252053 0.140768
0 0.272774 0.904528 0.0188449 0.0353356 0.140569
0 0.331218 0.343974 0.0142369 0.0261957 0.140368
0 0.186996 0.803359 0.0178332 0.0323947 0.140211
0 0.169309 0.122637 0.0176 0.0241329 0.140179
0 0.328785 0.791169 0.0146663 0.0327816 0.139934
0 0.617111 0.645041 0.0234674 0.0378689 0.13978
0 0.121618 0.127264 0.0120079 0.0252543 0.139341
0 0.892942 0.839683 0.0119513 0.0219303 0.13926
0 0.695224 0.64316 0.014208 0.0266027 0.139243
0 0.905305 0.421384 0.0147671 0.024761 0.139205
0 0.633255 0.727574 0.0190535 0.0295949 0.139016
0 0.199457 0.261213 0.0104494 0.0287295 0.13846
0 0.021562 0.622927 0.0147725 0.0265368 0.13781
0 0.496364 0.11952 0.012878 0.0225075 0.137408
0 0.828586 0.763229 0.0141768 0.0220939 0.137328
0 0.0869242 0.682475 0.0121748 0.0302008 0.137318
0 0.330414 0.865229 0.0141509 0.0235457 0.136673
0 0.0426108 0.431853 0.0135183 0.0247624 0.136578
0 0.995523 0.837821 0.00895481 0.0457793 0.136562
0 0.553921 0.8263 0.0160049 0.0365048 0.136465
0 0.57763 0.985058 0.012043 0.0272641 0.136459
0 0.863774 0.619799 0.0102792 0.0248368 0.136339
0 0.328397 0.70492 0.0155948 0.0290317 0.136173
0 0.698612 0.912957 0.0159542 0.0302873 0.136092
0 0.595964 0.911017 0.0143003 0.0199415 0.136009
0 0.103872 0.382475 0.0153489 0.0272654 0.13543
0 0.526284 0.52098 0.0225496 0.0323446 0.135409
0 0.63383 0.989501 0.0126214 0.0196784 0.135356
0 0.871468 0.447784 0.0195759 0.0363751 0.134956
0 0.634875 0.164969 0.0179729 0.0341205 0.134758
0 0.726804 0.321497 0.0180845 0.0214513 0.134656
0 0.28114 0.817959 0.0246958 0.0375702 0.134621
0 0.654758 0.677094 0.0227807 0.0322459 0.134484
0 0.214193 0.875338 0.0189374 0.0385512 0.13444
0 0.168054 0.241458 0.0185165 0.0284344 0.134091
0 0.711091 0.480195 0.0167675 0.0178599 0.134044
0 0.466023 0.916474 0.0278193 0.04092 0.133819
0 0.222256 0.306808 0.0163754 0.0398337 0.133446
0 0.427361 0.865049 0.0125696 0.021263 0.133434
0 0.953626 0.309119 0.011956 0.0250507 0.13328
0 0.0502401 0.226029 0.0121987 0.0223238 0.13314
0 0.145238 0.560388 0.0164025 0.0249546 0.132749
0 0.0627293 0.0370406 0.0127466 0.0266619 0.132485
0 0.513744 0.00709373 0.0229789 0.0141875 0.132458
0 0.664419 0.919289 0.0142281 0.020205 0.132335
0 0.673243 0.354505 0.0162301 0.0264025 0.13221
0 0.177468 0.517884 0.02052 0.0422541 0.13211
0 0.520792 0.0385372 0.0248624 0.0410798 0.13211
0 0.370407 0.174496 0.00851097 0.0248291 0.132044
0 0.64676 0.930816 0.0133793 0.0262443 0.131207
0 0.682112 0.584031 0.0160488 0.0389331 0.130789
0 0.13685 0.128843 0.0153584 0.0297629 0.130483
0 0.0548562 0.824223 0.0182612 0.0365979 0.130171
0 0.952828 0.905944 0.0193054 0.0331665 0.129975
0 0.542661 0.822475 0.0209012 0.0380907 0.129765
0 0.393366 0.241375 0.0134354 0.0228871 0.129686
0 0.813125 0.9771 0.0233158 0.0405816 0.129516
0 0.551246 0.709944 0.00850747 0.0220787 0.129414
0 0.284565 0.812806 0.0233321 0.034042 0.12939
0 0.341771 0.189423 0.0197617 0.0303396 0.129182
0 0.629463 0.542838 0.0133238 0.0218369 0.129004
0 0.0466456 0.273903 0.013828 0.0314728 0.128721
0 0.550438 0.777799 0.0144688 0.0260919 0.128656
0 0.057335 0.499519 0.0227407 0.0344642 0.12847
0 0.26715 0.72116 0.0143594 0.0346502 0.128429
0 0.856694 0.38539 0.0180313 0.0303474 0.128408
0 0.714111 0.615337 0.0202184 0.0258013 0.128393
0 0.255133 0.896601 0.0146502 0.0238854 0.128004
0 0.613558 0.778085 0.0168243 0.0266901 0.127744
0 0.570986 0.822789 0.0166412 0.0225447 0.127736
0 0.7837 0.203327 0.0225483 0.0384387 0.127669
0 0.299968 0.769106 0.0220505 0.039466 0.127614
0 0.690426 0.983076 0.019227 0.0302921 0.127612
0 0.654761 0.783066 0.0158229 0.0267356 0.127552
0 0.618974 0.753802 0.0158857 0.0272374 0.127069
0 0.634096 0.803252 0.0161367 0.0254779 0.127025
0 0.718508 0.053608 0.0145004 0.0272798 0.127005
0 0.834751 0.385443 0.0143431 0.0231707 0.126766
0 0.459923 0.868558 0.0216783 0.0332177 0.126542
0 0.346325 0.0153929 0.0146628 0.0203508 0.126448
0 0.208359 0.437631 0.018978 0.0371901 0.126283
0 0.262034 0.513367 0.0153297 0.0398572 0.126283
0 0.124751 0.373839 0.0186339 0.0338406 0.126115
0 0.643486 0.204733 0.0188591 0.0301308 0.125765
0 0.39064 0.497641 0.0167897 0.026855 0.125736
0 0.341798 0.673744 0.0151489 0.028678 0.125701
0 0.180954 0.632963 0.0190322 0.0324999 0.12542
0 0.189703 0.413839 0.0139474 0.0270331 0.125369
0 0.728543 0.780058 0.017324 0.0301476 0.125244
0 0.188694 0.457233 0.0128505 0.0326824 0.12523
0 0.279502 0.663054 0.0143656 0.024038 0.125041
0 0.175481 0.835794 0.0190057 0.0296509 0.125032
0 0.305273 0.0305717 0.0159156 0.0386404 0.124898
0 0.342305 0.734219 0.00830097 0.0258742 0.124884
0 0.295971 0.592892 0.0166376 0.0275835 0.124874
0 0.913641 0.170229 0.015202 0.0332001 0.124745
0 0.27909 0.242257 0.0158222 0.0292503 0.124718
0 0.436986 0.852744 0.0122576 0.0229858 0.124653
0 0.916317 0.172506 0.0139137 0.026399 0.124064
0 0.656852 0.699467 0.0256683 0.0366725 0.123775
0 0.972759 0.0614888 0.0233905 0.0359927 0.123563
0 0.135653 0.96459 0.0183218 0.0311364 0.123438
0 0.804028 0.128204 0.0111431 0.0279998 0.123425
0 0.545392 0.2615 0.0142731 0.0248572 0.123311
0 0.704263 0.167359 0.0165504 0.0300003 0.12324
0 0.503516 0.788328 0.0165037 0.0310281 0.123239
0 0.112624 0.703525 0.011338 0.0236962 0.123229
0 0.149331 0.828802 0.0134449 0.0320357 0.122668
0 0.518201 0.264328 0.0170952 0.024232 0.122597
0 0.567738 0.731466 0.0130146 0.0235158 0.122478
0 0.609078 0.981045 0.0164041 0.0267368 0.122376
0 0.283054 0.991511 0.0153871 0.0161353 0.122288
0 0.448939 0.166264 0.016781 0.0192216 0.122271
0 0.872609 0.0928071 0.0144455 0.0277366 0.122206
0 0.27564 0.546985 0.0180751 0.0227797 0.122108
0 0.293206 0.471049 0.0120672 0.0208725 0.122098
0 0.50655 0.195658 0.016316 0.0333746 0.122024
0 0.117606 0.752933 0.0110976 0.0325914 0.12175
0 0.212029 0.870893 0.0163045 0.0328901 0.121479
0 0.44734 0.78579 0.0166191 0.0250441 0.121353
0 0.757066 0.51296 0.0167855 0.0324009 0.121192
0 0.157608 0.666672 0.0102199 0.0281057 0.121047
0 0.300837 0.418619 0.0219951 0.0397265 0.121042
0 0.65595 0.684652 0.0246029 0.0425496 0.12091
0 0.304339 0.765231 0.0146473 0.0377984 0.120895
0 0.0076228 0.986808 0.0151567 0.0248601 0.120732
0 0.0850829 0.243092 0.0126836 0.0405358 0.120702
0 0.0555312 0.419626 0.0107727 0.0385237 0.120685
0 0.281502 0.0685447 0.015916 0.0282439 0.120632
0 0.545541 0.0103991 0.0204344 0.0207982 0.120587
0 0.131659 0.634274 0.0138635 0.0262223 0.120467
0 0.570352 0.815011 0.0154861 0.0233487 0.120311
0 0.121507 0.913726 0.0195477 0.0385827 0.119972
0 0.978481 0.597609 0.0147354 0.0276434 0.119572
0 0.852852 0.825294 0.0132622 0.0288614 0.119004
0 0.108976 0.493974 0.0103445 0.0232214 0.118932
0 0.535379 0.447848 0.0130766 0.0239219 0.118714
0 0.888686 0.123444 0.0137917 0.0311201 0.11837
0 0.744859 0.537553 0.014782 0.028852 0.11814
0 0.00500184 0.529857 0.00993269 0.0299676 0.118086
0 0.306138 0.982441 0.0170868 0.0301475 0.117995
0 0.362445 0.898064 0.0113201 0.0272614 0.117959
0 0.204328 0.916099 0.0201885 0.0351176 0.11791
0 0.342412 0.498216 0.017964 0.0305179 0.117894
0 0.125206 0.13233 0.0124503 0.0246461 0.117888
0 0.185429 0.468774 0.0134285 0.0213446 0.11779
0 0.395338 0.61882 0.0176133 0.0293776 0.117766
0 0.861397 0.617113 0.014673 0.0270086 0.117149
0 0.363414 0.171122 0.0136437 0.0250141 0.117042
0 0.177998 0.83752 0.0138944 0.0307683 0.116927
0 0.386364 0.351981 0.0156461 0.0326639 0.116823
0 0.744401 0.0965985 0.0169045 0.0308688 0.116511
0 0.552878 0.229075 0.0148056 0.0316345 0.116481
0 0.536137 0.931478 0.0147947 0.0260966 0.116439
0 0.00484136 0.0992538 0.00934369 0.0277779 0.11634
0 0.725858 0.241325 0.0139411 0.0231165 0.116097
0 0.6825 0.588539 0.0100807 0.0388579 0.115529
0 0.548566 0.7758 0.0149641 0.029852 0.115299
0 0.137275 0.0643537 0.0191812 0.0276302 0.115188
0 0.819129 0.00508087 0.0172899 0.0101617 0.114809
0 0.164952 0.851125 0.0122401 0.0219265 0.114622
0 0.130584 0.630038 0.016209 0.0284023 0.114219
0 0.14255 0.115779 0.0174003 0.0284214 0.113629
0 0.149908 0.563791 0.0132429 0.0234302 0.113606
0 0.193129 0.25867 0.0130303 0.0329758 0.113587
0 0.0234123 0.624265 0.0139852 0.0237035 0.113342
0 0.364866 0.647296 0.0144225 0.0342446 0.113205
0 0.55276 0.132888 0.0158173 0.0305429 0.113038
0 0.585142 0.379349 0.0178455 0.0329476 0.112966
0 0.706955 0.024584 0.0151613 0.020619 0.112931
0 0.0820131 0.265193 0.0137065 0.0225251 0.11265
0 0.860668 0.886895 0.0164761 0.0307841 0.11255
0 0.676289 0.359033 0.0124953 0.0262613 0.112522
0 0.673257 0.281583 0.0156362 0.0280409 0.112244
0 0.971368 0.254722 0.011483 0.026541 0.111537
0 0.977753 0.696199 0.0204479 0.0338264 0.111348
0 0.302045 0.412235 0.0187937 0.0424576 0.111244
0 0.942137 0.336593 0.0167694 0.0288664 0.111239
0 0.164367 0.85727 0.0106379 0.0178224 0.111176
0 0.276732 0.336394 0.0151412 0.0256481 0.110919
0 0.0666232 0.826981 0.0099793 0.0366998 0.110623
0 0.676024 0.240008 0.0184494 0.0304036 0.11036
0 0.952731 0.345126 0.0143978 0.0269648 0.11031
0 0.769336 0.182093 0.017727 0.0272832 0.10992
0 0.679198 0.63379 0.0155372 0.0314178 0.10969
0 0.404444 0.319582 0.00951106 0.0222497 0.109599
0 0.275442 0.535685 0.0182917 0.0287737 0.109552
0 0.0826445 0.877517 0.0128275 0.033724 0.109546
0 0.198011 0.0107837 0.0138581 0.017751 0.109324
0 0.985889 0.113175 0.020555 0.035345 0.109283
0 0.195003 0.98167 0.0127401 0.0324405 0.109259
0 0.109871 0.3099 0.0138257 0.0192108 0.109253
0 0.862209 0.533831 0.0120678 0.0235032 0.109246
0 0.142478 0.522386 0.0163247 0.0241825 0.109239
0 0.0722443 0.00681837 0.0238088 0.0131562 0.10916
0 0.206502 0.638188 0.0118087 0.0285283 0.109087
0 0.843688 0.627512 0.0154518 0.0234204 0.109075
0 0.0526988 0.291052 0.0192179 0.0299241 0.109042
0 0.237865 0.181514 0.014588 0.0256316 0.108552
0 0.804081 0.167788 0.0214737 0.0420928 0.108537
0 0.808281 0.752484 0.0110481 0.0204407 0.108391
0 0.364552 0.635198 0.0104615 0.0265727 0.108273
0 0.781907 0.553343 0.0112936 0.0274946 0.10795
0 0.93023 0.126169 0.020356 0.0212791 0.107722
0 0.695634 0.400673 0.00893237 0.0240253 0.107459
0 0.340243 0.736558 0.0126295 0.0335265 0.107408
0 0.129102 0.335237 0.01897 0.0280987 0.107243
0 0.0756795 0.338691 0.0114118 0.0225246 0.107207
0 0.968874 0.063156 0.020369 0.0349949 0.107161
0 0.215225 0.252726 0.0193658 0.0282523 0.107081
0 0.162458 0.263546 0.0228151 0.0435616 0.106785
0 0.452872 0.823845 0.0137566 0.0190965 0.106783
0 0.270376 0.722854 0.0150599 0.0370422 0.106426
0 0.369061 0.517523 0.0191334 0.0274923 0.10637
0 0.507484 0.0766331 0.0171539 0.0321515 0.106212
0 0.486982 0.00735703 0.0162755 0.0147141 0.105893
0 0.88376 0.542137 0.0184541 0.0299186 0.10581
0 0.00500853 0.644143 0.00993748 0.0310072 0.105643
0 0.140541 0.292239 0.0161972 0.0341714 0.105613
0 0.226679 0.304766 0.0203896 0.0422359 0.105412
0 0.697511 0.611581 0.0156944 0.023927 0.105393
0 0.343108 0.734335 0.00962664 0.0329851 0.104445
0 0.0097651 0.934774 0.0163098 0.022683 0.104054
0 0.733087 0.507436 0.0127533 0.0289524 0.103985
0 0.273897 0.0292374 0.0193942 0.0330565 0.103954
0 0.072583 0.94007 0.0196583 0.0309314 0.103902
0 0.99261 0.837079 0.0147795 0.0405796 0.103891
0 0.327637 0.045577 0.0130421 0.0202181 0.103597
0 0.0163952 0.961701 0.0221425 0.0401635 0.103548
0 0.804476 0.83494 0.0134235 0.0278449 0.103459
0 0.118524 0.639536 0.0115486 0.0259966 0.103376
0 0.213604 0.577283 0.0146089 0.0240453 0.103247
0 0.317632 0.255773 0.0132787 0.028811 0.102879
0 0.635458 0.870251 0.0143475 0.0298321 0.102841
0 0.501748 0.547088 0.0227813 0.0415047 0.102825
0 0.572715 0.91789 0.0196599 0.0354279 0.102107
0 0.858051 0.460629 0.00882397 0.0224643 0.102038
0 0.443208 0.450012 0.0180611 0.0246637 0.101951
0 0.882237 0.126356 0.0188622 0.0319624 0.10165
0 0.0195227 0.361472 0.0162526 0.0327525 0.101512
0 0.841079 0.639358 0.0153616 0.0265727 0.101421
0 0.911783 0.84041 0.0171371 0.0311885 0.101368
0 0.546389 0.823667 0.0247519 0.0392126 0.101102
0 0.0752855 0.471319 0.0137687 0.018004 0.100341
0 0.228818 0.42758 0.0171621 0.0381443 0.100287
0 0.374303 0.708418 0.0163953 0.0320544 0.100139
0 0.193659 0.293381 0.0143646 0.0246248 0.100069
