0 0.885191 0.614898 0.0229187 0.0551869 0.717264
0 0.866918 0.557764 0.024177 0.0592223 0.704903
0 0.374123 0.0653293 0.0321806 0.0576119 0.703655
0 0.964421 0.422398 0.0246 0.0644701 0.700694
0 0.569187 0.945299 0.0280388 0.0678116 0.692385
0 0.185601 0.464524 0.0295699 0.0522997 0.687375
0 0.476477 0.552245 0.0207947 0.0385149 0.681365
0 0.948197 0.672879 0.0272386 0.0560939 0.67869
0 0.140458 0.830859 0.0209521 0.0434632 0.678242
0 0.11408 0.844845 0.0279431 0.0627127 0.673889
0 0.20592 0.0343543 0.0332353 0.0583404 0.670772
0 0.338931 0.219625 0.0282779 0.0571638 0.670351
0 0.879215 0.969764 0.027608 0.0563928 0.669545
0 0.805571 0.302067 0.0374952 0.0821612 0.668053
0 0.377237 0.402639 0.0279573 0.0618214 0.667017
0 0.50071 0.550528 0.0198368 0.0590414 0.665946
0 0.947802 0.610608 0.0274441 0.0528205 0.665247
0 0.0316909 0.581411 0.021102 0.0434393 0.662972
0 0.0843585 0.880924 0.0215056 0.0469394 0.660273
0 0.320893 0.0385012 0.019374 0.0539253 0.65986
0 0.602861 0.645167 0.0229452 0.0413323 0.656722
0 0.794837 0.911638 0.0213499 0.049592 0.649662
0 0.925139 0.257918 0.0218571 0.050104 0.64924
0 0.848059 0.272468 0.0337414 0.0647252 0.639848
0 0.344757 0.0631936 0.0241949 0.0520474 0.636132
0 0.850534 0.921141 0.0218504 0.0409512 0.63481
0 0.937792 0.84082 0.0162422 0.0382604 0.632845
0 0.535949 0.574157 0.0263422 0.0547148 0.630161
0 0.402258 0.643509 0.0233012 0.0454204 0.629807
0 0.104503 0.935828 0.0167527 0.0379859 0.628344
0 0.166776 0.513472 0.0189276 0.0359249 0.627
0 0.569708 0.673001 0.016954 0.0371524 0.626621
0 0.802337 0.727463 0.0330249 0.069587 0.625469
0 0.976291 0.319365 0.0202333 0.0391722 0.624539
0 0.467212 0.483078 0.019172 0.0381244 0.620726
0 0.52018 0.439528 0.0212458 0.0397898 0.620021
0 0.58862 0.872001 0.0165269 0.0288417 0.617386
0 0.00669671 0.189202 0.0128781 0.0308204 0.616724
0 0.175077 0.338232 0.018642 0.0403246 0.613807
0 0.552733 0.705284 0.0259111 0.053105 0.613004
0 0.0576189 0.496494 0.0208927 0.0408748 0.612016
0 0.353969 0.435206 0.0221764 0.0493537 0.610288
0 0.899693 0.23318 0.0178173 0.0281888 0.609993
0 0.89785 0.17117 0.0161819 0.0317533 0.60947
0 0.908256 0.370994 0.025182 0.0418815 0.608844
0 0.319038 0.138694 0.0308886 0.058671 0.608456
0 0.232904 0.150783 0.0172997 0.0459496 0.604524
0 0.265753 0.14942 0.0238416 0.0495733 0.603584
0 0.412448 0.913578 0.0189463 0.0337433 0.601688
0 0.504715 0.0611388 0.0165768 0.0346399 0.601232
0 0.532908 0.101891 0.0174801 0.0434449 0.598275
0 0.549562 0.440701 0.0214706 0.0409677 0.595978
0 0.947552 0.916019 0.021839 0.0436432 0.595388
0 0.628221 0.656486 0.0186245 0.0443786 0.593177
0 0.798312 0.856452 0.02499 0.0526534 0.59259
0 0.984299 0.672843 0.031252 0.0730567 0.59119
0 0.0909399 0.398875 0.0165682 0.0379097 0.590787
0 0.917169 0.175305 0.015895 0.0327209 0.590771
0 0.0341012 0.427465 0.0181845 0.0408279 0.590307
0 0.0851769 0.269045 0.0256068 0.0479747 0.587601
0 0.161242 0.469726 0.0156623 0.0396231 0.586033
0 0.0498494 0.800545 0.0205468 0.0386908 0.585626
0 0.923706 0.562241 0.0236145 0.0436595 0.582701
0 0.633621 0.864054 0.0237633 0.0445169 0.582079
0 0.651228 0.0214302 0.0193289 0.0377182 0.58128
0 0.17912 0.56823 0.0165637 0.0373065 0.579914
0 0.209164 0.644066 0.0152392 0.0379924 0.578175
0 0.989095 0.921136 0.0218109 0.0576993 0.575309
0 0.503787 0.616696 0.0204287 0.0367039 0.57514
0 0.0949105 0.0850773 0.0218209 0.0542881 0.573068
0 0.61754 0.0186566 0.0212139 0.0373131 0.572614
0 0.983048 0.982036 0.0177486 0.0345954 0.57261
0 0.870638 0.869229 0.0227661 0.0469224 0.571752
0 0.0175471 0.799782 0.0170326 0.0401087 0.571528
0 0.0190089 0.367653 0.0181623 0.0368729 0.571517
0 0.541831 0.0205104 0.0212608 0.0410207 0.569791
0 0.131281 0.52392 0.0136062 0.0413041 0.569042
0 0.100495 0.350144 0.0155672 0.0346041 0.568955
0 0.0794407 0.150488 0.0212289 0.0427378 0.56856
0 0.0817563 0.749455 0.0143983 0.0290793 0.567381
0 0.0344753 0.47444 0.0151662 0.0350916 0.566868
0 0.0737591 0.322536 0.0176042 0.0357947 0.565868
0 0.578599 0.362868 0.0181417 0.0390187 0.564995
0 0.0844959 0.447274 0.0206948 0.0385412 0.564904
0 0.154283 0.604338 0.0174597 0.0402011 0.56362
0 0.232308 0.20218 0.0136226 0.0301363 0.562356
0 0.0127624 0.910386 0.016206 0.0390991 0.562025
0 0.694139 0.555466 0.0151058 0.032041 0.561235
0 0.162022 0.560185 0.0138102 0.0285394 0.559351
0 0.0706333 0.19256 0.0145312 0.036193 0.556277
0 0.602243 0.957092 0.0229361 0.0434239 0.555021
0 0.397907 0.0115963 0.016461 0.0231927 0.554764
0 0.440166 0.903404 0.0184305 0.0433202 0.553086
0 0.676432 0.0222091 0.0213186 0.0432644 0.553049
0 0.635338 0.0597871 0.0144035 0.0396611 0.552592
0 0.0263342 0.209221 0.018086 0.0306504 0.550539
0 0.07144 0.72092 0.0155189 0.0342929 0.549924
0 0.118814 0.0531223 0.0203744 0.0449409 0.549683
0 0.0212049 0.264329 0.0219007 0.0425024 0.548243
0 0.866475 0.654066 0.0169853 0.0332268 0.547367
0 0.0406108 0.855439 0.016041 0.0338364 0.547254
0 0.0454502 0.62757 0.0181406 0.0395903 0.547139
0 0.664638 0.623521 0.0198936 0.0411764 0.545001
0 0.333005 0.473835 0.0267132 0.0494988 0.540563
0 0.522326 0.520641 0.0150449 0.0296326 0.539532
0 0.0899146 0.215857 0.016267 0.036296 0.538321
0 0.0287865 0.628465 0.0147135 0.0322112 0.53778
0 0.198948 0.548087 0.0158535 0.036121 0.537055
0 0.00811276 0.527588 0.0151691 0.0335157 0.536822
0 0.812158 0.774821 0.024423 0.0432414 0.533064
0 0.358776 0.145417 0.0364272 0.0774341 0.53295
0 0.521045 0.0318736 0.0160912 0.0324217 0.531216
0 0.664264 0.765459 0.0117842 0.0292507 0.52964
0 0.55458 0.0953661 0.0185099 0.0383258 0.528087
0 0.114463 0.248615 0.0226221 0.0496237 0.527933
0 0.566514 0.87866 0.015845 0.0329047 0.527207
0 0.689249 0.788577 0.0213648 0.0452466 0.526758
0 0.176868 0.61906 0.0142591 0.0330663 0.525797
0 0.253068 0.0941656 0.0152381 0.0402086 0.52569
0 0.0433578 0.229481 0.0125429 0.035324 0.524565
0 0.406695 0.0671534 0.0264244 0.06627 0.52448
0 0.622094 0.935041 0.0159718 0.0358785 0.524057
0 0.301891 0.0226502 0.0195006 0.0432648 0.522455
0 0.0655159 0.915804 0.0222712 0.0437367 0.52129
0 0.643608 0.827166 0.0180185 0.0331278 0.521048
0 0.837532 0.74562 0.0197754 0.0417821 0.520098
0 0.950271 0.242314 0.0161942 0.0331466 0.519599
0 0.775222 0.952745 0.0166408 0.0421604 0.519125
0 0.0552575 0.710916 0.015035 0.0324834 0.518082
0 0.916383 0.698894 0.022139 0.0527633 0.517834
0 0.384399 0.97497 0.0252741 0.0466093 0.517782
0 0.057699 0.264364 0.0153637 0.0322393 0.517251
0 0.606343 0.450948 0.0163824 0.0381888 0.513404
0 0.6004 0.587896 0.0241619 0.048476 0.512704
0 0.0268828 0.0333917 0.0229935 0.0536389 0.512699
0 0.626514 0.608453 0.0164058 0.0361675 0.509054
0 0.179599 0.403596 0.0172554 0.0319082 0.506677
0 0.244775 0.35947 0.0144394 0.039305 0.503
0 0.692312 0.345149 0.0251803 0.0476248 0.502974
0 0.191025 0.0819247 0.0222915 0.0389407 0.502786
0 0.759074 0.0665174 0.0218607 0.0432553 0.502777
0 0.0720122 0.528485 0.0128297 0.0349573 0.502186
0 0.677033 0.872122 0.0159241 0.040891 0.501559
0 0.63727 0.518475 0.0218685 0.0503649 0.4995
0 0.00620503 0.113875 0.0122578 0.0312601 0.497937
0 0.873988 0.91703 0.0182114 0.0367904 0.497268
0 0.818821 0.384755 0.0162277 0.0316419 0.496682
0 0.340389 0.935754 0.0242247 0.0544293 0.496545
0 0.0423854 0.934644 0.0169268 0.029215 0.495457
0 0.234569 0.0123563 0.0178409 0.0241988 0.495152
0 0.980069 0.506659 0.0202131 0.0495511 0.49431
0 0.4969 0.497473 0.0141705 0.0263972 0.491574
0 0.758932 0.342855 0.018148 0.0355575 0.489414
0 0.707733 0.927473 0.0243863 0.0512201 0.489229
0 0.123197 0.924297 0.0215854 0.0579517 0.488219
0 0.885109 0.266025 0.0199795 0.0369414 0.488106
0 0.778523 0.12181 0.0188615 0.0441162 0.486791
0 0.453908 0.433464 0.0175921 0.0304613 0.485865
0 0.502396 0.405396 0.0127594 0.0320832 0.483683
0 0.845415 0.381861 0.0240765 0.0371449 0.482821
0 0.621224 0.171884 0.0196887 0.0349645 0.480647
0 0.892942 0.67804 0.0211197 0.0358727 0.478972
0 0.222541 0.354944 0.0224725 0.048588 0.478923
0 0.918133 0.130399 0.022496 0.0429356 0.475825
0 0.422601 0.0122232 0.0219336 0.0244463 0.473711
0 0.0405841 0.380265 0.0133126 0.0239737 0.473213
0 0.865839 0.345876 0.0217525 0.0393848 0.472322
0 0.145608 0.56224 0.0128945 0.0248679 0.470657
0 0.0529232 0.185822 0.0140807 0.0259374 0.470399
0 0.0552606 0.0326967 0.0214005 0.0497647 0.470082
0 0.996125 0.0776251 0.00775013 0.0388206 0.466053
0 0.826685 0.428552 0.0219006 0.0426915 0.461173
0 0.491754 0.44333 0.0163929 0.0309983 0.459408
0 0.640316 0.698357 0.0264009 0.0390243 0.459364
0 0.238932 0.262441 0.0193467 0.0399469 0.459182
0 0.896151 0.414723 0.0203346 0.0394628 0.457858
0 0.663737 0.520075 0.0142703 0.030463 0.456849
0 0.646149 0.659447 0.0157078 0.0329254 0.455233
0 0.577617 0.824384 0.0158178 0.0349857 0.453049
0 0.614044 0.829838 0.0236618 0.0519882 0.449438
0 0.418121 0.495935 0.0231573 0.0444683 0.449301
0 0.86997 0.404307 0.0193748 0.0438976 0.448364
0 0.781123 0.347506 0.02205 0.0380519 0.445998
0 0.192035 0.511217 0.0198669 0.0338861 0.444693
0 0.465997 0.0587024 0.0214696 0.0566586 0.444059
0 0.0164885 0.728138 0.0202369 0.0457784 0.442301
0 0.991176 0.454227 0.0176491 0.0426227 0.442014
0 0.164576 0.212739 0.0152613 0.0334732 0.440396
0 0.773759 0.945364 0.0191763 0.0520261 0.430189
0 0.0864542 0.702937 0.0127599 0.0318609 0.42948
0 0.48829 0.0892631 0.017205 0.0388117 0.429289
0 0.415735 0.554687 0.0147841 0.031111 0.426487
0 0.165758 0.724324 0.0141841 0.0299041 0.426339
0 0.147764 0.733884 0.0162611 0.0315676 0.425649
0 0.443387 0.510914 0.0195066 0.0414695 0.424706
0 0.00792872 0.646466 0.0156198 0.0327859 0.423887
0 0.990161 0.146102 0.0196791 0.0642789 0.423524
0 0.052313 0.408509 0.0217688 0.0469492 0.422557
0 0.379814 0.0180349 0.0151391 0.02673 0.421356
0 0.967175 0.187116 0.01129 0.0323441 0.416382
0 0.0585052 0.887429 0.0173813 0.0334722 0.415974
0 0.4359 0.0259899 0.0157251 0.0362729 0.415749
0 0.810615 0.812173 0.0211037 0.0370282 0.414547
0 0.649197 0.748686 0.0220191 0.039998 0.4143
0 0.862408 0.732743 0.0213825 0.0512788 0.410292
0 0.0613896 0.571376 0.0152273 0.0383193 0.407139
0 0.625674 0.975455 0.0168608 0.0440417 0.405939
0 0.114118 0.639978 0.0152206 0.0289309 0.405326
0 0.103827 0.160809 0.0156116 0.0336076 0.405255
0 0.556699 0.374057 0.0256413 0.0515895 0.403455
0 0.179848 0.124991 0.0225284 0.0428314 0.402706
0 0.915602 0.637775 0.0203228 0.0487701 0.399585
0 0.183624 0.839722 0.0133244 0.0336192 0.399383
0 0.229066 0.652811 0.0215395 0.0574378 0.398948
0 0.84354 0.665696 0.0178085 0.0409437 0.398447
0 0.158549 0.657593 0.0154451 0.0361257 0.396335
0 0.480329 0.014301 0.0196524 0.0274442 0.393604
0 0.0431385 0.93934 0.0175417 0.0298432 0.393404
0 0.914434 0.315018 0.0191719 0.0460837 0.390585
0 0.630008 0.513967 0.0351351 0.0593154 0.39052
0 0.089624 0.505421 0.014902 0.0322085 0.390477
0 0.534076 0.651457 0.0220784 0.0506398 0.389681
0 0.0395223 0.16696 0.0156622 0.0340521 0.38902
0 0.959904 0.841161 0.0223061 0.0358283 0.388142
0 0.932551 0.392303 0.0231229 0.0478466 0.386037
0 0.105254 0.0260762 0.017578 0.0368946 0.385068
0 0.466905 0.0516994 0.0202497 0.0455775 0.383553
0 0.98675 0.815372 0.0181049 0.0367637 0.383503
0 0.55322 0.833502 0.0183058 0.0381005 0.382817
0 0.926668 0.957778 0.0188358 0.0466642 0.378436
0 0.478234 0.379096 0.0245777 0.0532981 0.376262
0 0.249887 0.20086 0.0207446 0.0486165 0.375016
0 0.00825523 0.405576 0.0158069 0.0276304 0.374255
0 0.804985 0.556875 0.0191673 0.0420146 0.370475
0 0.650529 0.791074 0.0136002 0.0293827 0.36973
0 0.799503 0.0170497 0.021096 0.0340994 0.366854
0 0.873824 0.504466 0.0157555 0.0315962 0.362826
0 0.949457 0.299411 0.024931 0.0465703 0.3626
0 0.83143 0.554045 0.0321671 0.0493994 0.360611
0 0.815016 0.342183 0.0187344 0.0379431 0.360278
0 0.651111 0.41782 0.0144722 0.024389 0.359401
0 0.0866326 0.664485 0.0158093 0.0319423 0.35646
0 0.214961 0.0844233 0.0174171 0.0350078 0.355886
0 0.135506 0.0168653 0.017431 0.0311718 0.353879
0 0.108153 0.438305 0.0175312 0.0427823 0.353635
0 0.572881 0.0238743 0.0185908 0.0419276 0.352974
0 0.893662 0.730137 0.0203587 0.0459361 0.350493
0 0.641967 0.117506 0.0175902 0.0371806 0.350275
0 0.354365 0.979621 0.0197231 0.0393085 0.349954
0 0.968082 0.0838899 0.0266758 0.0563468 0.349282
0 0.13958 0.062587 0.0186544 0.0353339 0.348431
0 0.0377484 0.902638 0.0174645 0.0366734 0.346796
0 0.966222 0.803013 0.0195774 0.0386982 0.343603
0 0.75206 0.894517 0.0189475 0.0380858 0.342775
0 0.759394 0.136367 0.0175351 0.0371666 0.341831
0 0.828481 0.435033 0.0255455 0.057204 0.341658
0 0.0877694 0.181207 0.0115643 0.0199816 0.341274
0 0.530729 0.386223 0.0218804 0.0503746 0.339461
0 0.171542 0.0538104 0.0260853 0.0459715 0.33938
0 0.985915 0.591751 0.0281651 0.0632525 0.3369
0 0.196695 0.59096 0.0151957 0.0266113 0.335829
0 0.854716 0.817367 0.0196741 0.051939 0.334219
0 0.0889163 0.547322 0.019498 0.035442 0.332159
0 0.0083984 0.57052 0.0163065 0.0338148 0.331522
0 0.766162 0.853824 0.0163749 0.0312989 0.331465
0 0.157792 0.0945451 0.019064 0.036361 0.330421
0 0.838771 0.660781 0.0237412 0.0444626 0.33034
0 0.124718 0.353355 0.0166676 0.0381548 0.328544
0 0.647565 0.97197 0.0211473 0.0529163 0.326551
0 0.731995 0.630679 0.0185915 0.0490884 0.325934
0 0.418256 0.879043 0.0156637 0.0283874 0.322006
0 0.110951 0.524293 0.0162611 0.0334933 0.321905
0 0.48841 0.289178 0.0141792 0.0379416 0.320177
0 0.842825 0.503119 0.0241993 0.0517838 0.319652
0 0.163219 0.847015 0.0156535 0.0231456 0.316786
0 0.240835 0.455642 0.0216699 0.0468782 0.316739
0 0.903975 0.906171 0.0279224 0.0644007 0.31588
0 0.733433 0.869871 0.0120489 0.0272388 0.310985
0 0.296537 0.0866997 0.0132463 0.0392383 0.309673
0 0.713334 0.869755 0.014216 0.0338393 0.308534
0 0.0178845 0.877597 0.0187254 0.0283828 0.307754
0 0.268282 0.287264 0.0196417 0.0399953 0.30575
0 0.883954 0.809279 0.0213776 0.04401 0.305642
0 0.747513 0.834522 0.0140363 0.0423013 0.304598
0 0.831805 0.451797 0.0222539 0.0351369 0.303079
0 0.803107 0.551836 0.0237461 0.0503297 0.302264
0 0.696247 0.977135 0.0158202 0.0374422 0.299918
0 0.449441 0.118699 0.023925 0.0408116 0.299635
0 0.00988979 0.0224185 0.0170128 0.0359451 0.298809
0 0.125926 0.575944 0.0119198 0.0297017 0.298772
0 0.453107 0.278678 0.0257208 0.0484639 0.29805
0 0.407492 0.0754018 0.0295887 0.0556678 0.295268
0 0.0967418 0.967226 0.0127406 0.0240273 0.294135
0 0.0782727 0.804543 0.018447 0.0367866 0.29355
0 0.357962 0.0107624 0.022362 0.0209808 0.291865
0 0.0231184 0.164643 0.014304 0.0278901 0.289523
0 0.667636 0.686992 0.0190976 0.0371838 0.289353
0 0.558037 0.51687 0.0370705 0.0616075 0.288273
0 0.0660101 0.141934 0.0112534 0.0318568 0.2874
0 0.809545 0.458194 0.0146933 0.0324909 0.284636
0 0.164732 0.849129 0.0147978 0.0222637 0.283095
0 0.594354 0.0430319 0.0201132 0.0393728 0.283022
0 0.770796 0.534363 0.0146978 0.0443869 0.282844
0 0.58758 0.786591 0.0130287 0.0316436 0.28141
0 0.0442009 0.390749 0.0126637 0.02689 0.281123
0 0.393669 0.744684 0.0207765 0.0443674 0.279987
0 0.0656976 0.0715597 0.0165272 0.0337279 0.279329
0 0.578653 0.0919 0.0161648 0.0298423 0.279002
0 0.618087 0.367902 0.0324387 0.0557701 0.277894
0 0.838131 0.863879 0.0179058 0.0372547 0.277348
0 0.947135 0.191043 0.0211109 0.0369677 0.276807
0 0.0440979 0.945825 0.0174859 0.0211351 0.274291
0 0.838018 0.343094 0.0172768 0.0370749 0.274099
0 0.138908 0.936222 0.0168543 0.0375502 0.273374
0 0.90874 0.744244 0.0167219 0.0349351 0.27256
0 0.975279 0.889644 0.0229923 0.0449188 0.271273
0 0.592663 0.737782 0.0197234 0.0504246 0.270685
0 0.731574 0.12966 0.0232861 0.0480151 0.270538
0 0.0752838 0.148392 0.0210537 0.0424654 0.270536
0 0.388077 0.912099 0.020214 0.0388963 0.270502
0 0.0621273 0.754399 0.0137878 0.024111 0.268593
0 0.256886 0.644264 0.0149917 0.0269558 0.268429
0 0.793523 0.599417 0.0204262 0.0421444 0.268304
0 0.510351 0.0122884 0.0104673 0.0194757 0.265254
0 0.156493 0.915808 0.0113374 0.0270421 0.265212
0 0.99602 0.733922 0.00795956 0.0441009 0.264563
0 0.474165 0.444547 0.0161545 0.0302965 0.263593
0 0.0460892 0.743734 0.0138692 0.0337927 0.263508
0 0.979247 0.869643 0.0227024 0.0399186 0.262629
0 0.745782 0.776765 0.0190376 0.033341 0.25912
0 0.597815 0.444826 0.0316706 0.042653 0.258951
0 0.541997 0.9663 0.0228223 0.0572387 0.258355
0 0.769744 0.0306093 0.0202855 0.0367352 0.258071
0 0.512902 0.82952 0.0249958 0.0500368 0.25626
0 0.418136 0.956582 0.0188038 0.0336229 0.255237
0 0.731374 0.868919 0.0129344 0.0287137 0.255183
0 0.112902 0.600285 0.0153232 0.0306653 0.251017
0 0.349381 0.820006 0.0136918 0.024294 0.248924
0 0.682769 0.38761 0.0140204 0.0378768 0.248746
0 0.173759 0.926168 0.0201177 0.0397274 0.246994
0 0.637336 0.699488 0.0207032 0.0349245 0.246059
0 0.0762628 0.625841 0.019005 0.0368066 0.244969
0 0.856397 0.454908 0.0183571 0.0293086 0.243556
0 0.768651 0.813386 0.0190127 0.0324481 0.24074
0 0.0533203 0.668722 0.0134493 0.0291664 0.239722
0 0.69009 0.932644 0.0093921 0.0396444 0.239486
0 0.144498 0.202217 0.0117368 0.0330394 0.239451
0 0.2771 0.904276 0.0131378 0.0352721 0.23857
0 0.18232 0.836207 0.0119537 0.0364096 0.237029
0 0.0285512 0.317608 0.0151087 0.0309703 0.233048
0 0.322639 0.95294 0.0157258 0.0347809 0.230059
0 0.439997 0.403405 0.0225615 0.0433798 0.228429
0 0.872122 0.400425 0.0236954 0.0530681 0.225576
0 0.252482 0.0204759 0.019142 0.0332488 0.224325
0 0.0619121 0.902891 0.0221612 0.061286 0.224266
0 0.00818651 0.772665 0.0156708 0.0249878 0.221739
0 0.364656 0.311508 0.0261364 0.0479 0.221718
0 0.14663 0.98212 0.012798 0.0336225 0.220331
0 0.136838 0.933008 0.0153783 0.0405982 0.21949
0 0.585633 0.733638 0.0322182 0.0561101 0.21828
0 0.662127 0.887217 0.0149735 0.0383671 0.21784
0 0.0972997 0.624186 0.0125174 0.0287861 0.217673
0 0.0584881 0.258983 0.0149656 0.0405161 0.216028
0 0.12693 0.44683 0.0144561 0.0375434 0.216025
0 0.75106 0.688581 0.0167809 0.0309559 0.215402
0 0.72778 0.796458 0.0133992 0.0250746 0.215251
0 0.976607 0.896994 0.0180199 0.0335928 0.215213
0 0.973474 0.135354 0.0156311 0.0319736 0.214621
0 0.0288253 0.211731 0.0149013 0.0286591 0.213506
0 0.854933 0.622084 0.0251057 0.0347915 0.211148
0 0.71664 0.776891 0.0173828 0.0396539 0.209911
0 0.244236 0.770321 0.0222121 0.0422126 0.209042
0 0.772201 0.466155 0.0197269 0.0480974 0.208202
0 0.868194 0.347996 0.017064 0.0352352 0.206585
0 0.984966 0.251274 0.0275822 0.0544174 0.206285
0 0.0882462 0.183413 0.0143293 0.0197649 0.204362
0 0.770199 0.461378 0.022982 0.0553043 0.203936
0 0.202178 0.378986 0.0146923 0.0345648 0.203108
0 0.0127801 0.0240739 0.0146319 0.0385018 0.201409
0 0.8117 0.462244 0.0150509 0.0300507 0.198317
0 0.142518 0.591343 0.00997405 0.031337 0.197277
0 0.573308 0.426164 0.0129019 0.0244019 0.197114
0 0.106461 0.0204709 0.0154192 0.0367724 0.196374
0 0.993531 0.77747 0.0129384 0.031782 0.195774
0 0.147792 0.730027 0.0191269 0.0407118 0.195416
0 0.57125 0.0305062 0.0161186 0.0345838 0.195173
0 0.220023 0.539554 0.0196382 0.0386651 0.195116
0 0.396145 0.869861 0.0157238 0.0309092 0.194832
0 0.666339 0.380748 0.0194044 0.0492518 0.191581
0 0.801816 0.858731 0.0193367 0.0444 0.19092
0 0.034915 0.90729 0.0203446 0.0408838 0.189795
0 0.140187 0.114361 0.0211501 0.0397152 0.189729
0 0.834055 0.655727 0.0205811 0.0410617 0.188966
0 0.764486 0.850663 0.0191684 0.0371582 0.187982
0 0.745738 0.475633 0.0166528 0.0401001 0.187929
0 0.630614 0.443911 0.0153231 0.0369409 0.186359
0 0.0927002 0.586476 0.012418 0.0279341 0.185673
0 0.564757 0.616617 0.0159592 0.0342717 0.185061
0 0.190024 0.786819 0.0157079 0.0362549 0.184734
0 0.00287016 0.724938 0.00554687 0.0451163 0.183715
0 0.773077 0.534512 0.0150227 0.0472815 0.183687
0 0.183717 0.149191 0.0171755 0.0286952 0.183482
0 0.112417 0.763429 0.0168311 0.0356477 0.182658
0 0.466565 0.0141232 0.0165954 0.027127 0.181813
0 0.809983 0.674054 0.0193489 0.0442645 0.181531
0 0.46423 0.0651226 0.0217724 0.0567603 0.180947
0 0.939485 0.753413 0.0209774 0.0352184 0.179414
0 0.609175 0.741253 0.0140176 0.0341534 0.178406
0 0.475647 0.0147607 0.0256947 0.0291698 0.177854
0 0.162199 0.808993 0.0118764 0.0303835 0.177412
0 0.973405 0.893823 0.0188908 0.0380001 0.17677
0 0.647189 0.698199 0.0193327 0.0379902 0.176384
0 0.0711819 0.525784 0.00971002 0.0332774 0.175647
0 0.00570718 0.473289 0.0109857 0.0503518 0.175395
0 0.904227 0.0824235 0.0212582 0.040271 0.174783
0 0.0813067 0.357476 0.0120429 0.026907 0.173916
0 0.125189 0.574408 0.0151541 0.0340926 0.173845
0 0.0259529 0.510239 0.0160409 0.031139 0.172431
0 0.118468 0.699391 0.0197267 0.0308849 0.170481
0 0.0146441 0.798778 0.0206442 0.0430536 0.169801
0 0.0168426 0.449634 0.0152039 0.0386401 0.169216
0 0.73061 0.831358 0.0133968 0.0299955 0.168388
0 0.317791 0.877688 0.0249274 0.040015 0.168273
0 0.15786 0.76857 0.0170272 0.0345986 0.168241
0 0.784335 0.632188 0.0172524 0.0382871 0.168023
0 0.724525 0.474913 0.0171024 0.0415965 0.167188
0 0.734069 0.134137 0.0272463 0.0503588 0.166891
0 0.59318 0.442276 0.0249237 0.0413221 0.166283
0 0.208312 0.196881 0.0156838 0.0342048 0.165591
0 0.951866 0.530353 0.0288006 0.0578147 0.16538
0 0.104085 0.190988 0.01048 0.0188142 0.165288
0 0.913668 0.632114 0.0220192 0.0593468 0.165244
0 0.856149 0.460257 0.0190777 0.0353647 0.165028
0 0.917101 0.853873 0.016501 0.0315743 0.164751
0 0.00459906 0.143108 0.00916624 0.0305025 0.164706
0 0.786852 0.376368 0.0195006 0.0378119 0.164538
0 0.15155 0.0111615 0.013504 0.022323 0.163252
0 0.0564277 0.0420868 0.0182672 0.0421747 0.163213
0 0.577821 0.577752 0.0167332 0.031927 0.162931
0 0.0376872 0.709034 0.0151226 0.0283482 0.162395
0 0.992134 0.368744 0.0157316 0.0433248 0.162285
0 0.164722 0.949798 0.0130765 0.0245017 0.162116
0 0.0476457 0.951081 0.0164455 0.0205913 0.161857
0 0.985517 0.240114 0.0282356 0.0760653 0.1612
0 0.146171 0.501087 0.0161754 0.0280354 0.16111
0 0.747373 0.966529 0.0258521 0.0594716 0.160215
0 0.0700538 0.106535 0.0139656 0.0199629 0.159569
0 0.0067245 0.0609831 0.0132342 0.0309311 0.159402
0 0.0553193 0.0248097 0.0194774 0.0479808 0.158596
0 0.86558 0.72518 0.0270145 0.0552112 0.158453
0 0.0511698 0.301547 0.0094352 0.0280346 0.157731
0 0.256229 0.885049 0.0143827 0.0313009 0.157427
0 0.179128 0.690617 0.0158884 0.0334658 0.15697
0 0.00699262 0.599984 0.0138237 0.0357791 0.156265
0 0.185096 0.154803 0.0161465 0.030652 0.156245
0 0.745683 0.595832 0.0167719 0.034656 0.156237
0 0.680062 0.385107 0.0168993 0.0444559 0.156196
0 0.407053 0.0599425 0.0230419 0.0489667 0.155292
0 0.602867 0.79969 0.0175436 0.0356065 0.154983
0 0.773144 0.471325 0.017495 0.038298 0.154657
0 0.193998 0.922446 0.0131864 0.0369071 0.154394
0 0.557574 0.785596 0.0165407 0.0392899 0.154262
0 0.863156 0.778971 0.0177696 0.0223616 0.153735
0 0.68495 0.699273 0.015125 0.0280666 0.153596
0 0.0302158 0.31209 0.0154971 0.0278681 0.153519
0 0.950009 0.732853 0.0230564 0.0368939 0.153144
0 0.573427 0.420241 0.0133022 0.0254941 0.152992
0 0.714431 0.981913 0.012332 0.0334901 0.151022
0 0.248166 0.196815 0.0195354 0.0397856 0.150569
0 0.782525 0.357477 0.0250473 0.0543086 0.150323
0 0.993196 0.925172 0.0136086 0.0515815 0.150136
0 0.878074 0.380319 0.0196243 0.0347746 0.149987
0 0.038983 0.915635 0.0167425 0.0357951 0.149886
0 0.24039 0.80869 0.0192855 0.0335215 0.149305
0 0.878757 0.507241 0.0217724 0.0345669 0.149298
0 0.906968 0.901627 0.0231918 0.0494579 0.148412
0 0.753789 0.733939 0.0108919 0.0322288 0.148382
0 0.240931 0.888143 0.0132299 0.0376338 0.148345
0 0.97724 0.879804 0.025108 0.0614886 0.148232
0 0.703311 0.467223 0.0239026 0.0519228 0.148034
0 0.62755 0.972058 0.0169447 0.0430444 0.147313
0 0.515154 0.111505 0.0184238 0.0497277 0.146618
0 0.888039 0.304772 0.0184415 0.0254682 0.144137
0 0.145203 0.493553 0.0160736 0.0363809 0.143659
0 0.20626 0.339617 0.0136525 0.0401775 0.143647
0 0.323538 0.567635 0.0333207 0.0681732 0.142689
0 0.901173 0.49217 0.0158176 0.044699 0.14239
0 0.20359 0.338152 0.0144287 0.0365876 0.141987
0 0.282798 0.164949 0.0131555 0.0342484 0.141881
0 0.060226 0.829391 0.015264 0.0183559 0.141759
0 0.00523389 0.847785 0.00963287 0.0396365 0.141115
0 0.00783714 0.586026 0.0150201 0.0540845 0.140843
0 0.994594 0.0786847 0.010813 0.0421138 0.139663
0 0.769021 0.716358 0.0192084 0.0484103 0.139276
0 0.983756 0.600902 0.0259027 0.0476161 0.139024
0 0.994321 0.733022 0.0113579 0.0458431 0.138754
0 0.92631 0.895958 0.0153379 0.0381637 0.138358
0 0.94821 0.240477 0.0187904 0.0382489 0.138217
0 0.659982 0.298017 0.0221738 0.0450256 0.137711
0 0.0799517 0.0319767 0.0205771 0.0348631 0.137611
0 0.0699743 0.831437 0.0138892 0.0202924 0.137327
0 0.0649305 0.831324 0.0165138 0.0214041 0.137265
0 0.835706 0.45347 0.0167442 0.0322627 0.137219
0 0.293068 0.0862286 0.0122814 0.0386646 0.136237
0 0.799017 0.538096 0.0243759 0.0407345 0.135475
0 0.327431 0.291303 0.0312117 0.0741772 0.13544
0 0.6293 0.440239 0.0131321 0.038109 0.134896
0 0.114485 0.560962 0.0188243 0.0399146 0.134742
0 0.0927545 0.330325 0.0116107 0.0244609 0.134685
0 0.13378 0.302321 0.0161176 0.0317708 0.13401
0 0.038987 0.165 0.0191954 0.0401498 0.133843
0 0.768015 0.725144 0.0213173 0.0626561 0.133571
0 0.0239796 0.207085 0.0177421 0.0324374 0.133031
0 0.928823 0.960273 0.0135128 0.04349 0.132598
0 0.123039 0.982821 0.0183983 0.0332199 0.132176
0 0.918213 0.640392 0.0174983 0.0438554 0.132081
0 0.594387 0.739331 0.0139173 0.0462222 0.131805
0 0.25256 0.209044 0.0222943 0.0473388 0.13131
0 0.692637 0.597654 0.0152802 0.0287644 0.130748
0 0.176795 0.780202 0.0115414 0.029944 0.13015
0 0.0175369 0.455942 0.0151903 0.0368172 0.130035
0 0.238947 0.848127 0.0132288 0.0286576 0.129918
0 0.828324 0.555635 0.0244228 0.0442586 0.129737
0 0.590786 0.501879 0.0240843 0.0485547 0.12925
0 0.632164 0.446612 0.0130674 0.0356892 0.128277
0 0.696184 0.890723 0.0158178 0.0319041 0.128062
0 0.293919 0.589173 0.0249769 0.0506917 0.127368
0 0.00892562 0.971329 0.0176188 0.0491614 0.126956
0 0.340267 0.0162028 0.0114691 0.0251705 0.126901
0 0.813438 0.505243 0.0252405 0.0396157 0.126781
0 0.00524089 0.602888 0.0104336 0.035772 0.126174
0 0.720877 0.545432 0.0160189 0.0391852 0.125493
0 0.843625 0.868342 0.0190414 0.0356369 0.125417
0 0.631491 0.0613088 0.0195563 0.0361014 0.12508
0 0.994229 0.370587 0.0115421 0.044018 0.124343
0 0.152152 0.59946 0.0201194 0.0379458 0.122205
0 0.0643802 0.139797 0.0139569 0.0291947 0.122116
0 0.205069 0.748788 0.0154147 0.0327327 0.121973
0 0.913077 0.74614 0.0248295 0.0383001 0.121907
0 0.0545497 0.53544 0.0149516 0.023952 0.121093
0 0.49198 0.141139 0.0166578 0.0327774 0.120993
0 0.888422 0.531379 0.0178761 0.0249122 0.120634
0 0.768917 0.616999 0.0172475 0.0400078 0.120175
0 0.709566 0.822497 0.0130164 0.0229876 0.120027
0 0.776994 0.957111 0.0130871 0.0374884 0.119999
0 0.652181 0.975724 0.0204916 0.0478003 0.119017
0 0.0571682 0.25349 0.0159893 0.0413114 0.118794
0 0.41625 0.961852 0.0211316 0.0426838 0.118541
0 0.622702 0.743044 0.0141424 0.0266119 0.117732
0 0.0901547 0.326309 0.0108648 0.0268557 0.11754
0 0.815854 0.50084 0.0248154 0.0468495 0.116904
0 0.0498717 0.298089 0.00930138 0.0272841 0.116358
0 0.193567 0.273632 0.0155273 0.0333851 0.116062
0 0.622758 0.372584 0.0273649 0.0477824 0.115985
0 0.305868 0.914463 0.0195067 0.0400823 0.115745
0 0.0324765 0.0940438 0.0145428 0.0320541 0.115702
0 0.261362 0.0442727 0.0258892 0.0456299 0.115685
0 0.614827 0.293307 0.0193718 0.0373093 0.115542
0 0.72855 0.944021 0.019974 0.04276 0.115501
0 0.149284 0.739731 0.0154002 0.0231257 0.114985
0 0.103761 0.894827 0.0121032 0.0293386 0.112996
0 0.102405 0.627368 0.00761344 0.0291008 0.112011
0 0.741637 0.341544 0.0108384 0.0334297 0.111165
0 0.509102 0.0106099 0.0119689 0.0198009 0.109821
0 0.290967 0.346826 0.0342363 0.072166 0.109435
0 0.644401 0.618806 0.0152279 0.0281808 0.109313
0 0.0537022 0.176868 0.0137744 0.0396476 0.108872
0 0.0279526 0.322487 0.0151348 0.0324637 0.108504
0 0.170722 0.0201414 0.0227771 0.0335845 0.108156
0 0.596357 0.0392653 0.021014 0.0409575 0.107831
0 0.386734 0.908822 0.02306 0.0490666 0.107561
0 0.0911681 0.925934 0.0141885 0.0339713 0.107461
0 0.163719 0.560598 0.0133492 0.0341298 0.107449
0 0.00708604 0.849783 0.013781 0.0311543 0.107334
0 0.115836 0.701161 0.0217325 0.0325093 0.106895
0 0.756605 0.964569 0.0146193 0.0529622 0.105835
0 0.230816 0.667765 0.0199249 0.0453542 0.10574
0 0.752046 0.965441 0.0210173 0.0570171 0.105258
0 0.429095 0.0198441 0.02027 0.0343108 0.104909
0 0.127358 0.57516 0.011401 0.0255425 0.104834
0 0.21987 0.489744 0.0184403 0.0243873 0.104057
0 0.0693335 0.374066 0.0163481 0.0314724 0.102977
0 0.27904 0.960952 0.0163782 0.0309144 0.102913
0 0.680595 0.479154 0.0170675 0.0257715 0.102839
0 0.0614981 0.058459 0.0154125 0.0212395 0.102734
0 0.121749 0.404402 0.0148964 0.0278982 0.10265
0 0.0742964 0.372206 0.0142588 0.030712 0.102634
0 0.907202 0.740327 0.0149437 0.0314194 0.102371
0 0.953506 0.732241 0.0195942 0.0332626 0.10203
0 0.0160977 0.885798 0.019657 0.041142 0.101946
0 0.732591 0.829913 0.013018 0.0313906 0.101739
0 0.697771 0.898425 0.0146448 0.0293686 0.10148
0 0.214022 0.597503 0.0140958 0.0301389 0.101424
0 0.620184 0.061191 0.016111 0.0290079 0.101069
0 0.876073 0.914088 0.0228123 0.0403893 0.101056
0 0.171047 0.0345446 0.0255823 0.0602303 0.100957
0 0.0778696 0.801189 0.0204411 0.0476155 0.100454
0 0.0212148 0.165649 0.0119093 0.0235955 0.100377
0 0.103874 0.0301655 0.0178269 0.0343864 0.100207
