0 0.435124 0.144144 0.0259848 0.0400468 0.691546
0 0.265946 0.618487 0.0193855 0.0332968 0.68447
0 0.154986 0.545453 0.0233257 0.0442888 0.676823
0 0.0172275 0.804369 0.0215592 0.0382609 0.671062
0 0.40931 0.132096 0.0243187 0.0369096 0.667419
0 0.280752 0.282843 0.0217399 0.0385321 0.664911
0 0.224709 0.415914 0.0193017 0.0337892 0.659972
0 0.586387 0.55469 0.0206385 0.0434192 0.655643
0 0.412034 0.174909 0.0232203 0.0405069 0.653066
0 0.00885666 0.858818 0.0163054 0.029774 0.651467
0 0.344482 0.462022 0.0189908 0.0334622 0.64738
0 0.133372 0.470068 0.0225273 0.0463269 0.64677
0 0.104901 0.487236 0.0222329 0.0353312 0.639646
0 0.170134 0.0772787 0.0161184 0.0334966 0.639202
0 0.351935 0.50611 0.0227716 0.0358609 0.637146
0 0.0216542 0.113413 0.0220603 0.0379767 0.6318
0 0.0865585 0.529477 0.0182003 0.0329536 0.630798
0 0.211546 0.886881 0.0210126 0.0391882 0.626862
0 0.414138 0.584269 0.020809 0.0357239 0.624392
0 0.664411 0.152192 0.0219245 0.0365393 0.62434
0 0.148766 0.613744 0.0155659 0.0298947 0.624212
0 0.383689 0.581859 0.0204533 0.0387439 0.624207
0 0.435601 0.555053 0.0282747 0.0427816 0.624118
0 0.318697 0.854164 0.0193549 0.0288462 0.622263
0 0.401555 0.548313 0.0224661 0.0377281 0.621096
0 0.0794362 0.482593 0.0171246 0.0358097 0.621011
0 0.0282506 0.573767 0.020015 0.0371865 0.619689
0 0.476242 0.102759 0.0228917 0.0389103 0.617491
0 0.198084 0.34172 0.0179303 0.0291592 0.613758
0 0.559784 0.308905 0.0211922 0.0330542 0.612826
0 0.0569101 0.648298 0.0194854 0.038232 0.612574
0 0.885878 0.527356 0.0184628 0.0301646 0.610313
0 0.00790308 0.523003 0.0157736 0.0444695 0.609731
0 0.812381 0.687156 0.0214008 0.0381641 0.609483
0 0.466995 0.25122 0.0272274 0.050945 0.607971
0 0.440538 0.349198 0.0249647 0.0424691 0.604608
0 0.78013 0.499213 0.0186963 0.0319651 0.604053
0 0.447807 0.0729269 0.0192076 0.0340397 0.602704
0 0.76866 0.527816 0.0181616 0.0330408 0.602419
0 0.413123 0.0181925 0.0349278 0.0363851 0.6023
0 0.319398 0.500144 0.0185478 0.0367473 0.599396
0 0.110631 0.131811 0.0207728 0.0358743 0.599217
0 0.017227 0.638456 0.0209829 0.0295277 0.598906
0 0.192087 0.147967 0.0193246 0.0368289 0.598785
0 0.215181 0.1592 0.0222541 0.0376548 0.597005
0 0.305768 0.623224 0.023679 0.041396 0.596296
0 0.116139 0.225166 0.0140076 0.0254692 0.594578
0 0.168199 0.802779 0.0229111 0.0366353 0.593494
0 0.352816 0.339984 0.0178815 0.0325918 0.591174
0 0.323314 0.235338 0.0218338 0.0359428 0.590884
0 0.0448207 0.822557 0.0231084 0.0366309 0.59016
0 0.330224 0.0691427 0.0233015 0.0420249 0.584387
0 0.343563 0.830146 0.0240161 0.0381214 0.583073
0 0.366469 0.482249 0.0155511 0.0232055 0.582606
0 0.27563 0.0157261 0.0225398 0.0313638 0.581241
0 0.4294 0.24911 0.0221373 0.0453254 0.581162
0 0.774584 0.642921 0.0162527 0.0305774 0.579227
0 0.716141 0.129372 0.0197449 0.0352759 0.574042
0 0.1848 0.562516 0.0258304 0.0435328 0.56811
0 0.365458 0.55037 0.013987 0.0279902 0.5681
0 0.534389 0.526636 0.0209767 0.0351508 0.567169
0 0.165351 0.0199119 0.0239431 0.0394076 0.566756
0 0.504068 0.863629 0.0198021 0.0324675 0.565552
0 0.662003 0.709417 0.0229003 0.0428082 0.564437
0 0.653851 0.0988262 0.0200665 0.0339787 0.564055
0 0.347668 0.192652 0.0169001 0.0304312 0.561044
0 0.919476 0.493244 0.0179672 0.0344517 0.559955
0 0.146441 0.833338 0.0271002 0.0457604 0.55858
0 0.305598 0.57047 0.0204762 0.0321689 0.558438
0 0.0788222 0.141925 0.0199895 0.0319851 0.557928
0 0.394673 0.629936 0.0251115 0.0426491 0.554751
0 0.382556 0.281336 0.0224075 0.0325949 0.553064
0 0.612563 0.0173749 0.0261587 0.0345111 0.548042
0 0.314486 0.1395 0.0204502 0.0322322 0.545922
0 0.436383 0.499286 0.0243345 0.0405553 0.545397
0 0.635951 0.0341683 0.0196537 0.0306689 0.543417
0 0.108872 0.311018 0.0191531 0.0418433 0.541606
0 0.0292486 0.851984 0.0174658 0.0319268 0.538693
0 0.190665 0.643137 0.0274292 0.054462 0.534547
0 0.528376 0.149471 0.0177891 0.0299568 0.529619
0 0.568574 0.144706 0.0165601 0.0284914 0.527671
0 0.940607 0.489795 0.0166592 0.0314808 0.522951
0 0.161298 0.361062 0.0129575 0.0234073 0.517398
0 0.463001 0.310106 0.0186907 0.0394417 0.515522
0 0.151872 0.900611 0.0215425 0.0386082 0.514724
0 0.402473 0.783031 0.0161238 0.0318115 0.510125
0 0.138125 0.222145 0.0181081 0.0303814 0.505079
0 0.029294 0.732081 0.0221308 0.0373758 0.503358
0 0.528688 0.0510819 0.0312587 0.0468592 0.503153
0 0.309051 0.406519 0.0178019 0.0292762 0.500374
0 0.765885 0.109706 0.0202641 0.0355787 0.500155
0 0.233778 0.34502 0.0185576 0.0357398 0.491688
0 0.1131 0.189322 0.0201074 0.0370242 0.488978
0 0.636967 0.727958 0.017963 0.0317244 0.488089
0 0.160069 0.206664 0.0144631 0.0283722 0.48594
0 0.333679 0.0209262 0.0201305 0.0368704 0.485348
0 0.0758974 0.566855 0.0176452 0.0350079 0.483774
0 0.476195 0.778993 0.0145242 0.0296495 0.482116
0 0.181658 0.989012 0.020899 0.0211722 0.47911
0 0.419244 0.659538 0.0195745 0.0318077 0.476639
0 0.0770873 0.976726 0.0318297 0.0440326 0.473527
0 0.553466 0.545025 0.0162674 0.030809 0.472109
0 0.127584 0.547533 0.0180028 0.0295041 0.469609
0 0.146679 0.768249 0.0180103 0.0330285 0.465246
0 0.176035 0.952176 0.0180979 0.0355136 0.46382
0 0.467614 0.523279 0.0298891 0.0515572 0.463654
0 0.0442295 0.443535 0.0225926 0.0375054 0.460966
0 0.690762 0.0765311 0.0172431 0.0332651 0.454319
0 0.586117 0.125921 0.0209323 0.0387813 0.453422
0 0.330392 0.206317 0.0173244 0.0281694 0.451854
0 0.164911 0.332205 0.0155467 0.027557 0.449201
0 0.377733 0.327668 0.0248245 0.0487515 0.448782
0 0.732677 0.679927 0.0162712 0.032781 0.447618
0 0.226088 0.23225 0.0188342 0.036432 0.446838
0 0.995188 0.396896 0.00962353 0.0544444 0.444615
0 0.1196 0.409823 0.0205401 0.0337702 0.442924
0 0.163043 0.287503 0.0149888 0.0332343 0.439787
0 0.180061 0.367038 0.0134315 0.0284232 0.435783
0 0.828296 0.432735 0.0234871 0.0398824 0.435007
0 0.985123 0.72763 0.0163847 0.0339155 0.435004
0 0.30392 0.808036 0.0171746 0.0297824 0.434402
0 0.462945 0.638541 0.0208506 0.0358589 0.434001
0 0.208738 0.556825 0.0188207 0.0358053 0.428974
0 0.835731 0.562621 0.0174337 0.0310659 0.426783
0 0.0432141 0.488468 0.0256846 0.0435896 0.426621
0 0.297627 0.710751 0.026871 0.0369683 0.425711
0 0.179354 0.292578 0.0187039 0.033066 0.425224
0 0.276613 0.567233 0.0219372 0.045875 0.423838
0 0.841824 0.602509 0.0246052 0.0405644 0.422434
0 0.252898 0.853041 0.0319658 0.0539798 0.421585
0 0.0277005 0.681975 0.0217449 0.0397222 0.419952
0 0.143624 0.0348266 0.0205812 0.0356813 0.418035
0 0.0914451 0.275183 0.0209184 0.0360463 0.416692
0 0.468071 0.409017 0.0237352 0.0434669 0.415891
0 0.552577 0.181003 0.0231532 0.0509159 0.413443
0 0.251911 0.781345 0.0233385 0.0407223 0.411968
0 0.256423 0.563171 0.0150743 0.0318534 0.409391
0 0.247881 0.0495107 0.0196249 0.033966 0.406759
0 0.00793876 0.969887 0.0150001 0.0205573 0.404728
0 0.446928 0.180973 0.0219339 0.0324785 0.403089
0 0.685526 0.730309 0.0189028 0.0366758 0.402728
0 0.202611 0.25794 0.0194344 0.0313377 0.401375
0 0.656897 0.839619 0.0175701 0.0382473 0.40095
0 0.327026 0.315698 0.0194134 0.0330703 0.39879
0 0.27698 0.576605 0.0221858 0.0415725 0.398444
0 0.141568 0.513823 0.0135207 0.023978 0.396886
0 0.352269 0.390832 0.0243561 0.0427507 0.396383
0 0.852358 0.179007 0.0144535 0.0290432 0.392372
0 0.0759163 0.642764 0.0133919 0.0235207 0.388327
0 0.471046 0.919815 0.0180685 0.0330999 0.387901
0 0.27735 0.253648 0.0171712 0.0225656 0.387629
0 0.663166 0.050779 0.0195841 0.031737 0.382735
0 0.140038 0.307308 0.0225794 0.0355769 0.381481
0 0.844254 0.608957 0.0202892 0.035492 0.380687
0 0.856307 0.223386 0.0172392 0.0316466 0.379485
0 0.665699 0.660526 0.0201724 0.0357454 0.377359
0 0.745956 0.567768 0.025128 0.041313 0.372102
0 0.124344 0.595082 0.0226412 0.0355769 0.370991
0 0.00792917 0.594848 0.0156296 0.0368067 0.370509
0 0.085087 0.0506485 0.0198708 0.0372543 0.369712
0 0.250592 0.281826 0.0188375 0.0256116 0.368973
0 0.375842 0.160532 0.0317481 0.0660425 0.363902
0 0.681599 0.865523 0.0200024 0.0366916 0.362305
0 0.179689 0.32991 0.0118993 0.0263079 0.359412
0 0.290924 0.152691 0.0163896 0.0316249 0.358545
0 0.364735 0.588577 0.0121573 0.0292285 0.356287
0 0.329597 0.421798 0.0183807 0.036359 0.351392
0 0.266572 0.15728 0.0180355 0.0284462 0.350586
0 0.281094 0.653025 0.0139257 0.0299506 0.350405
0 0.126156 0.543334 0.0189576 0.0339657 0.346824
0 0.618624 0.121554 0.0193089 0.0335494 0.346811
0 0.430934 0.605891 0.0167444 0.0301598 0.344954
0 0.40797 0.24959 0.0145916 0.0276627 0.343995
0 0.0455155 0.774806 0.0208011 0.0358843 0.343535
0 0.535753 0.36758 0.0269939 0.0365182 0.339695
0 0.0478451 0.550501 0.0229204 0.0376348 0.337869
0 0.13774 0.110224 0.0181453 0.0336632 0.332102
0 0.42649 0.747304 0.0196352 0.0428413 0.330479
0 0.157732 0.438076 0.017264 0.0310182 0.330277
0 0.0130038 0.487247 0.0215344 0.0269235 0.329324
0 0.861829 0.76731 0.0217209 0.0415578 0.328951
0 0.889767 0.606098 0.0232349 0.0368333 0.328855
0 0.643115 0.134369 0.0178808 0.0318749 0.327986
0 0.8833 0.417077 0.0198143 0.0340629 0.326544
0 0.592606 0.719024 0.017079 0.0268904 0.322163
0 0.529536 0.907916 0.0157003 0.031193 0.321387
0 0.171304 0.123691 0.0154332 0.0320835 0.320663
0 0.353302 0.879564 0.0181562 0.0279782 0.319217
0 0.335507 0.713169 0.0137791 0.019813 0.318905
0 0.427524 0.759833 0.0165569 0.0239336 0.318361
0 0.380025 0.144566 0.0239274 0.0420392 0.317242
0 0.724802 0.0782521 0.0214298 0.0351696 0.313845
0 0.417058 0.0874077 0.0243202 0.0416696 0.313575
0 0.362545 0.019746 0.0261661 0.0394921 0.312806
0 0.0637479 0.341158 0.0161267 0.0274467 0.312262
0 0.753445 0.658819 0.0187675 0.0357008 0.308583
0 0.526317 0.191968 0.0191839 0.0362668 0.307445
0 0.617698 0.302437 0.0185394 0.0319114 0.306693
0 0.707345 0.044818 0.0203402 0.0292569 0.30625
0 0.276398 0.55964 0.021123 0.0393251 0.306205
0 0.717336 0.481936 0.0184177 0.0316264 0.305594
0 0.299745 0.528668 0.0225673 0.0418098 0.304982
0 0.818935 0.283797 0.0207935 0.0377043 0.303812
0 0.425792 0.738495 0.0210003 0.0366862 0.303783
0 0.464465 0.148271 0.0200808 0.0346281 0.302866
0 0.294727 0.751246 0.0111436 0.024172 0.302698
0 0.834413 0.251865 0.0166611 0.0322221 0.302382
0 0.185583 0.103106 0.0157009 0.0266265 0.30101
0 0.554619 0.70428 0.0267049 0.0424189 0.300229
0 0.29645 0.666497 0.0115085 0.0266685 0.29947
0 0.607889 0.349714 0.022327 0.0399095 0.297328
0 0.477383 0.0330828 0.0296585 0.055942 0.29729
0 0.823578 0.142691 0.0183552 0.0334822 0.296185
0 0.296487 0.75337 0.0110633 0.0220754 0.295609
0 0.14317 0.988648 0.0253796 0.0215721 0.294224
0 0.538005 0.420879 0.0195353 0.0352008 0.293936
0 0.0372445 0.916508 0.0229771 0.0351671 0.292443
0 0.0677915 0.0330152 0.0136193 0.0274644 0.289652
0 0.601512 0.532887 0.0203789 0.0380478 0.289031
0 0.817698 0.618038 0.018433 0.0270142 0.288782
0 0.362732 0.446147 0.0131122 0.0312091 0.288695
0 0.0914349 0.661139 0.016337 0.0309266 0.288293
0 0.452999 0.0359995 0.0203863 0.039591 0.287894
0 0.191763 0.0292426 0.0242071 0.0413942 0.287264
0 0.277104 0.366057 0.0240352 0.0399161 0.286757
0 0.520801 0.246193 0.0116579 0.0191339 0.285533
0 0.391434 0.506961 0.0189406 0.0325843 0.282708
0 0.305206 0.268171 0.0187184 0.0285216 0.281123
0 0.816121 0.0472712 0.0204147 0.0329724 0.280459
0 0.0302312 0.987443 0.0209296 0.0237895 0.278415
0 0.883199 0.558781 0.0132481 0.0209989 0.278146
0 0.443467 0.295024 0.0181019 0.0304681 0.277502
0 0.936007 0.337978 0.0177046 0.033915 0.276875
0 0.216868 0.365062 0.0171401 0.0326084 0.276706
0 0.47587 0.590937 0.0170939 0.0283014 0.275262
0 0.356941 0.39264 0.0290494 0.0435626 0.274152
0 0.302708 0.04098 0.0230579 0.0372899 0.272652
0 0.577588 0.0785885 0.0237277 0.0379183 0.272182
0 0.57262 0.195464 0.0180634 0.0318105 0.270731
0 0.413374 0.379532 0.0276772 0.0454733 0.270087
0 0.27781 0.581983 0.0227496 0.0298496 0.269552
0 0.589928 0.0490144 0.021919 0.0330028 0.267999
0 0.15778 0.869024 0.0127337 0.0250434 0.267149
0 0.101323 0.0205708 0.0214417 0.0399412 0.265371
0 0.379133 0.155026 0.0257757 0.0627244 0.263817
0 0.83632 0.655759 0.0182045 0.0369985 0.259
0 0.896356 0.0883519 0.014645 0.0271933 0.2585
0 0.0391252 0.0552744 0.0199705 0.0438258 0.254894
0 0.275614 0.909955 0.0158121 0.0275957 0.253951
0 0.798883 0.521974 0.0188175 0.0401411 0.2535
0 0.244264 0.0152135 0.016084 0.0300264 0.252611
0 0.454767 0.708691 0.017474 0.038896 0.252491
0 0.472679 0.588572 0.0219578 0.0336663 0.251474
0 0.518981 0.688904 0.0234585 0.0595545 0.248088
0 0.612878 0.605945 0.0168974 0.03133 0.246508
0 0.577096 0.327993 0.0171782 0.0325089 0.246115
0 0.201693 0.22245 0.020365 0.0351493 0.244999
0 0.259831 0.710337 0.0215103 0.0336436 0.24477
0 0.993786 0.982588 0.0124289 0.0329816 0.244336
0 0.373682 0.239891 0.0233597 0.0355872 0.24373
0 0.748099 0.426415 0.0166204 0.0340091 0.242743
0 0.769895 0.583894 0.0190852 0.0284312 0.241758
0 0.164725 0.167107 0.0168538 0.0245134 0.24108
0 0.0528013 0.938763 0.0161762 0.024455 0.24094
0 0.401155 0.302114 0.0195012 0.0357397 0.240282
0 0.267154 0.668836 0.0203242 0.0331654 0.23917
0 0.441053 0.296985 0.0213919 0.0344476 0.237641
0 0.440025 0.1037 0.0118924 0.0227649 0.237465
0 0.540257 0.118692 0.0176441 0.0297524 0.236565
0 0.427372 0.754521 0.0197394 0.0346375 0.236027
0 0.0121494 0.677262 0.0152019 0.0377413 0.235733
0 0.677239 0.108487 0.0160571 0.0277808 0.233168
0 0.561122 0.273134 0.0167798 0.0274804 0.232822
0 0.762253 0.0641205 0.0164646 0.0316914 0.232802
0 0.0244687 0.950351 0.0167033 0.0341225 0.232673
0 0.40015 0.847527 0.0211037 0.0434699 0.229354
0 0.347092 0.605775 0.0126608 0.0242507 0.227624
0 0.426095 0.982242 0.0232994 0.0342975 0.227088
0 0.175937 0.401488 0.0190969 0.0296373 0.226589
0 0.820814 0.0808535 0.0211108 0.0342312 0.225657
0 0.276188 0.0911305 0.0206584 0.0333313 0.220889
0 0.0958443 0.230731 0.0188492 0.0327581 0.219432
0 0.154233 0.0660406 0.0171548 0.0306889 0.219224
0 0.226479 0.297349 0.0171451 0.0293488 0.219132
0 0.181852 0.296392 0.0159695 0.0311306 0.218939
0 0.202125 0.969823 0.0129195 0.0263567 0.21881
0 0.245281 0.410596 0.0170863 0.0360087 0.218064
0 0.896465 0.182457 0.0161658 0.0266493 0.21758
0 0.914432 0.670672 0.0181759 0.0330039 0.217441
0 0.238269 0.695295 0.0243395 0.0463248 0.217041
0 0.322762 0.697563 0.0167846 0.0283673 0.216499
0 0.435879 0.300766 0.0267951 0.0401089 0.215416
0 0.644749 0.279223 0.0194775 0.0337824 0.214838
0 0.0892259 0.10732 0.0171345 0.0311471 0.212541
0 0.679668 0.616873 0.0151556 0.0264395 0.212206
0 0.548376 0.466997 0.0179686 0.0373764 0.211271
0 0.358627 0.303523 0.0186943 0.0252852 0.21098
0 0.930656 0.616926 0.0164494 0.0312207 0.21088
0 0.992221 0.858612 0.0155588 0.0298998 0.210338
0 0.310551 0.458793 0.0253902 0.033872 0.210047
0 0.735583 0.538963 0.0129215 0.0276698 0.209864
0 0.65981 0.442508 0.016543 0.0310265 0.209428
0 0.876411 0.234181 0.0122392 0.024737 0.209302
0 0.026217 0.953518 0.0174574 0.0333405 0.20889
0 0.764749 0.0181845 0.020084 0.0333871 0.206598
0 0.574003 0.327997 0.0140112 0.0317088 0.206127
0 0.90384 0.714131 0.0168232 0.032902 0.205885
0 0.508532 0.019378 0.0166972 0.0267163 0.205736
0 0.901358 0.0116522 0.0171066 0.022928 0.20513
0 0.898172 0.146506 0.0135506 0.0318262 0.204483
0 0.147333 0.183404 0.0162952 0.0317765 0.20426
0 0.858012 0.531651 0.0228767 0.0379969 0.203135
0 0.314938 0.458898 0.0223077 0.0313285 0.20309
0 0.0226939 0.0258685 0.0194923 0.030235 0.203043
0 0.135307 0.948882 0.0197545 0.0472087 0.202811
0 0.389851 0.285998 0.0124837 0.0277896 0.198295
0 0.896049 0.653641 0.0183632 0.0273792 0.198051
0 0.846636 0.393878 0.0184282 0.0318412 0.197888
0 0.417646 0.310703 0.0172174 0.0457062 0.197406
0 0.318536 0.749796 0.0193082 0.0289282 0.19507
0 0.126765 0.812546 0.0157556 0.0308384 0.194828
0 0.272594 0.31932 0.0161701 0.0296139 0.192626
0 0.510338 0.223019 0.0143538 0.0229296 0.192552
0 0.582966 0.329537 0.0184192 0.0302589 0.192205
0 0.682169 0.430186 0.0198362 0.0288494 0.19122
0 0.180866 0.698289 0.0170565 0.0264948 0.19074
0 0.610874 0.672457 0.0141741 0.0278746 0.189534
0 0.666707 0.0164174 0.0137821 0.0271581 0.189129
0 0.120503 0.598993 0.0288213 0.0400749 0.188938
0 0.269335 0.957894 0.017685 0.0304448 0.188026
0 0.340842 0.161711 0.0241347 0.0283861 0.186353
0 0.723441 0.716764 0.0172478 0.0293118 0.186122
0 0.328658 0.578101 0.0184937 0.0314354 0.185781
0 0.255863 0.901178 0.0169484 0.0229787 0.183861
0 0.307452 0.00644251 0.0191623 0.012885 0.183291
0 0.0844234 0.047707 0.0165285 0.0287651 0.182839
0 0.402128 0.307852 0.0200649 0.0454214 0.181311
0 0.40608 0.73964 0.0155911 0.0369702 0.180663
0 0.0197878 0.677366 0.0296548 0.0383457 0.18057
0 0.140423 0.272762 0.0230852 0.0340626 0.180181
0 0.880168 0.161385 0.0151302 0.0220632 0.178828
0 0.173058 0.12007 0.0149103 0.0310624 0.178242
0 0.395351 0.236575 0.0182633 0.0370247 0.176912
0 0.869091 0.713651 0.00962429 0.024176 0.175644
0 0.780155 0.193634 0.0140954 0.0284579 0.175053
0 0.995865 0.231841 0.00827045 0.0270324 0.17189
0 0.177395 0.947733 0.0197576 0.0324623 0.171572
0 0.303555 0.771721 0.0157672 0.0239376 0.171549
0 0.694616 0.517968 0.0246212 0.0545501 0.169927
0 0.360464 0.298965 0.0181286 0.0206884 0.169096
0 0.337065 0.71528 0.0151241 0.0218113 0.168581
0 0.617504 0.266399 0.0159194 0.0221902 0.168311
0 0.492905 0.523342 0.0163509 0.0276436 0.166873
0 0.471226 0.413693 0.0258254 0.043898 0.16629
0 0.251748 0.227934 0.0206957 0.0292746 0.166098
0 0.289385 0.989075 0.017988 0.0216305 0.16548
0 0.195236 0.661205 0.0242373 0.0310579 0.165398
0 0.3157 0.74691 0.0181518 0.0245589 0.16497
0 0.141041 0.312215 0.0215683 0.0357611 0.163631
0 0.600779 0.753007 0.0227376 0.0347037 0.163509
0 0.789367 0.0329803 0.0172559 0.032045 0.161961
0 0.491784 0.777039 0.013225 0.0395846 0.161339
0 0.267375 0.675329 0.0194837 0.027199 0.16099
0 0.194202 0.785047 0.018627 0.0272464 0.160765
0 0.561852 0.035635 0.019381 0.0271321 0.158295
0 0.144981 0.327958 0.0156557 0.0204473 0.15811
0 0.466161 0.680035 0.0173718 0.0289211 0.158015
0 0.203401 0.294436 0.0130707 0.02223 0.15795
0 0.248935 0.278636 0.0201718 0.0308763 0.157852
0 0.881575 0.706103 0.0150757 0.0306541 0.157702
0 0.818895 0.0134674 0.0144339 0.0172225 0.157081
0 0.712645 0.0107617 0.022287 0.0215234 0.156681
0 0.348498 0.227744 0.0129226 0.0210909 0.156272
0 0.685774 0.0276829 0.0164429 0.0250207 0.156255
0 0.696169 0.123865 0.0167149 0.0311397 0.155153
0 0.587366 0.329881 0.0132002 0.0283289 0.154351
0 0.227017 0.548321 0.0144671 0.0261088 0.154177
0 0.584141 0.129645 0.0207845 0.0379158 0.152934
0 0.314252 0.106651 0.01281 0.02089 0.152431
0 0.156692 0.19645 0.0117921 0.0239316 0.151083
0 0.593613 0.182966 0.0222404 0.0400404 0.150522
0 0.228645 0.800643 0.0178828 0.0257619 0.15049
0 0.97628 0.919853 0.0285854 0.0501282 0.150359
0 0.265279 0.66449 0.0185239 0.0349687 0.149744
0 0.427569 0.798556 0.0149199 0.0267668 0.149684
0 0.331972 0.618602 0.0183221 0.0262126 0.149371
0 0.0933539 0.392816 0.019081 0.0216521 0.149184
0 0.300518 0.765655 0.0133061 0.0228092 0.14874
0 0.33773 0.733657 0.0142355 0.0201667 0.148083
0 0.834602 0.183695 0.014799 0.0331805 0.147779
0 0.215257 0.462053 0.014916 0.0312061 0.147696
0 0.166379 0.760203 0.0183136 0.0317873 0.147395
0 0.22797 0.796583 0.0190851 0.0360389 0.147277
0 0.369704 0.621258 0.0164849 0.0254363 0.145829
0 0.153356 0.399342 0.0110038 0.0267622 0.145504
0 0.688756 0.0729632 0.0177942 0.0358161 0.144906
0 0.325727 0.889053 0.0188536 0.0206462 0.14459
0 0.199261 0.662824 0.0188438 0.0279578 0.144352
0 0.127416 0.191105 0.0122791 0.0264109 0.142286
0 0.406773 0.387923 0.0236223 0.0408362 0.141762
0 0.337583 0.72697 0.0158014 0.0232527 0.1417
0 0.143405 0.32232 0.0173305 0.0283465 0.140438
0 0.57475 0.0752081 0.0238283 0.0426721 0.140159
0 0.277888 0.36457 0.0174385 0.0345541 0.139067
0 0.203847 0.402024 0.0156503 0.0199215 0.137947
0 0.326727 0.893077 0.0194543 0.024488 0.137744
0 0.573575 0.00812124 0.0276598 0.0151903 0.137671
0 0.200269 0.374967 0.0139406 0.0262738 0.136198
0 0.23382 0.984265 0.0232063 0.0282817 0.134189
0 0.616106 0.492285 0.0214096 0.0365076 0.13384
0 0.203952 0.401872 0.0185015 0.0245231 0.13369
0 0.0524996 0.976871 0.0143251 0.0393131 0.133344
0 0.781745 0.608826 0.0178549 0.0329954 0.132269
0 0.409784 0.385211 0.0298452 0.0453432 0.131795
0 0.162895 0.163012 0.0178474 0.0292994 0.131006
0 0.431142 0.303558 0.0212603 0.0414436 0.129558
0 0.2261 0.0394812 0.0194241 0.0329635 0.129482
0 0.995028 0.076504 0.00994377 0.0395363 0.129106
0 0.257043 0.143096 0.0115756 0.0267866 0.128493
0 0.373622 0.85081 0.0168269 0.0288908 0.127319
0 0.392138 0.471486 0.019508 0.0270891 0.127167
0 0.310825 0.666238 0.0169121 0.0258895 0.127048
0 0.0889381 0.356374 0.0253253 0.0406499 0.126816
0 0.176111 0.249623 0.0231345 0.0372127 0.1267
0 0.0341727 0.964629 0.0128745 0.0232144 0.125968
0 0.406176 0.246559 0.0153583 0.0329158 0.124851
0 0.890963 0.373247 0.0115992 0.0224733 0.124629
0 0.719267 0.174289 0.0198483 0.0344191 0.124479
0 0.112639 0.65058 0.0248496 0.0357376 0.124069
0 0.805074 0.00804509 0.0173538 0.0160902 0.123916
0 0.229386 0.861823 0.00960665 0.0284227 0.123807
0 0.237061 0.989495 0.0197317 0.020362 0.12363
0 0.302874 0.299511 0.0185339 0.0301911 0.12332
0 0.222757 0.782019 0.0285113 0.0479023 0.122542
0 0.836277 0.0119591 0.0142282 0.0216777 0.122241
0 0.644964 0.180768 0.011985 0.0289166 0.121906
0 0.129054 0.551005 0.0167277 0.0265942 0.120924
0 0.0958387 0.172817 0.0147918 0.0309752 0.120634
0 0.0248773 0.193208 0.0301637 0.0608215 0.120247
0 0.736904 0.00553095 0.0172044 0.0110619 0.119515
0 0.314466 0.104807 0.0155059 0.0251322 0.119226
0 0.46736 0.146868 0.0266661 0.0378131 0.118539
0 0.726035 0.0866187 0.0206179 0.0318537 0.118018
0 0.177488 0.243224 0.0236734 0.0479036 0.118002
0 0.979062 0.407147 0.0162792 0.0302343 0.117955
0 0.477568 0.96341 0.0186348 0.036793 0.117866
0 0.65598 0.750926 0.0180686 0.0296434 0.116928
0 0.341435 0.167408 0.0205902 0.0220896 0.116888
0 0.265282 0.41072 0.0119515 0.031376 0.116761
0 0.361144 0.304079 0.0168867 0.0231567 0.116573
0 0.0611931 0.898411 0.0165634 0.031338 0.116109
0 0.226406 0.0326293 0.0210037 0.0371473 0.115301
0 0.21391 0.593055 0.014287 0.0271442 0.114579
0 0.611915 0.0717391 0.0166487 0.0258556 0.114522
0 0.261813 0.0911436 0.0166782 0.0334224 0.114297
0 0.17938 0.370233 0.0163613 0.0324866 0.113986
0 0.250793 0.162792 0.0125508 0.0229399 0.113736
0 0.967402 0.317049 0.0147751 0.026702 0.113669
0 0.894422 0.185787 0.0174492 0.0287446 0.11347
0 0.259642 0.1478 0.0107111 0.0256171 0.113312
0 0.37241 0.177237 0.0244882 0.0351583 0.113042
0 0.185473 0.881542 0.0155712 0.0274329 0.112653
0 0.162221 0.331326 0.0159266 0.0290038 0.112302
0 0.49202 0.495222 0.0222782 0.0387144 0.1122
0 0.11713 0.189676 0.0201523 0.0341707 0.112049
0 0.991276 0.308306 0.0174482 0.0297081 0.111314
0 0.401908 0.0926852 0.0124658 0.0258537 0.11061
0 0.2271 0.0266972 0.0209351 0.0280753 0.110041
0 0.281596 0.827352 0.0232077 0.0357107 0.109491
0 0.0398273 0.880952 0.0174349 0.0294342 0.109027
0 0.31829 0.372954 0.0147729 0.0306371 0.108208
0 0.37093 0.2418 0.0199205 0.028588 0.107907
0 0.40897 0.249458 0.0170993 0.0341928 0.107822
0 0.595556 0.309246 0.015403 0.0270734 0.107228
0 0.191201 0.303938 0.0112258 0.0213424 0.105702
0 0.361989 0.395311 0.0266958 0.042729 0.105473
0 0.40035 0.240318 0.0187748 0.0355706 0.105162
0 0.694837 0.820072 0.023452 0.0453739 0.104516
0 0.427894 0.305988 0.0211805 0.0422585 0.104195
0 0.592525 0.233602 0.0194864 0.0307578 0.103795
0 0.749212 0.624178 0.0186199 0.0361277 0.103231
0 0.724049 0.802489 0.0249639 0.0510871 0.102928
0 0.420269 0.308595 0.0181812 0.046165 0.102571
0 0.680767 0.98139 0.0215831 0.0363923 0.10098
0 0.249851 0.16632 0.0146347 0.0221075 0.100809
0 0.541742 0.662122 0.0229932 0.0446311 0.100666
0 0.906829 0.361555 0.0164585 0.0299969 0.100604
0 0.382609 0.897806 0.0191521 0.0315345 0.100327
0 0.0736685 0.569017 0.020215 0.040357 0.100247
