0 0.266154 0.107518 0.0252521 0.0455781 0.704203
0 0.133812 0.455624 0.0218014 0.0346629 0.667126
0 0.416591 0.824386 0.0411125 0.0563602 0.664389
0 0.00682444 0.881741 0.0136489 0.0279544 0.66356
0 0.437523 0.454494 0.021653 0.035356 0.657167
0 0.0234426 0.438036 0.0251122 0.0409947 0.655544
0 0.299946 0.841605 0.0191893 0.0318575 0.64813
0 0.491997 0.567053 0.0159792 0.0321733 0.647543
0 0.575089 0.712017 0.0234467 0.0449761 0.644836
0 0.662256 0.606392 0.0201815 0.0442196 0.644678
0 0.418229 0.164112 0.0158146 0.0286942 0.643224
0 0.478259 0.775918 0.0195958 0.0348403 0.641405
0 0.544527 0.355009 0.0185645 0.0335136 0.639875
0 0.175817 0.129875 0.0176091 0.0327468 0.639043
0 0.0180606 0.358642 0.0178987 0.0319815 0.638478
0 0.0247178 0.9328 0.017836 0.0341657 0.633072
0 0.484188 0.469642 0.0172274 0.0298028 0.632729
0 0.373784 0.464401 0.0159731 0.0295327 0.631091
0 0.310783 0.10126 0.0202598 0.0355982 0.63068
0 0.359756 0.286524 0.018617 0.0331173 0.63042
0 0.457725 0.159736 0.0227397 0.0421565 0.6304
0 0.319466 0.251248 0.0149769 0.0292443 0.629038
0 0.577992 0.46422 0.0217379 0.0422801 0.627587
0 0.372412 0.52375 0.0184549 0.0357555 0.627128
0 0.207999 0.463258 0.0207325 0.0331221 0.625847
0 0.330959 0.689804 0.0256057 0.040957 0.623857
0 0.345853 0.0224618 0.021838 0.0420122 0.622782
0 0.511438 0.659615 0.0169815 0.0308693 0.622759
0 0.486343 0.904158 0.0196888 0.0314958 0.621578
0 0.390711 0.508469 0.0152836 0.0314969 0.620992
0 0.481357 0.814222 0.0176869 0.0287832 0.619156
0 0.0135141 0.397512 0.0184677 0.0299489 0.618772
0 0.303257 0.0228704 0.0211416 0.0373329 0.61716
0 0.437576 0.408619 0.0128723 0.0287231 0.617014
0 0.210536 0.633244 0.0200011 0.0331239 0.616184
0 0.248681 0.280858 0.0275147 0.0497769 0.613183
0 0.132621 0.656995 0.0135121 0.0272315 0.612055
0 0.435094 0.14972 0.0168684 0.0369008 0.610545
0 0.464005 0.552576 0.0140772 0.0292119 0.609631
0 0.233667 0.646199 0.0219172 0.045914 0.607954
0 0.176087 0.665588 0.0156128 0.0260543 0.607525
0 0.271058 0.237986 0.0167006 0.0319065 0.606318
0 0.190975 0.252472 0.0227191 0.0387555 0.603509
0 0.483846 0.735004 0.0169039 0.0303877 0.60184
0 0.0255025 0.886899 0.0152708 0.0230577 0.600753
0 0.460309 0.416401 0.0199048 0.0387826 0.600744
0 0.295563 0.243235 0.0135813 0.0296131 0.600045
0 0.232294 0.375699 0.0141918 0.025946 0.598957
0 0.463726 0.90158 0.0173941 0.0322944 0.595906
0 0.163696 0.24092 0.0206725 0.0384016 0.594573
0 0.092764 0.153798 0.0182884 0.030319 0.594251
0 0.682474 0.915113 0.0221228 0.0348802 0.593767
0 0.0602128 0.387216 0.0136574 0.0334841 0.591159
0 0.483718 0.68582 0.0193593 0.0392862 0.588312
0 0.464768 0.365276 0.0213221 0.0300142 0.58759
0 0.336361 0.0996439 0.0170473 0.0303087 0.585782
0 0.0662202 0.198996 0.0176295 0.0318116 0.583901
0 0.00773512 0.312049 0.0144136 0.0311744 0.583508
0 0.187655 0.455233 0.0146218 0.0295975 0.583431
0 0.380119 0.28813 0.0131781 0.0297911 0.582663
0 0.351176 0.427358 0.0151137 0.0306145 0.581966
0 0.571811 0.768829 0.0165276 0.0268682 0.581441
0 0.455907 0.258674 0.0168035 0.0310627 0.58049
0 0.778175 0.927039 0.0184639 0.0347839 0.58025
0 0.505941 0.914122 0.0166367 0.0302839 0.580134
0 0.251688 0.371792 0.0138311 0.0255549 0.58003
0 0.642004 0.96834 0.0167392 0.0280188 0.579394
0 0.265388 0.340876 0.0156892 0.0283387 0.575688
0 0.676025 0.95046 0.0164831 0.0265827 0.574727
0 0.442708 0.952489 0.0177902 0.0322055 0.573237
0 0.0690347 0.865461 0.0168894 0.0244843 0.572111
0 0.570928 0.417998 0.0189695 0.0363056 0.57088
0 0.357292 0.708508 0.017783 0.0399977 0.570788
0 0.117022 0.491982 0.0155327 0.0284629 0.570702
0 0.354677 0.883366 0.0161032 0.0252981 0.570041
0 0.333287 0.172193 0.0193133 0.0291854 0.568987
0 0.65282 0.939091 0.0165675 0.0280758 0.568088
0 0.149991 0.04461 0.0173514 0.0325387 0.567745
0 0.927177 0.0184162 0.0198444 0.0341998 0.567249
0 0.103139 0.86125 0.0150787 0.0255008 0.565352
0 0.381947 0.0741434 0.0141727 0.0268721 0.565296
0 0.133165 0.530205 0.0181585 0.0344698 0.564371
0 0.084341 0.194039 0.0146648 0.0286428 0.564307
0 0.433522 0.621521 0.0191639 0.0325145 0.562905
0 0.224059 0.182276 0.0180674 0.0308329 0.562179
0 0.638023 0.803554 0.0205744 0.0352607 0.561761
0 0.0997229 0.082798 0.0163651 0.0305868 0.560727
0 0.156256 0.664481 0.0124377 0.0270657 0.559601
0 0.121412 0.281747 0.0150009 0.0259288 0.559017
0 0.480998 0.846722 0.0175824 0.0273797 0.558809
0 0.27629 0.924923 0.0216687 0.0369317 0.558375
0 0.611679 0.46913 0.0174461 0.0317711 0.556324
0 0.653251 0.844022 0.0161765 0.0266134 0.555933
0 0.568323 0.593057 0.015304 0.0283437 0.554747
0 0.951684 0.129174 0.0153835 0.0342471 0.554271
0 0.447386 0.11902 0.0150133 0.027552 0.552626
0 0.437032 0.251319 0.0138902 0.0256802 0.552415
0 0.121299 0.723231 0.0128773 0.0291985 0.551818
0 0.502536 0.739735 0.0151322 0.0247023 0.551579
0 0.0562072 0.681127 0.01506 0.0262314 0.551485
0 0.223441 0.509944 0.0129952 0.0244823 0.550451
0 0.3355 0.576107 0.0289584 0.0441957 0.54999
0 0.219856 0.74065 0.0173231 0.0311252 0.548872
0 0.507936 0.472248 0.0257181 0.0493986 0.547612
0 0.342028 0.247823 0.0136136 0.0280825 0.546606
0 0.0725577 0.114295 0.0184793 0.0334807 0.546303
0 0.167969 0.188067 0.0182669 0.0400906 0.542509
0 0.611771 0.980909 0.0221966 0.0327998 0.542372
0 0.105317 0.636337 0.0140444 0.0272591 0.539923
0 0.376708 0.195776 0.0176887 0.0330925 0.537735
0 0.138691 0.181975 0.0140296 0.027793 0.537589
0 0.462787 0.210024 0.014448 0.0302892 0.537344
0 0.619238 0.919259 0.0236511 0.0379436 0.536352
0 0.313707 0.805656 0.0174437 0.0339254 0.533812
0 0.0281995 0.669524 0.0153812 0.0259701 0.532747
0 0.242702 0.835644 0.0124402 0.0241006 0.532257
0 0.0891856 0.339749 0.0148201 0.0355987 0.532052
0 0.0661264 0.60153 0.0153493 0.0254227 0.531083
0 0.232751 0.336403 0.0179366 0.0290616 0.530645
0 0.0481799 0.593497 0.0161431 0.030009 0.530239
0 0.537102 0.84691 0.0182819 0.0341554 0.529528
0 0.311317 0.0561478 0.0193602 0.0259462 0.527281
0 0.0759421 0.386345 0.0112641 0.0296227 0.525604
0 0.176118 0.542992 0.0171999 0.0286466 0.52457
0 0.275391 0.187621 0.0209851 0.034587 0.524427
0 0.396209 0.285206 0.0139267 0.0240767 0.523921
0 0.0286974 0.578932 0.0178249 0.0341583 0.521531
0 0.45671 0.674847 0.0165615 0.031035 0.51865
0 0.0409902 0.548424 0.0123484 0.0291726 0.518494
0 0.151822 0.2021 0.0154472 0.0299794 0.517301
0 0.168279 0.46184 0.0148653 0.0239536 0.517252
0 0.26954 0.815708 0.015164 0.0271635 0.516179
0 0.24201 0.732833 0.0180559 0.0286926 0.515736
0 0.32716 0.984529 0.0170708 0.0286716 0.515583
0 0.524108 0.760332 0.0278708 0.0526645 0.5155
0 0.415311 0.510533 0.0150708 0.0291947 0.514372
0 0.222823 0.416802 0.0123004 0.0278048 0.514268
0 0.266182 0.84423 0.0154874 0.0245617 0.512686
0 0.276588 0.746189 0.0135864 0.0274109 0.512005
0 0.201084 0.338934 0.0173783 0.032682 0.510086
0 0.423744 0.392029 0.0112101 0.0227202 0.508915
0 0.241065 0.121502 0.0201665 0.0335158 0.508777
0 0.402011 0.0608415 0.0203814 0.0342871 0.508176
0 0.445605 0.540337 0.0153179 0.0302755 0.50776
0 0.825681 0.107176 0.0158733 0.028712 0.507151
0 0.0682386 0.488513 0.017312 0.0327068 0.506884
0 0.523584 0.887331 0.0143379 0.0248643 0.50615
0 0.311205 0.897398 0.0178095 0.0311913 0.504047
0 0.261273 0.742226 0.0141956 0.0284724 0.503375
0 0.112758 0.529285 0.0139789 0.0290552 0.502545
0 0.116282 0.110691 0.0192502 0.0361523 0.502273
0 0.204524 0.596558 0.0179376 0.0287962 0.501861
0 0.405793 0.0618529 0.0278046 0.0370276 0.499128
0 0.576741 0.949792 0.020575 0.0329631 0.498919
0 0.5017 0.862661 0.0225688 0.033709 0.497504
0 0.0850484 0.850521 0.0120423 0.0243417 0.49733
0 0.933962 0.242859 0.0211502 0.0416884 0.496978
0 0.00736405 0.50827 0.0140735 0.0264737 0.496942
0 0.289869 0.7999 0.0169855 0.0246977 0.495543
0 0.188301 0.511137 0.015496 0.0327645 0.492185
0 0.425924 0.950414 0.0137482 0.0260769 0.491592
0 0.23585 0.58804 0.0150226 0.0247802 0.491457
0 0.276111 0.960802 0.0140572 0.0277944 0.489208
0 0.517017 0.583665 0.0106983 0.025434 0.488275
0 0.390076 0.338064 0.0161554 0.0309507 0.487927
0 0.585707 0.585235 0.0150809 0.027243 0.487721
0 0.381574 0.120282 0.0215281 0.0386818 0.486646
0 0.967967 0.0852901 0.0174945 0.0262276 0.484529
0 0.425407 0.547159 0.0159866 0.0266988 0.482609
0 0.584365 0.542576 0.0171349 0.0329949 0.482114
0 0.223488 0.55727 0.0194982 0.0313079 0.481718
0 0.363102 0.133316 0.0124212 0.032254 0.481679
0 0.0416147 0.256739 0.0151206 0.0285554 0.481646
0 0.417017 0.13029 0.0138667 0.0267656 0.479243
0 0.451746 0.753948 0.0191902 0.0341335 0.478902
0 0.680656 0.880978 0.0164902 0.0280348 0.478623
0 0.0465095 0.774389 0.012196 0.0221151 0.475863
0 0.0559905 0.895718 0.0171162 0.0327962 0.475847
0 0.0266738 0.83835 0.013014 0.0254669 0.474849
0 0.316544 0.860787 0.0133802 0.0218916 0.474516
0 0.437789 0.691945 0.0171978 0.0315554 0.474452
0 0.33419 0.841259 0.0154003 0.0307923 0.474201
0 0.504104 0.244893 0.0161948 0.0349763 0.472978
0 0.423438 0.355807 0.0164861 0.0276943 0.471567
0 0.056519 0.126837 0.0134384 0.0281984 0.47003
0 0.280351 0.322896 0.014263 0.0264778 0.46966
0 0.174648 0.374098 0.0191981 0.0366197 0.469363
0 0.768884 0.959577 0.0153893 0.0317869 0.468953
0 0.958225 0.31145 0.0150665 0.0263558 0.468805
0 0.26037 0.639023 0.0172575 0.0282249 0.468239
0 0.702292 0.955296 0.0137455 0.0234221 0.467627
0 0.991569 0.290823 0.0168617 0.0338171 0.467341
0 0.427913 0.100523 0.0145861 0.0242336 0.466626
0 0.450528 0.225051 0.0161722 0.0256159 0.463303
0 0.495981 0.966963 0.0172201 0.0239549 0.463081
0 0.0062548 0.0361306 0.0125096 0.0351261 0.46211
0 0.280411 0.775337 0.0105565 0.0218011 0.460348
0 0.089198 0.0444813 0.0105349 0.0247045 0.459329
0 0.201594 0.0614698 0.0207995 0.0333206 0.459206
0 0.215432 0.368066 0.0124575 0.0205517 0.459034
0 0.520313 0.841552 0.012636 0.0265113 0.458023
0 0.75713 0.885254 0.0174703 0.0347548 0.457586
0 0.954278 0.369621 0.013847 0.0270871 0.457282
0 0.642173 0.625252 0.0199268 0.0369008 0.45704
0 0.1863 0.581674 0.0125413 0.0252106 0.455082
0 0.563313 0.89027 0.0146849 0.0263445 0.452724
0 0.205479 0.964352 0.0187673 0.0326303 0.449635
0 0.969434 0.348565 0.017903 0.0341046 0.448585
0 0.333268 0.419241 0.0134682 0.0244602 0.446416
0 0.40717 0.946764 0.0127644 0.0209599 0.446177
0 0.48006 0.941066 0.014838 0.0194274 0.440457
0 0.0865873 0.279169 0.0228345 0.0348969 0.439987
0 0.149258 0.255474 0.013499 0.0263273 0.438458
0 0.00784064 0.658647 0.0155236 0.0283599 0.437848
0 0.253849 0.508417 0.0138906 0.0229609 0.437346
0 0.346151 0.91776 0.0146602 0.0262241 0.434956
0 0.415484 0.240246 0.0123478 0.0184246 0.434025
0 0.0416282 0.46795 0.0110572 0.024117 0.433525
0 0.493726 0.376358 0.0174562 0.0279444 0.432796
0 0.680041 0.821908 0.0146938 0.0268865 0.42882
0 0.252523 0.952575 0.013637 0.0231323 0.428776
0 0.084154 0.917599 0.0161436 0.0283738 0.428521
0 0.540151 0.712202 0.0199511 0.0370734 0.428436
0 0.153841 0.299295 0.0229574 0.0490075 0.428215
0 0.143237 0.885944 0.0172296 0.0299544 0.427286
0 0.494562 0.337909 0.0196187 0.0336099 0.427176
0 0.0414084 0.713629 0.0182208 0.040783 0.4268
0 0.231921 0.967498 0.016281 0.02852 0.426784
0 0.10729 0.815403 0.012799 0.0210713 0.426664
0 0.243328 0.0741603 0.0278749 0.0437662 0.426515
0 0.0776201 0.151692 0.0104417 0.0247079 0.426358
0 0.365581 0.958757 0.0147696 0.0245551 0.42465
0 0.141839 0.840756 0.0197137 0.032636 0.423466
0 0.650067 0.893638 0.0271077 0.0437641 0.422308
0 0.791835 0.972996 0.0236856 0.0390554 0.421098
0 0.464658 0.586245 0.0108622 0.017678 0.4198
0 0.157241 0.572386 0.0119765 0.0249244 0.419241
0 0.0558329 0.643642 0.0138158 0.0219237 0.418884
0 0.67875 0.686662 0.020183 0.0355037 0.417846
0 0.170007 0.0627367 0.0129767 0.0253301 0.417828
0 0.389636 0.256255 0.0143594 0.0200832 0.417372
0 0.626616 0.49916 0.0169251 0.0220796 0.417334
0 0.414577 0.278651 0.0134939 0.0267108 0.417064
0 0.304625 0.318061 0.021575 0.0363783 0.414087
0 0.0805979 0.982316 0.0221193 0.0340758 0.413443
0 0.389625 0.41924 0.0181294 0.0358727 0.412703
0 0.393237 0.162239 0.0207379 0.0298386 0.411957
0 0.854373 0.0694749 0.0199615 0.0400697 0.409071
0 0.0429572 0.897287 0.0134638 0.0290325 0.408855
0 0.125165 0.0767844 0.0170722 0.0277946 0.405283
0 0.16439 0.426948 0.0271267 0.0474133 0.403364
0 0.0371889 0.0424269 0.0183795 0.0278435 0.403117
0 0.251916 0.900843 0.0136682 0.0221313 0.40179
0 0.501722 0.795646 0.0150451 0.0269176 0.400673
0 0.0239545 0.0997123 0.0287788 0.0583781 0.400559
0 0.213963 0.0225784 0.016021 0.0221685 0.400219
0 0.60283 0.591389 0.0130293 0.0246557 0.398318
0 0.411457 0.415273 0.0158978 0.0280451 0.398214
0 0.307579 0.148741 0.0139997 0.0278971 0.397366
0 0.559225 0.98214 0.019404 0.03182 0.396851
0 0.489582 0.286964 0.0171279 0.03022 0.395854
0 0.0858847 0.628581 0.0201558 0.0316852 0.395848
0 0.323289 0.484221 0.0145972 0.0282293 0.392356
0 0.0947913 0.388007 0.0224247 0.0417706 0.390724
0 0.32953 0.415868 0.0145079 0.0279026 0.389321
0 0.370013 0.919436 0.0120152 0.0234036 0.388676
0 0.181101 0.763885 0.0225394 0.0324549 0.388443
0 0.0549512 0.0570148 0.0204445 0.0425695 0.388054
0 0.183853 0.0534566 0.0125788 0.0343708 0.385863
0 0.161327 0.512191 0.0175659 0.0290785 0.385494
0 0.208143 0.772929 0.0134592 0.0238103 0.385415
0 0.226322 0.0435125 0.0180552 0.0327561 0.385028
0 0.536233 0.600406 0.0178764 0.0346709 0.384883
0 0.117379 0.908984 0.0126174 0.0271383 0.38336
0 0.109624 0.343291 0.0165872 0.0313889 0.383259
0 0.223202 0.858296 0.0166626 0.0284515 0.382226
0 0.00404744 0.0846777 0.00805429 0.0297346 0.380682
0 0.475078 0.327571 0.0155697 0.0275409 0.379294
0 0.128866 0.0159997 0.0163657 0.0311952 0.378659
0 0.526652 0.439612 0.0163579 0.0237098 0.37852
0 0.358569 0.0890852 0.0140971 0.0323713 0.378477
0 0.387197 0.963497 0.0171143 0.0307309 0.376844
0 0.3909 0.466412 0.0140891 0.0244348 0.376018
0 0.00280554 0.364954 0.00561107 0.0255583 0.374455
0 0.483466 0.636557 0.02075 0.0324582 0.373219
0 0.55462 0.934932 0.0174004 0.0324327 0.372456
0 0.0958379 0.482726 0.017739 0.0306072 0.372214
0 0.152876 0.757948 0.0156093 0.0298289 0.372059
0 0.545398 0.898765 0.0140363 0.0250319 0.372011
0 0.185308 0.171555 0.0106588 0.0298403 0.371241
0 0.220182 0.69329 0.014183 0.0264806 0.370624
0 0.159756 0.0124023 0.0156893 0.0243423 0.366594
0 0.410226 0.0653534 0.0243082 0.03793 0.364373
0 0.00740214 0.575486 0.0144581 0.0314728 0.363676
0 0.453663 0.778749 0.0184023 0.0255351 0.36339
0 0.872014 0.0557477 0.0189266 0.0364362 0.363183
0 0.242287 0.549722 0.0113736 0.0287578 0.362426
0 0.889875 0.170227 0.0210278 0.0368506 0.36197
0 0.44445 0.883197 0.016218 0.0304447 0.361908
0 0.2349 0.784304 0.0144256 0.0232635 0.361836
0 0.141801 0.72812 0.0138591 0.02054 0.361706
0 0.399223 0.221639 0.0146239 0.0254582 0.361286
0 0.947808 0.0570615 0.0326237 0.0559282 0.361076
0 0.71149 0.881724 0.0196219 0.0415678 0.359423
0 0.0436137 0.511854 0.0233831 0.0360799 0.358972
0 0.279252 0.0591836 0.0187388 0.0392936 0.358258
0 0.22001 0.791468 0.0128344 0.0219976 0.357985
0 0.0238155 0.0374243 0.0129409 0.0333325 0.356599
0 0.63917 0.525823 0.0237717 0.0450105 0.354348
0 0.985828 0.0547394 0.014109 0.0250927 0.354211
0 0.0734535 0.814907 0.0189419 0.0320567 0.354184
0 0.991363 0.238076 0.0172733 0.0359598 0.353079
0 0.445379 0.358911 0.0158888 0.0274122 0.351744
0 0.0084645 0.204832 0.0167463 0.0361263 0.351323
0 0.977693 0.312463 0.0161491 0.0306427 0.350864
0 0.342302 0.130423 0.0194104 0.0296212 0.349665
0 0.42221 0.921773 0.0165939 0.0215764 0.349043
0 0.308117 0.89691 0.0226582 0.0330431 0.346737
0 0.751628 0.952432 0.0180837 0.0368015 0.345732
0 0.912898 0.160551 0.0170456 0.0260004 0.344835
0 0.715619 0.776406 0.0151434 0.0329196 0.343046
0 0.463123 0.464033 0.0164181 0.0285667 0.342404
0 0.385934 0.91153 0.01817 0.0309987 0.342356
0 0.123024 0.0744655 0.0190969 0.0276625 0.3389
0 0.37376 0.421075 0.0149771 0.0270211 0.338084
0 0.0307876 0.0396656 0.0250168 0.0319008 0.337165
0 0.430352 0.0712756 0.0104734 0.0240579 0.336113
0 0.552783 0.439244 0.0227949 0.0321391 0.334944
0 0.0867955 0.886958 0.0150618 0.0228753 0.333935
0 0.184455 0.0884868 0.013869 0.0238098 0.33318
0 0.296946 0.755259 0.0167146 0.02561 0.331136
0 0.480061 0.239087 0.0202938 0.0296039 0.33078
0 0.106776 0.447109 0.0196271 0.026521 0.329566
0 0.52992 0.475462 0.0131737 0.0285407 0.329356
0 0.457277 0.639874 0.0104239 0.0232062 0.328642
0 0.295154 0.59 0.0159235 0.0306382 0.328623
0 0.94619 0.17454 0.0182392 0.0271024 0.326895
0 0.375553 0.230753 0.0197895 0.0251023 0.326466
0 0.150746 0.693698 0.0140043 0.0235788 0.324309
0 0.484044 0.238101 0.0195115 0.033458 0.323245
0 0.522893 0.346615 0.0204895 0.0450801 0.32274
0 0.495714 0.427571 0.0170876 0.0292118 0.32122
0 0.259834 0.984725 0.0166474 0.029046 0.320724
0 0.00901685 0.982534 0.0172683 0.0317017 0.320689
0 0.303014 0.487355 0.0211444 0.0357722 0.320453
0 0.137695 0.355527 0.0140292 0.0434014 0.320109
0 0.198902 0.209681 0.0230931 0.0300621 0.318234
0 0.102101 0.677938 0.0136615 0.024909 0.316849
0 0.147105 0.133012 0.0134638 0.0214988 0.316642
0 0.992159 0.402941 0.0156816 0.0306605 0.315826
0 0.599194 0.804541 0.031702 0.0511888 0.315798
0 0.387102 0.709735 0.0233468 0.0435286 0.315529
0 0.41725 0.98425 0.0162291 0.0278514 0.315445
0 0.359058 0.202088 0.0149762 0.0265703 0.315335
0 0.291258 0.95779 0.0147606 0.0301367 0.315057
0 0.135783 0.35312 0.0125725 0.0395651 0.313468
0 0.121055 0.96065 0.0160133 0.0280609 0.312153
0 0.419702 0.672314 0.0153347 0.0282665 0.312052
0 0.413432 0.418394 0.015547 0.0265023 0.310167
0 0.0911907 0.00833241 0.0158962 0.0157866 0.309098
0 0.198639 0.401758 0.0166467 0.0308378 0.307239
0 0.00819333 0.543879 0.0159183 0.0230248 0.306795
0 0.0766544 0.530842 0.0193125 0.0334825 0.305971
0 0.161691 0.726388 0.0143613 0.0257636 0.303264
0 0.156944 0.55246 0.012966 0.0286731 0.303126
0 0.183845 0.940392 0.014619 0.027256 0.30308
0 0.265635 0.877266 0.0184487 0.0231639 0.300384
0 0.585521 0.637446 0.0194422 0.0300388 0.300003
0 0.544297 0.660884 0.0219604 0.0335629 0.299549
0 0.200782 0.730769 0.0138994 0.0244856 0.299041
0 0.563971 0.540894 0.0148073 0.0259513 0.298185
0 0.164304 0.817661 0.0121594 0.0238159 0.297982
0 0.106797 0.212905 0.0129561 0.0280142 0.297942
0 0.118733 0.839395 0.0137097 0.021735 0.29773
0 0.97089 0.130526 0.0212936 0.0299734 0.295222
0 0.0100633 0.262509 0.0196974 0.0294364 0.293797
0 0.260017 0.686135 0.0144134 0.0220637 0.293007
0 0.0452356 0.896091 0.0172034 0.0315677 0.292196
0 0.324038 0.745518 0.0215726 0.0385217 0.290945
0 0.139399 0.970069 0.0133175 0.0244222 0.290005
0 0.0599911 0.450504 0.0144151 0.0232741 0.290005
0 0.445233 0.90433 0.0161802 0.0216002 0.288894
0 0.126678 0.316397 0.01886 0.0309277 0.287987
0 0.364821 0.96287 0.0162491 0.0319902 0.286736
0 0.670883 0.86161 0.0123999 0.0220137 0.286495
0 0.321252 0.355511 0.0179069 0.0286112 0.286461
0 0.0471624 0.514225 0.0291347 0.0377462 0.285983
0 0.166874 0.926546 0.0138596 0.0317925 0.283865
0 0.316094 0.939585 0.0149365 0.0255089 0.283116
0 0.975785 0.40745 0.01404 0.027219 0.282945
0 0.012886 0.797603 0.0165215 0.0245538 0.282311
0 0.336439 0.845351 0.0145222 0.0291221 0.281688
0 0.993136 0.122731 0.013728 0.0276079 0.278383
0 0.0260895 0.0386996 0.0151923 0.0327386 0.277906
0 0.0791407 0.429588 0.0166173 0.0291263 0.277718
0 0.133986 0.147461 0.0138098 0.0241415 0.276515
0 0.949768 0.0620312 0.028841 0.043679 0.275454
0 0.896059 0.198116 0.0188661 0.0275882 0.274128
0 0.336282 0.205017 0.0140031 0.0232092 0.272972
0 0.351201 0.0592985 0.0101683 0.0213107 0.271407
0 0.878048 0.0132765 0.0201023 0.026553 0.271106
0 0.976229 0.0197649 0.0185486 0.0347379 0.269481
0 0.502773 0.703656 0.0110433 0.0254312 0.269063
0 0.46315 0.956419 0.0142385 0.0274373 0.268093
0 0.996259 0.193059 0.00748196 0.0367964 0.267795
0 0.058638 0.521864 0.0112101 0.0255549 0.266907
0 0.49093 0.426608 0.0224632 0.0286624 0.266505
0 0.949752 0.17304 0.023018 0.0291053 0.265922
0 0.00846822 0.195719 0.0166803 0.0549864 0.265517
0 0.394696 0.97187 0.0182364 0.0328871 0.26279
0 0.241058 0.152764 0.0167369 0.0253393 0.262219
0 0.877677 0.12497 0.0154766 0.029206 0.261391
0 0.111135 0.9032 0.0208454 0.0344008 0.261221
0 0.413589 0.756453 0.0211707 0.0391669 0.261213
0 0.955628 0.0621364 0.0178211 0.0364517 0.259393
0 0.15502 0.140208 0.0155864 0.033018 0.258561
0 0.392261 0.967666 0.018665 0.0318169 0.257712
0 0.218517 0.146371 0.0132425 0.0269743 0.256762
0 0.0805203 0.43283 0.0175035 0.0302241 0.255601
0 0.303614 0.54423 0.01629 0.0250271 0.255077
0 0.0479833 0.435013 0.014585 0.0244954 0.253202
0 0.0598988 0.00851915 0.0173963 0.0170383 0.252287
0 0.504888 0.82585 0.0102396 0.0205485 0.251809
0 0.281771 0.0604876 0.0149987 0.0375456 0.24968
0 0.07623 0.4244 0.0160021 0.0270857 0.24905
0 0.251507 0.227177 0.0149449 0.0248437 0.248952
0 0.99001 0.294084 0.0178333 0.0310415 0.247964
0 0.238778 0.491533 0.0167747 0.0248479 0.247593
0 0.028609 0.331215 0.011553 0.0250086 0.246905
0 0.304083 0.199199 0.0199245 0.0311645 0.246861
0 0.107194 0.900791 0.0202864 0.0357892 0.246829
0 0.0323469 0.801567 0.0132775 0.0220913 0.245905
0 0.0662225 0.943552 0.0178473 0.0246797 0.244514
0 0.516165 0.295252 0.0232107 0.0500542 0.243362
0 0.0733374 0.0644554 0.0181949 0.0348378 0.24276
0 0.048706 0.855666 0.0152648 0.0232459 0.241971
0 0.256945 0.0182567 0.0246891 0.0345743 0.241464
0 0.11459 0.396518 0.0123071 0.0259439 0.241417
0 0.519644 0.973984 0.0178055 0.0307719 0.241279
0 0.658583 0.778721 0.0167172 0.0292093 0.239438
0 0.359779 0.665044 0.0114934 0.0272381 0.239425
0 0.0919656 0.798333 0.0127071 0.0274306 0.235266
0 0.0314335 0.767124 0.0140993 0.0261088 0.228893
0 0.514095 0.40766 0.0172401 0.0291692 0.22878
0 0.55145 0.936964 0.0211063 0.0325409 0.228426
0 0.661492 0.980725 0.0155243 0.033263 0.227721
0 0.408589 0.480619 0.0117102 0.0192591 0.225762
0 0.811733 0.090448 0.0188488 0.0372453 0.223758
0 0.924686 0.129429 0.0180943 0.0293237 0.222602
0 0.278665 0.648105 0.0153646 0.029322 0.222306
0 0.142152 0.928613 0.015911 0.0299015 0.221772
0 0.626066 0.708876 0.0145649 0.0309065 0.219355
0 0.138844 0.809216 0.0143501 0.0250258 0.217477
0 0.992566 0.326156 0.0148678 0.0318931 0.217055
0 0.386886 0.0246713 0.0236306 0.0467949 0.21648
0 0.487326 0.422485 0.0223196 0.0246811 0.216038
0 0.00650149 0.260217 0.0129589 0.0299121 0.215377
0 0.429708 0.218923 0.0110357 0.0238169 0.21339
0 0.691353 0.98734 0.0151869 0.0236726 0.210886
0 0.310307 0.601692 0.0138699 0.0265896 0.210707
0 0.518164 0.841681 0.0119509 0.026504 0.209158
0 0.395246 0.975727 0.0156318 0.0306313 0.208597
0 0.56672 0.507399 0.0188474 0.0312207 0.208554
0 0.516279 0.707617 0.0150924 0.0302465 0.208489
0 0.307276 0.666778 0.0126722 0.0236338 0.206994
0 0.377516 0.233123 0.0199524 0.0237725 0.205513
0 0.281859 0.777215 0.0110394 0.0190843 0.205348
0 0.976074 0.307713 0.0171813 0.038555 0.204825
0 0.276063 0.057753 0.0248781 0.0422232 0.204062
0 0.38774 0.619927 0.0155705 0.0311427 0.203965
0 0.52284 0.979001 0.0216714 0.0345791 0.203847
0 0.307563 0.968061 0.0141451 0.0295213 0.203697
0 0.284195 0.0105795 0.0197551 0.0198088 0.202346
0 0.954117 0.130244 0.0139069 0.0319484 0.201953
0 0.327775 0.413777 0.0155149 0.0295887 0.201591
0 0.542841 0.713974 0.0165997 0.0359222 0.200806
0 0.565583 0.891627 0.0164091 0.0259505 0.200311
0 0.955794 0.171637 0.016431 0.0286723 0.199131
0 0.156518 0.568384 0.0133102 0.0318315 0.198695
0 0.89685 0.0117474 0.0166809 0.0234947 0.198409
0 0.346291 0.464255 0.0103724 0.0186033 0.198379
0 0.486789 0.239897 0.0145763 0.0315645 0.197675
0 0.0327417 0.109065 0.0132857 0.0334839 0.197352
0 0.0720347 0.482061 0.0224453 0.0434038 0.195704
0 0.41182 0.314785 0.012937 0.020722 0.195575
0 0.151876 0.135083 0.0153592 0.0246098 0.194032
0 0.409591 0.412181 0.0162074 0.0341609 0.192257
0 0.0410039 0.397313 0.0182098 0.0191163 0.191774
0 0.240598 0.133654 0.0209412 0.0585496 0.191435
0 0.332437 0.937063 0.00958691 0.0166247 0.191024
0 0.419798 0.985719 0.016988 0.0261664 0.190506
0 0.123727 0.367364 0.0108949 0.0206348 0.190007
0 0.283657 0.872511 0.0112452 0.0256259 0.189476
0 0.283785 0.00867858 0.0238758 0.017301 0.189109
0 0.479858 0.188994 0.0174702 0.0318977 0.187865
0 0.244982 0.79658 0.0112543 0.0242289 0.18785
0 0.0371203 0.636311 0.0157185 0.0216732 0.187281
0 0.379836 0.374363 0.0165374 0.0259715 0.186496
0 0.582401 0.987013 0.0167339 0.025118 0.186412
0 0.973911 0.129432 0.0182816 0.0293872 0.184771
0 0.284815 0.103374 0.00887947 0.0267228 0.184443
0 0.168635 0.966921 0.0119282 0.023376 0.18432
0 0.383903 0.961154 0.0167475 0.0319546 0.184284
0 0.681306 0.782316 0.0209877 0.0343699 0.182991
0 0.0817738 0.689714 0.0222437 0.0295121 0.180675
0 0.8872 0.0131292 0.0351948 0.0262583 0.179459
0 0.274663 0.506971 0.0144682 0.0286204 0.178999
0 0.164407 0.859102 0.0180802 0.032115 0.178094
0 0.0255682 0.29485 0.0162655 0.020595 0.177916
0 0.460614 0.293932 0.0120981 0.0266048 0.17775
0 0.664558 0.979905 0.0165987 0.0339583 0.17688
0 0.042973 0.376045 0.0187289 0.0283756 0.176824
0 0.974101 0.252105 0.0143295 0.0309822 0.176702
0 0.672044 0.981456 0.0135738 0.0323694 0.176474
0 0.330995 0.935834 0.00943378 0.0199965 0.174609
0 0.471364 0.27007 0.0138037 0.0285253 0.173401
0 0.614965 0.824709 0.0135942 0.0287554 0.172774
0 0.393992 0.791932 0.0196638 0.025143 0.172599
0 0.0750067 0.818725 0.0167353 0.0287208 0.172506
0 0.168899 0.925028 0.0112643 0.0302619 0.17243
0 0.980841 0.153766 0.0188683 0.0262815 0.171749
0 0.722398 0.958919 0.0178482 0.0304359 0.171012
0 0.300304 0.142806 0.0269795 0.0329346 0.170775
0 0.230966 0.972401 0.0176351 0.036595 0.170321
0 0.125736 0.368 0.0116776 0.0222866 0.170287
0 0.986904 0.372355 0.0158928 0.0269656 0.170046
0 0.583424 0.633294 0.0193445 0.0337067 0.169715
0 0.00741822 0.925471 0.0147541 0.0388954 0.168819
0 0.762483 0.910612 0.0141436 0.0228848 0.168654
0 0.250866 0.897973 0.0140417 0.0252916 0.16831
0 0.316552 0.484968 0.026436 0.0301012 0.167942
0 0.413142 0.099914 0.0140123 0.0261231 0.167031
0 0.0231432 0.480395 0.0194257 0.0285163 0.166651
0 0.554457 0.715132 0.0105158 0.0318911 0.165271
0 0.795576 0.0175417 0.0156765 0.032039 0.164152
0 0.126116 0.797648 0.0135464 0.0270667 0.162576
0 0.125119 0.236926 0.0168234 0.02938 0.162362
0 0.0867501 0.851647 0.011518 0.0267124 0.161531
0 0.0794695 0.687215 0.0220093 0.0282486 0.160956
0 0.389448 0.967342 0.0181225 0.033686 0.160236
0 0.0558761 0.518437 0.0152927 0.0310811 0.159751
0 0.112006 0.396365 0.0141517 0.0261749 0.159666
0 0.89721 0.121597 0.0124039 0.0333355 0.15843
0 0.358745 0.48994 0.012543 0.0165453 0.158426
0 0.980353 0.316406 0.0139904 0.0264762 0.158211
0 0.0276211 0.521081 0.0123008 0.0207866 0.157492
0 0.103681 0.0480267 0.0133853 0.0257961 0.157336
0 0.0977373 0.950567 0.0125853 0.0175904 0.156473
0 0.273253 0.413494 0.0176434 0.0285602 0.156246
0 0.449761 0.814328 0.0139923 0.0230421 0.155137
0 0.235838 0.787601 0.014872 0.0257336 0.154943
0 0.428379 0.818911 0.0193899 0.0418816 0.154857
0 0.174541 0.702481 0.01399 0.0196589 0.154153
0 0.260275 0.0170621 0.0227447 0.0312456 0.1541
0 0.646827 0.726246 0.0148942 0.0277791 0.153907
0 0.0621258 0.279062 0.017974 0.0274599 0.153468
0 0.996451 0.434636 0.00709813 0.0269138 0.152383
0 0.320324 0.00674342 0.0209716 0.0133411 0.15171
0 0.859169 0.171533 0.0163219 0.0324372 0.151643
0 0.980884 0.30784 0.0141932 0.0293856 0.150547
0 0.421195 0.353122 0.0189808 0.0271888 0.149637
0 0.356847 0.757568 0.0146415 0.0260308 0.149097
0 0.419359 0.922648 0.0149599 0.0210418 0.148628
0 0.415004 0.982637 0.0162989 0.0277624 0.148027
0 0.587649 0.639461 0.0164129 0.0266361 0.148001
0 0.212352 0.0201306 0.0168166 0.0267425 0.147873
0 0.172703 0.323614 0.0123584 0.0239461 0.147647
0 0.30464 0.967006 0.0159198 0.0330695 0.146349
0 0.121532 0.207478 0.015693 0.0255559 0.146243
0 0.353813 0.852212 0.0156181 0.0257701 0.146174
0 0.451652 0.608568 0.0127224 0.0222817 0.145614
0 0.122644 0.239537 0.0207639 0.0315375 0.145534
0 0.632666 0.463773 0.0179535 0.0363254 0.145311
0 0.314649 0.0568352 0.0245846 0.0282455 0.145031
0 0.97443 0.404413 0.0147402 0.034 0.14472
0 0.321381 0.485792 0.0172297 0.0319667 0.144431
0 0.637026 0.53304 0.0261023 0.0481414 0.14436
0 0.110466 0.576306 0.0125356 0.0259661 0.143551
0 0.202171 0.685955 0.0144951 0.0265205 0.14331
0 0.970107 0.223282 0.0157799 0.023746 0.142654
0 0.232941 0.785813 0.0141705 0.0248804 0.142323
0 0.0912295 0.109497 0.0129793 0.0219796 0.142251
0 0.0384549 0.371466 0.0182138 0.0305923 0.142182
0 0.388961 0.912055 0.0196186 0.0322835 0.142103
0 0.60418 0.798341 0.0227768 0.0364315 0.142005
0 0.455414 0.218747 0.0181932 0.0308004 0.141208
0 0.0923276 0.745447 0.0129859 0.0214515 0.140774
0 0.950147 0.0497219 0.0233616 0.0505444 0.140151
0 0.788362 0.969998 0.0183932 0.0375348 0.139547
0 0.958549 0.399888 0.0197931 0.0274477 0.139094
0 0.206744 0.517085 0.0137282 0.0291065 0.1381
0 0.0743256 0.684311 0.0162178 0.0257147 0.137264
0 0.354901 0.664294 0.00729923 0.0247851 0.136398
0 0.285074 0.533342 0.0165378 0.020557 0.13586
0 0.321775 0.448383 0.00932147 0.01876 0.135709
0 0.993939 0.330512 0.0121214 0.0327599 0.135389
0 0.334938 0.209107 0.0156447 0.0270198 0.135256
0 0.266243 0.814875 0.0201783 0.0328783 0.134352
0 0.031194 0.106412 0.0164805 0.0381282 0.134135
0 0.327556 0.519916 0.0146457 0.0222291 0.134037
0 0.669832 0.859399 0.0134349 0.0279592 0.133183
0 0.306923 0.971525 0.010982 0.0253696 0.132911
0 0.37921 0.235097 0.0167537 0.0185607 0.132239
0 0.0409304 0.373165 0.0195653 0.0284828 0.132045
0 0.423378 0.545345 0.0188917 0.0284182 0.131971
0 0.0951108 0.544263 0.0133289 0.0297448 0.131771
0 0.390756 0.157712 0.0206594 0.0312647 0.131058
0 0.129014 0.0809421 0.00929337 0.0266565 0.130969
0 0.120122 0.167984 0.0149899 0.0257781 0.12972
0 0.62917 0.502171 0.0171538 0.0210993 0.129696
0 0.190655 0.624121 0.0114076 0.0246785 0.129196
0 0.408281 0.689967 0.018938 0.0364374 0.129086
0 0.155512 0.146142 0.0106651 0.0331277 0.128577
0 0.0215771 0.590782 0.0242743 0.0314297 0.128369
0 0.539965 0.659708 0.0162121 0.0326636 0.127688
0 0.134173 0.572394 0.0170065 0.0227954 0.127154
0 0.551428 0.472735 0.0187664 0.032085 0.126867
0 0.990609 0.124006 0.0169266 0.0294678 0.126253
0 0.326456 0.745851 0.0168664 0.034707 0.125855
0 0.0989211 0.591065 0.0106758 0.0207028 0.12492
0 0.164227 0.926122 0.0172941 0.0341749 0.124656
0 0.0533743 0.516864 0.0192236 0.0307297 0.124285
0 0.186018 0.941911 0.015252 0.0257812 0.124071
0 0.190806 0.054052 0.0213238 0.0368253 0.123354
0 0.788249 0.0486788 0.0134539 0.0250988 0.123272
0 0.356195 0.664314 0.0104267 0.0255488 0.123146
0 0.364939 0.602166 0.022291 0.0331962 0.123007
0 0.628946 0.748786 0.0144016 0.0238517 0.122571
0 0.0271548 0.291059 0.0137875 0.0255435 0.121751
0 0.117743 0.397763 0.0118843 0.0279317 0.121686
0 0.238631 0.789139 0.0137056 0.0249813 0.121645
0 0.957961 0.00966075 0.022245 0.0181173 0.120959
0 0.609386 0.517577 0.0233435 0.0398959 0.120563
0 0.160083 0.729643 0.0137565 0.0254876 0.12017
0 0.44631 0.909495 0.0152769 0.0204129 0.120123
0 0.086649 0.56589 0.0164359 0.023705 0.119675
0 0.596529 0.446586 0.0182381 0.0237295 0.119426
0 0.144852 0.134518 0.0139996 0.0226545 0.11913
0 0.588614 0.679169 0.0173615 0.0238811 0.118902
0 0.293154 0.961455 0.0177235 0.03485 0.118046
0 0.358036 0.66558 0.00953226 0.0268848 0.11792
0 0.170556 0.301421 0.0205418 0.0431901 0.117368
0 0.221728 0.510726 0.0155376 0.0283472 0.117179
0 0.187308 0.171594 0.00990553 0.031478 0.116484
0 0.0792933 0.475694 0.0130734 0.0394502 0.116372
0 0.0752722 0.47883 0.0186204 0.0414127 0.116155
0 0.480369 0.20365 0.0196326 0.0209236 0.115686
0 0.410808 0.343778 0.0123463 0.0208017 0.114714
0 0.228381 0.970531 0.020277 0.0356977 0.11449
0 0.996818 0.18676 0.00636387 0.0431292 0.114213
0 0.0847896 0.983438 0.0172543 0.0318273 0.114055
0 0.5996 0.812554 0.0362027 0.0553224 0.114048
0 0.253231 0.0191437 0.0211862 0.033986 0.113851
0 0.440326 0.990937 0.0174479 0.0169454 0.113759
0 0.563704 0.511697 0.0187414 0.0282793 0.113577
0 0.371863 0.87556 0.0102408 0.0215807 0.113393
0 0.808135 0.0888959 0.0247623 0.041697 0.11326
0 0.677813 0.821019 0.0182725 0.0303382 0.112991
0 0.993184 0.371129 0.0125668 0.028287 0.11296
0 0.633995 0.541841 0.0215551 0.0412872 0.11285
0 0.0708281 0.86875 0.0180731 0.0209852 0.112847
0 0.137085 0.180284 0.0150949 0.0235182 0.112826
0 0.265946 0.743285 0.0105077 0.029641 0.11251
0 0.63302 0.548185 0.0203739 0.0312488 0.112057
0 0.5668 0.854232 0.0165558 0.0205114 0.111864
0 0.817253 0.0120653 0.0186754 0.0240506 0.111707
0 0.275707 0.442658 0.0165117 0.0222037 0.111328
0 0.038507 0.201104 0.0135924 0.0258747 0.111183
0 0.201474 0.17328 0.0197664 0.033407 0.110739
0 0.642352 0.520653 0.0190914 0.0354504 0.110632
0 0.48174 0.216286 0.0190271 0.0213609 0.110627
0 0.290319 0.299422 0.00874732 0.0199468 0.110609
0 0.945817 0.34025 0.0109936 0.020617 0.110484
0 0.361342 0.131574 0.0144026 0.0325616 0.11014
0 0.69234 0.774813 0.0157569 0.0300117 0.110062
0 0.142483 0.7307 0.0162323 0.0225494 0.110031
0 0.0718085 0.859502 0.0170121 0.0253198 0.109677
0 0.304921 0.667851 0.0131447 0.0215409 0.109286
0 0.0206686 0.109541 0.0264973 0.0455372 0.108994
0 0.301068 0.594964 0.0163355 0.0343488 0.108837
0 0.651483 0.571576 0.0164295 0.0257158 0.108661
0 0.284483 0.692866 0.0144209 0.0263523 0.108484
0 0.16637 0.183992 0.0182945 0.0414073 0.108295
0 0.960288 0.0740832 0.0117653 0.0319362 0.108237
0 0.128722 0.799625 0.0151282 0.0276342 0.106739
0 0.91555 0.0554129 0.0193104 0.0358279 0.10664
0 0.651865 0.729119 0.0201891 0.031731 0.10642
0 0.186882 0.0528346 0.0195652 0.0366755 0.10629
0 0.606959 0.588452 0.0155332 0.0272956 0.10609
0 0.6756 0.87262 0.0172821 0.0239539 0.105361
0 0.264622 0.881123 0.0185068 0.0162448 0.10474
0 0.025574 0.583551 0.0226411 0.0416745 0.104716
0 0.983659 0.0535676 0.0173462 0.0290231 0.104698
0 0.67479 0.983249 0.0118815 0.029503 0.104531
0 0.616261 0.586362 0.0139798 0.0249342 0.104404
0 0.226115 0.556083 0.0165296 0.0290771 0.104148
0 0.289101 0.296216 0.0103606 0.0213063 0.104115
0 0.397287 0.116635 0.0125591 0.0304848 0.103659
0 0.561377 0.985288 0.0207791 0.0266772 0.103592
0 0.0622861 0.787294 0.013782 0.0238936 0.103246
0 0.0354641 0.370701 0.0142199 0.0291294 0.102416
0 0.564053 0.894744 0.0173382 0.0297665 0.102149
0 0.0922172 0.24355 0.0166286 0.0211122 0.10144
0 0.502789 0.622413 0.0130911 0.0230242 0.101349
0 0.2871 0.0112803 0.0189659 0.0211234 0.10092
0 0.953783 0.279587 0.0141983 0.0188551 0.100852
0 0.110165 0.529835 0.0169586 0.030798 0.100695
0 0.264005 0.0199231 0.0172653 0.0303542 0.100628
0 0.619824 0.66671 0.0149703 0.0270971 0.10028
0 0.367299 0.605535 0.0182483 0.0291944 0.100182
