0 0.692722 0.67319 0.0238579 0.0457373 0.718049
0 0.799809 0.271525 0.0224623 0.0418598 0.713287
0 0.838038 0.0925301 0.0252307 0.0506002 0.712386
0 0.601929 0.690245 0.0205891 0.03873 0.712124
0 0.847988 0.266452 0.0234716 0.0362935 0.69947
0 0.818403 0.436656 0.0338211 0.050274 0.693022
0 0.942748 0.81041 0.0230442 0.0415905 0.682256
0 0.476529 0.393267 0.0254487 0.0403476 0.680523
0 0.620218 0.506554 0.0198147 0.040381 0.67478
0 0.882025 0.876715 0.0178165 0.0341955 0.671325
0 0.731936 0.437065 0.0196101 0.0374845 0.671032
0 0.0612736 0.212725 0.0247108 0.036928 0.669365
0 0.736512 0.765671 0.0188807 0.0305701 0.666129
0 0.868354 0.501735 0.0188705 0.0323639 0.664802
0 0.848379 0.765306 0.0192406 0.0303982 0.664756
0 0.208195 0.737027 0.0167217 0.0341654 0.66448
0 0.200483 0.434189 0.0197864 0.0316172 0.663769
0 0.875545 0.769144 0.0211941 0.03178 0.66037
0 0.806354 0.0770415 0.0187603 0.0350875 0.65945
0 0.896233 0.156115 0.0224335 0.0300738 0.655808
0 0.382035 0.580581 0.0202303 0.0344362 0.654711
0 0.89749 0.815601 0.0296939 0.0416039 0.653617
0 0.731244 0.718117 0.0324881 0.0377858 0.653587
0 0.0282633 0.441857 0.0242949 0.0451134 0.652086
0 0.770935 0.746122 0.0202934 0.0354757 0.651746
0 0.909548 0.657121 0.0212505 0.0325673 0.651026
0 0.787089 0.614485 0.0201342 0.0338641 0.650889
0 0.979993 0.695357 0.0290987 0.0447772 0.648155
0 0.565059 0.778172 0.0175739 0.0283824 0.644241
0 0.33682 0.264389 0.0192185 0.0336515 0.643686
0 0.342309 0.211173 0.0202194 0.0377809 0.639733
0 0.610703 0.649776 0.017659 0.0340862 0.638713
0 0.466738 0.112396 0.0166336 0.0274243 0.637781
0 0.991499 0.865799 0.0170012 0.0334754 0.636257
0 0.799531 0.734208 0.0157007 0.024786 0.636136
0 0.603446 0.564776 0.0221464 0.0373563 0.634596
0 0.816491 0.620523 0.0187912 0.0358927 0.632696
0 0.490094 0.197201 0.0156345 0.0315829 0.632239
0 0.259157 0.580183 0.0171261 0.033549 0.630367
0 0.929944 0.0202771 0.0215601 0.0396157 0.626379
0 0.769206 0.983336 0.0181103 0.0315563 0.625555
0 0.367358 0.678532 0.0207449 0.0361162 0.625424
0 0.732849 0.331628 0.0170438 0.0309971 0.625088
0 0.453386 0.620786 0.0175964 0.0286384 0.624134
0 0.641931 0.628697 0.0145266 0.0285487 0.62389
0 0.593267 0.177294 0.0232256 0.0345669 0.622432
0 0.896817 0.704267 0.0235546 0.0313996 0.621858
0 0.427535 0.625977 0.0164524 0.0336044 0.621816
0 0.804933 0.0262807 0.0284789 0.0489768 0.620775
0 0.870791 0.417649 0.0165985 0.0292358 0.6183
0 0.563407 0.393773 0.0150131 0.0272129 0.61713
0 0.446117 0.0181494 0.0318711 0.036219 0.616652
0 0.980072 0.764061 0.0204153 0.0342963 0.616089
0 0.958291 0.987515 0.0217879 0.0241472 0.615329
0 0.542471 0.694396 0.0180346 0.027404 0.61525
0 0.870562 0.616857 0.0161137 0.0269826 0.614738
0 0.580631 0.714001 0.0155987 0.0236206 0.614403
0 0.584458 0.358316 0.0179766 0.0340836 0.614389
0 0.313584 0.979744 0.0149832 0.0288491 0.610918
0 0.377286 0.127501 0.0185329 0.0318636 0.610359
0 0.390478 0.764871 0.015256 0.0273687 0.609828
0 0.421447 0.479232 0.0156967 0.0253636 0.608207
0 0.440796 0.257161 0.0165943 0.0290868 0.606395
0 0.721446 0.5882 0.0153088 0.0316623 0.604608
0 0.714344 0.095794 0.0182543 0.0321491 0.604358
0 0.223728 0.0638386 0.0260378 0.0469385 0.603908
0 0.797304 0.654299 0.016777 0.0251467 0.603857
0 0.977918 0.0685029 0.0166443 0.0294743 0.602815
0 0.377673 0.634292 0.0176222 0.0259837 0.602463
0 0.0445196 0.14335 0.023317 0.0418138 0.602428
0 0.855235 0.534956 0.0151398 0.0253615 0.601752
0 0.66578 0.175071 0.0209541 0.038793 0.601412
0 0.254409 0.764102 0.0170044 0.0304959 0.598681
0 0.58113 0.941058 0.0172859 0.0318989 0.598336
0 0.206707 0.547581 0.0167324 0.0298974 0.597966
0 0.96759 0.640363 0.0191887 0.0275716 0.597708
0 0.979253 0.448967 0.0168972 0.0374432 0.597475
0 0.215183 0.949692 0.0189662 0.0339912 0.596399
0 0.370914 0.204389 0.0168356 0.028813 0.596131
0 0.127158 0.283049 0.0229977 0.0399334 0.594319
0 0.583009 0.61713 0.0197781 0.0360307 0.592339
0 0.33598 0.661703 0.017777 0.0320603 0.592305
0 0.883936 0.930212 0.0267674 0.0473263 0.590116
0 0.892898 0.62501 0.0175964 0.0260228 0.587321
0 0.740367 0.914683 0.0170069 0.0294652 0.587121
0 0.573469 0.745239 0.0152994 0.0297143 0.586356
0 0.919054 0.14047 0.0163265 0.0249615 0.585223
0 0.0747336 0.107663 0.0192904 0.0348966 0.582716
0 0.75876 0.384922 0.0202152 0.0320041 0.582515
0 0.634348 0.705658 0.0176086 0.0255539 0.581663
0 0.0963104 0.0468837 0.0144754 0.0251582 0.581205
0 0.969395 0.0265844 0.0168619 0.0261428 0.581014
0 0.0316482 0.199955 0.0225112 0.0409041 0.580686
0 0.519595 0.0121046 0.0208345 0.0242093 0.580607
0 0.318679 0.769505 0.0181662 0.0306098 0.578866
0 0.653221 0.712283 0.0154849 0.0284754 0.578355
0 0.99389 0.631616 0.0122196 0.0279199 0.576834
0 0.0902215 0.780895 0.0162109 0.032978 0.57572
0 0.85134 0.845484 0.0131363 0.0228002 0.574904
0 0.697224 0.0602018 0.0215019 0.0328026 0.57464
0 0.445098 0.456057 0.017024 0.0251087 0.573467
0 0.085606 0.598435 0.0166028 0.0296373 0.572674
0 0.518726 0.306833 0.0216106 0.0308337 0.571747
0 0.738628 0.210171 0.0228706 0.0411661 0.569761
0 0.643166 0.782545 0.0153999 0.0234483 0.564714
0 0.477809 0.836698 0.0172462 0.0251655 0.564422
0 0.617936 0.35298 0.0147739 0.0244901 0.564396
0 0.846862 0.623897 0.0248833 0.0401161 0.563805
0 0.621185 0.615566 0.0175503 0.0279821 0.56251
0 0.561901 0.895074 0.0246943 0.0329579 0.560859
0 0.87713 0.975474 0.0235992 0.0317196 0.560475
0 0.769234 0.426956 0.0185877 0.0334211 0.559305
0 0.538393 0.51239 0.0151283 0.0256914 0.557621
0 0.478578 0.0825541 0.0203053 0.0272409 0.557366
0 0.91203 0.519801 0.0184799 0.0303704 0.556977
0 0.513867 0.151603 0.0162882 0.0313136 0.556293
0 0.684068 0.375059 0.0137016 0.022876 0.555893
0 0.732384 0.635056 0.0205952 0.0279739 0.55566
0 0.299472 0.763668 0.0163769 0.029873 0.555338
0 0.609295 0.885321 0.0275695 0.0436262 0.554332
0 0.792477 0.764145 0.013733 0.0286065 0.551667
0 0.072414 0.787651 0.0148137 0.0240356 0.551637
0 0.400924 0.0595616 0.0199986 0.0335425 0.550933
0 0.281087 0.435481 0.0164999 0.0270208 0.545887
0 0.422964 0.0565174 0.0138577 0.0241804 0.545269
0 0.865572 0.330355 0.0179138 0.0290205 0.54367
0 0.965041 0.943881 0.0161217 0.0237277 0.542906
0 0.734204 0.965194 0.0152003 0.0274455 0.541739
0 0.0930441 0.506224 0.021926 0.0348719 0.541714
0 0.121821 0.0111937 0.0215498 0.0218572 0.538411
0 0.123753 0.155539 0.0138707 0.031557 0.537538
0 0.414213 0.701029 0.01621 0.029384 0.535847
0 0.920555 0.074049 0.0219362 0.0306821 0.5339
0 0.331049 0.86687 0.0145663 0.0246067 0.532557
0 0.805195 0.173015 0.0121719 0.0236583 0.532112
0 0.210251 0.629732 0.0165825 0.0304611 0.529424
0 0.533104 0.178478 0.0180279 0.0407343 0.528689
0 0.106251 0.165571 0.0209468 0.0382217 0.527527
0 0.696937 0.782258 0.0169917 0.0327537 0.526775
0 0.559822 0.857887 0.0142601 0.023016 0.526205
0 0.641751 0.141598 0.017882 0.0265771 0.526113
0 0.547927 0.59482 0.0134539 0.025562 0.525706
0 0.571635 0.22085 0.0161494 0.0257805 0.525447
0 0.227897 0.293684 0.0165319 0.0306462 0.524565
0 0.829008 0.846733 0.0130219 0.0229614 0.523185
0 0.665791 0.605386 0.0245033 0.0410767 0.522313
0 0.0926969 0.123589 0.0149901 0.0288145 0.521673
0 0.775774 0.784878 0.0141033 0.0254452 0.521589
0 0.465233 0.576272 0.0162252 0.0259197 0.521343
0 0.721384 0.887091 0.0161063 0.0261051 0.52129
0 0.235464 0.238799 0.0193267 0.0321495 0.519257
0 0.0174608 0.0156318 0.0245031 0.0312637 0.518466
0 0.163909 0.533264 0.0191135 0.0315019 0.518378
0 0.00674793 0.224791 0.0133332 0.026052 0.51834
0 0.628666 0.395211 0.0215956 0.038264 0.517092
0 0.72368 0.816881 0.0131248 0.023514 0.516255
0 0.538178 0.334425 0.0170364 0.0279023 0.514257
0 0.633498 0.967561 0.0120806 0.0256092 0.512635
0 0.0675581 0.31342 0.0202952 0.0361885 0.512628
0 0.41069 0.759153 0.0128527 0.0205643 0.512047
0 0.316819 0.123628 0.0154039 0.0298158 0.511949
0 0.653933 0.339108 0.0140556 0.0288433 0.511877
0 0.182104 0.0627776 0.0195488 0.0338007 0.511765
0 0.965512 0.90599 0.0211857 0.0255263 0.510948
0 0.137242 0.626164 0.0181305 0.0304402 0.509405
0 0.337371 0.371697 0.0161105 0.0288975 0.50786
0 0.0105445 0.107335 0.0209822 0.0480601 0.50633
0 0.940974 0.252973 0.0153038 0.0267787 0.505994
0 0.605585 0.749453 0.0290433 0.0530826 0.501768
0 0.737147 0.301597 0.0137067 0.0292644 0.501369
0 0.129703 0.67129 0.0148061 0.027877 0.501056
0 0.787696 0.925119 0.0224973 0.0466756 0.498997
0 0.253886 0.270103 0.0144434 0.025869 0.496441
0 0.0944427 0.252808 0.0231072 0.0405347 0.495353
0 0.452316 0.21059 0.0126256 0.0190441 0.494951
0 0.860275 0.891184 0.0155746 0.029204 0.494654
0 0.854441 0.215106 0.015876 0.0248339 0.493478
0 0.439967 0.187943 0.0152034 0.0221495 0.489564
0 0.370384 0.328915 0.0165061 0.0286905 0.489555
0 0.603052 0.346038 0.0132073 0.0249006 0.487359
0 0.369687 0.291644 0.0148045 0.0244752 0.486456
0 0.659927 0.0407038 0.0152077 0.0249976 0.48581
0 0.179768 0.0158824 0.0267762 0.0317648 0.485334
0 0.913752 0.867296 0.0301573 0.0569169 0.478071
0 0.667175 0.00936808 0.0193184 0.0181251 0.477857
0 0.760717 0.906634 0.014654 0.0263804 0.477816
0 0.458849 0.271957 0.010935 0.0243979 0.477558
0 0.119089 0.81646 0.0182261 0.0306105 0.476284
0 0.670213 0.0707849 0.0166997 0.030066 0.474887
0 0.746685 0.58624 0.0173254 0.0258353 0.474829
0 0.578459 0.798318 0.0139601 0.0193064 0.473365
0 0.785578 0.975731 0.0135454 0.020531 0.470881
0 0.265704 0.828855 0.0223735 0.0336551 0.470199
0 0.559567 0.954422 0.0153393 0.0290226 0.468163
0 0.787774 0.185487 0.0191677 0.0359201 0.466726
0 0.182016 0.285224 0.0265441 0.0411617 0.465821
0 0.580813 0.0587668 0.020734 0.0372462 0.465569
0 0.651204 0.260641 0.0154353 0.0312226 0.464664
0 0.480851 0.337952 0.0140947 0.0211278 0.464518
0 0.551055 0.105652 0.0175163 0.0333021 0.461947
0 0.83513 0.806081 0.0168976 0.0317847 0.461
0 0.4168 0.311752 0.0201188 0.0317502 0.459846
0 0.820646 0.985078 0.0230598 0.02838 0.45875
0 0.696273 0.752935 0.0190931 0.0260905 0.456993
0 0.938861 0.940863 0.0147568 0.0254486 0.454732
0 0.61752 0.937929 0.0138335 0.0320879 0.454488
0 0.952499 0.60971 0.0185761 0.0306944 0.450372
0 0.853182 0.958528 0.0144995 0.0208052 0.449748
0 0.50044 0.130627 0.0294067 0.0436773 0.447857
0 0.0789236 0.00930219 0.0155675 0.0178498 0.447749
0 0.644871 0.864871 0.0185411 0.031958 0.446961
0 0.869608 0.646404 0.014225 0.0178811 0.445533
0 0.622028 0.446564 0.0266968 0.0424901 0.443563
0 0.721245 0.251545 0.0171745 0.0283589 0.443349
0 0.838199 0.890618 0.0128114 0.0201769 0.440469
0 0.990435 0.525268 0.0191308 0.0330944 0.439727
0 0.824935 0.582144 0.0105442 0.0224178 0.438064
0 0.157989 0.0734336 0.0223891 0.0372577 0.436138
0 0.394617 0.467121 0.0140512 0.0243932 0.43595
0 0.161748 0.679286 0.0138545 0.0232992 0.435399
0 0.0755428 0.0676452 0.0163541 0.0231514 0.434648
0 0.757877 0.631896 0.0184212 0.0301457 0.432229
0 0.618718 0.219083 0.0170319 0.0264989 0.429282
0 0.0843375 0.460081 0.0236495 0.0407111 0.429018
0 0.57061 0.468892 0.0181409 0.0313249 0.428375
0 0.00813083 0.462266 0.0158324 0.0340448 0.425255
0 0.380484 0.247866 0.0184363 0.036888 0.423388
0 0.465638 0.219536 0.0129679 0.0202169 0.42251
0 0.0437385 0.0343863 0.0172433 0.0268189 0.420297
0 0.971474 0.862498 0.0167645 0.0301731 0.419298
0 0.602401 0.402886 0.0116624 0.0279271 0.419006
0 0.349694 0.618029 0.0173274 0.0324295 0.414466
0 0.304682 0.832181 0.0144787 0.0236869 0.413885
0 0.183756 0.810015 0.0154748 0.0283388 0.413372
0 0.58465 0.902846 0.0155313 0.0270142 0.412602
0 0.643364 0.510559 0.0133681 0.0273346 0.411953
0 0.300717 0.428676 0.0143467 0.0397739 0.411886
0 0.674048 0.638401 0.0129868 0.0237527 0.411057
0 0.527702 0.889955 0.0125723 0.0207733 0.410195
0 0.39113 0.688419 0.0144262 0.0265672 0.409609
0 0.705205 0.0174726 0.0201857 0.0328028 0.407872
0 0.660455 0.104462 0.0190271 0.0304414 0.407172
0 0.0654926 0.754921 0.0141309 0.0247633 0.405922
0 0.268864 0.247122 0.0160485 0.0297535 0.404403
0 0.00820116 0.144913 0.0156873 0.0242561 0.404113
0 0.668713 0.878693 0.013747 0.0236277 0.402332
0 0.498553 0.555794 0.0159706 0.0291033 0.400996
0 0.551844 0.175085 0.0158974 0.0336748 0.396086
0 0.92874 0.910646 0.0259411 0.0316488 0.39584
0 0.351021 0.0125937 0.017492 0.0251873 0.395649
0 0.318803 0.350455 0.0172768 0.0264676 0.394223
0 0.382605 0.546577 0.0177886 0.0268958 0.390491
0 0.679926 0.433135 0.0171062 0.0324495 0.387679
0 0.995761 0.256881 0.00847797 0.0316193 0.383808
0 0.956033 0.294136 0.0146051 0.0301303 0.381637
0 0.425564 0.877132 0.0232809 0.036401 0.381121
0 0.721845 0.66358 0.0178481 0.0250618 0.378859
0 0.765716 0.558464 0.015011 0.0256836 0.378168
0 0.825969 0.775076 0.0188374 0.0383036 0.37722
0 0.380033 0.166005 0.0130483 0.0243814 0.37707
0 0.146614 0.0255925 0.0165504 0.0194644 0.37651
0 0.707686 0.275621 0.0144812 0.0202399 0.374636
0 0.235269 0.873997 0.0198224 0.0387838 0.373744
0 0.903563 0.924229 0.0121465 0.0266897 0.373664
0 0.94335 0.226463 0.013467 0.0221365 0.37336
0 0.976076 0.370176 0.0196292 0.0372316 0.373214
0 0.993178 0.396259 0.0136435 0.0316941 0.372485
0 0.0521327 0.0100557 0.0132338 0.0179809 0.369702
0 0.984389 0.825303 0.0144669 0.0273892 0.368614
0 0.93469 0.547745 0.0194172 0.0377238 0.366464
0 0.898403 0.472385 0.0187155 0.0316815 0.36629
0 0.963059 0.612366 0.0166538 0.0268276 0.362756
0 0.324415 0.0225995 0.0156277 0.0243393 0.362651
0 0.21684 0.0132106 0.0294318 0.0264213 0.359359
0 0.769641 0.137349 0.0183462 0.0387321 0.356072
0 0.713977 0.483413 0.0166454 0.0291373 0.355543
0 0.497603 0.491414 0.0183521 0.029568 0.354131
0 0.0299925 0.90776 0.0215504 0.0313227 0.353303
0 0.159968 0.677386 0.0150044 0.0253968 0.351288
0 0.54047 0.449187 0.0136716 0.0209165 0.35102
0 0.200728 0.590643 0.0137062 0.0244671 0.348426
0 0.810573 0.785791 0.0148852 0.0272207 0.347141
0 0.114366 0.935299 0.0139982 0.019948 0.347084
0 0.896346 0.469335 0.0224628 0.0389153 0.345186
0 0.2921 0.972543 0.0194106 0.0281528 0.345148
0 0.509842 0.70842 0.0184941 0.0480366 0.341515
0 0.842829 0.594186 0.0168667 0.0276336 0.341054
0 0.918649 0.409109 0.0159237 0.0260517 0.340318
0 0.186293 0.210482 0.0260465 0.048897 0.338632
0 0.917687 0.879587 0.0234039 0.0337941 0.338546
0 0.116554 0.0475772 0.0163807 0.024175 0.336517
0 0.945162 0.509949 0.0138496 0.0219904 0.334939
0 0.108635 0.121237 0.0132873 0.0232742 0.333592
0 0.975441 0.584623 0.0132513 0.0245817 0.332489
0 0.437506 0.0997509 0.017957 0.0262288 0.331792
0 0.916102 0.227443 0.0164577 0.0248689 0.331294
0 0.646869 0.071884 0.0214706 0.0290544 0.32983
0 0.353975 0.138467 0.0182538 0.0309657 0.329398
0 0.41767 0.802478 0.0180798 0.0229702 0.32676
0 0.847737 0.72121 0.0206181 0.0274594 0.3266
0 0.744298 0.880896 0.0177531 0.0276902 0.325282
0 0.00400004 0.189603 0.00794673 0.033436 0.32464
0 0.74161 0.991365 0.0154219 0.0159779 0.32344
0 0.663283 0.137179 0.0132839 0.0246968 0.322961
0 0.152166 0.664225 0.0109205 0.0255027 0.321537
0 0.315327 0.881578 0.0146983 0.0202511 0.321403
0 0.772975 0.207163 0.0146976 0.0234933 0.320844
0 0.233498 0.45494 0.0133439 0.0203206 0.320441
0 0.640441 0.230577 0.0156548 0.0248834 0.319902
0 0.168817 0.157754 0.0229256 0.036838 0.319764
0 0.61256 0.793124 0.0235851 0.0278595 0.319467
0 0.296417 0.716197 0.0168678 0.0310927 0.319217
0 0.314657 0.59877 0.0165379 0.0293846 0.318667
0 0.360207 0.551041 0.015778 0.030649 0.316207
0 0.115721 0.57055 0.0123772 0.0194417 0.315295
0 0.677659 0.431333 0.0208395 0.0365794 0.313607
0 0.154191 0.665698 0.0137403 0.0285316 0.313468
0 0.135828 0.546971 0.0150839 0.0218292 0.309895
0 0.958354 0.611332 0.0244225 0.0294539 0.309337
0 0.589942 0.646671 0.0141493 0.0177908 0.306895
0 0.468487 0.192325 0.0175991 0.0275491 0.306601
0 0.52195 0.279747 0.0155367 0.0235646 0.306006
0 0.954987 0.726012 0.0130787 0.0200797 0.305096
0 0.589631 0.514409 0.0171309 0.0320645 0.301738
0 0.819232 0.38882 0.0299034 0.0469194 0.300548
0 0.480256 0.0312696 0.024401 0.0390941 0.298507
0 0.251371 0.66231 0.0143474 0.0234514 0.297628
0 0.501503 0.866216 0.0137501 0.0220462 0.297402
0 0.652885 0.44569 0.0149447 0.0227027 0.294704
0 0.586114 0.411581 0.0158373 0.0258621 0.294594
0 0.841751 0.936731 0.0193989 0.0292572 0.293326
0 0.626871 0.00760504 0.0202389 0.0151464 0.289875
0 0.352751 0.404178 0.0246925 0.0295927 0.287156
0 0.367797 0.442583 0.0135394 0.0280687 0.286374
0 0.761868 0.813155 0.013307 0.020914 0.282976
0 0.940863 0.404351 0.0139957 0.0213884 0.280958
0 0.759435 0.0262373 0.015949 0.0244086 0.276699
0 0.0478555 0.407973 0.0193594 0.029863 0.276486
0 0.473501 0.245439 0.0110582 0.0209143 0.276017
0 0.660235 0.546309 0.0140661 0.0245373 0.27465
0 0.00893826 0.0494659 0.0175891 0.0431649 0.274265
0 0.590293 0.507156 0.0185907 0.0442245 0.269973
0 0.542349 0.26157 0.0199247 0.0306244 0.268524
0 0.989326 0.961674 0.0210865 0.0292388 0.266287
0 0.480926 0.0368589 0.0285327 0.0500601 0.259727
0 0.600094 0.401902 0.013129 0.0272569 0.258187
0 0.0344758 0.0618918 0.0161148 0.0279063 0.257095
0 0.964011 0.777484 0.0138471 0.0246511 0.254926
0 0.29168 0.251589 0.0140249 0.0202734 0.254181
0 0.654999 0.92933 0.0147604 0.021534 0.253298
0 0.18556 0.74282 0.0162516 0.0325121 0.252288
0 0.579201 0.290745 0.0172696 0.0272033 0.252048
0 0.936265 0.136103 0.0130219 0.020721 0.251892
0 0.684394 0.975952 0.014962 0.0256842 0.251516
0 0.752941 0.663531 0.0164351 0.0193516 0.250554
0 0.690579 0.0945775 0.0136647 0.0274122 0.250446
0 0.293626 0.907323 0.0170522 0.0269436 0.249131
0 0.270642 0.503488 0.0220989 0.0336941 0.247802
0 0.924686 0.981269 0.0260193 0.0351915 0.24721
0 0.293975 0.513635 0.0191734 0.0309774 0.245057
0 0.716555 0.519108 0.0160542 0.028596 0.243585
0 0.134993 0.623089 0.0206967 0.0335579 0.243085
0 0.0143159 0.350815 0.0202324 0.0287135 0.24275
0 0.993977 0.933663 0.0120455 0.0327447 0.241544
0 0.631362 0.321958 0.0174782 0.0283729 0.241259
0 0.952175 0.332501 0.0174042 0.0291766 0.240645
0 0.279927 0.568639 0.0194726 0.0364171 0.240155
0 0.50717 0.554218 0.0271509 0.0358237 0.239577
0 0.315888 0.288804 0.0166874 0.0257581 0.237619
0 0.354486 0.400069 0.0270103 0.0379601 0.234048
0 0.147286 0.0490635 0.0202895 0.0272664 0.232861
0 0.0773359 0.042157 0.0152365 0.0253352 0.232775
0 0.760358 0.943116 0.0170069 0.0224208 0.232717
0 0.797003 0.811704 0.0132044 0.0189551 0.232027
0 0.512493 0.554155 0.0182455 0.0356002 0.231066
0 0.130943 0.110274 0.0181173 0.0285692 0.230756
0 0.494852 0.31221 0.0177452 0.0185628 0.225834
0 0.0794957 0.661094 0.0107417 0.0302555 0.223494
0 0.6169 0.158366 0.0180452 0.0324111 0.221947
0 0.972504 0.213946 0.0208397 0.0346984 0.221023
0 0.0578205 0.433053 0.0202504 0.0336015 0.217512
0 0.596413 0.44927 0.0196529 0.0343695 0.215722
0 0.446872 0.347263 0.0356766 0.0529046 0.215568
0 0.596233 0.246102 0.0173334 0.0268342 0.214645
0 0.505993 0.267854 0.0129085 0.0172084 0.21461
0 0.816573 0.958381 0.0149291 0.0188158 0.212316
0 0.21695 0.666064 0.0142514 0.0221115 0.211772
0 0.915849 0.874604 0.0272518 0.0429579 0.211432
0 0.817043 0.212223 0.0180462 0.0347759 0.209978
0 0.605348 0.404569 0.0152758 0.030603 0.209775
0 0.491791 0.72684 0.0142163 0.0229886 0.207213
0 0.659645 0.387996 0.0196184 0.0306202 0.206481
0 0.524557 0.36174 0.0156395 0.0241248 0.205839
0 0.484747 0.0417295 0.0295586 0.0453692 0.205584
0 0.859859 0.14903 0.029995 0.0431558 0.204434
0 0.916024 0.196069 0.0178288 0.0304309 0.204089
0 0.394525 0.322257 0.0155163 0.0237218 0.203869
0 0.317213 0.433654 0.0344121 0.0570103 0.203436
0 0.391492 0.987817 0.0156485 0.0222704 0.202097
0 0.16875 0.931657 0.0169184 0.0289656 0.199144
0 0.18873 0.708637 0.0146262 0.0254032 0.198953
0 0.655781 0.897386 0.0154224 0.0250382 0.198621
0 0.235235 0.683073 0.014946 0.0250617 0.198459
0 0.912805 0.327988 0.0162018 0.0296998 0.196765
0 0.687711 0.0940857 0.0152172 0.0267374 0.196705
0 0.345674 0.314789 0.0201725 0.0287039 0.194635
0 0.63655 0.482814 0.00917295 0.02033 0.189793
0 0.0896559 0.121099 0.0144496 0.0273363 0.188786
0 0.406248 0.274829 0.0197072 0.0296264 0.188484
0 0.56734 0.690283 0.0145151 0.0253313 0.186804
0 0.995584 0.306556 0.0088316 0.0393878 0.186268
0 0.875125 0.553923 0.0136806 0.0199806 0.185909
0 0.104091 0.0929098 0.0177402 0.0321141 0.185543
0 0.592315 0.494691 0.0189945 0.0313451 0.184032
0 0.729263 0.548612 0.0118469 0.0193171 0.182505
0 0.941073 0.0549827 0.0209187 0.0307524 0.182069
0 0.845022 0.60059 0.0219368 0.0375292 0.181883
0 0.851431 0.955323 0.0133041 0.019184 0.181466
0 0.984477 0.986543 0.0153202 0.0191163 0.177724
0 0.378006 0.720965 0.0112515 0.0215875 0.177025
0 0.378755 0.834242 0.0174231 0.0263057 0.176268
0 0.557116 0.310846 0.0222244 0.0414144 0.175254
0 0.775581 0.668775 0.0125303 0.0147375 0.174216
0 0.467472 0.500705 0.0159536 0.0224965 0.173093
0 0.666177 0.135928 0.0199039 0.0251176 0.171907
0 0.398016 0.218666 0.0152052 0.022882 0.16898
0 0.758076 0.0226258 0.0184088 0.0301071 0.167659
0 0.906072 0.587593 0.0158813 0.0325789 0.167538
0 0.609731 0.406581 0.0155079 0.0283842 0.166133
0 0.427777 0.156352 0.019575 0.0326557 0.164786
0 0.7252 0.0261645 0.0171688 0.0272161 0.164561
0 0.492391 0.139353 0.0145212 0.0384701 0.164494
0 0.198547 0.0604074 0.0159509 0.0342645 0.164457
0 0.55508 0.485423 0.0106214 0.02185 0.163658
0 0.59384 0.446617 0.0216141 0.034559 0.161855
0 0.442617 0.188941 0.0133907 0.0223617 0.158372
0 0.635988 0.813506 0.0134632 0.0179874 0.158193
0 0.655356 0.390455 0.0255905 0.0369374 0.155563
0 0.698996 0.593123 0.0137772 0.0218465 0.153417
0 0.335542 0.0512843 0.0157275 0.0312564 0.153403
0 0.914852 0.619944 0.0144491 0.0181389 0.152754
0 0.995718 0.0358582 0.00856342 0.0328606 0.152622
0 0.414216 0.145437 0.0111936 0.0266784 0.150802
0 0.833195 0.514333 0.0126718 0.0177816 0.148698
0 0.777123 0.0476269 0.0140104 0.0242854 0.148202
0 0.796936 0.216107 0.0177002 0.039299 0.147069
0 0.253744 0.0278677 0.0188375 0.0317071 0.146797
0 0.638727 0.943339 0.00970898 0.0187642 0.146379
0 0.104806 0.122975 0.0148277 0.0284629 0.144655
0 0.504499 0.634598 0.0147855 0.0239702 0.144332
0 0.326046 0.460736 0.0194004 0.027026 0.14419
0 0.0484233 0.0763369 0.0156284 0.0306496 0.14227
0 0.955494 0.859166 0.0157604 0.0261929 0.142238
0 0.832513 0.799145 0.016555 0.0222254 0.141708
0 0.0116048 0.149837 0.0163827 0.0237108 0.141308
0 0.0497201 0.872719 0.0149192 0.0294167 0.14116
0 0.0353612 0.0655569 0.0180758 0.0292895 0.139639
0 0.591221 0.646145 0.0145006 0.0223894 0.139599
0 0.553171 0.178918 0.0176878 0.0408151 0.139568
0 0.637098 0.943117 0.0102198 0.0196767 0.138987
0 0.0061191 0.146063 0.0119061 0.0281586 0.138515
0 0.990573 0.548141 0.0187354 0.0364695 0.13811
0 0.607402 0.405529 0.0123605 0.0285066 0.136297
0 0.656811 0.988961 0.0223657 0.0204432 0.135854
0 0.456264 0.346304 0.019837 0.0345775 0.135668
0 0.68448 0.48655 0.0148529 0.0197627 0.134919
0 0.311352 0.649446 0.019494 0.0311814 0.133977
0 0.495874 0.133572 0.0216429 0.0472108 0.133372
0 0.336841 0.129722 0.0142744 0.0263809 0.133102
0 0.118519 0.0511248 0.0170412 0.028259 0.132634
0 0.00588341 0.189978 0.0116152 0.0342194 0.132485
0 0.74954 0.114586 0.0202318 0.0315051 0.132219
0 0.48012 0.0272827 0.0207508 0.0317992 0.131754
0 0.25657 0.331767 0.0240141 0.0390795 0.131248
0 0.463748 0.216411 0.0119641 0.023402 0.130615
0 0.279808 0.877516 0.012569 0.0328369 0.129686
0 0.625753 0.0957319 0.0173382 0.0272592 0.129072
0 0.097064 0.922956 0.0138444 0.0240386 0.128026
0 0.720541 0.993417 0.0196041 0.0121541 0.127698
0 0.302533 0.0984941 0.0179018 0.032787 0.126927
0 0.191493 0.664708 0.0177627 0.0218139 0.126505
0 0.312235 0.431219 0.036283 0.0472483 0.1263
0 0.316358 0.237737 0.0161885 0.0273959 0.126165
0 0.0465172 0.718567 0.0153286 0.0300927 0.125876
0 0.0766109 0.402298 0.0185641 0.0319154 0.125852
0 0.96211 0.414673 0.0244736 0.0378133 0.124623
0 0.423412 0.244745 0.0148706 0.0241621 0.124121
0 0.56071 0.89654 0.0195587 0.0276476 0.123156
0 0.268952 0.0191579 0.0199759 0.0334229 0.122919
0 0.440967 0.775643 0.0194897 0.0324335 0.122822
0 0.106961 0.0891777 0.01988 0.0355092 0.121638
0 0.795685 0.224102 0.0179941 0.0311356 0.121487
0 0.0689531 0.0387861 0.0146762 0.0258853 0.121315
0 0.816764 0.954183 0.015963 0.0225149 0.120598
0 0.50269 0.0870358 0.0122542 0.0154956 0.120531
0 0.155941 0.670069 0.0159382 0.0294545 0.120162
0 0.94367 0.752543 0.013826 0.0270689 0.119342
0 0.777368 0.980607 0.0162346 0.0287597 0.118852
0 0.386593 0.408982 0.0146739 0.0269853 0.118794
0 0.0412313 0.138209 0.0286956 0.0412062 0.118466
0 0.190349 0.244064 0.0145307 0.0234559 0.118365
0 0.093651 0.0788125 0.0129332 0.0201555 0.117323
0 0.531031 0.122648 0.0137285 0.0189264 0.116622
0 0.567017 0.427221 0.0161366 0.020191 0.116335
0 0.55754 0.315737 0.0195258 0.0333464 0.116188
0 0.97248 0.118439 0.019315 0.028801 0.115829
0 0.347992 0.406424 0.0185755 0.027561 0.11539
0 0.576742 0.796684 0.0136351 0.0171963 0.115113
0 0.400872 0.125505 0.0182534 0.0302359 0.113309
0 0.591106 0.490433 0.0178814 0.0256153 0.113087
0 0.330366 0.919137 0.0166935 0.0287207 0.112127
0 0.692756 0.095963 0.0147198 0.0293191 0.111287
0 0.729145 0.632494 0.0248881 0.0300392 0.110731
0 0.680129 0.54066 0.0152327 0.0274376 0.10972
0 0.627805 0.443874 0.0185205 0.035598 0.109196
0 0.355 0.145201 0.0202321 0.035602 0.108325
0 0.501888 0.554012 0.0193136 0.0333445 0.108318
0 0.899892 0.924276 0.0132107 0.0326487 0.108183
0 0.792727 0.993621 0.0164932 0.0121913 0.107834
0 0.072539 0.104199 0.0199526 0.0310423 0.107544
0 0.909542 0.588839 0.0213829 0.034515 0.106585
0 0.66393 0.139047 0.0170306 0.0272005 0.105024
0 0.376441 0.029987 0.0158209 0.0271253 0.104485
0 0.520524 0.275072 0.0162894 0.0207109 0.104457
0 0.636836 0.482036 0.0107206 0.0249325 0.103103
0 0.642508 0.0286539 0.0165916 0.0317922 0.102891
0 0.0775874 0.0653911 0.0175949 0.0208475 0.100473
