0 0.659132 0.163674 0.024026 0.037525 0.661495
0 0.602127 0.180526 0.0245388 0.0403884 0.652095
0 0.674652 0.0899864 0.0188055 0.0313297 0.651431
0 0.623757 0.211703 0.0207587 0.0420867 0.648197
0 0.253823 0.0501491 0.0209307 0.0400018 0.647186
0 0.673822 0.209423 0.0321648 0.0547358 0.637475
0 0.381875 0.117262 0.020141 0.0407529 0.63504
0 0.412217 0.0597446 0.0215191 0.0346164 0.631588
0 0.527199 0.306581 0.0333015 0.0641746 0.628542
0 0.438063 0.0458865 0.024526 0.0417743 0.615742
0 0.659995 0.016437 0.018394 0.0307314 0.604556
0 0.0109317 0.228893 0.0215159 0.0413403 0.591195
0 0.815683 0.0471062 0.0345821 0.0673935 0.581591
0 0.306853 0.0568721 0.020789 0.0429423 0.57612
0 0.203751 0.223729 0.024586 0.0464479 0.575957
0 0.217569 0.0154079 0.0204993 0.0303444 0.573808
0 0.699793 0.224443 0.0214745 0.0438692 0.569595
0 0.43829 0.315386 0.0210775 0.0358806 0.564719
0 0.6122 0.0283673 0.0188307 0.0349858 0.563785
0 0.0403481 0.115052 0.0153714 0.0300168 0.559033
0 0.232099 0.21593 0.0233336 0.0393402 0.546514
0 0.404726 0.251745 0.026066 0.0438531 0.542319
0 0.28803 0.019924 0.0243024 0.038934 0.539382
0 0.446003 0.233999 0.0216349 0.0365495 0.53889
0 0.538023 0.0278119 0.0172995 0.0285024 0.533187
0 0.338347 0.0154487 0.0192324 0.0295507 0.515378
0 0.420837 0.0190027 0.027994 0.0376363 0.509143
0 0.771553 0.291979 0.0333542 0.0614405 0.505588
0 0.0263778 0.0383897 0.0145117 0.02897 0.498933
0 0.370547 0.0767151 0.0165382 0.0292316 0.495915
0 0.113592 0.137667 0.0194481 0.0325317 0.488503
0 0.134389 0.048645 0.031098 0.0480631 0.482339
0 0.43735 0.107493 0.0238953 0.0419641 0.48197
0 0.703737 0.0446209 0.0232131 0.0420203 0.47784
0 0.658241 0.0517382 0.011242 0.0253832 0.473963
0 0.354946 0.0624692 0.0174619 0.0337661 0.471451
0 0.382194 0.026427 0.0248089 0.0360543 0.46808
0 0.552967 0.0549366 0.0163895 0.02799 0.463517
0 0.0560021 0.180584 0.0206511 0.0399018 0.451421
0 0.392948 0.0724553 0.0184793 0.0353317 0.44892
0 0.312544 0.200191 0.0304754 0.0617328 0.444704
0 0.681035 0.0136067 0.0168564 0.0261676 0.440808
0 0.618171 0.282826 0.037096 0.0748878 0.440099
0 0.0406482 0.15359 0.0187437 0.0338187 0.433946
0 0.0642902 0.130295 0.0163398 0.0308578 0.422778
0 0.671403 0.0545975 0.016474 0.0275751 0.421703
0 0.6373 0.033664 0.0216141 0.041915 0.416258
0 0.336533 0.093942 0.0241161 0.0418478 0.414882
0 0.150711 0.0830446 0.0161488 0.0375854 0.414587
0 0.436798 0.268755 0.021847 0.0382946 0.414494
0 0.450182 0.0742609 0.0155474 0.0247276 0.410192
0 0.238251 0.168234 0.0142991 0.0338438 0.409899
0 0.0350751 0.0710401 0.0185782 0.0323244 0.405083
0 0.101932 0.267221 0.0187076 0.0400952 0.40226
0 0.64463 0.213072 0.0220422 0.041661 0.399634
0 0.582953 0.199782 0.0171907 0.0284217 0.395827
0 0.0770571 0.015853 0.0173757 0.0299429 0.395797
0 0.00750159 0.022836 0.0147817 0.0435571 0.393937
0 0.389113 0.214112 0.0254007 0.0396293 0.389588
0 0.562508 0.028038 0.0169922 0.0287199 0.382813
0 0.197013 0.0494667 0.0189859 0.0324858 0.380931
0 0.538219 0.0649154 0.0111003 0.02545 0.368475
0 0.323493 0.0317086 0.018084 0.0329526 0.366937
0 0.289932 0.136527 0.0129376 0.0254263 0.364314
0 0.525377 0.178657 0.0237196 0.0374591 0.361233
0 0.567571 0.080575 0.0182211 0.0323835 0.358213
0 0.119139 0.303958 0.0267336 0.0473746 0.354285
0 0.380386 0.164676 0.0244036 0.0409322 0.350821
0 0.274237 0.0722231 0.0217188 0.0382544 0.347493
0 0.192256 0.0133733 0.0194867 0.025226 0.347488
0 0.422142 0.0114119 0.0285683 0.0224617 0.347248
0 0.580441 0.0502547 0.0167521 0.028462 0.335515
0 0.0977998 0.0306927 0.0176052 0.0305733 0.334918
0 0.106655 0.197024 0.019759 0.0304305 0.333839
0 0.747953 0.0789984 0.024782 0.0506452 0.332219
0 0.506173 0.00998643 0.0180645 0.0191635 0.32505
0 0.674799 0.316924 0.0295346 0.0543219 0.321003
0 0.645243 0.313682 0.0246246 0.046452 0.319946
0 0.765588 0.211952 0.0436602 0.0748219 0.31598
0 0.613143 0.143147 0.0145117 0.0262501 0.31542
0 0.658617 0.123368 0.0234993 0.0372308 0.315323
0 0.575371 0.173105 0.0151727 0.0266474 0.313787
0 0.0725539 0.201259 0.0199756 0.0402734 0.30673
0 0.526909 0.0470418 0.0116837 0.0239871 0.296614
0 0.34748 0.194967 0.0273098 0.0468654 0.292062
0 0.488056 0.140933 0.0196153 0.0364075 0.291861
0 0.00427647 0.124734 0.0084953 0.0339916 0.281127
0 0.361127 0.0398295 0.0170971 0.024682 0.2776
0 0.469386 0.250635 0.0204639 0.0429893 0.27704
0 0.0822871 0.132304 0.0184045 0.0395142 0.276762
0 0.179548 0.244525 0.0195928 0.0265494 0.276058
0 0.458611 0.0290174 0.019093 0.0345852 0.272629
0 0.561149 0.0236635 0.0193251 0.0377895 0.270434
0 0.700207 0.122199 0.0216202 0.0389372 0.26736
0 0.20896 0.187803 0.0169645 0.033715 0.26551
0 0.139499 0.00918489 0.0194856 0.0181669 0.26413
0 0.41573 0.19405 0.0154943 0.037596 0.260999
0 0.661505 0.121448 0.0189522 0.0335445 0.260053
0 0.266916 0.0104732 0.0171342 0.0198194 0.259326
0 0.732011 0.325278 0.0321366 0.0526116 0.252753
0 0.182057 0.218024 0.0238145 0.0416311 0.251267
0 0.406607 0.144642 0.0171312 0.0290864 0.246644
0 0.546332 0.13012 0.0197829 0.0307993 0.244925
0 0.487401 0.194226 0.0250431 0.0377014 0.22937
0 0.478855 0.0425783 0.016062 0.0234514 0.228491
0 0.00718588 0.0339573 0.0141382 0.0250647 0.227909
0 0.653242 0.125045 0.0272172 0.0384755 0.22733
0 0.240008 0.0812197 0.0158237 0.033654 0.226068
0 0.42593 0.00975212 0.0243452 0.0189139 0.217233
0 0.649569 0.0863681 0.0246561 0.0381321 0.214908
0 0.480664 0.192524 0.0212395 0.0355461 0.212864
0 0.684192 0.0592216 0.00983315 0.0296731 0.211512
0 0.726008 0.283602 0.0314587 0.0604934 0.208678
0 0.157239 0.245525 0.0250092 0.040913 0.208034
0 0.576221 0.109234 0.0179478 0.0237961 0.207293
0 0.00647866 0.0289793 0.0129027 0.035601 0.207138
0 0.248318 0.00979793 0.0167357 0.0187188 0.206394
0 0.581517 0.0133034 0.0212954 0.0253954 0.205156
0 0.25647 0.167508 0.0179366 0.0287061 0.204121
0 0.490445 0.19699 0.0210665 0.0389339 0.204059
0 0.719257 0.0127971 0.021081 0.0248527 0.204039
0 0.267633 0.00787929 0.0170741 0.0155101 0.20254
0 0.546954 0.0853391 0.0127667 0.0205272 0.200129
0 0.130794 0.0481643 0.0252733 0.0431525 0.199537
0 0.0108093 0.0704145 0.0197413 0.0352438 0.199239
0 0.438545 0.14801 0.0139389 0.021642 0.198086
0 0.242483 0.11236 0.0157967 0.0253299 0.197921
0 0.645063 0.221822 0.024206 0.0484492 0.193963
0 0.536283 0.0642671 0.0113962 0.0245664 0.192642
0 0.521705 0.119087 0.0200884 0.032614 0.191493
0 0.688516 0.272925 0.0238279 0.0397701 0.189475
0 0.653181 0.0870914 0.020639 0.0368046 0.180179
0 0.639903 0.0359623 0.0181705 0.0383071 0.178266
0 0.644941 0.242708 0.0238161 0.0253555 0.176155
0 0.630535 0.165622 0.0170878 0.0333991 0.175768
0 0.468996 0.0760596 0.0156357 0.0256426 0.174607
0 0.317673 0.11293 0.014618 0.0307833 0.173745
0 0.687912 0.0239164 0.0160367 0.0270562 0.173341
0 0.659811 0.284234 0.0215141 0.0385668 0.170753
0 0.583835 0.0516766 0.0237457 0.0350838 0.170483
0 0.604858 0.235645 0.0209022 0.036832 0.170279
0 0.576551 0.176827 0.0154833 0.0252939 0.169125
0 0.0715331 0.0104646 0.0251662 0.0207459 0.168549
0 0.6375 0.169163 0.0162317 0.0312862 0.168012
0 0.656983 0.0513603 0.0148977 0.0301349 0.16589
0 0.0442055 0.0228132 0.0191597 0.0283127 0.164321
0 0.287259 0.0913166 0.0183824 0.0366921 0.163537
0 0.169018 0.0112267 0.0180667 0.0203375 0.163496
0 0.719352 0.163107 0.0182398 0.0375883 0.161233
0 0.340254 0.0189349 0.0183868 0.0340211 0.160692
0 0.500502 0.334394 0.0178144 0.0331242 0.159284
0 0.349634 0.200786 0.0301726 0.0594356 0.157925
0 0.462855 0.2853 0.0162167 0.0270447 0.156861
0 0.169145 0.00815731 0.0166485 0.0157936 0.156346
0 0.265367 0.142815 0.0136537 0.0270038 0.155979
0 0.237849 0.0375087 0.0106104 0.0255718 0.154004
0 0.4124 0.191611 0.017824 0.0375564 0.153809
0 0.405114 0.187132 0.0180865 0.0326608 0.152726
0 0.503494 0.00889299 0.022436 0.0172104 0.151836
0 0.236066 0.174394 0.0168027 0.032569 0.150764
0 0.720758 0.0709671 0.0204199 0.04112 0.150375
0 0.545346 0.258028 0.0223698 0.0460201 0.150124
0 0.241806 0.0830377 0.0124605 0.0276292 0.148033
0 0.113159 0.0057087 0.0174778 0.0114174 0.147621
0 0.0415929 0.303075 0.0206959 0.0352627 0.145157
0 0.117787 0.261201 0.0200866 0.0327766 0.143483
0 0.50306 0.271276 0.0229247 0.0376925 0.142945
0 0.0205326 0.174537 0.0195578 0.0426962 0.142884
0 0.537091 0.0240196 0.0174751 0.0256985 0.139295
0 0.616648 0.296995 0.0321017 0.0489425 0.137248
0 0.563784 0.0229595 0.0137747 0.0336583 0.136601
0 0.0795693 0.240213 0.0182273 0.0291875 0.136343
0 0.5789 0.24881 0.0296946 0.0599834 0.135744
0 0.141113 0.0465125 0.0219735 0.0362425 0.134936
0 0.731593 0.137229 0.0191575 0.0325815 0.130851
0 0.683167 0.0186267 0.0171815 0.0297091 0.130469
0 0.242148 0.0795216 0.0142021 0.0337707 0.127639
0 0.206234 0.18529 0.0165073 0.0340541 0.127394
0 0.684892 0.0228023 0.0198494 0.0306537 0.126194
0 0.0612923 0.10496 0.0180856 0.0217504 0.125547
0 0.156549 0.150003 0.0134091 0.026468 0.123108
0 0.0962977 0.0846938 0.0144841 0.0279077 0.122731
0 0.167403 0.0789424 0.0228788 0.0445247 0.122104
0 0.469891 0.243825 0.0227102 0.0425485 0.1221
0 0.667439 0.111854 0.013658 0.0308627 0.120778
0 0.0675089 0.00753508 0.0264434 0.0150702 0.118201
0 0.0489206 0.281048 0.0164967 0.0246832 0.116324
0 0.583141 0.0116431 0.0278042 0.022812 0.115705
0 0.459578 0.13292 0.0183077 0.0340297 0.115167
0 0.49795 0.304626 0.0188328 0.0284205 0.11509
0 0.733927 0.268544 0.0507769 0.0976142 0.114663
0 0.622656 0.111718 0.0128467 0.0293601 0.114575
0 0.138102 0.214853 0.0192239 0.0357936 0.1126
0 0.053289 0.060438 0.015388 0.0270149 0.112564
0 0.531657 0.0602752 0.0172589 0.0296356 0.11172
0 0.014112 0.0770704 0.0154457 0.0264369 0.111617
0 0.00589748 0.125419 0.0117174 0.0345879 0.111369
0 0.188975 0.082357 0.0168291 0.0246566 0.108867
0 0.490261 0.143707 0.0151602 0.033904 0.108115
0 0.729404 0.316018 0.0372078 0.0674922 0.10803
0 0.0615261 0.129406 0.0209402 0.0335048 0.106665
0 0.0156366 0.285187 0.0222168 0.0361926 0.106283
0 0.334229 0.0884563 0.0285389 0.0510944 0.105966
0 0.418132 0.202186 0.0185772 0.04816 0.10463
0 0.193489 0.0172885 0.0202068 0.0291562 0.104555
0 0.0710448 0.205538 0.0187718 0.0322481 0.104449
0 0.402566 0.185291 0.0156639 0.0318659 0.104438
0 0.0266424 0.247574 0.0163285 0.0358326 0.10406
0 0.626983 0.165773 0.0157412 0.0348541 0.103084
0 0.528189 0.0457558 0.0144281 0.0162429 0.102184
0 0.71974 0.0178136 0.0214649 0.028801 0.101435
0 0.449151 0.0715469 0.0171062 0.0189875 0.101085
0 0.0473256 0.284731 0.0176348 0.0270591 0.100667
