0 0.814769 0.219192 0.0267131 0.0411693 0.693483
0 0.512702 0.183756 0.0205635 0.0391914 0.692696
0 0.4843 0.805083 0.0220352 0.0512224 0.68959
0 0.891445 0.306449 0.0220055 0.0378775 0.689534
0 0.553889 0.329577 0.0216454 0.0360014 0.687249
0 0.694617 0.771473 0.0243702 0.0381122 0.687108
0 0.523141 0.384917 0.0219525 0.0453356 0.684809
0 0.553771 0.384135 0.0242645 0.0436442 0.67976
0 0.835712 0.197153 0.0213028 0.0352932 0.678258
0 0.343332 0.193351 0.0272562 0.0393933 0.673739
0 0.223281 0.485291 0.0209854 0.0388699 0.670339
0 0.0827468 0.84132 0.0240379 0.0421087 0.667536
0 0.466616 0.105402 0.0193405 0.039102 0.66375
0 0.242537 0.929932 0.0236451 0.0479797 0.660626
0 0.126161 0.528877 0.0182244 0.03425 0.656941
0 0.466394 0.307717 0.0155361 0.031662 0.656859
0 0.374193 0.966187 0.0219323 0.0443952 0.656803
0 0.817376 0.807883 0.0200779 0.0419193 0.656275
0 0.438497 0.884189 0.0175213 0.0335966 0.653136
0 0.574712 0.0690173 0.0154085 0.0273622 0.653106
0 0.282952 0.549419 0.0162319 0.0328467 0.65206
0 0.479157 0.39932 0.021344 0.0366085 0.651771
0 0.845221 0.366634 0.0163239 0.032379 0.651339
0 0.612153 0.953367 0.0211944 0.0350769 0.651004
0 0.27916 0.818311 0.0195178 0.0363423 0.650793
0 0.935549 0.611239 0.0166725 0.0313394 0.649851
0 0.443083 0.108701 0.0186162 0.0325837 0.649276
0 0.203974 0.559029 0.0184342 0.0373491 0.64792
0 0.589163 0.467281 0.0176581 0.0361337 0.647071
0 0.125571 0.0637806 0.0211112 0.0391692 0.646981
0 0.585149 0.422661 0.0239271 0.0445098 0.646231
0 0.25013 0.397164 0.0155533 0.0381741 0.646208
0 0.200716 0.645277 0.0184953 0.0327226 0.645329
0 0.899918 0.345856 0.0180286 0.0358674 0.643663
0 0.499436 0.941234 0.0180113 0.0329065 0.642756
0 0.691824 0.410954 0.0186315 0.0401134 0.642549
0 0.774647 0.248307 0.0244698 0.0378164 0.642148
0 0.0947439 0.613252 0.0214049 0.0420984 0.640339
0 0.319259 0.484684 0.0200758 0.034831 0.640167
0 0.137013 0.476863 0.0170163 0.0300738 0.639542
0 0.105176 0.804258 0.0182276 0.0315823 0.637981
0 0.398505 0.672756 0.0218494 0.0344118 0.637747
0 0.889202 0.551592 0.0131262 0.0351895 0.636208
0 0.557039 0.077906 0.0145161 0.0320781 0.63551
0 0.517298 0.433007 0.0198946 0.0400019 0.632957
0 0.950222 0.956431 0.0170776 0.0347171 0.632395
0 0.895293 0.817893 0.0203992 0.040348 0.632326
0 0.428153 0.92273 0.0212696 0.0388127 0.632238
0 0.0480386 0.387092 0.019811 0.0341751 0.63117
0 0.917884 0.114756 0.0181087 0.0328725 0.630537
0 0.942896 0.757286 0.0152252 0.03063 0.630342
0 0.948752 0.553442 0.0149059 0.0258553 0.6298
0 0.449929 0.373171 0.0193974 0.0349913 0.629707
0 0.231976 0.670741 0.0183244 0.0340615 0.629618
0 0.830513 0.305393 0.0186993 0.0340881 0.629586
0 0.580124 0.138487 0.0178618 0.0335031 0.629547
0 0.148542 0.0173913 0.0223843 0.032832 0.629073
0 0.171712 0.953287 0.0254848 0.042271 0.627438
0 0.112314 0.330593 0.017708 0.0307604 0.627092
0 0.649465 0.541692 0.0200122 0.0368537 0.626726
0 0.394206 0.838744 0.0169626 0.0338637 0.626157
0 0.622857 0.982026 0.0209358 0.0346663 0.625049
0 0.0771932 0.301442 0.013607 0.0281589 0.624063
0 0.133261 0.420611 0.0182943 0.0297407 0.623926
0 0.38204 0.30114 0.0196463 0.0385384 0.62374
0 0.22519 0.408446 0.0194383 0.0347402 0.623562
0 0.245265 0.867787 0.0187085 0.035309 0.623034
0 0.410895 0.789366 0.0227886 0.0532942 0.622962
0 0.577406 0.105047 0.0119262 0.023938 0.622339
0 0.687569 0.813465 0.0157173 0.0324653 0.622102
0 0.626996 0.262814 0.0161658 0.0349043 0.621953
0 0.0923108 0.131899 0.0194744 0.0383589 0.621844
0 0.185096 0.486014 0.0214415 0.0404271 0.621402
0 0.520749 0.674792 0.018635 0.0375509 0.621001
0 0.144599 0.372085 0.0187319 0.031094 0.619495
0 0.113338 0.587661 0.0128366 0.0262234 0.61947
0 0.227515 0.524378 0.0181155 0.0344576 0.618351
0 0.70185 0.844651 0.0136292 0.0252597 0.617646
0 0.623919 0.31846 0.0198927 0.0302069 0.616917
0 0.293262 0.684177 0.0164003 0.0352054 0.616318
0 0.613799 0.0241201 0.0157491 0.0303952 0.616256
0 0.647523 0.195102 0.0195152 0.0345118 0.615756
0 0.297595 0.901904 0.0200737 0.0328274 0.613734
0 0.119922 0.754744 0.0160057 0.0271966 0.612886
0 0.914462 0.612693 0.0216228 0.0411488 0.612771
0 0.0852173 0.380631 0.0145189 0.0313358 0.612589
0 0.978134 0.761576 0.0229599 0.0399957 0.612442
0 0.384457 0.342873 0.0176003 0.0330371 0.612189
0 0.171983 0.111125 0.0159116 0.0326165 0.611122
0 0.91064 0.23674 0.0223894 0.0400626 0.61073
0 0.0482826 0.0383515 0.0187392 0.0336706 0.610342
0 0.726457 0.475893 0.016384 0.0323938 0.610168
0 0.108768 0.547433 0.0136425 0.0286845 0.609855
0 0.39404 0.378012 0.015242 0.0326868 0.609353
0 0.666928 0.377548 0.0168123 0.0399628 0.609203
0 0.5481 0.155635 0.0235668 0.0460378 0.608354
0 0.974479 0.307303 0.0177837 0.0313716 0.607425
0 0.865949 0.771959 0.0153699 0.0318454 0.607171
0 0.704412 0.0712412 0.0211138 0.0383111 0.605745
0 0.454664 0.420047 0.0196166 0.0386534 0.604239
0 0.0363105 0.444909 0.0175339 0.0350039 0.603593
0 0.620811 0.648383 0.0184488 0.0326146 0.602657
0 0.442153 0.174769 0.0186142 0.0366407 0.602099
0 0.597866 0.177476 0.0142927 0.0282996 0.601679
0 0.157018 0.142863 0.0164095 0.027467 0.601012
0 0.284408 0.86441 0.0172073 0.0385067 0.600995
0 0.269962 0.899389 0.0166432 0.0276944 0.60068
0 0.1472 0.712505 0.0162162 0.0288534 0.600311
0 0.365871 0.0358882 0.0220373 0.0398713 0.600249
0 0.142984 0.118544 0.0164097 0.028305 0.599446
0 0.45605 0.144769 0.0215698 0.0309848 0.599284
0 0.247971 0.235845 0.0133912 0.0255417 0.598633
0 0.470841 0.945441 0.0198088 0.037383 0.598303
0 0.667082 0.41837 0.0125763 0.0242038 0.597806
0 0.0114606 0.472985 0.0167413 0.0302187 0.597321
0 0.894555 0.865539 0.0188412 0.0359192 0.597159
0 0.142255 0.158335 0.0146289 0.0327246 0.597047
0 0.755634 0.356334 0.0184876 0.036037 0.596421
0 0.785236 0.349546 0.0171445 0.0298105 0.596408
0 0.740932 0.672217 0.0178434 0.0371321 0.595918
0 0.871214 0.509098 0.0118332 0.0309719 0.595893
0 0.88256 0.886285 0.0181408 0.0373718 0.595838
0 0.186934 0.0916743 0.013307 0.03022 0.595285
0 0.240654 0.737891 0.0152166 0.0273661 0.595232
0 0.797416 0.607228 0.0160635 0.0336031 0.595229
0 0.19538 0.13872 0.0148187 0.0339871 0.594556
0 0.77013 0.622376 0.0185268 0.0375441 0.594312
0 0.611452 0.277693 0.0209717 0.0397945 0.594082
0 0.151969 0.0847838 0.015209 0.0278875 0.593918
0 0.0903071 0.73582 0.0174499 0.0300899 0.593032
0 0.748112 0.178976 0.0194359 0.0387767 0.592653
0 0.890727 0.379838 0.0156939 0.0292784 0.591441
0 0.459086 0.678688 0.0166018 0.0292291 0.590737
0 0.064108 0.623009 0.0140274 0.0309837 0.590533
0 0.399521 0.120035 0.0211533 0.0454106 0.590102
0 0.837365 0.415166 0.0167564 0.0369256 0.590003
0 0.846803 0.754773 0.0152462 0.0257328 0.589721
0 0.956602 0.510079 0.0173363 0.0285859 0.589647
0 0.472889 0.179705 0.0138998 0.0311042 0.588883
0 0.302831 0.145564 0.0145138 0.0292303 0.587759
0 0.726639 0.0590406 0.0198356 0.03845 0.587726
0 0.661627 0.841199 0.0156153 0.0317607 0.586094
0 0.646362 0.40408 0.0151398 0.0285923 0.586086
0 0.798337 0.371285 0.0153112 0.0284605 0.585016
0 0.220019 0.0557589 0.0144643 0.0220476 0.584469
0 0.818799 0.590036 0.023127 0.0344737 0.584233
0 0.947852 0.908296 0.020203 0.0527642 0.583575
0 0.642214 0.47952 0.0164782 0.0280525 0.583564
0 0.10036 0.365902 0.0172291 0.0339056 0.582299
0 0.692957 0.104885 0.0171154 0.0364719 0.581602
0 0.0445869 0.305986 0.0185657 0.0314007 0.580301
0 0.1267 0.196387 0.0191449 0.0403371 0.580163
0 0.207582 0.798953 0.0179516 0.0312634 0.579973
0 0.701468 0.516875 0.0217024 0.0372737 0.579553
0 0.318761 0.605998 0.0215021 0.0358837 0.579075
0 0.103558 0.761162 0.0148724 0.0283871 0.577922
0 0.509565 0.0414564 0.0119165 0.0276884 0.577763
0 0.708361 0.8739 0.0128853 0.0282932 0.577462
0 0.244209 0.55475 0.0147559 0.0260186 0.577373
0 0.663506 0.226712 0.0184708 0.0404567 0.577008
0 0.846298 0.787697 0.016671 0.030486 0.57683
0 0.0649545 0.284403 0.0117925 0.0243812 0.576683
0 0.378735 0.889229 0.016266 0.0398112 0.576654
0 0.975622 0.552822 0.014735 0.0285148 0.576251
0 0.445915 0.575683 0.0142242 0.0315155 0.575769
0 0.714913 0.293877 0.013885 0.0292767 0.575759
0 0.450237 0.485702 0.0254282 0.0406471 0.575457
0 0.156855 0.435927 0.0219158 0.0355398 0.575385
0 0.957676 0.221728 0.0137753 0.0280576 0.575144
0 0.557386 0.481733 0.0135406 0.0286504 0.574782
0 0.611724 0.731506 0.0143803 0.0305171 0.574753
0 0.315481 0.126575 0.0137815 0.0302748 0.574031
0 0.79395 0.844927 0.0161943 0.0395484 0.572652
0 0.576942 0.494964 0.0153553 0.0306373 0.572308
0 0.671978 0.590605 0.0147007 0.0326302 0.572007
0 0.144325 0.594663 0.0163977 0.0354787 0.571738
0 0.114015 0.119324 0.0196134 0.0319835 0.571158
0 0.0207449 0.0443284 0.013262 0.0275683 0.571103
0 0.617318 0.460933 0.0212427 0.0397554 0.569375
0 0.0654336 0.936038 0.0185996 0.0354513 0.569329
0 0.665101 0.800943 0.0122724 0.0308116 0.569265
0 0.0731873 0.23452 0.0162036 0.0308986 0.56893
0 0.228172 0.215883 0.0206436 0.0334797 0.567893
0 0.221751 0.0962271 0.0142646 0.0283211 0.567487
0 0.0655531 0.36807 0.0126559 0.021238 0.567413
0 0.759791 0.531259 0.0177082 0.0351978 0.566904
0 0.559131 0.256771 0.0182173 0.0351547 0.566242
0 0.0580114 0.776271 0.0150758 0.0294396 0.564972
0 0.255218 0.10788 0.0142128 0.0281683 0.564197
0 0.271067 0.97133 0.0175226 0.0328559 0.564154
0 0.343827 0.0452658 0.0188144 0.0364606 0.564066
0 0.302351 0.182428 0.0195138 0.0360279 0.562966
0 0.493149 0.270956 0.019379 0.0326427 0.562915
0 0.74154 0.32202 0.0161174 0.0279065 0.562083
0 0.742817 0.100418 0.0197159 0.0326281 0.561962
0 0.642495 0.614299 0.0175173 0.0344137 0.561614
0 0.965409 0.446347 0.0144871 0.0328284 0.56081
0 0.510732 0.0762208 0.0107 0.0238019 0.560643
0 0.704512 0.339401 0.0180445 0.038139 0.560342
0 0.637044 0.375876 0.0164629 0.0280487 0.559372
0 0.869288 0.275359 0.0175161 0.0351571 0.559108
0 0.644932 0.730546 0.0185862 0.0327942 0.558755
0 0.179904 0.163313 0.0151464 0.0316301 0.558607
0 0.964499 0.983521 0.0152365 0.0312455 0.558565
0 0.775428 0.835682 0.0107835 0.0280329 0.558333
0 0.223131 0.746239 0.0173193 0.031288 0.557947
0 0.699747 0.0384816 0.016347 0.0294455 0.557093
0 0.631906 0.220327 0.0174089 0.0305337 0.556906
0 0.432356 0.378724 0.0114223 0.0316627 0.556455
0 0.257755 0.577789 0.0156236 0.0276581 0.555834
0 0.0495977 0.910042 0.0189823 0.0331994 0.555189
0 0.240766 0.447237 0.0186416 0.0439061 0.555181
0 0.379699 0.735191 0.0194522 0.0339708 0.555002
0 0.181383 0.221284 0.0189102 0.0396179 0.554544
0 0.372897 0.192435 0.017878 0.0318587 0.554503
0 0.410429 0.70871 0.0181242 0.0320798 0.554058
0 0.351826 0.767586 0.016748 0.0300505 0.553213
0 0.204938 0.101007 0.0167836 0.031114 0.552631
0 0.832862 0.523478 0.0163052 0.0323962 0.552276
0 0.867559 0.440003 0.0132463 0.0303804 0.551836
0 0.262025 0.144246 0.0188747 0.0312226 0.55136
0 0.491739 0.192938 0.0178091 0.0311295 0.551326
0 0.691546 0.246658 0.023022 0.0509709 0.551304
0 0.221822 0.84555 0.0177071 0.0390808 0.550752
0 0.509308 0.509371 0.0157931 0.0298594 0.550737
0 0.390648 0.266737 0.0146322 0.0229097 0.549245
0 0.895605 0.413224 0.0138809 0.0213145 0.54919
0 0.4391 0.0617769 0.022703 0.0447775 0.548641
0 0.208295 0.609021 0.0146427 0.0274175 0.548368
0 0.944149 0.459182 0.0125309 0.023021 0.547161
0 0.139661 0.85754 0.0180603 0.0296573 0.545528
0 0.619519 0.172418 0.0225469 0.0344473 0.544446
0 0.0641862 0.729856 0.0144429 0.0304194 0.544182
0 0.813004 0.38465 0.0127209 0.0234623 0.543658
0 0.428261 0.545252 0.0217644 0.0398474 0.543051
0 0.812617 0.0898221 0.0181587 0.0422011 0.541364
0 0.260771 0.753589 0.013003 0.0282255 0.540642
0 0.585656 0.831011 0.013996 0.0282847 0.540282
0 0.714019 0.386637 0.0140373 0.0249169 0.540226
0 0.31427 0.528809 0.0137622 0.0227983 0.539952
0 0.397533 0.579911 0.0236867 0.0400487 0.539126
0 0.724662 0.323916 0.0135677 0.0310269 0.538954
0 0.229181 0.138265 0.0149185 0.0295358 0.53864
0 0.0925492 0.29552 0.0146997 0.025515 0.538271
0 0.367844 0.786219 0.0173733 0.0284865 0.537871
0 0.23753 0.265836 0.0120322 0.0337296 0.537805
0 0.648075 0.248902 0.0156389 0.0280846 0.5376
0 0.993732 0.335917 0.0125357 0.0377464 0.536663
0 0.84218 0.476416 0.0164045 0.0304697 0.536293
0 0.915672 0.571419 0.0132435 0.025253 0.53597
0 0.325272 0.280978 0.017534 0.0296954 0.53496
0 0.28684 0.981912 0.0200736 0.0351429 0.534906
0 0.265611 0.22406 0.0188079 0.0330525 0.534723
0 0.959906 0.411451 0.0155909 0.026233 0.534657
0 0.677825 0.0190703 0.0211767 0.0367733 0.534012
0 0.917879 0.850716 0.0198613 0.047386 0.533912
0 0.0124539 0.893854 0.0243423 0.0529586 0.53157
0 0.0263892 0.096968 0.0141078 0.0280892 0.531488
0 0.877725 0.351236 0.0163692 0.0273049 0.531428
0 0.776464 0.211391 0.0163364 0.0292991 0.530303
0 0.142903 0.779873 0.016147 0.0290144 0.528591
0 0.258432 0.970069 0.0110258 0.0307576 0.528433
0 0.142061 0.930823 0.0241407 0.0471485 0.527426
0 0.259344 0.69105 0.0161781 0.0314789 0.527253
0 0.906384 0.270206 0.0122599 0.0246793 0.526938
0 0.461091 0.977293 0.0214125 0.0339125 0.525401
0 0.980307 0.701531 0.016098 0.0324439 0.524756
0 0.34564 0.819409 0.0138933 0.0263438 0.524513
0 0.118668 0.264533 0.0145988 0.0276657 0.52374
0 0.30258 0.730634 0.0145218 0.0313117 0.522834
0 0.170888 0.642806 0.0245653 0.0350208 0.521428
0 0.228988 0.340405 0.0177621 0.0401339 0.521227
0 0.676632 0.702005 0.0127103 0.0253564 0.519586
0 0.367999 0.6321 0.0205833 0.0361165 0.519285
0 0.171602 0.0702698 0.0141747 0.024511 0.518606
0 0.244599 0.63274 0.0147653 0.0239046 0.518203
0 0.713845 0.749114 0.0182192 0.0335813 0.517428
0 0.0480768 0.262715 0.0129444 0.0266171 0.516445
0 0.268317 0.854837 0.0135627 0.0271613 0.516309
0 0.420479 0.207838 0.016373 0.0330634 0.516207
0 0.500225 0.0120394 0.0129814 0.0232526 0.515304
0 0.226486 0.785565 0.0113153 0.0271677 0.515151
0 0.916328 0.474932 0.0151356 0.0307661 0.514922
0 0.230668 0.0224917 0.0220214 0.0438448 0.514876
0 0.791691 0.314473 0.0137295 0.0335661 0.514215
0 0.153369 0.531593 0.0162152 0.0369914 0.513798
0 0.0861176 0.414823 0.0149018 0.0296981 0.512542
0 0.0713213 0.334818 0.0128331 0.0294386 0.51222
0 0.309679 0.309496 0.0175643 0.0321161 0.511977
0 0.60988 0.785168 0.00956574 0.0251868 0.511938
0 0.0534895 0.567017 0.0182616 0.0371443 0.511824
0 0.770531 0.561016 0.0144817 0.0286496 0.511105
0 0.402061 0.537118 0.0136121 0.0296939 0.510831
0 0.740204 0.419176 0.00983162 0.0358919 0.510318
0 0.0422632 0.540776 0.0175404 0.0266593 0.50982
0 0.882908 0.928647 0.0174561 0.0327516 0.509386
0 0.924668 0.51417 0.0147995 0.0280971 0.50901
0 0.613997 0.610222 0.0141834 0.0363022 0.508823
0 0.0551486 0.439952 0.0174681 0.0305259 0.508483
0 0.226441 0.568353 0.0151964 0.0313785 0.508374
0 0.938819 0.721354 0.0152702 0.0280658 0.507302
0 0.206474 0.685378 0.0162249 0.0317777 0.506085
0 0.181709 0.761419 0.0221168 0.036937 0.505789
0 0.926653 0.209961 0.015366 0.0289467 0.504213
0 0.473899 0.354679 0.0207333 0.0354118 0.501345
0 0.117196 0.665784 0.0146135 0.034474 0.5002
0 0.68067 0.889219 0.017034 0.0345296 0.500172
0 0.536767 0.304461 0.0122175 0.0283018 0.499737
0 0.260708 0.487055 0.0195907 0.0300786 0.499129
0 0.791882 0.571426 0.0100903 0.0268668 0.498476
0 0.192757 0.983293 0.0145602 0.029734 0.49569
0 0.555017 0.03766 0.0212048 0.0365539 0.495425
0 0.902447 0.584112 0.0117081 0.0243403 0.495321
0 0.601272 0.814317 0.0159435 0.0283003 0.493805
0 0.499977 0.358445 0.0172447 0.0309522 0.492101
0 0.564458 0.124661 0.0122063 0.0207253 0.4919
0 0.29918 0.506266 0.0173864 0.0305186 0.49158
0 0.714945 0.15373 0.015163 0.0199402 0.489758
0 0.0402451 0.0901797 0.0122744 0.0221104 0.489646
0 0.356959 0.351761 0.0126706 0.0276253 0.489355
0 0.592085 0.0910984 0.0134714 0.0286552 0.489065
0 0.531214 0.120616 0.0162564 0.0284572 0.488642
0 0.84679 0.326364 0.0143435 0.0325961 0.488639
0 0.0101426 0.0757481 0.0163545 0.0288354 0.486373
0 0.166115 0.682821 0.0216097 0.0375536 0.486142
0 0.0190329 0.526153 0.0186547 0.0363523 0.485449
0 0.629485 0.776487 0.0160145 0.0316976 0.485327
0 0.667777 0.981483 0.0139254 0.034494 0.485193
0 0.177255 0.729556 0.0189343 0.0291789 0.484745
0 0.855892 0.620292 0.0192066 0.0297859 0.484542
0 0.865738 0.550356 0.0133106 0.0269433 0.484031
0 0.890835 0.127124 0.0234276 0.0482909 0.482731
0 0.307756 0.928368 0.0160879 0.0218031 0.482512
0 0.466172 0.226988 0.0148123 0.0304274 0.481764
0 0.415114 0.363914 0.0140362 0.0254778 0.48137
0 0.85664 0.676848 0.0166077 0.0241717 0.481313
0 0.0443196 0.602447 0.0208491 0.0363552 0.481242
0 0.629151 0.93236 0.0144676 0.0292597 0.480942
0 0.402833 0.0363992 0.0287531 0.0534308 0.479756
0 0.460717 0.560314 0.0188232 0.0345031 0.479622
0 0.929669 0.142727 0.0234474 0.0349802 0.479453
0 0.646493 0.0150571 0.0216337 0.0297216 0.478694
0 0.870823 0.39063 0.0193169 0.0389699 0.47705
0 0.77086 0.156382 0.0186046 0.0325745 0.476968
0 0.356583 0.513704 0.0122847 0.0298024 0.475468
0 0.314584 0.0412546 0.0139463 0.0302189 0.474652
0 0.792264 0.71184 0.0185558 0.0341456 0.474451
0 0.290616 0.217348 0.020089 0.0324383 0.474066
0 0.00849819 0.132295 0.0149333 0.0277271 0.473753
0 0.786207 0.0870282 0.0127869 0.0234881 0.473334
0 0.32063 0.164097 0.0168999 0.029718 0.470695
0 0.629452 0.126187 0.0180368 0.0271735 0.469576
0 0.654659 0.44524 0.0164073 0.0379488 0.468843
0 0.00424328 0.504779 0.00846252 0.0308672 0.468564
0 0.605387 0.0846627 0.0137076 0.0248729 0.468347
0 0.476465 0.26162 0.0144678 0.0287643 0.467893
0 0.227705 0.609703 0.0185101 0.0337482 0.467181
0 0.00479598 0.208676 0.00953015 0.0497609 0.466923
0 0.825269 0.909516 0.0177597 0.0350086 0.466209
0 0.177859 0.553515 0.0203755 0.0335517 0.465219
0 0.822777 0.848834 0.0162889 0.0310365 0.464872
0 0.0154951 0.677963 0.0159935 0.0279821 0.464814
0 0.963415 0.828225 0.0229866 0.0525491 0.463961
0 0.220155 0.250304 0.0153111 0.0330841 0.463232
0 0.0199446 0.272581 0.0143808 0.0271734 0.461901
0 0.252104 0.783121 0.0158015 0.02343 0.461867
0 0.142952 0.324434 0.0144284 0.0305873 0.461831
0 0.313643 0.6889 0.0182141 0.0319495 0.461768
0 0.885697 0.663523 0.0202988 0.036685 0.461423
0 0.531903 0.270133 0.0186731 0.0274458 0.460368
0 0.764915 0.867824 0.00945326 0.0294746 0.460303
0 0.889426 0.258366 0.0153122 0.0254798 0.460055
0 0.67196 0.453153 0.0153486 0.0264305 0.459057
0 0.770588 0.910653 0.0126122 0.0266174 0.458983
0 0.349394 0.72731 0.0244027 0.0402618 0.458668
0 0.898348 0.17143 0.0185841 0.0368948 0.457846
0 0.165563 0.836173 0.0163245 0.0293121 0.457454
0 0.475406 0.524336 0.0161562 0.0341501 0.456718
0 0.683743 0.975515 0.0148219 0.0268632 0.456609
0 0.947112 0.411268 0.0103399 0.023835 0.456351
0 0.512625 0.635531 0.0178497 0.0379605 0.454676
0 0.646223 0.948035 0.0162651 0.0286535 0.454362
0 0.478095 0.643546 0.0142397 0.026585 0.454262
0 0.775593 0.718253 0.0144568 0.0277253 0.4541
0 0.623307 0.869184 0.0172934 0.0320855 0.453657
0 0.355593 0.86154 0.021021 0.0393231 0.452302
0 0.837325 0.143745 0.0136948 0.0298651 0.450304
0 0.727444 0.513676 0.0148878 0.0280183 0.449742
0 0.590801 0.70792 0.0201786 0.0412676 0.449009
0 0.766159 0.802189 0.0152772 0.0351966 0.446121
0 0.65174 0.315586 0.0149378 0.042061 0.446082
0 0.771477 0.178097 0.0179203 0.0323416 0.445948
0 0.956436 0.667514 0.0157945 0.0258321 0.443325
0 0.241233 0.975224 0.0155288 0.0297051 0.442906
0 0.613878 0.202366 0.0130389 0.020902 0.442625
0 0.785064 0.384221 0.00910918 0.0254454 0.441886
0 0.274218 0.172849 0.02034 0.0327001 0.441648
0 0.499421 0.57897 0.0202946 0.0451852 0.441568
0 0.826357 0.0591842 0.0119274 0.0276228 0.44093
0 0.490064 0.97727 0.0163817 0.0362905 0.439247
0 0.821267 0.753857 0.0155041 0.0301315 0.438386
0 0.180439 0.452081 0.0158822 0.0234635 0.438161
0 0.576207 0.551688 0.0163076 0.0274633 0.437839
0 0.823836 0.261794 0.0195002 0.0292854 0.437735
0 0.853196 0.133104 0.0137899 0.0242814 0.43657
0 0.515462 0.931464 0.0113323 0.0252268 0.435184
0 0.185647 0.0334615 0.0178596 0.0333997 0.434668
0 0.655891 0.914597 0.0196149 0.0411953 0.433077
0 0.621679 0.397457 0.0144826 0.0337258 0.432084
0 0.312922 0.554454 0.0170693 0.02598 0.431551
0 0.132567 0.664659 0.012153 0.0263221 0.431545
0 0.02728 0.947263 0.0243328 0.047974 0.431002
0 0.69175 0.447599 0.0164686 0.0258048 0.430518
0 0.787684 0.885502 0.0170982 0.0303904 0.429989
0 0.578695 0.365252 0.0151759 0.0287224 0.429595
0 0.574591 0.873245 0.0161649 0.0357617 0.429395
0 0.579457 0.922115 0.0149429 0.0287981 0.429272
0 0.396466 0.22028 0.0168379 0.0336114 0.428314
0 0.793162 0.769649 0.0305889 0.0510732 0.427569
0 0.112696 0.931889 0.0204824 0.0345694 0.427294
0 0.265695 0.643696 0.017303 0.0309387 0.426691
0 0.801065 0.451069 0.0145919 0.0257948 0.426001
0 0.0424172 0.675532 0.0213597 0.0351954 0.4246
0 0.953604 0.286784 0.0154457 0.0311957 0.422605
0 0.199856 0.874172 0.019628 0.0369056 0.422319
0 0.870334 0.854308 0.0140203 0.0326021 0.421972
0 0.726799 0.198125 0.0225452 0.0377881 0.421459
0 0.936021 0.103116 0.0151215 0.030186 0.421236
0 0.31768 0.9847 0.0155065 0.0287772 0.419425
0 0.405634 0.887721 0.0186988 0.0377567 0.419135
0 0.962978 0.611544 0.0170043 0.02872 0.418919
0 0.588003 0.239576 0.0165199 0.0368579 0.418813
0 0.459551 0.145565 0.0188023 0.0321852 0.418431
0 0.817419 0.0135037 0.0189617 0.0266472 0.416561
0 0.373927 0.811269 0.0163461 0.032314 0.414391
0 0.200154 0.199285 0.0159273 0.0286788 0.413343
0 0.995927 0.297874 0.00814667 0.0287677 0.412658
0 0.96912 0.734376 0.012608 0.0258025 0.412497
0 0.0509604 0.140551 0.0163323 0.0272796 0.411312
0 0.891439 0.619264 0.0159973 0.0237461 0.41014
0 0.299836 0.0479824 0.0143107 0.0306976 0.409908
0 0.271509 0.454082 0.0147289 0.0285797 0.409406
0 0.319694 0.0835115 0.0129597 0.0253983 0.407388
0 0.680321 0.300469 0.0185631 0.039142 0.407266
0 0.0322804 0.254306 0.0124889 0.027731 0.404802
0 0.365082 0.310867 0.0121147 0.0257368 0.404027
0 0.114513 0.159261 0.0161203 0.0356384 0.402191
0 0.991722 0.240802 0.0165556 0.0345357 0.401571
0 0.395457 0.752909 0.0147186 0.0307209 0.400264
0 0.293488 0.287138 0.0159384 0.0267466 0.4001
0 0.183826 0.342514 0.0172468 0.0335894 0.399878
0 0.688943 0.852132 0.0118601 0.0256554 0.399266
0 0.369462 0.455954 0.0178209 0.0324248 0.398572
0 0.955928 0.484616 0.0167336 0.0305693 0.396482
0 0.834953 0.663456 0.0127647 0.0270053 0.396134
0 0.877253 0.0750141 0.0185069 0.0336089 0.395797
0 0.15647 0.987977 0.0252154 0.0231491 0.395564
0 0.0813758 0.338111 0.0131816 0.0349588 0.395197
0 0.812929 0.339392 0.017127 0.0305086 0.394182
0 0.779579 0.515164 0.0145735 0.0252074 0.392286
0 0.964641 0.339549 0.0150124 0.0338114 0.391144
0 0.0452145 0.22883 0.0151987 0.0247704 0.388898
0 0.932404 0.576978 0.0138969 0.024385 0.388652
0 0.478823 0.0245661 0.0172902 0.0264501 0.388236
0 0.592427 0.566332 0.0146202 0.0291148 0.388065
0 0.133381 0.821471 0.0135277 0.0232045 0.387838
0 0.244659 0.120525 0.0109248 0.0278965 0.386989
0 0.125546 0.384093 0.0122246 0.0299416 0.386892
0 0.967074 0.268405 0.0204033 0.043106 0.386574
0 0.620062 0.90965 0.0150219 0.0218248 0.385607
0 0.0458713 0.712849 0.0140738 0.0206485 0.385494
0 0.258969 0.266037 0.0132896 0.0351284 0.383271
0 0.933208 0.427986 0.0110487 0.0323829 0.383039
0 0.445679 0.631302 0.014147 0.030696 0.382791
0 0.659169 0.275045 0.014558 0.0282913 0.382706
0 0.891929 0.869114 0.0179199 0.0353143 0.382688
0 0.24299 0.123854 0.0125173 0.0304587 0.380985
0 0.0366643 0.678842 0.0151117 0.0309187 0.380455
0 0.0305372 0.644421 0.0163472 0.027068 0.380198
0 0.819877 0.535633 0.0120533 0.0270871 0.379982
0 0.459952 0.0324493 0.0128321 0.0284985 0.379897
0 0.049049 0.800255 0.0127898 0.0216451 0.379796
0 0.48589 0.298124 0.0148142 0.0202882 0.379529
0 0.619409 0.574208 0.0185529 0.0297574 0.379446
0 0.847371 0.245273 0.0196018 0.0331276 0.37926
0 0.339948 0.348838 0.0169257 0.0319259 0.378889
0 0.871354 0.474193 0.013615 0.026881 0.378862
0 0.555851 0.686216 0.0219653 0.0361044 0.37793
0 0.629869 0.0967929 0.0203652 0.0297527 0.375551
0 0.54155 0.205207 0.0217463 0.0340409 0.375116
0 0.242637 0.0840731 0.0174602 0.0279021 0.374409
0 0.782111 0.011162 0.0181388 0.0210869 0.373945
0 0.792941 0.0400144 0.0194796 0.0315554 0.373481
0 0.79045 0.133722 0.0136724 0.0256621 0.372676
0 0.792016 0.478794 0.0126933 0.0282168 0.372341
0 0.366067 0.104721 0.0132608 0.0206727 0.372
0 0.777195 0.281799 0.0171088 0.0262769 0.371513
0 0.338858 0.968884 0.0179817 0.0298374 0.371488
0 0.3223 0.212999 0.0195377 0.0362108 0.370065
0 0.179346 0.395403 0.0156845 0.0361246 0.369651
0 0.689488 0.658326 0.0131392 0.0206671 0.369415
0 0.0604294 0.863778 0.0156168 0.0268389 0.368807
0 0.604036 0.395882 0.012387 0.0388585 0.368377
0 0.346985 0.243215 0.017612 0.0338878 0.368115
0 0.771729 0.167752 0.0196095 0.0514351 0.368057
0 0.922948 0.516697 0.0179249 0.0339985 0.367288
0 0.337692 0.100684 0.0159922 0.0271529 0.366465
0 0.851318 0.946706 0.0162632 0.0427497 0.365373
0 0.720669 0.561841 0.024121 0.0343922 0.364962
0 0.498233 0.0672378 0.0163319 0.0261427 0.364425
0 0.203655 0.950876 0.0212167 0.0341739 0.362939
0 0.382408 0.152622 0.0188139 0.0317968 0.36287
0 0.517752 0.246054 0.0184685 0.0308423 0.362436
0 0.0135413 0.306268 0.0141429 0.0224603 0.362341
0 0.687019 0.852053 0.013457 0.0274048 0.362002
0 0.87432 0.719922 0.0184921 0.0331519 0.361573
0 0.426818 0.510273 0.0124529 0.0207981 0.361098
0 0.534792 0.819913 0.0217614 0.0397207 0.361059
0 0.856999 0.409641 0.0147526 0.0274031 0.359124
0 0.653247 0.680932 0.0170886 0.0312407 0.358485
0 0.48369 0.753823 0.0156687 0.0324626 0.358043
0 0.129768 0.691928 0.0110558 0.0221298 0.357668
0 0.120521 0.463231 0.0135734 0.0256714 0.357109
0 0.831633 0.0223351 0.0178488 0.0316318 0.35511
0 0.321644 0.363803 0.0131212 0.016448 0.354754
0 0.341814 0.597055 0.0156462 0.0255879 0.353349
0 0.01832 0.184975 0.0159366 0.0313078 0.353159
0 0.877967 0.231545 0.0163488 0.0314511 0.352839
0 0.602436 0.755558 0.0102732 0.0228356 0.352515
0 0.0874595 0.926432 0.0180109 0.032192 0.35247
0 0.0355391 0.74345 0.01698 0.0416294 0.35104
0 0.917208 0.443962 0.0127617 0.0241223 0.350657
0 0.324039 0.946532 0.0178275 0.0315213 0.35007
0 0.710675 0.452809 0.0159403 0.0193642 0.348812
0 0.899018 0.959479 0.0187469 0.0289354 0.347994
0 0.723612 0.704108 0.0202412 0.0349074 0.347109
0 0.0332242 0.194541 0.0165322 0.0303503 0.346174
0 0.325681 0.63692 0.0146559 0.0216291 0.346052
0 0.386821 0.707491 0.0171472 0.027928 0.345376
0 0.720737 0.409822 0.0146709 0.022875 0.345258
0 0.978074 0.505548 0.0132053 0.0233846 0.34405
0 0.715858 0.9043 0.0146437 0.0280334 0.343889
0 0.745693 0.636536 0.0106859 0.0228798 0.343832
0 0.853455 0.835582 0.0171398 0.0337755 0.343271
0 0.701664 0.802286 0.0103834 0.0243449 0.342001
0 0.453633 0.528903 0.0142366 0.0240772 0.341557
0 0.964974 0.542772 0.0099083 0.0283794 0.341478
0 0.69335 0.335585 0.012606 0.0311768 0.340615
0 0.0129595 0.940413 0.015193 0.0309207 0.340315
0 0.0514879 0.109961 0.0177512 0.0298702 0.340082
0 0.399481 0.948416 0.0190631 0.0366187 0.339568
0 0.51097 0.330035 0.0173302 0.0287706 0.339387
0 0.606408 0.118632 0.0161489 0.027212 0.33876
0 0.295871 0.112865 0.0174138 0.0281385 0.338534
0 0.793876 0.410692 0.015836 0.0311459 0.338281
0 0.70255 0.939725 0.0169058 0.0301722 0.336976
0 0.0261808 0.302535 0.0111539 0.0192217 0.336535
0 0.865353 0.811453 0.0144711 0.0253699 0.336159
0 0.293571 0.393574 0.0152864 0.0295724 0.335095
0 0.0382481 0.983917 0.0116643 0.0300464 0.332294
0 0.760678 0.677205 0.0137703 0.0244161 0.331319
0 0.136583 0.970959 0.0184409 0.0317525 0.330935
0 0.485612 0.136318 0.0130362 0.0248824 0.330529
0 0.189858 0.581432 0.0114267 0.0259757 0.330229
0 0.965538 0.583272 0.0121861 0.0203334 0.329845
0 0.856375 0.170918 0.0234192 0.0388809 0.32983
0 0.891275 0.509973 0.0135044 0.0222502 0.329775
0 0.460418 0.888646 0.017594 0.0238954 0.328925
0 0.602236 0.145038 0.0137162 0.0209561 0.32861
0 0.180119 0.558824 0.01976 0.023814 0.328144
0 0.260813 0.8327 0.0122288 0.0223158 0.327875
0 0.555802 0.915783 0.0206314 0.0396627 0.326372
0 0.714236 0.790851 0.0115158 0.0268309 0.326041
0 0.814945 0.879014 0.0140619 0.0207489 0.325753
0 0.120523 0.72528 0.0140399 0.0262341 0.325601
0 0.957949 0.380353 0.0150586 0.0299389 0.325113
0 0.222393 0.989541 0.0172702 0.0200434 0.324959
0 0.243706 0.452721 0.0198177 0.0373324 0.32491
0 0.733441 0.441035 0.0151974 0.0237191 0.324691
0 0.426002 0.123479 0.0109823 0.0355422 0.323636
0 0.588463 0.0370182 0.0158253 0.0304321 0.321949
0 0.505648 0.745986 0.0225327 0.0398527 0.321112
0 0.951257 0.154214 0.0142365 0.0233438 0.320931
0 0.833154 0.94442 0.0160629 0.0275582 0.319715
0 0.932943 0.556569 0.0131664 0.0242644 0.319041
0 0.762323 0.490166 0.0159636 0.0333275 0.318198
0 0.793965 0.36255 0.0147575 0.0199393 0.316559
0 0.33224 0.755925 0.0170471 0.0316616 0.316537
0 0.821199 0.45076 0.0136826 0.0233639 0.313202
0 0.430844 0.987119 0.0196571 0.0253141 0.312428
0 0.811443 0.478138 0.0164997 0.0349588 0.312288
0 0.129812 0.30191 0.0138902 0.0277797 0.312053
0 0.182357 0.161177 0.0145244 0.0295256 0.311938
0 0.637831 0.8673 0.0137258 0.0312788 0.311064
0 0.0701271 0.096589 0.0190402 0.0375704 0.310255
0 0.459025 0.603628 0.0132202 0.0214297 0.310161
0 0.751904 0.0517228 0.0146177 0.0307079 0.309981
0 0.245431 0.0876178 0.0159245 0.023597 0.308739
0 0.95724 0.785639 0.0116665 0.0284719 0.308215
0 0.067973 0.493201 0.0179609 0.0297448 0.30795
0 0.00787773 0.0996618 0.0142494 0.0217315 0.307471
0 0.993194 0.610734 0.0136061 0.0230039 0.306785
0 0.107308 0.476333 0.0111416 0.0255382 0.305947
0 0.676861 0.755153 0.0134749 0.0225294 0.305624
0 0.618111 0.527769 0.0183963 0.0340161 0.304546
0 0.592931 0.617648 0.0190731 0.0324643 0.303858
0 0.207404 0.497913 0.0123778 0.030013 0.303622
0 0.255473 0.268435 0.020135 0.0376555 0.303384
0 0.293088 0.589355 0.0182187 0.0314763 0.30334
0 0.220883 0.909169 0.0125549 0.0247871 0.303318
0 0.112961 0.0915736 0.0189435 0.0247037 0.302594
0 0.686318 0.377621 0.016943 0.0246282 0.301117
0 0.151452 0.648164 0.0112806 0.0260028 0.300288
0 0.072803 0.101368 0.0165436 0.0338663 0.29988
0 0.074117 0.174514 0.0198107 0.0228712 0.299861
0 0.970054 0.0104076 0.0180515 0.0207901 0.29981
0 0.580964 0.348765 0.0179982 0.0346886 0.297627
0 0.51616 0.251495 0.0206807 0.0393069 0.296735
0 0.0230985 0.221721 0.0130571 0.0224798 0.295997
0 0.321601 0.660313 0.0182791 0.0297025 0.295832
0 0.0143921 0.748955 0.015991 0.0276386 0.295096
0 0.302868 0.462142 0.0141684 0.0292956 0.294245
0 0.853563 0.293894 0.014946 0.0264134 0.294197
0 0.793225 0.68346 0.0180422 0.0316011 0.294046
0 0.00614163 0.64048 0.0115979 0.0279021 0.294
0 0.127541 0.72787 0.0125465 0.0265115 0.293284
0 0.905597 0.653226 0.0174725 0.0291089 0.293224
0 0.0692123 0.088788 0.0192378 0.035491 0.292883
0 0.601517 0.323795 0.0147051 0.0335768 0.292747
0 0.00698194 0.0365616 0.0138277 0.0255997 0.291778
0 0.95276 0.704903 0.0116413 0.0265207 0.291154
0 0.647394 0.0580805 0.0209325 0.0380675 0.290698
0 0.26359 0.535868 0.0180522 0.0391791 0.290528
0 0.297241 0.251059 0.0165758 0.0329405 0.290168
0 0.469328 0.618402 0.0173668 0.0270805 0.289271
0 0.0787153 0.336818 0.0140908 0.0338136 0.288417
0 0.821892 0.257758 0.020076 0.0366286 0.288203
0 0.155121 0.815403 0.0195911 0.0330876 0.287863
0 0.0577356 0.338625 0.014045 0.0263847 0.285885
0 0.57105 0.744734 0.0158234 0.0282965 0.285352
0 0.297555 0.945735 0.0164625 0.0312164 0.284238
0 0.319717 0.21604 0.0238119 0.0398378 0.2842
0 0.755147 0.391716 0.0184198 0.0255638 0.28387
0 0.340866 0.301698 0.0129092 0.0214219 0.283847
0 0.480715 0.0755135 0.0165331 0.021374 0.283537
0 0.12832 0.586966 0.0128147 0.0275521 0.283224
0 0.657469 0.447838 0.0114995 0.038865 0.283116
0 0.747341 0.868697 0.0196397 0.0381009 0.283018
0 0.915508 0.765554 0.0171572 0.0310855 0.281311
0 0.0479846 0.833092 0.0119307 0.0260189 0.281253
0 0.798137 0.545316 0.016924 0.0314167 0.280442
0 0.0328066 0.120222 0.0135029 0.0227494 0.279642
0 0.589637 0.663777 0.0192651 0.035875 0.279331
0 0.0764794 0.80143 0.0192328 0.0274935 0.278389
0 0.479271 0.895369 0.0167822 0.030565 0.276697
0 0.601498 0.366339 0.0152163 0.0259307 0.276587
0 0.703858 0.662797 0.0120428 0.0174313 0.27639
0 0.206102 0.947709 0.0255558 0.0438938 0.274855
0 0.67325 0.120956 0.0165811 0.029499 0.273518
0 0.665371 0.516772 0.0131503 0.0244514 0.273475
0 0.965031 0.126049 0.0130386 0.0263953 0.273268
0 0.831561 0.987647 0.0163344 0.0232727 0.271499
0 0.63962 0.703675 0.0138441 0.0186396 0.270906
0 0.86958 0.967951 0.0194584 0.0337626 0.268193
0 0.336775 0.536132 0.0196098 0.0290018 0.267939
0 0.72294 0.407874 0.015834 0.0237332 0.267489
0 0.846643 0.269586 0.0169201 0.0184031 0.266468
0 0.678389 0.350829 0.0134842 0.0184389 0.26607
0 0.27537 0.0810217 0.0130918 0.0209095 0.264693
0 0.932925 0.351328 0.00955289 0.0311624 0.263889
0 0.626659 0.741394 0.0142548 0.0200877 0.263558
0 0.84657 0.0992053 0.0151962 0.0285218 0.263279
0 0.0723057 0.895711 0.0141683 0.0258731 0.263052
0 0.645896 0.0731944 0.0201168 0.0342918 0.262884
0 0.409567 0.401925 0.0130781 0.0257735 0.262226
0 0.164151 0.8329 0.0191085 0.0347873 0.262002
0 0.796005 0.192744 0.012986 0.0208585 0.260583
0 0.0150529 0.383743 0.0120627 0.0225564 0.260122
0 0.284371 0.475061 0.0133186 0.0268568 0.259815
0 0.64361 0.0766371 0.017013 0.027705 0.259316
0 0.850604 0.0641477 0.0232666 0.045703 0.258927
0 0.506532 0.472463 0.0179678 0.0263796 0.258659
0 0.91586 0.715367 0.0149372 0.0305591 0.257793
0 0.669314 0.320119 0.0117748 0.0282149 0.257776
0 0.532603 0.0844167 0.0150076 0.0238273 0.256746
0 0.414162 0.503363 0.0153381 0.0278358 0.25668
0 0.590714 0.0393863 0.0184923 0.0306855 0.25652
0 0.579431 0.360189 0.01752 0.03431 0.256491
0 0.281239 0.920738 0.0130705 0.0200965 0.256115
0 0.0650161 0.491092 0.0207804 0.0323659 0.255869
0 0.775788 0.110634 0.0161224 0.0301235 0.255649
0 0.577394 0.107344 0.0147608 0.0248183 0.254854
0 0.994202 0.297226 0.0115965 0.0288444 0.254626
0 0.28739 0.242348 0.0173236 0.0254954 0.253659
0 0.574026 0.804858 0.0173941 0.027221 0.253478
0 0.964895 0.0928312 0.0169167 0.0309485 0.252956
0 0.95251 0.178498 0.0161633 0.024382 0.251091
0 0.0218132 0.990181 0.0156836 0.0191106 0.250975
0 0.641286 0.806922 0.019116 0.0414429 0.250914
0 0.589602 0.964879 0.0144335 0.0318068 0.249631
0 0.98014 0.137968 0.0151886 0.0211598 0.249543
0 0.648045 0.0529722 0.019589 0.0297487 0.248872
0 0.831392 0.516521 0.0165054 0.0335795 0.248411
0 0.995967 0.475503 0.00806681 0.0389431 0.246085
0 0.834329 0.879361 0.0121555 0.0185593 0.245942
0 0.538131 0.759526 0.0115797 0.0327861 0.244033
0 0.61646 0.0602673 0.0126946 0.0212227 0.243554
0 0.730102 0.892979 0.015773 0.0419332 0.243017
0 0.264996 0.531813 0.0215339 0.0431044 0.24213
0 0.48136 0.642644 0.013471 0.0268168 0.241548
0 0.33996 0.972718 0.0234429 0.036438 0.241466
0 0.0315244 0.875243 0.018963 0.032468 0.240859
0 0.676744 0.846515 0.0125694 0.0247389 0.240643
0 0.0436592 0.664064 0.0204203 0.0262 0.239814
0 0.530321 0.0574836 0.0169263 0.025983 0.239003
0 0.690841 0.717942 0.012571 0.0367072 0.238552
0 0.925519 0.65941 0.0130135 0.0241094 0.237815
0 0.0191154 0.563557 0.0181485 0.0232477 0.23727
0 0.76254 0.0527867 0.0133314 0.0295695 0.237255
0 0.00402729 0.283422 0.0079691 0.0244575 0.237004
0 0.996224 0.731732 0.0075517 0.0462276 0.236787
0 0.759655 0.486549 0.0189599 0.0386557 0.236548
0 0.763996 0.730318 0.00839399 0.0280714 0.235449
0 0.242569 0.179373 0.0206332 0.0484649 0.235406
0 0.764291 0.319504 0.0123085 0.0279338 0.235213
0 0.294038 0.244442 0.0185088 0.028067 0.234889
0 0.431327 0.954697 0.0173861 0.0230659 0.234279
0 0.61226 0.785648 0.00995572 0.0246453 0.233153
0 0.853292 0.501567 0.0133186 0.0259874 0.232584
0 0.49627 0.158764 0.0152956 0.021973 0.231418
0 0.385642 0.624357 0.0135288 0.0266475 0.230323
0 0.0681926 0.397258 0.011685 0.0276328 0.229978
0 0.752262 0.219767 0.0135361 0.0272163 0.229068
0 0.787264 0.955167 0.0246643 0.0446845 0.228833
0 0.717837 0.557512 0.0208616 0.0371228 0.227879
0 0.932098 0.989913 0.022393 0.0194916 0.227346
0 0.271186 0.324536 0.0145962 0.0299126 0.226919
0 0.0692601 0.335638 0.0122441 0.0295215 0.22588
0 0.643547 0.580355 0.0144203 0.0209674 0.22547
0 0.11631 0.988214 0.0134635 0.0223524 0.223725
0 0.11683 0.723992 0.0148053 0.0254951 0.22332
0 0.00209816 0.398141 0.00419632 0.0369439 0.222331
0 0.993496 0.542257 0.0125072 0.0273432 0.222252
0 0.307768 0.868893 0.0197533 0.0323622 0.222069
0 0.693529 0.629247 0.0157188 0.0243095 0.220868
0 0.533054 0.529972 0.0125841 0.0219079 0.220305
0 0.263356 0.542218 0.0146903 0.0313673 0.220098
0 0.556876 0.92115 0.018249 0.0320814 0.21896
0 0.726567 0.628505 0.016555 0.0251414 0.218521
0 0.896057 0.701064 0.0150457 0.0289819 0.218004
0 0.591003 0.622874 0.0199934 0.0288052 0.217172
0 0.152136 0.291213 0.016581 0.02651 0.217163
0 0.29385 0.392423 0.0210543 0.0322695 0.216967
0 0.676692 0.260204 0.0110981 0.0282218 0.216263
0 0.18713 0.806677 0.0163038 0.0244843 0.215808
0 0.568789 0.20143 0.0187855 0.0247588 0.215648
0 0.0752357 0.805001 0.0164989 0.024077 0.214814
0 0.321972 0.42849 0.0107233 0.0251582 0.21435
0 0.699782 0.177554 0.0147388 0.0360658 0.213922
0 0.269187 0.416671 0.0167496 0.0226481 0.213627
0 0.455685 0.532848 0.0165766 0.0201531 0.212995
0 0.69415 0.600632 0.0170923 0.0378693 0.212583
0 0.0474663 0.600526 0.0183422 0.0256517 0.211959
0 0.554482 0.909734 0.0207336 0.0427063 0.211055
0 0.0823347 0.580894 0.0191825 0.0322481 0.210378
0 0.0352681 0.984827 0.0163539 0.0296951 0.210181
0 0.621643 0.806114 0.0124733 0.0215851 0.209803
0 0.641746 0.0158743 0.0305685 0.0317486 0.209662
0 0.986225 0.815835 0.0112812 0.0285503 0.209517
0 0.94493 0.463628 0.0131268 0.0211534 0.208101
0 0.0504565 0.801758 0.0112132 0.0208333 0.207759
0 0.155402 0.526923 0.02004 0.0427865 0.207328
0 0.803216 0.647052 0.0126182 0.0201447 0.206902
0 0.0394429 0.00709612 0.0135697 0.013765 0.20528
0 0.615723 0.613395 0.0159313 0.0371567 0.205263
0 0.308272 0.556558 0.0200637 0.0317202 0.204285
0 0.329062 0.327582 0.0141354 0.0201262 0.204097
0 0.81179 0.316234 0.017108 0.0238873 0.203749
0 0.456362 0.598924 0.0132776 0.0218156 0.203194
0 0.978097 0.415276 0.0120186 0.0239284 0.201937
0 0.823829 0.0609435 0.0134213 0.0291852 0.201621
0 0.75089 0.299603 0.017864 0.0291434 0.201326
0 0.379202 0.4284 0.0121799 0.0290369 0.200424
0 0.204686 0.0896024 0.0167874 0.028075 0.199936
0 0.352793 0.319648 0.00993303 0.0225974 0.199266
0 0.845915 0.241212 0.0215794 0.0443124 0.199101
0 0.138428 0.632086 0.014802 0.0251066 0.198884
0 0.452076 0.737283 0.0191819 0.036614 0.198759
0 0.633034 0.34337 0.0139492 0.021154 0.198167
0 0.00730736 0.0117157 0.0143451 0.0221526 0.197343
0 0.565212 0.829747 0.0160813 0.0277822 0.197316
0 0.59732 0.286034 0.0134037 0.0269617 0.197049
0 0.84573 0.717317 0.016283 0.0291945 0.196979
0 0.423156 0.0916553 0.0146854 0.0168291 0.196568
0 0.108131 0.961857 0.0168918 0.0300843 0.195492
0 0.204204 0.105862 0.0153246 0.0287083 0.19541
0 0.99524 0.647141 0.00951977 0.0386897 0.195008
0 0.870414 0.320775 0.0148623 0.0213144 0.194976
0 0.125143 0.727309 0.0159755 0.0280728 0.194724
0 0.444907 0.62757 0.0166399 0.0366725 0.194714
0 0.96133 0.873465 0.0110332 0.031584 0.194319
0 0.270034 0.00727362 0.0214095 0.0145282 0.192859
0 0.308328 0.135848 0.00892604 0.026615 0.191352
0 0.225317 0.641857 0.01673 0.0261121 0.190118
0 0.470184 0.739352 0.0124236 0.036284 0.189642
0 0.316181 0.00688357 0.0160725 0.013588 0.189633
0 0.94274 0.194824 0.0152111 0.030403 0.189302
0 0.435248 0.140913 0.0118075 0.0233963 0.188956
0 0.454105 0.206875 0.0119236 0.0149176 0.188763
0 0.239415 0.581433 0.00853615 0.0244839 0.188403
0 0.639377 0.823429 0.0189056 0.0267086 0.187972
0 0.307905 0.931619 0.015122 0.0210926 0.186977
0 0.131274 0.305168 0.0136931 0.0229152 0.186891
0 0.321777 0.362244 0.0157944 0.0176524 0.186843
0 0.402778 0.0772399 0.0127243 0.0222666 0.18684
0 0.854331 0.884267 0.0129974 0.0279412 0.186739
0 0.991416 0.0973715 0.0171673 0.0496782 0.186621
0 0.0339334 0.196172 0.0123655 0.0284898 0.18653
0 0.943651 0.345175 0.0161438 0.0213237 0.186446
0 0.33216 0.855619 0.00894756 0.0320089 0.185972
0 0.606608 0.39703 0.00910365 0.0402239 0.185926
0 0.489435 0.224365 0.0151961 0.0283526 0.185643
0 0.730332 0.194618 0.0237798 0.0365449 0.185419
0 0.159148 0.513427 0.0227715 0.0399746 0.185382
0 0.530221 0.507257 0.0183571 0.0232286 0.185273
0 0.912353 0.0302154 0.0169985 0.0272194 0.185269
0 0.405808 0.568938 0.011177 0.0298848 0.18525
0 0.017736 0.59977 0.018948 0.0301244 0.184885
0 0.0510937 0.798351 0.00978014 0.0187073 0.184676
0 0.64249 0.802377 0.0172426 0.0350237 0.184479
0 0.744913 0.91739 0.01615 0.0249291 0.184473
0 0.0962991 0.46552 0.0155349 0.0358484 0.18441
0 0.923122 0.661771 0.013451 0.0273917 0.184285
0 0.786175 0.385455 0.0120149 0.0248369 0.183934
0 0.114357 0.665097 0.0192422 0.0378462 0.183515
0 0.403228 0.568257 0.0159847 0.0299589 0.183351
0 0.679301 0.348529 0.0156043 0.0187761 0.183274
0 0.130852 0.731074 0.013448 0.0269155 0.183232
0 0.171563 0.0744113 0.0143976 0.0240643 0.18319
0 0.921734 0.169579 0.0198223 0.0273032 0.183028
0 0.443873 0.80687 0.0252955 0.0517861 0.182657
0 0.563842 0.172877 0.0127522 0.0232397 0.182287
0 0.814683 0.975274 0.0165703 0.036283 0.18222
0 0.508742 0.811739 0.0134779 0.0322239 0.1819
0 0.857305 0.00799309 0.0177631 0.0157644 0.181222
0 0.118665 0.0277248 0.020639 0.0318881 0.180244
0 0.243929 0.993973 0.0206762 0.0110409 0.17973
0 0.762922 0.868932 0.0105202 0.0327691 0.17926
0 0.551981 0.75494 0.0145236 0.0253836 0.179217
0 0.52843 0.587891 0.0153735 0.0283986 0.178568
0 0.55457 0.798093 0.0161446 0.0299193 0.178238
0 0.19014 0.287345 0.0137998 0.0271069 0.178162
0 0.101556 0.372203 0.0167908 0.0292648 0.178026
0 0.277476 0.290059 0.0174412 0.0299005 0.177467
0 0.564729 0.644144 0.0149869 0.0339628 0.177305
0 0.738363 0.0254845 0.0152346 0.0255215 0.17723
0 0.0635294 0.812221 0.0147579 0.0206936 0.177044
0 0.139985 0.220469 0.0136601 0.0212066 0.176492
0 0.825166 0.358774 0.0093586 0.0223114 0.17623
0 0.427866 0.132089 0.0109388 0.0296605 0.176169
0 0.196222 0.874793 0.0227837 0.0379194 0.175807
0 0.0741217 0.105548 0.0151865 0.0318475 0.174792
0 0.921692 0.685335 0.0120285 0.0144581 0.174278
0 0.291366 0.0116217 0.0146598 0.0199985 0.173937
0 0.781153 0.516609 0.0170456 0.0300821 0.173885
0 0.385325 0.527091 0.0199652 0.0478082 0.17318
0 0.600874 0.515704 0.0119446 0.027019 0.172842
0 0.692771 0.4524 0.0167837 0.0333769 0.172231
0 0.73499 0.131281 0.0137483 0.0291991 0.171837
0 0.290739 0.320861 0.0200566 0.0275516 0.171428
0 0.81103 0.332137 0.0197151 0.0398153 0.170941
0 0.248856 0.456545 0.0137215 0.0316089 0.170794
0 0.037337 0.340027 0.0154591 0.0304921 0.170755
0 0.296293 0.821285 0.0165025 0.0310513 0.170744
0 0.224686 0.17028 0.0153949 0.0303686 0.170714
0 0.0120455 0.308369 0.0158317 0.0250896 0.170409
0 0.919827 0.400084 0.0097271 0.0201828 0.170111
0 0.966136 0.834083 0.017931 0.0462257 0.169759
0 0.00238077 0.378677 0.00476153 0.0422618 0.169757
0 0.322738 0.276842 0.0192392 0.0344345 0.169749
0 0.946049 0.195599 0.0130764 0.0286246 0.169657
0 0.831564 0.618276 0.00729637 0.0287924 0.169631
0 0.504432 0.740511 0.0255436 0.0508636 0.16949
0 0.0382389 0.0911966 0.0116073 0.0279688 0.169386
0 0.00484358 0.983596 0.00968667 0.0317685 0.169132
0 0.0166314 0.941214 0.0202999 0.034902 0.169069
0 0.315548 0.436464 0.0155965 0.0296275 0.168584
0 0.923167 0.78014 0.0179846 0.019299 0.168541
0 0.857449 0.403791 0.0137888 0.0340903 0.168375
0 0.279372 0.921907 0.0133939 0.0210446 0.168335
0 0.129313 0.729455 0.00999742 0.0252791 0.168181
0 0.03061 0.384869 0.0119315 0.0261147 0.167562
0 0.752986 0.829595 0.0116778 0.0279338 0.166818
0 0.595543 0.0895481 0.0103176 0.0274089 0.16602
0 0.320163 0.430555 0.0132282 0.0291284 0.165761
0 0.833103 0.0208322 0.0131409 0.0341479 0.16573
0 0.453937 0.528026 0.0171118 0.0307525 0.165493
0 0.728869 0.270936 0.0168181 0.0287543 0.16525
0 0.339812 0.379242 0.0171186 0.0241801 0.165224
0 0.674942 0.844259 0.0119559 0.0268416 0.164883
0 0.25937 0.580706 0.0160606 0.0247548 0.164601
0 0.437141 0.143811 0.0131714 0.0218657 0.164543
0 0.377514 0.687614 0.0139611 0.0259239 0.164353
0 0.74027 0.165275 0.019036 0.0281576 0.163479
0 0.288043 0.686452 0.0195216 0.0353191 0.163376
0 0.201327 0.873724 0.0152453 0.0327535 0.162982
0 0.975825 0.651582 0.0110336 0.0268721 0.162738
0 0.273631 0.511784 0.0163165 0.0269016 0.162353
0 0.465549 0.06863 0.0102142 0.0289817 0.16205
0 0.85228 0.949312 0.0123333 0.0368626 0.161719
0 0.415509 0.260175 0.0166199 0.0289625 0.161703
0 0.572993 0.071652 0.0176146 0.0317558 0.161658
0 0.642063 0.579816 0.0149765 0.0247604 0.161625
0 0.801789 0.449624 0.0135907 0.019732 0.161585
0 0.854088 0.291887 0.0117325 0.0242792 0.161152
0 0.747426 0.865873 0.0154235 0.0333255 0.160464
0 0.761989 0.732786 0.0102451 0.0298381 0.159566
0 0.0466558 0.83451 0.015277 0.0314182 0.159501
0 0.48267 0.077647 0.0135152 0.0224119 0.159279
0 0.32008 0.792421 0.0199705 0.0319719 0.159175
0 0.795265 0.41417 0.0124835 0.0278711 0.159027
0 0.890129 0.74617 0.0113979 0.0217828 0.158621
0 0.770622 0.590887 0.0153269 0.019714 0.158326
0 0.140011 0.634502 0.0139056 0.0221694 0.158133
0 0.488134 0.299061 0.0199526 0.0192528 0.158093
0 0.267309 0.357527 0.0135502 0.018358 0.15802
0 0.994344 0.731517 0.0113131 0.0476844 0.15773
0 0.0771829 0.72565 0.00870063 0.0278081 0.157706
0 0.173313 0.864469 0.0158268 0.0261776 0.15732
0 0.726557 0.621118 0.0145548 0.0342428 0.157035
0 0.284529 0.634558 0.0162081 0.0330844 0.156948
0 0.36466 0.153044 0.0105403 0.0312448 0.156773
0 0.387376 0.520391 0.0238302 0.0522346 0.156066
0 0.633205 0.508596 0.0172092 0.0250545 0.155791
0 0.270864 0.713896 0.0140595 0.0163259 0.155705
0 0.607164 0.0821837 0.0115281 0.025348 0.155699
0 0.214823 0.129405 0.011902 0.0180263 0.155535
0 0.119818 0.836863 0.013711 0.0266571 0.155268
0 0.198664 0.826959 0.0185262 0.031818 0.155171
0 0.823593 0.0176688 0.0231297 0.0341124 0.15501
0 0.996415 0.786569 0.00716953 0.0272607 0.154565
0 0.630196 0.13009 0.0182236 0.0278893 0.154303
0 0.102914 0.474048 0.0143349 0.0287345 0.154288
0 0.665342 0.159889 0.0152176 0.0330169 0.153982
0 0.733127 0.896135 0.0102415 0.0438653 0.153602
0 0.458373 0.56651 0.0188883 0.031103 0.153552
0 0.866224 0.906922 0.0123672 0.0202325 0.153469
0 0.669146 0.178573 0.0179508 0.0320811 0.153421
0 0.244315 0.552963 0.0165233 0.0332057 0.153341
0 0.0641473 0.28468 0.0144775 0.0288973 0.152687
0 0.335194 0.545407 0.0193993 0.0253101 0.152672
0 0.615951 0.683932 0.0118374 0.0315472 0.152549
0 0.0705609 0.497795 0.016057 0.0292551 0.152244
0 0.61445 0.680966 0.0150444 0.0280741 0.151766
0 0.352629 0.130172 0.0143742 0.0306363 0.151454
0 0.528744 0.0235821 0.0170414 0.0212766 0.150875
0 0.854025 0.650633 0.0158063 0.0266013 0.150678
0 0.00252383 0.37063 0.00504767 0.0328722 0.150238
0 0.552448 0.110106 0.0118635 0.019476 0.150199
0 0.16867 0.606229 0.0200027 0.0242787 0.150062
0 0.89641 0.416074 0.0138401 0.0207054 0.150002
0 0.995745 0.737848 0.00851097 0.0479916 0.149621
0 0.341644 0.00612072 0.0227582 0.0122414 0.1494
0 0.169738 0.611458 0.0234252 0.0287521 0.149054
0 0.331651 0.0584548 0.0150517 0.0211914 0.149038
0 0.268771 0.516141 0.0196116 0.0293063 0.14881
0 0.744743 0.175054 0.0238087 0.0417495 0.14839
0 0.407839 0.63052 0.0151291 0.0261711 0.147615
0 0.419249 0.844048 0.0168552 0.0292443 0.147579
0 0.0119819 0.751536 0.0188942 0.0279219 0.147424
0 0.901776 0.431336 0.0140856 0.0161307 0.147366
0 0.0155524 0.838678 0.019845 0.0346979 0.147328
0 0.303754 0.464767 0.0112681 0.0220508 0.147189
0 0.3667 0.108624 0.0152955 0.0235874 0.146824
0 0.224418 0.638808 0.0135946 0.0274107 0.146588
0 0.152009 0.816295 0.0161837 0.0308375 0.146523
0 0.651028 0.106539 0.0133781 0.0266052 0.146509
0 0.748331 0.703626 0.0179607 0.0274428 0.14647
0 0.296249 0.389423 0.0284819 0.0398361 0.145999
0 0.949503 0.129111 0.0161484 0.0265679 0.145969
0 0.846858 0.255145 0.0187119 0.0323508 0.145564
0 0.915444 0.614371 0.0163368 0.0361606 0.145458
0 0.590986 0.968552 0.0118642 0.0267741 0.145224
0 0.405902 0.326244 0.0121117 0.0328097 0.145188
0 0.146119 0.751251 0.014375 0.0265452 0.145022
0 0.362865 0.312328 0.0112882 0.0265274 0.144918
0 0.100601 0.756611 0.0121759 0.0258618 0.144867
0 0.268569 0.412472 0.017877 0.028281 0.144838
0 0.0767946 0.989342 0.0231076 0.0202823 0.144795
0 0.600128 0.121128 0.017215 0.0275482 0.144646
0 0.635652 0.867589 0.0152021 0.0337745 0.143786
0 0.0243137 0.303608 0.0099004 0.0204255 0.143634
0 0.609075 0.785642 0.0106961 0.0312629 0.143228
0 0.430844 0.34132 0.0166988 0.0241505 0.14272
0 0.603916 0.119571 0.0163918 0.0287005 0.142646
0 0.409358 0.630279 0.011726 0.0235784 0.142495
0 0.649712 0.109185 0.0156599 0.0297382 0.142331
0 0.00803014 0.799356 0.0121688 0.0246541 0.142227
0 0.266811 0.522707 0.0218914 0.0363512 0.141976
0 0.982965 0.275402 0.0114269 0.024125 0.141772
0 0.84752 0.06065 0.0192979 0.0444821 0.141761
0 0.487336 0.134309 0.0160988 0.0244687 0.141461
0 0.528792 0.894844 0.0200886 0.0335849 0.141438
0 0.0326973 0.482675 0.0193616 0.0330212 0.141415
0 0.164414 0.172069 0.0103434 0.0217883 0.140967
0 0.215795 0.44254 0.0151184 0.0290497 0.140825
0 0.037319 0.486546 0.0157132 0.0292334 0.140697
0 0.945044 0.414598 0.0121859 0.0296614 0.140537
0 0.0438482 0.546589 0.017089 0.020801 0.140516
0 0.0472988 0.137905 0.0204152 0.0283259 0.140078
0 0.38892 0.708488 0.0141011 0.0253039 0.140055
0 0.0284499 0.385106 0.0134888 0.0227073 0.139459
0 0.812577 0.312911 0.0143871 0.0272792 0.139153
0 0.0790811 0.773594 0.0195284 0.0297063 0.138803
0 0.143083 0.887347 0.0202823 0.0336523 0.138451
0 0.0890495 0.794806 0.0139774 0.037677 0.138376
0 0.877308 0.633437 0.0118387 0.0207041 0.13783
0 0.460217 0.775868 0.0149081 0.0248986 0.136857
0 0.76389 0.498671 0.0132936 0.0203008 0.136825
0 0.757322 0.589567 0.00845337 0.0269584 0.136433
0 0.22492 0.7833 0.012991 0.0314423 0.13641
0 0.0135043 0.427813 0.0159347 0.0333415 0.136381
0 0.714499 0.455733 0.0122334 0.0177365 0.13633
0 0.847207 0.323054 0.0119156 0.0301041 0.13594
0 0.011775 0.0723983 0.0140303 0.0327166 0.135776
0 0.95431 0.176685 0.0145095 0.0239069 0.135725
0 0.442598 0.80069 0.0228449 0.0419881 0.135446
0 0.0670472 0.287572 0.0104798 0.0224643 0.135191
0 0.33669 0.530654 0.0196565 0.0327862 0.135132
0 0.0212299 0.222124 0.0161868 0.0277441 0.134747
0 0.531484 0.0881381 0.0167984 0.020192 0.134706
0 0.855535 0.527199 0.0147102 0.0209947 0.134673
0 0.304124 0.955183 0.0123427 0.0258355 0.134584
0 0.784987 0.383289 0.0114525 0.0296074 0.134455
0 0.742305 0.167429 0.0237824 0.0315898 0.134236
0 0.166185 0.339457 0.0143834 0.0364365 0.13418
0 0.42974 0.656599 0.0191574 0.0344622 0.133924
0 0.0205778 0.710018 0.0117897 0.0231255 0.133314
0 0.70974 0.452426 0.0169515 0.0255327 0.13324
0 0.0983616 0.468502 0.0162061 0.0381397 0.133229
0 0.813605 0.338611 0.0151196 0.0232126 0.133049
0 0.402509 0.892515 0.0241159 0.0481483 0.132976
0 0.297784 0.357735 0.0292182 0.0322438 0.132859
0 0.471356 0.462439 0.014863 0.0203451 0.132789
0 0.743298 0.562047 0.0159494 0.0271645 0.132513
0 0.178113 0.371991 0.01672 0.0175763 0.132463
0 0.0705217 0.0441462 0.0116172 0.0269827 0.132235
0 0.298367 0.798509 0.0191651 0.0293101 0.13216
0 0.871498 0.973567 0.0225571 0.0383969 0.131917
0 0.797788 0.541064 0.0147152 0.0223143 0.131752
0 0.787502 0.0104154 0.0249453 0.0196054 0.13171
0 0.808946 0.483413 0.0165525 0.0337921 0.131703
0 0.244249 0.187281 0.0178675 0.040319 0.131561
0 0.437601 0.732849 0.020986 0.0430969 0.13124
0 0.700144 0.805037 0.0124633 0.0283841 0.130999
0 0.114819 0.0896551 0.0156677 0.0228596 0.130663
0 0.922367 0.328243 0.0133537 0.00920269 0.130519
0 0.727488 0.323193 0.0124292 0.0289621 0.130288
0 0.247335 0.357736 0.0129453 0.0244827 0.1302
0 0.80021 0.765402 0.0172586 0.0342902 0.130056
0 0.206556 0.493807 0.0109545 0.0301242 0.129971
0 0.353153 0.47368 0.0121398 0.020358 0.129948
0 0.0842885 0.548037 0.0175496 0.0241999 0.129787
0 0.901694 0.437412 0.0144413 0.0218465 0.1297
0 0.870018 0.384334 0.0183573 0.0372695 0.129594
0 0.528625 0.119614 0.0181229 0.034824 0.129545
0 0.53524 0.835992 0.0190309 0.0227853 0.129163
0 0.424599 0.509234 0.0139151 0.023106 0.128923
0 0.914033 0.573914 0.0129375 0.0240641 0.128735
0 0.994457 0.408365 0.0110859 0.0284801 0.128733
0 0.870801 0.857868 0.0103737 0.0270825 0.128232
0 0.611788 0.685126 0.0153933 0.0347879 0.127816
0 0.756353 0.485993 0.0165662 0.0365872 0.127693
0 0.604271 0.234784 0.0134803 0.0297454 0.127433
0 0.423076 0.315303 0.019211 0.0302752 0.127275
0 0.916351 0.721479 0.015324 0.029464 0.126662
0 0.484331 0.299147 0.0161143 0.0266334 0.12618
0 0.00622531 0.0351164 0.0117457 0.0333225 0.126172
0 0.989294 0.109577 0.0213879 0.0344855 0.125943
0 0.666989 0.417773 0.0151797 0.028704 0.125799
0 0.320087 0.663636 0.0184893 0.0306048 0.125623
0 0.240461 0.820163 0.0123834 0.0310554 0.12549
0 0.87266 0.270562 0.0136883 0.0334924 0.125278
0 0.726138 0.703497 0.0168613 0.0308914 0.125184
0 0.79178 0.954631 0.0208492 0.0383127 0.125105
0 0.530284 0.273027 0.022046 0.0314739 0.124535
0 0.33719 0.510538 0.0174776 0.0259357 0.12437
0 0.334493 0.757951 0.0168766 0.0304874 0.124339
0 0.694712 0.597339 0.0166515 0.0281435 0.124168
0 0.655943 0.686105 0.0168456 0.0309333 0.123735
0 0.0655461 0.626258 0.0126584 0.0336338 0.123734
0 0.959248 0.609766 0.0175217 0.0321798 0.123695
0 0.366877 0.62702 0.0208441 0.0468316 0.123534
0 0.773599 0.836702 0.0114403 0.0313844 0.123528
0 0.73859 0.419409 0.0122532 0.0386603 0.123256
0 0.66917 0.6242 0.0157345 0.0242696 0.123239
0 0.352158 0.32204 0.0118968 0.0225347 0.123104
0 0.276192 0.598914 0.0123826 0.0230021 0.123083
0 0.215841 0.221763 0.0132233 0.0244677 0.122794
0 0.0157216 0.30577 0.0136934 0.0261716 0.122778
0 0.791716 0.918856 0.0162228 0.0263774 0.122663
0 0.0930608 0.701513 0.017768 0.0265578 0.122621
0 0.935522 0.529832 0.00940628 0.0238826 0.122358
0 0.0910931 0.924198 0.0155962 0.032153 0.122339
0 0.601501 0.520871 0.0114738 0.0313408 0.12218
0 0.0709059 0.401871 0.0125281 0.0238948 0.122006
0 0.489317 0.137011 0.018041 0.028388 0.122006
0 0.915554 0.778741 0.0169819 0.0217746 0.121909
0 0.0657141 0.0843371 0.0204641 0.0293776 0.121893
0 0.674267 0.703504 0.0148821 0.0258415 0.121661
0 0.212141 0.442715 0.0157141 0.0288016 0.121611
0 0.170621 0.618291 0.0257004 0.0348573 0.121592
0 0.602764 0.866818 0.0166467 0.0274255 0.121086
0 0.947079 0.555961 0.0155916 0.0290714 0.120506
0 0.595656 0.285803 0.00944246 0.0293954 0.120479
0 0.425436 0.118316 0.0135619 0.0396282 0.120023
0 0.00214792 0.390042 0.00429583 0.0494368 0.119937
0 0.314932 0.00837152 0.019585 0.016261 0.11977
0 0.995617 0.723967 0.00876579 0.035418 0.11953
0 0.428383 0.957057 0.020853 0.0259427 0.119307
0 0.751102 0.13346 0.0129717 0.024026 0.119195
0 0.446698 0.734818 0.0302535 0.0461297 0.118982
0 0.750667 0.984059 0.0178183 0.0307732 0.118959
0 0.529736 0.0528947 0.0183374 0.034035 0.118902
0 0.888236 0.204197 0.0206158 0.0304988 0.118801
0 0.901792 0.586133 0.0135033 0.0322001 0.11869
0 0.378764 0.690559 0.0142245 0.0269579 0.118338
0 0.640463 0.817611 0.0178349 0.0319804 0.118149
0 0.916872 0.760024 0.018146 0.0343085 0.118051
0 0.99656 0.204195 0.00688095 0.0342147 0.117914
0 0.689628 0.696165 0.0124794 0.0299422 0.117889
0 0.446362 0.57851 0.0171682 0.0375781 0.117223
0 0.773381 0.836529 0.0141562 0.0261619 0.116934
0 0.53077 0.763042 0.0165469 0.032752 0.116749
0 0.532624 0.978389 0.0157125 0.035005 0.116602
0 0.00271683 0.679751 0.00478551 0.0325624 0.116466
0 0.159366 0.821094 0.0246025 0.0431159 0.116363
0 0.830475 0.615824 0.0100849 0.0328076 0.116331
0 0.209703 0.941639 0.0218309 0.036428 0.116318
0 0.313177 0.43937 0.0173689 0.029546 0.116301
0 0.593767 0.609151 0.0178644 0.0327237 0.11611
0 0.409459 0.281918 0.0129623 0.0239925 0.116081
0 0.296452 0.947998 0.0137123 0.02397 0.116005
0 0.00457641 0.283771 0.0091097 0.0307707 0.115653
0 0.857948 0.529006 0.0130615 0.0194182 0.115519
0 0.0833547 0.414374 0.0190332 0.031367 0.115293
0 0.405338 0.3219 0.0109951 0.02997 0.114942
0 0.792322 0.688262 0.019519 0.0386822 0.114871
0 0.658468 0.763299 0.00955048 0.0258321 0.114784
0 0.91822 0.77606 0.0185032 0.0206184 0.114745
0 0.272502 0.176589 0.0197373 0.0343326 0.114671
0 0.242924 0.820663 0.00836115 0.0318775 0.114508
0 0.436589 0.622634 0.0273884 0.0511298 0.113798
0 0.0173594 0.432025 0.0160261 0.0291416 0.113793
0 0.980853 0.142741 0.0168686 0.0268778 0.113594
0 0.725193 0.613195 0.0177692 0.0292299 0.11347
0 0.989881 0.102605 0.0201677 0.0491914 0.113341
0 0.628255 0.867691 0.0161171 0.0348989 0.113134
0 0.870971 0.126772 0.0145275 0.0341846 0.113006
0 0.50289 0.357161 0.0228118 0.0301083 0.112923
0 0.311291 0.873972 0.0198878 0.0290181 0.112477
0 0.626894 0.747158 0.0150936 0.0176988 0.112353
0 0.306362 0.35835 0.0144501 0.0287564 0.111934
0 0.446576 0.630577 0.0127508 0.0426234 0.111882
0 0.0347653 0.874989 0.0165161 0.031267 0.111859
0 0.202441 0.720126 0.0133392 0.0238329 0.111802
0 0.573111 0.798344 0.0147306 0.0288089 0.111719
0 0.918156 0.779623 0.0176184 0.019399 0.111703
0 0.689539 0.70754 0.0138297 0.0470342 0.111638
0 0.461594 0.984361 0.0226935 0.0302463 0.111619
0 0.425697 0.127097 0.0131466 0.0364165 0.111588
0 0.678026 0.255962 0.0132895 0.0364382 0.111036
0 0.166371 0.566123 0.00941505 0.0225328 0.110918
0 0.0921791 0.0956692 0.0159172 0.0296347 0.110574
0 0.228867 0.573842 0.0163774 0.0268277 0.110481
0 0.369114 0.499025 0.0154171 0.0300663 0.109805
0 0.277834 0.260973 0.0110176 0.0170654 0.109538
0 0.431497 0.611764 0.0188914 0.0293612 0.109267
0 0.658966 0.872303 0.0116969 0.0213877 0.109134
0 0.75906 0.677789 0.0162134 0.0297636 0.108962
0 0.636555 0.506582 0.0171528 0.024635 0.108946
0 0.14068 0.591908 0.0212684 0.0375225 0.108938
0 0.737459 0.431402 0.0146009 0.029876 0.108778
0 0.276929 0.0824993 0.0138368 0.0280309 0.10875
0 0.300685 0.952258 0.0176871 0.0297415 0.108707
0 0.973575 0.549696 0.0148914 0.0304962 0.108452
0 0.43459 0.614312 0.0205704 0.0337257 0.108387
0 0.696214 0.807172 0.0130619 0.0277035 0.108057
0 0.943703 0.194832 0.0147041 0.0237964 0.108035
0 0.203705 0.406301 0.0191354 0.0303321 0.107974
0 0.965191 0.583852 0.0139914 0.0279582 0.107677
0 0.791485 0.954545 0.0291655 0.0417356 0.107617
0 0.0916827 0.6983 0.013328 0.0241778 0.107518
0 0.658208 0.652408 0.0142097 0.020173 0.107264
0 0.447639 0.813926 0.0206615 0.0414788 0.107109
0 0.265666 0.148506 0.0144825 0.0250662 0.106856
0 0.602765 0.380489 0.0126841 0.0331901 0.106832
0 0.0151625 0.704054 0.0177587 0.0254907 0.106727
0 0.358413 0.416739 0.0146102 0.0199285 0.106443
0 0.950073 0.127737 0.0200809 0.0330525 0.106266
0 0.710849 0.713935 0.0115693 0.0331931 0.106127
0 0.357843 0.869183 0.0206204 0.0306434 0.106024
0 0.0212307 0.838433 0.0211943 0.0350623 0.106017
0 0.823122 0.355938 0.0109564 0.022666 0.105043
0 0.873645 0.475073 0.0137371 0.0265783 0.104792
0 0.0664512 0.728289 0.0184406 0.0314418 0.104697
0 0.33701 0.542987 0.0195354 0.0274055 0.104196
0 0.369517 0.790518 0.0178257 0.0286245 0.104114
0 0.368215 0.495147 0.0143563 0.0205361 0.104098
0 0.296372 0.364485 0.0311748 0.0430945 0.103968
0 0.474054 0.439999 0.014131 0.0388396 0.103471
0 0.420542 0.317943 0.018994 0.035252 0.103196
0 0.594929 0.604148 0.0166723 0.0329139 0.102874
0 0.37146 0.806991 0.019631 0.0440813 0.10287
0 0.65747 0.655818 0.0148251 0.0192771 0.102715
0 0.377442 0.153055 0.0218747 0.0328974 0.102711
0 0.66758 0.174543 0.0164173 0.0366305 0.102627
0 0.205134 0.0832853 0.0148096 0.0290037 0.102563
0 0.712246 0.793655 0.0121111 0.0245772 0.102562
0 0.88345 0.132054 0.0345303 0.0483309 0.102535
0 0.246613 0.633275 0.0178262 0.0272347 0.102501
0 0.63457 0.544945 0.00986989 0.031203 0.102221
0 0.633881 0.223432 0.0164932 0.0276092 0.101924
0 0.269108 0.715091 0.0141734 0.0175213 0.101854
0 0.0191429 0.594988 0.0194708 0.0280023 0.101627
0 0.227928 0.410712 0.0148274 0.0312597 0.101584
0 0.233405 0.577753 0.0117472 0.0257966 0.101538
0 0.281042 0.691091 0.0114288 0.0328768 0.101122
0 0.554091 0.903535 0.019963 0.0350026 0.100839
0 0.186867 0.577715 0.0135597 0.0263551 0.100815
0 0.228895 0.953636 0.0135691 0.0203762 0.100631
0 0.761401 0.31765 0.0108227 0.026518 0.100458
0 0.295407 0.258086 0.019394 0.02341 0.10023
0 0.0837733 0.642095 0.0118755 0.0212464 0.100146
0 0.87549 0.0755438 0.0178226 0.0282274 0.100123
0 0.296491 0.815568 0.0189712 0.0374549 0.100044
