0 0.166543 0.132437 0.021755 0.0342171 0.684087
0 0.182208 0.0487118 0.0186181 0.0329554 0.643026
0 0.264319 0.572383 0.0280025 0.0475225 0.641548
0 0.216997 0.0657231 0.0344318 0.0527798 0.630749
0 0.724486 0.94827 0.0223335 0.0391205 0.62836
0 0.390504 0.310132 0.0232332 0.0418566 0.626979
0 0.331534 0.0430083 0.021346 0.0352898 0.61796
0 0.865664 0.944757 0.0212357 0.0468121 0.617693
0 0.884733 0.83579 0.0212799 0.0407828 0.616651
0 0.838582 0.653059 0.0266388 0.054557 0.613944
0 0.0771474 0.325056 0.0228195 0.0409523 0.612623
0 0.695323 0.889313 0.0183968 0.0352112 0.60328
0 0.194214 0.308598 0.0179196 0.0334841 0.602662
0 0.441654 0.26355 0.0194765 0.0318458 0.601162
0 0.16807 0.193696 0.0198723 0.0378466 0.598089
0 0.16828 0.0881654 0.0169056 0.0309394 0.595725
0 0.102935 0.170286 0.0151909 0.030756 0.585717
0 0.478768 0.219639 0.0212305 0.0347002 0.583789
0 0.0497635 0.134409 0.0143776 0.0308644 0.582848
0 0.16704 0.0139016 0.0198836 0.0273586 0.582692
0 0.491122 0.166382 0.0195642 0.0366281 0.58123
0 0.840937 0.938966 0.0231071 0.053398 0.580961
0 0.433478 0.0514489 0.0201868 0.0349942 0.579637
0 0.34873 0.018238 0.0210176 0.0358407 0.579046
0 0.216682 0.566215 0.017924 0.0340905 0.579007
0 0.151054 0.100812 0.0158738 0.0281034 0.574636
0 0.148261 0.189019 0.0175066 0.0389277 0.570683
0 0.437668 0.159653 0.0171738 0.0310418 0.569382
0 0.23376 0.0248446 0.0162575 0.02582 0.569202
0 0.905647 0.801321 0.0254303 0.0400441 0.566241
0 0.287735 0.128203 0.0181787 0.0338353 0.563698
0 0.473634 0.12675 0.0182223 0.032599 0.563102
0 0.25689 0.0647504 0.0200977 0.0329863 0.563089
0 0.189095 0.10281 0.0173988 0.0338 0.55823
0 0.108736 0.0361885 0.0137379 0.0227966 0.557469
0 0.88646 0.477606 0.0176538 0.0278968 0.552895
0 0.258202 0.317897 0.0180331 0.0348182 0.551227
0 0.0766292 0.0795712 0.0147091 0.0305727 0.550989
0 0.958057 0.680693 0.0157249 0.0296104 0.539612
0 0.495314 0.0252406 0.0233896 0.0369481 0.536619
0 0.367797 0.043557 0.0257747 0.0411512 0.52752
0 0.467084 0.186347 0.0176708 0.0278285 0.522738
0 0.989259 0.785225 0.0183735 0.0268651 0.519728
0 0.194059 0.404133 0.0169522 0.0387093 0.518755
0 0.201759 0.527076 0.0190199 0.0349822 0.515415
0 0.991631 0.257794 0.0167372 0.0469633 0.514558
0 0.239394 0.11491 0.0147152 0.0288577 0.508648
0 0.783754 0.886552 0.0179477 0.0297817 0.506574
0 0.99067 0.429372 0.0186504 0.0310676 0.50624
0 0.189664 0.139774 0.0191808 0.0336019 0.504018
0 0.289168 0.376481 0.0268777 0.0479814 0.503839
0 0.499412 0.213195 0.0197914 0.0359728 0.503728
0 0.0485932 0.255842 0.0110827 0.0259844 0.501179
0 0.311087 0.0138249 0.0242759 0.0273253 0.500676
0 0.881062 0.428901 0.0177799 0.0251907 0.499137
0 0.202726 0.254674 0.0171461 0.0300824 0.49617
0 0.183748 0.234261 0.0156169 0.0258502 0.494517
0 0.972364 0.895923 0.019841 0.0322242 0.491788
0 0.305135 0.499197 0.0320686 0.0508016 0.490399
0 0.0837483 0.281639 0.017485 0.0348611 0.48988
0 0.971046 0.804334 0.0203171 0.0329881 0.489727
0 0.98983 0.825721 0.0195585 0.0370694 0.488839
0 0.218282 0.127503 0.0242042 0.0512952 0.487029
0 0.274235 0.520309 0.029623 0.0511254 0.485084
0 0.124342 0.358572 0.0223085 0.0506688 0.482951
0 0.456785 0.156593 0.0120274 0.0310472 0.482522
0 0.196424 0.209133 0.0149158 0.0284698 0.482421
0 0.913619 0.881197 0.0184002 0.0323666 0.480059
0 0.974099 0.746449 0.0241341 0.0370268 0.477772
0 0.253117 0.484238 0.0199768 0.0365836 0.474474
0 0.81854 0.930807 0.0204895 0.0344115 0.470593
0 0.852404 0.69375 0.0168591 0.0323781 0.469972
0 0.0832012 0.366204 0.0143305 0.0292955 0.469854
0 0.890397 0.524371 0.0164406 0.0305029 0.468601
0 0.488675 0.0935599 0.0216823 0.0364543 0.465863
0 0.0913332 0.198972 0.0175485 0.0300291 0.464714
0 0.429499 0.121446 0.0177992 0.0301184 0.460807
0 0.447546 0.121905 0.014005 0.0240232 0.45529
0 0.442457 0.190107 0.0181261 0.025045 0.454478
0 0.103581 0.300378 0.0198891 0.0355326 0.454315
0 0.0964239 0.2559 0.0149218 0.0258392 0.454285
0 0.332349 0.377441 0.0280394 0.0563741 0.449905
0 0.261089 0.157693 0.0389805 0.0499289 0.437178
0 0.955614 0.954267 0.0176048 0.0365497 0.435294
0 0.0654114 0.147438 0.0142502 0.0312375 0.433398
0 0.240878 0.308529 0.0188952 0.0315062 0.431314
0 0.258908 0.107046 0.0208048 0.0370794 0.429204
0 0.399496 0.192768 0.0185497 0.0322902 0.428878
0 0.235563 0.571301 0.0215344 0.0492409 0.423031
0 0.812664 0.853 0.0147236 0.0266797 0.421462
0 0.4659 0.066114 0.0229942 0.0487656 0.419232
0 0.885875 0.731892 0.0171356 0.0360555 0.418879
0 0.992851 0.7237 0.014299 0.0359738 0.414837
0 0.582532 0.0425247 0.0235868 0.0383874 0.406833
0 0.811326 0.688348 0.0271442 0.0421383 0.406486
0 0.748519 0.860016 0.0184288 0.0300507 0.404814
0 0.310094 0.605335 0.0375946 0.0792752 0.402947
0 0.137609 0.264273 0.0172388 0.0330088 0.402164
0 0.700018 0.952217 0.0177917 0.0356089 0.40074
0 0.901868 0.41993 0.0138504 0.0269307 0.39564
0 0.0538399 0.0401975 0.0190656 0.0289757 0.393848
0 0.461625 0.301782 0.0244164 0.0405571 0.392238
0 0.913551 0.947435 0.0156779 0.025679 0.391668
0 0.993 0.47928 0.0139993 0.042917 0.388428
0 0.0192756 0.0508466 0.0255707 0.0429699 0.386973
0 0.291903 0.566339 0.0192955 0.0387458 0.386894
0 0.960825 0.713398 0.0205499 0.0310032 0.385466
0 0.752919 0.886978 0.0152266 0.0285404 0.383594
0 0.59972 0.0178848 0.0323307 0.035469 0.382644
0 0.781916 0.623003 0.030786 0.0477675 0.379165
0 0.514755 0.150941 0.024597 0.0442992 0.373894
0 0.258728 0.26362 0.0206861 0.0347649 0.360274
0 0.307546 0.124733 0.019278 0.037127 0.359987
0 0.326656 0.213363 0.0271117 0.0403449 0.355736
0 0.906522 0.466424 0.0151176 0.0337019 0.354771
0 0.0664392 0.244062 0.0159545 0.0245281 0.350059
0 0.940072 0.284174 0.0245291 0.0358352 0.348354
0 0.687989 0.924263 0.0159199 0.0274099 0.347672
0 0.899455 0.602518 0.0200291 0.0420712 0.34662
0 0.410291 0.101875 0.0158644 0.0254665 0.342073
0 0.0132511 0.105296 0.0220162 0.0309635 0.342021
0 0.992504 0.877634 0.0149914 0.0582163 0.340981
0 0.857497 0.776581 0.0134739 0.030039 0.340306
0 0.238327 0.521015 0.0292232 0.0506427 0.33823
0 0.222308 0.520758 0.0182776 0.0427012 0.338199
0 0.28531 0.125322 0.0197554 0.0345648 0.33698
0 0.411158 0.330252 0.0207585 0.0393139 0.336602
0 0.209808 0.0185939 0.024666 0.0342618 0.335261
0 0.0681448 0.274385 0.017103 0.0272307 0.332281
0 0.128687 0.0272143 0.0185872 0.0302165 0.331465
0 0.106517 0.227903 0.0208552 0.0355726 0.331133
0 0.289199 0.439986 0.0229146 0.0503567 0.331095
0 0.817752 0.643326 0.013732 0.0357668 0.329556
0 0.452601 0.097706 0.0156181 0.024939 0.329513
0 0.261471 0.262572 0.0199615 0.0315913 0.326933
0 0.326376 0.179954 0.0213096 0.0300876 0.320315
0 0.0218178 0.0548344 0.0233759 0.0400243 0.31957
0 0.932163 0.684668 0.0121967 0.0229146 0.318265
0 0.172057 0.482327 0.0135653 0.0300013 0.317386
0 0.97944 0.469732 0.0143494 0.0263931 0.314901
0 0.906745 0.353634 0.0294273 0.0553338 0.30964
0 0.351612 0.103943 0.0306842 0.0529332 0.30812
0 0.806292 0.977516 0.0228321 0.0416152 0.304374
0 0.253661 0.0140125 0.0177571 0.027421 0.299848
0 0.953435 0.907647 0.0181606 0.0263913 0.293437
0 0.27734 0.522796 0.0247173 0.043579 0.291156
0 0.221111 0.378205 0.0211973 0.034975 0.290125
0 0.103835 0.349958 0.0201848 0.0400255 0.289901
0 0.844707 0.881646 0.0207912 0.0369883 0.288889
0 0.885103 0.640338 0.0178524 0.0319313 0.284796
0 0.703534 0.716873 0.0263053 0.0498471 0.280805
0 0.13164 0.0637834 0.0182205 0.0318487 0.275003
0 0.877893 0.426353 0.0214803 0.0308657 0.27485
0 0.785553 0.798085 0.0150506 0.0274207 0.272913
0 0.604652 0.900638 0.02545 0.0478787 0.270925
0 0.825253 0.89497 0.0146271 0.0251587 0.270595
0 0.4687 0.0857354 0.0164312 0.0229261 0.269596
0 0.41171 0.150374 0.0199715 0.0312884 0.268776
0 0.110574 0.07599 0.0165789 0.0303729 0.268573
0 0.169538 0.423964 0.0174307 0.0330794 0.264877
0 0.396474 0.0875678 0.019325 0.035137 0.264853
0 0.522542 0.0219429 0.0237398 0.0373096 0.262813
0 0.678649 0.892569 0.0184315 0.0343994 0.261872
0 0.229744 0.519839 0.0322602 0.0477615 0.261718
0 0.758688 0.935962 0.0158756 0.0295393 0.260743
0 0.115605 0.256464 0.0159946 0.026155 0.252768
0 0.749149 0.974931 0.0181511 0.0348853 0.25233
0 0.76187 0.669846 0.0229438 0.0391113 0.248996
0 0.967084 0.49386 0.0159882 0.0335419 0.248284
0 0.902547 0.535406 0.0123051 0.0276867 0.246518
0 0.278699 0.0630758 0.01556 0.0251843 0.245156
0 0.0883533 0.0372724 0.0220713 0.027921 0.245135
0 0.409228 0.0358409 0.0232979 0.0335427 0.245105
0 0.31005 0.379703 0.0184456 0.0461071 0.243466
0 0.242482 0.240055 0.0180447 0.0359935 0.242618
0 0.0252512 0.0583382 0.0189258 0.0356572 0.242427
0 0.132049 0.200999 0.0158606 0.0347364 0.238557
0 0.81558 0.68688 0.0207539 0.0386282 0.237153
0 0.51317 0.104507 0.01831 0.0307678 0.234246
0 0.835772 0.986967 0.0210585 0.0255394 0.232727
0 0.827917 0.857022 0.0196819 0.0330589 0.230846
0 0.504982 0.0688847 0.0179726 0.0266785 0.230702
0 0.598212 0.0133735 0.0341935 0.0263826 0.228566
0 0.667112 0.944043 0.0197678 0.0357708 0.227339
0 0.733139 0.902396 0.0236038 0.0345133 0.227163
0 0.467474 0.0776527 0.0176416 0.0367849 0.226463
0 0.403461 0.511388 0.0392787 0.0738113 0.226057
0 0.966866 0.57117 0.0159027 0.0237892 0.225975
0 0.191361 0.402647 0.0218856 0.0422732 0.225207
0 0.360002 0.228354 0.0430277 0.0615818 0.223807
0 0.229039 0.212452 0.016092 0.0276593 0.223308
0 0.262402 0.0221592 0.0275685 0.0380056 0.220107
0 0.964909 0.856062 0.0145271 0.0286346 0.219169
0 0.0408676 0.183093 0.0183723 0.0333594 0.219102
0 0.198941 0.350098 0.0157345 0.028124 0.216039
0 0.735786 0.905625 0.0231157 0.0317915 0.215677
0 0.927574 0.985495 0.0181678 0.0282179 0.212807
0 0.219999 0.33405 0.0195212 0.036922 0.209153
0 0.787658 0.961654 0.0179577 0.0292596 0.208187
0 0.840606 0.772972 0.0177662 0.0308068 0.206858
0 0.0109941 0.132858 0.0204928 0.0211341 0.206836
0 0.914293 0.647142 0.0132591 0.0300176 0.206437
0 0.208688 0.18106 0.0227778 0.0480127 0.205472
0 0.957651 0.639232 0.0233297 0.0387486 0.203628
0 0.835122 0.714167 0.0213062 0.0377163 0.203468
0 0.326913 0.441958 0.038783 0.0615041 0.203266
0 0.804577 0.726314 0.0164459 0.0266005 0.201818
0 0.418792 0.275115 0.0193672 0.0351776 0.198015
0 0.0933172 0.0216268 0.0178063 0.02304 0.197127
0 0.874931 0.793142 0.0223267 0.0372469 0.196843
0 0.0169239 0.167398 0.0186107 0.0353495 0.196573
0 0.406712 0.0319634 0.0267719 0.0387733 0.196486
0 0.22856 0.419331 0.0159226 0.0291623 0.196277
0 0.93046 0.638981 0.0187149 0.0330671 0.195817
0 0.627293 0.97362 0.0164179 0.0341519 0.195416
0 0.116559 0.12448 0.0136199 0.0318133 0.195143
0 0.94058 0.849354 0.0143444 0.0334635 0.194259
0 0.867543 0.743807 0.0166069 0.0277218 0.193955
0 0.208379 0.193252 0.0185486 0.0261751 0.193725
0 0.945882 0.418666 0.0200413 0.0330938 0.193343
0 0.953411 0.786827 0.0177801 0.0322812 0.191289
0 0.333892 0.439982 0.0525052 0.0664417 0.191272
0 0.199937 0.346443 0.0149743 0.0309607 0.189944
0 0.981427 0.470433 0.0125156 0.0306931 0.189457
0 0.351003 0.110587 0.0284925 0.0388093 0.189407
0 0.135758 0.262945 0.0196476 0.0389235 0.187348
0 0.241022 0.246405 0.016781 0.0441488 0.186688
0 0.351673 0.445861 0.0248487 0.0526367 0.186002
0 0.280491 0.52853 0.0186636 0.0369958 0.183853
0 0.0702636 0.115819 0.0194635 0.0236313 0.183766
0 0.137767 0.0673198 0.0210756 0.0293246 0.180015
0 0.148393 0.038154 0.0177461 0.0229555 0.176236
0 0.946703 0.578462 0.0181591 0.0334047 0.176159
0 0.138489 0.142192 0.0183397 0.0267507 0.174279
0 0.739795 0.908808 0.0159716 0.0252935 0.173922
0 0.377317 0.108483 0.0176986 0.029659 0.17061
0 0.871787 0.703642 0.016713 0.0293293 0.170416
0 0.80938 0.758987 0.0137775 0.0284398 0.168183
0 0.687035 0.846699 0.0209094 0.0393311 0.167533
0 0.298382 0.0565399 0.0220184 0.0379465 0.166854
0 0.247381 0.350136 0.014657 0.026875 0.165143
0 0.28276 0.0652805 0.0130999 0.0254389 0.165094
0 0.37059 0.00518891 0.0209375 0.0103778 0.164989
0 0.98378 0.646025 0.0160469 0.0277768 0.1635
0 0.434535 0.330351 0.01978 0.0417544 0.163088
0 0.236403 0.581089 0.0213907 0.0341289 0.162818
0 0.0610368 0.205428 0.0184752 0.0315315 0.162467
0 0.703446 0.9461 0.0138924 0.0433642 0.1611
0 0.0670808 0.270967 0.0201176 0.0290493 0.159502
0 0.0529178 0.318755 0.0164835 0.0286337 0.15836
0 0.920425 0.552679 0.0175436 0.0261887 0.157504
0 0.41389 0.15241 0.0165691 0.0270253 0.156673
0 0.238018 0.254237 0.0183823 0.0307478 0.155909
0 0.373392 0.00616302 0.0203822 0.012326 0.154278
0 0.969661 0.778872 0.0162104 0.0186818 0.153509
0 0.219339 0.328801 0.0181264 0.0284981 0.153196
0 0.224936 0.34377 0.0205326 0.0316425 0.151942
0 0.0304836 0.231027 0.0164441 0.0238396 0.151072
0 0.249565 0.348931 0.0150627 0.0280248 0.150256
0 0.255124 0.0187813 0.0198847 0.0369869 0.149373
0 0.857453 0.782359 0.0127064 0.0391764 0.149326
0 0.288172 0.590435 0.0186843 0.0274197 0.149163
0 0.139255 0.138491 0.0210064 0.0350416 0.148046
0 0.322035 0.238423 0.0244562 0.0356727 0.147966
0 0.334734 0.548238 0.0256372 0.0507943 0.147493
0 0.266939 0.0250364 0.0208385 0.0321522 0.146435
0 0.147299 0.0228947 0.0179155 0.0291291 0.144668
0 0.750186 0.870383 0.0190514 0.029125 0.142717
0 0.968814 0.776111 0.0159283 0.0217967 0.142357
0 0.115805 0.263345 0.0160812 0.0308899 0.142332
0 0.352454 0.300897 0.0200396 0.0381862 0.142194
0 0.762519 0.807341 0.0156907 0.0242147 0.141856
0 0.243076 0.523739 0.0241674 0.0472455 0.140854
0 0.434791 0.0923155 0.0193103 0.0237929 0.137705
0 0.0185172 0.200019 0.013729 0.0227659 0.137702
0 0.286524 0.0170512 0.0187817 0.027522 0.137426
0 0.704826 0.826811 0.018965 0.0306495 0.13681
0 0.992703 0.862021 0.0145948 0.0333042 0.135129
0 0.975844 0.747868 0.0202123 0.0307085 0.13461
0 0.285076 0.59597 0.0138762 0.0257098 0.133496
0 0.910419 0.466917 0.0188826 0.0348861 0.132932
0 0.285263 0.0239575 0.0189367 0.0309356 0.132686
0 0.992227 0.684045 0.015547 0.03454 0.131922
0 0.926951 0.640977 0.0199905 0.0327511 0.13144
0 0.276757 0.330826 0.0171732 0.0252496 0.130585
0 0.0275453 0.0610979 0.0144623 0.0279103 0.130277
0 0.986225 0.394339 0.0206516 0.03243 0.129114
0 0.941122 0.793758 0.0121614 0.0264158 0.129042
0 0.495489 0.320982 0.0346283 0.0636736 0.12833
0 0.0649282 0.203284 0.0231583 0.0299566 0.127881
0 0.0124548 0.164457 0.0246624 0.0399582 0.127816
0 0.356216 0.180666 0.0242131 0.038217 0.127732
0 0.15148 0.0422279 0.0146858 0.0217754 0.127533
0 0.167579 0.522234 0.0193118 0.030728 0.126471
0 0.172175 0.422069 0.0209709 0.0348664 0.126249
0 0.457456 0.161678 0.0125756 0.0249029 0.125666
0 0.889443 0.678346 0.0221333 0.0328617 0.1251
0 0.969089 0.272365 0.0282093 0.0546685 0.124585
0 0.920619 0.529306 0.0183228 0.0273778 0.124258
0 0.186389 0.55604 0.0229015 0.0268551 0.124237
0 0.701763 0.949653 0.0193512 0.0436717 0.123733
0 0.953659 0.75015 0.0171238 0.0347195 0.123529
0 0.781328 0.700053 0.0234222 0.039376 0.122581
0 0.317431 0.507896 0.016829 0.0400627 0.120613
0 0.319536 0.278186 0.0211291 0.02905 0.11852
0 0.117312 0.121902 0.0175915 0.0316647 0.118035
0 0.881457 0.97852 0.0228508 0.0393951 0.117883
0 0.49961 0.317874 0.0277702 0.0585856 0.116998
0 0.865958 0.484643 0.0165283 0.0253025 0.116654
0 0.411872 0.0404896 0.0191646 0.0276474 0.116323
0 0.275004 0.0917935 0.0126917 0.0196952 0.116131
0 0.0918671 0.086909 0.0128687 0.0231581 0.115858
0 0.0532308 0.286701 0.0132274 0.0235815 0.115472
0 0.961428 0.447868 0.0161032 0.0318947 0.115332
0 0.183045 0.277571 0.0173055 0.0254154 0.114703
0 0.948288 0.887919 0.0156506 0.02278 0.114412
0 0.34662 0.590406 0.0296859 0.0569829 0.113632
0 0.729051 0.859708 0.0181414 0.0336957 0.112441
0 0.3673 0.227412 0.0297516 0.0592296 0.112156
0 0.197453 0.354583 0.0138883 0.0270738 0.11194
0 0.181863 0.352156 0.0138243 0.0267468 0.111752
0 0.268832 0.441083 0.0212692 0.0365738 0.111101
0 0.220466 0.339492 0.021059 0.0336501 0.11102
0 0.18358 0.273464 0.0182451 0.0277724 0.110711
0 0.470579 0.0866987 0.0122835 0.0237842 0.110133
0 0.332183 0.00590509 0.018643 0.0118102 0.110037
0 0.147759 0.0296589 0.0185389 0.0296914 0.109552
0 0.37355 0.0109738 0.0236811 0.0218633 0.109156
0 0.290359 0.571003 0.0195791 0.0459981 0.109052
0 0.316582 0.00944701 0.0222645 0.018894 0.108988
0 0.461625 0.251554 0.0194553 0.0326098 0.108969
0 0.121163 0.17245 0.0147542 0.029146 0.10887
0 0.794566 0.839394 0.0151381 0.0298052 0.108775
0 0.10613 0.0334085 0.0117854 0.0239982 0.108361
0 0.808175 0.892413 0.0157126 0.0272802 0.108293
0 0.956367 0.821846 0.0139717 0.0280121 0.107956
0 0.30344 0.378175 0.0298577 0.0529675 0.10774
0 0.943713 0.43432 0.0197502 0.024836 0.10695
0 0.339095 0.549618 0.0345406 0.0618983 0.106731
0 0.545378 0.99253 0.0298494 0.0146053 0.106174
0 0.165512 0.292257 0.0148479 0.0235526 0.105995
0 0.300928 0.059553 0.0206171 0.035682 0.105909
0 0.891143 0.680381 0.0172106 0.0296117 0.105281
0 0.0602967 0.174826 0.0142747 0.0203419 0.105079
0 0.0480588 0.251244 0.0120198 0.0294469 0.104996
0 0.919913 0.837345 0.0157986 0.0288508 0.104516
0 0.40933 0.150501 0.023143 0.0370324 0.104438
0 0.418099 0.202558 0.0171148 0.0322299 0.104371
0 0.766529 0.886103 0.0125314 0.0299672 0.103696
0 0.285276 0.595635 0.0172549 0.0302504 0.103631
0 0.246277 0.435027 0.0168376 0.0322252 0.102759
0 0.0884985 0.0414899 0.0201981 0.0238845 0.102634
0 0.174231 0.485667 0.0152316 0.0299599 0.102321
0 0.295595 0.0527971 0.0212518 0.037836 0.101577
0 0.431791 0.302079 0.023988 0.0347202 0.101405
0 0.217356 0.37378 0.0228048 0.0321007 0.100748
