0 0.791893 0.0923663 0.0280101 0.0483227 0.711721
0 0.787466 0.708654 0.0478515 0.0564839 0.701462
0 0.412529 0.0866513 0.04102 0.0667412 0.693712
0 0.733152 0.700013 0.0281966 0.0402625 0.683904
0 0.828682 0.694682 0.0236771 0.0368443 0.663131
0 0.640302 0.744076 0.0252235 0.0380905 0.662635
0 0.498062 0.243649 0.0156197 0.0218999 0.640072
0 0.738983 0.804879 0.0234085 0.0383538 0.627883
0 0.0121509 0.102376 0.0177034 0.0248112 0.627276
0 0.107647 0.0358579 0.0174249 0.0258164 0.624944
0 0.463361 0.488754 0.0162113 0.0250102 0.624517
0 0.274976 0.252765 0.0177698 0.0264242 0.623345
0 0.165947 0.0688924 0.0170688 0.0254546 0.621129
0 0.0264212 0.0821366 0.0185481 0.0285167 0.619971
0 0.127313 0.0223415 0.0149131 0.02267 0.619182
0 0.039836 0.113135 0.0159109 0.0233224 0.615605
0 0.61194 0.268431 0.0169121 0.0277351 0.615516
0 0.677142 0.900112 0.0169989 0.0318993 0.615166
0 0.494183 0.338984 0.0150227 0.0244544 0.614423
0 0.141694 0.088522 0.0149103 0.023477 0.612837
0 0.517944 0.122575 0.0155001 0.0278547 0.612775
0 0.0702554 0.0256813 0.0157077 0.0259114 0.612511
0 0.173184 0.199962 0.0162176 0.0269235 0.612202
0 0.231101 0.142832 0.0149404 0.0246733 0.607509
0 0.0592101 0.0979334 0.0154451 0.0245821 0.606294
0 0.620802 0.566422 0.0149719 0.0234541 0.605193
0 0.640934 0.214096 0.0137184 0.0239501 0.605063
0 0.451206 0.417469 0.0162162 0.0265181 0.605046
0 0.570004 0.344159 0.0140247 0.0233432 0.604009
0 0.244198 0.0682151 0.014206 0.0218383 0.603106
0 0.634209 0.0492076 0.0144578 0.0229278 0.602449
0 0.0893885 0.0147218 0.0166809 0.0263685 0.602333
0 0.631692 0.277093 0.0152987 0.0224312 0.602232
0 0.428289 0.502695 0.0134436 0.024634 0.601832
0 0.634362 0.17791 0.0152985 0.023667 0.601655
0 0.317795 0.0764442 0.0151375 0.0215934 0.601239
0 0.144553 0.0134347 0.0168885 0.0247652 0.600631
0 0.4466 0.509836 0.0143429 0.0210614 0.599771
0 0.551491 0.895715 0.0272228 0.0531201 0.599618
0 0.0449585 0.071895 0.0158047 0.0261717 0.599011
0 0.606619 0.230696 0.0158081 0.0252151 0.598975
0 0.53063 0.949482 0.0259756 0.0447235 0.598949
0 0.585452 0.220175 0.0134654 0.0230763 0.597542
0 0.438836 0.476338 0.0187354 0.0216927 0.597492
0 0.24967 0.0984552 0.0150912 0.0233131 0.597358
0 0.949086 0.1383 0.0137161 0.0218341 0.596972
0 0.510161 0.22061 0.0151318 0.0225861 0.593772
0 0.939323 0.290303 0.0235222 0.022663 0.593517
0 0.202894 0.0121818 0.0158378 0.0218733 0.593503
0 0.518053 0.905259 0.0231094 0.0320991 0.592146
0 0.0965761 0.119913 0.0150935 0.0225048 0.591672
0 0.102046 0.0741235 0.0150912 0.0222021 0.591251
0 0.0872383 0.048136 0.015596 0.0221057 0.590889
0 0.312952 0.201124 0.0157782 0.0216123 0.590369
0 0.668053 0.689909 0.0177586 0.0262889 0.590257
0 0.235454 0.0305183 0.015026 0.0222438 0.590249
0 0.971666 0.0461713 0.0144432 0.0229384 0.589975
0 0.501243 0.374564 0.0149117 0.0237798 0.588517
0 0.657878 0.323012 0.0145026 0.0218547 0.587781
0 0.570748 0.246736 0.014469 0.0220796 0.587642
0 0.556397 0.0113109 0.0163043 0.0209661 0.587404
0 0.0362583 0.0130373 0.0151958 0.0237067 0.586593
0 0.62548 0.59808 0.0147228 0.0221534 0.586234
0 0.614372 0.528656 0.0152754 0.0246704 0.585942
0 0.69298 0.929276 0.0156284 0.0239844 0.58594
0 0.638956 0.442949 0.0137486 0.0244271 0.585793
0 0.629285 0.239987 0.0129028 0.0243673 0.585287
0 0.0233724 0.146752 0.0159936 0.0272482 0.584988
0 0.541478 0.297479 0.015169 0.0261778 0.584745
0 0.015409 0.0248302 0.0153506 0.0239077 0.58472
0 0.621482 0.0748278 0.014949 0.0255411 0.584651
0 0.522262 0.288746 0.0132265 0.0226517 0.584561
0 0.502417 0.278851 0.0148399 0.0225994 0.584512
0 0.47783 0.586613 0.0144094 0.0220418 0.58412
0 0.654756 0.189279 0.014423 0.0213719 0.583869
0 0.573912 0.377423 0.0137629 0.0219558 0.582676
0 0.993563 0.386089 0.012875 0.022591 0.582556
0 0.629768 0.143703 0.0156518 0.0224035 0.581949
0 0.236476 0.304224 0.0167093 0.0254649 0.581586
0 0.574001 0.51032 0.0149336 0.0217021 0.581535
0 0.94087 0.11307 0.013958 0.0217561 0.581534
0 0.0667248 0.058485 0.0170738 0.0267383 0.580759
0 0.548789 0.105604 0.0143518 0.0237314 0.580716
0 0.212451 0.0422279 0.0147285 0.0249477 0.580657
0 0.292112 0.208314 0.0146382 0.024216 0.580561
0 0.566141 0.210903 0.0141567 0.0228149 0.580454
0 0.563735 0.311509 0.0129899 0.020178 0.580177
0 0.508573 0.181168 0.0136547 0.0202978 0.579261
0 0.582383 0.543522 0.014432 0.0238375 0.57889
0 0.648981 0.927903 0.0200012 0.0371412 0.578762
0 0.700774 0.0134332 0.0132687 0.0235774 0.578723
0 0.658913 0.0921702 0.0145035 0.0206795 0.578631
0 0.484133 0.401037 0.0134338 0.0217275 0.578541
0 0.712017 0.314795 0.0146968 0.0225559 0.57798
0 0.660279 0.224026 0.0130857 0.0235669 0.577925
0 0.650635 0.153253 0.014962 0.0234895 0.57785
0 0.579567 0.184943 0.0140415 0.0238272 0.577745
0 0.651806 0.286316 0.0138236 0.0227577 0.577665
0 0.517325 0.252748 0.0137815 0.0224197 0.57741
0 0.460219 0.355655 0.0160961 0.0246542 0.577232
0 0.504812 0.409408 0.0144311 0.0251081 0.576802
0 0.966935 0.384247 0.0254108 0.0242905 0.576096
0 0.550466 0.465064 0.0153597 0.0217449 0.575887
0 0.560639 0.533485 0.0139231 0.0228946 0.575873
0 0.545355 0.428654 0.0149483 0.0247331 0.575676
0 0.596555 0.291274 0.0138696 0.0224758 0.575147
0 0.467849 0.706329 0.0200734 0.034428 0.574605
0 0.614895 0.169071 0.0141719 0.0234458 0.57437
0 0.721798 0.0254579 0.0139681 0.0210363 0.574241
0 0.600864 0.0642241 0.0133486 0.0213734 0.57398
0 0.579841 0.412896 0.0146633 0.0216535 0.57371
0 0.690925 0.173686 0.0145889 0.0230363 0.573549
0 0.509101 0.962235 0.0167322 0.0279052 0.573465
0 0.969323 0.200426 0.0143696 0.0195904 0.573134
0 0.553267 0.0662367 0.0121742 0.0213167 0.573057
0 0.600285 0.194412 0.0136311 0.0224758 0.572974
0 0.92991 0.137837 0.011853 0.0232889 0.572775
0 0.170112 0.320128 0.015205 0.022819 0.572486
0 0.545653 0.200798 0.0142536 0.021686 0.572413
0 0.609961 0.133377 0.0140315 0.0215693 0.571807
0 0.72132 0.256463 0.0143581 0.0208835 0.571785
0 0.692032 0.0761385 0.0139984 0.0229777 0.57093
0 0.182904 0.0250976 0.0144683 0.0208639 0.570887
0 0.322813 0.116845 0.0158386 0.0225772 0.570693
0 0.595093 0.0290288 0.0137457 0.0237478 0.57067
0 0.554686 0.498667 0.013456 0.0219964 0.569877
0 0.572405 0.077179 0.0129978 0.0197279 0.569368
0 0.564301 0.947618 0.0183447 0.0333574 0.569149
0 0.255975 0.135872 0.0157416 0.023752 0.568941
0 0.62395 0.468755 0.0141834 0.0229947 0.568784
0 0.96039 0.109167 0.0131607 0.0201714 0.5686
0 0.480421 0.364858 0.0135876 0.0223518 0.568485
0 0.635096 0.541557 0.0150867 0.0238106 0.568312
0 0.577086 0.281016 0.0145367 0.0223529 0.568299
0 0.590832 0.0855372 0.0145508 0.0215881 0.568006
0 0.193983 0.195015 0.0158082 0.0267977 0.566895
0 0.981353 0.232242 0.0120995 0.0194874 0.566753
0 0.248925 0.955977 0.0145365 0.022837 0.566658
0 0.121887 0.0618203 0.014801 0.0221656 0.565586
0 0.589003 0.35282 0.0138432 0.021417 0.564754
0 0.297943 0.247089 0.0168385 0.0234793 0.564657
0 0.883692 0.113455 0.0135246 0.0228657 0.564217
0 0.260441 0.0152331 0.0167798 0.0253088 0.564156
0 0.239637 0.183666 0.015336 0.0225567 0.563803
0 0.549294 0.333266 0.0154617 0.0223294 0.563621
0 0.620287 0.205335 0.0133081 0.0221506 0.563253
0 0.601207 0.553245 0.0150421 0.0222234 0.562914
0 0.49296 0.566331 0.0143543 0.020479 0.562554
0 0.628667 0.0126756 0.0146764 0.0211616 0.562196
0 0.7158 0.219986 0.0131329 0.0217264 0.561584
0 0.46689 0.519485 0.0148647 0.0208262 0.561546
0 0.908283 0.198285 0.0223972 0.0211653 0.561427
0 0.685166 0.038763 0.0119099 0.0195886 0.561419
0 0.562217 0.0443778 0.0132891 0.0205249 0.561362
0 0.534158 0.132134 0.0132769 0.0231505 0.561333
0 0.648961 0.0230613 0.013134 0.0218346 0.561292
0 0.528773 0.324536 0.0127718 0.0224914 0.561028
0 0.988217 0.202026 0.0114506 0.0206206 0.560844
0 0.970101 0.263968 0.01436 0.0222308 0.560603
0 0.498279 0.596591 0.0141964 0.0211884 0.559983
0 0.282277 0.291217 0.016184 0.0240361 0.559949
0 0.270153 0.217682 0.0148107 0.0245449 0.559325
0 0.591312 0.255707 0.0143715 0.0205703 0.559222
0 0.566198 0.569259 0.0123826 0.0228443 0.55911
0 0.701489 0.245149 0.0135161 0.0193998 0.558747
0 0.943067 0.230062 0.012554 0.0199837 0.558731
0 0.337595 0.0711662 0.01451 0.0214439 0.55837
0 0.525287 0.418557 0.0144873 0.0233081 0.558307
0 0.520887 0.15578 0.0152655 0.0214149 0.557878
0 0.583253 0.318 0.0150623 0.0232492 0.557552
0 0.486867 0.530708 0.0146318 0.0195435 0.557242
0 0.551213 0.237447 0.0152168 0.0222961 0.557053
0 0.718875 0.482828 0.0166458 0.0262752 0.556812
0 0.0824545 0.0872908 0.0153383 0.0199701 0.556623
0 0.619797 0.433303 0.0133252 0.0231329 0.556402
0 0.575207 0.0195836 0.0143637 0.021263 0.556188
0 0.185843 0.277656 0.0144291 0.02264 0.556165
0 0.565688 0.435819 0.0149012 0.0208194 0.555899
0 0.495457 0.471772 0.0141249 0.0209798 0.55587
0 0.686178 0.270679 0.0144174 0.021486 0.555818
0 0.158488 0.122699 0.0146302 0.0225572 0.555662
0 0.605329 0.589977 0.0133207 0.0217516 0.555066
0 0.438047 0.569346 0.0152986 0.0226232 0.554851
0 0.526592 0.193683 0.0148698 0.021859 0.55466
0 0.711428 0.0833809 0.0133001 0.0226555 0.554416
0 0.510432 0.445989 0.0133818 0.021089 0.554253
0 0.912372 0.0817481 0.0118977 0.0214073 0.553936
0 0.0322826 0.0504103 0.015131 0.0214399 0.553835
0 0.61072 0.494334 0.0154906 0.0215193 0.553346
0 0.670046 0.120984 0.0140943 0.0170798 0.553269
0 0.471369 0.425009 0.0138161 0.0201916 0.552762
0 0.727531 0.0595779 0.0132702 0.0217138 0.55207
0 0.187441 0.0527899 0.0135692 0.0215111 0.551844
0 0.585071 0.577178 0.0118899 0.0217886 0.551359
0 0.676119 0.197935 0.01499 0.0230513 0.551228
0 0.677063 0.33443 0.0141346 0.0202002 0.550988
0 0.535255 0.49128 0.0133247 0.0205483 0.550322
0 0.728799 0.145089 0.0134827 0.0221618 0.550198
0 0.253188 0.259566 0.0158499 0.0233322 0.550178
0 0.142398 0.0478692 0.0146935 0.0199825 0.549699
0 0.665724 0.259967 0.0131151 0.0210606 0.549671
0 0.683881 0.369102 0.0135623 0.0216358 0.549555
0 0.672878 0.55793 0.0113234 0.0191133 0.549286
0 0.456029 0.450253 0.0137751 0.0196798 0.549006
0 0.681808 0.235797 0.0155427 0.0207751 0.548698
0 0.465542 0.390813 0.0138838 0.0190668 0.548548
0 0.68019 0.593794 0.0145885 0.0241747 0.548064
0 0.568861 0.114235 0.0157823 0.0233904 0.547702
0 0.731003 0.192296 0.0147811 0.0226066 0.547277
0 0.512244 0.573364 0.0152419 0.0198416 0.546566
0 0.641225 0.575359 0.0142759 0.0219932 0.546369
0 0.295208 0.082438 0.0150414 0.0221743 0.546312
0 0.609545 0.366084 0.0132968 0.0216115 0.546074
0 0.560462 0.40394 0.0128652 0.0209218 0.545601
0 0.646856 0.249715 0.0137988 0.0206214 0.54542
0 0.623507 0.337908 0.012623 0.0215831 0.545245
0 0.050984 0.0363164 0.0149929 0.0196416 0.545085
0 0.662799 0.487714 0.0140255 0.0218689 0.545032
0 0.520209 0.384805 0.0133898 0.0224684 0.544654
0 0.978755 0.166951 0.0125281 0.0202491 0.544254
0 0.25996 0.299988 0.0180362 0.0246783 0.543821
0 0.509414 0.314412 0.0129278 0.0214244 0.543762
0 0.661086 0.584438 0.0136996 0.0216414 0.542956
0 0.589592 0.123172 0.0158454 0.0236558 0.542856
0 0.595523 0.520094 0.0136171 0.0233044 0.542722
0 0.932758 0.199509 0.0129386 0.0191895 0.542602
0 0.30335 0.286881 0.0144133 0.0224105 0.542332
0 0.651487 0.64618 0.0130821 0.0197569 0.542279
0 0.208798 0.148226 0.0158008 0.0234691 0.541959
0 0.631362 0.504315 0.0132231 0.0218404 0.541937
0 0.118602 0.104651 0.0144441 0.0221989 0.541558
0 0.531289 0.226802 0.0139433 0.0204882 0.541354
0 0.640678 0.0831337 0.0135042 0.0187519 0.541289
0 0.224034 0.0764722 0.014188 0.0211427 0.54117
0 0.594462 0.159649 0.0141554 0.0221836 0.540847
0 0.302003 0.120955 0.0152125 0.022691 0.540648
0 0.580776 0.0540221 0.0134968 0.0187491 0.540457
0 0.648047 0.113359 0.0139416 0.0204901 0.540406
0 0.237117 0.988992 0.0165411 0.0200366 0.540187
0 0.613908 0.398318 0.0136733 0.0190893 0.540022
0 0.553859 0.139901 0.0145247 0.0231133 0.539467
0 0.963421 0.292831 0.0131477 0.02128 0.539255
0 0.590548 0.483475 0.0142797 0.0212923 0.538991
0 0.506918 0.540597 0.0145351 0.0221287 0.538869
0 0.918301 0.228198 0.0214742 0.0190411 0.53885
0 0.903717 0.108013 0.0121559 0.0200556 0.538464
0 0.614992 0.039881 0.014254 0.0227103 0.538273
0 0.709983 0.181509 0.0122672 0.0206425 0.537945
0 0.641843 0.350539 0.0119173 0.020798 0.537576
0 0.671504 0.297201 0.0133863 0.0213684 0.537554
0 0.94012 0.169652 0.0131691 0.0209415 0.537502
0 0.960085 0.231208 0.0122486 0.0188079 0.537267
0 0.530353 0.457015 0.0140039 0.0217268 0.53709
0 0.489921 0.433289 0.0132237 0.0182102 0.536915
0 0.697464 0.343385 0.0129959 0.0213178 0.536872
0 0.968525 0.139113 0.0120186 0.0202985 0.536534
0 0.525641 0.0950036 0.0194259 0.0234374 0.536143
0 0.651112 0.514529 0.0138777 0.0205166 0.535691
0 0.306453 0.163658 0.0161899 0.0228691 0.535681
0 0.0709637 0.269139 0.0146327 0.0209023 0.535669
0 0.569596 0.475209 0.0141827 0.0218789 0.535418
0 0.553818 0.370319 0.0135391 0.0229614 0.535315
0 0.668221 0.0304246 0.0126995 0.020215 0.535157
0 0.482271 0.984197 0.0179779 0.0296659 0.534977
0 0.975974 0.324259 0.0129757 0.0229988 0.534771
0 0.959359 0.167797 0.0131308 0.0190097 0.534767
0 0.335419 0.196049 0.0153923 0.0213948 0.534184
0 0.71202 0.837192 0.0327189 0.0383438 0.534117
0 0.903408 0.0535379 0.0120934 0.0218723 0.533421
0 0.74654 0.0683018 0.0138685 0.0207106 0.533209
0 0.226559 0.10386 0.0149691 0.0233442 0.532928
0 0.54023 0.394184 0.0148668 0.0219629 0.532443
0 0.706336 0.277992 0.0128313 0.02109 0.532341
0 0.541718 0.526641 0.0130688 0.0234555 0.53186
0 0.483079 0.494864 0.0136028 0.0219714 0.530573
0 0.261652 0.177986 0.014046 0.0200393 0.530157
0 0.598739 0.425801 0.0123439 0.0222523 0.529841
0 0.584338 0.449112 0.0124865 0.0233242 0.529708
0 0.0471133 0.13979 0.0151846 0.0206236 0.529227
0 0.26683 0.0610487 0.0138546 0.0213586 0.527686
0 0.26235 0.928541 0.0137275 0.0222566 0.52743
0 0.557275 0.271678 0.0151974 0.022251 0.526042
0 0.751759 0.337216 0.0126369 0.019584 0.525768
0 0.696268 0.208464 0.0128476 0.0217356 0.524934
0 0.95032 0.199083 0.0135704 0.0185908 0.524702
0 0.984333 0.354745 0.0123568 0.0189713 0.524385
0 0.985983 0.067239 0.0129114 0.0212064 0.524121
0 0.527248 0.552817 0.0142601 0.0239687 0.524002
0 0.515127 0.478918 0.0138615 0.0212063 0.523548
0 0.603699 0.328542 0.0139849 0.02042 0.523505
0 0.689147 0.534555 0.0124854 0.0195243 0.522916
0 0.911932 0.138622 0.0119371 0.0215823 0.521966
0 0.522296 0.515285 0.0130889 0.0227372 0.521857
0 0.615417 0.970174 0.0165617 0.0296994 0.521652
0 0.202098 0.234807 0.0146896 0.0222759 0.521021
0 0.543441 0.0373275 0.0139488 0.0218871 0.520633
0 0.958848 0.35223 0.021246 0.0216382 0.520465
0 0.141216 0.345776 0.0127019 0.0208622 0.520316
0 0.604399 0.458254 0.0125937 0.0202677 0.520312
0 0.458158 0.579086 0.0144201 0.0208995 0.519649
0 0.485047 0.918432 0.0339993 0.0517649 0.51882
0 0.472787 0.55706 0.0135769 0.02181 0.518576
0 0.327177 0.158426 0.014166 0.0215025 0.517777
0 0.631294 0.634803 0.0147633 0.0211824 0.517429
0 0.593482 0.387362 0.013179 0.0200511 0.51702
0 0.055525 0.00856244 0.0153197 0.0171249 0.51662
0 0.663883 0.619425 0.0132011 0.0196958 0.516455
0 0.57403 0.150819 0.014822 0.0218708 0.51533
0 0.204401 0.111906 0.0138868 0.0190806 0.515262
0 0.182728 0.432158 0.018556 0.0272804 0.515206
0 0.731964 0.455746 0.015621 0.0217404 0.514581
0 0.148529 0.205523 0.0139275 0.0226305 0.514258
0 0.272335 0.0895941 0.0132689 0.0215289 0.514178
0 0.61046 0.624099 0.0128822 0.019201 0.513968
0 0.532468 0.0563674 0.0137042 0.0214505 0.513954
0 0.628295 0.102625 0.0137959 0.0178431 0.513461
0 0.741096 0.0348374 0.0136017 0.0216714 0.511958
0 0.213073 0.552742 0.0133001 0.0231945 0.511675
0 0.230173 0.265505 0.0150216 0.0226418 0.511584
0 0.48937 0.303672 0.0139309 0.0211997 0.510331
0 0.69195 0.306395 0.0124157 0.0198835 0.510283
0 0.517738 0.607354 0.0144886 0.0203398 0.509833
0 0.989345 0.262489 0.0134932 0.0229903 0.509617
0 0.643504 0.476678 0.0123203 0.0195465 0.509026
0 0.979487 0.115803 0.0121145 0.0196178 0.508257
0 0.727856 0.289792 0.0130032 0.0192078 0.50701
0 0.553087 0.59687 0.013987 0.020969 0.50679
0 0.143783 0.164345 0.0144858 0.0242853 0.503647
0 0.534046 0.35829 0.0134911 0.0214656 0.503637
0 0.746261 0.298989 0.0127556 0.0179063 0.502564
0 0.47697 0.460804 0.0116747 0.0210475 0.501871
0 0.164177 0.281196 0.0141375 0.0211095 0.501653
0 0.162672 0.547147 0.0130803 0.017937 0.501414
0 0.731754 0.0954728 0.0125559 0.0229724 0.501248
0 0.180895 0.238264 0.014352 0.0231709 0.501084
0 0.667403 0.652728 0.0130802 0.0208518 0.501019
0 0.616443 0.303688 0.0117432 0.0204681 0.50089
0 0.762065 0.75362 0.0154313 0.0294156 0.500883
0 0.751637 0.201349 0.013316 0.0188833 0.500631
0 0.418742 0.560834 0.0143171 0.0249912 0.500092
0 0.92142 0.109838 0.0137875 0.020026 0.499963
0 0.949532 0.0817983 0.0112645 0.0210235 0.499884
0 0.532912 0.58608 0.0129644 0.0204099 0.499014
0 0.173052 0.508526 0.0135061 0.0186962 0.498863
0 0.284303 0.170036 0.0146908 0.0213681 0.498502
0 0.633453 0.40844 0.0132455 0.0188588 0.497309
0 0.697258 0.110776 0.0136057 0.0203479 0.49698
0 0.648768 0.384427 0.0126934 0.0216758 0.496926
0 0.474635 0.328804 0.0157656 0.0245678 0.494724
0 0.897221 0.166283 0.0215317 0.0216608 0.494718
0 0.123435 0.243094 0.0123557 0.0174484 0.494235
0 0.288484 0.0525442 0.0121634 0.0213768 0.493175
0 0.116183 0.503956 0.0125888 0.0193202 0.49265
0 0.704096 0.379361 0.0130455 0.0197623 0.492621
0 0.27668 0.131027 0.0152377 0.0212392 0.492281
0 0.449366 0.383496 0.013463 0.0207943 0.492002
0 0.678266 0.626247 0.0119551 0.0190976 0.49159
0 0.502022 0.506015 0.0136624 0.0204672 0.491515
0 0.609706 0.0939977 0.013802 0.0189299 0.489555
0 0.717891 0.352777 0.0136747 0.0180648 0.488603
0 0.736634 0.226266 0.013512 0.0202881 0.488527
0 0.710966 0.444831 0.0124598 0.0197553 0.488455
0 0.353381 0.0682442 0.0130157 0.0197577 0.487827
0 0.705999 0.0482332 0.0120293 0.0200274 0.487744
0 0.111581 0.281857 0.0134265 0.0193069 0.487143
0 0.991518 0.475919 0.0162106 0.0201053 0.487127
0 0.928972 0.258143 0.0225021 0.0217374 0.487044
0 0.634734 0.666719 0.0131405 0.0192765 0.486198
0 0.0600104 0.204138 0.0131354 0.0195654 0.485007
0 0.921466 0.0509769 0.01357 0.0201723 0.484626
0 0.894351 0.0836114 0.0124593 0.0174692 0.484178
0 0.0789621 0.302413 0.0135188 0.0201274 0.483837
0 0.932309 0.0813635 0.0141673 0.0203615 0.483758
0 0.609549 0.00791058 0.0140163 0.0158212 0.483676
0 0.0906336 0.155123 0.0120588 0.018006 0.482805
0 0.591619 0.616972 0.0132332 0.0209075 0.482588
0 0.971695 0.41541 0.0138117 0.0232464 0.482104
0 0.736889 0.365294 0.0123394 0.0218502 0.481214
0 0.703977 0.540885 0.013615 0.0216785 0.481051
0 0.536112 0.262807 0.0135722 0.0212814 0.480382
0 0.559751 0.179451 0.012248 0.0193854 0.480182
0 0.427642 0.534252 0.0202976 0.0219543 0.479661
0 0.199139 0.08588 0.0124271 0.0199374 0.479421
0 0.652043 0.419598 0.0138461 0.0199721 0.479045
0 0.158082 0.243859 0.0138359 0.0218991 0.478616
0 0.7575 0.238195 0.0123302 0.0202173 0.478257
0 0.923826 0.170205 0.0126082 0.0196907 0.477919
0 0.74009 0.430404 0.0127974 0.0182016 0.477378
0 0.674937 0.795078 0.0261974 0.0484305 0.476919
0 0.108622 0.00707377 0.0169242 0.0141475 0.476713
0 0.454518 0.548181 0.0143309 0.0210726 0.475851
0 0.996055 0.173773 0.00788981 0.0227348 0.474644
0 0.343672 0.150812 0.0132851 0.0201615 0.473978
0 0.662206 0.359335 0.0137025 0.0200526 0.473707
0 0.768309 0.344533 0.013026 0.020531 0.471153
0 0.646022 0.61195 0.0115548 0.019761 0.469571
0 0.137814 0.522896 0.0136659 0.0189996 0.468291
0 0.955394 0.264176 0.0111601 0.0199783 0.467339
0 0.757471 0.371393 0.0139442 0.0193332 0.467184
0 0.0780868 0.196323 0.0122174 0.0176053 0.466719
0 0.108488 0.250983 0.0132206 0.0174 0.465238
0 0.66832 0.393641 0.0120153 0.0207044 0.465196
0 0.678468 0.463605 0.0135365 0.0186279 0.462563
0 0.165135 0.158949 0.0141674 0.0195508 0.462467
0 0.440422 0.441939 0.0146931 0.017769 0.461916
0 0.709084 0.414456 0.0121246 0.020826 0.460815
0 0.761752 0.0442894 0.0154182 0.0214157 0.460797
0 0.132239 0.274098 0.0128871 0.0192307 0.460013
0 0.184012 0.115172 0.0135621 0.0224628 0.458965
0 0.669388 0.160397 0.0138708 0.020772 0.458885
0 0.741046 0.264477 0.0131898 0.0191286 0.458546
0 0.979415 0.414102 0.0225899 0.0224396 0.458373
0 0.148124 0.267967 0.0116851 0.017713 0.458351
0 0.326406 0.276753 0.0146673 0.0212315 0.457296
0 0.669059 0.524051 0.0130251 0.0180203 0.456465
0 0.166165 0.674474 0.0152359 0.0200858 0.455414
0 0.695003 0.567989 0.0142953 0.0217943 0.454998
0 0.996109 0.233073 0.00778217 0.0217688 0.454378
0 0.546573 0.560723 0.0133015 0.0195073 0.454249
0 0.671809 0.42748 0.0125552 0.0196642 0.453568
0 0.744572 0.398677 0.0143695 0.0220963 0.452197
0 0.691106 0.437056 0.0128436 0.0191388 0.451232
0 0.526241 0.0305442 0.0139315 0.0215127 0.451059
0 0.284509 0.00816377 0.0177371 0.0162018 0.450844
0 0.152721 0.305433 0.0128576 0.0213674 0.449637
0 0.149116 0.486557 0.0122004 0.0192474 0.449406
0 0.120859 0.536031 0.0138879 0.0185998 0.447537
0 0.616036 0.656099 0.0127526 0.0214527 0.447533
0 0.103307 0.543571 0.0135209 0.0175903 0.446614
0 0.339113 0.786562 0.0137131 0.0210463 0.445117
0 0.571183 0.606666 0.0142302 0.0193966 0.443703
0 0.540405 0.169344 0.012237 0.0204408 0.441706
0 0.132529 0.39031 0.0144196 0.0178231 0.441148
0 0.698273 0.47029 0.0125408 0.0185559 0.441014
0 0.335137 0.754157 0.0142591 0.0256117 0.440574
0 0.701797 0.506254 0.0142919 0.0194432 0.439779
0 0.159251 0.443275 0.0138054 0.0227563 0.439271
0 0.689704 0.405705 0.0129475 0.0194075 0.438879
0 0.155812 0.409846 0.0152458 0.0226125 0.438359
0 0.944497 0.322335 0.0192242 0.0221646 0.438216
0 0.0719512 0.128225 0.0158171 0.0223216 0.437927
0 0.868918 0.921145 0.0154171 0.0235819 0.436655
0 0.195651 0.532289 0.0139706 0.0195546 0.436393
0 0.224133 0.226656 0.0133117 0.0211749 0.435244
0 0.217327 0.191378 0.0151058 0.0233421 0.435072
0 0.34368 0.110935 0.0147315 0.0193928 0.434963
0 0.466698 0.96719 0.0168005 0.0234626 0.432014
0 0.538738 0.618287 0.0135826 0.019459 0.427186
0 0.198866 0.353157 0.0173415 0.0240921 0.424683
0 0.151776 0.590788 0.0123014 0.0178986 0.423791
0 0.190037 0.499165 0.0119288 0.0182571 0.423455
0 0.178461 0.544201 0.0122168 0.0170848 0.420458
0 0.101902 0.221288 0.0142258 0.0169011 0.417855
0 0.081663 0.230815 0.0135643 0.0205938 0.417268
0 0.677817 0.79892 0.0218315 0.0415988 0.417248
0 0.352522 0.765064 0.0151805 0.0221815 0.416666
0 0.0708702 0.16628 0.0126458 0.0191172 0.416499
0 0.628166 0.373934 0.013925 0.015783 0.416277
0 0.117227 0.215973 0.011557 0.0162162 0.415544
0 0.990578 0.325536 0.0118778 0.0198302 0.410822
0 0.132422 0.488615 0.0131461 0.0173342 0.408938
0 0.979357 0.444637 0.0132341 0.0206722 0.406884
0 0.106898 0.147706 0.0122896 0.0191026 0.404893
0 0.142061 0.238336 0.0125606 0.0172507 0.403335
0 0.732683 0.325418 0.0117673 0.0199359 0.402266
0 0.51445 0.350899 0.0133862 0.0187745 0.400812
0 0.168949 0.587218 0.0140682 0.0199766 0.400607
0 0.473432 0.295262 0.0140408 0.025933 0.4006
0 0.681801 0.00727105 0.0141949 0.0144916 0.400506
0 0.128769 0.605686 0.0129446 0.0194746 0.399463
0 0.10025 0.330804 0.0136312 0.0199028 0.398723
0 0.0811326 0.436795 0.0151327 0.0195624 0.397392
0 0.19221 0.315398 0.0145899 0.0188796 0.396926
0 0.677729 0.100702 0.0133968 0.0207745 0.396507
0 0.0959415 0.185272 0.012393 0.0178424 0.395129
0 0.00864627 0.242911 0.0145246 0.0214851 0.393055
0 0.223905 0.00561895 0.0145856 0.0112379 0.391616
0 0.11233 0.183423 0.0135965 0.0176695 0.390552
0 0.192746 0.605361 0.0137715 0.0208323 0.389726
0 0.637049 0.311293 0.0117352 0.0177185 0.389222
0 0.656182 0.546828 0.0139208 0.0170492 0.386897
0 0.127308 0.571218 0.0132216 0.0183879 0.386252
0 0.117967 0.31953 0.0127854 0.0171618 0.385436
0 0.127535 0.457357 0.0119126 0.0177114 0.383865
0 0.520939 0.991525 0.0194616 0.016104 0.381941
0 0.483872 0.27104 0.0163031 0.0288501 0.373842
0 0.0592059 0.306413 0.0127686 0.0156474 0.373427
0 0.273747 0.898424 0.0156667 0.0241977 0.373166
0 0.139795 0.421026 0.0130048 0.0199744 0.366812
0 0.761208 0.276222 0.0109914 0.0177558 0.366702
0 0.682819 0.497597 0.0129315 0.0195007 0.36599
0 0.184116 0.57218 0.0121192 0.0186943 0.365888
0 0.134028 0.201547 0.0127477 0.0172019 0.362889
0 0.98002 0.295409 0.0114246 0.0178655 0.362736
0 0.591668 0.941824 0.0206057 0.0389886 0.360792
0 0.995566 0.0336142 0.0088679 0.0228856 0.358042
0 0.185025 0.673312 0.0130015 0.018122 0.357928
0 0.20109 0.569929 0.0121569 0.0188121 0.357496
0 0.00301811 0.0550165 0.00603623 0.0209548 0.355757
0 0.19839 0.469198 0.0133603 0.0226087 0.352292
0 0.142638 0.450729 0.0129674 0.0205313 0.350034
0 0.756699 0.0117681 0.0128319 0.0202172 0.345614
0 0.692439 0.87018 0.0234167 0.0347907 0.344125
0 0.136914 0.133526 0.0131715 0.0193933 0.340426
0 0.850083 0.909885 0.0161648 0.0257696 0.33983
0 0.708611 0.13995 0.012516 0.0200689 0.336929
0 0.127422 0.173863 0.0119878 0.0176135 0.336906
0 0.576417 0.634365 0.0159526 0.0205154 0.336556
0 0.125466 0.348926 0.0128216 0.0176061 0.331793
0 0.120027 0.430616 0.0125337 0.0195545 0.331422
0 0.891927 0.137439 0.012992 0.0172397 0.328867
0 0.500173 0.99092 0.0182629 0.0168991 0.325446
0 0.684629 0.953576 0.0141914 0.0186205 0.32306
0 0.207277 0.272353 0.0159519 0.019005 0.31697
0 0.142999 0.55685 0.0147556 0.0163459 0.310394
0 0.0331756 0.182607 0.0119591 0.0163057 0.309186
0 0.257539 0.989955 0.0136968 0.0198091 0.308731
0 0.321103 0.364215 0.017793 0.0306376 0.308649
0 0.107255 0.366044 0.0130882 0.0192786 0.307629
0 0.672531 0.0660603 0.0135975 0.0207369 0.307177
0 0.948094 0.323277 0.0237471 0.0206497 0.302204
0 0.776662 0.31513 0.0171271 0.019553 0.301924
0 0.203277 0.668739 0.0121405 0.0193931 0.301322
0 0.334396 0.240911 0.0128986 0.0211589 0.300343
0 0.273973 0.987489 0.0140624 0.0239309 0.298469
0 0.487848 0.912957 0.029138 0.0416294 0.296319
0 0.287801 0.332972 0.0169591 0.0282949 0.294097
0 0.535649 0.0054214 0.0142893 0.0108428 0.291793
0 0.124229 0.665252 0.0129425 0.0180803 0.291242
0 0.220496 0.348373 0.0157315 0.0244217 0.287932
0 0.038662 0.215466 0.0129957 0.0185365 0.287546
0 0.74753 0.155423 0.0138485 0.0197402 0.286969
0 0.787917 0.284212 0.0230328 0.0250445 0.286023
0 0.182302 0.646587 0.0123694 0.0179139 0.284635
0 0.311764 0.0455518 0.013489 0.0220841 0.282376
0 0.555804 0.989271 0.0226842 0.0202699 0.280891
0 0.15856 0.340131 0.0128682 0.0161757 0.26805
0 0.0511991 0.275027 0.0142582 0.0169686 0.267304
0 0.0921645 0.265719 0.012619 0.0198937 0.26604
0 0.533016 0.953819 0.0237963 0.0385542 0.266016
0 0.196658 0.636166 0.014012 0.0187085 0.265319
0 0.86133 0.878942 0.0152962 0.0212273 0.263731
0 0.753681 0.10379 0.0166655 0.0186586 0.257923
0 0.0149675 0.183416 0.0125326 0.0159662 0.257319
0 0.174301 0.358208 0.0150695 0.0195688 0.253029
0 0.310546 0.322529 0.0143775 0.0209099 0.251289
0 0.11351 0.393659 0.0133946 0.018834 0.24875
0 0.645446 0.828688 0.0222246 0.0336505 0.245899
0 0.212643 0.990693 0.0150954 0.0166615 0.240353
0 0.244988 0.340507 0.0172174 0.0237478 0.240334
0 0.974752 0.416612 0.0202671 0.0227133 0.235601
0 0.0442095 0.243665 0.0115582 0.0192755 0.228398
0 0.641883 0.98417 0.020813 0.0296276 0.226817
0 0.151835 0.513169 0.0111312 0.0159905 0.220274
0 0.572327 0.916003 0.0216284 0.0321398 0.219282
0 0.71616 0.119541 0.0142452 0.0212065 0.216898
0 0.336969 0.814368 0.0175591 0.0251244 0.21413
0 0.226299 0.480641 0.0124159 0.017768 0.212299
0 0.20265 0.814108 0.0124824 0.0208111 0.212218
0 0.31914 0.238107 0.0148209 0.02243 0.207627
0 0.997094 0.293421 0.00581195 0.0205032 0.205356
0 0.104693 0.574082 0.0134478 0.0170012 0.203708
0 0.492857 0.911268 0.0195051 0.036047 0.202998
0 0.0057652 0.00657948 0.0113019 0.0126064 0.202641
0 0.095356 0.404446 0.0135241 0.0217283 0.19851
0 0.469889 0.327755 0.0231967 0.0271114 0.197277
0 0.77412 0.313763 0.0226522 0.0183426 0.196175
0 0.629214 0.0998525 0.013945 0.0154918 0.192932
0 0.321718 0.784682 0.0128315 0.0196581 0.190594
0 0.146284 0.677484 0.0141666 0.0176353 0.184896
0 0.690125 0.134134 0.0129112 0.0170044 0.184494
0 0.0998536 0.437066 0.0129203 0.0165466 0.182551
0 0.137893 0.629698 0.0138317 0.0221643 0.182002
0 0.0693402 0.37141 0.015651 0.0213889 0.180555
0 0.327551 0.276329 0.0165007 0.0262652 0.178788
0 0.360923 0.808876 0.0112888 0.0174547 0.178628
0 0.196787 0.93101 0.0117086 0.0186561 0.17766
0 0.111139 0.605214 0.0133576 0.0177627 0.177385
0 0.18332 0.463426 0.0130002 0.0169966 0.170166
0 0.221597 0.526035 0.0127671 0.0199891 0.169607
0 0.621668 0.939109 0.0166746 0.0241414 0.167947
0 0.166179 0.00421154 0.0163381 0.00842308 0.167518
0 0.474905 0.292214 0.014106 0.0261402 0.166951
0 0.107896 0.149668 0.0116961 0.0189483 0.162463
0 0.292898 0.904435 0.0158367 0.0257616 0.160552
0 0.296287 0.839979 0.013553 0.0250643 0.158819
0 0.716041 0.810547 0.016536 0.0169583 0.157396
0 0.785531 0.271771 0.0282259 0.0510073 0.155947
0 0.773926 0.442238 0.0260031 0.0506107 0.155757
0 0.99469 0.0348852 0.0104294 0.0273795 0.155508
0 0.570932 0.920951 0.0210659 0.0350498 0.153929
0 0.997011 0.513227 0.00597706 0.0375927 0.151027
0 0.658941 0.452037 0.0137692 0.0171592 0.150002
0 0.178274 0.92633 0.0113763 0.020599 0.149067
0 0.668471 0.394881 0.0161505 0.02437 0.148606
0 0.075932 0.507178 0.0143218 0.0192949 0.147973
0 0.119628 0.2183 0.0110546 0.0163011 0.144165
0 0.715244 0.122493 0.0145546 0.0163337 0.14225
0 0.982473 0.444424 0.0194126 0.0213609 0.139626
0 0.730701 0.143559 0.0152985 0.0246481 0.138187
0 0.339241 0.81729 0.0152465 0.0214084 0.137632
0 0.346827 0.843144 0.0207712 0.0197547 0.135809
0 0.909937 0.565888 0.0183392 0.0271172 0.134541
0 0.73377 0.428465 0.0188038 0.017165 0.131901
0 0.665637 0.686047 0.0185082 0.0265513 0.13106
0 0.333318 0.813727 0.023062 0.0250861 0.130669
0 0.331858 0.0360348 0.0135747 0.0184567 0.12842
0 0.666112 0.985193 0.0172661 0.0281362 0.125625
0 0.227907 0.700669 0.0130968 0.0176391 0.124286
0 0.216214 0.308602 0.0128757 0.0222444 0.123627
0 0.206023 0.511816 0.0146525 0.0207827 0.123248
0 0.608194 0.092669 0.0114127 0.0167756 0.122891
0 0.108466 0.00538501 0.0161446 0.01077 0.12289
0 0.218824 0.630851 0.0189754 0.0251244 0.121946
0 0.783418 0.25906 0.0266511 0.0363215 0.11859
0 0.677429 0.466381 0.0142708 0.0174496 0.118245
0 0.905002 0.109745 0.010998 0.020409 0.117661
0 0.208076 0.509561 0.0154159 0.020772 0.117575
0 0.167941 0.704401 0.01163 0.0221032 0.117426
0 0.736073 0.00526778 0.0151348 0.0102884 0.115472
0 0.0215233 0.217747 0.0134055 0.016847 0.113142
0 0.994731 0.230456 0.00859375 0.0237773 0.112078
0 0.6207 0.945476 0.0163766 0.0170583 0.112032
0 0.301325 0.869976 0.0144646 0.0234807 0.110766
0 0.15669 0.629852 0.0137738 0.0186564 0.109966
0 0.631733 0.238175 0.00921294 0.0266086 0.109682
0 0.281529 0.933977 0.0166878 0.0262249 0.108399
0 0.509225 0.932034 0.0119036 0.0189336 0.107354
0 0.58423 0.984958 0.0155856 0.0277382 0.106614
0 0.622095 0.934759 0.0151045 0.0253148 0.106394
0 0.471822 0.330436 0.0188063 0.0239681 0.106253
0 0.72356 0.389576 0.0116695 0.0183124 0.10469
0 0.690632 0.437216 0.015789 0.0249005 0.102322
0 0.593026 0.944112 0.0165396 0.0325944 0.102044
