0 0.730378 0.941456 0.0280857 0.0454152 0.725178
0 0.265734 0.735763 0.0242068 0.0530223 0.690843
0 0.631962 0.551426 0.0208296 0.0461305 0.678515
0 0.559015 0.575347 0.023221 0.0321301 0.671486
0 0.522057 0.976005 0.0214144 0.0420035 0.667449
0 0.320241 0.634542 0.0185245 0.0325685 0.664443
0 0.2116 0.821749 0.0231223 0.0391144 0.663167
0 0.177633 0.775529 0.0219276 0.0429081 0.661267
0 0.795783 0.0975023 0.0275786 0.0563486 0.657381
0 0.855154 0.333644 0.0178324 0.0309811 0.655349
0 0.178363 0.843722 0.0276477 0.0514492 0.65328
0 0.262775 0.793619 0.025323 0.0381063 0.652451
0 0.795307 0.0248633 0.0269663 0.0484521 0.651621
0 0.265778 0.329775 0.0218246 0.0395545 0.651478
0 0.538353 0.919716 0.0190149 0.0349657 0.651032
0 0.151241 0.796666 0.0287693 0.039132 0.649934
0 0.768727 0.0574807 0.0271629 0.0473681 0.648901
0 0.219242 0.69316 0.0222058 0.0356017 0.648371
0 0.889764 0.249537 0.0200197 0.0383848 0.644525
0 0.204631 0.781029 0.0258884 0.0409905 0.644145
0 0.55107 0.0334801 0.0267618 0.0521959 0.643926
0 0.483087 0.851114 0.0179735 0.0295166 0.64372
0 0.913219 0.952659 0.0172783 0.0313456 0.642813
0 0.824578 0.302329 0.0173042 0.0303651 0.639804
0 0.175931 0.014285 0.0180175 0.0285634 0.639476
0 0.776187 0.801 0.0161947 0.0295264 0.637397
0 0.279779 0.371106 0.0191194 0.0382456 0.635674
0 0.230342 0.650779 0.0197687 0.039251 0.63466
0 0.0305166 0.587937 0.0178693 0.0335491 0.633036
0 0.130906 0.639487 0.0181003 0.0322545 0.631896
0 0.409509 0.786102 0.0231477 0.0350796 0.630533
0 0.888605 0.976745 0.018082 0.0334579 0.630075
0 0.691054 0.36013 0.0236841 0.0452426 0.627837
0 0.13489 0.889844 0.0166819 0.0302705 0.625594
0 0.765223 0.843684 0.0223284 0.0433312 0.62305
0 0.225225 0.325396 0.0192596 0.0363107 0.62252
0 0.624 0.592665 0.018372 0.0329463 0.622404
0 0.173567 0.351673 0.0171239 0.0304944 0.620896
0 0.231239 0.767483 0.0170171 0.0367876 0.619354
0 0.0809986 0.766145 0.0173054 0.0288897 0.618289
0 0.613227 0.797192 0.0172394 0.0339074 0.616919
0 0.862677 0.0603289 0.0211824 0.0369342 0.615493
0 0.936779 0.789281 0.0219997 0.0343536 0.615081
0 0.600853 0.43857 0.0216473 0.0363568 0.614525
0 0.310821 0.731221 0.0186949 0.0297557 0.613015
0 0.340778 0.656124 0.0229015 0.049103 0.612969
0 0.788429 0.753803 0.0236924 0.0409397 0.612856
0 0.69865 0.937811 0.0239989 0.0390096 0.612651
0 0.296583 0.885424 0.0169633 0.0244615 0.612615
0 0.270737 0.669574 0.0217675 0.0434903 0.611608
0 0.727383 0.739538 0.0216259 0.0364204 0.60908
0 0.161989 0.401999 0.0177954 0.0340961 0.608528
0 0.843562 0.59821 0.0177177 0.0312317 0.607646
0 0.562705 0.910412 0.0163567 0.0307515 0.607549
0 0.917786 0.830845 0.0135098 0.0279914 0.607431
0 0.9031 0.0186115 0.0131851 0.0279123 0.602324
0 0.271038 0.276265 0.0138732 0.0284414 0.6023
0 0.895472 0.17143 0.016798 0.0352619 0.601935
0 0.92173 0.102309 0.016539 0.0325218 0.600355
0 0.196842 0.127775 0.0213244 0.0370698 0.600041
0 0.0657844 0.35989 0.0150373 0.0285989 0.599049
0 0.637739 0.304746 0.0189774 0.0328407 0.598449
0 0.0677504 0.720633 0.0181847 0.0331123 0.597713
0 0.890305 0.328154 0.0150675 0.030885 0.596621
0 0.885864 0.919322 0.0194889 0.0277076 0.594867
0 0.268231 0.43857 0.0185812 0.0332884 0.594635
0 0.265671 0.525093 0.0197204 0.0307278 0.593895
0 0.397127 0.554478 0.0304863 0.0486572 0.59389
0 0.793442 0.97653 0.0185808 0.034415 0.593632
0 0.19668 0.712742 0.0161901 0.0291222 0.593416
0 0.984464 0.934265 0.0164986 0.0344851 0.592332
0 0.263991 0.172033 0.0138038 0.0262289 0.59212
0 0.942917 0.862447 0.0159496 0.0284748 0.590569
0 0.769929 0.614964 0.0238102 0.0433044 0.589686
0 0.187379 0.678092 0.0168295 0.0303067 0.586597
0 0.220817 0.924716 0.0184314 0.0339138 0.586251
0 0.104449 0.62036 0.0179272 0.0332779 0.585894
0 0.908661 0.508659 0.0160406 0.0245222 0.585326
0 0.294015 0.84589 0.0219585 0.0363552 0.584996
0 0.391249 0.0394958 0.0214511 0.0399917 0.583712
0 0.590455 0.914286 0.0161704 0.0318517 0.581596
0 0.0591939 0.25274 0.0153991 0.0293635 0.581312
0 0.0282979 0.677458 0.0164313 0.028654 0.581111
0 0.0472648 0.332317 0.0150198 0.0210401 0.581006
0 0.343322 0.148218 0.0159595 0.0348324 0.579905
0 0.318396 0.269578 0.0193645 0.0354658 0.579014
0 0.90857 0.752723 0.0301151 0.0417767 0.578632
0 0.179741 0.26514 0.0168091 0.0243269 0.578442
0 0.254344 0.250448 0.0222642 0.0351094 0.577376
0 0.109225 0.518262 0.0213549 0.0324883 0.576241
0 0.0977673 0.447133 0.0145609 0.0281364 0.575218
0 0.970555 0.0189048 0.0226721 0.0374822 0.575098
0 0.617451 0.896483 0.0256672 0.0525377 0.574014
0 0.0431302 0.372812 0.0139416 0.0249449 0.573815
0 0.328045 0.182266 0.0164422 0.0293158 0.573058
0 0.0472405 0.301735 0.0143588 0.0252106 0.572369
0 0.0676105 0.116931 0.015468 0.0312422 0.572328
0 0.215268 0.423123 0.0151272 0.02908 0.572197
0 0.843612 0.069811 0.0158276 0.0304354 0.571128
0 0.296449 0.174034 0.012933 0.0252212 0.568893
0 0.216486 0.734442 0.0217941 0.0381039 0.568223
0 0.145759 0.266348 0.0193183 0.0338745 0.566883
0 0.74298 0.0235465 0.017326 0.0292754 0.56679
0 0.71177 0.0119201 0.0212758 0.0235282 0.566068
0 0.0130114 0.262951 0.0209517 0.0314802 0.566019
0 0.0944554 0.581748 0.021992 0.0349419 0.562897
0 0.435032 0.894714 0.0160425 0.0294115 0.562095
0 0.36865 0.599566 0.0226565 0.034982 0.56159
0 0.00817471 0.298546 0.0156699 0.029427 0.560419
0 0.852354 0.964935 0.0154402 0.0274567 0.560358
0 0.105304 0.124569 0.0202955 0.0345532 0.55976
0 0.316837 0.397319 0.0133744 0.0268441 0.558589
0 0.30075 0.316261 0.0260135 0.0397059 0.558258
0 0.514434 0.891623 0.0167044 0.02714 0.558159
0 0.720494 0.0722234 0.018712 0.0353227 0.558085
0 0.291306 0.56088 0.0165565 0.0353058 0.557419
0 0.742378 0.691047 0.0318607 0.0502817 0.556582
0 0.678903 0.804245 0.0169587 0.0338209 0.556014
0 0.343483 0.0243918 0.032463 0.0478072 0.55442
0 0.269531 0.479339 0.0141421 0.0226642 0.554399
0 0.381204 0.222576 0.0253409 0.045255 0.553731
0 0.00873085 0.393069 0.0155812 0.0348945 0.553148
0 0.35726 0.920985 0.0180031 0.0325751 0.55177
0 0.10476 0.325483 0.0162722 0.0292394 0.551346
0 0.835972 0.641192 0.0229149 0.0337436 0.550923
0 0.882467 0.744668 0.0144245 0.0300551 0.550723
0 0.633728 0.925349 0.0161546 0.0327213 0.549696
0 0.0983158 0.406724 0.0145082 0.0281949 0.549553
0 0.149493 0.54729 0.0118493 0.0257684 0.549281
0 0.418968 0.720756 0.0144522 0.0247586 0.546961
0 0.410856 0.887478 0.0158657 0.0267504 0.546694
0 0.945297 0.51728 0.0186536 0.0340231 0.546308
0 0.893147 0.0470724 0.0164936 0.0355766 0.543918
0 0.0784176 0.545189 0.0159975 0.0305888 0.543693
0 0.311178 0.150733 0.0165361 0.0297056 0.542171
0 0.260886 0.0492423 0.0174207 0.0303194 0.542095
0 0.344722 0.0888834 0.0203552 0.0395079 0.542024
0 0.374665 0.0984352 0.0143569 0.0264887 0.541318
0 0.0232809 0.356263 0.0215924 0.034198 0.540537
0 0.872235 0.884899 0.0180752 0.030178 0.539672
0 0.55023 0.536324 0.0269628 0.0384263 0.539421
0 0.794216 0.488548 0.0173222 0.0320153 0.539306
0 0.676865 0.87701 0.0131937 0.0275334 0.539198
0 0.872171 0.346627 0.0140034 0.0256188 0.53805
0 0.0603425 0.395616 0.0127294 0.0242724 0.537078
0 0.819951 0.0105827 0.0189621 0.0201651 0.536884
0 0.492679 0.0557395 0.0193115 0.0356622 0.536349
0 0.560898 0.981119 0.0176009 0.035023 0.535978
0 0.322679 0.876731 0.0213531 0.0420213 0.535554
0 0.0614728 0.982381 0.0208657 0.0337346 0.535031
0 0.216656 0.0826611 0.0180888 0.0286957 0.533865
0 0.949027 0.291607 0.0163227 0.0308095 0.532478
0 0.883098 0.154299 0.0118366 0.0240709 0.531946
0 0.259618 0.141537 0.0139156 0.0246001 0.531863
0 0.862237 0.411468 0.0176453 0.0361901 0.531557
0 0.332072 0.361527 0.0133737 0.0266747 0.531177
0 0.154672 0.0542249 0.0193182 0.0400448 0.531162
0 0.0844103 0.3365 0.0160837 0.0355333 0.530829
0 0.0321777 0.751626 0.0188597 0.0319143 0.53057
0 0.0396552 0.447299 0.0196337 0.0343463 0.529065
0 0.183734 0.310552 0.0135147 0.0244415 0.526765
0 0.143243 0.415127 0.0145994 0.0265277 0.526103
0 0.0833395 0.912856 0.0210935 0.0384247 0.526035
0 0.724774 0.219912 0.0177593 0.0338245 0.525545
0 0.992976 0.329649 0.014048 0.0334776 0.524149
0 0.428576 0.756088 0.0143755 0.0249395 0.523582
0 0.241635 0.144543 0.0175884 0.0371004 0.523547
0 0.3477 0.580484 0.0143574 0.0282802 0.523362
0 0.0761595 0.948205 0.0158042 0.0286129 0.522645
0 0.938136 0.0825996 0.0163654 0.0346711 0.521982
0 0.598352 0.866733 0.0162838 0.0289666 0.521895
0 0.226708 0.126534 0.0149887 0.0256856 0.51848
0 0.965809 0.505527 0.0169762 0.0350282 0.517918
0 0.0098916 0.697 0.0193698 0.0424757 0.51597
0 0.326096 0.422409 0.0137863 0.0226208 0.515089
0 0.934625 0.949012 0.0129816 0.0225593 0.514148
0 0.714384 0.678233 0.0144858 0.0306705 0.51274
0 0.0464716 0.200505 0.014138 0.0260194 0.512205
0 0.704938 0.707562 0.020476 0.0358756 0.512177
0 0.230282 0.257068 0.0185595 0.0296523 0.511548
0 0.163606 0.144632 0.0155147 0.0276584 0.51042
0 0.430014 0.589813 0.0236818 0.0334082 0.510154
0 0.129204 0.0763723 0.0168691 0.0286213 0.50956
0 0.390195 0.0790218 0.0130997 0.0271947 0.507683
0 0.309737 0.231497 0.0148456 0.0275567 0.505352
0 0.827972 0.0800902 0.020001 0.0369298 0.504713
0 0.703679 0.645522 0.013048 0.0249556 0.503961
0 0.659729 0.0171051 0.0175323 0.0329803 0.502985
0 0.0420317 0.557733 0.0153158 0.0260698 0.502728
0 0.437278 0.554431 0.0198032 0.0366329 0.502295
0 0.213818 0.161984 0.0128595 0.0250605 0.501824
0 0.27963 0.15638 0.0154305 0.0223913 0.500481
0 0.549334 0.623803 0.026897 0.0541913 0.500432
0 0.543039 0.370712 0.0202669 0.0361544 0.498289
0 0.213915 0.0305326 0.0256743 0.0434106 0.497938
0 0.491731 0.566671 0.0226353 0.0325317 0.496434
0 0.0928548 0.299472 0.0165318 0.0236991 0.496262
0 0.0210305 0.714585 0.0154262 0.0250258 0.494068
0 0.461266 0.572444 0.0157077 0.0288393 0.493498
0 0.413598 0.0115595 0.0196054 0.0224034 0.492858
0 0.525591 0.746948 0.0168027 0.0246585 0.492544
0 0.775213 0.563361 0.0149899 0.0333863 0.492456
0 0.217694 0.229258 0.0194319 0.0329244 0.491865
0 0.122488 0.415324 0.0176764 0.0319628 0.490964
0 0.387797 0.135235 0.0169681 0.0281186 0.488627
0 0.80387 0.373525 0.0179697 0.0328627 0.48856
0 0.650787 0.499223 0.0132472 0.0297528 0.488282
0 0.283188 0.187946 0.013347 0.0256122 0.487223
0 0.923215 0.895112 0.0178135 0.0328161 0.486857
0 0.306598 0.53197 0.0121975 0.0242828 0.48662
0 0.814593 0.404337 0.013562 0.0337233 0.485542
0 0.991279 0.0156107 0.0174425 0.0304611 0.485259
0 0.731084 0.0463361 0.0108227 0.0246962 0.485227
0 0.250602 0.581315 0.0183319 0.0384099 0.48428
0 0.662785 0.915264 0.0298105 0.0446501 0.483398
0 0.210179 0.346403 0.0146116 0.0278926 0.48268
0 0.0638492 0.54563 0.0132218 0.0297811 0.482329
0 0.0659304 0.287531 0.0154917 0.0237095 0.479651
0 0.646257 0.989013 0.0175547 0.0212428 0.4785
0 0.123892 0.852879 0.0168751 0.0249645 0.475539
0 0.450315 0.201316 0.0178857 0.0381594 0.474591
0 0.512634 0.601964 0.017038 0.0316111 0.474477
0 0.909094 0.308412 0.0141884 0.0243431 0.474207
0 0.529947 0.580093 0.0160446 0.0250342 0.474189
0 0.00488012 0.474004 0.00964946 0.0382679 0.474163
0 0.113205 0.894813 0.0176983 0.0326921 0.474134
0 0.963221 0.774138 0.0184868 0.0335398 0.473016
0 0.329394 0.229964 0.0196761 0.0308735 0.472847
0 0.813941 0.656273 0.0204159 0.0361315 0.471763
0 0.414655 0.164928 0.0148218 0.026014 0.4711
0 0.649936 0.579755 0.0209808 0.0392368 0.469564
0 0.431788 0.482869 0.0239318 0.035969 0.469507
0 0.991812 0.277614 0.0163761 0.0401218 0.468598
0 0.293283 0.252594 0.0176364 0.032593 0.467184
0 0.818929 0.984484 0.0162296 0.0288127 0.465404
0 0.806877 0.451616 0.0227028 0.0325896 0.464908
0 0.731796 0.830476 0.0162968 0.0344957 0.464666
0 0.242134 0.297472 0.016889 0.0282905 0.464617
0 0.374648 0.888496 0.0154441 0.0273029 0.463368
0 0.96419 0.866055 0.0131941 0.0317064 0.462832
0 0.368631 0.16771 0.0245363 0.0422455 0.461676
0 0.451491 0.0121814 0.0205725 0.0238437 0.458455
0 0.583622 0.19353 0.0176795 0.033081 0.457692
0 0.454778 0.841429 0.0113129 0.0232388 0.457292
0 0.691706 0.900573 0.0173022 0.0277398 0.45649
0 0.066217 0.145621 0.0138215 0.0229438 0.456165
0 0.755983 0.566943 0.0127598 0.0263533 0.45494
0 0.775862 0.722053 0.0164363 0.0282383 0.45488
0 0.508742 0.842273 0.0130057 0.0182212 0.454807
0 0.244728 0.352289 0.0144887 0.0244895 0.453346
0 0.33159 0.49249 0.0143121 0.0247172 0.453081
0 0.322597 0.118971 0.01689 0.0262007 0.452811
0 0.116273 0.554461 0.0162325 0.0254189 0.452522
0 0.379828 0.942156 0.0197953 0.0258132 0.450945
0 0.855733 0.461093 0.0150812 0.0308716 0.449399
0 0.642429 0.63177 0.0174347 0.0299315 0.449249
0 0.974993 0.73955 0.0187716 0.0347371 0.449198
0 0.666016 0.435592 0.0167688 0.032605 0.44857
0 0.0698592 0.0698099 0.0156302 0.0252128 0.447243
0 0.878465 0.0307748 0.0149851 0.0289806 0.447062
0 0.0169201 0.228647 0.0146479 0.0262986 0.446793
0 0.246321 0.0569949 0.0095624 0.019465 0.445529
0 0.674936 0.295976 0.0289757 0.0539007 0.444583
0 0.0995854 0.751334 0.0162547 0.0252848 0.444229
0 0.520392 0.55922 0.016466 0.0364122 0.444079
0 0.877963 0.945077 0.0134098 0.023444 0.443715
0 0.693649 0.486848 0.0272568 0.0463574 0.441464
0 0.807603 0.28708 0.0134251 0.0297937 0.441214
0 0.207785 0.896334 0.0142372 0.0300883 0.438797
0 0.60689 0.581236 0.0139542 0.0282635 0.438711
0 0.121276 0.0359215 0.0193593 0.0367405 0.438512
0 0.130964 0.764883 0.0171709 0.0250926 0.437801
0 0.272741 0.929563 0.0238057 0.0325094 0.437729
0 0.820988 0.267234 0.0154313 0.0245707 0.434272
0 0.163684 0.919445 0.0188828 0.0316772 0.432415
0 0.739126 0.418257 0.0243439 0.0313658 0.431955
0 0.0709958 0.838545 0.0131746 0.0285788 0.430752
0 0.435897 0.549026 0.0220646 0.0450834 0.430251
0 0.814894 0.721833 0.0165779 0.0332879 0.430107
0 0.444039 0.72663 0.0166641 0.0214606 0.429738
0 0.0671932 0.795417 0.0195337 0.0367169 0.429328
0 0.174746 0.634007 0.0159046 0.0284469 0.42855
0 0.240573 0.918664 0.0209801 0.0393561 0.428236
0 0.0873836 0.812706 0.0194105 0.0402978 0.427668
0 0.88368 0.82298 0.0154003 0.0313243 0.426702
0 0.139688 0.732903 0.0128199 0.0245868 0.426303
0 0.342444 0.44091 0.0166184 0.0270064 0.424892
0 0.350377 0.528541 0.018907 0.0378234 0.424814
0 0.389486 0.497256 0.0296339 0.0511047 0.423045
0 0.852086 0.372346 0.013269 0.0270464 0.420853
0 0.086612 0.12636 0.0121825 0.0330482 0.420307
0 0.827184 0.378828 0.0120695 0.0250999 0.419512
0 0.034024 0.917079 0.0122038 0.0283932 0.419279
0 0.33128 0.606008 0.0128426 0.0261507 0.419202
0 0.295401 0.500824 0.0173878 0.0412232 0.41903
0 0.847689 0.909136 0.0200203 0.0333913 0.418259
0 0.237684 0.537432 0.015469 0.0300793 0.417335
0 0.641663 0.797946 0.0254203 0.0353007 0.415755
0 0.367374 0.829661 0.0182945 0.0320553 0.415679
0 0.4624 0.877972 0.0182135 0.0221056 0.414302
0 0.067205 0.18085 0.0164362 0.0243061 0.413475
0 0.827836 0.0330767 0.0156151 0.0264668 0.412359
0 0.435056 0.944268 0.0136477 0.026001 0.411684
0 0.392165 0.86305 0.0187019 0.0287459 0.411372
0 0.441537 0.809647 0.0139444 0.0233032 0.411316
0 0.956443 0.973993 0.0179092 0.0318414 0.411241
0 0.169879 0.0816922 0.0133016 0.0230953 0.4106
0 0.775057 0.913579 0.0193806 0.0328125 0.410362
0 0.961021 0.563302 0.0218277 0.0335236 0.409908
0 0.993069 0.63551 0.0138613 0.0341042 0.409372
0 0.836284 0.68583 0.0195831 0.0309845 0.40821
0 0.36641 0.509941 0.0117859 0.0246158 0.406922
0 0.522345 0.564172 0.0141601 0.0291802 0.406197
0 0.931619 0.987065 0.0169119 0.0240978 0.406097
0 0.647385 0.750288 0.0200167 0.0301334 0.405625
0 0.401172 0.186083 0.0170092 0.0339548 0.405595
0 0.425031 0.094854 0.0160997 0.0302004 0.405244
0 0.237145 0.415715 0.0147726 0.0224484 0.404048
0 0.4862 0.30619 0.0146965 0.0279058 0.402605
0 0.465972 0.907846 0.0177391 0.0302199 0.402038
0 0.420058 0.306382 0.0162146 0.0279979 0.401389
0 0.564984 0.353786 0.0153193 0.0271396 0.399248
0 0.00446101 0.356001 0.00888425 0.0301693 0.399181
0 0.882359 0.694174 0.0185982 0.0364053 0.398551
0 0.875204 0.112306 0.0186001 0.0378741 0.397109
0 0.508635 0.926832 0.0215918 0.0297657 0.396945
0 0.145911 0.451042 0.0179006 0.028891 0.39687
0 0.580251 0.975362 0.0176257 0.0324092 0.396554
0 0.283387 0.00864142 0.0203266 0.0166777 0.396481
0 0.633267 0.510323 0.015716 0.0256595 0.396375
0 0.485899 0.745677 0.0163737 0.0275801 0.396262
0 0.469543 0.0963537 0.0164013 0.0314341 0.396044
0 0.739737 0.0786328 0.0130135 0.0229728 0.393761
0 0.398913 0.439946 0.0198618 0.0307476 0.393673
0 0.41701 0.948792 0.0173558 0.0280141 0.393304
0 0.255111 0.952596 0.0114644 0.0310416 0.391328
0 0.52142 0.233108 0.0155835 0.0294061 0.391028
0 0.20817 0.28554 0.0183108 0.0283124 0.389586
0 0.192919 0.235075 0.0150286 0.0278915 0.389583
0 0.12921 0.461681 0.0168977 0.0339075 0.389421
0 0.104357 0.481556 0.0175118 0.0316811 0.389204
0 0.296009 0.493805 0.0183914 0.0521725 0.388521
0 0.430902 0.183351 0.0180894 0.0308524 0.38764
0 0.257847 0.889964 0.0166938 0.0255927 0.386459
0 0.885367 0.214023 0.0150372 0.0207314 0.386285
0 0.155773 0.883261 0.0125942 0.0203607 0.386036
0 0.307635 0.456929 0.0166671 0.0338725 0.384274
0 0.339581 0.302041 0.0136364 0.0302402 0.384153
0 0.422476 0.363699 0.0179167 0.0312085 0.383716
0 0.815508 0.920321 0.0131958 0.0190616 0.382206
0 0.241352 0.733393 0.0121153 0.0282664 0.381226
0 0.27444 0.833582 0.0164207 0.0240107 0.381044
0 0.0615066 0.496182 0.011102 0.0295715 0.380514
0 0.8986 0.807239 0.0191603 0.0318193 0.378481
0 0.437609 0.987345 0.0151075 0.0235444 0.375994
0 0.417203 0.279574 0.0160969 0.0255081 0.375952
0 0.504367 0.738071 0.0131937 0.0209683 0.37526
0 0.910857 0.263828 0.0132137 0.0241727 0.374872
0 0.497852 0.977328 0.0236554 0.0406661 0.374507
0 0.199961 0.316587 0.0143519 0.0313006 0.374495
0 0.76477 0.0103488 0.0196487 0.0202036 0.373893
0 0.121628 0.673651 0.0138923 0.0244874 0.372671
0 0.465012 0.732477 0.0169544 0.0226152 0.372664
0 0.774077 0.357145 0.0154011 0.0278995 0.369628
0 0.942872 0.0298669 0.0167919 0.0319407 0.369373
0 0.665119 0.325937 0.0149385 0.0238959 0.369077
0 0.529145 0.850612 0.0188993 0.0240463 0.366317
0 0.979643 0.22262 0.0115501 0.0258079 0.365841
0 0.574106 0.938909 0.0131565 0.0214783 0.365769
0 0.588213 0.562078 0.0194119 0.0386383 0.364129
0 0.732956 0.0438265 0.0114203 0.0228946 0.363893
0 0.0573125 0.0434431 0.0140321 0.0254857 0.362455
0 0.178703 0.499909 0.0189667 0.035955 0.361999
0 0.364977 0.316287 0.0204725 0.0344777 0.360736
0 0.834389 0.951658 0.0190353 0.0336643 0.359797
0 0.150109 0.384277 0.0118281 0.0259003 0.359641
0 0.43877 0.27966 0.0172965 0.0354085 0.359602
0 0.795453 0.419793 0.0157492 0.0279778 0.358139
0 0.764813 0.386952 0.0151448 0.0241577 0.357663
0 0.094439 0.0190748 0.0183345 0.03404 0.355837
0 0.361652 0.786774 0.0167901 0.0281899 0.355751
0 0.152746 0.108162 0.0232271 0.0379321 0.355615
0 0.474909 0.0483567 0.0126042 0.0226553 0.354942
0 0.0489233 0.723394 0.0156193 0.0294891 0.354669
0 0.639012 0.794659 0.0234013 0.0331516 0.352393
0 0.043114 0.269672 0.0126945 0.0298436 0.35219
0 0.550201 0.750145 0.0220102 0.0311698 0.351008
0 0.174737 0.542592 0.0231195 0.0355916 0.35072
0 0.902924 0.456384 0.0151253 0.0254166 0.350571
0 0.228715 0.0991544 0.013857 0.0248013 0.349888
0 0.031769 0.478632 0.0170213 0.027183 0.349855
0 0.820205 0.214129 0.0168125 0.0296296 0.34961
0 0.526278 0.0575871 0.0231842 0.0384991 0.349223
0 0.548785 0.74035 0.0261281 0.0502153 0.348324
0 0.27085 0.964703 0.0167827 0.0299554 0.348112
0 0.0403411 0.110216 0.0158475 0.029616 0.347476
0 0.630161 0.849858 0.0167639 0.0227146 0.347304
0 0.175093 0.174249 0.0163917 0.0297919 0.34567
0 0.613924 0.666228 0.0106778 0.0304862 0.345518
0 0.477968 0.261855 0.0153267 0.0334511 0.344912
0 0.663313 0.991452 0.0146658 0.0164608 0.344168
0 0.646037 0.952078 0.0181877 0.0237905 0.343603
0 0.825479 0.573444 0.0158496 0.0287037 0.341754
0 0.183 0.0471368 0.0159649 0.0326681 0.340323
0 0.846414 0.250833 0.018519 0.0323798 0.339656
0 0.992633 0.708258 0.0147339 0.0336873 0.339426
0 0.0842258 0.238139 0.0155919 0.0336823 0.339234
0 0.529604 0.857536 0.0195381 0.0216938 0.337318
0 0.589264 0.588942 0.0144031 0.020278 0.336121
0 0.94071 0.241177 0.0136547 0.034329 0.335035
0 0.127153 0.118532 0.0118612 0.0269361 0.331643
0 0.925108 0.658491 0.0120083 0.0345901 0.330149
0 0.203235 0.535702 0.0154133 0.0273198 0.329035
0 0.825603 0.377216 0.0134583 0.0268092 0.327916
0 0.432725 0.52947 0.0237037 0.0447469 0.327097
0 0.915887 0.865791 0.0123405 0.0219447 0.324987
0 0.295574 0.508269 0.0166053 0.0273627 0.324314
0 0.389953 0.860237 0.0179949 0.028791 0.323507
0 0.211934 0.344621 0.0127839 0.0266555 0.323493
0 0.798045 0.690664 0.0176533 0.0316116 0.322481
0 0.697547 0.797443 0.0167423 0.0240278 0.321941
0 0.340369 0.402042 0.0156347 0.0269097 0.32178
0 0.0216033 0.0971577 0.0143596 0.0230408 0.32163
0 0.180813 0.40871 0.0103121 0.0259126 0.321452
0 0.984055 0.680343 0.0133316 0.024344 0.321297
0 0.574627 0.867597 0.015985 0.0296471 0.320919
0 0.96913 0.144697 0.0246079 0.0438775 0.320397
0 0.859526 0.701952 0.0233471 0.0380311 0.320051
0 0.250218 0.430906 0.0104855 0.0233952 0.31991
0 0.842864 0.751345 0.0186745 0.0291643 0.319869
0 0.118946 0.583458 0.0130162 0.0265405 0.319372
0 0.47683 0.132942 0.0190508 0.0310607 0.318398
0 0.661487 0.484178 0.0200797 0.0386727 0.318354
0 0.425029 0.050281 0.0152194 0.030588 0.317176
0 0.321331 0.527667 0.0154934 0.0256143 0.317006
0 0.385955 0.819475 0.0163438 0.0233949 0.31622
0 0.594613 0.0167481 0.0266298 0.0334961 0.316135
0 0.150595 0.351354 0.0130913 0.0242441 0.31537
0 0.425074 0.755513 0.0203199 0.0251885 0.314792
0 0.891034 0.712288 0.0138596 0.0272264 0.314306
0 0.154472 0.387969 0.0126474 0.0279906 0.313418
0 0.124102 0.292343 0.0173242 0.031474 0.313378
0 0.643762 0.676981 0.0220809 0.0463248 0.312966
0 0.926166 0.704211 0.0205025 0.033098 0.312844
0 0.791602 0.669214 0.0161942 0.0289819 0.311957
0 0.336927 0.400794 0.0140749 0.0247898 0.311314
0 0.484274 0.0165544 0.0257835 0.0328638 0.311173
0 0.989891 0.830833 0.0194962 0.0391483 0.311092
0 0.610375 0.753121 0.0184469 0.0233887 0.31107
0 0.365253 0.549161 0.0198301 0.0313161 0.310527
0 0.994266 0.143524 0.0114685 0.029182 0.310327
0 0.244018 0.190791 0.0199438 0.0341026 0.310155
0 0.835353 0.344441 0.0126015 0.0220421 0.30964
0 0.287472 0.805895 0.0191364 0.0308523 0.309021
0 0.934768 0.73949 0.014451 0.0258605 0.308734
0 0.43073 0.756523 0.0101917 0.0241696 0.308626
0 0.964541 0.906118 0.019379 0.0285509 0.308547
0 0.486902 0.0864461 0.0157934 0.0304559 0.308484
0 0.116936 0.712237 0.0161223 0.0305083 0.305251
0 0.0768927 0.407369 0.0140858 0.0233988 0.303233
0 0.292981 0.419846 0.0176076 0.0261739 0.302141
0 0.21992 0.528467 0.0156609 0.024288 0.301526
0 0.961183 0.715746 0.0176043 0.0347742 0.30126
0 0.364649 0.827194 0.0207992 0.0309177 0.3012
0 0.234277 0.443578 0.0155507 0.0260767 0.300986
0 0.139036 0.349313 0.0160076 0.0299508 0.300547
0 0.269393 0.871722 0.0267697 0.0506509 0.300448
0 0.463625 0.0708847 0.0137388 0.0264996 0.300022
0 0.697076 0.417142 0.0215069 0.0353765 0.29962
0 0.357615 0.629883 0.0151993 0.0337464 0.29955
0 0.0819315 0.235629 0.0192763 0.0361606 0.299548
0 0.246927 0.467799 0.0161111 0.0259831 0.298825
0 0.0418378 0.171983 0.0191002 0.024943 0.298242
0 0.830088 0.123924 0.0182246 0.0341605 0.297244
0 0.329366 0.607648 0.0123519 0.0260898 0.296656
0 0.434589 0.542118 0.0231205 0.0570706 0.295478
0 0.891513 0.101693 0.0160957 0.0299049 0.295465
0 0.0640543 0.21426 0.011116 0.0191581 0.290253
0 0.440829 0.326295 0.0152925 0.0296498 0.288188
0 0.0732303 0.0205589 0.0151828 0.0235896 0.288064
0 0.16768 0.458658 0.0157347 0.0294937 0.287222
0 0.298209 0.0174109 0.0157712 0.0283951 0.286269
0 0.9541 0.39311 0.0194424 0.0293586 0.286086
0 0.915474 0.552429 0.0143223 0.0366447 0.286009
0 0.85969 0.178877 0.0158901 0.0273033 0.285854
0 0.855526 0.138486 0.0190195 0.0308587 0.285383
0 0.860173 0.624672 0.0154125 0.0282055 0.284176
0 0.0710534 0.3197 0.0118896 0.0262432 0.284117
0 0.939307 0.195338 0.0179169 0.0354254 0.283482
0 0.0328943 0.961998 0.0218868 0.0360222 0.283129
0 0.993352 0.223708 0.0132965 0.0333539 0.282979
0 0.290778 0.740061 0.01619 0.0307054 0.282265
0 0.13476 0.567066 0.0206354 0.0354329 0.281464
0 0.294291 0.950138 0.0146221 0.0287751 0.281173
0 0.723755 0.526122 0.0247852 0.0372899 0.280411
0 0.77681 0.669009 0.0123663 0.0319591 0.27967
0 0.607756 0.96154 0.0137932 0.0221283 0.279659
0 0.688526 0.593392 0.0207329 0.0338282 0.279246
0 0.165384 0.299893 0.0156505 0.0342209 0.277206
0 0.701887 0.708162 0.0248941 0.0400808 0.276586
0 0.231376 0.442508 0.0166831 0.0250226 0.276444
0 0.776405 0.182949 0.0135614 0.0242989 0.275642
0 0.381872 0.796583 0.0168377 0.0305924 0.274724
0 0.416031 0.990085 0.0153379 0.0187995 0.27412
0 0.349391 0.25535 0.0165154 0.0329688 0.272805
0 0.98181 0.222181 0.0105442 0.0270029 0.272168
0 0.129209 0.213925 0.017488 0.035954 0.269298
0 0.927243 0.31723 0.0157314 0.02801 0.269229
0 0.647275 0.582116 0.0190819 0.037595 0.267855
0 0.135272 0.561223 0.020653 0.0258651 0.26653
0 0.423696 0.236411 0.023859 0.0420889 0.264848
0 0.29555 0.485975 0.0175181 0.0373877 0.263923
0 0.164221 0.706047 0.0166871 0.0272363 0.26262
0 0.375733 0.891701 0.0157527 0.025548 0.262261
0 0.91232 0.266799 0.0128925 0.0249793 0.261574
0 0.453141 0.0174552 0.0208632 0.031134 0.260888
0 0.320874 0.0377087 0.0137863 0.0210006 0.260457
0 0.142766 0.594864 0.0195275 0.0315809 0.259857
0 0.417228 0.853411 0.0179428 0.0275387 0.259261
0 0.735253 0.612832 0.0220962 0.0367312 0.25763
0 0.24196 0.379294 0.0165912 0.0296843 0.256455
0 0.618126 0.281494 0.0147921 0.0296883 0.255977
0 0.910703 0.12938 0.0148588 0.0273686 0.255968
0 0.19446 0.647985 0.0171287 0.0242981 0.254774
0 0.157416 0.733567 0.0126686 0.0201124 0.25381
0 0.877509 0.442818 0.0160343 0.0223164 0.253694
0 0.825653 0.610407 0.0146797 0.0262882 0.253265
0 0.819377 0.470998 0.0128471 0.0273571 0.252594
0 0.308785 0.460992 0.0160227 0.0314816 0.2524
0 0.809948 0.0507325 0.0152374 0.0269587 0.252293
0 0.821376 0.510392 0.0180252 0.0349559 0.252219
0 0.89342 0.55262 0.0142399 0.0271461 0.252124
0 0.292692 0.708402 0.0192344 0.0171871 0.251373
0 0.848245 0.0220643 0.030237 0.0437185 0.251184
0 0.804466 0.825088 0.0190356 0.0338504 0.25097
0 0.117017 0.219802 0.0117556 0.0273822 0.250331
0 0.689277 0.644465 0.0137379 0.0236674 0.249835
0 0.115066 0.253909 0.0107119 0.0244603 0.249686
0 0.61589 0.905277 0.0222088 0.0458145 0.249462
0 0.48938 0.931691 0.0176224 0.0290356 0.249041
0 0.127844 0.290309 0.025993 0.0417959 0.248961
0 0.300507 0.923989 0.0178925 0.0233595 0.248626
0 0.675073 0.401583 0.0145625 0.035498 0.246615
0 0.992659 0.187487 0.0146814 0.0375403 0.246607
0 0.766091 0.425529 0.0185331 0.0313928 0.245406
0 0.607889 0.61524 0.0112942 0.0170077 0.245147
0 0.991906 0.832569 0.0161888 0.04605 0.244995
0 0.210802 0.0257117 0.0289615 0.0406658 0.244574
0 0.158111 0.647849 0.0168009 0.0264041 0.243878
0 0.507196 0.77302 0.0173088 0.0302592 0.24365
0 0.472215 0.189491 0.0208224 0.0341265 0.243623
0 0.846856 0.423912 0.0119772 0.020869 0.242344
0 0.305342 0.0504782 0.0117781 0.0207312 0.239852
0 0.00692479 0.517894 0.0134686 0.0230086 0.237904
0 0.225744 0.382928 0.00996428 0.0242531 0.236881
0 0.68053 0.242628 0.0176542 0.0325234 0.236757
0 0.552554 0.311099 0.0148706 0.0312887 0.236411
0 0.0456093 0.561679 0.0187333 0.0307142 0.236042
0 0.182646 0.409844 0.0108071 0.0231549 0.235607
0 0.882504 0.415105 0.0140152 0.0233773 0.235424
0 0.745574 0.546353 0.0124962 0.02151 0.235411
0 0.898406 0.891549 0.0152355 0.0230499 0.235011
0 0.0531494 0.907301 0.0174634 0.0344425 0.234792
0 0.0262001 0.548804 0.0148018 0.0235103 0.234437
0 0.669325 0.917989 0.0219341 0.047907 0.233101
0 0.884357 0.47328 0.0166214 0.0281043 0.232241
0 0.651736 0.574193 0.0211158 0.0412953 0.231634
0 0.850086 0.912096 0.0231936 0.0354857 0.231588
0 0.171807 0.893545 0.0154507 0.0227556 0.231401
0 0.678147 0.30026 0.0238398 0.0450278 0.231053
0 0.0162058 0.707765 0.0175225 0.0335084 0.230959
0 0.953948 0.332936 0.0150612 0.0248574 0.230844
0 0.917131 0.616155 0.0217117 0.0353221 0.230576
0 0.38969 0.139681 0.0191257 0.032579 0.229377
0 0.599775 0.510558 0.0226328 0.034559 0.228314
0 0.39589 0.301142 0.018299 0.0322948 0.228075
0 0.320514 0.916774 0.0155953 0.0260993 0.227927
0 0.592169 0.801045 0.0162857 0.0260071 0.227509
0 0.527838 0.0162576 0.0205101 0.0306177 0.22599
0 0.146352 0.350862 0.0162367 0.0261929 0.225665
0 0.94034 0.818168 0.0132146 0.019753 0.225092
0 0.459239 0.537491 0.014752 0.0285104 0.224556
0 0.590392 0.406069 0.0189468 0.0299718 0.224524
0 0.50298 0.24206 0.0179802 0.0281665 0.224468
0 0.0189069 0.89866 0.0174631 0.0327007 0.224404
0 0.632964 0.0110416 0.0225582 0.0219579 0.224066
0 0.624924 0.964844 0.0176491 0.0289993 0.223483
0 0.362648 0.547398 0.017445 0.0314397 0.223347
0 0.279314 0.600109 0.0172229 0.0245527 0.223173
0 0.242878 0.735605 0.0126235 0.0338121 0.223029
0 0.738641 0.0788826 0.0136514 0.0290398 0.221596
0 0.744439 0.543876 0.013936 0.0247009 0.221072
0 0.505296 0.926379 0.015014 0.0284098 0.219787
0 0.658344 0.376298 0.0208073 0.0291368 0.219494
0 0.254658 0.0115245 0.0196845 0.0217086 0.219413
0 0.194518 0.428711 0.018291 0.0298882 0.219248
0 0.832082 0.640582 0.0187649 0.0331867 0.218736
0 0.0629604 0.144224 0.0174251 0.0259551 0.218558
0 0.368608 0.317621 0.0218632 0.0326745 0.218308
0 0.0197707 0.869712 0.0187196 0.024292 0.217894
0 0.551941 0.147984 0.0128359 0.0297842 0.217769
0 0.330635 0.817506 0.0213486 0.0329837 0.21772
0 0.764585 0.243777 0.02041 0.0364444 0.217031
0 0.0266944 0.404813 0.0131854 0.0217285 0.216749
0 0.725498 0.568387 0.0185907 0.034975 0.214625
0 0.180034 0.740521 0.0184133 0.025845 0.214245
0 0.153732 0.222947 0.0132207 0.0284582 0.21421
0 0.505001 0.464306 0.0222137 0.040139 0.214199
0 0.151751 0.75769 0.0169925 0.0211277 0.212676
0 0.436827 0.859052 0.0139637 0.0237577 0.211269
0 0.911537 0.221989 0.0158998 0.0269445 0.210488
0 0.514086 0.927165 0.021125 0.0315514 0.21041
0 0.1127 0.779009 0.0144528 0.0246193 0.210375
0 0.0491451 0.854385 0.0194137 0.0267324 0.210345
0 0.0626505 0.932713 0.0155724 0.0322564 0.209947
0 0.672915 0.403654 0.0141502 0.0324278 0.209643
0 0.336698 0.822958 0.0208952 0.0366908 0.20962
0 0.28843 0.0658528 0.0136192 0.023106 0.209233
0 0.994687 0.0656365 0.0106268 0.028798 0.209016
0 0.931698 0.560815 0.0220768 0.0441681 0.208526
0 0.0846654 0.385953 0.0147673 0.0266825 0.208378
0 0.0397538 0.231415 0.0169122 0.0249539 0.208369
0 0.206866 0.281239 0.0194255 0.0341153 0.207924
0 0.982569 0.106953 0.0131466 0.0299006 0.207631
0 0.39315 0.299014 0.0209676 0.0295615 0.207471
0 0.581915 0.232624 0.0172501 0.0282662 0.207265
0 0.40855 0.0654287 0.0155447 0.0314013 0.206624
0 0.964126 0.718882 0.0130756 0.0332682 0.206029
0 0.235178 0.608341 0.0168067 0.0263394 0.205848
0 0.97095 0.32271 0.0153193 0.0229201 0.205721
0 0.165574 0.68418 0.0164164 0.034726 0.205591
0 0.911867 0.989804 0.0142387 0.0194449 0.20433
0 0.858526 0.927989 0.0145519 0.0288418 0.204279
0 0.614802 0.242661 0.0126802 0.0201396 0.20415
0 0.155378 0.516213 0.0173541 0.0267534 0.204055
0 0.489591 0.0141875 0.0230204 0.0272336 0.203206
0 0.775779 0.43377 0.0155727 0.023928 0.202815
0 0.0442098 0.508718 0.0107195 0.0237191 0.202766
0 0.991719 0.509486 0.0165613 0.0361708 0.201371
0 0.422781 0.140369 0.0154264 0.0282094 0.201059
0 0.966261 0.08703 0.0214008 0.0382396 0.200598
0 0.33352 0.821188 0.0219322 0.0349348 0.200517
0 0.749105 0.220332 0.0149153 0.024745 0.200447
0 0.587141 0.912353 0.0215965 0.0337201 0.199362
0 0.708412 0.608693 0.0138914 0.025424 0.199096
0 0.532653 0.407164 0.0166665 0.0296506 0.198953
0 0.88437 0.37843 0.0136471 0.0219311 0.198452
0 0.969232 0.964987 0.013311 0.0226633 0.198177
0 0.342059 0.333323 0.0143444 0.0192461 0.197958
0 0.573256 0.864326 0.0165403 0.0271091 0.197292
0 0.588181 0.728138 0.0137207 0.0255385 0.197219
0 0.747069 0.216747 0.0168011 0.0300089 0.196238
0 0.248974 0.429213 0.00965824 0.0201776 0.196127
0 0.2666 0.107978 0.0185345 0.0297992 0.195802
0 0.850454 0.522566 0.0140835 0.0265666 0.193683
0 0.837241 0.345312 0.0122128 0.0238719 0.192749
0 0.246336 0.187456 0.0177947 0.0296225 0.192233
0 0.296959 0.951683 0.0190108 0.0294663 0.191707
0 0.390514 0.296642 0.0195741 0.0280114 0.191645
0 0.727332 0.571581 0.0150698 0.034572 0.191298
0 0.487093 0.794411 0.013249 0.0299513 0.191085
0 0.296329 0.678449 0.0244747 0.043611 0.189809
0 0.861849 0.620267 0.017342 0.0303879 0.18899
0 0.197938 0.427593 0.0150608 0.030636 0.188508
0 0.71648 0.361257 0.0167445 0.024204 0.187662
0 0.221822 0.888954 0.0147169 0.0234351 0.187584
0 0.549794 0.42298 0.0174053 0.0301088 0.186914
0 0.881858 0.471693 0.0189266 0.0309002 0.186895
0 0.623939 0.440978 0.0119928 0.0216455 0.186598
0 0.878657 0.445659 0.0189764 0.020871 0.18581
0 0.444958 0.0960967 0.0173227 0.0277572 0.185593
0 0.818258 0.509013 0.0227444 0.0377567 0.185259
0 0.101154 0.939672 0.0194186 0.036349 0.185071
0 0.877778 0.883912 0.0239723 0.0311391 0.184539
0 0.64499 0.748024 0.0208508 0.0333571 0.183643
0 0.795046 0.684772 0.0196983 0.03791 0.18347
0 0.589126 0.623377 0.017812 0.0331267 0.183465
0 0.744709 0.800645 0.0194222 0.0328861 0.182952
0 0.0735075 0.404647 0.0114995 0.0243332 0.182704
0 0.420593 0.144818 0.0148261 0.0195061 0.182359
0 0.268151 0.199643 0.0139055 0.0205152 0.181618
0 0.966684 0.968677 0.0153918 0.0300216 0.181312
0 0.86267 0.231461 0.0140501 0.0253351 0.180961
0 0.927457 0.270724 0.0151203 0.0249297 0.180904
0 0.322069 0.532133 0.0144031 0.0219089 0.180233
0 0.0466738 0.727895 0.0175627 0.0252119 0.179776
0 0.618891 0.411472 0.0158211 0.022059 0.17917
0 0.0834195 0.446606 0.0122968 0.028322 0.179041
0 0.69189 0.672539 0.0136388 0.023341 0.178968
0 0.524322 0.0148925 0.024657 0.0295661 0.178813
0 0.273687 0.872604 0.0193449 0.0466651 0.178287
0 0.388406 0.39868 0.0149427 0.0263988 0.178101
0 0.849907 0.422055 0.00989666 0.0254675 0.177993
0 0.24445 0.819462 0.015867 0.0226817 0.177869
0 0.766414 0.946187 0.017886 0.0294033 0.177739
0 0.0544854 0.14318 0.0138266 0.026404 0.177336
0 0.929058 0.149875 0.0196262 0.027633 0.177109
0 0.438922 0.860369 0.0142357 0.0230957 0.175351
0 0.0161064 0.898645 0.0213883 0.0354438 0.174296
0 0.863232 0.417177 0.0165115 0.0313253 0.173318
0 0.964353 0.926537 0.0160374 0.0209832 0.173293
0 0.115751 0.893921 0.0151424 0.0352876 0.172633
0 0.720765 0.175724 0.0140507 0.0272939 0.172501
0 0.359232 0.625276 0.015215 0.0310239 0.172216
0 0.0631523 0.497073 0.0130698 0.0333747 0.171496
0 0.207784 0.629454 0.0174358 0.031479 0.17125
0 0.971868 0.282249 0.0151574 0.0281474 0.171173
0 0.83658 0.690489 0.0219923 0.0399864 0.171048
0 0.75848 0.195766 0.013134 0.0209764 0.17082
0 0.463446 0.262067 0.017555 0.0330308 0.17049
0 0.547246 0.729566 0.0283816 0.0488451 0.169933
0 0.598548 0.0122142 0.023913 0.0244283 0.169579
0 0.276488 0.963733 0.0229331 0.0289519 0.168426
0 0.0263459 0.356832 0.0211239 0.031651 0.167707
0 0.677111 0.556023 0.0247353 0.0363315 0.167568
0 0.264513 0.992569 0.0229418 0.0142583 0.167554
0 0.860769 0.412927 0.0162385 0.0297025 0.167199
0 0.751877 0.0629123 0.0108854 0.027915 0.166751
0 0.85209 0.861252 0.0208641 0.0459218 0.166375
0 0.881135 0.35911 0.0176224 0.0182139 0.165652
0 0.162862 0.710071 0.0165057 0.02302 0.164609
0 0.994723 0.833605 0.0105549 0.0453523 0.16439
0 0.91137 0.369711 0.0201707 0.0353416 0.164242
0 0.218437 0.0885755 0.0175503 0.0228421 0.163978
0 0.305357 0.453466 0.0204063 0.0411106 0.163892
0 0.965341 0.912588 0.0179092 0.0295485 0.163101
0 0.753936 0.472071 0.0158153 0.0285732 0.162983
0 0.836935 0.391099 0.0147911 0.0294891 0.162192
0 0.0260653 0.293686 0.0105366 0.0241582 0.162031
0 0.446042 0.926429 0.0182114 0.0261369 0.161424
0 0.46263 0.794445 0.0168921 0.0272285 0.160982
0 0.372638 0.886749 0.0167749 0.028067 0.160395
0 0.803392 0.152517 0.0172232 0.0246229 0.160048
0 0.0394712 0.556657 0.0138239 0.0268559 0.159692
0 0.596909 0.507576 0.0202314 0.0354193 0.158734
0 0.310953 0.0867152 0.0212551 0.0391386 0.158655
0 0.355032 0.918595 0.0210123 0.0391381 0.158288
0 0.20556 0.600505 0.017688 0.0263024 0.157623
0 0.993601 0.754501 0.0127981 0.0435947 0.157595
0 0.996796 0.838469 0.00640844 0.0420898 0.157539
0 0.63289 0.851011 0.0181444 0.0226959 0.157445
0 0.857584 0.132883 0.0220478 0.0331582 0.157107
0 0.239179 0.449165 0.0121203 0.0220422 0.157083
0 0.13803 0.50022 0.0184946 0.0244189 0.156845
0 0.874509 0.350251 0.0149101 0.0253777 0.156782
0 0.409298 0.409163 0.0183941 0.0330765 0.155829
0 0.00576198 0.355089 0.0113929 0.0341899 0.155818
0 0.157492 0.886172 0.0126987 0.0220393 0.155177
0 0.141085 0.689889 0.0142176 0.0188582 0.155105
0 0.615198 0.400008 0.018507 0.0243513 0.154723
0 0.00710927 0.154368 0.0135748 0.029823 0.154672
0 0.984428 0.358584 0.0133879 0.0233892 0.154657
0 0.650014 0.271244 0.0149457 0.0276101 0.154584
0 0.960982 0.662221 0.0136385 0.030568 0.154228
0 0.436684 0.941791 0.0140921 0.0236421 0.154214
0 0.137905 0.730446 0.0155275 0.0281394 0.152769
0 0.690453 0.172467 0.0159688 0.0287314 0.152736
0 0.00536762 0.51952 0.0106503 0.0265417 0.152501
0 0.167261 0.970164 0.0302691 0.055757 0.152067
0 0.292492 0.711787 0.0194646 0.0167436 0.151769
0 0.231163 0.608524 0.0171705 0.0229059 0.151323
0 0.954088 0.334924 0.0103956 0.025663 0.151027
0 0.994513 0.706851 0.0109734 0.0365874 0.150983
0 0.605128 0.319216 0.018005 0.0339411 0.149945
0 0.740566 0.0196253 0.0195862 0.030026 0.149885
0 0.617357 0.405375 0.0168228 0.0240143 0.149871
0 0.00734094 0.558363 0.0144123 0.0274341 0.149635
0 0.575066 0.872562 0.0158661 0.0307241 0.148806
0 0.739552 0.894352 0.0191237 0.0335388 0.147875
0 0.359293 0.783141 0.0214481 0.035513 0.14773
0 0.700734 0.0374829 0.0151873 0.0286532 0.14765
0 0.452781 0.355536 0.017121 0.0278464 0.14759
0 0.656714 0.37057 0.0215062 0.0330961 0.147441
0 0.848603 0.254027 0.0201651 0.0286723 0.147217
0 0.0751278 0.499019 0.0206366 0.040563 0.147145
0 0.552967 0.847046 0.0136242 0.0253869 0.146826
0 0.528271 0.583491 0.0173668 0.0221608 0.146643
0 0.196943 0.397402 0.0163426 0.024557 0.14659
0 0.886766 0.707702 0.020591 0.0314599 0.146487
0 0.871323 0.343325 0.0105175 0.0306217 0.146435
0 0.926325 0.042861 0.0137119 0.024901 0.146353
0 0.727104 0.526396 0.0203723 0.0347821 0.146265
0 0.153186 0.517902 0.0180101 0.0273159 0.145821
0 0.987918 0.597332 0.0109455 0.0289579 0.14567
0 0.208041 0.559996 0.0113699 0.0182502 0.145465
0 0.156985 0.639612 0.0172152 0.033301 0.144845
0 0.14564 0.0163986 0.0221388 0.0309713 0.14431
0 0.70267 0.0736742 0.0144169 0.0270032 0.144191
0 0.259428 0.0168541 0.0206041 0.025712 0.144112
0 0.341363 0.831922 0.0175046 0.0314504 0.143735
0 0.671884 0.960878 0.0108557 0.0206828 0.143448
0 0.567586 0.756788 0.0135662 0.0355991 0.14337
0 0.885998 0.827085 0.01632 0.0338016 0.143239
0 0.421552 0.357953 0.0180558 0.0406492 0.142391
0 0.329573 0.971358 0.0178769 0.0281562 0.141906
0 0.454882 0.0214031 0.0184524 0.0299202 0.141346
0 0.29832 0.346558 0.0132646 0.0246813 0.141236
0 0.980348 0.872549 0.0157433 0.0347995 0.141086
0 0.127098 0.323062 0.0119653 0.0220357 0.141
0 0.793802 0.545106 0.0136834 0.0186067 0.14093
0 0.0698608 0.439858 0.00975702 0.0263148 0.140864
0 0.135512 0.575269 0.0234645 0.0401589 0.140121
0 0.863597 0.74383 0.01349 0.0274875 0.139873
0 0.0529075 0.470145 0.0122678 0.022121 0.139642
0 0.319967 0.523531 0.0184118 0.0336002 0.13962
0 0.681915 0.971156 0.0220997 0.0338946 0.139258
0 0.654299 0.362376 0.0204732 0.0365553 0.139179
0 0.499039 0.874664 0.0113931 0.0167562 0.139048
0 0.927659 0.5219 0.012624 0.0222161 0.138955
0 0.74104 0.0266461 0.0153929 0.0314749 0.138415
0 0.403053 0.111719 0.0150521 0.0251561 0.138275
0 0.825278 0.728512 0.0167625 0.0250868 0.13826
0 0.986014 0.360405 0.0147339 0.0256102 0.138096
0 0.552627 0.751608 0.016441 0.0286614 0.137935
0 0.00236898 0.0869715 0.00473795 0.0399348 0.137841
0 0.0710367 0.314579 0.0144053 0.0196674 0.137672
0 0.118039 0.548936 0.0171047 0.0278542 0.137526
0 0.36795 0.399967 0.0186203 0.0256275 0.136895
0 0.0521329 0.941046 0.0135501 0.0263006 0.136528
0 0.82399 0.511553 0.0156371 0.0319619 0.136214
0 0.16125 0.144488 0.0199967 0.0321529 0.135692
0 0.493074 0.707709 0.0196239 0.021444 0.13535
0 0.870244 0.30227 0.0178131 0.024884 0.135272
0 0.657349 0.914912 0.0224518 0.0376004 0.135095
0 0.281859 0.192058 0.0129152 0.0263959 0.134731
0 0.470993 0.261691 0.0213753 0.0343376 0.134661
0 0.71046 0.151637 0.0172245 0.026631 0.13422
0 0.963309 0.970029 0.0179461 0.0309518 0.134175
0 0.398757 0.184371 0.0188772 0.0364456 0.134166
0 0.641852 0.44283 0.0155277 0.0325748 0.133888
0 0.302044 0.472759 0.0170879 0.0193435 0.133617
0 0.649763 0.753028 0.0173561 0.0271271 0.133167
0 0.465002 0.0678179 0.0162774 0.0181833 0.13312
0 0.893912 0.104619 0.0187672 0.0353663 0.1331
0 0.3736 0.170488 0.0178727 0.0375576 0.133008
0 0.95514 0.337479 0.0125793 0.0231148 0.132912
0 0.464661 0.323893 0.015795 0.0278606 0.132845
0 0.76572 0.510548 0.0260917 0.0433792 0.131935
0 0.463992 0.87537 0.0143836 0.0216122 0.131867
0 0.981883 0.880849 0.0156766 0.0302217 0.131831
0 0.868484 0.299871 0.017939 0.028833 0.131797
0 0.793498 0.677245 0.0187806 0.0379439 0.131598
0 0.995102 0.891365 0.00979538 0.032172 0.131311
0 0.253717 0.00886113 0.0227592 0.0170776 0.131141
0 0.0967724 0.522875 0.0108994 0.0307902 0.13108
0 0.564104 0.401949 0.0140751 0.0218289 0.130483
0 0.882349 0.0340444 0.0101067 0.031336 0.130353
0 0.700402 0.225668 0.0145513 0.0268517 0.129765
0 0.312512 0.0942387 0.0192975 0.0336027 0.129655
0 0.992667 0.989808 0.0146654 0.0187708 0.129563
0 0.318559 0.108558 0.0166794 0.0279052 0.129457
0 0.0716573 0.314891 0.0143082 0.0294286 0.129297
0 0.99661 0.413026 0.00678024 0.0370361 0.129154
0 0.427468 0.0491637 0.014033 0.0312722 0.129107
0 0.652555 0.356224 0.0198549 0.0387058 0.128552
0 0.608573 0.521525 0.0176674 0.0309969 0.128225
0 0.0189956 0.146522 0.0195034 0.0333395 0.127775
0 0.717426 0.860101 0.0187571 0.019538 0.127241
0 0.557161 0.450098 0.0162452 0.0257416 0.127112
0 0.331556 0.724697 0.0157749 0.027797 0.126817
0 0.958972 0.664051 0.0159911 0.0327747 0.126807
0 0.788776 0.2678 0.0105656 0.0196976 0.125982
0 0.667027 0.0516077 0.0141211 0.0266795 0.125965
0 0.589871 0.799329 0.0198432 0.0285031 0.125862
0 0.415687 0.954874 0.0176041 0.029917 0.125153
0 0.52843 0.486967 0.0165377 0.0295776 0.125003
0 0.00239805 0.979731 0.00476254 0.0397549 0.124766
0 0.138979 0.316687 0.0132886 0.0248284 0.124686
0 0.240303 0.871756 0.0144741 0.0274681 0.124656
0 0.298761 0.20187 0.0149882 0.0231522 0.1246
0 0.160493 0.651971 0.0161281 0.024644 0.124569
0 0.289348 0.103504 0.0142554 0.0309458 0.123928
0 0.766553 0.23868 0.0189087 0.0300767 0.123911
0 0.540905 0.886879 0.0211935 0.0213163 0.12373
0 0.338883 0.828016 0.0210026 0.0346758 0.123639
0 0.353338 0.825812 0.0117756 0.0296648 0.123553
0 0.315715 0.686152 0.0183917 0.0376594 0.123399
0 0.244972 0.0578339 0.0117746 0.0236763 0.123331
0 0.202113 0.0205144 0.017789 0.0337775 0.122973
0 0.743531 0.540293 0.012031 0.0274524 0.122897
0 0.652074 0.496431 0.0175806 0.0347236 0.122845
0 0.880058 0.631684 0.0148098 0.0315669 0.122843
0 0.177989 0.738206 0.0176499 0.0258083 0.122706
0 0.655615 0.0216258 0.0147027 0.0243852 0.122579
0 0.578557 0.44241 0.0133715 0.0273492 0.122305
0 0.71577 0.307245 0.0142307 0.0235639 0.122029
0 0.0640034 0.213527 0.0147923 0.0235833 0.122028
0 0.669437 0.631362 0.0202764 0.0293629 0.121988
0 0.469292 0.290635 0.0125832 0.0230199 0.121805
0 0.0193727 0.128022 0.0196244 0.030228 0.121765
0 0.700496 0.98886 0.0169018 0.0215343 0.121728
0 0.464524 0.800565 0.0165907 0.0285577 0.121721
0 0.205217 0.268837 0.0186254 0.0335994 0.121675
0 0.310181 0.578597 0.0160588 0.0244632 0.121435
0 0.441797 0.0499856 0.0118605 0.0248221 0.120645
0 0.226182 0.973241 0.034694 0.0500884 0.120512
0 0.766731 0.659295 0.0127389 0.0259869 0.120258
0 0.22377 0.383124 0.0108079 0.0226254 0.119863
0 0.073837 0.311053 0.0134765 0.028236 0.119559
0 0.626045 0.440064 0.0110346 0.0227329 0.119394
0 0.710069 0.147518 0.0186301 0.0319189 0.119294
0 0.458544 0.444722 0.0157372 0.0252234 0.119257
0 0.0541569 0.825925 0.0106718 0.0158028 0.119215
0 0.155403 0.333665 0.0146925 0.0306246 0.118748
0 0.772472 0.56498 0.0174043 0.0341515 0.118111
0 0.677321 0.209887 0.0144435 0.0264523 0.118098
0 0.587632 0.317822 0.0145458 0.0222389 0.117563
0 0.989795 0.598594 0.0130249 0.0278269 0.117413
0 0.791176 0.866472 0.0156492 0.0303821 0.116563
0 0.0960127 0.700838 0.0178067 0.0300061 0.116537
0 0.818837 0.724447 0.02281 0.0320453 0.11623
0 0.94319 0.907343 0.0111774 0.0307501 0.115446
0 0.488746 0.75209 0.0140671 0.0262475 0.115405
0 0.145378 0.915774 0.0128018 0.0302436 0.115402
0 0.051623 0.852625 0.0145589 0.0236152 0.115215
0 0.102929 0.870663 0.0131241 0.0196954 0.114531
0 0.286012 0.0666566 0.0155895 0.025426 0.114106
0 0.144195 0.455819 0.0152908 0.036005 0.113416
0 0.823627 0.01777 0.0181095 0.0275005 0.113176
0 0.528002 0.846236 0.0173468 0.025078 0.112823
0 0.49536 0.281496 0.0159988 0.017204 0.112766
0 0.479873 0.263731 0.0146926 0.0300629 0.112745
0 0.74126 0.0762786 0.0130878 0.0277593 0.112734
0 0.407111 0.0806594 0.0162481 0.025035 0.112713
0 0.484846 0.795709 0.0139987 0.0309681 0.112695
0 0.0502981 0.857705 0.0175 0.0267907 0.112603
0 0.342128 0.299821 0.0163549 0.029795 0.112387
0 0.68193 0.444613 0.0139065 0.0297092 0.111929
0 0.355006 0.975666 0.0256495 0.0383043 0.111827
0 0.704204 0.0746748 0.0152874 0.0336081 0.111686
0 0.396116 0.182429 0.0193153 0.0347993 0.111394
0 0.228498 0.571252 0.0174935 0.0230361 0.111353
0 0.985194 0.188437 0.0125772 0.034191 0.111065
0 0.872222 0.992147 0.0153214 0.0150562 0.110846
0 0.818101 0.216766 0.0184252 0.0319944 0.110611
0 0.12834 0.805595 0.012937 0.026042 0.110536
0 0.305653 0.0533055 0.0141176 0.0235308 0.11023
0 0.471024 0.194363 0.0208942 0.0382851 0.110079
0 0.903868 0.862443 0.0109131 0.0322854 0.10956
0 0.642676 0.875441 0.0200481 0.0244707 0.109381
0 0.0427126 0.234555 0.0146636 0.0180771 0.109054
0 0.201654 0.114456 0.016139 0.0355856 0.108777
0 0.948207 0.259582 0.0158108 0.0230217 0.108725
0 0.705567 0.329224 0.0166164 0.0202203 0.108612
0 0.834723 0.406125 0.0135002 0.0190082 0.108606
0 0.870556 0.304672 0.0121045 0.0227457 0.108208
0 0.631049 0.484774 0.0181889 0.0220062 0.108137
0 0.965746 0.926797 0.0132965 0.0272919 0.108103
0 0.908019 0.371223 0.0210732 0.0322098 0.10804
0 0.06795 0.544798 0.017683 0.0300576 0.107884
0 0.576539 0.329705 0.00999909 0.0204885 0.107835
0 0.737404 0.00665592 0.0174572 0.0126451 0.107719
0 0.993065 0.890489 0.0134407 0.0302472 0.10749
0 0.703186 0.0746343 0.0111174 0.0314385 0.107327
0 0.464794 0.0738688 0.0169508 0.0314891 0.107299
0 0.881562 0.629207 0.0181973 0.0371087 0.107145
0 0.996147 0.75846 0.00770702 0.0438883 0.106868
0 0.921583 0.0140671 0.0147244 0.0157685 0.106819
0 0.990997 0.711542 0.0179218 0.0331623 0.106596
0 0.878929 0.355742 0.015786 0.0190826 0.106495
0 0.482577 0.267734 0.0128145 0.025869 0.10636
0 0.654985 0.492505 0.0200922 0.0412651 0.106246
0 0.857849 0.176132 0.0171421 0.0313732 0.106135
0 0.0195159 0.135241 0.0201148 0.0424243 0.105917
0 0.110154 0.175332 0.0222463 0.0319494 0.105895
0 0.815788 0.219532 0.0211693 0.0362551 0.105706
0 0.915899 0.191873 0.0133862 0.0257113 0.105414
0 0.201241 0.315515 0.0140175 0.0258265 0.105078
0 0.0337353 0.0665922 0.0163012 0.0363106 0.105035
0 0.884043 0.696132 0.0228828 0.0432211 0.1049
0 0.459512 0.88122 0.0184017 0.0210676 0.104631
0 0.864892 0.229644 0.0123613 0.0201037 0.10454
0 0.130173 0.0813325 0.0179787 0.0346505 0.104415
0 0.14809 0.0221403 0.0229062 0.0281288 0.103974
0 0.980546 0.103393 0.0116264 0.030255 0.103876
0 0.588805 0.348239 0.0143725 0.0273701 0.103786
0 0.648642 0.274729 0.0162481 0.0283445 0.103466
0 0.967562 0.0885395 0.0186275 0.0302931 0.103433
0 0.244023 0.740665 0.0130349 0.0385993 0.103207
0 0.521893 0.0117966 0.0259157 0.0235932 0.102706
0 0.34308 0.826612 0.0216478 0.0326365 0.1027
0 0.705399 0.646056 0.011713 0.0277969 0.102689
0 0.991073 0.451977 0.0164518 0.0301941 0.10252
0 0.0270164 0.410216 0.0139234 0.0217263 0.102141
0 0.44149 0.13202 0.0150834 0.0298476 0.101459
0 0.928922 0.269635 0.0127937 0.0207439 0.101267
0 0.971328 0.348353 0.0141776 0.0199361 0.101011
0 0.157648 0.619322 0.0144609 0.028311 0.100788
0 0.976694 0.652168 0.0155083 0.0263015 0.100724
0 0.0408388 0.655267 0.0116993 0.0250875 0.100661
0 0.49146 0.306452 0.0168337 0.0283641 0.100523
0 0.993268 0.966022 0.0134633 0.0261081 0.100492
0 0.0137933 0.424125 0.012867 0.01563 0.100439
0 0.238045 0.609966 0.0158557 0.023665 0.100045
