0 0.515556 0.666712 0.0291538 0.0458479 0.735359
0 0.990559 0.173494 0.0188829 0.0466418 0.681783
0 0.633706 0.916293 0.0196032 0.0339145 0.673331
0 0.668406 0.825311 0.0211411 0.0384372 0.672278
0 0.607125 0.979585 0.0230965 0.038326 0.672181
0 0.723034 0.761101 0.0271826 0.0383738 0.671748
0 0.696494 0.939569 0.0260011 0.0460362 0.669628
0 0.909199 0.388523 0.0230298 0.0331824 0.668617
0 0.117535 0.837157 0.02097 0.0393721 0.665802
0 0.224643 0.416625 0.0243208 0.0383553 0.665375
0 0.358459 0.971841 0.018373 0.0365055 0.661912
0 0.065799 0.202807 0.0174179 0.0305577 0.650207
0 0.796174 0.807489 0.0313658 0.0535331 0.644818
0 0.107515 0.787389 0.0242135 0.0454475 0.640453
0 0.630547 0.967305 0.0129784 0.0215122 0.638061
0 0.0638742 0.584611 0.0230659 0.0401382 0.635936
0 0.813036 0.552426 0.0201603 0.0274276 0.62982
0 0.157387 0.863991 0.0309299 0.0412462 0.624255
0 0.466169 0.578689 0.0258106 0.0419061 0.622905
0 0.646588 0.979767 0.0162979 0.0312798 0.621755
0 0.0961049 0.700644 0.0180985 0.033557 0.612002
0 0.352837 0.879905 0.0200969 0.0336792 0.61175
0 0.614151 0.937557 0.0224246 0.0363332 0.60657
0 0.69183 0.808944 0.0158726 0.027389 0.604588
0 0.129713 0.646001 0.021915 0.0427793 0.604053
0 0.561568 0.761934 0.0148075 0.0258375 0.603102
0 0.485302 0.943245 0.0133162 0.0237972 0.600376
0 0.114392 0.585954 0.0230772 0.0387832 0.598195
0 0.510574 0.882007 0.0149557 0.025242 0.597992
0 0.993428 0.386477 0.0131439 0.0459346 0.597638
0 0.629192 0.41324 0.0197361 0.0349931 0.597019
0 0.598308 0.120423 0.0132284 0.0181887 0.594623
0 0.536358 0.941204 0.0151871 0.0219573 0.59338
0 0.611167 0.819203 0.0150099 0.0245707 0.592836
0 0.796719 0.163962 0.0144473 0.0209366 0.592061
0 0.696305 0.984349 0.0177689 0.0296997 0.590129
0 0.610274 0.0978483 0.0135047 0.0189634 0.58817
0 0.586565 0.145804 0.0147682 0.0213011 0.586889
0 0.627972 0.790443 0.0164129 0.0258094 0.584732
0 0.810761 0.140403 0.0141975 0.0215193 0.583237
0 0.796557 0.261773 0.0153139 0.0212206 0.583176
0 0.589772 0.187437 0.0146724 0.0190752 0.578979
0 0.120403 0.146056 0.0147808 0.0242088 0.576499
0 0.782904 0.191352 0.0149277 0.0234961 0.573334
0 0.790819 0.86904 0.0239699 0.0450619 0.57305
0 0.656935 0.654919 0.0147453 0.0223055 0.572586
0 0.881275 0.107104 0.0149742 0.0222606 0.572403
0 0.907841 0.0548401 0.0147865 0.0227345 0.571696
0 0.986868 0.903156 0.0262642 0.0596934 0.570871
0 0.600762 0.790438 0.0141212 0.0227935 0.570435
0 0.0227373 0.655511 0.0213227 0.037356 0.57016
0 0.797093 0.216524 0.0149982 0.0243551 0.56763
0 0.0830318 0.658589 0.0163967 0.0312588 0.565985
0 0.599657 0.851989 0.0149298 0.0212596 0.564667
0 0.612369 0.759259 0.0154848 0.0235051 0.564446
0 0.106285 0.741246 0.0170162 0.0303748 0.56425
0 0.642605 0.680644 0.0134663 0.0235135 0.560654
0 0.110481 0.175314 0.0157398 0.0251949 0.560432
0 0.126855 0.194289 0.0129358 0.0222375 0.559723
0 0.522309 0.852244 0.0138286 0.0245224 0.559149
0 0.640183 0.176937 0.0141813 0.0203572 0.558
0 0.548813 0.913501 0.0162289 0.0237528 0.555332
0 0.103191 0.124553 0.0136262 0.0228849 0.554792
0 0.81111 0.18819 0.0135506 0.0201316 0.554702
0 0.976737 0.743939 0.0152515 0.0239709 0.554594
0 0.15335 0.634838 0.0212879 0.0355795 0.553646
0 0.575968 0.678478 0.0132524 0.0254009 0.552038
0 0.578311 0.210072 0.0138992 0.0203629 0.551852
0 0.867541 0.133544 0.0154444 0.0233562 0.551689
0 0.142453 0.214609 0.0151296 0.0224303 0.550314
0 0.0596676 0.660818 0.012231 0.0229223 0.549502
0 0.406385 0.431731 0.0122172 0.0177292 0.548835
0 0.59224 0.22951 0.011996 0.0187563 0.548747
0 0.547906 0.795879 0.0154392 0.0253055 0.548699
0 0.136434 0.169097 0.0146647 0.0232915 0.547957
0 0.389229 0.734084 0.0131792 0.0197171 0.547516
0 0.891683 0.0318487 0.0139721 0.0195771 0.546617
0 0.400794 0.632546 0.0151805 0.0199184 0.545995
0 0.3752 0.870994 0.0173876 0.0285195 0.545982
0 0.153823 0.950571 0.0124226 0.0186157 0.545737
0 0.626211 0.732777 0.0135504 0.0178151 0.545644
0 0.894653 0.0802316 0.0141785 0.0221511 0.545423
0 0.563243 0.881575 0.0135096 0.0220791 0.544727
0 0.608625 0.893154 0.0189367 0.035393 0.539666
0 0.559806 0.821881 0.0159889 0.0236761 0.538726
0 0.766883 0.215285 0.0142072 0.0220947 0.538288
0 0.62161 0.0762827 0.013422 0.0208774 0.538211
0 0.768447 0.361855 0.0138367 0.0226529 0.537583
0 0.592231 0.269512 0.0130736 0.0204922 0.53726
0 0.574282 0.90917 0.0160031 0.0204815 0.53681
0 0.522948 0.968856 0.0174921 0.0240844 0.53653
0 0.797373 0.118668 0.0130928 0.0200986 0.536493
0 0.548151 0.850578 0.0145724 0.0239966 0.535899
0 0.840158 0.186583 0.0145144 0.0181685 0.535155
0 0.879051 0.0589122 0.0144337 0.0204935 0.534414
0 0.724383 0.0209379 0.014356 0.019687 0.53418
0 0.909999 0.106788 0.0123619 0.0239105 0.533671
0 0.649722 0.115241 0.013908 0.0186725 0.533649
0 0.00939905 0.909791 0.0121803 0.0187517 0.533576
0 0.541605 0.238892 0.0131635 0.0213221 0.533242
0 0.488057 0.402346 0.0138352 0.0193304 0.532125
0 0.389649 0.433211 0.0133493 0.01983 0.531677
0 0.144095 0.140929 0.0136424 0.0203509 0.531518
0 0.103642 0.895429 0.0120649 0.0184082 0.531279
0 0.571297 0.0635509 0.0132851 0.0181277 0.530854
0 0.782037 0.142493 0.0142207 0.0196037 0.530632
0 0.522337 0.910966 0.0149703 0.0249318 0.530312
0 0.471621 0.855884 0.0152363 0.0207735 0.529729
0 0.849167 0.501688 0.0217094 0.0356903 0.52971
0 0.811883 0.239196 0.0141108 0.0194572 0.529123
0 0.161288 0.162326 0.0138058 0.0229355 0.528859
0 0.604574 0.247595 0.0141169 0.0176456 0.525168
0 0.109785 0.248953 0.0127502 0.0213967 0.524799
0 0.434314 0.299636 0.0133796 0.0210663 0.523144
0 0.575727 0.737935 0.0140682 0.0230925 0.523045
0 0.547576 0.675602 0.0122718 0.0179374 0.523
0 0.485922 0.87977 0.0131577 0.0203868 0.52243
0 0.559705 0.646934 0.0132542 0.0202248 0.521828
0 0.473072 0.912199 0.0135206 0.0207825 0.521447
0 0.589043 0.880866 0.0143091 0.0206365 0.521398
0 0.127348 0.118485 0.013721 0.0216768 0.521212
0 0.379735 0.465234 0.0129412 0.0172272 0.521204
0 0.765961 0.166494 0.0127858 0.0188097 0.521147
0 0.708773 0.802367 0.0148388 0.0259572 0.520858
0 0.447566 0.97184 0.0141785 0.0253276 0.519283
0 0.637017 0.138523 0.0147653 0.0186459 0.517821
0 0.555241 0.256777 0.0147009 0.0201244 0.517637
0 0.17737 0.957593 0.0119915 0.0199942 0.517255
0 0.96423 0.715341 0.0140999 0.020225 0.517057
0 0.574104 0.855482 0.0179079 0.0227837 0.516197
0 0.119693 0.222059 0.0124884 0.0191248 0.515814
0 0.101628 0.94394 0.0132826 0.017747 0.51539
0 0.582683 0.590084 0.0142428 0.021223 0.51507
0 0.723565 0.837306 0.016111 0.0229367 0.514959
0 0.79762 0.310367 0.0145419 0.0179541 0.514341
0 0.557875 0.339717 0.0147796 0.0218116 0.514004
0 0.422928 0.626475 0.0133184 0.0240358 0.513968
0 0.416756 0.39662 0.0128269 0.020226 0.512905
0 0.741993 0.880651 0.0153903 0.0261553 0.512686
0 0.85622 0.212756 0.0135063 0.0209854 0.511769
0 0.782594 0.287208 0.0138744 0.018771 0.509281
0 0.584523 0.648277 0.0143501 0.0231917 0.507503
0 0.565564 0.192195 0.0118973 0.0184132 0.502988
0 0.784578 0.337022 0.0137817 0.0246443 0.502313
0 0.476797 0.222276 0.0128784 0.0183982 0.501932
0 0.624448 0.620506 0.0131018 0.0226405 0.501483
0 0.732156 0.799536 0.014252 0.0265734 0.501374
0 0.482843 0.769971 0.0131321 0.019947 0.501175
0 0.633409 0.649873 0.0133024 0.0196633 0.499728
0 0.522224 0.795285 0.0131514 0.0219152 0.498763
0 0.782109 0.239943 0.0154238 0.0215088 0.498263
0 0.839882 0.138225 0.0122955 0.0216857 0.497851
0 0.612673 0.181643 0.0123346 0.0208701 0.49766
0 0.812543 0.287411 0.0145451 0.0189969 0.49741
0 0.587478 0.821888 0.0141376 0.0202362 0.497348
0 0.627464 0.19921 0.0130473 0.0182151 0.496732
0 0.150817 0.188229 0.0144524 0.0206851 0.496163
0 0.355832 0.262764 0.0134754 0.0203853 0.496087
0 0.6166 0.224206 0.0123982 0.0196595 0.495595
0 0.95061 0.688159 0.0124649 0.0187181 0.495554
0 0.93546 0.0536723 0.0135616 0.0193409 0.495243
0 0.398215 0.465257 0.0116065 0.0181429 0.493871
0 0.431327 0.598436 0.0131447 0.0213698 0.491855
0 0.601673 0.737675 0.0122262 0.0196313 0.491158
0 0.391673 0.189747 0.0123883 0.0188435 0.490906
0 0.947198 0.736929 0.012727 0.0181924 0.490178
0 0.767819 0.26486 0.0136379 0.0190153 0.490165
0 0.923583 0.0780563 0.014431 0.0185206 0.48952
0 0.532236 0.303325 0.0141582 0.0208215 0.489371
0 0.754489 0.337603 0.0159857 0.0237136 0.488849
0 0.452686 0.271604 0.0137305 0.0197022 0.488108
0 0.409749 0.195795 0.0120361 0.0200458 0.488098
0 0.569673 0.278644 0.014855 0.017106 0.486532
0 0.411542 0.722316 0.0137133 0.0220601 0.486371
0 0.409262 0.607069 0.0137783 0.0212805 0.485647
0 0.140592 0.797475 0.0222601 0.0336931 0.485604
0 0.637539 0.599081 0.0125055 0.0194604 0.485441
0 0.474191 0.969553 0.0147535 0.0188947 0.48522
0 0.374884 0.270318 0.0140441 0.0205835 0.485198
0 0.397489 0.134464 0.0144054 0.0209267 0.485166
0 0.395485 0.391446 0.0141153 0.0197636 0.482601
0 0.752696 0.239615 0.0126996 0.0177976 0.482568
0 0.542413 0.278519 0.0126985 0.0221268 0.482336
0 0.452385 0.147651 0.0130851 0.0215973 0.480468
0 0.430649 0.420454 0.0135319 0.0181288 0.480234
0 0.509234 0.766148 0.0130372 0.0218011 0.480079
0 0.0879289 0.963908 0.0115926 0.0205007 0.47977
0 0.0247533 0.88855 0.0120213 0.0190155 0.479276
0 0.852474 0.113256 0.0132729 0.0201447 0.478882
0 0.384775 0.158338 0.0131076 0.021347 0.478797
0 0.587741 0.763161 0.0155193 0.0222616 0.478375
0 0.156802 0.907754 0.0113202 0.0176539 0.477913
0 0.554081 0.217107 0.0118198 0.0201413 0.475886
0 0.471089 0.797011 0.0118828 0.0199466 0.475357
0 0.585011 0.441733 0.0230803 0.0500783 0.474958
0 0.511235 0.395714 0.0129406 0.0207043 0.474957
0 0.37044 0.496233 0.0132282 0.0203874 0.474716
0 0.587611 0.704301 0.0131719 0.0209343 0.474419
0 0.825652 0.21412 0.0160126 0.0200137 0.474237
0 0.50944 0.35393 0.0136091 0.0180571 0.474215
0 0.12325 0.26709 0.01248 0.0202549 0.473967
0 0.101836 0.277819 0.0135119 0.0211813 0.473682
0 0.49198 0.14289 0.0116179 0.0168856 0.473278
0 0.959442 0.764298 0.014406 0.019534 0.472677
0 0.13747 0.090146 0.0120475 0.0210131 0.471964
0 0.601725 0.162321 0.0138189 0.0192705 0.471836
0 0.535058 0.705728 0.012192 0.0217105 0.471671
0 0.561091 0.705231 0.0147694 0.0175667 0.470357
0 0.484415 0.823595 0.0123812 0.0188782 0.470332
0 0.589774 0.0693904 0.0125463 0.0155101 0.469615
0 0.722636 0.243369 0.0135572 0.0204155 0.469516
0 0.0711316 0.982099 0.0122778 0.018757 0.468352
0 0.604183 0.204523 0.0138859 0.0189018 0.46821
0 0.616321 0.0197112 0.0140921 0.0210036 0.467897
0 0.422461 0.335267 0.0123253 0.0193636 0.466772
0 0.3023 0.486377 0.0177888 0.0354612 0.465848
0 0.51012 0.82231 0.0128487 0.0187914 0.465536
0 0.167966 0.932677 0.0105205 0.0170817 0.463918
0 0.138742 0.97118 0.0115604 0.0180759 0.463502
0 0.0558154 0.765169 0.0108842 0.0164693 0.462183
0 0.0648703 0.868083 0.0144345 0.0186612 0.462047
0 0.334286 0.403065 0.0111221 0.0205582 0.461587
0 0.034087 0.954853 0.0112967 0.0170097 0.461546
0 0.63202 0.701096 0.0141217 0.0197822 0.460618
0 0.440524 0.0850726 0.0132191 0.0202145 0.460163
0 0.698306 0.0935824 0.0200226 0.038798 0.459909
0 0.403226 0.749242 0.0115685 0.0188555 0.457316
0 0.859898 0.0275995 0.0144508 0.019161 0.456533
0 0.920293 0.0282635 0.0140522 0.0202686 0.455907
0 0.662052 0.0905667 0.012709 0.0198246 0.455732
0 0.825147 0.166083 0.0139805 0.0167604 0.45569
0 0.753581 0.290611 0.0142091 0.0209053 0.45522
0 0.489077 0.203703 0.0118994 0.0175409 0.454916
0 0.370758 0.785703 0.0135505 0.0200781 0.454656
0 0.186582 0.639577 0.0205081 0.0359821 0.453846
0 0.768122 0.313589 0.014669 0.0232392 0.453823
0 0.458552 0.0921053 0.0123455 0.0193305 0.453494
0 0.041283 0.86803 0.0117572 0.0177902 0.452413
0 0.367951 0.237384 0.011733 0.0205115 0.452021
0 0.61265 0.140256 0.0129934 0.0214419 0.451669
0 0.690754 0.752314 0.021442 0.0234541 0.450886
0 0.624775 0.117159 0.0139582 0.0204955 0.450388
0 0.610266 0.593816 0.014148 0.0197813 0.450274
0 0.507812 0.204926 0.0133446 0.0186472 0.449625
0 0.513576 0.145246 0.0118834 0.0177289 0.44919
0 0.00326302 0.668448 0.00648342 0.0378295 0.448717
0 0.942743 0.783394 0.0150999 0.022285 0.446715
0 0.579701 0.25008 0.0126722 0.0191967 0.444244
0 0.681388 0.695685 0.0140221 0.0228968 0.444102
0 0.469406 0.284053 0.0130281 0.0209879 0.443949
0 0.185763 0.693126 0.0218431 0.0328186 0.44378
0 0.133106 0.238999 0.0124232 0.0201702 0.443612
0 0.547968 0.737492 0.0132908 0.0198668 0.44317
0 0.0154086 0.693555 0.0117663 0.0197535 0.442854
0 0.152547 0.114552 0.0121207 0.0175528 0.441477
0 0.115755 0.922601 0.0114402 0.0175778 0.441409
0 0.0766561 0.899563 0.0114484 0.0178355 0.440666
0 0.738801 0.218712 0.0126771 0.0210051 0.440631
0 0.708807 0.269248 0.0132092 0.0188034 0.439713
0 0.752286 0.191148 0.0139521 0.0177645 0.438888
0 0.13034 0.903208 0.0116089 0.0183987 0.437238
0 0.869419 0.186028 0.0148502 0.0211566 0.436338
0 0.454129 0.310765 0.0120329 0.0183167 0.436266
0 0.505069 0.113215 0.0123695 0.0168167 0.435462
0 0.461247 0.941851 0.0117449 0.0204692 0.435187
0 0.598262 0.570554 0.0137974 0.0204359 0.435085
0 0.414933 0.578805 0.0181933 0.0281726 0.433935
0 0.458715 0.520175 0.014006 0.0213793 0.433513
0 0.575488 0.169861 0.0117846 0.0191113 0.43291
0 0.435521 0.527038 0.0142384 0.0201784 0.432744
0 0.6212 0.670912 0.0121126 0.0173435 0.432636
0 0.0222316 0.850558 0.0120729 0.0179396 0.432188
0 0.896094 0.132847 0.0139481 0.0190719 0.431918
0 0.54362 0.641449 0.0141633 0.0291206 0.431164
0 0.380029 0.212714 0.0129073 0.0213579 0.429807
0 0.585231 0.448937 0.0217194 0.0364025 0.429151
0 0.524729 0.117023 0.0128485 0.0182733 0.428945
0 0.645548 0.0311953 0.0133699 0.02051 0.428712
0 0.570045 0.315164 0.0129718 0.0213682 0.428333
0 0.626077 0.16006 0.015669 0.0167121 0.427921
0 0.841026 0.238343 0.0126451 0.0207996 0.42748
0 0.441428 0.568976 0.0141792 0.0235974 0.425789
0 0.16006 0.088269 0.0139399 0.0181744 0.425209
0 0.498359 0.912173 0.0130949 0.020212 0.424786
0 0.514856 0.233638 0.0122699 0.0176729 0.424548
0 0.0359698 0.912433 0.0153911 0.0167043 0.423875
0 0.35274 0.407879 0.0130595 0.0195753 0.423686
0 0.368248 0.324516 0.0130761 0.0196177 0.423431
0 0.458867 0.881034 0.0132437 0.0192732 0.422022
0 0.446213 0.617549 0.0132036 0.0197496 0.420601
0 0.499993 0.170315 0.0120392 0.0170808 0.420194
0 0.0783754 0.768648 0.0134018 0.019342 0.418861
0 0.495853 0.333487 0.0134837 0.0215558 0.418803
0 0.456966 0.21428 0.012554 0.0176091 0.417844
0 0.61183 0.703733 0.0121229 0.017042 0.417562
0 0.374382 0.562443 0.0124243 0.0191755 0.417493
0 0.535433 0.885366 0.0155442 0.0214898 0.416952
0 0.536809 0.823409 0.0133356 0.0189877 0.414771
0 0.520148 0.178295 0.0124504 0.0184154 0.413824
0 0.496483 0.971103 0.0127973 0.0185277 0.41362
0 0.334279 0.354461 0.0120505 0.0163096 0.412901
0 0.535812 0.766435 0.0118 0.0188588 0.412692
0 0.584393 0.0415591 0.0133593 0.0191583 0.412161
0 0.526434 0.209901 0.0129953 0.0181174 0.411414
0 0.985355 0.649962 0.0120552 0.0189262 0.410944
0 0.165182 0.978144 0.0126036 0.0182202 0.410652
0 0.348577 0.236869 0.0121651 0.0184568 0.410593
0 0.497502 0.37565 0.0135927 0.0205824 0.409566
0 0.854261 0.159844 0.0118523 0.0178458 0.408631
0 0.497195 0.852112 0.0114277 0.0209334 0.408073
0 0.337261 0.259117 0.012603 0.0226017 0.407774
0 0.427157 0.670651 0.0133057 0.0214331 0.407268
0 0.0894692 0.182394 0.0135882 0.0215704 0.404721
0 0.434254 0.143372 0.0135421 0.0243494 0.404571
0 0.465522 0.12195 0.0126626 0.0198125 0.404471
0 0.414525 0.301148 0.0123928 0.0181032 0.403184
0 0.865532 0.0866382 0.0153423 0.0192568 0.402043
0 0.548915 0.968432 0.0164028 0.0189727 0.400828
0 0.663653 0.684027 0.0138563 0.0185954 0.400715
0 0.739026 0.316634 0.0146068 0.0200139 0.40056
0 0.0129881 0.779159 0.0128297 0.0181302 0.400192
0 0.502045 0.26318 0.0118219 0.0181892 0.399295
0 0.479134 0.467026 0.0136244 0.0228911 0.399139
0 0.580302 0.00868264 0.0134281 0.0158284 0.399088
0 0.565665 0.0335851 0.012685 0.0185429 0.398734
0 0.857279 0.991111 0.0151385 0.0162682 0.397505
0 0.57152 0.62191 0.0123478 0.0177673 0.397463
0 0.738513 0.266661 0.0135076 0.019905 0.397441
0 0.482296 0.26037 0.0129625 0.0184387 0.397027
0 0.373875 0.619731 0.0128602 0.0185184 0.396614
0 0.675569 0.0282035 0.0131233 0.0194627 0.396482
0 0.364312 0.590351 0.0107907 0.0177756 0.395973
0 0.952803 0.297622 0.0219189 0.041821 0.395408
0 0.473573 0.384711 0.0130361 0.0187269 0.394852
0 0.947934 0.0251768 0.0126072 0.017101 0.393763
0 0.510344 0.936926 0.012047 0.0188914 0.393599
0 0.0746252 0.93564 0.0113967 0.0185794 0.393516
0 0.116896 0.067075 0.0130904 0.021615 0.393391
0 0.346699 0.124796 0.0119602 0.0176092 0.392208
0 0.4408 0.339695 0.012641 0.0164985 0.391802
0 0.0423336 0.782583 0.010982 0.0183607 0.391497
0 0.398686 0.222031 0.0117652 0.0193712 0.39119
0 0.552717 0.0607201 0.0133646 0.0165489 0.390614
0 0.451778 0.0607516 0.0134796 0.022097 0.390168
0 0.433199 0.0554603 0.013863 0.0180521 0.389407
0 0.633796 0.053525 0.0117541 0.01771 0.388754
0 0.464874 0.448165 0.0136819 0.0198247 0.388291
0 0.576082 0.79382 0.0113104 0.0169445 0.387927
0 0.355945 0.355811 0.0132238 0.0179169 0.387883
0 0.560977 0.937399 0.0118926 0.0205314 0.387825
0 0.928183 0.756464 0.0120428 0.0173757 0.387556
0 0.388592 0.494526 0.0132622 0.0168167 0.387458
0 0.915313 0.727985 0.0146206 0.0219846 0.386656
0 0.545224 0.118059 0.0123587 0.0195712 0.385904
0 0.556347 0.300525 0.011897 0.0188527 0.385637
0 0.899826 0.749748 0.0147989 0.0218224 0.384979
0 0.607063 0.646117 0.0142786 0.0241792 0.384641
0 0.634782 0.0983669 0.0129234 0.0157619 0.383726
0 0.0592436 0.957111 0.0117085 0.0163194 0.383333
0 0.0619564 0.916786 0.0110169 0.0162555 0.382734
0 0.14422 0.061302 0.0142994 0.0194295 0.382168
0 0.59592 0.615569 0.011187 0.0202276 0.381371
0 0.486637 0.287317 0.0115494 0.0168623 0.381059
0 0.127207 0.945891 0.0123795 0.0148768 0.380853
0 0.45701 0.827739 0.0133083 0.0212529 0.38077
0 0.428104 0.269919 0.0124079 0.0168102 0.380021
0 0.41722 0.459233 0.0118898 0.0171624 0.378855
0 0.165019 0.834359 0.0139656 0.018377 0.37818
0 0.417752 0.224061 0.012998 0.0175002 0.37806
0 0.327378 0.373775 0.0128513 0.0165663 0.377631
0 0.472231 0.537123 0.0138909 0.020625 0.375639
0 0.214603 0.0876168 0.0119703 0.0182202 0.374397
0 0.3444 0.288219 0.0137031 0.0175773 0.374346
0 0.981382 0.697807 0.0126492 0.0193093 0.373797
0 0.742704 0.931183 0.0317387 0.0453033 0.37321
0 0.0414471 0.740589 0.0107148 0.0163595 0.372413
0 0.848526 0.0580746 0.019249 0.0301872 0.366446
0 0.404871 0.679111 0.0132469 0.0236785 0.365747
0 0.724479 0.293 0.0132972 0.0207698 0.364627
0 0.44614 0.028889 0.0130562 0.0219215 0.364445
0 0.445482 0.91528 0.01261 0.0184526 0.362199
0 0.646706 0.62584 0.01273 0.0178877 0.361855
0 0.382905 0.410829 0.0116089 0.0183058 0.361503
0 0.744014 0.153321 0.0123746 0.0157096 0.360649
0 0.5657 0.233349 0.0106308 0.0183071 0.358241
0 0.0252677 0.757641 0.0123292 0.0180369 0.357715
0 0.329856 0.313623 0.0155866 0.0185401 0.357278
0 0.601769 0.0453392 0.0122889 0.0183833 0.354858
0 0.393389 0.775432 0.0140142 0.023076 0.354423
0 0.481774 0.16892 0.0105351 0.0164172 0.347762
0 0.443794 0.240743 0.0125227 0.0191391 0.347224
0 0.176741 0.110479 0.0133655 0.0196153 0.345883
0 0.0558619 0.720178 0.0105559 0.0189943 0.34532
0 0.349512 0.320173 0.0101383 0.0182009 0.344353
0 0.681349 0.116031 0.0203824 0.0273678 0.343164
0 0.750373 0.848653 0.0215098 0.0336009 0.342716
0 0.76368 0.895205 0.0207596 0.0305257 0.342411
0 0.308033 0.454366 0.0191402 0.0229428 0.341292
0 0.103626 0.20349 0.014007 0.0210249 0.33933
0 0.534139 0.344305 0.0152199 0.0219289 0.338768
0 0.653019 0.15581 0.0123505 0.0169271 0.338536
0 0.430769 0.363522 0.0120968 0.0182541 0.3377
0 0.563885 0.125207 0.0124632 0.0167238 0.336204
0 0.0682156 0.743585 0.0111114 0.0155168 0.335972
0 0.759476 0.120653 0.0127471 0.0170643 0.33586
0 0.424018 0.513431 0.012959 0.0188816 0.333849
0 0.55646 0.0915674 0.0121098 0.018064 0.332811
0 0.611356 0.179667 0.0098917 0.0192256 0.331853
0 0.433419 0.884716 0.0120455 0.020124 0.331632
0 0.361309 0.14554 0.0118818 0.0169293 0.331392
0 0.47736 0.427389 0.0129205 0.0180425 0.331228
0 0.429108 0.200821 0.0151567 0.0185069 0.331215
0 0.518576 0.0820567 0.0116791 0.0144178 0.330601
0 0.489462 0.0694375 0.0127607 0.0210378 0.329917
0 0.495494 0.234686 0.0127314 0.0161266 0.329204
0 0.0220711 0.930614 0.00939986 0.0162571 0.328934
0 0.539429 0.0899458 0.0130132 0.0164427 0.328641
0 0.441558 0.17381 0.015881 0.022541 0.3258
0 0.892884 0.415991 0.0164574 0.0271479 0.32388
0 0.658442 0.735873 0.0132439 0.0215864 0.322392
0 0.812094 0.99078 0.0213711 0.0180714 0.321236
0 0.421296 0.548852 0.0158239 0.0279305 0.320645
0 0.824551 0.115105 0.0118464 0.0194661 0.318882
0 0.40898 0.488575 0.0124311 0.0166455 0.318466
0 0.540368 0.183663 0.0127714 0.0138682 0.31815
0 0.00711366 0.949258 0.0127587 0.0160664 0.317357
0 0.906244 0.00745426 0.0131835 0.0149085 0.315913
0 0.651409 0.709005 0.0138976 0.0196465 0.315842
0 0.365643 0.0359555 0.0128125 0.0188784 0.312182
0 0.378271 0.761149 0.0140366 0.0212711 0.310404
0 0.996524 0.675321 0.00695114 0.021353 0.309852
0 0.264574 0.120918 0.012099 0.0178295 0.308389
0 0.447696 0.545677 0.0155287 0.0231538 0.307801
0 0.465576 0.25014 0.0128784 0.0141968 0.306561
0 0.932647 0.709373 0.0130535 0.0180471 0.305906
0 0.250306 0.981991 0.0221842 0.0340773 0.305809
0 0.96796 0.245941 0.0217957 0.0427289 0.304696
0 0.395685 0.705124 0.0140352 0.0212199 0.304371
0 0.363763 0.295327 0.0121681 0.0209347 0.30292
0 0.789797 0.0974642 0.0111299 0.0161185 0.301193
0 0.00881261 0.582553 0.017493 0.034296 0.301107
0 0.668353 0.939285 0.0164045 0.0219598 0.297677
0 0.380513 0.5301 0.0124908 0.0183361 0.296852
0 0.110734 0.0956387 0.0127941 0.0223312 0.296098
0 0.910223 0.775815 0.0138313 0.0181003 0.29606
0 0.733897 0.12894 0.0111991 0.0170426 0.294651
0 0.969218 0.667881 0.0117538 0.0189585 0.291839
0 0.317666 0.429828 0.0211825 0.0263507 0.289872
0 0.384932 0.24783 0.0133854 0.016088 0.288
0 0.838383 0.983321 0.0170446 0.0249561 0.287355
0 0.418876 0.0252619 0.0177785 0.018758 0.284774
0 0.0875316 0.577163 0.0224173 0.0386045 0.280974
0 0.408705 0.36348 0.0113846 0.0157971 0.280115
0 0.524963 0.410296 0.0133051 0.0169888 0.277269
0 0.114675 0.295469 0.0139782 0.0200005 0.276679
0 0.626385 0.86475 0.017288 0.0272291 0.275764
0 0.125123 0.991666 0.0102219 0.0165853 0.275421
0 0.63501 0.566005 0.0119139 0.0170373 0.275281
0 0.900213 0.989617 0.0159767 0.0197605 0.273855
0 0.0195113 0.976817 0.0117255 0.0174795 0.273645
0 0.460964 0.775096 0.0125059 0.0204303 0.27303
0 0.345608 0.595025 0.0111553 0.0183962 0.272058
0 0.837722 0.0881908 0.0133387 0.0168628 0.271264
0 0.296552 0.243605 0.013424 0.0186725 0.271207
0 0.497188 0.791507 0.011632 0.0173547 0.271169
0 0.523086 0.368824 0.0126734 0.0165598 0.26745
0 0.0143475 0.735068 0.0102828 0.0164215 0.266465
0 0.876043 0.00602223 0.0148613 0.0120445 0.265967
0 0.315124 0.153601 0.0125946 0.0190262 0.265701
0 0.531765 0.155839 0.0108491 0.0168619 0.264832
0 0.383641 0.588882 0.0111096 0.0180852 0.259977
0 0.345992 0.38071 0.0115571 0.0168952 0.259503
0 0.475281 0.310663 0.0111242 0.0169712 0.258767
0 0.227893 0.106328 0.0121739 0.0165282 0.258545
0 0.0571202 0.549245 0.0187552 0.0297424 0.25812
0 0.409591 0.105604 0.0127922 0.0202123 0.256867
0 0.044564 0.977482 0.0112638 0.017357 0.254683
0 0.0479972 0.934658 0.00973181 0.0177724 0.254095
0 0.882223 0.440815 0.0153172 0.0270084 0.250328
0 0.505023 0.0681556 0.012891 0.0172766 0.249843
0 0.342127 0.0419219 0.0112537 0.0178829 0.249648
0 0.422156 0.973067 0.0132296 0.0228821 0.249397
0 0.55795 0.595556 0.0131747 0.0280299 0.248928
0 0.483725 0.117233 0.0103042 0.0150644 0.247147
0 0.418568 0.697331 0.0132738 0.0209214 0.244137
0 0.81216 0.0978678 0.0136452 0.0188033 0.243791
0 0.11369 0.963112 0.00960517 0.0133735 0.243416
0 0.994418 0.727065 0.0111643 0.0223073 0.241065
0 0.318619 0.339045 0.0127035 0.0225987 0.241005
0 0.443558 0.499334 0.0157636 0.019613 0.24099
0 0.0925399 0.874072 0.0102459 0.0160963 0.240465
0 0.447982 0.371131 0.0134012 0.0161006 0.239169
0 0.362522 0.528607 0.0129766 0.0204039 0.238141
0 0.689284 0.211535 0.0114539 0.0174273 0.236691
0 0.482708 0.0413251 0.0136866 0.0224857 0.236239
0 0.392206 0.662317 0.0147959 0.023142 0.236101
0 0.659911 0.0551547 0.0126785 0.0171366 0.235047
0 0.423873 0.551342 0.0172651 0.0259777 0.233749
0 0.184884 0.744351 0.0234822 0.0409671 0.22837
0 0.58413 0.38612 0.0199738 0.0342052 0.22835
0 0.645169 0.0747683 0.0148852 0.0167228 0.225838
0 0.767052 0.643301 0.0176283 0.0263903 0.221477
0 0.686787 0.0454188 0.0121783 0.0175289 0.220862
0 0.349572 0.462012 0.019228 0.026575 0.219695
0 0.0365965 0.830207 0.0108466 0.0173618 0.217705
0 0.503186 0.461253 0.0154883 0.0244047 0.217096
0 0.0962547 0.152974 0.0129156 0.0190155 0.216834
0 0.277611 0.142833 0.0117482 0.0166584 0.216053
0 0.743149 0.0391156 0.0118957 0.0136375 0.213427
0 0.693989 0.26376 0.0123569 0.0186211 0.21337
0 0.414207 0.654309 0.0130762 0.0161195 0.212868
0 0.0424809 0.658499 0.0132353 0.0290136 0.212462
0 0.190099 0.788642 0.0381015 0.0486491 0.212284
0 0.291587 0.158664 0.0125372 0.0145891 0.211449
0 0.183841 0.787867 0.025179 0.0395881 0.209151
0 0.360511 0.208901 0.0122193 0.0214159 0.206955
0 0.768379 0.0438606 0.0122107 0.0170941 0.201874
0 0.464813 0.0355166 0.0126352 0.0209916 0.201394
0 0.732459 0.182787 0.0117277 0.0154626 0.200697
0 0.469645 0.0671345 0.0153898 0.0226531 0.197831
0 0.389633 0.0313543 0.0126051 0.0172399 0.196085
0 0.172387 0.135121 0.0120699 0.0220707 0.195988
0 0.01743 0.452861 0.0344227 0.0433736 0.194389
0 0.459952 0.993894 0.0151788 0.0116475 0.194372
0 0.386331 0.8038 0.0136405 0.0224945 0.193627
0 0.351888 0.1678 0.0117399 0.016353 0.193457
0 0.42231 0.0824295 0.0113831 0.0178371 0.192548
0 0.609534 0.280743 0.0129412 0.0172629 0.1906
0 0.43392 0.406378 0.0132206 0.018463 0.189757
0 0.551088 0.15483 0.0111782 0.015583 0.188185
0 0.68621 0.109593 0.0287429 0.0385917 0.187529
0 0.358486 0.105828 0.010745 0.0193282 0.187135
0 0.638112 0.220421 0.0099776 0.0157592 0.186804
0 0.665495 0.93759 0.0195801 0.0228025 0.185404
0 0.597803 0.357993 0.0135274 0.0174341 0.183885
0 0.933538 0.00513659 0.0146954 0.0102732 0.183427
0 0.43746 0.642268 0.0140162 0.0182932 0.182772
0 0.0417686 0.698797 0.00923623 0.0177136 0.181034
0 0.796976 0.0410649 0.0111732 0.0169557 0.179941
0 0.717315 0.211755 0.0113538 0.0172897 0.178903
0 0.445589 0.117993 0.0131952 0.0168711 0.177574
0 0.477316 0.0971871 0.0127649 0.0175161 0.177306
0 0.402349 0.328904 0.012952 0.0145851 0.17592
0 0.258538 0.0404423 0.0110485 0.0174642 0.174701
0 0.746138 0.0968491 0.0120674 0.0175719 0.174164
0 0.245832 0.0171692 0.0107541 0.0209505 0.173166
0 0.219639 0.934618 0.0164075 0.0298435 0.171743
0 0.861987 0.957843 0.0185333 0.0260362 0.171653
0 0.451941 0.800501 0.0108912 0.019485 0.169831
0 0.760198 0.0721266 0.0109423 0.0153262 0.169631
0 0.461887 0.40734 0.0138365 0.0197719 0.169501
0 0.376514 0.271097 0.0133066 0.0177118 0.168855
0 0.401933 0.524371 0.0124913 0.015465 0.168268
0 0.283411 0.221911 0.0120812 0.0180339 0.167731
0 0.238388 0.0821951 0.0131358 0.0178488 0.166316
0 0.00392916 0.754922 0.00759273 0.0167964 0.165816
0 0.069253 0.828651 0.0119438 0.0184072 0.165459
0 0.688093 0.900992 0.0149948 0.0195925 0.165218
0 0.485282 0.993824 0.01552 0.0119493 0.165049
0 0.321133 0.0900262 0.0110052 0.016562 0.16494
0 0.642521 0.0069191 0.0156586 0.0122581 0.16473
0 0.732475 0.0723421 0.0131088 0.0195575 0.163173
0 0.326659 0.133434 0.0107657 0.0156268 0.16316
0 0.519733 0.325811 0.0143257 0.0203642 0.162595
0 0.245591 0.943266 0.023034 0.0404321 0.160168
0 0.0883455 0.917342 0.00974242 0.0138038 0.160112
0 0.788085 0.070921 0.0119717 0.0151783 0.159439
0 0.0447054 0.659661 0.0114403 0.0252655 0.156991
0 0.19186 0.855354 0.01769 0.0301505 0.156777
0 0.463444 0.342182 0.0112429 0.015718 0.156493
0 0.511764 0.993845 0.0184499 0.0112725 0.154786
0 0.543146 0.280975 0.0109123 0.0219689 0.154456
0 0.425297 0.515885 0.0115049 0.019514 0.154286
0 0.0676619 0.699485 0.0106622 0.0176073 0.153019
0 0.882953 0.160938 0.0117123 0.0170286 0.150433
0 0.771766 0.100343 0.0117578 0.01657 0.149691
0 0.383419 0.685695 0.0115489 0.0190089 0.14724
0 0.603722 0.161773 0.0133709 0.0160966 0.146736
0 0.42151 0.170355 0.0151483 0.0224571 0.146224
0 0.500684 0.0429589 0.0111517 0.0199734 0.145577
0 0.707499 0.180121 0.011688 0.0163725 0.145245
0 0.353183 0.0185087 0.0114945 0.0196825 0.144976
0 0.330538 0.546139 0.0228163 0.0347431 0.144788
0 0.645321 0.0265928 0.0142279 0.0248957 0.143712
0 0.344604 0.379561 0.0125767 0.0201853 0.142918
0 0.0584764 0.247583 0.0172008 0.0239194 0.142609
0 0.580764 0.294488 0.0120557 0.0132145 0.142322
0 0.597466 0.0133738 0.0129793 0.0194546 0.142111
0 0.354045 0.559482 0.0108878 0.0199354 0.141955
0 0.165687 0.0581661 0.0110838 0.015817 0.141341
0 0.345601 0.0844367 0.010498 0.0188837 0.139727
0 0.450769 0.434358 0.0127388 0.0197074 0.139213
0 0.270126 0.398132 0.0497172 0.0858432 0.138955
0 0.177075 0.0331438 0.0124344 0.0162356 0.13832
0 0.511191 0.354971 0.0122455 0.0179548 0.137489
0 0.299478 0.0936999 0.0113579 0.0182305 0.137461
0 0.708273 0.236114 0.0107693 0.0156256 0.136822
0 0.0985239 0.983994 0.0124259 0.0162452 0.136304
0 0.327238 0.285676 0.0130618 0.0207513 0.13602
0 0.416578 0.614103 0.00716524 0.020063 0.134308
0 0.186442 0.643661 0.0239484 0.0473686 0.134063
0 0.0150548 0.632517 0.0194767 0.0226431 0.133969
0 0.810025 0.187635 0.0131256 0.025004 0.13296
0 0.444804 0.859042 0.0127089 0.0207783 0.132064
0 0.335104 0.107541 0.0110515 0.0184888 0.13149
0 0.22111 0.0218662 0.0128234 0.0188073 0.131089
0 0.393281 0.275221 0.0127175 0.0194109 0.130931
0 0.719952 0.155482 0.0134487 0.021058 0.129881
0 0.366942 0.0796223 0.0125167 0.0164724 0.128912
0 0.664482 0.134167 0.0132451 0.013303 0.128396
0 0.0292363 0.717803 0.00993715 0.0128743 0.128371
0 0.305163 0.5363 0.015865 0.0244917 0.128141
0 0.293188 0.0098226 0.0121165 0.0173403 0.128061
0 0.638606 0.137708 0.0140481 0.0155096 0.128005
0 0.364625 0.383339 0.0117731 0.0136909 0.126811
0 0.377315 0.761434 0.0167169 0.0287486 0.125679
0 0.566494 0.195494 0.0114077 0.0177098 0.124055
0 0.496535 0.737877 0.00968609 0.0184728 0.123043
0 0.47353 0.540531 0.0175608 0.0287526 0.122714
0 0.942852 0.34036 0.0177292 0.0333683 0.121729
0 0.248785 0.977665 0.0257974 0.0385716 0.121026
0 0.250924 0.101311 0.0103188 0.016343 0.120398
0 0.241533 0.124726 0.0121869 0.0169403 0.119775
0 0.399636 0.00951941 0.0131193 0.0162816 0.119736
0 0.448259 0.374758 0.013872 0.0192354 0.119627
0 0.0521278 0.891245 0.0108327 0.0147797 0.119263
0 0.960559 0.00557066 0.0120729 0.0111413 0.117889
0 0.332114 0.0664377 0.00935167 0.0163587 0.117632
0 0.354607 0.0629772 0.00956364 0.017069 0.117277
0 0.500455 0.422505 0.012304 0.016775 0.116294
0 0.666009 0.906936 0.0224236 0.032706 0.115161
0 0.678463 0.245099 0.0124067 0.0168139 0.115025
0 0.518849 0.328553 0.0126884 0.0173602 0.114757
0 0.658261 0.00879402 0.0140628 0.0153398 0.114685
0 0.272882 0.0556296 0.0135262 0.0164706 0.113313
0 0.519873 0.0850692 0.0100163 0.017634 0.112228
0 0.373598 0.718209 0.0160112 0.0202169 0.111721
0 0.627582 0.159146 0.0151922 0.0129283 0.110778
0 0.378264 0.915816 0.0242095 0.0441271 0.110549
0 0.491507 0.487673 0.0120621 0.0166448 0.109743
0 0.215674 0.894497 0.0388048 0.0494269 0.109053
0 0.579772 0.208121 0.0119825 0.0210373 0.108787
0 0.314435 0.397286 0.0126165 0.0188736 0.108614
0 0.0051586 0.667627 0.0100816 0.03931 0.107503
0 0.927919 0.367562 0.0158555 0.0207379 0.107362
0 0.674423 0.737958 0.0134942 0.0188163 0.106189
0 0.433336 0.526086 0.0160011 0.0185904 0.105202
0 0.353487 0.408564 0.0159651 0.0241063 0.104959
0 0.151765 0.0372008 0.00953767 0.0172134 0.104916
0 0.394293 0.707084 0.0133447 0.0181597 0.10413
0 0.651421 0.157152 0.0119949 0.0159325 0.103864
0 0.315706 0.434719 0.0195152 0.0273446 0.103815
0 0.434921 0.403185 0.0125448 0.0222189 0.10347
0 0.839649 0.00545293 0.0133579 0.0109059 0.102698
0 0.673573 0.0689971 0.0114324 0.0162696 0.102618
0 0.269515 0.0112898 0.0115382 0.0182045 0.10216
0 0.234149 0.0414758 0.0111017 0.0185293 0.101689
0 0.0953007 0.230743 0.0109477 0.0180625 0.100708
0 0.330317 0.0222212 0.0105793 0.017712 0.100462
