0 0.039058 0.663129 0.0266559 0.0507385 0.687958
0 0.91595 0.803558 0.0237274 0.04031 0.679134
0 0.280179 0.608066 0.0219942 0.0479682 0.66592
0 0.640995 0.418985 0.0218441 0.0450124 0.665361
0 0.0653403 0.660691 0.024986 0.042935 0.660736
0 0.587644 0.714278 0.0199583 0.0379356 0.657123
0 0.72895 0.14208 0.0221144 0.0405013 0.656537
0 0.301355 0.541809 0.0193922 0.0385479 0.656092
0 0.870442 0.0719055 0.019503 0.0373854 0.655141
0 0.6826 0.281353 0.0234594 0.0376212 0.650924
0 0.528605 0.17277 0.0248099 0.0429445 0.649889
0 0.472396 0.37364 0.0194531 0.0412879 0.644909
0 0.872597 0.904091 0.0231901 0.0381534 0.643774
0 0.927898 0.573753 0.020079 0.0364034 0.637688
0 0.564651 0.688861 0.0164453 0.0324822 0.636633
0 0.325291 0.174965 0.0203971 0.0413687 0.636511
0 0.415624 0.290756 0.0190191 0.0301962 0.634863
0 0.417019 0.621242 0.0225805 0.0353668 0.634388
0 0.888306 0.716971 0.0159458 0.0336899 0.633494
0 0.921094 0.113316 0.0244747 0.0404636 0.633428
0 0.497571 0.364849 0.0172831 0.0391109 0.631623
0 0.701784 0.60282 0.0280294 0.0555705 0.631578
0 0.0403058 0.888143 0.0141069 0.0303904 0.628984
0 0.124296 0.558302 0.0207805 0.038167 0.627026
0 0.396397 0.082775 0.0152168 0.0353494 0.626143
0 0.760984 0.86694 0.0242593 0.0448554 0.626102
0 0.863988 0.538547 0.0183636 0.0332265 0.625744
0 0.366305 0.825061 0.0162045 0.0328574 0.625368
0 0.254414 0.314382 0.0219058 0.0384934 0.624478
0 0.463593 0.522802 0.0213911 0.0436982 0.622967
0 0.5835 0.667793 0.015051 0.0330073 0.622237
0 0.834179 0.84356 0.0209976 0.0412137 0.622113
0 0.587147 0.124515 0.0177756 0.0347247 0.619849
0 0.798237 0.180366 0.0283035 0.0518349 0.61975
0 0.121843 0.903612 0.0184957 0.0323654 0.619614
0 0.793032 0.894842 0.0164974 0.0298781 0.617161
0 0.957041 0.648404 0.0196806 0.0386939 0.615559
0 0.348201 0.284243 0.0211409 0.0361168 0.615204
0 0.0181129 0.839142 0.0203712 0.0364595 0.614848
0 0.217861 0.235566 0.0205144 0.034134 0.613933
0 0.803849 0.401939 0.0181919 0.0313563 0.613175
0 0.905305 0.523539 0.0227947 0.039616 0.612648
0 0.402955 0.0257321 0.0198936 0.0344391 0.61126
0 0.019382 0.182602 0.0190442 0.0361599 0.608371
0 0.91608 0.638341 0.0209901 0.0306385 0.608269
0 0.0087691 0.803679 0.0171339 0.0355804 0.608063
0 0.208131 0.744105 0.0189308 0.035356 0.607909
0 0.561816 0.958348 0.0180271 0.0356776 0.607272
0 0.329683 0.426369 0.0184631 0.0338657 0.603323
0 0.405056 0.980132 0.0229286 0.0369466 0.600548
0 0.944747 0.823408 0.021674 0.0366455 0.600211
0 0.594146 0.412904 0.0166449 0.0340057 0.599789
0 0.641028 0.305843 0.0235723 0.043373 0.598821
0 0.548569 0.14214 0.0184628 0.0352261 0.598398
0 0.819338 0.463067 0.0226006 0.0380122 0.596508
0 0.416662 0.195731 0.0190822 0.0362176 0.594717
0 0.177317 0.922762 0.0238417 0.0418745 0.594659
0 0.979502 0.482455 0.0176636 0.0363681 0.593978
0 0.176984 0.346561 0.0242111 0.044894 0.593774
0 0.73216 0.339479 0.0217912 0.0358042 0.59276
0 0.732615 0.717131 0.0175724 0.0306285 0.591875
0 0.928603 0.852557 0.0183432 0.0329653 0.591746
0 0.689038 0.435337 0.0149417 0.0278162 0.591657
0 0.701198 0.222199 0.0175332 0.030405 0.591633
0 0.495112 0.0936885 0.0246124 0.0374915 0.591421
0 0.428279 0.949768 0.0204712 0.0407409 0.589171
0 0.986386 0.529369 0.0184868 0.0328403 0.588689
0 0.698864 0.356724 0.0236412 0.0402889 0.588249
0 0.820986 0.206491 0.0187129 0.0330744 0.588142
0 0.666608 0.755927 0.0203341 0.0384589 0.587965
0 0.208692 0.688327 0.0214231 0.044111 0.585119
0 0.377964 0.644983 0.0120127 0.027278 0.584253
0 0.794217 0.0663987 0.0192898 0.0371676 0.583246
0 0.528303 0.116638 0.0216034 0.0392508 0.582569
0 0.594869 0.0606982 0.0281188 0.0422826 0.582154
0 0.593618 0.92174 0.0179253 0.0341119 0.581262
0 0.816426 0.625488 0.0170267 0.0310721 0.580245
0 0.652176 0.0525935 0.0158775 0.0280859 0.579504
0 0.301184 0.591443 0.0189547 0.0352785 0.579075
0 0.113782 0.153526 0.0137733 0.0284458 0.578486
0 0.117231 0.419032 0.0201617 0.0344389 0.577881
0 0.929463 0.732613 0.0202005 0.0340811 0.577827
0 0.582926 0.953568 0.0141062 0.026079 0.575771
0 0.335746 0.552971 0.0221753 0.0351556 0.57549
0 0.794834 0.778579 0.0223958 0.037883 0.574178
0 0.6797 0.325644 0.0145257 0.0292589 0.57366
0 0.331732 0.657285 0.0161523 0.0227075 0.573156
0 0.62872 0.586254 0.0198158 0.0330322 0.573006
0 0.709771 0.193141 0.0192146 0.0312501 0.572583
0 0.418997 0.751306 0.0236643 0.0393884 0.571593
0 0.140641 0.609208 0.0157778 0.0329651 0.57065
0 0.340006 0.0701565 0.0233591 0.0401162 0.567858
0 0.841998 0.755367 0.0173885 0.0335921 0.566807
0 0.191853 0.629616 0.0203217 0.0306936 0.566508
0 0.207295 0.421327 0.0203083 0.0397496 0.566453
0 0.389559 0.144625 0.0158793 0.0349331 0.566279
0 0.578782 0.429923 0.0142032 0.0254808 0.566246
0 0.88594 0.96967 0.0237293 0.0394337 0.565866
0 0.764144 0.728444 0.0148872 0.0291802 0.565664
0 0.341584 0.626389 0.0158935 0.0314843 0.565418
0 0.558721 0.0794268 0.0175687 0.0345664 0.564681
0 0.0877063 0.182455 0.0171288 0.0329215 0.564641
0 0.945953 0.774495 0.0188403 0.0333011 0.562374
0 0.389706 0.314226 0.0168211 0.0339042 0.559989
0 0.557989 0.603106 0.0155561 0.0317939 0.559166
0 0.977587 0.142736 0.0199802 0.0330676 0.558517
0 0.283262 0.331863 0.0266884 0.0518675 0.557267
0 0.603866 0.85578 0.013748 0.0345744 0.555508
0 0.039146 0.939996 0.0183229 0.032999 0.554979
0 0.906811 0.596404 0.0159634 0.0295 0.554333
0 0.516754 0.64847 0.0180338 0.0326762 0.554137
0 0.750037 0.214722 0.0222656 0.0397532 0.553948
0 0.568095 0.453644 0.0147842 0.0267432 0.553828
0 0.368377 0.530593 0.0138305 0.0293555 0.553018
0 0.574914 0.922864 0.0154476 0.0310181 0.550852
0 0.595194 0.567563 0.018915 0.0418796 0.549486
0 0.867054 0.499511 0.017308 0.0304927 0.54803
0 0.445374 0.352901 0.0244056 0.0406297 0.547365
0 0.89085 0.866852 0.0156776 0.0363697 0.54484
0 0.990022 0.275331 0.019957 0.0434284 0.543084
0 0.328801 0.123255 0.0144857 0.0283895 0.542829
0 0.498129 0.142578 0.0181768 0.0370368 0.541645
0 0.00945052 0.472531 0.0161752 0.0322552 0.540538
0 0.547011 0.441085 0.0142583 0.0261482 0.540506
0 0.363539 0.724998 0.023315 0.0475486 0.540504
0 0.388716 0.244908 0.0195184 0.0344541 0.539568
0 0.39866 0.842838 0.0182461 0.0324704 0.538636
0 0.480192 0.321952 0.0176165 0.0380918 0.537124
0 0.724099 0.238968 0.0176792 0.0338117 0.534612
0 0.606394 0.781615 0.0165367 0.031446 0.53437
0 0.810372 0.110501 0.0341491 0.0518067 0.534337
0 0.395753 0.804232 0.0151268 0.0273543 0.532939
0 0.385546 0.533251 0.0128215 0.0254263 0.532533
0 0.613531 0.428268 0.0154526 0.0372275 0.530372
0 0.428705 0.394274 0.0165207 0.0331565 0.529225
0 0.00577342 0.346219 0.0115237 0.0270959 0.527847
0 0.2618 0.190032 0.0173348 0.0344048 0.527384
0 0.907284 0.858337 0.0187025 0.0337285 0.525659
0 0.322438 0.248124 0.0181924 0.0316211 0.523649
0 0.550938 0.472272 0.0113116 0.0264699 0.523387
0 0.828259 0.72466 0.0177738 0.0293163 0.522776
0 0.730859 0.379698 0.0232179 0.0380949 0.521816
0 0.6784 0.482055 0.0196603 0.0363051 0.520502
0 0.124373 0.733557 0.0142649 0.0324445 0.518943
0 0.309155 0.977201 0.0236524 0.0413097 0.518034
0 0.614313 0.330783 0.0193601 0.031158 0.517569
0 0.0703122 0.953498 0.0217345 0.0364976 0.51755
0 0.797181 0.666517 0.0157834 0.0246477 0.516158
0 0.0930205 0.578097 0.0214991 0.0401606 0.513987
0 0.892186 0.6579 0.0164192 0.0343053 0.513249
0 0.489974 0.463609 0.0236961 0.042666 0.512836
0 0.555915 0.292952 0.0178032 0.0338312 0.512286
0 0.746272 0.920419 0.0174471 0.0326042 0.511547
0 0.515053 0.519694 0.0136589 0.0260354 0.511123
0 0.397821 0.633453 0.0137715 0.0301381 0.510557
0 0.414916 0.890236 0.0162556 0.0261661 0.51002
0 0.0898313 0.0897801 0.0256501 0.0395695 0.509431
0 0.147446 0.274468 0.0193592 0.0314258 0.50869
0 0.456092 0.0371917 0.0175634 0.0277865 0.508042
0 0.224233 0.491211 0.0185758 0.0385143 0.507356
0 0.743495 0.602584 0.0201748 0.031005 0.50664
0 0.857904 0.976457 0.0154605 0.0314477 0.506098
0 0.214661 0.953738 0.0201287 0.035887 0.505663
0 0.994236 0.0203021 0.011529 0.0368745 0.503863
0 0.380019 0.407578 0.0108121 0.0281286 0.50197
0 0.616037 0.226276 0.0169624 0.0372335 0.501114
0 0.109169 0.365874 0.0140596 0.0299246 0.499478
0 0.0334214 0.438857 0.0182748 0.0316723 0.498472
0 0.164347 0.595171 0.0137017 0.0325602 0.498261
0 0.808587 0.530548 0.0146561 0.0299775 0.498015
0 0.310744 0.283715 0.0176241 0.0329272 0.497122
0 0.397051 0.935365 0.0205762 0.0316681 0.496259
0 0.844579 0.419944 0.0180506 0.0350431 0.495285
0 0.0089023 0.939851 0.0153136 0.0266512 0.494954
0 0.672629 0.0987201 0.0165028 0.0312053 0.494566
0 0.833959 0.685559 0.0199409 0.037545 0.494559
0 0.510409 0.44434 0.008743 0.030022 0.493454
0 0.00513966 0.975645 0.0102369 0.0359723 0.491722
0 0.629663 0.749857 0.0183053 0.0331472 0.489932
0 0.694546 0.0258942 0.0379425 0.0508658 0.489905
0 0.944262 0.443762 0.0226999 0.0376379 0.486821
0 0.834616 0.553836 0.0254421 0.0413571 0.486273
0 0.381231 0.974465 0.0193525 0.0313878 0.485674
0 0.430532 0.130748 0.0188374 0.0346565 0.485503
0 0.34072 0.732153 0.0186899 0.0344113 0.485479
0 0.749166 0.986283 0.0176329 0.0263201 0.484345
0 0.454503 0.827579 0.0224085 0.0451135 0.483631
0 0.773676 0.549617 0.0243916 0.0444956 0.48241
0 0.504047 0.310972 0.016872 0.0299633 0.481729
0 0.0653243 0.132491 0.0144617 0.0292947 0.480374
0 0.638577 0.912948 0.0204208 0.0376804 0.480283
0 0.152381 0.896815 0.0155287 0.033058 0.479443
0 0.496184 0.214541 0.0181046 0.0333375 0.478774
0 0.555727 0.907937 0.012748 0.0300327 0.477746
0 0.721512 0.898365 0.0155216 0.0254469 0.477643
0 0.568409 0.636248 0.0112221 0.0222282 0.472696
0 0.65218 0.504703 0.0155145 0.0353288 0.47141
0 0.238865 0.0597493 0.0154968 0.0281117 0.47129
0 0.492343 0.595743 0.0157953 0.0315293 0.470086
0 0.692009 0.763559 0.0169195 0.0290643 0.469787
0 0.400727 0.47186 0.0175111 0.0342506 0.468218
0 0.45242 0.833991 0.0211757 0.0411258 0.466395
0 0.815068 0.764441 0.0149849 0.0267259 0.464476
0 0.99128 0.65983 0.0174408 0.0352385 0.464247
0 0.444594 0.453981 0.0198858 0.0295132 0.463915
0 0.120095 0.671964 0.016805 0.0336168 0.463277
0 0.616569 0.1152 0.0157462 0.0314557 0.46147
0 0.367229 0.429798 0.0179941 0.0291107 0.461261
0 0.776708 0.208748 0.0181337 0.0320418 0.460592
0 0.417356 0.694309 0.0188105 0.0379293 0.460587
0 0.582267 0.46728 0.0128067 0.027439 0.460415
0 0.552589 0.648097 0.0147572 0.0293391 0.460172
0 0.618476 0.917211 0.0186459 0.0415358 0.459686
0 0.718667 0.302278 0.0226835 0.0394093 0.459425
0 0.690592 0.956634 0.0144091 0.0257847 0.457955
0 0.430501 0.848947 0.0171999 0.0301273 0.457692
0 0.35167 0.66115 0.0156127 0.0275179 0.457245
0 0.321463 0.842613 0.0126385 0.0296638 0.456879
0 0.417481 0.443143 0.0260257 0.0404507 0.455974
0 0.684035 0.927771 0.0138716 0.0235451 0.45456
0 0.296932 0.170158 0.0168962 0.0281559 0.452446
0 0.789836 0.858002 0.0136021 0.0294478 0.45156
0 0.943488 0.48875 0.0255492 0.0446733 0.451207
0 0.544618 0.735822 0.0172991 0.0312222 0.451184
0 0.762384 0.763452 0.0164298 0.0273604 0.449317
0 0.654114 0.951067 0.017107 0.03325 0.449255
0 0.415704 0.655252 0.0161869 0.0272685 0.447606
0 0.53832 0.0628077 0.0162321 0.0302246 0.447379
0 0.707236 0.26599 0.0198635 0.036925 0.447217
0 0.533273 0.570999 0.0179955 0.0276759 0.446529
0 0.62524 0.541178 0.0118633 0.0300768 0.44543
0 0.976198 0.568218 0.0194982 0.0363524 0.444022
0 0.80945 0.987643 0.0211091 0.0233988 0.442367
0 0.143289 0.3906 0.0270056 0.0457876 0.441407
0 0.900123 0.93149 0.0176449 0.031205 0.438907
0 0.0722338 0.536219 0.0145772 0.0375595 0.438755
0 0.459555 0.642999 0.018892 0.0287532 0.438697
0 0.472062 0.85661 0.0151913 0.0362474 0.438164
0 0.741195 0.888324 0.0157608 0.0290456 0.435649
0 0.0110696 0.555253 0.0170815 0.0311639 0.435005
0 0.707114 0.6657 0.0193118 0.0393764 0.434719
0 0.357564 0.916908 0.0180495 0.0345325 0.433687
0 0.106415 0.715106 0.0122612 0.0326458 0.433542
0 0.129723 0.0916809 0.0282357 0.053327 0.433371
0 0.633329 0.815488 0.0174074 0.0315687 0.432563
0 0.680538 0.386858 0.0184149 0.0310349 0.432104
0 0.81489 0.921167 0.0167076 0.0343221 0.432027
0 0.191081 0.0402856 0.0182781 0.0313609 0.43176
0 0.30778 0.283535 0.0227182 0.0357623 0.431741
0 0.330968 0.497319 0.0170867 0.0286355 0.43167
0 0.293185 0.415795 0.0189548 0.0316055 0.428817
0 0.0953 0.385012 0.0131955 0.0296115 0.428688
0 0.380084 0.60327 0.0163692 0.0385629 0.425508
0 0.574816 0.0112783 0.020013 0.0223161 0.425178
0 0.362045 0.565316 0.0175231 0.0279579 0.42465
0 0.61151 0.158567 0.0156617 0.0347644 0.424344
0 0.439277 0.978701 0.0145879 0.0366213 0.424342
0 0.377332 0.747645 0.0109875 0.0287362 0.423918
0 0.00367389 0.524634 0.0073125 0.0246288 0.423231
0 0.573727 0.179813 0.0185224 0.032518 0.423056
0 0.633392 0.224868 0.0123839 0.0330359 0.421649
0 0.284855 0.06844 0.0218419 0.0397201 0.421527
0 0.361949 0.395191 0.0158401 0.031059 0.420896
0 0.908645 0.968569 0.0136182 0.0209904 0.420785
0 0.99359 0.173288 0.0128199 0.0386991 0.420333
0 0.289858 0.742811 0.0119845 0.0278012 0.42016
0 0.6217 0.619576 0.0163047 0.0317509 0.419533
0 0.33895 0.833485 0.0188431 0.032723 0.41914
0 0.988265 0.107412 0.0203159 0.0315977 0.417834
0 0.455745 0.908519 0.0195246 0.0343955 0.417483
0 0.31041 0.488529 0.0171832 0.033224 0.415713
0 0.393549 0.196385 0.0134361 0.0361624 0.41335
0 0.838254 0.45408 0.0154869 0.0258883 0.411336
0 0.404683 0.357975 0.0202017 0.0303567 0.410885
0 0.996167 0.484793 0.00766678 0.0317819 0.410425
0 0.735908 0.761427 0.021984 0.0331648 0.410343
0 0.624538 0.976687 0.0192792 0.0373847 0.41034
0 0.29586 0.783256 0.0181228 0.0308399 0.40878
0 0.403399 0.517344 0.016241 0.0301809 0.408362
0 0.279703 0.396875 0.0202679 0.0402824 0.408131
0 0.743002 0.45377 0.0243029 0.059802 0.407545
0 0.775336 0.977463 0.020491 0.03872 0.407172
0 0.72663 0.488844 0.0149092 0.0307141 0.406846
0 0.879748 0.450285 0.0217663 0.027763 0.405727
0 0.0172522 0.701257 0.0193268 0.0389694 0.40566
0 0.376855 0.795824 0.0128208 0.0292409 0.405219
0 0.252736 0.474992 0.0201698 0.0327256 0.404294
0 0.198663 0.189094 0.0213429 0.0364309 0.402414
0 0.159545 0.162286 0.020785 0.0417605 0.401954
0 0.885103 0.545454 0.0179802 0.0283487 0.401846
0 0.511287 0.57796 0.00924015 0.0216566 0.398811
0 0.371529 0.348323 0.011487 0.0222006 0.398103
0 0.60374 0.958027 0.015184 0.0294956 0.396748
0 0.139559 0.951604 0.0162034 0.029008 0.395853
0 0.851301 0.897897 0.014768 0.0259394 0.395578
0 0.0779813 0.502431 0.0143428 0.0196298 0.392198
0 0.136404 0.205902 0.0143995 0.0341667 0.391673
0 0.0947069 0.227221 0.0255462 0.0395214 0.390978
0 0.627241 0.865667 0.0197383 0.0382575 0.389341
0 0.295932 0.107998 0.0183463 0.0291531 0.388074
0 0.673722 0.177391 0.0144192 0.0233246 0.388009
0 0.680862 0.15288 0.0175928 0.0300324 0.387431
0 0.589461 0.623673 0.0167667 0.0312275 0.387089
0 0.243129 0.118575 0.01683 0.0413362 0.386516
0 0.402343 0.398172 0.0232841 0.0401199 0.385663
0 0.993484 0.817296 0.0130313 0.0353227 0.385396
0 0.316214 0.574262 0.0146443 0.0327982 0.38409
0 0.578727 0.231424 0.010879 0.0246277 0.383151
0 0.419256 0.510551 0.0148582 0.022914 0.381054
0 0.256989 0.0933777 0.0137169 0.0271416 0.379163
0 0.529405 0.240494 0.0205512 0.0334836 0.375475
0 0.531426 0.216969 0.0184274 0.0186711 0.375031
0 0.546883 0.795254 0.0208792 0.0342587 0.374307
0 0.708108 0.740739 0.022034 0.0435191 0.372848
0 0.381945 0.8503 0.0111677 0.0225228 0.370718
0 0.581378 0.828247 0.0224242 0.0319875 0.369713
0 0.057776 0.576649 0.0146296 0.0300183 0.369604
0 0.930083 0.98748 0.0210239 0.0237736 0.367795
0 0.180819 0.549822 0.0179909 0.0352449 0.367355
0 0.140512 0.0246945 0.0291446 0.0474345 0.366937
0 0.0465448 0.727086 0.0144436 0.025391 0.365717
0 0.181242 0.772459 0.0314571 0.0433485 0.365698
0 0.646491 0.160934 0.0176353 0.0426726 0.364349
0 0.0332425 0.789927 0.0224873 0.0381293 0.363462
0 0.18122 0.97937 0.0258123 0.0387865 0.363159
0 0.828257 0.419553 0.0136856 0.0285242 0.361889
0 0.414303 0.440194 0.021646 0.0374066 0.361886
0 0.253268 0.590042 0.0211178 0.0390042 0.360836
0 0.38773 0.876445 0.0175377 0.0345192 0.359189
0 0.718754 0.459699 0.0158222 0.0235931 0.358911
0 0.616276 0.823548 0.0106895 0.0236074 0.358343
0 0.128819 0.873645 0.0178974 0.0280718 0.357571
0 0.540735 0.272565 0.0137213 0.0269072 0.356785
0 0.254906 0.367466 0.0242587 0.0339649 0.355305
0 0.642894 0.478908 0.0257298 0.0434614 0.353794
0 0.985763 0.0523071 0.0208462 0.038642 0.351742
0 0.491272 0.853778 0.0160615 0.0340988 0.351178
0 0.215817 0.318025 0.0275325 0.0503138 0.349035
0 0.00239671 0.196466 0.00479342 0.0380368 0.348711
0 0.6824 0.89603 0.0148075 0.026513 0.34796
0 0.708629 0.548255 0.0191048 0.0350759 0.347814
0 0.00427355 0.124987 0.00850468 0.0373717 0.346766
0 0.222087 0.0126966 0.0262231 0.0246732 0.345612
0 0.69871 0.890363 0.0116203 0.024372 0.345397
0 0.569085 0.351468 0.0276641 0.0510145 0.343889
0 0.694553 0.856874 0.0169121 0.0312773 0.342917
0 0.653531 0.266464 0.0231767 0.0427066 0.342908
0 0.884408 0.809984 0.0274623 0.0495258 0.34165
0 0.948172 0.550892 0.0234909 0.0385665 0.341121
0 0.0942632 0.422487 0.0187936 0.030781 0.339584
0 0.0215466 0.270048 0.0218436 0.0346567 0.338545
0 0.160052 0.977796 0.0166171 0.0341224 0.337755
0 0.0746478 0.242101 0.0237241 0.0405529 0.336762
0 0.672557 0.628434 0.0223098 0.0509083 0.336467
0 0.796002 0.929179 0.0165557 0.0297482 0.335856
0 0.870154 0.254706 0.0186404 0.0378872 0.33369
0 0.975949 0.642577 0.0124769 0.0242444 0.33356
0 0.444656 0.594905 0.0216835 0.0374442 0.331717
0 0.597716 0.207659 0.0123482 0.0289413 0.331484
0 0.544757 0.697418 0.0113188 0.0219607 0.329836
0 0.19907 0.868711 0.0223826 0.0362634 0.329306
0 0.545801 0.0276541 0.0137283 0.0247395 0.325536
0 0.0649587 0.910581 0.029351 0.0524957 0.324693
0 0.150758 0.113431 0.0198383 0.0358646 0.324395
0 0.840884 0.986211 0.0172245 0.0258346 0.323238
0 0.525018 0.607782 0.0160284 0.0270264 0.322367
0 0.0104818 0.234605 0.0173665 0.0311031 0.321658
0 0.516261 0.410676 0.0140707 0.0208733 0.321318
0 0.0994934 0.0318496 0.01638 0.0278489 0.321085
0 0.0151905 0.697214 0.0228442 0.0476308 0.320615
0 0.631026 0.36482 0.0137978 0.0296978 0.320064
0 0.36015 0.139485 0.0119871 0.0277223 0.319962
0 0.00488295 0.630136 0.00976591 0.0520048 0.319904
0 0.0325557 0.530992 0.0198873 0.0373277 0.319828
0 0.689815 0.701116 0.0209176 0.0380257 0.317826
0 0.211075 0.138136 0.0254873 0.0455433 0.316381
0 0.43744 0.169487 0.0172922 0.0303803 0.316242
0 0.724269 0.683565 0.0165259 0.0277525 0.315553
0 0.808134 0.838444 0.0176891 0.0274092 0.314072
0 0.257674 0.0280721 0.0237522 0.0315457 0.313567
0 0.359274 0.569536 0.0199499 0.0343813 0.312428
0 0.562943 0.0426705 0.0166921 0.0254201 0.311756
0 0.938362 0.917543 0.0216096 0.0337214 0.311538
0 0.339042 0.329843 0.0133225 0.0292826 0.310409
0 0.495352 0.0494189 0.0197213 0.0330645 0.310148
0 0.523658 0.44189 0.0164435 0.0283652 0.307709
0 0.738154 0.812219 0.0196487 0.0341356 0.306027
0 0.72223 0.0947031 0.0225554 0.0333064 0.306
0 0.0434773 0.546627 0.0146561 0.0318137 0.305442
0 0.199405 0.252574 0.015717 0.0339874 0.301935
0 0.0674401 0.029358 0.0190948 0.0333759 0.301149
0 0.629244 0.785514 0.0153397 0.0244744 0.300694
0 0.368553 0.278332 0.0110641 0.0283288 0.300621
0 0.70773 0.972033 0.0108424 0.0224545 0.299954
0 0.425874 0.549973 0.0202521 0.0421531 0.299788
0 0.701709 0.802663 0.0145062 0.0291185 0.29848
0 0.585745 0.293275 0.0118605 0.0481377 0.296664
0 0.634132 0.671278 0.0163778 0.0274255 0.29614
0 0.0922719 0.854126 0.0193187 0.0363081 0.2959
0 0.0196358 0.881104 0.0129536 0.0235511 0.29571
0 0.774716 0.127225 0.0204912 0.0303678 0.295375
0 0.211362 0.370018 0.0184251 0.0323402 0.294976
0 0.531847 0.321193 0.0129466 0.0272694 0.294941
0 0.397142 0.418249 0.0158534 0.0180603 0.293797
0 0.139765 0.839481 0.0111983 0.0268855 0.2925
0 0.303304 0.70644 0.0136259 0.0315609 0.292466
0 0.744931 0.913464 0.0170896 0.0287601 0.292081
0 0.0412355 0.0427967 0.0213969 0.0444437 0.289578
0 0.188239 0.680285 0.017978 0.0359381 0.288287
0 0.644769 0.485791 0.0252432 0.0463272 0.288088
0 0.509678 0.0162775 0.013764 0.0217406 0.287897
0 0.0390582 0.220862 0.0220189 0.0360867 0.287456
0 0.291261 0.651999 0.0176415 0.0342067 0.286969
0 0.261332 0.432215 0.0185667 0.0448581 0.286147
0 0.695097 0.799267 0.0172231 0.0288764 0.282671
0 0.532014 0.3777 0.0345711 0.054157 0.281586
0 0.364132 0.0178423 0.021194 0.0314922 0.281309
0 0.904811 0.486012 0.0208939 0.0315794 0.281142
0 0.652562 0.209129 0.0152788 0.029281 0.280173
0 0.613499 0.685455 0.0160595 0.0328022 0.27964
0 0.0689295 0.771675 0.0239316 0.0348246 0.278447
0 0.422814 0.0806352 0.0147573 0.0333821 0.277883
0 0.161788 0.0538441 0.0238755 0.0393732 0.277686
0 0.00810692 0.319826 0.015848 0.0269003 0.276872
0 0.101949 0.508865 0.0169541 0.0375102 0.276706
0 0.421777 0.448415 0.0230017 0.035343 0.276229
0 0.110178 0.2434 0.0100731 0.0287019 0.275262
0 0.597401 0.255357 0.0186842 0.0294044 0.274563
0 0.184631 0.402293 0.0180991 0.0360463 0.273349
0 0.837623 0.951135 0.0187801 0.0298455 0.272855
0 0.282844 0.514905 0.0137702 0.0236567 0.272492
0 0.28134 0.27241 0.0188422 0.0426341 0.272073
0 0.669318 0.0673289 0.0111029 0.0248415 0.271463
0 0.149784 0.895469 0.0203366 0.0354831 0.270875
0 0.347144 0.106987 0.0170043 0.0316372 0.270044
0 0.489277 0.715089 0.0163597 0.0290056 0.268479
0 0.562612 0.743799 0.0166845 0.0336781 0.268254
0 0.392758 0.564587 0.0085783 0.0312642 0.267564
0 0.62881 0.0103455 0.021518 0.0189369 0.267219
0 0.649222 0.500108 0.0190758 0.0392388 0.266423
0 0.701148 0.137441 0.02461 0.0439346 0.266325
0 0.555439 0.565076 0.0146366 0.0267805 0.266108
0 0.658636 0.452381 0.0188918 0.0285043 0.265718
0 0.667573 0.0689443 0.010177 0.0275208 0.264263
0 0.881905 0.817201 0.0225285 0.0382338 0.26413
0 0.878835 0.940677 0.0174637 0.0276143 0.264086
0 0.0213569 0.371469 0.0154028 0.0277313 0.263534
0 0.087819 0.477561 0.0182054 0.0315653 0.262159
0 0.0224838 0.276388 0.0230361 0.0352593 0.261514
0 0.923754 0.681356 0.0265556 0.0426364 0.261295
0 0.364319 0.315608 0.0105122 0.0287281 0.260475
0 0.463983 0.153669 0.0232714 0.038703 0.259915
0 0.526726 0.679479 0.015514 0.0228478 0.259583
0 0.0872456 0.631324 0.0202306 0.0396893 0.257446
0 0.117504 0.961246 0.0180038 0.0352037 0.257339
0 0.176524 0.00934931 0.0223185 0.0183395 0.256772
0 0.7928 0.630181 0.0187702 0.0290839 0.256646
0 0.324086 0.902464 0.0181111 0.03399 0.256093
0 0.0615999 0.0815453 0.0250592 0.0505407 0.255738
0 0.0781127 0.497699 0.014268 0.0237573 0.255344
0 0.491164 0.906576 0.0167007 0.0340983 0.254386
0 0.653986 0.682295 0.0217923 0.0345197 0.254345
0 0.52924 0.295789 0.0115815 0.021046 0.254247
0 0.439357 0.419133 0.0203489 0.0322098 0.253803
0 0.468712 0.0168915 0.0164137 0.0286083 0.253537
0 0.698473 0.801753 0.0193226 0.0301439 0.253474
0 0.309956 0.0497012 0.0172921 0.0306364 0.253224
0 0.505903 0.785367 0.0147014 0.0288468 0.253169
0 0.211356 0.916205 0.0169621 0.0299537 0.252878
0 0.271384 0.729373 0.0144361 0.0272254 0.25006
0 0.72166 0.867167 0.0209944 0.0253007 0.249812
0 0.325239 0.788991 0.0144509 0.0259304 0.248147
0 0.531757 0.0266138 0.0145491 0.0242836 0.247821
0 0.700576 0.0829376 0.0136017 0.0345973 0.247598
0 0.103948 0.60678 0.0159443 0.030345 0.244928
0 0.721676 0.863163 0.0196737 0.0252487 0.244482
0 0.624499 0.226815 0.0274437 0.0378475 0.244195
0 0.0648139 0.195869 0.0208755 0.0390795 0.243608
0 0.0481242 0.393301 0.0135333 0.0347843 0.243561
0 0.130705 0.141882 0.0152434 0.0303551 0.243409
0 0.53621 0.400519 0.0155111 0.0249067 0.243171
0 0.0745774 0.97812 0.0183795 0.0292338 0.242931
0 0.570148 0.10046 0.0160491 0.0260105 0.242346
0 0.584759 0.302778 0.0117579 0.0394296 0.242309
0 0.9528 0.939677 0.0152821 0.0235176 0.241965
0 0.0658009 0.71128 0.0133802 0.0306155 0.241702
0 0.8769 0.673964 0.014608 0.0232893 0.241622
0 0.363743 0.484047 0.0136403 0.0231886 0.241156
0 0.768714 0.262286 0.019256 0.0323495 0.24109
0 0.344213 0.0700973 0.0295248 0.0419401 0.241029
0 0.549032 0.203369 0.015796 0.0236197 0.240698
0 0.527497 0.375941 0.0240532 0.0504418 0.240586
0 0.246155 0.971278 0.0131743 0.0235835 0.236644
0 0.382688 0.0408118 0.0159813 0.0295514 0.23627
0 0.444307 0.588018 0.0234852 0.0500059 0.236192
0 0.340161 0.219797 0.0142792 0.0290586 0.235931
0 0.575487 0.576071 0.0123712 0.0275781 0.235838
0 0.38175 0.26672 0.016236 0.0260082 0.235329
0 0.0653813 0.609539 0.023015 0.0407257 0.235185
0 0.38085 0.916821 0.0169561 0.0293854 0.233851
0 0.349055 0.955849 0.0138856 0.0251235 0.233832
0 0.720912 0.0600584 0.0232925 0.0351526 0.233305
0 0.226315 0.873681 0.0186195 0.0271196 0.23321
0 0.995588 0.454276 0.00882505 0.0216871 0.232636
0 0.1422 0.474444 0.0127517 0.0278251 0.232297
0 0.0859732 0.546908 0.0113312 0.0198787 0.231715
0 0.963929 0.340798 0.0184723 0.030302 0.231212
0 0.116925 0.0121264 0.011904 0.0227074 0.230638
0 0.507849 0.269296 0.0206645 0.0374286 0.229698
0 0.423039 0.912417 0.0140764 0.0174711 0.229461
0 0.359322 0.228927 0.0173878 0.0269135 0.229229
0 0.663623 0.540728 0.017513 0.0295125 0.229133
0 0.655478 0.689558 0.0260433 0.0482018 0.228749
0 0.378269 0.0815998 0.0171295 0.0317316 0.226781
0 0.341062 0.839145 0.0203974 0.0395752 0.226701
0 0.563864 0.540117 0.0134182 0.0262597 0.22653
0 0.415831 0.798071 0.0111767 0.0269958 0.224834
0 0.481871 0.131348 0.0111901 0.0323753 0.224791
0 0.313744 0.635448 0.0175725 0.0328732 0.224251
0 0.0564059 0.699047 0.0147476 0.0272161 0.223316
0 0.00652367 0.742832 0.0128418 0.0311044 0.223048
0 0.371892 0.740744 0.0129477 0.0260064 0.222124
0 0.731449 0.18507 0.0139204 0.0276681 0.220139
0 0.77126 0.543145 0.0269957 0.0421704 0.219978
0 0.63904 0.520547 0.0124524 0.0282343 0.219784
0 0.560608 0.0846396 0.0164484 0.0282764 0.2193
0 0.720505 0.414712 0.0116807 0.0318434 0.219144
0 0.476013 0.684459 0.0183962 0.0308341 0.218274
0 0.710996 0.484295 0.0145288 0.0273771 0.217995
0 0.173722 0.486285 0.0149429 0.0316032 0.217507
0 0.0387532 0.541417 0.0208135 0.0373423 0.217368
0 0.197378 0.181949 0.0237488 0.0471526 0.217269
0 0.909193 0.486001 0.0264887 0.0305635 0.215911
0 0.12961 0.829141 0.0187653 0.0366587 0.215564
0 0.614944 0.0849717 0.0238676 0.0267762 0.215544
0 0.4025 0.90117 0.0103651 0.0240543 0.213916
0 0.798354 0.228838 0.0147971 0.024607 0.213713
0 0.26 0.0933065 0.0173398 0.0286074 0.213347
0 0.164689 0.824048 0.0109483 0.0350026 0.21328
0 0.961292 0.900556 0.0193226 0.0392866 0.212698
0 0.564072 0.738183 0.0141249 0.0361637 0.212474
0 0.923811 0.950301 0.0163918 0.0330622 0.212007
0 0.0955209 0.816721 0.0189895 0.0327795 0.211595
0 0.736649 0.955973 0.0128708 0.0182095 0.210334
0 0.369842 0.674644 0.0179714 0.0301709 0.209498
0 0.967699 0.0327128 0.0147354 0.0294221 0.208664
0 0.624858 0.620921 0.0224127 0.0313726 0.20742
0 0.516641 0.819691 0.0145145 0.0265221 0.207318
0 0.655476 0.705136 0.0277711 0.0402234 0.207297
0 0.378838 0.486678 0.00849104 0.0259761 0.206875
0 0.660577 0.44928 0.0209983 0.031622 0.206514
0 0.595566 0.487784 0.0101536 0.0276245 0.205446
0 0.283116 0.20767 0.0181897 0.0274296 0.2054
0 0.833407 0.387879 0.017112 0.0272725 0.204807
0 0.154133 0.900314 0.012373 0.0290058 0.204332
0 0.111877 0.767809 0.0133281 0.0316603 0.203824
0 0.686604 0.934407 0.0130852 0.0192573 0.20368
0 0.769001 0.941168 0.017481 0.025055 0.203359
0 0.617602 0.491682 0.0193951 0.0440285 0.202747
0 0.279269 0.170452 0.0160007 0.0304243 0.202701
0 0.718322 0.413643 0.0128864 0.0318406 0.202232
0 0.259074 0.367351 0.0198458 0.0335066 0.201533
0 0.256763 0.591013 0.0137946 0.0384368 0.201312
0 0.0963315 0.425308 0.0195769 0.03065 0.200795
0 0.939459 0.0554479 0.0195808 0.0438102 0.199966
0 0.114201 0.0959315 0.0129158 0.0303984 0.199447
0 0.488617 0.855194 0.0159365 0.0377814 0.19886
0 0.316958 0.69929 0.0199664 0.0358171 0.198778
0 0.162846 0.555942 0.0119453 0.0281389 0.197957
0 0.0633511 0.201037 0.022282 0.0489619 0.197269
0 0.892036 0.619347 0.0140202 0.023349 0.196941
0 0.462648 0.972133 0.0188492 0.0275151 0.196219
0 0.215915 0.779972 0.0179928 0.0335151 0.195719
0 0.0404438 0.0940519 0.0177242 0.0317988 0.195507
0 0.586798 0.621683 0.0174899 0.0319287 0.194864
0 0.65512 0.455873 0.0155109 0.0242449 0.194762
0 0.127064 0.347995 0.0184518 0.031741 0.194218
0 0.745483 0.569336 0.0161804 0.0300028 0.194035
0 0.693952 0.851834 0.0182139 0.0338843 0.19378
0 0.265838 0.130588 0.0238199 0.0328747 0.193376
0 0.433503 0.130555 0.0237229 0.0377049 0.192434
0 0.619971 0.925483 0.017811 0.0328111 0.19242
0 0.887349 0.970916 0.020929 0.0309681 0.192295
0 0.704713 0.409672 0.0196114 0.0279166 0.192268
0 0.461601 0.100295 0.0191706 0.0304294 0.191534
0 0.686003 0.0318968 0.0221397 0.0357238 0.189591
0 0.561035 0.537744 0.0174932 0.0237252 0.189462
0 0.739599 0.852152 0.0133603 0.024902 0.187604
0 0.843667 0.488984 0.0201897 0.0354432 0.187246
0 0.570269 0.894292 0.0116449 0.020065 0.187176
0 0.004206 0.919874 0.0083828 0.0274238 0.187034
0 0.240149 0.117075 0.0212296 0.0437866 0.186974
0 0.319124 0.0906855 0.0114929 0.0300061 0.186605
0 0.0279086 0.733339 0.0203034 0.0292331 0.185204
0 0.1669 0.872398 0.0182034 0.0325411 0.184814
0 0.995433 0.393034 0.00913315 0.0269736 0.184307
0 0.262131 0.283852 0.0169745 0.0350208 0.183323
0 0.383483 0.263486 0.0159552 0.0242716 0.183262
0 0.924862 0.0210986 0.0254775 0.0392661 0.182653
0 0.583881 0.547531 0.0157524 0.0223416 0.182093
0 0.745967 0.670006 0.0137455 0.0284315 0.181941
0 0.0334446 0.971898 0.0145812 0.0217688 0.181797
0 0.118886 0.507145 0.017129 0.0353325 0.18104
0 0.591101 0.626877 0.0162277 0.0310985 0.180961
0 0.480631 0.127583 0.0109245 0.0253614 0.180841
0 0.30962 0.813071 0.0112581 0.0229036 0.18075
0 0.62016 0.504112 0.0152571 0.0261853 0.180138
0 0.835029 0.898721 0.0179127 0.0318873 0.17946
0 0.787122 0.746952 0.0166258 0.0211806 0.179395
0 0.209284 0.372997 0.0195083 0.0313373 0.179336
0 0.569803 0.265844 0.019919 0.0309859 0.178585
0 0.0113637 0.475175 0.013772 0.0286885 0.178015
0 0.594929 0.169583 0.0134628 0.0201114 0.17799
0 0.630345 0.788003 0.0181602 0.0237278 0.177475
0 0.994535 0.483981 0.0109309 0.0332014 0.176107
0 0.647942 0.361271 0.0186874 0.0350584 0.175771
0 0.630769 0.225941 0.0158424 0.0379349 0.175517
0 0.396301 0.666747 0.0150138 0.0251243 0.175245
0 0.049484 0.982583 0.0160681 0.0307285 0.174896
0 0.637712 0.662005 0.0187603 0.0247619 0.174554
0 0.050373 0.33888 0.0314014 0.0589865 0.173841
0 0.683604 0.926359 0.016173 0.0291178 0.173634
0 0.381178 0.118668 0.0194688 0.0226641 0.173478
0 0.935295 0.965026 0.0119549 0.0232359 0.172517
0 0.827175 0.24608 0.0185936 0.0299111 0.172514
0 0.495405 0.241651 0.0148419 0.0185315 0.171077
0 0.462155 0.978641 0.0183952 0.0307511 0.170991
0 0.565161 0.215468 0.0176792 0.0329909 0.169949
0 0.185723 0.123721 0.0166699 0.0331721 0.169757
0 0.461438 0.421208 0.0152679 0.0323826 0.169728
0 0.331077 0.020252 0.016256 0.0303282 0.169664
0 0.0863654 0.469107 0.0185303 0.034171 0.169571
0 0.308035 0.493706 0.0184878 0.0347531 0.169111
0 0.100511 0.990519 0.013421 0.017698 0.169032
0 0.618225 0.822002 0.0103542 0.0273721 0.168782
0 0.650756 0.366109 0.0151684 0.0318161 0.16849
0 0.440202 0.987816 0.0149879 0.0231903 0.167923
0 0.455641 0.899501 0.0209902 0.0453615 0.166992
0 0.112137 0.805652 0.0103963 0.0284363 0.166899
0 0.671085 0.633656 0.0199102 0.042997 0.166461
0 0.00834055 0.302464 0.0165764 0.0541612 0.16592
0 0.555564 0.866663 0.0255849 0.0373324 0.165734
0 0.532746 0.562273 0.0177402 0.0308658 0.165675
0 0.134002 0.782811 0.0206299 0.030484 0.164439
0 0.408415 0.98235 0.0188991 0.0340841 0.164258
0 0.00758215 0.308585 0.0148035 0.0428669 0.164232
0 0.844952 0.513007 0.0184052 0.026359 0.163172
0 0.533115 0.741358 0.0103359 0.0305325 0.162594
0 0.245955 0.690684 0.0165686 0.0334023 0.161871
0 0.720007 0.24778 0.0162652 0.0312741 0.161821
0 0.042299 0.352216 0.0167153 0.0369822 0.161375
0 0.0604051 0.205378 0.0237773 0.0481605 0.161087
0 0.883247 0.961391 0.0251049 0.0549062 0.16094
0 0.0650494 0.0665748 0.0218831 0.0297741 0.160506
0 0.644191 0.653165 0.0152572 0.0256087 0.160445
0 0.226471 0.487514 0.0212373 0.0406915 0.160315
0 0.46719 0.229794 0.0174265 0.0291715 0.160252
0 0.115075 0.104196 0.0126589 0.0261831 0.159162
0 0.0462516 0.60778 0.0183872 0.0371999 0.158875
0 0.346644 0.886764 0.0145911 0.0217016 0.158798
0 0.0817875 0.825876 0.0114015 0.0234083 0.158567
0 0.0434435 0.601624 0.0202849 0.0397975 0.1584
0 0.279022 0.273598 0.0226365 0.0502254 0.157075
0 0.399497 0.39645 0.0265192 0.0461032 0.156834
0 0.961176 0.898042 0.0165276 0.0315988 0.156252
0 0.658353 0.588289 0.0150978 0.0225456 0.155885
0 0.0459339 0.432412 0.0093675 0.0308216 0.154975
0 0.195472 0.86893 0.0214169 0.0347029 0.153962
0 0.53595 0.396993 0.0173766 0.0287186 0.153944
0 0.437107 0.421707 0.0188957 0.0285366 0.152889
0 0.952444 0.975825 0.0144253 0.0391157 0.152573
0 0.612131 0.297225 0.0202059 0.0279696 0.151911
0 0.79946 0.501868 0.0162289 0.0247144 0.151711
0 0.314253 0.577578 0.0141891 0.032657 0.151636
0 0.00754245 0.936621 0.0137747 0.0243933 0.151618
0 0.285186 0.689783 0.0148552 0.0325704 0.151522
0 0.876737 0.653417 0.0139324 0.0227217 0.151469
0 0.442062 0.248352 0.0165357 0.0394239 0.151195
0 0.352852 0.423306 0.00761534 0.0237089 0.151093
0 0.38078 0.848044 0.0123874 0.0265895 0.150794
0 0.806398 0.528821 0.0159924 0.0305456 0.150322
0 0.575734 0.177898 0.014912 0.0300649 0.149744
0 0.514856 0.0529563 0.0141525 0.0299207 0.1494
0 0.0914477 0.581904 0.0181808 0.0349008 0.14918
0 0.129138 0.176589 0.0121322 0.0250086 0.14906
0 0.2855 0.840099 0.0260334 0.035002 0.148992
0 0.851908 0.83822 0.0136269 0.0375015 0.148501
0 0.0998458 0.29545 0.0180184 0.0349945 0.148356
0 0.24995 0.736697 0.0135346 0.0254205 0.148263
0 0.678822 0.384152 0.022419 0.0371289 0.147913
0 0.495165 0.749427 0.0206781 0.0262414 0.147479
0 0.983752 0.047496 0.0182924 0.0334781 0.147422
0 0.630427 0.36152 0.0145018 0.0395286 0.147404
0 0.577821 0.76623 0.00967712 0.0250434 0.147252
0 0.395826 0.421957 0.0132322 0.0193592 0.146955
0 0.293821 0.744245 0.01147 0.0293338 0.146903
0 0.0923895 0.419518 0.0174984 0.0323115 0.146687
0 0.835095 0.903372 0.0158472 0.0259372 0.146345
0 0.442643 0.415841 0.0181297 0.0349319 0.145794
0 0.769217 0.609253 0.0175854 0.0324888 0.144511
0 0.790603 0.632258 0.0184955 0.029205 0.144339
0 0.468154 0.729616 0.0178246 0.0304993 0.144144
0 0.0647418 0.281386 0.0135446 0.0410617 0.143373
0 0.993537 0.393445 0.0129261 0.0269124 0.143214
0 0.0411051 0.488209 0.0173638 0.0255603 0.143115
0 0.624044 0.97112 0.0196261 0.0329319 0.142719
0 0.141142 0.841274 0.00997105 0.0244722 0.14251
0 0.444141 0.494499 0.0125986 0.0323903 0.141934
0 0.569683 0.128458 0.00913696 0.0239331 0.141763
0 0.0137396 0.684546 0.0203478 0.0352025 0.141434
0 0.263945 0.932592 0.0155572 0.0297624 0.141104
0 0.286786 0.67457 0.0160768 0.0210801 0.140708
0 0.540774 0.518248 0.015581 0.0291199 0.140453
0 0.324458 0.913068 0.01898 0.0505676 0.14042
0 0.984043 0.874659 0.0172527 0.0286767 0.140397
0 0.992471 0.358566 0.0150591 0.0361806 0.139805
0 0.329811 0.918698 0.0109591 0.0449167 0.139659
0 0.119428 0.296867 0.0186125 0.0316188 0.139639
0 0.495186 0.950347 0.0190289 0.043241 0.139615
0 0.675283 0.619404 0.0206568 0.0495052 0.139523
0 0.32558 0.9187 0.0162646 0.0445984 0.139094
0 0.814422 0.762094 0.0182804 0.0312776 0.138794
0 0.735156 0.954347 0.0132626 0.0181922 0.138545
0 0.578332 0.830256 0.0194447 0.0296383 0.138309
0 0.600187 0.749768 0.0120337 0.0176214 0.137775
0 0.552373 0.405655 0.0116748 0.0218065 0.137571
0 0.705314 0.972946 0.0117813 0.0288188 0.137513
0 0.588575 0.889386 0.0149675 0.0246819 0.137388
0 0.525358 0.376561 0.0214968 0.0421921 0.137323
0 0.515978 0.334755 0.0135252 0.0187056 0.137174
0 0.465899 0.0190502 0.0138903 0.0268552 0.137039
0 0.609845 0.0284417 0.0105474 0.0274428 0.136995
0 0.631639 0.0695516 0.0177018 0.0248308 0.136911
0 0.546918 0.321978 0.0124372 0.027153 0.136587
0 0.549561 0.208964 0.0156133 0.0313228 0.136223
0 0.357853 0.861392 0.0149727 0.0254679 0.136099
0 0.172264 0.708126 0.0205823 0.0353533 0.135831
0 0.856177 0.941897 0.0147495 0.0262895 0.135769
0 0.994018 0.455229 0.0118767 0.0211613 0.135505
0 0.236784 0.114258 0.0280899 0.0477824 0.135475
0 0.303204 0.987365 0.0184678 0.0242245 0.135459
0 0.703275 0.927031 0.00725422 0.0269982 0.135404
0 0.688962 0.946601 0.014305 0.0224987 0.135283
0 0.721 0.680922 0.0183109 0.0277692 0.135176
0 0.285976 0.68483 0.0157619 0.0292181 0.134841
0 0.564845 0.734057 0.0196119 0.0306576 0.134659
0 0.539879 0.0634963 0.0127478 0.0257718 0.134559
0 0.119042 0.0121568 0.013402 0.0233399 0.133814
0 0.926711 0.682707 0.0214024 0.0375861 0.133533
0 0.851194 0.895359 0.0168743 0.033689 0.133465
0 0.692457 0.959383 0.0141891 0.0235104 0.133415
0 0.306448 0.705465 0.0186588 0.0334639 0.132858
0 0.433015 0.714329 0.00858453 0.0361311 0.131843
0 0.0629872 0.0706061 0.0231351 0.0344626 0.131731
0 0.536517 0.871993 0.00886396 0.0256182 0.130842
0 0.380789 0.486408 0.00893237 0.0216055 0.130733
0 0.485312 0.656677 0.0212183 0.0369771 0.130639
0 0.793451 0.271447 0.0148867 0.0275842 0.130557
0 0.762011 0.533373 0.0170918 0.0316926 0.130557
0 0.0463192 0.342308 0.0302274 0.0557681 0.130244
0 0.351295 0.170939 0.011545 0.0154633 0.130071
0 0.00970617 0.309111 0.018531 0.048005 0.129819
0 0.162201 0.431726 0.025695 0.0386804 0.128951
0 0.096343 0.7083 0.0301495 0.0420376 0.128797
0 0.00551102 0.929169 0.0109295 0.0215997 0.128544
0 0.300293 0.137557 0.0126257 0.0277924 0.127732
0 0.814427 0.891551 0.0165146 0.0274648 0.127438
0 0.271447 0.157291 0.0254727 0.0271623 0.12704
0 0.517518 0.327818 0.0107752 0.0244217 0.127034
0 0.520062 0.324997 0.00944004 0.0268027 0.127031
0 0.110244 0.774311 0.0141674 0.0263875 0.126401
0 0.0333298 0.851323 0.0110067 0.0264625 0.126344
0 0.0890793 0.415123 0.0154039 0.0296951 0.126081
0 0.3315 0.383583 0.0187374 0.0337338 0.12589
0 0.743329 0.566596 0.0156504 0.0310611 0.125264
0 0.740753 0.816277 0.0194069 0.0310021 0.124994
0 0.137053 0.780903 0.0198593 0.0322879 0.124912
0 0.0738076 0.241357 0.0197069 0.0339797 0.124708
0 0.939449 0.881443 0.0168671 0.0283932 0.1245
0 0.913101 0.677677 0.0176369 0.0373269 0.12448
0 0.465223 0.729174 0.0182817 0.0320792 0.124477
0 0.38275 0.879335 0.020025 0.0312598 0.123953
0 0.310742 0.703373 0.0247779 0.0367299 0.123933
0 0.31769 0.0934757 0.0111767 0.033847 0.123788
0 0.00414217 0.913372 0.00827908 0.0408223 0.123469
0 0.615337 0.269148 0.0191652 0.0272569 0.123324
0 0.544848 0.323808 0.0106487 0.0287647 0.122814
0 0.264033 0.430626 0.0130222 0.0400794 0.122546
0 0.107603 0.369963 0.0133426 0.0244848 0.121909
0 0.0158586 0.763067 0.0234947 0.0405229 0.12164
0 0.926333 0.954437 0.0165071 0.0323076 0.121613
0 0.128237 0.242157 0.0171387 0.0320414 0.121434
0 0.249438 0.589167 0.0261169 0.038432 0.121286
0 0.700523 0.992928 0.0188029 0.0132326 0.121015
0 0.465746 0.957427 0.0218906 0.0369823 0.120875
0 0.313194 0.419125 0.0123427 0.0237027 0.120058
0 0.179733 0.866256 0.00947143 0.0343943 0.120039
0 0.160705 0.555766 0.0132002 0.0255012 0.119841
0 0.542928 0.698841 0.0128395 0.0221473 0.119622
0 0.264459 0.283033 0.0123567 0.0342748 0.119338
0 0.528161 0.48747 0.0130848 0.0159974 0.119318
0 0.962566 0.786863 0.0133392 0.0267487 0.11899
0 0.468653 0.771658 0.0217573 0.0364372 0.118794
0 0.612699 0.0923441 0.0198374 0.0235201 0.118362
0 0.596822 0.924654 0.0153952 0.037384 0.118242
0 0.139434 0.441911 0.0154417 0.0326777 0.117939
0 0.375808 0.644135 0.0153499 0.0287072 0.117686
0 0.0355294 0.534234 0.0233107 0.0415665 0.117074
0 0.463906 0.963788 0.0207485 0.036713 0.117011
0 0.917431 0.677664 0.0260478 0.0371301 0.116916
0 0.143412 0.509353 0.020716 0.0346965 0.116795
0 0.913861 0.483352 0.0181294 0.0361465 0.116658
0 0.381665 0.0808873 0.0136465 0.0355396 0.116586
0 0.973988 0.571266 0.0213623 0.0421051 0.116114
0 0.365804 0.454233 0.0155141 0.0179886 0.116062
0 0.646807 0.99329 0.0170263 0.0123277 0.11594
0 0.937394 0.96653 0.011252 0.0247928 0.115915
0 0.99361 0.232929 0.0127805 0.0328394 0.115797
0 0.0551455 0.701003 0.0148041 0.021731 0.115298
0 0.626694 0.712449 0.0172258 0.020792 0.115292
0 0.255553 0.897804 0.0178359 0.0292589 0.11511
0 0.050869 0.611291 0.0155019 0.0369656 0.115089
0 0.766446 0.917995 0.0195877 0.0317776 0.114845
0 0.423745 0.781551 0.0146244 0.0206662 0.114561
0 0.0243931 0.484543 0.0131835 0.0246243 0.114422
0 0.249415 0.365109 0.0261292 0.0372512 0.114199
0 0.630139 0.784299 0.0182327 0.0194166 0.114162
0 0.0915327 0.00783468 0.0170501 0.0150228 0.113501
0 0.706519 0.977876 0.00915928 0.029819 0.113404
0 0.877769 0.502268 0.02267 0.0351724 0.113051
0 0.389721 0.879763 0.0144255 0.0315479 0.112623
0 0.218918 0.638875 0.0187933 0.0242328 0.112553
0 0.365436 0.45784 0.0143601 0.0190799 0.112457
0 0.744993 0.667314 0.0163975 0.0366438 0.112357
0 0.939731 0.613198 0.0138077 0.0192194 0.111916
0 0.285517 0.47243 0.0194204 0.0237735 0.111763
0 0.0582927 0.916379 0.0191595 0.0467941 0.111477
0 0.398952 0.666024 0.0121271 0.0241686 0.111184
0 0.141521 0.174216 0.0102982 0.0240946 0.110765
0 0.0633788 0.465997 0.0182597 0.0407613 0.110507
0 0.265902 0.0639197 0.0123111 0.0260444 0.110445
0 0.0440619 0.145391 0.0173245 0.0324311 0.110433
0 0.021403 0.283672 0.0247182 0.0365328 0.11036
0 0.744608 0.445453 0.0226474 0.0509693 0.109735
0 0.787804 0.718602 0.0154837 0.0246953 0.109331
0 0.588884 0.885009 0.0144473 0.0262926 0.10918
0 0.359331 0.199535 0.0217196 0.0319955 0.10887
0 0.516139 0.197172 0.0146366 0.0297462 0.108809
0 0.728581 0.642705 0.0154676 0.029618 0.10874
0 0.815252 0.912457 0.0185734 0.0418803 0.108548
0 0.544809 0.599593 0.00869764 0.030995 0.108452
0 0.14109 0.177051 0.012195 0.0217001 0.108276
0 0.0752489 0.982744 0.0169255 0.0277621 0.10802
0 0.0376501 0.0550727 0.0254062 0.042816 0.107748
0 0.646515 0.495304 0.0248808 0.0473599 0.10772
0 0.786935 0.722444 0.0149117 0.0238959 0.107412
0 0.232754 0.295789 0.0163874 0.0287855 0.107284
0 0.691651 0.128183 0.0136205 0.0306316 0.107277
0 0.290418 0.655677 0.0134841 0.0328935 0.107116
0 0.00425034 0.520998 0.0079704 0.0363419 0.106943
0 0.00659227 0.297911 0.0128003 0.0482273 0.106599
0 0.287027 0.403153 0.0233635 0.046011 0.106434
0 0.324312 0.898217 0.0164339 0.0252903 0.105817
0 0.637028 0.521734 0.0136389 0.0274984 0.105429
0 0.483812 0.419189 0.0178467 0.0262457 0.105317
0 0.265148 0.436421 0.0110032 0.0397876 0.10508
0 0.341071 0.467389 0.011775 0.0277503 0.104986
0 0.582335 0.526626 0.0190962 0.0301812 0.104874
0 0.0222883 0.484191 0.0130047 0.0277879 0.104833
0 0.622421 0.512573 0.0129927 0.0168176 0.104801
0 0.147581 0.112479 0.0187616 0.0332455 0.104432
0 0.114194 0.957183 0.0198488 0.0367211 0.104397
0 0.206205 0.833408 0.016004 0.02707 0.104183
0 0.316022 0.750324 0.0173506 0.0341987 0.104058
0 0.291907 0.810519 0.0169838 0.022947 0.103954
0 0.923149 0.608046 0.0150303 0.0229661 0.103808
0 0.400809 0.514416 0.0160831 0.0346108 0.103505
0 0.131671 0.384073 0.0136533 0.026709 0.103301
0 0.160455 0.309509 0.0157154 0.0273485 0.10299
0 0.706773 0.806688 0.00853628 0.0242374 0.102568
0 0.383918 0.144246 0.021313 0.0355266 0.102529
0 0.642144 0.127458 0.0150097 0.0234384 0.10244
0 0.360301 0.226104 0.0169282 0.0198374 0.102423
0 0.635671 0.674145 0.0163166 0.0271651 0.102362
0 0.442249 0.492126 0.0145641 0.0372684 0.102262
0 0.611112 0.331845 0.0226265 0.0331493 0.101701
0 0.268118 0.770443 0.0245328 0.0457977 0.101332
0 0.483343 0.0456695 0.00606314 0.0265838 0.101131
0 0.397691 0.776764 0.016075 0.0199378 0.100861
0 0.022964 0.0901703 0.0173084 0.0372902 0.100734
0 0.662226 0.580696 0.0179729 0.0230411 0.1007
0 0.339703 0.465349 0.0149777 0.0246333 0.10056
0 0.286306 0.407192 0.0300484 0.045326 0.100537
0 0.456931 0.700602 0.0183324 0.0240383 0.100324
0 0.181446 0.400117 0.0231956 0.0392297 0.10013
0 0.610327 0.686141 0.0201254 0.0354098 0.10002
