0 0.571343 0.838073 0.0236172 0.0466264 0.714259
0 0.217209 0.779742 0.0321302 0.0517805 0.705527
0 0.779869 0.178961 0.034425 0.053158 0.699953
0 0.275746 0.17844 0.021765 0.0395868 0.693354
0 0.222453 0.0260069 0.0246657 0.0400251 0.690007
0 0.504717 0.667731 0.0292545 0.0458963 0.687347
0 0.108624 0.631613 0.0206849 0.0308812 0.685586
0 0.28501 0.279541 0.0205778 0.0384702 0.678254
0 0.612994 0.258868 0.0209491 0.0327497 0.676183
0 0.29508 0.511248 0.0259263 0.039704 0.674182
0 0.177312 0.655684 0.020264 0.034788 0.672594
0 0.241529 0.713734 0.0264073 0.0454666 0.667596
0 0.456468 0.53307 0.0194469 0.0334396 0.666811
0 0.871097 0.727647 0.0235172 0.0448598 0.666003
0 0.30546 0.607836 0.0176803 0.0352151 0.662405
0 0.382737 0.858665 0.027744 0.0469606 0.660111
0 0.7073 0.248935 0.0184105 0.0342655 0.656138
0 0.828546 0.525481 0.028651 0.0463426 0.656043
0 0.559604 0.94887 0.0214509 0.035984 0.652912
0 0.0414954 0.472922 0.0245921 0.0370089 0.651954
0 0.504398 0.331205 0.0246346 0.0386729 0.649745
0 0.906222 0.439742 0.0239197 0.0491548 0.647175
0 0.17986 0.331118 0.0202909 0.0355587 0.646713
0 0.43942 0.590094 0.0176491 0.0330332 0.646069
0 0.158474 0.684064 0.0171999 0.0311536 0.643534
0 0.0870344 0.675567 0.0173392 0.0301189 0.640777
0 0.895318 0.375737 0.0245873 0.0366036 0.640591
0 0.413286 0.879353 0.0237268 0.0357015 0.638451
0 0.0424734 0.558882 0.0247004 0.0384901 0.637523
0 0.31137 0.664574 0.0194967 0.0373652 0.635474
0 0.351511 0.320139 0.0257605 0.0472219 0.635377
0 0.0652497 0.495741 0.0238409 0.0521652 0.635298
0 0.414169 0.92113 0.0230268 0.0291846 0.632565
0 0.167632 0.860134 0.0245185 0.0394602 0.632499
0 0.418322 0.366006 0.0182249 0.0394496 0.631847
0 0.364461 0.657582 0.0168668 0.0291731 0.631529
0 0.538822 0.101899 0.0268038 0.0495432 0.631365
0 0.280918 0.818487 0.018343 0.0324958 0.630415
0 0.515008 0.838278 0.0183521 0.0306698 0.629778
0 0.831917 0.573325 0.0252642 0.0432926 0.62822
0 0.322469 0.448361 0.0289945 0.0396903 0.628121
0 0.782183 0.711993 0.0250343 0.0392527 0.627334
0 0.26311 0.016293 0.0206013 0.0324204 0.625914
0 0.216691 0.224569 0.0144787 0.0302738 0.624445
0 0.121228 0.542385 0.0190757 0.0310048 0.623235
0 0.639094 0.448482 0.0220094 0.0409071 0.622746
0 0.152654 0.511048 0.0298742 0.0539151 0.621044
0 0.824647 0.937388 0.0251029 0.0415476 0.620398
0 0.0108538 0.416627 0.0170462 0.0289257 0.619869
0 0.751086 0.733922 0.0295494 0.0554589 0.619841
0 0.843431 0.110816 0.0191446 0.0380688 0.619516
0 0.107091 0.58638 0.0137574 0.0278239 0.619505
0 0.452681 0.0519615 0.0235079 0.0429678 0.618892
0 0.217217 0.0713669 0.017082 0.0343449 0.618537
0 0.0369481 0.0314177 0.0226961 0.0381139 0.618013
0 0.468629 0.797268 0.0197441 0.0332245 0.617611
0 0.150958 0.257929 0.01695 0.030035 0.61755
0 0.57844 0.197932 0.022592 0.0359951 0.617432
0 0.167644 0.946184 0.0210122 0.0313734 0.61642
0 0.607007 0.471339 0.0169271 0.0329207 0.615059
0 0.17938 0.739893 0.0207975 0.0336107 0.613363
0 0.0194386 0.579832 0.0173921 0.0298536 0.612857
0 0.492407 0.870925 0.0163891 0.0288806 0.612715
0 0.437108 0.512833 0.0175907 0.036755 0.612316
0 0.0897334 0.478406 0.0210467 0.0367197 0.612104
0 0.202114 0.0965973 0.0170465 0.0285302 0.611787
0 0.0573643 0.635362 0.0182772 0.0292246 0.610857
0 0.365753 0.190945 0.0196107 0.0363838 0.609569
0 0.153854 0.723703 0.0162013 0.0298808 0.608398
0 0.627128 0.113768 0.0222721 0.0334338 0.608043
0 0.0933159 0.546441 0.0206577 0.0301837 0.60661
0 0.152904 0.123301 0.017205 0.03142 0.605898
0 0.611354 0.327503 0.0232885 0.0385929 0.605846
0 0.742106 0.182924 0.0226221 0.0374103 0.605788
0 0.493631 0.59555 0.019352 0.0322323 0.603451
0 0.710104 0.69468 0.0311218 0.053302 0.602783
0 0.864568 0.938204 0.0167942 0.0285967 0.602669
0 0.482675 0.533173 0.0264496 0.0471525 0.602407
0 0.194646 0.857512 0.021758 0.0377327 0.600857
0 0.206843 0.638619 0.0180453 0.0286816 0.600549
0 0.590133 0.374179 0.0204483 0.0361173 0.598526
0 0.764724 0.102545 0.0213636 0.0308145 0.597559
0 0.292418 0.721194 0.0191669 0.030075 0.595446
0 0.306004 0.55553 0.0184313 0.0362379 0.593702
0 0.187892 0.0268665 0.0178754 0.0320758 0.59341
0 0.754723 0.133576 0.0144108 0.0260028 0.592891
0 0.168988 0.270771 0.0178782 0.0316202 0.592703
0 0.0539203 0.887209 0.0164686 0.0426466 0.592232
0 0.687812 0.219735 0.0232496 0.0454232 0.590574
0 0.203668 0.291519 0.0211872 0.0364638 0.590301
0 0.143292 0.956118 0.0191996 0.0326022 0.590022
0 0.106181 0.791505 0.0165252 0.0328655 0.588904
0 0.591528 0.0660557 0.019824 0.0391046 0.587888
0 0.155825 0.310351 0.0141786 0.0251975 0.587546
0 0.236712 0.168348 0.0155368 0.0280892 0.586007
0 0.153912 0.903116 0.0205819 0.0335465 0.58546
0 0.565992 0.052072 0.0199721 0.0348065 0.584762
0 0.912186 0.988327 0.017025 0.022353 0.583217
0 0.827629 0.27783 0.0190765 0.0330319 0.582946
0 0.141519 0.0545662 0.0223922 0.0376839 0.582611
0 0.855737 0.981106 0.0185192 0.0337667 0.580945
0 0.276382 0.469626 0.0161601 0.0331911 0.580834
0 0.279366 0.957015 0.0211218 0.0367332 0.580173
0 0.483482 0.752912 0.0206963 0.0313192 0.579723
0 0.77605 0.414096 0.0260485 0.0503211 0.578947
0 0.251191 0.327452 0.0145988 0.0282088 0.578563
0 0.362869 0.975689 0.0249782 0.0393971 0.57695
0 0.819748 0.217878 0.0288601 0.0548919 0.57547
0 0.73449 0.14092 0.0195442 0.0305048 0.57522
0 0.141801 0.0908546 0.0171278 0.0264308 0.575017
0 0.211876 0.380447 0.0150391 0.0292082 0.574849
0 0.24686 0.0821688 0.0152023 0.0263782 0.574134
0 0.726199 0.547848 0.0208412 0.0309487 0.570689
0 0.139839 0.29583 0.0147412 0.0276391 0.570131
0 0.562818 0.420157 0.0182837 0.0312453 0.569849
0 0.00538271 0.100492 0.0107654 0.0267903 0.569395
0 0.0119294 0.941131 0.0184421 0.0304372 0.568272
0 0.909732 0.732231 0.0190764 0.0361883 0.566605
0 0.406229 0.82195 0.0173998 0.0286257 0.565901
0 0.352889 0.496057 0.0179093 0.0297935 0.565654
0 0.715572 0.0304905 0.0185481 0.0280265 0.561563
0 0.912154 0.947613 0.0183647 0.0328926 0.560414
0 0.774441 0.132325 0.012372 0.0230016 0.560246
0 0.0138364 0.616148 0.0214773 0.0414529 0.559734
0 0.504669 0.132587 0.0347475 0.0657006 0.559309
0 0.975898 0.64592 0.0289635 0.0519526 0.55841
0 0.277981 0.0421621 0.0225495 0.0405309 0.557931
0 0.0961115 0.516611 0.0231705 0.0320345 0.554569
0 0.332824 0.176224 0.0153183 0.0304993 0.554443
0 0.911405 0.290957 0.021278 0.0376791 0.554231
0 0.0890347 0.756158 0.0295307 0.0495434 0.554173
0 0.663573 0.734046 0.0149922 0.0270009 0.553968
0 0.178195 0.799469 0.0213947 0.0379428 0.553683
0 0.585385 0.585688 0.0138165 0.0202977 0.553434
0 0.694302 0.298931 0.0296936 0.0457781 0.551704
0 0.0529327 0.591812 0.0169265 0.028329 0.551559
0 0.638716 0.782113 0.0150036 0.0260963 0.551485
0 0.0130015 0.0128177 0.0257328 0.0256353 0.551278
0 0.289816 0.106296 0.0275641 0.0356715 0.550517
0 0.826719 0.173189 0.0190901 0.030713 0.550313
0 0.901887 0.572979 0.0208311 0.0372851 0.549665
0 0.316948 0.728227 0.0192277 0.034488 0.549162
0 0.214168 0.668172 0.0240532 0.0351498 0.548188
0 0.816566 0.312163 0.0183423 0.0277535 0.546909
0 0.300535 0.468548 0.0146889 0.0245119 0.546553
0 0.54029 0.312719 0.0146752 0.026561 0.545639
0 0.352054 0.862293 0.0192951 0.037109 0.545377
0 0.592688 0.97027 0.0192522 0.0319441 0.544463
0 0.900651 0.515244 0.0220932 0.0386683 0.544023
0 0.825214 0.0831478 0.0168161 0.0324284 0.542594
0 0.264261 0.586004 0.0166308 0.0281591 0.539033
0 0.608849 0.373936 0.0148745 0.0316668 0.538743
0 0.72527 0.399197 0.0140961 0.0183188 0.538283
0 0.603771 0.590071 0.0139965 0.0213344 0.537962
0 0.321991 0.261706 0.0144769 0.0237951 0.537339
0 0.611966 0.407481 0.018404 0.0268918 0.537167
0 0.470281 0.915226 0.0189282 0.0362209 0.536915
0 0.77575 0.95694 0.0159239 0.0242707 0.534861
0 0.183341 0.702319 0.0208522 0.0370868 0.533105
0 0.836203 0.737669 0.0187252 0.0327927 0.53253
0 0.9107 0.345882 0.0191383 0.0273789 0.532523
0 0.925386 0.0986174 0.0185097 0.0402552 0.531998
0 0.621752 0.656098 0.0132749 0.0210097 0.531768
0 0.551596 0.269486 0.013616 0.0317082 0.531675
0 0.404844 0.467341 0.0182738 0.0339652 0.530312
0 0.858945 0.829979 0.0213154 0.0360769 0.530295
0 0.985062 0.0485038 0.0127226 0.0205149 0.530219
0 0.522772 0.198254 0.0193724 0.0368997 0.529596
0 0.950069 0.530228 0.017424 0.0299735 0.525197
0 0.878909 0.42733 0.0183759 0.0296982 0.524827
0 0.162818 0.162687 0.014314 0.0254408 0.524671
0 0.658101 0.181785 0.0201691 0.0340403 0.523204
0 0.550793 0.518909 0.0132009 0.0206189 0.520989
0 0.278208 0.642852 0.0133642 0.0217984 0.520918
0 0.407563 0.431639 0.01554 0.0267885 0.520902
0 0.846929 0.923194 0.0136517 0.0237614 0.519951
0 0.24488 0.293804 0.0141586 0.0263713 0.519753
0 0.557863 0.550157 0.0129904 0.0214732 0.518501
0 0.783177 0.0546703 0.0134803 0.0267035 0.518329
0 0.0197144 0.97255 0.0155582 0.0309248 0.517507
0 0.42681 0.554631 0.0144709 0.0265657 0.51668
0 0.685676 0.663189 0.0201601 0.0310301 0.516394
0 0.655158 0.942842 0.012677 0.0173799 0.514584
0 0.57594 0.61504 0.0129981 0.0189211 0.514335
0 0.287881 0.8667 0.0184089 0.0265049 0.513348
0 0.229082 0.380048 0.0149285 0.028295 0.512835
0 0.431843 0.4546 0.0183165 0.0334986 0.512296
0 0.605599 0.745127 0.0128927 0.0178382 0.509963
0 0.346527 0.631544 0.0161472 0.0241786 0.509413
0 0.578424 0.552866 0.012184 0.0196082 0.509335
0 0.890674 0.335151 0.0139517 0.0243182 0.508733
0 0.31926 0.040705 0.0184338 0.0338322 0.507986
0 0.66728 0.591871 0.0244804 0.0325663 0.506096
0 0.622809 0.81206 0.0110985 0.0204373 0.505933
0 0.684269 0.977095 0.012397 0.021715 0.505343
0 0.647369 0.908602 0.0123131 0.0188548 0.504943
0 0.856818 0.687758 0.0240025 0.032467 0.502136
0 0.758718 0.89783 0.0124641 0.0176135 0.49937
0 0.0761723 0.446698 0.0219368 0.040902 0.499271
0 0.753558 0.0412885 0.0206417 0.0366021 0.49898
0 0.702747 0.982121 0.0131968 0.0189272 0.498395
0 0.238954 0.892606 0.0235943 0.0384542 0.497522
0 0.76659 0.927074 0.0127399 0.0187524 0.496885
0 0.797587 0.0918406 0.0189425 0.0383419 0.495936
0 0.111538 0.0506855 0.0202027 0.034269 0.493973
0 0.790385 0.989426 0.0155938 0.0203437 0.493323
0 0.666721 0.912022 0.0124767 0.0193054 0.49119
0 0.716817 0.0655841 0.0176332 0.0332102 0.489165
0 0.261755 0.531678 0.0301989 0.0494598 0.489031
0 0.531926 0.730198 0.017187 0.0294749 0.485082
0 0.796753 0.899599 0.0120449 0.018079 0.484452
0 0.0593331 0.049466 0.0207028 0.0409779 0.4837
0 0.859723 0.778023 0.0219641 0.0337494 0.483633
0 0.109057 0.0100823 0.0172411 0.0201646 0.481198
0 0.355678 0.436423 0.0177356 0.0376693 0.481121
0 0.559402 0.725934 0.019105 0.037517 0.480676
0 0.639463 0.876751 0.0128445 0.0186805 0.480553
0 0.461357 0.10734 0.0248649 0.0416027 0.479101
0 0.868551 0.653305 0.0179455 0.0318753 0.478441
0 0.61923 0.716359 0.0111052 0.0203949 0.478131
0 0.709163 0.376974 0.0129336 0.0191389 0.475648
0 0.01798 0.745752 0.0171116 0.0290904 0.474246
0 0.569169 0.272773 0.0234633 0.0362018 0.47395
0 0.0556849 0.668802 0.0218567 0.0345382 0.473802
0 0.722933 0.949016 0.019573 0.0346688 0.473449
0 0.641544 0.814766 0.0118774 0.0182093 0.473407
0 0.770782 0.865372 0.0113783 0.0192306 0.472812
0 0.0491428 0.786948 0.021622 0.0303914 0.472449
0 0.592421 0.908745 0.0298814 0.0420408 0.47241
0 0.360861 0.235069 0.0179165 0.0381971 0.471311
0 0.625364 0.152519 0.0170817 0.0319338 0.470325
0 0.639198 0.567339 0.0153219 0.0230048 0.469793
0 0.760025 0.011369 0.0182749 0.0226577 0.469713
0 0.850574 0.310752 0.0176285 0.0282653 0.468582
0 0.965249 0.195669 0.0299679 0.0642528 0.468511
0 0.942182 0.354229 0.029073 0.0588433 0.468435
0 0.777868 0.420783 0.0258408 0.0566243 0.468329
0 0.743737 0.430503 0.01841 0.0284247 0.468305
0 0.160585 0.0766744 0.0128352 0.0279496 0.468203
0 0.814328 0.68727 0.0229286 0.0316543 0.467828
0 0.122671 0.593137 0.0146616 0.0311434 0.467317
0 0.777992 0.895945 0.0129042 0.0168291 0.467125
0 0.738283 0.875486 0.027036 0.0480611 0.466596
0 0.608749 0.683009 0.0112499 0.0213617 0.465761
0 0.227016 0.573266 0.0207556 0.039284 0.464015
0 0.664689 0.973896 0.0133482 0.019767 0.46323
0 0.717423 0.897795 0.0179624 0.0281759 0.462252
0 0.253846 0.772373 0.0288281 0.0499295 0.461709
0 0.595317 0.619738 0.0138802 0.0190658 0.461031
0 0.413258 0.535821 0.0157972 0.0315618 0.460987
0 0.59814 0.558588 0.0102735 0.0187664 0.460279
0 0.0358734 0.710922 0.0138251 0.0305297 0.458033
0 0.0333931 0.595138 0.0127303 0.0253772 0.457587
0 0.29139 0.751917 0.0168781 0.0278926 0.457428
0 0.615075 0.777086 0.0123046 0.017668 0.457075
0 0.791344 0.0252624 0.0220301 0.0365477 0.455067
0 0.675414 0.944532 0.0118378 0.0174961 0.453017
0 0.458937 0.146205 0.0310476 0.0320862 0.452255
0 0.643629 0.22951 0.0155296 0.0275811 0.451554
0 0.0321127 0.911322 0.0195507 0.0292555 0.44968
0 0.852151 0.163506 0.0268711 0.0449557 0.449275
0 0.461263 0.488654 0.0225855 0.0393919 0.448279
0 0.676332 0.788122 0.0119548 0.01802 0.447142
0 0.53919 0.228486 0.015369 0.0255865 0.446607
0 0.494093 0.206919 0.0299175 0.0449719 0.445524
0 0.172348 0.986438 0.0179876 0.0263588 0.44549
0 0.541181 0.485157 0.0123221 0.01571 0.444345
0 0.99298 0.0117027 0.0140397 0.018407 0.443216
0 0.864059 0.0597158 0.011935 0.0221339 0.442352
0 0.788565 0.0222042 0.0266114 0.0379804 0.44126
0 0.540067 0.88122 0.0149792 0.0316683 0.439072
0 0.652375 0.847325 0.0108521 0.0167525 0.437809
0 0.60919 0.527449 0.0117073 0.0194794 0.437764
0 0.835412 0.983112 0.0193062 0.0326111 0.437372
0 0.505259 0.740587 0.0161656 0.0296212 0.437304
0 0.201337 0.0489691 0.0137484 0.023644 0.435721
0 0.737686 0.0461755 0.0132912 0.0292509 0.434448
0 0.308076 0.33535 0.0164687 0.0379855 0.433847
0 0.459515 0.0112504 0.0192425 0.0218564 0.432582
0 0.658609 0.878648 0.0124945 0.019647 0.43232
0 0.517055 0.25356 0.0176971 0.0306658 0.431167
0 0.809141 0.872685 0.0135273 0.0182841 0.431124
0 0.800637 0.839717 0.0130232 0.0198117 0.43112
0 0.745126 0.630757 0.0236729 0.0304448 0.427811
0 0.265978 0.528104 0.0232561 0.0423036 0.426024
0 0.670141 0.849128 0.0118876 0.0195608 0.421353
0 0.254013 0.92902 0.0223514 0.0297077 0.420368
0 0.279538 0.678136 0.0145107 0.0282701 0.420297
0 0.637992 0.718782 0.0123172 0.0184753 0.419903
0 0.363018 0.716745 0.0166884 0.0277742 0.418051
0 0.890399 0.666194 0.0263008 0.0482778 0.416074
0 0.965447 0.0396544 0.0138577 0.0179795 0.415404
0 0.657257 0.485995 0.0158236 0.0184133 0.415118
0 0.706618 0.409939 0.0151556 0.0223628 0.414735
0 0.859774 0.244966 0.0198505 0.041583 0.413153
0 0.47311 0.913434 0.0231331 0.0376885 0.413108
0 0.566026 0.581462 0.0108372 0.0163065 0.411781
0 0.637583 0.500292 0.0198038 0.0264952 0.410499
0 0.521256 0.809819 0.0158873 0.0229635 0.408597
0 0.0814921 0.96534 0.0151407 0.0327689 0.40831
0 0.567678 0.464738 0.0193158 0.0300454 0.408186
0 0.352594 0.932849 0.0206738 0.0321805 0.407948
0 0.348678 0.206829 0.0118422 0.0198899 0.407434
0 0.179769 0.160707 0.014632 0.034969 0.404023
0 0.782353 0.83708 0.0125677 0.0183285 0.404023
0 0.481446 0.0406011 0.023308 0.0508183 0.40293
0 0.534619 0.452975 0.0125023 0.0177545 0.401932
0 0.00431237 0.304298 0.00858221 0.0325688 0.4017
0 0.87152 0.380966 0.013884 0.025813 0.401508
0 0.502018 0.55557 0.0166039 0.0225794 0.400979
0 0.719058 0.746127 0.0214241 0.0391399 0.400638
0 0.920282 0.382649 0.0177064 0.0447006 0.400569
0 0.260343 0.638501 0.0137208 0.0237512 0.399832
0 0.863904 0.568375 0.023756 0.0382898 0.399014
0 0.635159 0.940434 0.0107239 0.0175297 0.398811
0 0.647437 0.326354 0.0189189 0.0298377 0.398414
0 0.103472 0.107517 0.0169354 0.0269217 0.396447
0 0.889875 0.74017 0.0116585 0.0377492 0.393757
0 0.554078 0.612141 0.0112198 0.0183492 0.392922
0 0.0536479 0.963761 0.0192754 0.0344079 0.391055
0 0.88339 0.580759 0.0126331 0.0308143 0.390038
0 0.340732 0.566045 0.0141833 0.0191429 0.389124
0 0.150948 0.0115959 0.0168421 0.0231918 0.388992
0 0.580047 0.018518 0.0196379 0.0357859 0.387696
0 0.539656 0.551788 0.0124806 0.0228443 0.386592
0 0.663489 0.818035 0.0121815 0.0176961 0.386488
0 0.185869 0.706357 0.0220462 0.029729 0.383429
0 0.580405 0.310472 0.0142011 0.0305988 0.381772
0 0.612999 0.0171756 0.0292487 0.0340501 0.381619
0 0.678031 0.882982 0.0117409 0.0182309 0.380965
0 0.222776 0.4754 0.0181664 0.0300071 0.380107
0 0.306332 0.162803 0.0160693 0.0243491 0.379629
0 0.0313541 0.651327 0.0206729 0.0369299 0.379202
0 0.547119 0.579386 0.0102445 0.0189907 0.378688
0 0.813888 0.0393571 0.021138 0.0555849 0.377008
0 0.393625 0.347034 0.0228505 0.03517 0.375522
0 0.863515 0.497637 0.0263641 0.0527562 0.373308
0 0.34447 0.701271 0.0180635 0.0382875 0.372451
0 0.435374 0.750797 0.030117 0.0533063 0.3713
0 0.783338 0.0186782 0.0213238 0.0325518 0.370706
0 0.34379 0.959714 0.0160147 0.0202492 0.370042
0 0.36573 0.598633 0.0171207 0.0341627 0.368897
0 0.869362 0.306555 0.0161179 0.0256031 0.367908
0 0.56718 0.787776 0.0153032 0.0319126 0.36627
0 0.166961 0.566523 0.0185623 0.0280956 0.365596
0 0.0157211 0.706336 0.0193871 0.0313691 0.364879
0 0.371911 0.425519 0.0195944 0.0371228 0.364784
0 0.31118 0.955801 0.0164007 0.0214474 0.363788
0 0.198332 0.486863 0.0240892 0.042054 0.363561
0 0.612324 0.621551 0.010688 0.0163155 0.362412
0 0.626981 0.747924 0.0123098 0.0168939 0.361311
0 0.69135 0.388509 0.0155024 0.0244824 0.361184
0 0.302955 0.202278 0.0156635 0.0237037 0.356843
0 0.0704429 0.848486 0.0131037 0.0247099 0.356571
0 0.867396 0.346716 0.0172112 0.0240637 0.356234
0 0.722901 0.982484 0.0123625 0.0189421 0.355682
0 0.954655 0.681284 0.018001 0.0236811 0.354665
0 0.85697 0.40639 0.0189743 0.0337672 0.353874
0 0.811285 0.739326 0.0191781 0.0310037 0.353657
0 0.0111228 0.849369 0.021599 0.0418683 0.35169
0 0.521359 0.298744 0.0155563 0.0271467 0.351632
0 0.833121 0.139586 0.012873 0.0227879 0.35014
0 0.746626 0.925034 0.013393 0.0174272 0.347952
0 0.530272 0.517127 0.0120905 0.0228744 0.347431
0 0.8901 0.0698788 0.0191204 0.0272926 0.347367
0 0.890277 0.677929 0.0228291 0.0374647 0.347169
0 0.299181 0.239124 0.0178619 0.0244786 0.346514
0 0.384032 0.717321 0.0162947 0.0289561 0.345183
0 0.806562 0.286189 0.0167017 0.0209964 0.344526
0 0.598633 0.710658 0.00890872 0.0164547 0.343386
0 0.633056 0.183762 0.0174941 0.03068 0.342048
0 0.376206 0.741785 0.0122482 0.0208086 0.340981
0 0.00769829 0.378304 0.0153503 0.0367109 0.34045
0 0.439198 0.022209 0.0159557 0.0292858 0.339434
0 0.494871 0.446355 0.0133806 0.0204875 0.338795
0 0.266185 0.08932 0.0123066 0.0242318 0.337077
0 0.224138 0.335554 0.0173812 0.0196196 0.336283
0 0.278484 0.719586 0.00962992 0.0266987 0.335598
0 0.318068 0.0101192 0.0269452 0.0202383 0.334269
0 0.765123 0.674442 0.0161335 0.0291383 0.33412
0 0.199332 0.731957 0.0133927 0.0273807 0.332909
0 0.00647782 0.800326 0.0127315 0.0281019 0.332088
0 0.187318 0.0713925 0.0162411 0.0239749 0.331083
0 0.107551 0.669833 0.0187766 0.0305999 0.327285
0 0.822426 0.84153 0.013932 0.023447 0.327145
0 0.552497 0.885988 0.0182234 0.0337696 0.326626
0 0.653366 0.120307 0.0170026 0.0301082 0.321592
0 0.419062 0.483038 0.0127998 0.0228244 0.321592
0 0.643255 0.970854 0.0110999 0.0167933 0.320731
0 0.796128 0.934598 0.0176478 0.0302063 0.31997
0 0.728305 0.253757 0.0180325 0.0329272 0.319676
0 0.035012 0.428421 0.0168703 0.0326692 0.31893
0 0.496543 0.211372 0.0266106 0.0370906 0.318358
0 0.123128 0.302379 0.0128881 0.0207886 0.317228
0 0.952857 0.425208 0.0309662 0.0596419 0.313417
0 0.480398 0.0934404 0.0124999 0.0281456 0.309703
0 0.0106529 0.216115 0.021302 0.0358108 0.308483
0 0.716327 0.334113 0.0184145 0.0301855 0.307205
0 0.0159454 0.672657 0.0236156 0.0354237 0.306624
0 0.131952 0.473884 0.0146883 0.0256688 0.304913
0 0.354618 0.27152 0.0139984 0.0234382 0.303581
0 0.8878 0.0103044 0.0248458 0.0205879 0.303382
0 0.884682 0.969167 0.0158247 0.0250468 0.303078
0 0.765231 0.564528 0.0292374 0.0612461 0.302605
0 0.186464 0.238525 0.01115 0.0244731 0.301889
0 0.922172 0.522425 0.0172539 0.0299307 0.301367
0 0.885934 0.0405372 0.0143276 0.0269763 0.300662
0 0.341355 0.905716 0.0158147 0.0256276 0.300521
0 0.561373 0.750735 0.0173296 0.0209076 0.299577
0 0.306618 0.784025 0.0153779 0.0254042 0.297362
0 0.243102 0.895302 0.0185912 0.0323602 0.295507
0 0.832828 0.876855 0.0149866 0.0196347 0.295143
0 0.655585 0.783975 0.0103348 0.0199063 0.291932
0 0.568672 0.373601 0.0119902 0.0239207 0.29172
0 0.119443 0.940427 0.0186604 0.0326681 0.291712
0 0.358288 0.933841 0.0243927 0.0355723 0.291034
0 0.565399 0.0812652 0.0128988 0.0180381 0.290399
0 0.804504 0.595562 0.0189598 0.0380729 0.287649
0 0.349293 0.163733 0.0127992 0.0291783 0.286359
0 0.509198 0.423794 0.014159 0.0217013 0.284919
0 0.171042 0.112073 0.0135206 0.0206852 0.284764
0 0.92911 0.551306 0.0168205 0.027228 0.283137
0 0.206079 0.599733 0.0198666 0.0317965 0.282838
0 0.816102 0.135379 0.0205102 0.037046 0.282779
0 0.845551 0.618793 0.0184639 0.0275165 0.282082
0 0.317735 0.229376 0.0149552 0.0276677 0.281802
0 0.337151 0.235807 0.0192624 0.0344859 0.281523
0 0.710054 0.201618 0.0154143 0.0207271 0.281396
0 0.471274 0.859263 0.0143133 0.0251014 0.280718
0 0.348813 0.932476 0.0194387 0.0297038 0.280394
0 0.479753 0.169786 0.0152214 0.0200261 0.279551
0 0.48317 0.486743 0.0146532 0.0271016 0.279405
0 0.254381 0.838199 0.024247 0.0352658 0.279259
0 0.634778 0.49796 0.0210379 0.0286996 0.278858
0 0.255728 0.476481 0.0184581 0.0265355 0.278814
0 0.543457 0.806707 0.013464 0.0220015 0.276589
0 0.764641 0.460424 0.0185501 0.0395994 0.276255
0 0.226223 0.936665 0.015233 0.0269725 0.275379
0 0.649442 0.690859 0.0144884 0.0193705 0.273956
0 0.589124 0.530441 0.010745 0.0179271 0.273123
0 0.700814 0.755913 0.0216154 0.0371211 0.272777
0 0.0283301 0.262837 0.0163024 0.0266851 0.271584
0 0.723794 0.104376 0.0147886 0.0249628 0.271289
0 0.571396 0.679203 0.0108051 0.0155359 0.270813
0 0.0218393 0.215739 0.0145756 0.0313011 0.269325
0 0.562771 0.0105671 0.0167714 0.0207954 0.266692
0 0.110207 0.674417 0.0205368 0.0346427 0.266399
0 0.177182 0.919375 0.0132662 0.0207475 0.26613
0 0.561834 0.238495 0.0145256 0.0242778 0.265872
0 0.824429 0.900513 0.0156614 0.0181329 0.265387
0 0.836377 0.705012 0.0118562 0.0252768 0.265223
0 0.814864 0.0484012 0.0192539 0.0417642 0.262918
0 0.764813 0.760346 0.0119767 0.0248532 0.262703
0 0.300395 0.987148 0.0165526 0.0242242 0.25954
0 0.626953 0.220144 0.0187031 0.0337922 0.258904
0 0.521202 0.483896 0.0115341 0.0207048 0.257512
0 0.534378 0.363943 0.0125891 0.0231383 0.257015
0 0.280283 0.590885 0.0109706 0.02994 0.256297
0 0.55728 0.126728 0.0190991 0.0365653 0.255445
0 0.129254 0.720342 0.0227479 0.0422918 0.255354
0 0.545754 0.882739 0.0257126 0.0323186 0.254995
0 0.802841 0.591459 0.0173937 0.0310727 0.254888
0 0.420781 0.775736 0.0170458 0.0278351 0.254828
0 0.437525 0.898386 0.0164776 0.0308669 0.2524
0 0.178621 0.603489 0.016362 0.026555 0.251497
0 0.118783 0.966589 0.0173085 0.0188874 0.250604
0 0.879832 0.921308 0.0102573 0.0285021 0.24848
0 0.579204 0.712041 0.0117855 0.016237 0.24826
0 0.682509 0.819951 0.0115551 0.0138198 0.248167
0 0.012241 0.155144 0.013987 0.0274851 0.248158
0 0.170471 0.0425013 0.0155204 0.0221122 0.247761
0 0.502419 0.0334843 0.0213472 0.0458151 0.247686
0 0.28747 0.684288 0.0166233 0.0244962 0.246417
0 0.356519 0.832561 0.0146715 0.0205488 0.245253
0 0.549558 0.190224 0.0283058 0.0427653 0.244238
0 0.132948 0.0181103 0.0146146 0.0260899 0.243917
0 0.69164 0.851246 0.0121357 0.0144647 0.24289
0 0.0819725 0.00676272 0.0156462 0.0135254 0.242028
0 0.841587 0.0596634 0.0198036 0.0339575 0.241529
0 0.82526 0.809521 0.0145071 0.0207235 0.240837
0 0.79865 0.771166 0.0114768 0.0205924 0.240126
0 0.751981 0.819623 0.0265446 0.0454976 0.23971
0 0.23378 0.449328 0.0178065 0.0294169 0.238622
0 0.472534 0.721119 0.0175501 0.0295861 0.238322
0 0.639962 0.503416 0.0196144 0.0221525 0.236545
0 0.323179 0.540838 0.012647 0.0228602 0.234766
0 0.809508 0.735501 0.0199577 0.0342431 0.233291
0 0.223401 0.329663 0.0163133 0.0236882 0.233047
0 0.764308 0.513352 0.0165385 0.0287083 0.229163
0 0.645898 0.752372 0.0120804 0.015118 0.228191
0 0.0929701 0.947229 0.0133179 0.0268924 0.228153
0 0.170605 0.393554 0.00989876 0.0226654 0.227335
0 0.733965 0.00769064 0.0113773 0.0148044 0.225708
0 0.886426 0.841291 0.011208 0.0298699 0.225355
0 0.28243 0.681432 0.0171605 0.027803 0.225194
0 0.733474 0.659631 0.0219915 0.0348738 0.224963
0 0.115208 0.939595 0.0253393 0.0335369 0.224331
0 0.210521 0.910673 0.0199887 0.0286483 0.223689
0 0.1081 0.0500411 0.0243587 0.0364411 0.223684
0 0.00239172 0.654657 0.00478344 0.0429225 0.2227
0 0.0853703 0.285071 0.022695 0.0415838 0.222629
0 0.630273 0.844121 0.0102186 0.0164578 0.222235
0 0.649856 0.0225851 0.0333302 0.0445598 0.221762
0 0.623878 0.461501 0.0120454 0.0323247 0.220699
0 0.786102 0.612597 0.017999 0.0247114 0.219013
0 0.105837 0.902187 0.0238767 0.0341983 0.218908
0 0.791831 0.125224 0.0139757 0.0258104 0.217185
0 0.0318868 0.59303 0.0113481 0.0235653 0.216858
0 0.945256 0.984559 0.0296646 0.0301405 0.216127
0 0.627493 0.0501639 0.0160789 0.023563 0.215374
0 0.432637 0.952058 0.0257011 0.0290022 0.213621
0 0.592355 0.145418 0.0202545 0.0468747 0.213209
0 0.634193 0.624874 0.0106696 0.0184033 0.211956
0 0.831615 0.138433 0.0116505 0.0262626 0.21166
0 0.562732 0.645977 0.0110222 0.0153412 0.21155
0 0.661314 0.452538 0.0158173 0.0345317 0.21149
0 0.808304 0.599391 0.0254729 0.0374021 0.210312
0 0.53583 0.778688 0.0150673 0.0301318 0.210262
0 0.248079 0.596142 0.0146786 0.030895 0.208987
0 0.305584 0.819365 0.0149371 0.0274004 0.208829
0 0.68663 0.352457 0.0270159 0.0464971 0.20804
0 0.261935 0.145827 0.0139724 0.0193044 0.207384
0 0.028584 0.647753 0.0209437 0.0363966 0.207298
0 0.879146 0.244964 0.0161896 0.0388819 0.207214
0 0.250981 0.268004 0.0136736 0.0232718 0.20679
0 0.138218 0.207317 0.0142063 0.0218045 0.20424
0 0.808908 0.79038 0.0117062 0.0160784 0.203573
0 0.0831331 0.814601 0.0207273 0.0294822 0.200877
0 0.00377869 0.46487 0.00755737 0.0294795 0.199489
0 0.0150213 0.502863 0.0261286 0.0438868 0.197009
0 0.485021 0.0400743 0.0305189 0.056898 0.196745
0 0.888073 0.738677 0.0131378 0.0395565 0.195458
0 0.387908 0.505318 0.015612 0.0264642 0.194028
0 0.279322 0.907373 0.019372 0.0310377 0.193694
0 0.753142 0.333973 0.0220249 0.0356055 0.192486
0 0.35502 0.0455575 0.0206829 0.038201 0.192246
0 0.4919 0.0356843 0.0360834 0.0561391 0.190308
0 0.00208258 0.661637 0.00412699 0.0417185 0.188913
0 0.0848702 0.963757 0.0208719 0.0370842 0.188766
0 0.435643 0.221209 0.0194086 0.0315206 0.188722
0 0.392036 0.774873 0.0213346 0.0266015 0.185608
0 0.225106 0.269391 0.0140966 0.022379 0.185423
0 0.934033 0.462047 0.0163603 0.0261112 0.184113
0 0.711639 0.160918 0.029994 0.0527843 0.181723
0 0.578147 0.117811 0.0167053 0.0255179 0.180564
0 0.420178 0.480518 0.0104431 0.0225223 0.180395
0 0.920113 0.522213 0.015086 0.0337923 0.1803
0 0.683 0.629469 0.0205608 0.0281277 0.180193
0 0.343022 0.705333 0.0180013 0.0366735 0.17956
0 0.461653 0.663604 0.0147583 0.0297363 0.179148
0 0.426491 0.971864 0.021782 0.0411769 0.178448
0 0.874205 0.633645 0.0160305 0.0214734 0.178131
0 0.274215 0.0333757 0.0198568 0.0368641 0.178017
0 0.973429 0.00473168 0.0179102 0.00946335 0.17771
0 0.281541 0.593317 0.0102756 0.0295301 0.176031
0 0.344923 0.931142 0.0172335 0.0264526 0.175529
0 0.768725 0.0709197 0.0137974 0.0229083 0.175444
0 0.944594 0.490805 0.0206266 0.0338389 0.174928
0 0.687174 0.422644 0.0151597 0.0244796 0.173716
0 0.134277 0.674227 0.0140608 0.0261902 0.173013
0 0.524601 0.303563 0.0120075 0.0237051 0.172718
0 0.634214 0.179548 0.0196668 0.0372405 0.171302
0 0.426592 0.980471 0.0212557 0.0346337 0.170444
0 0.592051 0.436808 0.0207953 0.0337721 0.168369
0 0.789466 0.869914 0.0140301 0.0170342 0.168321
0 0.0920397 0.951901 0.0126598 0.0299707 0.168268
0 0.437154 0.0889124 0.0186434 0.0342849 0.168024
0 0.0279244 0.150628 0.0172704 0.025216 0.167838
0 0.557219 0.332403 0.0178989 0.0317307 0.16767
0 0.701899 0.822172 0.0110097 0.0149415 0.16743
0 0.12186 0.0838079 0.0122387 0.0237241 0.16706
0 0.209706 0.640978 0.0217767 0.0278163 0.166806
0 0.0224657 0.324566 0.0182233 0.0336038 0.166805
0 0.686419 0.914152 0.012271 0.0169217 0.166676
0 0.66027 0.560297 0.0193321 0.0292565 0.166209
0 0.54792 0.194537 0.0240768 0.0349108 0.166046
0 0.734879 0.515289 0.0226976 0.0383176 0.16589
0 0.73425 0.010429 0.0116998 0.0187551 0.165407
0 0.188329 0.23965 0.0155845 0.0260817 0.164671
0 0.848664 0.344217 0.0123629 0.0289322 0.164303
0 0.191369 0.989281 0.0158563 0.0209086 0.161305
0 0.14443 0.162409 0.0147648 0.0200852 0.158718
0 0.127383 0.729915 0.0235967 0.0352583 0.158691
0 0.39293 0.343032 0.0278614 0.0436371 0.156237
0 0.740066 0.294093 0.015344 0.0221679 0.155735
0 0.431558 0.818968 0.023431 0.0366899 0.155428
0 0.0135076 0.509177 0.0243912 0.0323297 0.154574
0 0.429699 0.853086 0.0209394 0.0304581 0.153335
0 0.876812 0.246724 0.0178757 0.0434783 0.152648
0 0.639893 0.65981 0.0101397 0.0127845 0.151846
0 0.0374042 0.957539 0.0177031 0.0338131 0.15177
0 0.341419 0.767431 0.0162029 0.0350951 0.151686
0 0.5525 0.834295 0.0124198 0.025039 0.151522
0 0.365541 0.56271 0.0167262 0.0242065 0.151057
0 0.155282 0.781395 0.0145305 0.0288251 0.1496
0 0.0143036 0.214534 0.0248057 0.0363105 0.149241
0 0.349883 0.772058 0.0223087 0.0357652 0.149091
0 0.936049 0.594907 0.020026 0.0359425 0.14851
0 0.114003 0.142171 0.0145656 0.0232859 0.148364
0 0.071685 0.710021 0.022272 0.0375093 0.147964
0 0.39057 0.769294 0.0190189 0.035565 0.1475
0 0.313619 0.956719 0.0170452 0.0192699 0.146749
0 0.834618 0.135473 0.0129711 0.0240118 0.146692
0 0.0293118 0.908022 0.0232777 0.0294172 0.146244
0 0.462431 0.990824 0.0175573 0.0167664 0.145869
0 0.871446 0.535216 0.0188938 0.022945 0.145423
0 0.590755 0.431136 0.0230663 0.0411343 0.145054
0 0.873497 0.306648 0.0155693 0.0273339 0.14435
0 0.916173 0.136546 0.0165802 0.0282925 0.144295
0 0.510003 0.425178 0.0161814 0.0271359 0.143366
0 0.645684 0.021652 0.0235837 0.0409182 0.142778
0 0.750989 0.530378 0.0126015 0.0272464 0.14246
0 0.870343 0.64978 0.0175629 0.0336483 0.142108
0 0.0979374 0.751269 0.0195558 0.037847 0.141283
0 0.623027 0.813621 0.0135538 0.0241523 0.140766
0 0.25295 0.466708 0.0216345 0.042627 0.140092
0 0.282337 0.589278 0.0126588 0.0319745 0.139066
0 0.323904 0.990811 0.0189439 0.0177134 0.138557
0 0.821979 0.082644 0.0194767 0.0329156 0.138453
0 0.0804106 0.969593 0.0122525 0.0333955 0.138375
0 0.456645 0.862727 0.0189846 0.0380007 0.136716
0 0.0707423 0.992424 0.0201752 0.0141067 0.136441
0 0.520646 0.708239 0.013829 0.0220544 0.13629
0 0.567604 0.375304 0.00927989 0.0262884 0.136237
0 0.821939 0.348376 0.0140217 0.0261543 0.136174
0 0.370774 0.770308 0.0143303 0.0301581 0.136122
0 0.445034 0.805311 0.0161538 0.0294005 0.136068
0 0.628327 0.457357 0.0130337 0.0338089 0.134455
0 0.912752 0.343601 0.017904 0.0312523 0.134416
0 0.928293 0.642353 0.0290066 0.0392797 0.134359
0 0.428964 0.954083 0.0225573 0.0296659 0.133939
0 0.835596 0.706684 0.0152893 0.0272372 0.133727
0 0.0884897 0.958097 0.016294 0.0399599 0.133265
0 0.427877 0.963159 0.0234468 0.0466348 0.132523
0 0.00975209 0.374583 0.0187764 0.0356101 0.131681
0 0.844782 0.449701 0.01451 0.0250748 0.131412
0 0.808359 0.730501 0.0195197 0.0335503 0.131238
0 0.891314 0.682158 0.0194981 0.032189 0.131081
0 0.354279 0.390873 0.0182438 0.0262755 0.131041
0 0.755211 0.0120938 0.0261971 0.0223486 0.130886
0 0.552358 0.384588 0.0187181 0.0297219 0.130369
0 0.872511 0.38012 0.0162739 0.033 0.130293
0 0.746535 0.0981137 0.011272 0.0255827 0.130053
0 0.734044 0.0765139 0.0135384 0.0230376 0.129919
0 0.949349 0.577811 0.0183489 0.0359078 0.129762
0 0.805841 0.718942 0.0167761 0.0217709 0.129446
0 0.24662 0.415986 0.0193125 0.0295519 0.129194
0 0.319303 0.231749 0.0160683 0.0277782 0.128342
0 0.461364 0.149625 0.0309204 0.0249277 0.127265
0 0.861937 0.0605954 0.0153887 0.0274777 0.12705
0 0.188255 0.42824 0.0219188 0.0366553 0.12624
0 0.566005 0.791732 0.0178277 0.0342239 0.126204
0 0.0694951 0.933731 0.0159835 0.0327443 0.125784
0 0.0517922 0.721542 0.0168746 0.0335375 0.125603
0 0.0179439 0.215701 0.0202334 0.0314802 0.125493
0 0.820759 0.419474 0.0109812 0.0216409 0.125331
0 0.341496 0.0265171 0.0162187 0.0291749 0.125064
0 0.6957 0.947646 0.0143314 0.0172181 0.125019
0 0.439424 0.756157 0.0236746 0.04361 0.124219
0 0.729898 0.253869 0.0190469 0.0265133 0.124195
0 0.851347 0.0127855 0.0278736 0.0249034 0.123963
0 0.6254 0.595738 0.0142288 0.0218153 0.122783
0 0.434748 0.811288 0.0298988 0.0388891 0.122584
0 0.690376 0.354579 0.022237 0.0342905 0.122467
0 0.131018 0.137909 0.0141595 0.0270263 0.122424
0 0.642458 0.507465 0.0230934 0.0247789 0.122068
0 0.385083 0.466364 0.0142029 0.0321334 0.121921
0 0.343763 0.770483 0.020307 0.0398902 0.121813
0 0.2923 0.011501 0.0181817 0.0224698 0.121789
0 0.236476 0.630474 0.0180717 0.0275096 0.121151
0 0.639662 0.571631 0.0172099 0.0318926 0.121035
0 0.633049 0.378981 0.0234379 0.0448979 0.119953
0 0.790099 0.314191 0.0154236 0.0264199 0.11976
0 0.396415 0.350653 0.0202965 0.0286917 0.117265
0 0.289234 0.685755 0.0163165 0.0207443 0.116821
0 0.934684 0.68311 0.0133099 0.024292 0.115867
0 0.921849 0.100061 0.0238201 0.0415791 0.114728
0 0.431409 0.956351 0.0227589 0.0377302 0.11456
0 0.738148 0.468023 0.0182194 0.0304638 0.113037
0 0.17583 0.921594 0.0140267 0.0213782 0.113009
0 0.738143 0.517822 0.0193174 0.0377221 0.112874
0 0.863092 0.607165 0.0140343 0.0216562 0.112773
0 0.890523 0.302362 0.0229561 0.0370779 0.112142
0 0.522271 0.710617 0.0128498 0.0228012 0.112091
0 0.630412 0.844589 0.00857188 0.0132819 0.111673
0 0.888492 0.306031 0.0174473 0.029862 0.111616
0 0.829109 0.136431 0.0147121 0.0317844 0.110731
0 0.198681 0.0536268 0.0123396 0.023405 0.110701
0 0.197307 0.0442239 0.0123048 0.0205022 0.110547
0 0.712779 0.00623194 0.0216518 0.0115816 0.110299
0 0.843625 0.220269 0.0113752 0.0285276 0.109948
0 0.271151 0.387868 0.0144979 0.0303262 0.108995
0 0.436522 0.0839889 0.0208621 0.0406148 0.108816
0 0.0546017 0.967792 0.0149462 0.0316532 0.108742
0 0.510258 0.122531 0.024832 0.0449695 0.108264
0 0.890592 0.68651 0.0189091 0.0262435 0.107689
0 0.699073 0.887312 0.0138381 0.0153553 0.107317
0 0.754353 0.596077 0.021263 0.0289568 0.107104
0 0.401113 0.750195 0.0190432 0.0309679 0.106901
0 0.557208 0.236098 0.0162872 0.0216611 0.1067
0 0.115693 0.681264 0.0123373 0.0278433 0.106034
0 0.996462 0.593921 0.00707665 0.0377262 0.105188
0 0.340928 0.959588 0.0185781 0.0194794 0.104981
0 0.593682 0.442241 0.0191355 0.029489 0.104979
0 0.184988 0.425769 0.0157838 0.0366596 0.103478
0 0.351192 0.210655 0.00896079 0.0157735 0.103399
0 0.701576 0.444932 0.0137049 0.021441 0.103004
0 0.587982 0.146514 0.0270583 0.0453768 0.102834
0 0.392859 0.781151 0.0216559 0.0202277 0.102399
0 0.00468513 0.46293 0.00899653 0.0245142 0.101946
0 0.322034 0.988014 0.0176064 0.023112 0.101472
0 0.0369281 0.424533 0.0199521 0.0387406 0.101318
0 0.416132 0.480316 0.0138327 0.0253939 0.101132
0 0.614528 0.0698175 0.0149277 0.0204253 0.100968
0 0.239299 0.630776 0.0169351 0.0255381 0.100821
0 0.682411 0.821972 0.0106057 0.0142578 0.100585
0 0.542252 0.230845 0.0174489 0.0240287 0.100541
0 0.594431 0.278926 0.0175163 0.0245487 0.100221
