0 0.178547 0.171548 0.0223671 0.0388958 0.67283
0 0.202613 0.235333 0.0244185 0.0446201 0.66189
0 0.911879 0.833472 0.0200562 0.0379359 0.66126
0 0.744908 0.932785 0.023638 0.053486 0.66018
0 0.163464 0.368828 0.0246552 0.0389136 0.652049
0 0.686646 0.481009 0.0214083 0.0478681 0.64747
0 0.13766 0.391431 0.0206784 0.0372557 0.645962
0 0.826237 0.547598 0.0189312 0.0489587 0.63703
0 0.894716 0.768661 0.0237133 0.0476179 0.636412
0 0.408004 0.550556 0.0244377 0.0468999 0.6347
0 0.570757 0.489815 0.0226587 0.0406822 0.63384
0 0.293921 0.304598 0.0195314 0.033301 0.632061
0 0.667834 0.188105 0.0190926 0.0404901 0.617383
0 0.593438 0.25161 0.0175119 0.0350755 0.617245
0 0.444681 0.151322 0.0161831 0.0347015 0.616996
0 0.909702 0.958418 0.0170879 0.0329346 0.614172
0 0.616473 0.144303 0.020843 0.0396504 0.61297
0 0.782667 0.167113 0.0213539 0.0376507 0.608389
0 0.654765 0.151245 0.0201951 0.0338151 0.606226
0 0.835829 0.398312 0.0224152 0.0398331 0.604695
0 0.65748 0.898573 0.0162991 0.0333059 0.602433
0 0.729127 0.618767 0.0212666 0.0357381 0.598245
0 0.808417 0.857957 0.0155819 0.0289456 0.59399
0 0.550889 0.452966 0.0186186 0.0359989 0.593279
0 0.863776 0.543171 0.0197239 0.046951 0.591486
0 0.665237 0.481546 0.0182032 0.0389537 0.584455
0 0.699168 0.076496 0.0183582 0.0282589 0.578545
0 0.205541 0.424445 0.0249995 0.0510695 0.577254
0 0.959323 0.928583 0.0152044 0.0247026 0.574578
0 0.680225 0.24949 0.0177076 0.0348692 0.574127
0 0.608849 0.509321 0.0166974 0.0377991 0.573329
0 0.755804 0.801795 0.0190166 0.0336671 0.571754
0 0.458435 0.0773591 0.0163645 0.0315776 0.570811
0 0.117776 0.43871 0.0244376 0.0409612 0.569479
0 0.81657 0.247901 0.0248814 0.0453458 0.56856
0 0.985904 0.957723 0.0144756 0.0225784 0.557854
0 0.948038 0.986898 0.0148352 0.0233649 0.557828
0 0.69534 0.140501 0.0193342 0.0360869 0.553186
0 0.981437 0.926942 0.0147423 0.0240114 0.5513
0 0.575366 0.316084 0.0160599 0.0353995 0.550837
0 0.981767 0.864923 0.0141762 0.0235528 0.549085
0 0.226658 0.0172064 0.0204241 0.0341618 0.547889
0 0.260982 0.192521 0.0174592 0.0287777 0.547164
0 0.0821097 0.502737 0.0166229 0.0294957 0.541516
0 0.153681 0.773801 0.0200821 0.0333849 0.538337
0 0.315075 0.906713 0.0199608 0.03065 0.536392
0 0.773597 0.130223 0.0173695 0.0337131 0.532776
0 0.154301 0.465856 0.0185816 0.033152 0.530846
0 0.953278 0.860878 0.0140896 0.0232666 0.522414
0 0.964648 0.958982 0.0140354 0.0227091 0.522196
0 0.96588 0.989145 0.0134068 0.0194804 0.520199
0 0.104629 0.0792023 0.0225044 0.0431722 0.517612
0 0.979412 0.894742 0.0135242 0.0228136 0.516991
0 0.441481 0.107922 0.0144273 0.0286378 0.516738
0 0.630171 0.367425 0.0247917 0.0460822 0.51572
0 0.213595 0.0532669 0.0192554 0.0365217 0.514861
0 0.115071 0.355641 0.0155665 0.0302317 0.513911
0 0.33784 0.479133 0.0195846 0.0342236 0.512671
0 0.483617 0.463078 0.0153301 0.0306135 0.512296
0 0.326203 0.86323 0.0190915 0.0321774 0.506774
0 0.936409 0.899243 0.0152012 0.0230937 0.506594
0 0.010959 0.729716 0.0218201 0.0511631 0.506209
0 0.706309 0.448562 0.012917 0.031682 0.505498
0 0.516724 0.430099 0.0178839 0.0276338 0.501272
0 0.95867 0.896355 0.0144085 0.0201535 0.498598
0 0.453272 0.0277693 0.0183598 0.0336281 0.497215
0 0.694586 0.673784 0.0184717 0.0338147 0.495453
0 0.317548 0.146444 0.0164339 0.0344183 0.49541
0 0.660786 0.009959 0.0249161 0.019918 0.493334
0 0.688993 0.180258 0.0162184 0.0285518 0.492182
0 0.545056 0.623853 0.0206053 0.0374463 0.490129
0 0.4625 0.150039 0.0117365 0.0255685 0.48996
0 0.177939 0.21198 0.0189492 0.0309797 0.489579
0 0.0951199 0.622146 0.0220618 0.0388818 0.487607
0 0.946242 0.959925 0.0121155 0.0207041 0.487279
0 0.83844 0.928856 0.0147663 0.0273705 0.486641
0 0.371446 0.437553 0.0203953 0.035768 0.486188
0 0.801159 0.743077 0.0157047 0.030687 0.483295
0 0.230892 0.30778 0.0199449 0.0381456 0.478177
0 0.372966 0.485609 0.0186888 0.030137 0.477085
0 0.375731 0.278763 0.0193741 0.0371567 0.473744
0 0.534246 0.853111 0.0178549 0.0392888 0.46984
0 0.351558 0.337325 0.0160328 0.0277179 0.468405
0 0.488298 0.830107 0.0183439 0.0344038 0.463918
0 0.634512 0.921163 0.015942 0.0281345 0.44689
0 0.874414 0.61619 0.0185806 0.0345879 0.442541
0 0.67124 0.0433848 0.0147505 0.0291204 0.442165
0 0.0795403 0.467626 0.0183802 0.0298738 0.441197
0 0.00870494 0.550099 0.0172121 0.0346836 0.436783
0 0.386933 0.309095 0.0155998 0.0262388 0.435958
0 0.788758 0.215189 0.0160317 0.0343333 0.434977
0 0.756704 0.376353 0.0163799 0.0332723 0.434666
0 0.730235 0.083699 0.0196856 0.0352833 0.43243
0 0.200973 0.194997 0.0177225 0.0306413 0.42932
0 0.892437 0.933987 0.014336 0.031228 0.42911
0 0.602973 0.286959 0.015109 0.0246993 0.425681
0 0.996993 0.896538 0.00601323 0.023623 0.416421
0 0.642016 0.118164 0.0161925 0.0293059 0.413423
0 0.625803 0.0720313 0.0154059 0.0303226 0.412971
0 0.450435 0.624498 0.0176006 0.0324009 0.412487
0 0.722674 0.577241 0.0203682 0.04014 0.411177
0 0.739861 0.659105 0.0190021 0.02554 0.410811
0 0.634416 0.257039 0.0152719 0.0355286 0.410423
0 0.156744 0.277722 0.0179251 0.0313601 0.409792
0 0.663389 0.0918719 0.0160076 0.0392021 0.408798
0 0.334579 0.385758 0.0188869 0.0372009 0.407751
0 0.414498 0.441426 0.0155356 0.0257668 0.405574
0 0.832001 0.984719 0.0121578 0.0293391 0.403301
0 0.637414 0.440607 0.0145157 0.0330509 0.391264
0 0.0133076 0.0202853 0.0237066 0.0393282 0.388743
0 0.606309 0.451958 0.0200775 0.0377828 0.388613
0 0.685461 0.878657 0.0183179 0.0341058 0.387518
0 0.165057 0.410358 0.0206943 0.0349913 0.382706
0 0.0233014 0.461995 0.0242623 0.0363217 0.382166
0 0.633766 0.543966 0.0168381 0.0464696 0.38209
0 0.392391 0.115401 0.0138392 0.0315203 0.381399
0 0.346629 0.835597 0.0141898 0.0291005 0.380264
0 0.114445 0.682599 0.0212488 0.0323208 0.376925
0 0.710031 0.348347 0.0177294 0.0312026 0.376313
0 0.532502 0.520821 0.016946 0.035553 0.376147
0 0.600845 0.101083 0.0229715 0.0402172 0.373453
0 0.209662 0.375202 0.0191006 0.03194 0.370409
0 0.931843 0.86525 0.0136047 0.0242482 0.36675
0 0.570835 0.192229 0.0188263 0.0389317 0.36612
0 0.730226 0.541642 0.0152702 0.0331971 0.363964
0 0.122147 0.723557 0.0197658 0.0328318 0.359879
0 0.253169 0.111754 0.0164144 0.0319371 0.351993
0 0.869684 0.892693 0.0141548 0.0261142 0.348872
0 0.37488 0.661205 0.0161725 0.0281593 0.342844
0 0.571771 0.253767 0.01521 0.0278852 0.339114
0 0.602478 0.405373 0.0233021 0.0412284 0.337974
0 0.306119 0.243064 0.0143701 0.0274099 0.337967
0 0.141562 0.434756 0.0168333 0.030601 0.334353
0 0.69838 0.637248 0.0129995 0.0241821 0.33434
0 0.633071 0.0977741 0.0145658 0.022083 0.332922
0 0.55572 0.563348 0.0217852 0.0373211 0.332203
0 0.517496 0.646183 0.0188573 0.0379406 0.331553
0 0.177262 0.661862 0.0180226 0.0342497 0.331421
0 0.469789 0.327956 0.0200886 0.0369948 0.328283
0 0.159158 0.3146 0.0189681 0.0281115 0.328254
0 0.221529 0.364582 0.0130446 0.0328435 0.328243
0 0.845675 0.545752 0.00976906 0.0243433 0.32703
0 0.324007 0.280981 0.0138746 0.0287664 0.321434
0 0.0525846 0.331969 0.0158838 0.0291017 0.319106
0 0.628028 0.986015 0.0251436 0.027876 0.316679
0 0.938833 0.931787 0.0144178 0.0195977 0.31413
0 0.329621 0.215348 0.0182767 0.0259185 0.313146
0 0.440011 0.356217 0.0255514 0.045203 0.31146
0 0.104927 0.150611 0.01719 0.0270794 0.311325
0 0.110943 0.309608 0.0204192 0.0317793 0.309785
0 0.574886 0.696738 0.0176736 0.0296801 0.307923
0 0.143959 0.702007 0.0200934 0.0383249 0.30379
0 0.366695 0.809963 0.0199557 0.0333588 0.303182
0 0.97095 0.837021 0.0132305 0.0205387 0.299982
0 0.239184 0.486316 0.0186044 0.0302223 0.29994
0 0.38505 0.709067 0.0164169 0.025187 0.298557
0 0.643685 0.657961 0.0140523 0.0335891 0.298019
0 0.0803358 0.398436 0.0170776 0.0282426 0.297345
0 0.0981409 0.372551 0.0162648 0.0267239 0.294489
0 0.201872 0.544578 0.0158576 0.033296 0.293459
0 0.403217 0.0859272 0.0124754 0.0289174 0.2915
0 0.195807 0.764893 0.013409 0.026788 0.28567
0 0.00261631 0.477251 0.00521791 0.0455589 0.285297
0 0.486015 0.920532 0.0202646 0.0368666 0.283422
0 0.929779 0.979006 0.0114128 0.0272947 0.283377
0 0.751391 0.687913 0.0145779 0.0298309 0.282751
0 0.304654 0.871407 0.0184198 0.0297604 0.280749
0 0.103995 0.679671 0.012937 0.0297663 0.280491
0 0.190877 0.3649 0.0172418 0.0293381 0.280322
0 0.379555 0.618374 0.0178222 0.0367562 0.277222
0 0.183426 0.499133 0.0122864 0.0238675 0.274755
0 0.246192 0.0769067 0.0148576 0.0232654 0.27424
0 0.0808773 0.348142 0.0172956 0.0332386 0.271629
0 0.261553 0.0405293 0.0166689 0.0303948 0.270809
0 0.533722 0.666607 0.0157885 0.0373675 0.268427
0 0.194464 0.0506509 0.0147834 0.0310202 0.268323
0 0.170002 0.817725 0.0174522 0.03421 0.267746
0 0.479603 0.0722396 0.0165599 0.0314631 0.261702
0 0.357782 0.507305 0.0117759 0.0245755 0.261667
0 0.390474 0.262836 0.0146245 0.0314071 0.260677
0 0.767451 0.685428 0.0182288 0.0339856 0.259757
0 0.298456 0.458395 0.025481 0.0516479 0.255893
0 0.173711 0.662361 0.022883 0.0353498 0.255437
0 0.588731 0.358981 0.0168677 0.0335819 0.254869
0 0.445998 0.673546 0.0168055 0.0294327 0.25361
0 0.658309 0.244302 0.014323 0.0307954 0.253114
0 0.66844 0.599781 0.0300455 0.047646 0.243263
0 0.145171 0.706703 0.0198818 0.0374173 0.243169
0 0.276369 0.445885 0.0161873 0.0315963 0.242414
0 0.862311 0.867501 0.0158538 0.0298099 0.242057
0 0.714718 0.877346 0.0181748 0.0329602 0.241194
0 0.784483 0.643701 0.0152858 0.0368422 0.237962
0 0.35644 0.193041 0.0163288 0.030575 0.234586
0 0.342513 0.12527 0.0189093 0.038539 0.234573
0 0.888007 0.56404 0.0256893 0.0455007 0.234527
0 0.625509 0.494899 0.018033 0.0323008 0.233997
0 0.39277 0.472126 0.0153696 0.0301034 0.232197
0 0.0605626 0.360785 0.0190896 0.0357858 0.231309
0 0.635318 0.0999251 0.0148571 0.0212329 0.22723
0 0.100278 0.116468 0.014773 0.0219401 0.226179
0 0.352323 0.544136 0.0163704 0.0315641 0.225275
0 0.459676 0.487719 0.0151247 0.0286817 0.223349
0 0.146568 0.177642 0.0188622 0.0282795 0.217295
0 0.140698 0.360371 0.0150075 0.0274105 0.216873
0 0.209202 0.144883 0.0155651 0.0308405 0.216005
0 0.782862 0.962207 0.0179852 0.0303755 0.215312
0 0.136872 0.652425 0.0245817 0.0427369 0.214673
0 0.248927 0.358456 0.0238124 0.0417125 0.213327
0 0.292447 0.673717 0.0162665 0.0300928 0.212029
0 0.826023 0.953094 0.00954984 0.0226399 0.206196
0 0.145524 0.987818 0.0226039 0.0238475 0.20527
0 0.54462 0.157439 0.0122996 0.0303582 0.203031
0 0.335941 0.626131 0.0156704 0.0307201 0.201532
0 0.534675 0.402017 0.0152205 0.0277068 0.200897
0 0.714714 0.993535 0.0195799 0.0128047 0.197228
0 0.116469 0.39348 0.0171516 0.0279904 0.196743
0 0.796349 0.712249 0.0163435 0.0304769 0.196545
0 0.67102 0.604478 0.0308441 0.0433936 0.196174
0 0.376682 0.857005 0.0216707 0.0413159 0.196172
0 0.572172 0.442282 0.0134308 0.0252034 0.195972
0 0.966182 0.439161 0.0144386 0.0226874 0.1939
0 0.404462 0.734492 0.0163754 0.0330404 0.193567
0 0.498327 0.862127 0.0114277 0.0215812 0.190225
0 0.153783 0.135942 0.0124633 0.0236092 0.189933
0 0.355521 0.0756009 0.0183435 0.0336999 0.189276
0 0.234849 0.419899 0.0174097 0.028447 0.18869
0 0.0819861 0.434182 0.0169752 0.0282603 0.18815
0 0.557032 0.180214 0.00992718 0.0268207 0.187176
0 0.151882 0.770751 0.0176035 0.0337264 0.185571
0 0.507344 0.0246165 0.0231634 0.0380837 0.183218
0 0.535564 0.670538 0.0194379 0.0382365 0.182497
0 0.59081 0.717176 0.0185591 0.0373667 0.180047
0 0.411371 0.213807 0.012936 0.0232923 0.17822
0 0.985729 0.989427 0.0141613 0.0187042 0.178011
0 0.387871 0.372959 0.0107953 0.0302827 0.17722
0 0.0063585 0.791488 0.0126506 0.0322651 0.175128
0 0.0981653 0.481314 0.0150601 0.0255551 0.174679
0 0.606407 0.776861 0.0228249 0.0445165 0.172282
0 0.69064 0.291052 0.0133547 0.026597 0.172073
0 0.418147 0.820886 0.0188707 0.0355625 0.171538
0 0.37648 0.219154 0.0118807 0.0250656 0.171069
0 0.548148 0.684338 0.0176685 0.0377821 0.169716
0 0.861135 0.787155 0.0310741 0.0654002 0.169608
0 0.20486 0.0188225 0.0159467 0.0241735 0.168419
0 0.348425 0.226214 0.0160472 0.0294338 0.167193
0 0.386417 0.534686 0.0154813 0.0284268 0.16593
0 0.226628 0.177283 0.0167773 0.0319807 0.163913
0 0.422602 0.120617 0.0162544 0.0319544 0.163831
0 0.922533 0.907164 0.0115406 0.0338093 0.163335
0 0.680073 0.607513 0.0141729 0.0408029 0.161455
0 0.693532 0.584456 0.0148803 0.0317213 0.161054
0 0.747671 0.0952256 0.0171104 0.027526 0.160723
0 0.759295 0.144934 0.0165728 0.040424 0.160352
0 0.868881 0.0139292 0.0139969 0.0266845 0.160332
0 0.539905 0.677709 0.026474 0.0419066 0.160128
0 0.560053 0.143792 0.0180777 0.0357871 0.160096
0 0.699793 0.0266977 0.0189109 0.0337909 0.15908
0 0.13993 0.753314 0.0133526 0.0255771 0.158428
0 0.860996 0.55401 0.0196295 0.0410041 0.15778
0 0.108475 0.271665 0.0144759 0.0202998 0.156394
0 0.0209543 0.403204 0.0195226 0.029774 0.154866
0 0.711189 0.287919 0.014085 0.0264594 0.154464
0 0.691865 0.987745 0.0132656 0.0234609 0.154007
0 0.460844 0.735923 0.0265764 0.0418955 0.152156
0 0.937155 0.824948 0.0222725 0.0410275 0.151063
0 0.348964 0.927128 0.0313066 0.0471011 0.150967
0 0.0039668 0.345986 0.00793361 0.0352659 0.150836
0 0.516261 0.504777 0.0118567 0.0279167 0.148787
0 0.488707 0.401089 0.0248423 0.0453444 0.148531
0 0.426094 0.728988 0.0126242 0.0259285 0.148501
0 0.443998 0.961859 0.0224955 0.0393565 0.148441
0 0.0387077 0.0210273 0.0179175 0.0257203 0.148369
0 0.670411 0.43951 0.00973015 0.0271612 0.144305
0 0.589773 0.466449 0.0140235 0.0297462 0.143715
0 0.0401417 0.20852 0.0194491 0.0339626 0.143035
0 0.0262065 0.169634 0.0181132 0.030266 0.142346
0 0.251519 0.829906 0.0194755 0.0334683 0.141902
0 0.739187 0.733043 0.0162189 0.0316176 0.141814
0 0.39905 0.805945 0.0142728 0.0296592 0.139922
0 0.876489 0.435762 0.0129219 0.0207798 0.139397
0 0.397256 0.185428 0.0170099 0.0327488 0.138967
0 0.318995 0.367066 0.0120104 0.0294568 0.138296
0 0.0321465 0.36762 0.0199374 0.0358482 0.137027
0 0.542952 0.681728 0.0264364 0.0443549 0.136431
0 0.794028 0.250364 0.0143939 0.024397 0.135523
0 0.12605 0.127743 0.0209475 0.0333908 0.135389
0 0.107404 0.311478 0.0155275 0.028802 0.13536
0 0.520418 0.649594 0.0172443 0.0372882 0.135178
0 0.471078 0.805693 0.0151539 0.0217124 0.13394
0 0.466996 0.424823 0.0179962 0.0249105 0.133474
0 0.698517 0.638591 0.0161053 0.0280775 0.133131
0 0.0134599 0.1242 0.0192418 0.0378998 0.132567
0 0.495213 0.0898157 0.0211552 0.0381371 0.132025
0 0.0592701 0.366289 0.0200709 0.0392381 0.131138
0 0.171262 0.0604857 0.0171342 0.0265138 0.13065
0 0.615768 0.254755 0.014278 0.0289767 0.130252
0 0.416197 0.0600408 0.0151701 0.0278775 0.130185
0 0.309811 0.0508342 0.0154973 0.0311601 0.129989
0 0.607747 0.0289448 0.0121805 0.0281129 0.129859
0 0.555067 0.0829276 0.0124389 0.0258481 0.129385
0 0.771246 0.132916 0.018342 0.0350608 0.129371
0 0.19396 0.763248 0.0144578 0.029837 0.129186
0 0.211804 0.372175 0.0232431 0.0347528 0.129004
0 0.881446 0.6488 0.014325 0.0225554 0.127617
0 0.854047 0.572347 0.0109543 0.022867 0.127573
0 0.0195186 0.412436 0.0209342 0.045836 0.127391
0 0.2183 0.36793 0.0176105 0.0355067 0.127105
0 0.541848 0.231838 0.01642 0.0292021 0.12701
0 0.0349333 0.36977 0.0220623 0.0363978 0.12695
0 0.93506 0.902145 0.0170685 0.0307388 0.12683
0 0.694146 0.0318788 0.0280092 0.0465893 0.12634
0 0.186907 0.12978 0.0153895 0.0259897 0.126109
0 0.088139 0.185311 0.0138529 0.0257646 0.124754
0 0.894969 0.885995 0.013895 0.0285428 0.124346
0 0.255574 0.526652 0.0154099 0.0259429 0.123595
0 0.557436 0.145793 0.0178221 0.0364716 0.122949
0 0.14123 0.698691 0.0176786 0.0326612 0.122871
0 0.400903 0.360322 0.0279585 0.0451224 0.122714
0 0.835553 0.479234 0.0288095 0.0484641 0.121346
0 0.234053 0.308232 0.0162161 0.0396711 0.12019
0 0.647125 0.0420226 0.0117092 0.0252209 0.119205
0 0.492554 0.40417 0.0240896 0.0439583 0.119198
0 0.707151 0.527359 0.0208666 0.0421627 0.118953
0 0.00796973 0.159545 0.0134916 0.0254949 0.118025
0 0.0175457 0.419948 0.0216547 0.0404135 0.117357
0 0.433352 0.928964 0.0151347 0.0279774 0.116953
0 0.22804 0.305217 0.0236039 0.0423855 0.114648
0 0.221106 0.0878674 0.021473 0.0271749 0.114628
0 0.673518 0.947004 0.0164093 0.0458953 0.114261
0 0.133858 0.313343 0.0184094 0.0302486 0.111638
0 0.896459 0.424574 0.0135551 0.0207081 0.11007
0 0.237382 0.752976 0.0131068 0.0251156 0.109865
0 0.384778 0.310949 0.0168054 0.0306254 0.109796
0 0.530619 0.662089 0.0155052 0.0352861 0.109638
0 0.63332 0.209202 0.0190688 0.0363001 0.109637
0 0.110207 0.68087 0.0234236 0.0319313 0.107966
0 0.346007 0.923397 0.0263349 0.0429998 0.107809
0 0.89557 0.671464 0.0165522 0.0258163 0.107808
0 0.256553 0.828654 0.0234899 0.0338938 0.107701
0 0.192856 0.654541 0.0132361 0.0295946 0.107354
0 0.626984 0.019465 0.0141691 0.0287332 0.107319
0 0.756671 0.537376 0.0192094 0.0349462 0.106744
0 0.751166 0.0580869 0.0164605 0.0358474 0.106102
0 0.786167 0.647269 0.014645 0.0411701 0.10601
0 0.73586 0.417533 0.0148239 0.0311744 0.103323
0 0.333285 0.621543 0.0171926 0.0353312 0.102897
0 0.131759 0.188544 0.0132286 0.0253024 0.102765
0 0.155298 0.865292 0.0188827 0.036793 0.101874
0 0.940417 0.933501 0.012126 0.0211965 0.101689
0 0.420395 0.407244 0.013456 0.0237703 0.100753
0 0.761405 0.686934 0.0220938 0.0339654 0.100215
