0 0.00705526 0.620367 0.0141105 0.0334492 0.682739
0 0.0068482 0.059436 0.0136964 0.0278868 0.66963
0 0.510192 0.515294 0.0305609 0.047144 0.668215
0 0.263075 0.660504 0.025338 0.0443137 0.652463
0 0.865065 0.783925 0.0269375 0.0414825 0.649977
0 0.0247858 0.110681 0.0180489 0.0342993 0.644993
0 0.256841 0.173191 0.0193371 0.0401839 0.644922
0 0.299728 0.0181764 0.0202452 0.0348512 0.643706
0 0.166442 0.496825 0.0257862 0.0499931 0.640704
0 0.146341 0.407853 0.0246812 0.0482045 0.640173
0 0.158784 0.223148 0.0251268 0.0427444 0.639942
0 0.606163 0.385275 0.0227212 0.0360577 0.63005
0 0.174237 0.835178 0.0182345 0.0286814 0.624269
0 0.0117018 0.671307 0.0222256 0.0404057 0.624009
0 0.320258 0.354847 0.0277518 0.0679451 0.621396
0 0.536493 0.36788 0.0216263 0.0407823 0.620933
0 0.0707261 0.33258 0.0178444 0.034266 0.616516
0 0.183744 0.401521 0.0269117 0.0442484 0.615662
0 0.278322 0.491093 0.0251082 0.0498534 0.61313
0 0.577684 0.552642 0.0190045 0.0290643 0.611945
0 0.715363 0.855197 0.0175638 0.034083 0.611535
0 0.633724 0.327824 0.0157685 0.0273886 0.610901
0 0.0983561 0.640768 0.0174374 0.0304896 0.609123
0 0.0521092 0.319206 0.0183162 0.0323476 0.609075
0 0.00842936 0.507338 0.0152695 0.0278505 0.608403
0 0.232934 0.662959 0.0257636 0.0396001 0.606064
0 0.612275 0.559774 0.0237665 0.0371487 0.605424
0 0.486102 0.0820997 0.0196339 0.0312629 0.604057
0 0.0690364 0.0422586 0.0174611 0.0266704 0.603253
0 0.743936 0.749002 0.0204278 0.034611 0.601681
0 0.682566 0.092758 0.0227 0.0352832 0.600602
0 0.324897 0.534203 0.0203864 0.0420692 0.599509
0 0.575021 0.812237 0.0168691 0.024891 0.599255
0 0.625933 0.245291 0.0180826 0.0316457 0.598415
0 0.0255472 0.0649007 0.0148739 0.0228183 0.597713
0 0.522909 0.946239 0.0269135 0.0401645 0.59689
0 0.940904 0.72124 0.0180946 0.0351886 0.595295
0 0.429474 0.69341 0.0170477 0.0335856 0.594909
0 0.655357 0.472973 0.0164627 0.0363081 0.594195
0 0.75832 0.358739 0.0272901 0.0498876 0.593855
0 0.575243 0.58699 0.0155808 0.0258946 0.590477
0 0.679261 0.750572 0.0255107 0.0472354 0.589889
0 0.00858954 0.464029 0.016734 0.0328679 0.589712
0 0.539033 0.486832 0.0153302 0.0321481 0.588824
0 0.648532 0.691423 0.0235478 0.0420381 0.587906
0 0.115285 0.212463 0.0155321 0.0271618 0.587087
0 0.594281 0.59874 0.0154455 0.0272765 0.586012
0 0.225604 0.25786 0.0157128 0.0279075 0.585519
0 0.751342 0.796079 0.0208711 0.0372955 0.584403
0 0.178277 0.887984 0.0188605 0.0407198 0.584104
0 0.933399 0.851687 0.019614 0.0317464 0.583883
0 0.577163 0.12708 0.0199926 0.0318404 0.581993
0 0.32683 0.161766 0.0145356 0.0258445 0.58149
0 0.0249411 0.284993 0.0202692 0.0309649 0.579467
0 0.0763464 0.589395 0.0156954 0.0261437 0.579285
0 0.410582 0.015619 0.0342001 0.0306756 0.579056
0 0.0472423 0.488121 0.0176923 0.0342812 0.57878
0 0.463511 0.0793741 0.0182776 0.0331678 0.578461
0 0.777959 0.104602 0.0183069 0.0344458 0.578
0 0.380081 0.920786 0.0168812 0.0314379 0.576143
0 0.616369 0.32977 0.0172373 0.0340488 0.575713
0 0.0463386 0.277432 0.0154968 0.0267152 0.575187
0 0.20679 0.780118 0.0164575 0.0292321 0.574663
0 0.20533 0.14133 0.0213483 0.0331531 0.574656
0 0.102282 0.703763 0.0167192 0.0292827 0.573533
0 0.539373 0.308165 0.0166971 0.0287486 0.572796
0 0.649197 0.399568 0.0224187 0.0443648 0.572695
0 0.467839 0.793723 0.0218529 0.0339652 0.572585
0 0.0380094 0.374724 0.024467 0.0483838 0.571786
0 0.442691 0.130569 0.0172069 0.0302867 0.571588
0 0.105195 0.810701 0.0205031 0.0412794 0.569901
0 0.642509 0.145648 0.0172132 0.0276611 0.568837
0 0.430634 0.640123 0.0180002 0.0311662 0.566004
0 0.779517 0.710587 0.0190748 0.0323161 0.563249
0 0.712513 0.0592557 0.0212307 0.0426793 0.563075
0 0.0400973 0.622617 0.0156056 0.0345876 0.563002
0 0.354685 0.0607803 0.0166435 0.0270117 0.560861
0 0.481017 0.0241329 0.0184252 0.0293554 0.560236
0 0.532693 0.600168 0.0147851 0.0248601 0.559927
0 0.702455 0.439619 0.0142406 0.0262512 0.559574
0 0.0731662 0.728203 0.0168648 0.0284203 0.559553
0 0.152038 0.279197 0.0158403 0.0302295 0.557353
0 0.63419 0.521662 0.0147909 0.0276718 0.554252
0 0.681833 0.613881 0.0171254 0.0269472 0.55304
0 0.351892 0.567422 0.0137104 0.0267691 0.552024
0 0.077701 0.165458 0.0253684 0.0448315 0.549914
0 0.505996 0.0916274 0.0164993 0.0296727 0.548914
0 0.676206 0.128657 0.0157526 0.0263644 0.548861
0 0.280049 0.743328 0.0166571 0.0267693 0.547592
0 0.537104 0.0251617 0.0187622 0.0346005 0.54718
0 0.103281 0.0385615 0.0146039 0.0244481 0.546528
0 0.528053 0.639381 0.0156861 0.0248023 0.545965
0 0.25214 0.130336 0.013994 0.0237468 0.545837
0 0.60363 0.898464 0.0215956 0.039979 0.54519
0 0.591862 0.838025 0.0203219 0.0305667 0.544764
0 0.0778776 0.803829 0.0140778 0.0250117 0.544004
0 0.704989 0.36464 0.0177367 0.0323894 0.543995
0 0.583635 0.925908 0.0161512 0.0308412 0.542575
0 0.688562 0.686625 0.0168039 0.0277451 0.542055
0 0.56404 0.919036 0.018848 0.0334588 0.541947
0 0.249064 0.753022 0.0170741 0.0258521 0.541366
0 0.0427337 0.722848 0.0140066 0.0246078 0.540216
0 0.735321 0.699156 0.0226281 0.0279348 0.53773
0 0.501519 0.426531 0.0173208 0.0306882 0.537513
0 0.751405 0.12866 0.0173998 0.0355278 0.535628
0 0.57731 0.891316 0.0124552 0.0193471 0.535551
0 0.555967 0.615858 0.0180087 0.0295814 0.535275
0 0.530408 0.562597 0.0158118 0.0254535 0.535084
0 0.652873 0.319953 0.0149258 0.0238418 0.533923
0 0.106449 0.570554 0.0173594 0.0310323 0.533672
0 0.70819 0.402997 0.019066 0.0285194 0.533343
0 0.0268313 0.491858 0.0145847 0.0254565 0.532968
0 0.0363806 0.950713 0.0201914 0.0378198 0.532381
0 0.584301 0.311447 0.0162252 0.0306949 0.532094
0 0.279468 0.267542 0.0167886 0.0287373 0.531274
0 0.454292 0.552642 0.0212633 0.0348753 0.531263
0 0.652443 0.0228485 0.0166726 0.0252368 0.530717
0 0.805396 0.748232 0.0177819 0.0316043 0.529825
0 0.608061 0.52372 0.0164307 0.0270764 0.529564
0 0.438473 0.76231 0.0147701 0.0275974 0.529112
0 0.595581 0.54674 0.010799 0.0218354 0.528016
0 0.555295 0.39195 0.0179501 0.034176 0.527572
0 0.369168 0.192794 0.018237 0.0301312 0.52537
0 0.730705 0.365729 0.0173164 0.0389426 0.524264
0 0.531148 0.899454 0.0127686 0.0313314 0.523932
0 0.495656 0.605915 0.0185459 0.0325255 0.523511
0 0.287288 0.786338 0.0134321 0.0257962 0.52241
0 0.142609 0.155769 0.0195991 0.0399008 0.520741
0 0.783392 0.76852 0.0160263 0.0269211 0.520606
0 0.550963 0.690324 0.0154073 0.0237071 0.519838
0 0.276631 0.139432 0.0144475 0.0298615 0.519837
0 0.480199 0.534496 0.0126211 0.0334482 0.519421
0 0.769092 0.137159 0.0156164 0.0310061 0.518777
0 0.428507 0.599125 0.0178453 0.0342795 0.5173
0 0.279017 0.387552 0.0197833 0.0370214 0.517271
0 0.0223852 0.422997 0.0168529 0.0235619 0.515608
0 0.689859 0.477145 0.0181368 0.0278705 0.514324
0 0.619843 0.0985587 0.0224963 0.0351668 0.514145
0 0.242102 0.864365 0.015551 0.0359792 0.513843
0 0.142717 0.828105 0.0211762 0.0433953 0.513732
0 0.684284 0.395216 0.0167014 0.0272864 0.511548
0 0.223505 0.0365152 0.0170197 0.0296134 0.511344
0 0.00337225 0.322218 0.00670779 0.0253187 0.511208
0 0.684172 0.428202 0.0138258 0.0294876 0.509943
0 0.164396 0.868932 0.0119016 0.0249546 0.509766
0 0.316631 0.0385415 0.0129395 0.0216335 0.507001
0 0.0311301 0.797674 0.0215011 0.0294783 0.505994
0 0.271759 0.839688 0.0158434 0.0316084 0.505546
0 0.624794 0.751004 0.018468 0.0251817 0.505354
0 0.00878132 0.372682 0.0169715 0.0328059 0.504786
0 0.158877 0.327445 0.0135558 0.0239942 0.504232
0 0.0180518 0.730156 0.0150111 0.031364 0.504192
0 0.00519996 0.418275 0.0103751 0.0252169 0.5038
0 0.716508 0.982788 0.0199678 0.029558 0.503747
0 0.720931 0.431479 0.0130186 0.0222031 0.502198
0 0.958197 0.913851 0.0289172 0.051787 0.501575
0 0.582541 0.721283 0.0178391 0.0247898 0.501236
0 0.334702 0.0188009 0.0169891 0.033501 0.501096
0 0.143296 0.0632386 0.0170512 0.0306173 0.500682
0 0.416845 0.759442 0.0156565 0.0347939 0.499356
0 0.252013 0.0785127 0.0127824 0.0224315 0.499031
0 0.0849667 0.0274489 0.0123402 0.0244203 0.498111
0 0.496503 0.144632 0.0180662 0.0241231 0.497122
0 0.699957 0.626197 0.0194445 0.0346074 0.496052
0 0.694263 0.529866 0.0162498 0.0269131 0.495414
0 0.611871 0.799495 0.021556 0.0382172 0.495269
0 0.643812 0.578542 0.014825 0.024038 0.494337
0 0.439471 0.530111 0.0140916 0.0269769 0.493367
0 0.138726 0.885833 0.0137178 0.0252567 0.492988
0 0.564227 0.0671175 0.0151653 0.0288706 0.492867
0 0.612244 0.611198 0.0123036 0.0228787 0.492568
0 0.444842 0.491582 0.019095 0.0331904 0.491943
0 0.299486 0.864639 0.0183523 0.0267621 0.491265
0 0.572365 0.647761 0.0173012 0.0325656 0.49109
0 0.252485 0.799673 0.0188561 0.033057 0.49091
0 0.0278149 0.64051 0.0142586 0.0276384 0.489684
0 0.425876 0.127761 0.0146015 0.0273542 0.488304
0 0.0558565 0.0730736 0.0177682 0.0339113 0.488271
0 0.36697 0.39182 0.0365397 0.0539167 0.488255
0 0.435221 0.940557 0.0164358 0.03123 0.487098
0 0.0842058 0.0953825 0.0157978 0.0279954 0.486593
0 0.552838 0.544561 0.0143007 0.0296722 0.485781
0 0.674543 0.46419 0.0143806 0.0310893 0.484505
0 0.070237 0.406791 0.0218605 0.0357496 0.482647
0 0.520898 0.679906 0.0128616 0.0234561 0.482485
0 0.164503 0.0323025 0.0204039 0.0401676 0.482277
0 0.556663 0.334318 0.0138836 0.0238054 0.481456
0 0.232014 0.144815 0.0157785 0.0281747 0.480311
0 0.398582 0.920367 0.0129146 0.024801 0.480284
0 0.41485 0.899133 0.0172197 0.0307712 0.479565
0 0.640425 0.842526 0.0173735 0.0374515 0.478228
0 0.416232 0.86074 0.0209532 0.0388736 0.477818
0 0.769953 0.866658 0.016673 0.0407393 0.476708
0 0.310752 0.0751346 0.0185733 0.031774 0.47631
0 0.242433 0.436157 0.0147911 0.0266634 0.476183
0 0.74817 0.192474 0.0279666 0.0463742 0.476105
0 0.32363 0.594606 0.0181646 0.0340546 0.473341
0 0.250999 0.835959 0.0129801 0.0255027 0.472848
0 0.292322 0.824604 0.0193986 0.030698 0.469908
0 0.524101 0.0653511 0.0144615 0.0269708 0.469726
0 0.11793 0.655338 0.0149394 0.0236368 0.467842
0 0.255377 0.701767 0.0139998 0.0234824 0.466533
0 0.680201 0.0588266 0.017286 0.0285536 0.465163
0 0.0153823 0.955233 0.0143963 0.031777 0.465069
0 0.346336 0.0956171 0.0144819 0.0255699 0.464446
0 0.075663 0.763276 0.0152947 0.0259142 0.464318
0 0.455337 0.932345 0.014558 0.0253499 0.464013
0 0.00556163 0.793597 0.0111233 0.0353 0.463782
0 0.230911 0.825365 0.018093 0.0267342 0.463705
0 0.78277 0.419147 0.0208008 0.0355016 0.462441
0 0.513581 0.792325 0.0193525 0.0338915 0.461425
0 0.0649396 0.886769 0.0197275 0.0329644 0.461317
0 0.203317 0.896361 0.0230145 0.0433167 0.460137
0 0.0266534 0.015035 0.0127463 0.0270039 0.458354
0 0.230958 0.657528 0.0240629 0.0386668 0.457733
0 0.321542 0.797648 0.016911 0.0322971 0.45771
0 0.798317 0.788886 0.0149422 0.029119 0.456698
0 0.4365 0.729004 0.0161282 0.0253572 0.456143
0 0.513346 0.595167 0.0120078 0.0255761 0.454803
0 0.616176 0.27917 0.0151368 0.0273225 0.453881
0 0.442323 0.792973 0.0170579 0.0291117 0.453803
0 0.00314782 0.729368 0.0062949 0.0343769 0.450878
0 0.238044 0.486869 0.0203113 0.033942 0.450028
0 0.839009 0.719766 0.0165323 0.0332184 0.449939
0 0.0732696 0.412022 0.018109 0.0264469 0.449889
0 0.153852 0.753464 0.0105314 0.0233497 0.449048
0 0.119254 0.947998 0.0159048 0.0421981 0.449041
0 0.151263 0.698103 0.0239567 0.0347161 0.447113
0 0.517138 0.315601 0.0207454 0.036046 0.447044
0 0.814682 0.793527 0.0161421 0.0279402 0.446836
0 0.652979 0.11711 0.016317 0.0280871 0.446612
0 0.833185 0.522366 0.0263287 0.0464382 0.445562
0 0.558764 0.160371 0.01765 0.0302439 0.444927
0 0.517737 0.462402 0.0194966 0.0299921 0.443656
0 0.581346 0.262291 0.0183587 0.0301577 0.44361
0 0.702459 0.133834 0.0134271 0.0249574 0.443052
0 0.545623 0.0759615 0.0135183 0.0252894 0.442778
0 0.419626 0.404209 0.0235813 0.0391684 0.442506
0 0.128608 0.771451 0.0180554 0.0251122 0.442377
0 0.717801 0.894185 0.0106199 0.0210029 0.439582
0 0.74438 0.474644 0.0142516 0.0273858 0.439277
0 0.79142 0.877017 0.0227257 0.0393277 0.438509
0 0.763994 0.462392 0.0162102 0.0286679 0.438476
0 0.00558472 0.91414 0.0111358 0.0398344 0.437976
0 0.771253 0.381544 0.0165657 0.0301443 0.437287
0 0.365139 0.138609 0.0151067 0.0287868 0.436889
0 0.336174 0.0221289 0.0173941 0.030518 0.435945
0 0.275752 0.877341 0.0147198 0.0240306 0.435418
0 0.275812 0.102669 0.0213722 0.0359861 0.434807
0 0.793447 0.610933 0.0234304 0.0405622 0.434345
0 0.370337 0.0974286 0.0113324 0.0223455 0.434131
0 0.721719 0.631068 0.0177601 0.0414681 0.434101
0 0.27543 0.690984 0.0157015 0.0254201 0.433902
0 0.298744 0.517654 0.0190188 0.0299249 0.431748
0 0.128176 0.580811 0.0163202 0.0257448 0.430304
0 0.118035 0.0872707 0.0132588 0.0253976 0.429745
0 0.6623 0.605982 0.0180696 0.0321032 0.428322
0 0.579651 0.497989 0.0183036 0.0390322 0.428298
0 0.0912807 0.840899 0.0118277 0.0225649 0.427536
0 0.167864 0.103457 0.0119056 0.0270279 0.426221
0 0.444577 0.0624669 0.0170357 0.036253 0.425904
0 0.0430274 0.423643 0.0179798 0.0236438 0.425839
0 0.710965 0.491324 0.0189966 0.0293433 0.425204
0 0.565795 0.438029 0.0192413 0.0308765 0.425183
0 0.393231 0.172542 0.0139372 0.0246331 0.424649
0 0.629113 0.601313 0.0115144 0.0239788 0.423735
0 0.121788 0.139204 0.0157539 0.0275873 0.423671
0 0.112842 0.174275 0.0162681 0.0225749 0.423528
0 0.728499 0.952606 0.011146 0.020976 0.422318
0 0.734291 0.864207 0.0145198 0.0240092 0.42171
0 0.722621 0.625751 0.0161757 0.0315271 0.421599
0 0.138531 0.476239 0.0166141 0.0329783 0.421138
0 0.570142 0.179733 0.0166049 0.0325717 0.420769
0 0.588639 0.0115793 0.0200841 0.0231585 0.420562
0 0.676083 0.338595 0.0193611 0.0300299 0.420503
0 0.0872978 0.0646756 0.015759 0.0227793 0.418294
0 0.560854 0.84878 0.0164217 0.0313432 0.418211
0 0.0988 0.416247 0.0181754 0.0277306 0.416428
0 0.306736 0.0746 0.0252006 0.0334817 0.416199
0 0.209882 0.429429 0.0147324 0.0245651 0.414245
0 0.534979 0.777365 0.0219844 0.0395949 0.413494
0 0.303824 0.584191 0.02083 0.0445753 0.412906
0 0.183038 0.118412 0.013702 0.02517 0.411341
0 0.554625 0.113089 0.0182154 0.0319503 0.41105
0 0.0688105 0.290206 0.0148736 0.0245599 0.410288
0 0.479873 0.643286 0.0235844 0.0320378 0.408573
0 0.407217 0.124565 0.0128078 0.0213592 0.408434
0 0.059429 0.759625 0.0124103 0.0210532 0.407922
0 0.47205 0.57164 0.0171373 0.0287858 0.40776
0 0.039137 0.763307 0.0144519 0.0234628 0.407332
0 0.667811 0.41385 0.0144844 0.0335736 0.406569
0 0.908387 0.913592 0.0173765 0.0281451 0.406176
0 0.392129 0.98143 0.018251 0.0337728 0.405509
0 0.176708 0.755706 0.0153193 0.0367527 0.40347
0 0.584985 0.361057 0.0190969 0.0298403 0.403382
0 0.142534 0.106968 0.0149601 0.0277899 0.402802
0 0.580572 0.503158 0.0176836 0.0298971 0.402441
0 0.559664 0.49544 0.0151464 0.0288673 0.402297
0 0.502903 0.0414903 0.0247389 0.0369756 0.400737
0 0.213102 0.384646 0.0246755 0.0374797 0.397532
0 0.473616 0.439571 0.0161133 0.031926 0.396344
0 0.441371 0.39971 0.0153358 0.0270318 0.394086
0 0.381489 0.544216 0.015634 0.0295486 0.392474
0 0.756779 0.0643107 0.0181737 0.037229 0.391892
0 0.37299 0.579508 0.01637 0.0317861 0.391314
0 0.613539 0.155174 0.0199043 0.0268607 0.389806
0 0.521107 0.0206678 0.0121838 0.0298805 0.386951
0 0.778508 0.199224 0.017646 0.0293911 0.386834
0 0.420197 0.528345 0.0214745 0.038382 0.386557
0 0.769023 0.37969 0.015667 0.029289 0.386322
0 0.129869 0.229824 0.0105082 0.0232556 0.386117
0 0.0181359 0.326574 0.0179953 0.0287455 0.385551
0 0.745636 0.842367 0.0131751 0.0199124 0.382698
0 0.590177 0.183345 0.0147607 0.0264126 0.382381
0 0.551511 0.910961 0.00914116 0.0252038 0.381646
0 0.0289799 0.695221 0.0156062 0.0254552 0.379734
0 0.292039 0.138523 0.0149821 0.0367434 0.37928
0 0.769631 0.750081 0.0128995 0.0258636 0.378981
0 0.579129 0.395128 0.0217518 0.0357308 0.37735
0 0.902708 0.67586 0.0237621 0.0402658 0.375819
0 0.507419 0.643014 0.0104753 0.0209137 0.375052
0 0.52407 0.439575 0.0195114 0.0331167 0.37437
0 0.344053 0.342903 0.0203391 0.0325316 0.373657
0 0.0755285 0.624303 0.0154709 0.0268781 0.370579
0 0.244056 0.0130842 0.0118647 0.0224771 0.370383
0 0.525316 0.159526 0.0232878 0.0353365 0.37018
0 0.579337 0.782225 0.0129669 0.0272851 0.369418
0 0.647418 0.730697 0.0181836 0.0251268 0.368984
0 0.26518 0.0538303 0.0191676 0.0256578 0.368265
0 0.639264 0.456634 0.0109372 0.0301614 0.367929
0 0.698415 0.902172 0.0128255 0.0336463 0.36668
0 0.713425 0.330851 0.0196291 0.0305239 0.36538
0 0.0441773 0.0741339 0.0161201 0.0310254 0.364627
0 0.132688 0.47617 0.0261449 0.0357917 0.364446
0 0.426686 0.48236 0.0185202 0.0327629 0.362799
0 0.54428 0.427593 0.0172729 0.0317308 0.362673
0 0.126613 0.831381 0.00928378 0.0207781 0.36229
0 0.480377 0.11882 0.0141119 0.0189198 0.360766
0 0.44235 0.189495 0.0187244 0.0384235 0.360419
0 0.337143 0.799206 0.0103507 0.0256998 0.356096
0 0.82229 0.708427 0.0139938 0.0289293 0.355909
0 0.0485528 0.0736553 0.0242349 0.0327939 0.354374
0 0.28224 0.236282 0.0109389 0.0231081 0.354315
0 0.407504 0.472355 0.0193795 0.0290071 0.353456
0 0.0120272 0.565477 0.0203775 0.0305743 0.353159
0 0.342711 0.933318 0.0163594 0.0329702 0.352761
0 0.0226514 0.327629 0.0193215 0.0285678 0.352747
0 0.200076 0.49608 0.018598 0.0356327 0.352242
0 0.27794 0.775196 0.0114305 0.0221193 0.351789
0 0.181653 0.709946 0.0198393 0.0331151 0.351524
0 0.650043 0.0717164 0.0272722 0.0431463 0.348415
0 0.599136 0.967659 0.0182749 0.0351874 0.345423
0 0.208132 0.853375 0.0188237 0.0321025 0.345237
0 0.0676151 0.51024 0.0137819 0.0203157 0.34475
0 0.179384 0.650797 0.0246679 0.0384933 0.344233
0 0.685896 0.950397 0.0159889 0.0280094 0.344221
0 0.639746 0.782018 0.0178101 0.033037 0.343961
0 0.0966126 0.738837 0.0193313 0.0330305 0.341177
0 0.347843 0.181557 0.014711 0.0216797 0.340859
0 0.393095 0.143682 0.0189493 0.028807 0.339428
0 0.511315 0.217852 0.0184851 0.0333932 0.338935
0 0.568085 0.280061 0.0117405 0.0218616 0.338804
0 0.117709 0.692959 0.0127425 0.0275152 0.337002
0 0.385999 0.0890114 0.0174556 0.0303414 0.336584
0 0.596328 0.750772 0.0158173 0.0177904 0.335409
0 0.308581 0.282973 0.0156206 0.0274407 0.333334
0 0.444577 0.604263 0.0125066 0.0247989 0.33289
0 0.148711 0.783958 0.0121016 0.0178316 0.33182
0 0.117164 0.306723 0.0168988 0.0236866 0.33126
0 0.270545 0.0232602 0.0220453 0.0298939 0.331054
0 0.0179475 0.191076 0.0193409 0.0348244 0.330829
0 0.268191 0.021564 0.0185229 0.026197 0.330544
0 0.0957041 0.201084 0.0148611 0.0245475 0.329483
0 0.745714 0.89922 0.0163467 0.0238612 0.329322
0 0.220299 0.749249 0.0138353 0.0251904 0.326169
0 0.389009 0.213948 0.0182061 0.0342443 0.32553
0 0.0611601 0.963744 0.0221517 0.0385692 0.324989
0 0.498777 0.374369 0.0173834 0.0281364 0.324403
0 0.723327 0.137318 0.0178722 0.0284289 0.323759
0 0.762328 0.602025 0.0180611 0.0354697 0.323371
0 0.516533 0.390034 0.020458 0.034229 0.322363
0 0.197785 0.314718 0.0137919 0.0208921 0.319519
0 0.474465 0.266262 0.0176331 0.033018 0.317175
0 0.910509 0.868989 0.0147171 0.0283714 0.317079
0 0.494561 0.566902 0.0156057 0.0242337 0.316788
0 0.257179 0.469715 0.0131294 0.0294517 0.316039
0 0.45605 0.652585 0.0126015 0.0265469 0.315499
0 0.816468 0.569457 0.0182713 0.0344528 0.31517
0 0.168997 0.291241 0.0157664 0.0260504 0.311672
0 0.925912 0.885443 0.016478 0.0285224 0.310844
0 0.631709 0.36716 0.0145226 0.0231662 0.310825
0 0.22972 0.349933 0.0130486 0.0249731 0.310045
0 0.136318 0.921638 0.0191542 0.0236715 0.309981
0 0.173685 0.928493 0.0115513 0.0259257 0.309764
0 0.728473 0.462824 0.0156483 0.0276395 0.309663
0 0.256802 0.892407 0.0176298 0.0301476 0.307047
0 0.73566 0.446985 0.0201744 0.0294113 0.30698
0 0.592417 0.640685 0.0137817 0.024577 0.306386
0 0.0259069 0.328329 0.0161911 0.0286084 0.305473
0 0.624695 0.716926 0.0127146 0.0225945 0.304147
0 0.04898 0.0329901 0.0150243 0.023408 0.303539
0 0.294551 0.140386 0.0199364 0.0368816 0.303304
0 0.553538 0.239041 0.0145658 0.0283676 0.302485
0 0.596782 0.333248 0.013187 0.0248543 0.30248
0 0.379834 0.540372 0.0172817 0.0357529 0.302205
0 0.316622 0.116898 0.0154045 0.0254323 0.302067
0 0.157254 0.898294 0.0166996 0.0290066 0.300587
0 0.102404 0.567818 0.0220826 0.0324643 0.299172
0 0.184591 0.251118 0.0177471 0.0315966 0.298421
0 0.128807 0.7249 0.01137 0.0185462 0.297818
0 0.0832905 0.867966 0.0154078 0.0201572 0.297576
0 0.784033 0.818588 0.0176716 0.0298896 0.297132
0 0.121144 0.406644 0.0149106 0.0245027 0.296961
0 0.353645 0.0307088 0.0149205 0.0261656 0.296848
0 0.894526 0.75688 0.0292515 0.0649451 0.296708
0 0.796875 0.456067 0.0304438 0.059654 0.296103
0 0.0788165 0.214223 0.0156368 0.0210226 0.296072
0 0.192487 0.282021 0.0178062 0.0290923 0.295991
0 0.817637 0.895395 0.0250698 0.0436503 0.294634
0 0.0929857 0.314322 0.0187437 0.0290816 0.293671
0 0.150127 0.626508 0.0213312 0.0401968 0.291232
0 0.0360459 0.551878 0.0176899 0.0323152 0.290732
0 0.574436 0.958845 0.0180613 0.0289357 0.288265
0 0.831271 0.763283 0.0120651 0.0287482 0.287741
0 0.270402 0.332615 0.0202514 0.0404543 0.287214
0 0.408998 0.186865 0.016333 0.0316881 0.287092
0 0.246258 0.296574 0.0151601 0.0249822 0.286423
0 0.100966 0.926499 0.0145552 0.0240716 0.285577
0 0.374241 0.495625 0.0122039 0.0264698 0.285456
0 0.135019 0.269353 0.0169249 0.0304469 0.284741
0 0.570458 0.322595 0.0102135 0.0183766 0.284354
0 0.42222 0.0996361 0.0176074 0.0214051 0.282598
0 0.352621 0.778261 0.0158459 0.0370399 0.281575
0 0.622289 0.715378 0.0153962 0.0231242 0.28035
0 0.489152 0.507057 0.0105989 0.0260627 0.280023
0 0.27027 0.448141 0.0169509 0.0263748 0.279033
0 0.565687 0.0297551 0.0178098 0.0252442 0.278362
0 0.396897 0.519461 0.0132559 0.0246099 0.277717
0 0.444958 0.0695502 0.0170738 0.0446452 0.277428
0 0.0987323 0.87969 0.00963191 0.0229513 0.277064
0 0.145001 0.0227589 0.0141787 0.0253092 0.273931
0 0.110861 0.437878 0.0153376 0.0297821 0.273819
0 0.618526 0.712639 0.0199192 0.0228882 0.272901
0 0.363545 0.141477 0.0180185 0.0337626 0.27123
0 0.639608 0.288164 0.016239 0.031099 0.268875
0 0.0389488 0.626619 0.0147599 0.0284986 0.265263
0 0.320204 0.889242 0.0228458 0.0389069 0.262188
0 0.715588 0.458383 0.00851962 0.0236125 0.262174
0 0.731134 0.455582 0.0194401 0.0422086 0.261258
0 0.246197 0.52209 0.029527 0.0344643 0.261168
0 0.369309 0.331954 0.0229652 0.0407377 0.260954
0 0.791783 0.1693 0.0199368 0.035972 0.257209
0 0.349046 0.494662 0.0200189 0.0346336 0.2559
0 0.690957 0.583615 0.012615 0.0237493 0.254893
0 0.716567 0.942058 0.01818 0.0291772 0.252765
0 0.32997 0.298907 0.0169333 0.0302711 0.251508
0 0.372202 0.0539167 0.0107544 0.0224822 0.251255
0 0.423817 0.787729 0.0122791 0.0225874 0.250772
0 0.447569 0.905866 0.0160316 0.020675 0.248463
0 0.616014 0.708955 0.021986 0.0240119 0.248136
0 0.119291 0.798884 0.0108592 0.0202277 0.24756
0 0.233452 0.787316 0.012278 0.0282461 0.247213
0 0.0672902 0.365777 0.0144915 0.0188997 0.247144
0 0.786458 0.824603 0.0208609 0.0309523 0.246986
0 0.707844 0.817659 0.0173997 0.0268036 0.246515
0 0.782021 0.979008 0.0193294 0.0375524 0.245437
0 0.776799 0.196104 0.0199488 0.0359072 0.244712
0 0.458947 0.620721 0.0158579 0.0259267 0.244215
0 0.755411 0.962835 0.0187407 0.0295027 0.243451
0 0.470208 0.966572 0.0121491 0.0233117 0.24311
0 0.5682 0.0328246 0.0153233 0.0198021 0.243027
0 0.506422 0.00681522 0.0153811 0.0136304 0.242356
0 0.0387639 0.193858 0.0131466 0.0289551 0.242223
0 0.599669 0.255212 0.0133648 0.024133 0.24157
0 0.390302 0.140921 0.0195149 0.0291856 0.240886
0 0.254421 0.524896 0.0242903 0.0348947 0.240589
0 0.283453 0.0496901 0.0106426 0.0268202 0.240279
0 0.600814 0.0265396 0.0170734 0.0271601 0.240003
0 0.0355227 0.256718 0.0135296 0.0194784 0.239854
0 0.0523367 0.195135 0.022464 0.0338925 0.239823
0 0.194245 0.851991 0.0153812 0.0305741 0.237919
0 0.246604 0.750156 0.0191821 0.0289819 0.237376
0 0.585982 0.722347 0.0226652 0.0254608 0.236664
0 0.596461 0.965758 0.0176941 0.0315791 0.236656
0 0.671965 0.979564 0.0142799 0.0261778 0.235953
0 0.484597 0.415606 0.0142473 0.020788 0.23592
0 0.491883 0.436092 0.0113021 0.0313748 0.235589
0 0.792538 0.740621 0.0107137 0.020538 0.234373
0 0.0127619 0.861829 0.0247136 0.0551286 0.23334
0 0.628506 0.63378 0.0179057 0.0233653 0.233154
0 0.615811 0.491044 0.0133944 0.0200676 0.232806
0 0.389744 0.722064 0.0205374 0.0401777 0.231746
0 0.610233 0.440957 0.0186534 0.0320698 0.231246
0 0.107116 0.077695 0.019643 0.035241 0.230816
0 0.117937 0.800169 0.0114695 0.0231622 0.230487
0 0.26449 0.0577231 0.0190427 0.0197735 0.22989
0 0.919129 0.770535 0.0236015 0.0457145 0.229669
0 0.222455 0.329057 0.0215625 0.0289892 0.229667
0 0.511838 0.987188 0.0180849 0.0250292 0.229553
0 0.655204 0.782724 0.0107885 0.0286282 0.229378
0 0.359082 0.878487 0.0206545 0.0320872 0.229348
0 0.482658 0.957325 0.0145235 0.0281463 0.229152
0 0.189962 0.0286331 0.0208195 0.0298242 0.229081
0 0.493762 0.670166 0.0222878 0.0339444 0.228962
0 0.66986 0.942571 0.0162226 0.022832 0.228923
0 0.228232 0.788202 0.015892 0.0299403 0.228731
0 0.0649391 0.466607 0.0132454 0.0191133 0.228411
0 0.165305 0.184377 0.0135998 0.026205 0.228124
0 0.625729 0.0341856 0.0208568 0.0308949 0.228114
0 0.454562 0.766784 0.0117336 0.0211178 0.22698
0 0.569933 0.27923 0.00975971 0.0207329 0.22676
0 0.463299 0.133702 0.0137263 0.0258252 0.226629
0 0.109719 0.172964 0.0168749 0.0229598 0.225392
0 0.669726 0.417459 0.0136089 0.031614 0.224761
0 0.444772 0.872711 0.0184657 0.0311184 0.22292
0 0.174846 0.927766 0.0155163 0.0277297 0.222198
0 0.145471 0.624469 0.03056 0.0460163 0.221476
0 0.500921 0.185747 0.0132381 0.0218015 0.220868
0 0.500603 0.931942 0.0163417 0.0296583 0.220343
0 0.19529 0.747042 0.0121171 0.0257707 0.220267
0 0.228896 0.151426 0.0185989 0.0380306 0.220003
0 0.250312 0.0747275 0.0127039 0.0253562 0.219438
0 0.785629 0.770357 0.0146664 0.0243344 0.219218
0 0.723432 0.535722 0.0192929 0.0363186 0.219034
0 0.46938 0.968958 0.0125719 0.0305178 0.218891
0 0.690693 0.95078 0.0242566 0.0295392 0.218219
0 0.125892 0.769823 0.0183624 0.0271113 0.217949
0 0.132836 0.925083 0.0153696 0.0187184 0.21753
0 0.120704 0.880733 0.0168918 0.0247738 0.2166
0 0.107654 0.266411 0.0191464 0.0309501 0.21648
0 0.602157 0.969921 0.0169364 0.0386559 0.216353
0 0.546781 0.88061 0.0126705 0.0183121 0.216041
0 0.0257978 0.912665 0.0180817 0.0320414 0.215321
0 0.0494889 0.229177 0.0118103 0.0226622 0.21468
0 0.598312 0.748999 0.018692 0.019421 0.214476
0 0.0970518 0.127244 0.0113029 0.0156585 0.2144
0 0.323812 0.481709 0.0125055 0.0302085 0.213612
0 0.55024 0.115923 0.0209479 0.0312405 0.21349
0 0.800866 0.98472 0.0192356 0.0295485 0.213066
0 0.214074 0.229096 0.0162744 0.0266575 0.212784
0 0.618717 0.689114 0.0198929 0.0255983 0.212173
0 0.528352 0.897222 0.0187395 0.0364682 0.212159
0 0.670854 0.0400675 0.0119307 0.0222555 0.211697
0 0.133766 0.0206952 0.0107473 0.028117 0.210158
0 0.612671 0.938138 0.0169594 0.0210862 0.209982
0 0.394602 0.174601 0.0135489 0.0237373 0.209867
0 0.220182 0.492545 0.0103183 0.0311748 0.206603
0 0.598185 0.332924 0.0142732 0.029799 0.206496
0 0.139922 0.209314 0.0131119 0.0257473 0.206052
0 0.555951 0.729116 0.0263849 0.0393426 0.205971
0 0.6131 0.444346 0.0209198 0.0342178 0.205555
0 0.651691 0.534653 0.0189071 0.0358801 0.202915
0 0.667498 0.415344 0.0111834 0.0288851 0.202136
0 0.374912 0.606182 0.0123403 0.0220664 0.202014
0 0.137983 0.267333 0.0130495 0.0272251 0.201921
0 0.197382 0.492932 0.0217069 0.0384592 0.199604
0 0.733955 0.452635 0.020998 0.0397478 0.198816
0 0.28497 0.855074 0.00982447 0.0242594 0.198204
0 0.181957 0.0822641 0.0144451 0.0274393 0.197595
0 0.662104 0.157491 0.0135228 0.032393 0.197325
0 0.282244 0.0456342 0.0131605 0.0314609 0.197282
0 0.860039 0.909842 0.0229412 0.0389347 0.196721
0 0.198663 0.85228 0.0179845 0.0300364 0.196677
0 0.296387 0.862102 0.016216 0.0270549 0.195466
0 0.52736 0.164035 0.0237776 0.0352185 0.195217
0 0.557786 0.84599 0.0211613 0.0347982 0.195104
0 0.0949012 0.566192 0.0137984 0.0301881 0.194961
0 0.389274 0.952171 0.012274 0.0217946 0.194619
0 0.111003 0.0810145 0.0193736 0.032818 0.194462
0 0.321525 0.896455 0.0235525 0.0542525 0.194414
0 0.733421 0.800205 0.0109386 0.0240126 0.194084
0 0.514166 0.387031 0.0172905 0.0314306 0.193871
0 0.133468 0.67171 0.0116066 0.0224206 0.191909
0 0.701167 0.0173684 0.0210932 0.0324973 0.190842
0 0.216703 0.0813922 0.0133977 0.0215453 0.190511
0 0.607188 0.439244 0.0137096 0.0314194 0.188568
0 0.24095 0.0631583 0.0158686 0.0226435 0.188513
0 0.170137 0.14552 0.0105567 0.020769 0.188266
0 0.30689 0.145046 0.014588 0.0293976 0.18793
0 0.994476 0.921896 0.0110487 0.0364702 0.187135
0 0.210285 0.724752 0.0188956 0.0318631 0.186572
0 0.341541 0.938901 0.0179746 0.0471887 0.185499
0 0.768821 0.504242 0.0189299 0.0345199 0.185061
0 0.443769 0.196135 0.017132 0.0271819 0.184504
0 0.0680935 0.121673 0.0154256 0.023465 0.184486
0 0.130121 0.23179 0.0128665 0.0273614 0.184445
0 0.439664 0.401037 0.0164988 0.0333067 0.183842
0 0.282868 0.78237 0.0131619 0.0300205 0.183795
0 0.232266 0.616712 0.0204381 0.0322887 0.182311
0 0.614706 0.712651 0.0203672 0.0189221 0.181055
0 0.0960318 0.460053 0.0255827 0.02656 0.180949
0 0.20901 0.429069 0.017595 0.0300082 0.180945
0 0.727479 0.177783 0.0152588 0.0349404 0.180891
0 0.0730504 0.681712 0.00978343 0.0207671 0.180552
0 0.478562 0.178227 0.0151834 0.0277391 0.179656
0 0.189337 0.339843 0.0152959 0.0298961 0.179224
0 0.731602 0.798304 0.0115273 0.0240443 0.178542
0 0.352328 0.272776 0.0158711 0.0272132 0.178509
0 0.181034 0.657077 0.0257486 0.0298886 0.177192
0 0.00992384 0.2467 0.0178099 0.0265291 0.176602
0 0.691309 0.167664 0.0176165 0.0268121 0.176363
0 0.242445 0.988844 0.0177479 0.021286 0.176258
0 0.462716 0.176674 0.0139021 0.02585 0.175825
0 0.50025 0.189032 0.0140337 0.0176768 0.174374
0 0.299471 0.142301 0.0244166 0.0350564 0.173949
0 0.296175 0.704247 0.0168328 0.0271932 0.172524
0 0.130994 0.773683 0.0168763 0.0253404 0.17239
0 0.581477 0.5081 0.015615 0.0231734 0.171772
0 0.1771 0.708882 0.0225959 0.0328337 0.17159
0 0.407358 0.682994 0.0179476 0.0305042 0.170894
0 0.714332 0.940172 0.0163708 0.0294613 0.170116
0 0.987207 0.965869 0.0255863 0.0572513 0.169865
0 0.912099 0.871918 0.0131588 0.0273566 0.16802
0 0.353508 0.531039 0.0140776 0.0315127 0.168012
0 0.118702 0.0167231 0.0131288 0.0237741 0.16782
0 0.591924 0.791328 0.01406 0.0252473 0.167388
0 0.188706 0.207496 0.0145913 0.0280259 0.167013
0 0.414604 0.762627 0.0173111 0.0331475 0.166914
0 0.453641 0.654448 0.0171719 0.0312017 0.166221
0 0.265998 0.423076 0.0152455 0.0249059 0.165864
0 0.449304 0.829556 0.0163086 0.0293968 0.164481
0 0.671429 0.919531 0.0335495 0.0602023 0.163737
0 0.14553 0.830797 0.0172647 0.0410777 0.163394
0 0.441966 0.186474 0.0233073 0.0439894 0.163286
0 0.478378 0.915435 0.0200325 0.0305352 0.162792
0 0.561453 0.438254 0.0251807 0.0289241 0.162341
0 0.791173 0.157995 0.0219212 0.0507103 0.16092
0 0.522991 0.154268 0.0211258 0.0350213 0.160569
0 0.211434 0.72997 0.021501 0.0391401 0.160205
0 0.349358 0.776412 0.0221392 0.0438809 0.159941
0 0.230776 0.787353 0.0139447 0.0290324 0.159507
0 0.518851 0.0214433 0.0112768 0.0286559 0.158363
0 0.0674346 0.404647 0.0223542 0.0366642 0.157996
0 0.699103 0.300015 0.0212481 0.039405 0.15523
0 0.26364 0.0204921 0.0131297 0.0255215 0.155063
0 0.133899 0.438675 0.0112998 0.0267492 0.154234
0 0.332421 0.115435 0.00886288 0.0156792 0.153473
0 0.188297 0.661288 0.014707 0.0236493 0.153342
0 0.92532 0.984622 0.0251724 0.0305495 0.152481
0 0.154174 0.93559 0.0169127 0.0185564 0.152187
0 0.239268 0.0612773 0.0158381 0.0288166 0.151863
0 0.408869 0.201325 0.0186727 0.0278127 0.151782
0 0.764808 0.50475 0.0225164 0.0366198 0.150772
0 0.205217 0.643422 0.0116587 0.034003 0.150715
0 0.119982 0.890278 0.0164703 0.0354607 0.149989
0 0.173389 0.339967 0.0138567 0.0283595 0.149238
0 0.263516 0.769032 0.00884026 0.023091 0.148821
0 0.724642 0.949548 0.011665 0.0228557 0.148573
0 0.255198 0.389742 0.0183096 0.0372072 0.148455
0 0.789718 0.147887 0.0189903 0.0349834 0.14706
0 0.628951 0.401934 0.0117658 0.0237879 0.146379
0 0.581638 0.86813 0.0124971 0.0158878 0.145996
0 0.409742 0.192924 0.0193855 0.0385377 0.145863
0 0.593557 0.793646 0.015195 0.0274301 0.145818
0 0.131789 0.228429 0.00955163 0.0233364 0.145579
0 0.928632 0.889114 0.0212494 0.0299635 0.145573
0 0.675896 0.908354 0.0263879 0.0450326 0.145406
0 0.289474 0.785683 0.0117964 0.0253916 0.145326
0 0.742253 0.469964 0.0144852 0.0338982 0.144663
0 0.392603 0.85123 0.0221811 0.0330773 0.144156
0 0.453647 0.972842 0.0182428 0.0388214 0.143848
0 0.321302 0.385853 0.0194084 0.0249359 0.143278
0 0.133042 0.677213 0.0109041 0.0223312 0.14291
0 0.345387 0.774715 0.0231402 0.0432546 0.142718
0 0.0558965 0.803469 0.0200404 0.0234343 0.142444
0 0.393152 0.590093 0.0119686 0.0259529 0.142428
0 0.397907 0.556455 0.010371 0.0224438 0.141937
0 0.649474 0.539127 0.0185621 0.030647 0.141757
0 0.0762712 0.556001 0.0188408 0.0304935 0.14079
0 0.268235 0.722268 0.0112226 0.0214685 0.140255
0 0.442471 0.60295 0.0147619 0.0292415 0.139418
0 0.831069 0.760577 0.014558 0.033116 0.139357
0 0.334668 0.0572959 0.0117787 0.0200882 0.139284
0 0.769443 0.433862 0.0124976 0.0216376 0.139248
0 0.18323 0.155138 0.0147327 0.0178012 0.138996
0 0.252699 0.959522 0.0207133 0.0360938 0.137773
0 0.377554 0.536487 0.018513 0.0366041 0.137241
0 0.707637 0.695643 0.0155054 0.025178 0.13649
0 0.880854 0.865517 0.0212502 0.0330777 0.136295
0 0.60689 0.901075 0.0176046 0.0376814 0.135935
0 0.718153 0.945117 0.0155823 0.026093 0.135518
0 0.128113 0.475778 0.0198611 0.0364967 0.135359
0 0.418965 0.761652 0.0164279 0.0324398 0.135235
0 0.702428 0.784336 0.0175744 0.0150645 0.134783
0 0.521144 0.452386 0.0226953 0.0435837 0.134532
0 0.748051 0.0713932 0.0280739 0.0497637 0.134477
0 0.622165 0.688725 0.0151526 0.0288269 0.13324
0 0.592489 0.223391 0.0211271 0.0275516 0.132996
0 0.681628 0.296377 0.0138738 0.0260583 0.132656
0 0.0964293 0.603884 0.0108154 0.0220804 0.132333
0 0.696626 0.0164979 0.0234461 0.0312872 0.131636
0 0.225197 0.0402042 0.0171551 0.0249193 0.131541
0 0.780009 0.926369 0.0207228 0.0338311 0.131011
0 0.552451 0.388911 0.0186717 0.0359655 0.130374
0 0.309999 0.946178 0.0223537 0.037953 0.130022
0 0.218154 0.751859 0.0146282 0.0263411 0.129643
0 0.667031 0.238788 0.0185836 0.0326319 0.129404
0 0.101947 0.976801 0.014623 0.0288179 0.129083
0 0.563393 0.0267182 0.0174555 0.0278636 0.128708
0 0.675993 0.0521844 0.0178898 0.0276495 0.128272
0 0.0140624 0.951033 0.0174946 0.0395538 0.127063
0 0.384129 0.0917526 0.0164097 0.0281585 0.126778
0 0.333227 0.261567 0.0141838 0.0264335 0.126778
0 0.112261 0.268246 0.0156264 0.0312485 0.126766
0 0.408006 0.576977 0.016382 0.0268714 0.126667
0 0.518911 0.393297 0.0203304 0.0326087 0.126607
0 0.203457 0.233819 0.0121028 0.0205642 0.126548
0 0.766748 0.91184 0.0143793 0.0249878 0.126424
0 0.801547 0.745383 0.0174277 0.0290252 0.125818
0 0.389271 0.0894001 0.0202285 0.0315737 0.125769
0 0.329282 0.753839 0.0149936 0.0364511 0.125136
0 0.405956 0.182484 0.0154082 0.0299103 0.124832
0 0.478134 0.53303 0.0153545 0.034863 0.124751
0 0.456254 0.769172 0.0123569 0.0193895 0.124595
0 0.697298 0.952543 0.0189294 0.0320028 0.124106
0 0.604051 0.736043 0.0109261 0.0268399 0.123644
0 0.530282 0.0886172 0.0154982 0.0221044 0.123624
0 0.22677 0.295852 0.0114345 0.0186132 0.123515
0 0.330803 0.113776 0.00866785 0.0197831 0.122977
0 0.730327 0.0103311 0.0202315 0.0202584 0.122716
0 0.0753903 0.988144 0.025669 0.0228399 0.122617
0 0.581264 0.783869 0.0137451 0.0260271 0.122226
0 0.686327 0.617436 0.0142942 0.0301308 0.122197
0 0.843126 0.570103 0.0235321 0.0417124 0.120732
0 0.317225 0.695253 0.0137632 0.0291226 0.119814
0 0.245812 0.292598 0.0178284 0.030362 0.119739
0 0.696367 0.900757 0.0151881 0.0353628 0.119451
0 0.507671 0.21641 0.024605 0.0358446 0.119365
0 0.560143 0.955541 0.0130976 0.0292008 0.119346
0 0.0705961 0.0453712 0.0186823 0.0243714 0.119244
0 0.0143704 0.869551 0.022656 0.04047 0.118708
0 0.616676 0.447447 0.0219723 0.0355203 0.118657
0 0.0706614 0.988519 0.0206719 0.0207895 0.118628
0 0.486274 0.419746 0.0148705 0.0253796 0.118148
0 0.374145 0.590546 0.0144831 0.0446574 0.118118
0 0.419753 0.100561 0.0165531 0.0208109 0.11807
0 0.00445278 0.22142 0.00883077 0.0219511 0.118062
0 0.0803389 0.986518 0.0288476 0.0259003 0.117681
0 0.602105 0.737552 0.0131994 0.0241769 0.117603
0 0.753486 0.13147 0.0158886 0.0349695 0.117496
0 0.398148 0.918564 0.0148301 0.0308628 0.117116
0 0.768032 0.916693 0.0155769 0.0288089 0.117046
0 0.057613 0.63412 0.0181591 0.0313894 0.117037
0 0.68884 0.585081 0.0154079 0.0250973 0.116958
0 0.470566 0.838793 0.0154484 0.025214 0.116529
0 0.752875 0.959705 0.0182035 0.0257778 0.116475
0 0.793678 0.449767 0.0262775 0.0456034 0.115827
0 0.586524 0.682102 0.0149912 0.0227978 0.115792
0 0.955009 0.866556 0.0149544 0.028104 0.115035
0 0.520554 0.152199 0.0161518 0.033732 0.114989
0 0.772477 0.755103 0.0130244 0.0297977 0.114299
0 0.563767 0.0710277 0.0170521 0.0320277 0.11397
0 0.254066 0.394125 0.0183978 0.0340802 0.113581
0 0.260369 0.76411 0.0100411 0.0219506 0.112793
0 0.299444 0.819397 0.0117535 0.0299422 0.111966
0 0.106887 0.0726854 0.0190044 0.0263495 0.11165
0 0.561695 0.166299 0.0192436 0.0284069 0.111527
0 0.232316 0.713143 0.0153157 0.0294655 0.111402
0 0.72472 0.739777 0.0215276 0.0361998 0.111388
0 0.08323 0.162261 0.0203884 0.0380953 0.111315
0 0.451817 0.827439 0.0127182 0.0208023 0.110961
0 0.294944 0.822492 0.0204364 0.0329675 0.110932
0 0.516469 0.388605 0.0165409 0.0282294 0.110854
0 0.240159 0.440413 0.0174252 0.0296792 0.110406
0 0.5926 0.185405 0.0186298 0.0270651 0.109486
0 0.00409678 0.290619 0.00790528 0.0184043 0.108629
0 0.411742 0.950268 0.0173796 0.0261028 0.108453
0 0.744961 0.588846 0.0204192 0.0354545 0.108371
0 0.609325 0.154303 0.0180003 0.0274716 0.107814
0 0.806634 0.831772 0.0134041 0.0278325 0.107505
0 0.495642 0.264217 0.0165985 0.0296312 0.107467
0 0.164866 0.103535 0.0165825 0.0311528 0.107373
0 0.113575 0.800723 0.0185901 0.02456 0.107242
0 0.160023 0.330023 0.014123 0.0264596 0.106739
0 0.0151501 0.324931 0.0164009 0.0279397 0.106324
0 0.477766 0.992021 0.0207714 0.0150987 0.105961
0 0.203705 0.104237 0.0134518 0.0209449 0.105857
0 0.172674 0.929905 0.0166617 0.0285302 0.105598
0 0.262115 0.76825 0.0105351 0.0202159 0.105013
0 0.697695 0.189339 0.0142658 0.0264116 0.104893
0 0.0716627 0.0361373 0.0174283 0.0274058 0.104802
0 0.15643 0.70371 0.0332115 0.0377591 0.104748
0 0.67139 0.923507 0.0260827 0.0586435 0.104275
0 0.729894 0.179889 0.0145636 0.0381966 0.104178
0 0.320608 0.908948 0.022189 0.031757 0.103982
0 0.39012 0.218492 0.0182484 0.0291235 0.103747
0 0.505608 0.644287 0.0109566 0.0220423 0.103585
0 0.319817 0.592865 0.0204736 0.0366934 0.103311
0 0.393864 0.164009 0.0175926 0.0364672 0.103235
0 0.0328166 0.634921 0.0122175 0.0235433 0.103171
0 0.103907 0.764173 0.0157978 0.0251597 0.102431
0 0.135704 0.351851 0.0163587 0.0300066 0.102142
0 0.0548022 0.838609 0.0149647 0.0221856 0.102114
0 0.261085 0.989298 0.0149071 0.0204785 0.101976
0 0.0582579 0.700203 0.0120073 0.0180287 0.101823
0 0.456653 0.652008 0.0160149 0.0305784 0.101609
0 0.167428 0.707324 0.0150106 0.0321413 0.101126
0 0.579994 0.721719 0.0190111 0.02777 0.101023
0 0.0852581 0.911679 0.0181276 0.0348817 0.101
0 0.482265 0.646672 0.0270737 0.0334187 0.100962
0 0.246417 0.292419 0.0148306 0.024302 0.100884
0 0.593994 0.0146649 0.0224515 0.0271644 0.100785
0 0.642575 0.259485 0.0112289 0.0159961 0.100585
0 0.567372 0.95743 0.0195418 0.0284014 0.100508
0 0.00455851 0.289683 0.00901129 0.0247943 0.100326
0 0.189487 0.778563 0.0123422 0.0230677 0.100056
