0 0.247827 0.738464 0.0299522 0.0538437 0.700848
0 0.472333 0.739363 0.0252157 0.0510627 0.678045
0 0.420549 0.726352 0.0192963 0.03243 0.643149
0 0.00922277 0.0375524 0.0165679 0.0284123 0.638572
0 0.466249 0.676501 0.0228902 0.0383884 0.638556
0 0.211171 0.0644305 0.022086 0.0415623 0.633516
0 0.144559 0.169354 0.0226351 0.0313515 0.63255
0 0.151815 0.0778989 0.0225692 0.0403658 0.611059
0 0.431655 0.822092 0.0241678 0.0385128 0.610429
0 0.812769 0.179678 0.0177116 0.0328668 0.609519
0 0.593576 0.825838 0.022993 0.0409114 0.609153
0 0.4947 0.785498 0.0175236 0.0379425 0.604322
0 0.633294 0.83222 0.0221024 0.0400374 0.594213
0 0.0289845 0.0294728 0.0173644 0.0332281 0.593383
0 0.545002 0.570421 0.0192001 0.0340716 0.591852
0 0.638819 0.925918 0.0201984 0.0345727 0.58902
0 0.726149 0.844683 0.0209643 0.0386909 0.582307
0 0.380427 0.868517 0.026565 0.0402205 0.575543
0 0.742565 0.704609 0.0164694 0.0319464 0.571858
0 0.678187 0.4274 0.0199913 0.0356169 0.562828
0 0.991649 0.468376 0.0167013 0.0388785 0.561752
0 0.607231 0.465661 0.0167059 0.02789 0.559202
0 0.344754 0.0151734 0.0234418 0.0303468 0.556772
0 0.552012 0.779413 0.0212969 0.0368384 0.55645
0 0.569164 0.82691 0.0187024 0.0310866 0.555525
0 0.42609 0.160038 0.0227827 0.0335492 0.554682
0 0.889754 0.974535 0.0237766 0.0410135 0.552141
0 0.969582 0.244488 0.0151146 0.0289971 0.542459
0 0.682046 0.164612 0.0185525 0.0341306 0.541866
0 0.176698 0.130494 0.0196216 0.0374622 0.540084
0 0.326386 0.541657 0.0139002 0.0226303 0.537583
0 0.31873 0.0333235 0.0187676 0.0267645 0.536186
0 0.560962 0.347403 0.0167297 0.0269725 0.535279
0 0.513188 0.918949 0.0263025 0.0493144 0.534052
0 0.628194 0.650126 0.0160063 0.0296556 0.528537
0 0.43572 0.918866 0.0165648 0.0262492 0.523151
0 0.503826 0.0411584 0.0203251 0.0336202 0.522264
0 0.144695 0.0180298 0.0262878 0.0357905 0.521358
0 0.665017 0.348 0.0179787 0.0330726 0.520709
0 0.722825 0.959817 0.0172588 0.0311663 0.519665
0 0.12524 0.510864 0.0173987 0.022829 0.519202
0 0.452785 0.905186 0.0186872 0.0343801 0.506822
0 0.613926 0.817889 0.0130088 0.0266418 0.498777
0 0.572904 0.888916 0.0228611 0.0384321 0.49871
0 0.614642 0.632667 0.0171417 0.0353385 0.498537
0 0.957354 0.260043 0.0187716 0.0383877 0.496558
0 0.52961 0.0846136 0.015505 0.0300276 0.48965
0 0.888547 0.782151 0.0176649 0.0348735 0.489257
0 0.651759 0.310109 0.0170374 0.0313421 0.478536
0 0.688361 0.214137 0.0247594 0.0404254 0.476757
0 0.79858 0.74223 0.0252901 0.0364051 0.475977
0 0.367566 0.760953 0.0187933 0.0443461 0.471419
0 0.0291224 0.167805 0.0216494 0.0336726 0.462071
0 0.860051 0.869557 0.0162102 0.027535 0.457597
0 0.745649 0.827145 0.0181143 0.0319424 0.45424
0 0.789442 0.372021 0.0135115 0.0293333 0.448533
0 0.719293 0.986735 0.0197828 0.0244155 0.439969
0 0.984131 0.618668 0.0127979 0.0231637 0.439933
0 0.67769 0.927535 0.0188471 0.0320604 0.43966
0 0.990576 0.235792 0.0188475 0.0450301 0.423466
0 0.00787729 0.148161 0.0151254 0.0216674 0.422108
0 0.596103 0.637184 0.0159339 0.0314799 0.421651
0 0.667807 0.776405 0.0227596 0.0396086 0.417762
0 0.592227 0.0213375 0.0299812 0.0425225 0.414041
0 0.917238 0.455071 0.0179369 0.0402717 0.413802
0 0.487821 0.939603 0.0174152 0.0309304 0.407605
0 0.238951 0.169414 0.0161241 0.028523 0.405655
0 0.71449 0.364858 0.0196634 0.0379979 0.395302
0 0.994053 0.884705 0.0118944 0.0444804 0.393399
0 0.757639 0.418636 0.019263 0.0366045 0.392971
0 0.916188 0.925265 0.0201218 0.0361799 0.385625
0 0.834009 0.826908 0.0130444 0.0273739 0.381438
0 0.801917 0.782401 0.0154964 0.0294657 0.380964
0 0.827437 0.905066 0.0155445 0.0294488 0.38087
0 0.894615 0.59531 0.0253429 0.0502133 0.379884
0 0.976296 0.644715 0.0148123 0.0275027 0.364789
0 0.430498 0.952342 0.0173458 0.0335238 0.363233
0 0.262627 0.174897 0.0169729 0.0277476 0.359396
0 0.00798092 0.868243 0.0159362 0.0284993 0.353588
0 0.659307 0.0185632 0.020619 0.0369423 0.350517
0 0.617878 0.234217 0.0209184 0.042304 0.348336
0 0.77675 0.315545 0.0291192 0.052952 0.345846
0 0.450092 0.807097 0.0133272 0.0337793 0.344375
0 0.743609 0.897225 0.0233011 0.0444858 0.343668
0 0.861853 0.739196 0.0138779 0.0261943 0.334408
0 0.992248 0.590795 0.015342 0.0275944 0.333472
0 0.0112887 0.346209 0.0224406 0.0771039 0.324162
0 0.525931 0.813411 0.0148958 0.0250122 0.317669
0 0.13753 0.468495 0.0219056 0.0349299 0.317054
0 0.649728 0.274515 0.0158287 0.0297774 0.314015
0 0.641097 0.342124 0.0127602 0.0222027 0.312084
0 0.969262 0.969302 0.0217016 0.037814 0.311287
0 0.467967 0.876535 0.0178848 0.0261623 0.3093
0 0.0101628 0.359339 0.0202325 0.0498586 0.308936
0 0.976549 0.096505 0.0294395 0.055007 0.306928
0 0.629592 0.295242 0.0168184 0.0359248 0.305684
0 0.847124 0.684706 0.0182335 0.0332772 0.305633
0 0.254368 0.859397 0.0157974 0.0255866 0.304711
0 0.851626 0.821781 0.0166643 0.0312329 0.304461
0 0.157217 0.0466635 0.0145744 0.0273463 0.30385
0 0.765234 0.137322 0.0181858 0.0410449 0.301643
0 0.413162 0.940414 0.0184758 0.0435165 0.298829
0 0.991684 0.0391575 0.0166315 0.0371836 0.296676
0 0.991441 0.516892 0.017119 0.0356037 0.294299
0 0.496911 0.843943 0.0318281 0.0584446 0.292005
0 0.699411 0.408909 0.0223564 0.0316658 0.289105
0 0.993344 0.158964 0.0133131 0.0302896 0.288498
0 0.471914 0.0968977 0.0197262 0.0356427 0.278465
0 0.840607 0.975639 0.0142113 0.0283036 0.276927
0 0.6832 0.117383 0.0119718 0.0266516 0.274632
0 0.691141 0.261518 0.0180367 0.0287257 0.27316
0 0.151367 0.603049 0.0168681 0.0260657 0.270881
0 0.66816 0.254329 0.0184628 0.0302695 0.270455
0 0.18338 0.170364 0.0217624 0.0323498 0.266539
0 0.365479 0.765096 0.0229532 0.0502633 0.261295
0 0.764945 0.474152 0.0283913 0.0536497 0.256758
0 0.479925 0.140239 0.0214315 0.0360474 0.25447
0 0.661273 0.182515 0.0171922 0.0298994 0.244791
0 0.0262897 0.130646 0.016835 0.0334072 0.238833
0 0.649666 0.218229 0.0209108 0.0335653 0.236331
0 0.743782 0.200994 0.0298175 0.0528606 0.23445
0 0.0178321 0.988559 0.0261175 0.0224345 0.232821
0 0.24574 0.197897 0.016014 0.0220213 0.230708
0 0.957676 0.496383 0.0160244 0.0322862 0.23024
0 0.957101 0.627547 0.0202694 0.0356101 0.228734
0 0.700306 0.816183 0.0194063 0.0321404 0.225253
0 0.0162126 0.194721 0.0206422 0.0361852 0.220684
0 0.677629 0.305982 0.0154881 0.024621 0.220582
0 0.255953 0.0788834 0.0169155 0.0240953 0.220001
0 0.623308 0.646047 0.014119 0.0295758 0.216832
0 0.737985 0.965761 0.0126625 0.0265815 0.213891
0 0.307289 0.670798 0.0199998 0.0365465 0.212064
0 0.0468816 0.0111919 0.0201603 0.0206608 0.211743
0 0.707654 0.935647 0.0202403 0.0320173 0.208773
0 0.717638 0.684444 0.014559 0.0236988 0.208507
0 0.990655 0.686603 0.0186911 0.0438943 0.207892
0 0.969227 0.398936 0.0136362 0.0289478 0.206817
0 0.01359 0.2703 0.0242337 0.042622 0.205066
0 0.536064 0.837233 0.032534 0.0543135 0.204428
0 0.395391 0.786832 0.0204702 0.0320679 0.203744
0 0.314197 0.987989 0.0183057 0.0233934 0.202952
0 0.0396288 0.09428 0.0220745 0.0353642 0.199923
0 0.666338 0.397758 0.0179289 0.0279271 0.199478
0 0.755975 0.369513 0.0177232 0.0291635 0.199064
0 0.401941 0.0278432 0.0260735 0.0515704 0.194398
0 0.970532 0.588948 0.017334 0.0342746 0.191574
0 0.544075 0.826767 0.0183317 0.0433794 0.190663
0 0.685658 0.373379 0.0146751 0.0275755 0.185198
0 0.254084 0.0384717 0.0251584 0.0368279 0.185193
0 0.616596 0.635848 0.0181877 0.0370248 0.184948
0 0.685188 0.967827 0.0194824 0.0358294 0.183715
0 0.229892 0.347128 0.0379973 0.0665553 0.180732
0 0.681451 0.0437841 0.0209406 0.0408465 0.180488
0 0.691922 0.332459 0.013744 0.0287403 0.179814
0 0.960887 0.256107 0.0217089 0.0420172 0.175596
0 0.647073 0.789737 0.0201155 0.0425088 0.174339
0 0.876288 0.809995 0.014817 0.0233614 0.173657
0 0.25746 0.0398002 0.0207938 0.0342908 0.171817
0 0.972095 0.0410357 0.019841 0.0353847 0.171075
0 0.541484 0.829737 0.0233269 0.0462918 0.170507
0 0.576892 0.575788 0.0191534 0.0343296 0.169972
0 0.324409 0.00828397 0.0169084 0.0165394 0.169424
0 0.491128 0.786155 0.0238152 0.0390058 0.168389
0 0.691743 0.968522 0.0219779 0.0351963 0.16492
0 0.994936 0.636761 0.0101274 0.0301361 0.164825
0 0.739665 0.967942 0.0127566 0.0259304 0.164726
0 0.764316 0.837934 0.0172289 0.0311171 0.162551
0 0.839323 0.972597 0.0143173 0.0298933 0.162362
0 0.721876 0.711094 0.0133215 0.0280292 0.161679
0 0.570165 0.774006 0.0158234 0.0323734 0.152662
0 0.0175343 0.00613746 0.0157203 0.0119223 0.147492
0 0.982872 0.618829 0.0118822 0.0196918 0.146119
0 0.406506 0.936875 0.0278441 0.0460316 0.145482
0 0.869251 0.841641 0.0169357 0.0307468 0.145466
0 0.737222 0.315971 0.0112759 0.0340598 0.143896
0 0.899556 0.599988 0.0237156 0.0428853 0.143888
0 0.40359 0.804731 0.0189644 0.0301268 0.14307
0 0.700777 0.123236 0.0173977 0.0251277 0.140625
0 0.929683 0.419671 0.0144375 0.0279805 0.136748
0 0.892749 0.820435 0.0142757 0.0304548 0.135862
0 0.98455 0.948938 0.0130497 0.025394 0.135371
0 0.530477 0.846909 0.0222546 0.035278 0.135223
0 0.133897 0.138435 0.0167928 0.0254359 0.134897
0 0.267229 0.985793 0.0220635 0.0282527 0.134219
0 0.275822 0.0880928 0.0178614 0.0281823 0.132508
0 0.963723 0.535196 0.0155548 0.0294891 0.13245
0 0.354705 0.0580341 0.0179007 0.0275489 0.131101
0 0.0150476 0.986357 0.0293778 0.0266249 0.130732
0 0.269934 0.135049 0.0182003 0.0291486 0.12955
0 0.753915 0.3321 0.021538 0.037501 0.128537
0 0.979568 0.103235 0.0326588 0.0614072 0.126252
0 0.816552 0.829521 0.011824 0.0232125 0.125369
0 0.891951 0.732415 0.015173 0.0313707 0.125253
0 0.710266 0.181271 0.0164043 0.0219845 0.125086
0 0.462641 0.793793 0.0177114 0.0333859 0.124972
0 0.884498 0.42281 0.0193558 0.0357949 0.124627
0 0.63959 0.611442 0.0182447 0.0366021 0.120371
0 0.689945 0.215414 0.0205987 0.0335723 0.118764
0 0.887727 0.907969 0.0260475 0.0459585 0.117958
0 0.88127 0.851679 0.0127049 0.0242186 0.117197
0 0.732471 0.0586849 0.0302457 0.0697446 0.115852
0 0.854876 0.464917 0.0200436 0.0415865 0.115658
0 0.634654 0.1369 0.0135529 0.0225661 0.113049
0 0.522099 0.771586 0.0273949 0.0408067 0.112756
0 0.646303 0.79641 0.0189199 0.0320175 0.112261
0 0.900314 0.854755 0.0138618 0.0240614 0.110774
0 0.82349 0.793802 0.0152742 0.0217563 0.110359
0 0.248951 0.0356558 0.0248297 0.0418482 0.109789
0 0.971362 0.962456 0.0192356 0.0325453 0.109695
0 0.87419 0.806505 0.0163217 0.0224386 0.107492
0 0.232481 0.12834 0.0191425 0.028002 0.107478
0 0.00358342 0.986253 0.00716683 0.0272298 0.107239
0 0.801446 0.74214 0.0204035 0.030797 0.106896
0 0.447429 0.709671 0.0181932 0.0287365 0.10641
0 0.570308 0.684391 0.0131125 0.0307176 0.106215
0 0.295181 0.130458 0.021224 0.0388389 0.10559
0 0.01955 0.186893 0.0166378 0.0325305 0.104673
0 0.950505 0.405452 0.0189304 0.0362572 0.103433
0 0.604271 0.613029 0.0165674 0.0208536 0.10293
0 0.604199 0.609533 0.0161531 0.0206898 0.102401
0 0.997338 0.553045 0.00532455 0.0267782 0.101977
0 0.994151 0.195727 0.0116976 0.0302494 0.101205
