0 0.587281 0.812387 0.0411337 0.0768283 0.702957
0 0.305046 0.913479 0.0246635 0.0382684 0.663985
0 0.0839064 0.521544 0.0293765 0.0422838 0.659036
0 0.959108 0.689525 0.0249702 0.0438521 0.658962
0 0.872365 0.97988 0.0194759 0.0330418 0.654874
0 0.0738004 0.128152 0.0261635 0.0395956 0.652934
0 0.038639 0.112309 0.0279332 0.0532209 0.652744
0 0.852222 0.806418 0.0212441 0.0416328 0.648474
0 0.889192 0.486758 0.0199251 0.0391719 0.643426
0 0.480436 0.869175 0.0282073 0.0509128 0.643367
0 0.812331 0.0692602 0.0209955 0.0333344 0.643345
0 0.683939 0.362217 0.0214382 0.0388353 0.642602
0 0.878947 0.772497 0.0213867 0.0381965 0.640747
0 0.862851 0.142822 0.016893 0.0336953 0.640232
0 0.356322 0.396291 0.0215376 0.03981 0.635483
0 0.867815 0.401577 0.018008 0.0336466 0.635313
0 0.473539 0.600479 0.0273632 0.0482946 0.631978
0 0.0820181 0.173311 0.0225581 0.0388974 0.627462
0 0.91496 0.209759 0.0158707 0.0301222 0.625919
0 0.846316 0.329418 0.0153084 0.0299195 0.625487
0 0.715675 0.42153 0.0218256 0.0378357 0.623611
0 0.17885 0.949144 0.0285878 0.0419646 0.623525
0 0.715728 0.0245741 0.0247955 0.0426023 0.621605
0 0.897031 0.233723 0.0223869 0.0426779 0.621405
0 0.950758 0.213675 0.0170403 0.0313075 0.621022
0 0.787422 0.487426 0.0187716 0.0397966 0.615937
0 0.434307 0.574145 0.018089 0.0390199 0.615613
0 0.826584 0.566665 0.0240303 0.0398088 0.614755
0 0.70638 0.299862 0.019339 0.031707 0.614005
0 0.743122 0.683769 0.0193684 0.0315781 0.613315
0 0.25163 0.822169 0.0151488 0.0309258 0.612362
0 0.0300061 0.359601 0.0186491 0.0360998 0.609301
0 0.767724 0.468724 0.0167678 0.0329195 0.609006
0 0.535643 0.97345 0.026382 0.0431613 0.606093
0 0.402676 0.496863 0.0243301 0.0427698 0.603708
0 0.813359 0.825789 0.021806 0.0409461 0.600708
0 0.96897 0.461061 0.0134815 0.0260445 0.60063
0 0.837707 0.0858113 0.0162033 0.0283545 0.599751
0 0.928825 0.385668 0.0140793 0.0276684 0.596255
0 0.327426 0.929173 0.0150215 0.029598 0.595694
0 0.917185 0.0160537 0.0210949 0.0314497 0.593673
0 0.669365 0.750258 0.0162264 0.025808 0.593197
0 0.762122 0.0233275 0.0265553 0.0457274 0.589612
0 0.82022 0.449738 0.0247555 0.039002 0.589453
0 0.941315 0.322547 0.0176918 0.0300159 0.58627
0 0.920179 0.160059 0.0141098 0.0257733 0.585863
0 0.9778 0.186098 0.0208714 0.0399136 0.585407
0 0.743891 0.371189 0.0212324 0.0375656 0.584914
0 0.874398 0.232308 0.0179214 0.0369986 0.58489
0 0.297161 0.70973 0.0152513 0.0242066 0.583903
0 0.855314 0.430729 0.0206177 0.0326952 0.582473
0 0.892752 0.429103 0.0194252 0.0331662 0.58
0 0.0469428 0.314661 0.0217308 0.032925 0.578293
0 0.865432 0.18289 0.014575 0.0247728 0.578136
0 0.425735 0.524566 0.0199104 0.0436012 0.577915
0 0.187374 0.902472 0.0177374 0.0325946 0.577867
0 0.875173 0.0503506 0.0216589 0.037882 0.576675
0 0.88554 0.192135 0.0195744 0.0315638 0.575987
0 0.637114 0.856625 0.0239217 0.0408742 0.575172
0 0.979181 0.0486814 0.0171364 0.0306293 0.574096
0 0.447297 0.451998 0.0196702 0.0372331 0.573715
0 0.876842 0.106599 0.0155739 0.0319904 0.572423
0 0.139931 0.926618 0.0256569 0.0401162 0.572307
0 0.821681 0.791409 0.0126548 0.0253152 0.568975
0 0.820338 0.11758 0.0223774 0.0364308 0.566668
0 0.690648 0.0826714 0.0157168 0.0310617 0.566537
0 0.992179 0.471258 0.0156418 0.0348284 0.566067
0 0.249563 0.90298 0.0135203 0.0266417 0.565316
0 0.249807 0.586327 0.0231333 0.0349257 0.563661
0 0.910594 0.398661 0.0210444 0.0312009 0.562942
0 0.823655 0.293066 0.0231409 0.0369595 0.562623
0 0.231535 0.897773 0.0172353 0.0326591 0.560013
0 0.387898 0.550672 0.0228976 0.0333065 0.559618
0 0.766579 0.684792 0.0184849 0.0316661 0.559313
0 0.584146 0.0448368 0.0202783 0.0302864 0.558576
0 0.923784 0.251367 0.0160265 0.0316865 0.558103
0 0.618068 0.29143 0.0137246 0.0265237 0.556884
0 0.363133 0.581601 0.0178474 0.0392476 0.556831
0 0.932766 0.471245 0.0237906 0.0503976 0.556395
0 0.967754 0.0175594 0.0188059 0.0333442 0.556298
0 0.456759 0.867114 0.0162443 0.032782 0.555638
0 0.84082 0.618308 0.019519 0.0339201 0.554808
0 0.908343 0.76211 0.0213202 0.0405338 0.552626
0 0.706166 0.865601 0.0249635 0.0618446 0.550757
0 0.99165 0.309778 0.0166992 0.0412903 0.550064
0 0.866883 0.484224 0.0202065 0.0515654 0.549376
0 0.264009 0.688314 0.0173454 0.0241222 0.548186
0 0.319575 0.47322 0.0261578 0.0525109 0.547659
0 0.586688 0.365758 0.0179413 0.0352441 0.546696
0 0.673167 0.0679404 0.0187629 0.0373298 0.546067
0 0.674838 0.107627 0.015369 0.027262 0.545059
0 0.279136 0.645526 0.0150121 0.0219896 0.544216
0 0.980173 0.589051 0.0297955 0.0548539 0.543478
0 0.597499 0.281175 0.0157056 0.0236188 0.543206
0 0.280552 0.939911 0.0189528 0.0350728 0.543033
0 0.174798 0.552936 0.0191981 0.0371123 0.541419
0 0.96518 0.401455 0.0154287 0.026915 0.540395
0 0.72975 0.853356 0.0191694 0.0340893 0.536704
0 0.754411 0.18197 0.0232847 0.0379604 0.536659
0 0.929469 0.769033 0.0171219 0.0321841 0.535825
0 0.677095 0.476636 0.0146729 0.0283345 0.534586
0 0.784765 0.571529 0.0177591 0.0300886 0.534474
0 0.800741 0.790391 0.0177582 0.0326024 0.534266
0 0.656613 0.283416 0.0167904 0.0268759 0.534223
0 0.803404 0.689632 0.0166733 0.0263418 0.533924
0 0.362304 0.539761 0.0177609 0.0310354 0.531558
0 0.0138169 0.08969 0.0269467 0.0595863 0.529583
0 0.734795 0.310674 0.0144602 0.0262174 0.527597
0 0.301372 0.662436 0.0140922 0.0243534 0.526383
0 0.215494 0.662452 0.021924 0.03927 0.525595
0 0.948325 0.5127 0.0175976 0.0364761 0.522227
0 0.949832 0.447194 0.0136641 0.0278269 0.51746
0 0.273985 0.609909 0.0151622 0.0199957 0.516063
0 0.65545 0.958834 0.018132 0.0311229 0.511959
0 0.709109 0.262075 0.018431 0.0319479 0.511836
0 0.19304 0.594955 0.0257362 0.0494948 0.508507
0 0.920355 0.344028 0.0175545 0.0287108 0.506501
0 0.953728 0.415523 0.0154472 0.0280341 0.504682
0 0.843241 0.493699 0.0207333 0.0359597 0.50292
0 0.918608 0.695252 0.0243679 0.049166 0.501914
0 0.926526 0.084051 0.0109098 0.0271951 0.501094
0 0.534392 0.319762 0.0186659 0.039221 0.499397
0 0.341762 0.654432 0.0150238 0.0234819 0.498131
0 0.170296 0.635954 0.0162297 0.0305385 0.492468
0 0.918516 0.578656 0.0190147 0.0352592 0.492333
0 0.990149 0.21692 0.019702 0.0344215 0.491096
0 0.0847787 0.629923 0.0438263 0.062466 0.487363
0 0.659528 0.316711 0.0160526 0.0329859 0.485831
0 0.87383 0.327004 0.0208683 0.0315951 0.485143
0 0.619711 0.816476 0.0179611 0.0434191 0.484233
0 0.893821 0.0113814 0.0151253 0.0218384 0.481565
0 0.304671 0.982107 0.015518 0.0309724 0.480974
0 0.427344 0.820313 0.014783 0.0278517 0.479231
0 0.285042 0.680529 0.0134306 0.0182917 0.479126
0 0.408031 0.93566 0.0135662 0.0263935 0.478116
0 0.562186 0.618513 0.0248908 0.0429437 0.476736
0 0.902488 0.0481632 0.0148323 0.0344236 0.476163
0 0.2105 0.836802 0.0244173 0.0390383 0.475779
0 0.775496 0.540252 0.0171076 0.0259998 0.475424
0 0.578721 0.295265 0.0221554 0.0390691 0.472401
0 0.181959 0.856042 0.0174727 0.0388791 0.470679
0 0.653107 0.54 0.0169976 0.0295525 0.47037
0 0.00760296 0.453717 0.0150934 0.0298413 0.468126
0 0.681015 0.70572 0.0145668 0.0232371 0.467093
0 0.169552 0.910235 0.0171243 0.0291958 0.466551
0 0.517973 0.125294 0.0221374 0.0421626 0.463804
0 0.650814 0.0930494 0.0214627 0.0387359 0.459226
0 0.0868502 0.5581 0.0172737 0.0291659 0.458691
0 0.0299687 0.926961 0.0205752 0.0369605 0.457619
0 0.793412 0.329803 0.0145606 0.0273715 0.455446
0 0.0163603 0.0296017 0.0202466 0.0358996 0.45265
0 0.266663 0.78286 0.0203018 0.033374 0.451699
0 0.356892 0.824202 0.0167718 0.0310009 0.45142
0 0.785923 0.151881 0.0185717 0.0292482 0.451236
0 0.496681 0.371483 0.0144627 0.0276433 0.451211
0 0.568376 0.197645 0.016257 0.0272948 0.450782
0 0.152007 0.769991 0.0231828 0.051396 0.450206
0 0.338192 0.836416 0.017659 0.0327884 0.449328
0 0.248285 0.767125 0.0172896 0.0326012 0.447059
0 0.993118 0.139629 0.0137632 0.0315822 0.442943
0 0.607135 0.389049 0.0124561 0.0269672 0.442771
0 0.185492 0.723982 0.0173309 0.0376217 0.439446
0 0.100711 0.123739 0.0175776 0.0285129 0.439114
0 0.034217 0.191085 0.0243516 0.0400047 0.438807
0 0.944292 0.791887 0.0201981 0.0342594 0.438161
0 0.706568 0.814405 0.018914 0.0315348 0.435096
0 0.638164 0.816635 0.0181587 0.031998 0.433119
0 0.214701 0.888332 0.0146499 0.02382 0.432463
0 0.751393 0.330253 0.0186476 0.0288901 0.432306
0 0.948435 0.262007 0.0198658 0.0333471 0.429754
0 0.47816 0.281954 0.0229973 0.0360914 0.428657
0 0.592237 0.621445 0.0195134 0.0299251 0.427021
0 0.191735 0.669038 0.0165747 0.0285468 0.426158
0 0.860552 0.620654 0.0114952 0.0319941 0.425428
0 0.499478 0.411565 0.0161917 0.0317071 0.424537
0 0.497389 0.967513 0.0304869 0.0489172 0.424333
0 0.595412 0.920719 0.014904 0.0307544 0.423981
0 0.58153 0.901525 0.0155624 0.0353241 0.423398
0 0.327936 0.775257 0.0168015 0.0318309 0.421077
0 0.305508 0.82338 0.0158669 0.0313863 0.420185
0 0.768571 0.30152 0.0276303 0.0419517 0.419011
0 0.77189 0.800615 0.0173069 0.0375771 0.417726
0 0.376786 0.966177 0.0209718 0.04031 0.41499
0 0.245166 0.622096 0.0249105 0.0304639 0.414782
0 0.661808 0.145954 0.0151472 0.0277656 0.410521
0 0.689952 0.831724 0.0140815 0.0303552 0.408657
0 0.862183 0.546806 0.0187436 0.0407817 0.408476
0 0.975332 0.645796 0.0177151 0.0395399 0.408014
0 0.957949 0.294197 0.0178494 0.0331591 0.40575
0 0.76154 0.300451 0.0165131 0.0343076 0.405187
0 0.131956 0.570543 0.0171936 0.0249762 0.403961
0 0.795145 0.422891 0.0261266 0.0435651 0.403174
0 0.454349 0.821377 0.0189089 0.0308153 0.402955
0 0.563352 0.328137 0.0167136 0.0292933 0.400764
0 0.593733 0.0815378 0.0199052 0.0425918 0.397873
0 0.82718 0.0214492 0.0169991 0.0376853 0.39679
0 0.629124 0.526478 0.0200827 0.031528 0.395702
0 0.76539 0.077343 0.0137984 0.0264129 0.393365
0 0.728655 0.183174 0.0152956 0.0342336 0.393067
0 0.995856 0.0340217 0.00828896 0.0255421 0.392332
0 0.673104 0.81842 0.0164848 0.0321479 0.39179
0 0.00620767 0.491904 0.0124086 0.0447581 0.391391
0 0.502974 0.291873 0.0195684 0.0359649 0.39068
0 0.332858 0.976697 0.0189837 0.0408739 0.390598
0 0.994135 0.248714 0.0117301 0.0344387 0.390325
0 0.548596 0.237127 0.0207245 0.0348352 0.38926
0 0.935952 0.420225 0.0124729 0.0245271 0.388331
0 0.624747 0.612847 0.0277157 0.0615514 0.386619
0 0.716905 0.710772 0.0156332 0.023905 0.385007
0 0.677227 0.165496 0.0170784 0.0306646 0.384288
0 0.971905 0.116753 0.0159548 0.030241 0.384028
0 0.95521 0.171911 0.0141802 0.0242658 0.383442
0 0.976187 0.520212 0.0285503 0.0538107 0.38262
0 0.858833 0.0896354 0.0134495 0.0217588 0.382008
0 0.692457 0.419655 0.0169369 0.0317354 0.381325
0 0.890546 0.127443 0.0155705 0.0235323 0.379227
0 0.291802 0.617566 0.0121887 0.0203428 0.378624
0 0.474208 0.522111 0.0177619 0.0352281 0.37726
0 0.604087 0.342078 0.0154495 0.0297792 0.376218
0 0.19082 0.639437 0.0152939 0.0271667 0.375865
0 0.805372 0.550185 0.0159824 0.0302282 0.375672
0 0.889927 0.394416 0.0143101 0.0249671 0.373372
0 0.218756 0.586188 0.0216386 0.0361545 0.373144
0 0.967528 0.145366 0.0185825 0.0261196 0.372977
0 0.0551735 0.21513 0.0276671 0.0429906 0.371414
0 0.82526 0.446736 0.0171928 0.0366882 0.370433
0 0.719871 0.0896216 0.0175446 0.0360382 0.370169
0 0.645565 0.287688 0.0101105 0.0286238 0.369458
0 0.543227 0.403848 0.0184261 0.0341861 0.369403
0 0.624362 0.959874 0.022462 0.0354533 0.365907
0 0.441547 0.625679 0.0156855 0.0300426 0.365882
0 0.430164 0.966235 0.0172283 0.0279069 0.365218
0 0.340741 0.574477 0.0192103 0.0369559 0.365076
0 0.321261 0.466325 0.0266171 0.0489314 0.364642
0 0.353476 0.951461 0.0153763 0.0320947 0.363534
0 0.510485 0.432507 0.0214645 0.0353595 0.363086
0 0.752195 0.261336 0.0107234 0.0286712 0.362267
0 0.238975 0.945885 0.016748 0.0289265 0.361953
0 0.931333 0.29673 0.0186054 0.0328894 0.361787
0 0.671969 0.880656 0.0274831 0.0543508 0.358352
0 0.626121 0.32479 0.0130499 0.0238537 0.357473
0 0.394514 0.895531 0.0144517 0.0256621 0.356604
0 0.818874 0.342757 0.0157534 0.0244171 0.351873
0 0.406841 0.867413 0.0145621 0.0308068 0.351744
0 0.875979 0.824233 0.0213192 0.0372989 0.351698
0 0.652781 0.0953561 0.01687 0.0347365 0.351157
0 0.804104 0.596746 0.0167002 0.0294032 0.350542
0 0.205514 0.92571 0.0175456 0.0299345 0.345835
0 0.305967 0.829016 0.0162716 0.0228143 0.345623
0 0.834311 0.353329 0.0152748 0.0230129 0.344509
0 0.317105 0.476841 0.0207673 0.0490472 0.343006
0 0.737092 0.269703 0.0144377 0.0257841 0.341222
0 0.445325 0.953311 0.013726 0.0274733 0.341067
0 0.155203 0.543938 0.0175849 0.030682 0.340284
0 0.604751 0.0187655 0.0166149 0.0334631 0.339808
0 0.12405 0.791306 0.0312393 0.0568909 0.338346
0 0.967873 0.347866 0.013179 0.0266658 0.337766
0 0.308278 0.625279 0.0164667 0.0223918 0.337636
0 0.948421 0.363901 0.0169576 0.0296446 0.336358
0 0.469714 0.963356 0.0197218 0.02952 0.335305
0 0.262735 0.946921 0.0142382 0.0285802 0.334442
0 0.657056 0.827907 0.0162689 0.0314252 0.333887
0 0.4135 0.90324 0.0170626 0.0241814 0.333586
0 0.575235 0.167467 0.0158566 0.0301463 0.332176
0 0.991394 0.42613 0.0172126 0.0446879 0.329715
0 0.765022 0.301171 0.0221888 0.0371759 0.329105
0 0.234617 0.658916 0.0199854 0.0483248 0.328253
0 0.86697 0.00852982 0.0223263 0.0165964 0.326479
0 0.68047 0.286495 0.0170984 0.0296975 0.325942
0 0.906873 0.474823 0.0120811 0.0257087 0.325302
0 0.601821 0.451521 0.0124977 0.0255354 0.325301
0 0.00902401 0.947145 0.0179264 0.045027 0.324533
0 0.586023 0.194417 0.0131649 0.029842 0.324152
0 0.494341 0.482932 0.0151138 0.0252938 0.322964
0 0.838209 0.0403097 0.0147999 0.0333067 0.322734
0 0.197284 0.600449 0.0191697 0.0412087 0.322204
0 0.326922 0.642905 0.0133045 0.0218595 0.321295
0 0.304441 0.81849 0.0156809 0.0325368 0.31914
0 0.849497 0.195139 0.0152851 0.0266324 0.318913
0 0.67928 0.548142 0.0201136 0.0390113 0.318811
0 0.209315 0.62776 0.0132744 0.0206818 0.316216
0 0.853214 0.362569 0.0142921 0.0249722 0.315952
0 0.915379 0.422602 0.0141 0.0226206 0.314458
0 0.771699 0.71359 0.014355 0.0211376 0.314047
0 0.917004 0.641322 0.0203278 0.0356359 0.313073
0 0.476341 0.214322 0.0196753 0.0331997 0.312662
0 0.390722 0.553071 0.0242239 0.0389808 0.312425
0 0.698144 0.708081 0.0137367 0.0214389 0.312084
0 0.739516 0.0679717 0.0210283 0.0402839 0.309099
0 0.884916 0.0779517 0.0131996 0.0189378 0.307141
0 0.792008 0.0796126 0.0165833 0.0331312 0.30466
0 0.0572098 0.957311 0.0194665 0.0364414 0.304154
0 0.839003 0.412431 0.0178635 0.0352631 0.303454
0 0.772152 0.300628 0.021998 0.038543 0.302048
0 0.0330865 0.27482 0.0162802 0.029508 0.301982
0 0.945238 0.65823 0.0190182 0.032821 0.301108
0 0.0107398 0.193224 0.0205662 0.0466286 0.298007
0 0.875662 0.726224 0.0169211 0.0342621 0.297295
0 0.720303 0.525401 0.0153524 0.0294614 0.297243
0 0.517459 0.397441 0.0143881 0.0253835 0.293
0 0.814621 0.39717 0.0192211 0.0290927 0.292042
0 0.813551 0.206562 0.0137337 0.0249327 0.291594
0 0.678954 0.511982 0.0160215 0.0244696 0.290502
0 0.488778 0.447651 0.0153547 0.030614 0.290462
0 0.494776 0.82162 0.0217426 0.0398566 0.288903
0 0.708463 0.382495 0.0216285 0.0334117 0.28849
0 0.55177 0.574765 0.0217066 0.0311015 0.286653
0 0.263989 0.630366 0.0115691 0.0190986 0.286559
0 0.800083 0.299647 0.0165687 0.0275224 0.286459
0 0.341087 0.870001 0.0119989 0.0191115 0.285675
0 0.675721 0.942393 0.0169684 0.029797 0.284174
0 0.791056 0.8264 0.0205636 0.0356611 0.280349
0 0.0667768 0.0599281 0.0150184 0.0241736 0.279494
0 0.78193 0.375673 0.0187386 0.0307005 0.278173
0 0.328758 0.896473 0.0146456 0.0254086 0.277136
0 0.879101 0.538473 0.0120405 0.0250001 0.276783
0 0.914146 0.419166 0.0169796 0.02658 0.27645
0 0.492453 0.533689 0.0208496 0.0409437 0.276208
0 0.306943 0.949213 0.0165887 0.0223724 0.275155
0 0.257745 0.652532 0.0130581 0.0188775 0.275037
0 0.318922 0.699326 0.0187726 0.0326641 0.272572
0 0.768641 0.513375 0.0171694 0.0286943 0.271882
0 0.150809 0.620692 0.0169927 0.022807 0.27163
0 0.949152 0.562889 0.0202683 0.0317559 0.271038
0 0.694232 0.26659 0.0103364 0.0257709 0.271026
0 0.933706 0.128399 0.00860494 0.0336619 0.270188
0 0.714014 0.671498 0.0189392 0.0284207 0.269274
0 0.690994 0.0174375 0.0171158 0.0329328 0.264871
0 0.286575 0.82132 0.0166089 0.0307632 0.264591
0 0.952067 0.11634 0.0131863 0.0215281 0.264288
0 0.43758 0.376782 0.0178396 0.0305722 0.263775
0 0.511714 0.488959 0.017086 0.0255829 0.261749
0 0.632153 0.401825 0.0179416 0.0335453 0.261615
0 0.989045 0.36317 0.0219105 0.0502869 0.259933
0 0.117172 0.505652 0.0275049 0.0372484 0.259507
0 0.707264 0.0898213 0.00957928 0.0315723 0.255394
0 0.662879 0.237735 0.0122635 0.0328047 0.252809
0 0.506529 0.538491 0.0121286 0.0295477 0.252565
0 0.783434 0.259217 0.0150653 0.0284946 0.252451
0 0.447759 0.901968 0.0131064 0.0278744 0.252424
0 0.945961 0.366526 0.0182695 0.0262044 0.252275
0 0.591723 0.567823 0.0218845 0.0349789 0.250494
0 0.566986 0.4384 0.0157074 0.0240207 0.250317
0 0.678559 0.23937 0.0141723 0.0306164 0.249785
0 0.231296 0.794265 0.0211749 0.0357413 0.249366
0 0.610104 0.933892 0.0147453 0.0299501 0.249355
0 0.924802 0.0831074 0.0112174 0.0274234 0.249066
0 0.890667 0.56039 0.0223068 0.0388616 0.248732
0 0.335442 0.981587 0.0189261 0.0347673 0.247645
0 0.789209 0.737613 0.0132092 0.0212921 0.24715
0 0.902217 0.838964 0.0177944 0.0256358 0.245782
0 0.60517 0.336424 0.015269 0.0318338 0.245556
0 0.93278 0.771043 0.0145994 0.0304761 0.24428
0 0.308063 0.745071 0.0162635 0.0266806 0.243918
0 0.0410215 0.0109718 0.0279612 0.0219436 0.243535
0 0.390101 0.990171 0.0146085 0.0188228 0.243463
0 0.985009 0.810309 0.0224953 0.04312 0.242322
0 0.364425 0.906423 0.0198231 0.0331057 0.241899
0 0.699441 0.753329 0.0151958 0.0256213 0.241299
0 0.738521 0.241807 0.0138529 0.0225918 0.241251
0 0.781548 0.180603 0.0172142 0.0280218 0.24019
0 0.895881 0.565234 0.0159159 0.0331923 0.239886
0 0.468999 0.386171 0.0191429 0.0319232 0.238646
0 0.682994 0.917076 0.0187004 0.0309706 0.237621
0 0.00483939 0.598388 0.00967878 0.105862 0.236525
0 0.744413 0.486423 0.0190391 0.0334583 0.23592
0 0.515597 0.899487 0.0224695 0.0396135 0.235879
0 0.753936 0.736191 0.0169301 0.022506 0.235694
0 0.562546 0.406705 0.0179406 0.0326716 0.235498
0 0.300331 0.875956 0.0167964 0.0251516 0.234156
0 0.451843 0.535408 0.0147561 0.025361 0.233182
0 0.611229 0.66949 0.0203503 0.0393456 0.231355
0 0.251151 0.959623 0.0132997 0.0245704 0.230932
0 0.685007 0.138865 0.0134549 0.018959 0.230145
0 0.911569 0.300075 0.0116291 0.0327068 0.227233
0 0.802259 0.132307 0.0142867 0.0267871 0.226571
0 0.955168 0.412664 0.0161884 0.0278924 0.226225
0 0.0923026 0.633789 0.0391038 0.0575036 0.225372
0 0.41208 0.532215 0.0115641 0.0313012 0.224672
0 0.47167 0.793875 0.0173859 0.0366336 0.223967
0 0.507107 0.219413 0.0192822 0.028054 0.223668
0 0.880537 0.444519 0.014114 0.0267017 0.223419
0 0.406358 0.970618 0.0156723 0.0235225 0.22316
0 0.565624 0.509758 0.0216341 0.0332757 0.222908
0 0.933754 0.666907 0.00927773 0.0214308 0.222838
0 0.917419 0.61789 0.0173033 0.0205904 0.222204
0 0.843153 0.121976 0.0174725 0.0308767 0.221758
0 0.856678 0.0500051 0.0147038 0.0313396 0.220157
0 0.987155 0.37767 0.020723 0.0379106 0.218555
0 0.278628 0.942988 0.0170311 0.0346611 0.218275
0 0.891797 0.721531 0.0262093 0.0446111 0.217978
0 0.561282 0.156162 0.0130931 0.0317414 0.215654
0 0.00971132 0.958386 0.0191705 0.0666128 0.215187
0 0.845573 0.011457 0.0146732 0.0168596 0.213926
0 0.997108 0.963743 0.00578404 0.0342133 0.212272
0 0.739877 0.0102525 0.0166931 0.0197664 0.211545
0 0.431964 0.472205 0.0214836 0.0368666 0.211445
0 0.616548 0.063121 0.0178906 0.0268293 0.210721
0 0.636415 0.927344 0.0182283 0.0265245 0.210535
0 0.540941 0.850577 0.0198656 0.0348796 0.207108
0 0.384522 0.550522 0.0197609 0.0311835 0.206926
0 0.738687 0.783921 0.0282623 0.046342 0.206905
0 0.93488 0.12931 0.00660515 0.0328211 0.2055
0 0.584838 0.417807 0.0136635 0.0239746 0.205338
0 0.597497 0.157488 0.0190447 0.0318873 0.205254
0 0.900921 0.147354 0.0109268 0.02258 0.204369
0 0.936679 0.613967 0.0150139 0.021265 0.204352
0 0.389327 0.451948 0.019986 0.0321018 0.204064
0 0.557782 0.155055 0.0176837 0.0318915 0.203475
0 0.617022 0.900765 0.0209984 0.0372406 0.202625
0 0.286385 0.972996 0.00948868 0.0316335 0.201679
0 0.912769 0.408792 0.0191714 0.0439687 0.201659
0 0.666954 0.439022 0.0178814 0.0298578 0.201239
0 0.459511 0.247045 0.0217043 0.0350195 0.201155
0 0.728181 0.818434 0.0214167 0.0382945 0.20114
0 0.887801 0.561562 0.0201 0.0354636 0.200785
0 0.407146 0.806183 0.0133848 0.025139 0.200353
0 0.852501 0.563383 0.0147202 0.0276303 0.200269
0 0.267788 0.847401 0.0185441 0.0340769 0.200227
0 0.933479 0.299295 0.0171667 0.0306672 0.197356
0 0.695754 0.22698 0.0176285 0.0281584 0.197258
0 0.544161 0.845283 0.0173157 0.0309979 0.19701
0 0.651456 0.221551 0.0127659 0.0273937 0.196464
0 0.407925 0.667636 0.0128162 0.0194842 0.195855
0 0.926863 0.38707 0.0141655 0.0268887 0.195835
0 0.733009 0.559683 0.0151342 0.0213242 0.195669
0 0.410917 0.770024 0.0222254 0.0366716 0.193891
0 0.811363 0.501453 0.0174812 0.0315837 0.193722
0 0.877197 0.612675 0.0193436 0.0279395 0.19248
0 0.470547 0.920844 0.0199024 0.0343774 0.192163
0 0.396907 0.33135 0.0186546 0.0396565 0.191563
0 0.364476 0.90057 0.0211812 0.0437998 0.190696
0 0.43468 0.921044 0.0143784 0.0244144 0.189926
0 0.51876 0.365303 0.0180161 0.0295838 0.189099
0 0.0474489 0.0685907 0.0201547 0.0269959 0.187466
0 0.820783 0.616386 0.0152332 0.0290866 0.186716
0 0.554132 0.57123 0.0241119 0.035252 0.186471
0 0.710925 0.304071 0.0152302 0.0267418 0.186165
0 0.957969 0.859928 0.0128099 0.020442 0.185364
0 0.969721 0.643329 0.0266842 0.0420302 0.185327
0 0.574612 0.472752 0.0160975 0.0253347 0.185054
0 0.64727 0.288665 0.0115055 0.0320092 0.184626
0 0.010704 0.151842 0.0213273 0.0327152 0.184535
0 0.922993 0.0817191 0.0131318 0.0270426 0.18426
0 0.823049 0.166182 0.0211253 0.0302324 0.183899
0 0.224625 0.661193 0.0387458 0.0505463 0.183229
0 0.806765 0.190528 0.0172531 0.0283458 0.180683
0 0.663343 0.370147 0.0147549 0.0246811 0.179241
0 0.542226 0.36445 0.0168449 0.0265611 0.178462
0 0.942314 0.0281727 0.0173193 0.0283303 0.177862
0 0.520899 0.291678 0.0135951 0.0277512 0.176918
0 0.439727 0.859469 0.0159476 0.0302492 0.176617
0 0.240685 0.949591 0.0138575 0.0265598 0.176068
0 0.964502 0.633775 0.0215954 0.0282328 0.175598
0 0.750596 0.263705 0.0115289 0.0286081 0.173728
0 0.34535 0.447884 0.0180798 0.0303212 0.173365
0 0.451073 0.54041 0.0172601 0.0299011 0.173287
0 0.579219 0.0184134 0.0177886 0.0287693 0.173084
0 0.856548 0.746798 0.0126083 0.0345028 0.172786
0 0.804967 0.185353 0.0170662 0.0304487 0.172734
0 0.797086 0.519695 0.014255 0.0245012 0.172633
0 0.929733 0.462145 0.0283933 0.0405745 0.17229
0 0.0387286 0.968536 0.0199255 0.0393606 0.171073
0 0.994154 0.0360741 0.0113361 0.0248245 0.170304
0 0.759291 0.298726 0.0148409 0.0297093 0.170182
0 0.280982 0.896445 0.0145495 0.0218813 0.169673
0 0.849862 0.74569 0.0212433 0.0346093 0.169235
0 0.344216 0.627219 0.0145549 0.0227738 0.169196
0 0.905494 0.178793 0.0132977 0.0241761 0.168432
0 0.76306 0.0777519 0.0148314 0.0293622 0.167728
0 0.878922 0.285257 0.0160015 0.0342705 0.1669
0 0.486418 0.157734 0.01861 0.0419507 0.166352
0 0.029064 0.307986 0.0172551 0.0279386 0.165834
0 0.66121 0.234286 0.0162254 0.0369461 0.165797
0 0.554111 0.653519 0.0182168 0.0277019 0.165689
0 0.988527 0.353966 0.0216625 0.0356517 0.165443
0 0.885428 0.722673 0.0310097 0.0423187 0.164997
0 0.762624 0.575541 0.0169765 0.0252511 0.164631
0 0.506097 0.694984 0.0156659 0.0215847 0.164502
0 0.845666 0.00808529 0.0139591 0.0150055 0.163657
0 0.944019 0.137279 0.0114496 0.0276338 0.163562
0 0.946483 0.085411 0.0134393 0.0273689 0.163415
0 0.921193 0.117139 0.0130965 0.0246511 0.1633
0 0.593297 0.917916 0.0175537 0.0347176 0.163101
0 0.925633 0.457496 0.0220184 0.0321838 0.163093
0 0.875965 0.361871 0.0163788 0.0248296 0.162283
0 0.898001 0.345872 0.0187523 0.0276149 0.16209
0 0.734674 0.713967 0.015832 0.022322 0.161554
0 0.534464 0.073599 0.0144155 0.038179 0.161429
0 0.509868 0.247687 0.0149921 0.0256403 0.161377
0 0.962629 0.631286 0.0193573 0.0247934 0.160549
0 0.41961 0.361718 0.0124046 0.0369051 0.159965
0 0.823651 0.78976 0.0124723 0.0287486 0.158797
0 0.917086 0.0516757 0.0153214 0.0258461 0.15857
0 0.446781 0.90508 0.0118498 0.0289442 0.158475
0 0.810927 0.204257 0.0155579 0.0279307 0.158369
0 0.670841 0.820298 0.0180777 0.0354145 0.157877
0 0.898688 0.147144 0.0115801 0.0204591 0.157768
0 0.753133 0.733208 0.0175102 0.0307288 0.157691
0 0.855639 0.243817 0.0158951 0.0318848 0.15541
0 0.608078 0.60781 0.0128029 0.0294007 0.155075
0 0.415122 0.530945 0.0113817 0.0332227 0.154627
0 0.613217 0.542912 0.0117607 0.0246746 0.154073
0 0.4277 0.886196 0.0132936 0.0245487 0.153741
0 0.834563 0.0372207 0.0166681 0.0311445 0.153594
0 0.754091 0.226994 0.0161245 0.025114 0.153468
0 0.847363 0.742802 0.0181507 0.0288055 0.152948
0 0.665525 0.0312258 0.0207598 0.033305 0.152752
0 0.0639543 0.165817 0.0155954 0.0294529 0.151788
0 0.660802 0.239591 0.0132368 0.0329214 0.151071
0 0.354897 0.336094 0.0273557 0.0450263 0.150811
0 0.392201 0.694044 0.0180878 0.0240533 0.150082
0 0.490283 0.250311 0.0193483 0.0298507 0.14984
0 0.993098 0.00865913 0.0138031 0.0173183 0.148996
0 0.583086 0.905034 0.0152111 0.0328101 0.14892
0 0.615956 0.231944 0.0162828 0.0316566 0.148419
0 0.471796 0.384871 0.0176977 0.0301536 0.147954
0 0.277377 0.737526 0.0247847 0.032525 0.147514
0 0.830196 0.030452 0.0187248 0.0332651 0.14585
0 0.602917 0.0143543 0.019319 0.0277483 0.145357
0 0.620463 0.161985 0.0128942 0.0222691 0.145091
0 0.854622 0.74791 0.0142571 0.0315182 0.144961
0 0.928257 0.0833465 0.00943127 0.0272549 0.144774
0 0.892547 0.132018 0.0156578 0.0216692 0.144318
0 0.510237 0.332287 0.0172306 0.0225794 0.144169
0 0.879767 0.159821 0.0134806 0.0247167 0.143785
0 0.851142 0.571075 0.0161108 0.0277824 0.143252
0 0.665133 0.0250719 0.0176306 0.0335274 0.142955
0 0.822838 0.962903 0.0229439 0.0274075 0.142937
0 0.847898 0.586149 0.0139141 0.0252773 0.142755
0 0.39625 0.957097 0.0170134 0.0236726 0.142685
0 0.95476 0.257903 0.0180454 0.0324534 0.142502
0 0.398415 0.958463 0.0153475 0.0219154 0.141743
0 0.996563 0.18253 0.00687466 0.0333381 0.141456
0 0.516612 0.456492 0.0142677 0.0208754 0.141327
0 0.386449 0.582698 0.0118343 0.0201067 0.141081
0 0.588772 0.867595 0.0172042 0.0284631 0.140749
0 0.610892 0.117315 0.0163419 0.0294464 0.14071
0 0.652455 0.40122 0.0146786 0.0242672 0.1407
0 0.99425 0.107608 0.0114998 0.0225538 0.140501
0 0.259461 0.649319 0.0146558 0.0211777 0.140426
0 0.0322243 0.308869 0.0141948 0.0300641 0.139911
0 0.696333 0.6457 0.0129878 0.0295531 0.139107
0 0.881902 0.441297 0.0147583 0.0293315 0.138349
0 0.78773 0.217969 0.0230726 0.0352544 0.138287
0 0.442981 0.955058 0.0137342 0.0302144 0.137999
0 0.89732 0.600779 0.0179718 0.0309921 0.137998
0 0.691948 0.269664 0.0109844 0.021893 0.137995
0 0.640486 0.0470854 0.0123602 0.0261179 0.137648
0 0.121148 0.509571 0.0202402 0.0338226 0.137567
0 0.42601 0.816169 0.0183758 0.0356995 0.137381
0 0.944163 0.0841703 0.0163641 0.0290177 0.137272
0 0.0372483 0.0511184 0.0202306 0.0340805 0.137238
0 0.392811 0.81735 0.0141566 0.0312656 0.136488
0 0.297883 0.444837 0.0222318 0.0462035 0.136367
0 0.705095 0.0907226 0.0121264 0.0253593 0.136277
0 0.282015 0.762128 0.0186471 0.0270699 0.135852
0 0.497341 0.409221 0.0197316 0.0340285 0.135506
0 0.42814 0.292572 0.0139791 0.0261275 0.135417
0 0.722664 0.225465 0.0150022 0.0236487 0.135271
0 0.557712 0.328977 0.0199577 0.0345952 0.134918
0 0.885641 0.11828 0.012134 0.0224109 0.134373
0 0.152578 0.615618 0.0209466 0.0321493 0.13423
0 0.580401 0.0266938 0.0190166 0.0315911 0.134115
0 0.963594 0.403812 0.0144434 0.0251739 0.13371
0 0.566052 0.196325 0.0184147 0.0310981 0.133462
0 0.199392 0.551805 0.0221354 0.0357317 0.133239
0 0.917564 0.0737046 0.0151295 0.0178487 0.132921
0 0.813826 0.499467 0.02206 0.0351318 0.132534
0 0.492722 0.246039 0.0156431 0.0322829 0.131632
0 0.865006 0.543532 0.0153912 0.0322352 0.129577
0 0.790709 0.489123 0.0220684 0.037649 0.129485
0 0.936147 0.821122 0.0171398 0.0259176 0.129038
0 0.56711 0.26247 0.0175007 0.0210165 0.128777
0 0.702535 0.129127 0.0126361 0.020492 0.128639
0 0.735019 0.417046 0.0120052 0.0248579 0.128438
0 0.691476 0.643247 0.014475 0.0301449 0.126853
0 0.912714 0.207131 0.0140705 0.0325617 0.12643
0 0.909318 0.298974 0.0145454 0.0308095 0.126331
0 0.307921 0.524333 0.0252572 0.0533591 0.125805
0 0.00672921 0.297392 0.0130949 0.0440835 0.125597
0 0.585007 0.256244 0.0171347 0.0307451 0.125403
0 0.630461 0.200599 0.0184872 0.0301536 0.125212
0 0.921387 0.520715 0.0147678 0.0309972 0.125173
0 0.917453 0.633232 0.0199841 0.0405051 0.125036
0 0.895829 0.722148 0.0210121 0.0401072 0.124445
0 0.789779 0.737744 0.0156924 0.02604 0.124443
0 0.52639 0.826509 0.02267 0.0369493 0.123827
0 0.983649 0.380452 0.0161324 0.0329055 0.123734
0 0.570939 0.554336 0.0117529 0.0261652 0.123542
0 0.808506 0.503588 0.0114288 0.0305001 0.123526
0 0.430425 0.970576 0.0162858 0.0251481 0.123304
0 0.993221 0.106279 0.0135576 0.0299371 0.122764
0 0.620059 0.021676 0.0157608 0.03667 0.122027
0 0.833211 0.787044 0.0103893 0.030033 0.121396
0 0.444333 0.991151 0.0186316 0.0164415 0.121135
0 0.843534 0.16153 0.0165123 0.0280327 0.120554
0 0.380582 0.494971 0.0102718 0.0322496 0.120418
0 0.261921 0.9502 0.012593 0.0228046 0.11988
0 0.340201 0.42651 0.0271091 0.0499645 0.119315
0 0.674778 0.891168 0.0233868 0.0410041 0.119245
0 0.380267 0.806333 0.0206048 0.0319372 0.119164
0 0.936102 0.66581 0.0127964 0.0242435 0.11883
0 0.608821 0.936399 0.0181736 0.0313484 0.118362
0 0.568922 0.234102 0.0166594 0.0259829 0.118173
0 0.850032 0.584438 0.0156305 0.0252941 0.118166
0 0.965451 0.799478 0.0157089 0.0275623 0.118128
0 0.968172 0.351892 0.0141531 0.0265145 0.117793
0 0.427489 0.676136 0.0129311 0.016635 0.117639
0 0.967967 0.455605 0.0144463 0.0315574 0.117515
0 0.29386 0.853193 0.0175203 0.0285461 0.117311
0 0.618217 0.233567 0.0156377 0.033024 0.1172
0 0.103508 0.644004 0.02412 0.0381045 0.117186
0 0.791106 0.215525 0.0210005 0.0345908 0.11686
0 0.324286 0.460788 0.0208662 0.0405463 0.115916
0 0.584072 0.866442 0.0232283 0.0270118 0.115859
0 0.815501 0.390618 0.0204708 0.0343596 0.115488
0 0.598595 0.00701718 0.0231659 0.0138058 0.115265
0 0.497514 0.665669 0.0194122 0.0329747 0.114932
0 0.788197 0.152316 0.0157794 0.0266068 0.114861
0 0.508804 0.428505 0.0204661 0.0327459 0.114669
0 0.130176 0.953479 0.0166995 0.0225564 0.114511
0 0.0970068 0.636623 0.033605 0.0526277 0.114439
0 0.975033 0.532999 0.0255919 0.0344329 0.114316
0 0.419379 0.361152 0.0165854 0.0400592 0.114278
0 0.406135 0.609476 0.021097 0.0324585 0.113746
0 0.44665 0.280105 0.0186377 0.0333709 0.11363
0 0.520327 0.930446 0.0220171 0.0291996 0.113537
0 0.41484 0.586897 0.0131924 0.0285347 0.113179
0 0.859375 0.656462 0.013371 0.0270156 0.11263
0 0.886582 0.639341 0.0195326 0.0327703 0.112412
0 0.476033 0.525556 0.0139043 0.036064 0.111356
0 0.594667 0.00594758 0.0233871 0.0116941 0.111301
0 0.528379 0.821903 0.0280207 0.0369409 0.110824
0 0.528317 0.622769 0.0204355 0.0417079 0.11081
0 0.566621 0.263117 0.0188795 0.0296739 0.110606
0 0.992679 0.0721141 0.0133914 0.0166306 0.110464
0 0.659234 0.503416 0.0193613 0.0296612 0.110228
0 0.679485 0.110129 0.0172733 0.0292129 0.110206
0 0.75322 0.720683 0.0166695 0.0221446 0.109819
0 0.919612 0.115364 0.0139112 0.023309 0.108714
0 0.433025 0.917462 0.0145277 0.021263 0.108628
0 0.38824 0.814713 0.0210258 0.0359867 0.108543
0 0.581917 0.0344956 0.0206394 0.0390393 0.108538
0 0.923957 0.844024 0.0162907 0.0231198 0.107574
0 0.3165 0.85137 0.0136462 0.0251695 0.107503
0 0.365213 0.584027 0.0136016 0.0392592 0.107305
0 0.86862 0.479394 0.0173691 0.0465698 0.107033
0 0.608908 0.859622 0.0127483 0.0357773 0.106919
0 0.70672 0.164269 0.0154651 0.0258275 0.106849
0 0.470256 0.434974 0.0156528 0.0212637 0.106584
0 0.410778 0.439251 0.0172254 0.0260986 0.106488
0 0.699882 0.533041 0.0155512 0.0270969 0.106445
0 0.591992 0.678446 0.0194532 0.0358799 0.106038
0 0.0136521 0.964021 0.0271464 0.0698025 0.105758
0 0.523291 0.931973 0.0161858 0.0256612 0.105624
0 0.835154 0.416767 0.0158552 0.0315466 0.105594
0 0.970542 0.883771 0.0120419 0.0185559 0.10513
0 0.515563 0.452324 0.015037 0.0199727 0.105126
0 0.743383 0.0721926 0.0208335 0.0320949 0.105068
0 0.858856 0.704559 0.0139477 0.0237271 0.105005
0 0.441392 0.861662 0.0115225 0.0322313 0.104465
0 0.218416 0.891033 0.0116821 0.0293379 0.10423
0 0.933873 0.421246 0.0155472 0.0282403 0.103806
0 0.756942 0.130531 0.0179148 0.030103 0.103656
0 0.843886 0.486086 0.0216576 0.0491293 0.103456
0 0.840574 0.0863964 0.0176128 0.0278398 0.103365
0 0.471359 0.829601 0.0144102 0.0224837 0.103064
0 0.945309 0.135513 0.014695 0.0250913 0.10296
0 0.634087 0.0884254 0.0106687 0.0373676 0.102762
0 0.912123 0.769081 0.0170008 0.0358073 0.102619
0 0.977849 0.311167 0.00781288 0.0222873 0.102523
0 0.958593 0.0637631 0.00972023 0.020384 0.102246
0 0.198873 0.770655 0.0189421 0.0254049 0.102176
0 0.33961 0.834132 0.0136296 0.0295898 0.101638
0 0.390525 0.69127 0.0155655 0.0268464 0.101612
0 0.801571 0.297479 0.0130886 0.0308045 0.101506
0 0.38574 0.809528 0.0214292 0.0376756 0.101395
0 0.133551 0.572151 0.0213816 0.0295815 0.101307
0 0.53985 0.441524 0.016098 0.0247181 0.10112
0 0.320224 0.405033 0.0132108 0.0297107 0.100729
0 0.525409 0.69304 0.0163595 0.0257521 0.100367
0 0.825423 0.729186 0.0218761 0.0351454 0.100189
