0 0.268417 0.981964 0.0239379 0.0350022 0.680177
0 0.0801032 0.714854 0.0231565 0.0468949 0.677987
0 0.883385 0.721318 0.0232447 0.0355214 0.67449
0 0.0511015 0.723172 0.0286883 0.0526626 0.671363
0 0.59721 0.359486 0.024234 0.0407843 0.668217
0 0.62841 0.543898 0.0215914 0.0393017 0.667496
0 0.957056 0.229822 0.0246796 0.0383901 0.666787
0 0.188833 0.105658 0.0237347 0.0404029 0.666506
0 0.173803 0.952728 0.0214983 0.0355401 0.656865
0 0.313795 0.696452 0.0236861 0.0452013 0.656555
0 0.677254 0.628813 0.0193893 0.0351254 0.655816
0 0.444082 0.400175 0.0236237 0.047393 0.65479
0 0.702365 0.624344 0.0202816 0.0309151 0.65004
0 0.745816 0.530586 0.0187738 0.0315313 0.645731
0 0.33612 0.955679 0.0220492 0.0421139 0.644095
0 0.317487 0.460797 0.0196051 0.0330711 0.642912
0 0.483283 0.0164885 0.0218275 0.0325592 0.64053
0 0.632513 0.0832648 0.0315982 0.049817 0.638411
0 0.808675 0.0510828 0.018972 0.0412877 0.635604
0 0.632459 0.843795 0.022757 0.040332 0.634545
0 0.278821 0.552336 0.0187943 0.034987 0.633883
0 0.913453 0.118919 0.0173977 0.0305028 0.633742
0 0.474125 0.168985 0.0183288 0.0323909 0.630022
0 0.761503 0.978506 0.0178759 0.0300707 0.62972
0 0.285465 0.887373 0.0224905 0.0460626 0.629477
0 0.714807 0.576381 0.0194483 0.0336645 0.628752
0 0.345719 0.318914 0.0230996 0.0393616 0.6283
0 0.168512 0.628794 0.0201209 0.033327 0.62781
0 0.340077 0.518406 0.0261072 0.0429952 0.625883
0 0.273656 0.690354 0.0233772 0.0394168 0.625368
0 0.832736 0.390319 0.0261269 0.0356566 0.62407
0 0.243874 0.304309 0.0187443 0.0330809 0.622825
0 0.125128 0.84675 0.0180041 0.0292911 0.621597
0 0.249183 0.525016 0.0175294 0.0293854 0.621154
0 0.974799 0.795978 0.0213921 0.032706 0.621101
0 0.829989 0.264305 0.0199483 0.0347729 0.619897
0 0.0969528 0.690342 0.0161207 0.0300073 0.619303
0 0.290445 0.929736 0.0248941 0.0408091 0.618758
0 0.264781 0.88908 0.0128597 0.0365776 0.618624
0 0.251402 0.843789 0.016792 0.0281711 0.614552
0 0.845659 0.299855 0.0185284 0.0393081 0.614527
0 0.180537 0.660906 0.021514 0.0376976 0.614337
0 0.155167 0.605942 0.0183394 0.0346727 0.614121
0 0.397102 0.778889 0.0155858 0.0268534 0.61099
0 0.378084 0.96159 0.0195221 0.0353806 0.610252
0 0.244591 0.879603 0.0167211 0.0319918 0.608201
0 0.890398 0.423988 0.0193264 0.0298036 0.607716
0 0.212924 0.496448 0.0163341 0.0306377 0.604796
0 0.249022 0.400868 0.0205041 0.039452 0.602885
0 0.424562 0.799396 0.0194979 0.0305901 0.601484
0 0.953544 0.0639251 0.0173714 0.041616 0.601285
0 0.667908 0.431761 0.0222636 0.0438519 0.598874
0 0.70182 0.425612 0.0174532 0.0311734 0.596822
0 0.4898 0.115038 0.0231298 0.0351136 0.595664
0 0.0794062 0.420661 0.0206233 0.0387818 0.593276
0 0.29381 0.46474 0.0172327 0.0245065 0.592795
0 0.332648 0.557417 0.0143519 0.0262897 0.592195
0 0.745236 0.854643 0.0156981 0.0245904 0.589881
0 0.969314 0.171375 0.0208916 0.0305023 0.582901
0 0.605852 0.971239 0.0184615 0.0321178 0.582766
0 0.742936 0.953904 0.0187475 0.028615 0.581369
0 0.368554 0.864883 0.019416 0.0307451 0.580998
0 0.0143871 0.867682 0.025461 0.0347002 0.580025
0 0.89629 0.0737922 0.0229996 0.040577 0.578962
0 0.590543 0.765909 0.0204042 0.037912 0.578526
0 0.658923 0.790428 0.0211596 0.0442047 0.577837
0 0.761197 0.113443 0.0125378 0.0293893 0.576707
0 0.17073 0.496479 0.0132053 0.0251921 0.57654
0 0.388396 0.52853 0.0211855 0.0299864 0.576352
0 0.183118 0.911015 0.0268305 0.0459388 0.575359
0 0.401862 0.811902 0.0148409 0.0263234 0.574626
0 0.868363 0.327155 0.0146835 0.0303554 0.570243
0 0.67196 0.589174 0.022314 0.0353441 0.568899
0 0.191307 0.260057 0.024948 0.0440608 0.56712
0 0.736336 0.904422 0.024012 0.0370036 0.563742
0 0.836262 0.0173192 0.0253548 0.0329972 0.563633
0 0.275608 0.646705 0.0114201 0.0283295 0.562137
0 0.920287 0.149242 0.0142101 0.029513 0.560781
0 0.353105 0.279521 0.0159902 0.0273649 0.559683
0 0.82943 0.162257 0.0202305 0.0336463 0.559394
0 0.768812 0.908693 0.0149098 0.0267114 0.55888
0 0.228633 0.547327 0.0220289 0.0339196 0.55764
0 0.785234 0.881215 0.0228973 0.0377002 0.557299
0 0.351152 0.5718 0.0151422 0.0293993 0.557286
0 0.727096 0.388025 0.0185123 0.0357634 0.555563
0 0.144044 0.531002 0.0183933 0.0319213 0.555309
0 0.245432 0.669704 0.0154398 0.0303831 0.554859
0 0.966397 0.687023 0.0195816 0.0309606 0.554671
0 0.477407 0.639333 0.019661 0.0346187 0.554393
0 0.341924 0.454074 0.0153358 0.0286183 0.553631
0 0.140304 0.88761 0.0155676 0.0316847 0.552671
0 0.0522301 0.85482 0.0127326 0.0251875 0.552079
0 0.490647 0.953785 0.0157869 0.0309604 0.550873
0 0.427344 0.538931 0.0131896 0.028024 0.549498
0 0.392188 0.852997 0.0207478 0.0395955 0.548992
0 0.316604 0.855489 0.0148919 0.0264635 0.547208
0 0.412182 0.890593 0.0222666 0.0383955 0.546917
0 0.255165 0.943116 0.0190212 0.0382759 0.546389
0 0.299278 0.0906762 0.0213495 0.0373048 0.545853
0 0.754348 0.381879 0.0208942 0.0360019 0.54464
0 0.762942 0.0784664 0.0169603 0.0261149 0.544528
0 0.665653 0.875423 0.0221389 0.0365703 0.543173
0 0.716309 0.354475 0.0156948 0.0286294 0.543169
0 0.462962 0.593498 0.0149513 0.0298489 0.540749
0 0.412302 0.755841 0.01324 0.0270766 0.53851
0 0.113256 0.340984 0.0156168 0.0332666 0.537133
0 0.261308 0.652373 0.0125012 0.0299256 0.536315
0 0.146909 0.652183 0.0130143 0.0300717 0.536281
0 0.423049 0.719591 0.0197033 0.0355343 0.532739
0 0.946037 0.180683 0.0171238 0.0335922 0.532434
0 0.745278 0.339494 0.0196787 0.0407595 0.532408
0 0.21652 0.766428 0.0156854 0.0292097 0.531017
0 0.315785 0.527178 0.0171556 0.031377 0.52869
0 0.906922 0.181395 0.0182014 0.0333083 0.528153
0 0.243949 0.259288 0.0158132 0.0328059 0.525385
0 0.353967 0.745511 0.0184054 0.0367967 0.525235
0 0.0911118 0.942294 0.0219571 0.0375614 0.524739
0 0.315659 0.979023 0.0168175 0.0317013 0.523312
0 0.154734 0.44721 0.016909 0.0318288 0.522929
0 0.205934 0.644469 0.0161163 0.029679 0.51769
0 0.382181 0.0736482 0.0246933 0.0404594 0.517384
0 0.114935 0.526589 0.0128951 0.031341 0.516369
0 0.0468152 0.170631 0.0155906 0.0265353 0.51497
0 0.645799 0.160731 0.01665 0.024896 0.514024
0 0.769134 0.942606 0.0149459 0.0271263 0.511876
0 0.383456 0.799031 0.0141548 0.0272029 0.511146
0 0.957082 0.338376 0.0185619 0.0361793 0.508457
0 0.0921654 0.543305 0.0163885 0.0303544 0.507683
0 0.154848 0.760232 0.0192005 0.0350187 0.506619
0 0.377566 0.296966 0.015555 0.0295484 0.503235
0 0.7445 0.255002 0.0146078 0.0286916 0.501703
0 0.734357 0.0585576 0.0308527 0.0485495 0.501648
0 0.970693 0.928657 0.0198494 0.032959 0.498988
0 0.209462 0.2326 0.0161273 0.029899 0.498785
0 0.263463 0.133835 0.015822 0.0261974 0.497491
0 0.355641 0.906661 0.017805 0.037677 0.496436
0 0.692837 0.662952 0.017374 0.0262997 0.496174
0 0.782308 0.0928502 0.0170617 0.0279464 0.496092
0 0.177744 0.733865 0.0137448 0.027475 0.495829
0 0.970848 0.0267051 0.0135197 0.0252334 0.495519
0 0.115586 0.915498 0.0172035 0.0319461 0.493763
0 0.891461 0.272831 0.0177565 0.0320614 0.493725
0 0.329352 0.893028 0.0253387 0.0563553 0.493336
0 0.913437 0.58693 0.0296013 0.0494073 0.489624
0 0.920014 0.662832 0.0159067 0.031221 0.488897
0 0.860851 0.77388 0.0177475 0.0298835 0.488778
0 0.225216 0.726453 0.0161362 0.0302338 0.487857
0 0.165773 0.544545 0.0154131 0.0286943 0.486728
0 0.990595 0.885251 0.0181625 0.0303778 0.486159
0 0.184717 0.470482 0.0148807 0.0284458 0.485856
0 0.713536 0.770466 0.0154236 0.0307868 0.48503
0 0.174266 0.331824 0.0179441 0.0332313 0.484194
0 0.450861 0.684451 0.0157879 0.0285621 0.483648
0 0.0807011 0.907923 0.0145633 0.0283739 0.482853
0 0.992575 0.234509 0.01485 0.0348209 0.482776
0 0.8542 0.740914 0.0192265 0.0311827 0.482424
0 0.80025 0.154271 0.0156904 0.0367351 0.481373
0 0.157652 0.607722 0.0158854 0.0341345 0.478465
0 0.0683264 0.958762 0.0164365 0.0329083 0.476864
0 0.730902 0.770644 0.0163002 0.0338667 0.476464
0 0.805245 0.106044 0.0159719 0.0266629 0.476263
0 0.856643 0.244615 0.0328136 0.0548221 0.474929
0 0.156815 0.378132 0.00968264 0.0254244 0.474698
0 0.589424 0.948235 0.013681 0.0268396 0.474685
0 0.931081 0.346511 0.0170197 0.0354624 0.474092
0 0.813287 0.656259 0.0160168 0.0290643 0.472777
0 0.946313 0.430132 0.0257961 0.0435535 0.471141
0 0.33353 0.715855 0.012961 0.0267076 0.46927
0 0.142239 0.405435 0.0197426 0.0363027 0.468489
0 0.299148 0.823154 0.0181318 0.0301551 0.466326
0 0.0450087 0.913816 0.0157496 0.0292138 0.465401
0 0.693456 0.724775 0.0250252 0.0368947 0.46421
0 0.274755 0.269509 0.0229257 0.0330019 0.463936
0 0.666634 0.126657 0.0173994 0.0329587 0.463716
0 0.355081 0.835145 0.0174025 0.028074 0.462805
0 0.277547 0.480557 0.0143605 0.0323711 0.462552
0 0.290949 0.326507 0.0126492 0.0273892 0.461353
0 0.737044 0.823828 0.0190685 0.0324565 0.461314
0 0.698275 0.384 0.0183582 0.0325379 0.461015
0 0.270771 0.329871 0.0223076 0.0386032 0.459682
0 0.704611 0.981436 0.0180424 0.0321947 0.457085
0 0.527701 0.797605 0.023231 0.0408378 0.456756
0 0.108462 0.613653 0.0137398 0.0226487 0.455616
0 0.0364834 0.850164 0.0172168 0.027281 0.455609
0 0.836006 0.0608469 0.0228527 0.0339631 0.455399
0 0.243803 0.71356 0.025037 0.0401594 0.453986
0 0.985127 0.63328 0.0261528 0.0333197 0.453692
0 0.357768 0.798222 0.0244977 0.038103 0.452918
0 0.094948 0.451718 0.0171385 0.0303396 0.449266
0 0.994246 0.666178 0.0115089 0.028462 0.448679
0 0.103657 0.763061 0.018808 0.028427 0.447296
0 0.847962 0.879901 0.019429 0.0354841 0.445937
0 0.414957 0.30445 0.0144035 0.0264471 0.443772
0 0.315448 0.405171 0.0174749 0.0328079 0.443271
0 0.628952 0.0374866 0.0166878 0.028849 0.442261
0 0.0991103 0.365187 0.0143354 0.0308482 0.441856
0 0.766476 0.312003 0.0236347 0.0428415 0.439798
0 0.694672 0.17125 0.0151235 0.0313793 0.439202
0 0.419613 0.0689325 0.01731 0.0348689 0.438782
0 0.232689 0.639052 0.0178698 0.029486 0.436904
0 0.281334 0.180848 0.0146469 0.0298844 0.436038
0 0.880234 0.197978 0.0174999 0.0274925 0.432487
0 0.61538 0.894119 0.0259116 0.0473128 0.430272
0 0.241331 0.750873 0.0155112 0.0285061 0.425667
0 0.19923 0.952592 0.0254455 0.0412391 0.424008
0 0.867665 0.866161 0.0195969 0.0306651 0.423604
0 0.124278 0.75728 0.023914 0.043869 0.423534
0 0.011345 0.591617 0.0204484 0.0356956 0.423164
0 0.374088 0.75587 0.0158472 0.027024 0.422957
0 0.992285 0.94606 0.0154299 0.033178 0.419519
0 0.366678 0.243017 0.0151852 0.0255475 0.419269
0 0.338743 0.0636139 0.0141666 0.0235597 0.419157
0 0.267477 0.424531 0.0184317 0.0333328 0.418884
0 0.781158 0.400911 0.0229266 0.0337041 0.417926
0 0.39722 0.424488 0.0161639 0.0290423 0.417225
0 0.643594 0.655869 0.0191977 0.0361516 0.41587
0 0.453367 0.113034 0.0235312 0.0392633 0.414393
0 0.865421 0.95981 0.0189671 0.0316562 0.413856
0 0.942124 0.55985 0.014522 0.0306868 0.412645
0 0.339384 0.789842 0.014467 0.0277646 0.408265
0 0.932388 0.0894157 0.0188015 0.0301268 0.405407
0 0.929322 0.620276 0.0161234 0.0271744 0.404716
0 0.291981 0.629192 0.0171276 0.0355463 0.404616
0 0.14658 0.364696 0.0126726 0.0215263 0.40397
0 0.066328 0.552181 0.0148973 0.0280919 0.403169
0 0.196105 0.3257 0.0152059 0.0305647 0.402866
0 0.960968 0.567757 0.0222458 0.0359123 0.401595
0 0.844647 0.465879 0.0163544 0.0295091 0.400532
0 0.479288 0.0832174 0.0159294 0.0255734 0.399199
0 0.0760007 0.811558 0.0118903 0.0264262 0.398914
0 0.122197 0.638724 0.0130136 0.029155 0.398657
0 0.197717 0.574079 0.0161724 0.0277895 0.398197
0 0.411157 0.386612 0.0218021 0.0430265 0.397801
0 0.251129 0.617206 0.0117611 0.0280996 0.397682
0 0.294133 0.42531 0.016689 0.0234164 0.397208
0 0.150209 0.834152 0.0169601 0.0310089 0.39571
0 0.786062 0.512886 0.0269653 0.0404632 0.395657
0 0.219462 0.669807 0.0197697 0.0366791 0.395486
0 0.171695 0.393774 0.0125196 0.0235399 0.391982
0 0.155303 0.376612 0.00884368 0.0257987 0.390861
0 0.126593 0.371799 0.0130482 0.0235224 0.390729
0 0.00487818 0.397685 0.00973709 0.0273382 0.390644
0 0.0501251 0.571667 0.0151843 0.0219059 0.390629
0 0.0674153 0.849984 0.0180068 0.0311529 0.390312
0 0.768133 0.047891 0.0205391 0.0360177 0.389886
0 0.203731 0.957525 0.025014 0.046241 0.388903
0 0.0290547 0.922843 0.013492 0.0257931 0.3889
0 0.420225 0.575203 0.0139938 0.026183 0.388648
0 0.609192 0.016746 0.0258298 0.0334921 0.387864
0 0.109478 0.469024 0.0121715 0.0263967 0.385043
0 0.371242 0.430809 0.0155847 0.0273925 0.384495
0 0.172319 0.427918 0.0159085 0.0215478 0.384314
0 0.146027 0.689436 0.0135907 0.0269477 0.383785
0 0.862931 0.172524 0.0167915 0.0270588 0.383661
0 0.140202 0.268142 0.0135978 0.0240169 0.383613
0 0.934673 0.910685 0.0194843 0.0292107 0.382581
0 0.766582 0.846576 0.0164157 0.0242282 0.382513
0 0.0894756 0.0164495 0.0183588 0.0327588 0.382125
0 0.370462 0.495985 0.0200197 0.0447507 0.380124
0 0.815618 0.770051 0.0160038 0.0301215 0.380068
0 0.953132 0.140314 0.0183857 0.031395 0.378262
0 0.197339 0.779893 0.0146663 0.0224792 0.37762
0 0.230217 0.886678 0.0135532 0.0272576 0.375159
0 0.793951 0.919068 0.015895 0.0271735 0.375067
0 0.579427 0.801294 0.0194616 0.0339814 0.374974
0 0.335651 0.217582 0.0188919 0.0285338 0.374361
0 0.213519 0.139779 0.0166811 0.0272473 0.373377
0 0.0261123 0.438687 0.0133756 0.0291907 0.370371
0 0.757023 0.562892 0.0235223 0.0240868 0.369149
0 0.852634 0.243077 0.024427 0.0488458 0.36895
0 0.39948 0.0319847 0.0208145 0.0444878 0.368457
0 0.229284 0.9654 0.0175859 0.0260127 0.368242
0 0.810024 0.19324 0.0107693 0.0312484 0.366797
0 0.198724 0.747381 0.0172485 0.0331299 0.365756
0 0.921625 0.937767 0.0196159 0.0332695 0.363212
0 0.00936972 0.179348 0.0182802 0.0261453 0.361558
0 0.697988 0.826665 0.0208788 0.0375054 0.35965
0 0.67004 0.484863 0.0163111 0.0266252 0.358543
0 0.993421 0.421569 0.0131579 0.0348665 0.358511
0 0.102468 0.508916 0.0112211 0.0200689 0.358193
0 0.453187 0.00690172 0.0188038 0.013625 0.356322
0 0.658982 0.526094 0.0185211 0.0241269 0.355926
0 0.584121 0.274493 0.0148521 0.0260839 0.355197
0 0.037442 0.7989 0.0175914 0.0350911 0.35456
0 0.921672 0.736153 0.0248568 0.0426465 0.354175
0 0.112858 0.38584 0.0128332 0.0290595 0.353892
0 0.706623 0.00964055 0.0171811 0.0192811 0.35252
0 0.296898 0.851148 0.0140878 0.0207795 0.351927
0 0.129917 0.331021 0.0131466 0.0268394 0.351846
0 0.894109 0.137869 0.0180977 0.0348551 0.350401
0 0.582082 0.728642 0.0178076 0.0314544 0.350023
0 0.662751 0.304795 0.0278914 0.0432027 0.349866
0 0.850804 0.343802 0.0176247 0.0348579 0.349728
0 0.130433 0.798014 0.0178377 0.0304253 0.348331
0 0.274597 0.597628 0.0174766 0.0283764 0.343225
0 0.126706 0.558154 0.0145112 0.0235163 0.339002
0 0.0647417 0.441498 0.0160553 0.0235406 0.338684
0 0.27648 0.808052 0.0175552 0.0433699 0.338568
0 0.264489 0.302324 0.012036 0.0226543 0.338505
0 0.29073 0.150771 0.0225116 0.0301297 0.337363
0 0.921465 0.834571 0.0182575 0.0310574 0.337124
0 0.233068 0.794153 0.0166801 0.0281653 0.336602
0 0.157346 0.987557 0.0162244 0.0239289 0.335368
0 0.664062 0.694871 0.0130442 0.0221439 0.334342
0 0.520059 0.945375 0.0172953 0.0364275 0.332402
0 0.547141 0.825924 0.017056 0.0310218 0.332014
0 0.45806 0.639739 0.015019 0.0287484 0.329448
0 0.900223 0.854994 0.0145645 0.0304657 0.329335
0 0.803959 0.857114 0.0128908 0.0265628 0.327772
0 0.2205 0.417522 0.0159153 0.0276202 0.327595
0 0.816257 0.731991 0.015099 0.0278388 0.327073
0 0.155928 0.936796 0.0134372 0.0277842 0.324548
0 0.126408 0.748742 0.0275305 0.0383893 0.3236
0 0.201112 0.0388271 0.0297543 0.055285 0.32182
0 0.257761 0.553678 0.0116413 0.029526 0.321764
0 0.088252 0.0971515 0.0160326 0.0257048 0.320429
0 0.60952 0.0527718 0.0211148 0.0382349 0.320423
0 0.88586 0.633151 0.0338684 0.0539213 0.320181
0 0.950257 0.621915 0.0249451 0.0377374 0.319502
0 0.0269771 0.562038 0.0156551 0.0262595 0.319374
0 0.0629402 0.501037 0.0131696 0.024645 0.319028
0 0.524622 0.395262 0.0208889 0.033205 0.318907
0 0.840714 0.776066 0.0136641 0.0226915 0.318547
0 0.974729 0.342586 0.0170617 0.0472796 0.318242
0 0.166842 0.218431 0.0168828 0.028382 0.316597
0 0.745381 0.0600711 0.0134396 0.0369505 0.31619
0 0.680949 0.200428 0.0168625 0.0278902 0.314484
0 0.297826 0.585958 0.0159055 0.0303555 0.312459
0 0.288853 0.722325 0.0100007 0.0168047 0.311698
0 0.791705 0.665329 0.0250626 0.0370019 0.310764
0 0.837994 0.824318 0.0193886 0.0350155 0.310527
0 0.336764 0.422199 0.0111693 0.0202758 0.310334
0 0.207657 0.201574 0.014369 0.0222522 0.310189
0 0.134529 0.91891 0.01447 0.0221887 0.309904
0 0.366588 0.93174 0.0117119 0.0176025 0.309796
0 0.967944 0.423483 0.0186893 0.0331142 0.306714
0 0.988956 0.139104 0.0218733 0.0383323 0.30671
0 0.894917 0.218023 0.0121256 0.0295005 0.30653
0 0.113516 0.240174 0.0242596 0.0321575 0.30636
0 0.132685 0.817036 0.0160942 0.0200633 0.305973
0 0.969061 0.339503 0.027335 0.0529617 0.304753
0 0.335371 0.844008 0.0178645 0.0323486 0.304027
0 0.281786 0.370164 0.0224087 0.0301993 0.302684
0 0.198798 0.479985 0.0151608 0.0316848 0.302182
0 0.978677 0.396523 0.0233091 0.0379171 0.301116
0 0.262916 0.299033 0.013454 0.028649 0.300624
0 0.342427 0.991345 0.0195846 0.0166948 0.298116
0 0.0492707 0.204575 0.018994 0.0319007 0.298099
0 0.527808 0.446873 0.0175512 0.0311258 0.297877
0 0.0652583 0.445218 0.0159848 0.0220235 0.297392
0 0.271477 0.754474 0.0224988 0.0381051 0.296118
0 0.527807 0.666798 0.0176537 0.0338303 0.295806
0 0.245865 0.0892811 0.0122868 0.0289688 0.294979
0 0.231805 0.229223 0.0174488 0.0295366 0.29433
0 0.363445 0.792158 0.0178437 0.0338843 0.294007
0 0.429327 0.773828 0.0140217 0.0266164 0.293602
0 0.790193 0.658928 0.0278944 0.0464952 0.293435
0 0.0726252 0.665254 0.0160064 0.0261223 0.290593
0 0.118936 0.242077 0.0180345 0.028051 0.288991
0 0.431062 0.962646 0.0183208 0.027359 0.288954
0 0.170752 0.274002 0.0125625 0.0224879 0.288618
0 0.968676 0.466985 0.0178226 0.0294 0.288451
0 0.272334 0.32491 0.0214628 0.0406576 0.287077
0 0.121939 0.699433 0.0239064 0.0424982 0.28668
0 0.880495 0.293586 0.0174377 0.0196029 0.286543
0 0.150767 0.865697 0.012617 0.0244456 0.286343
0 0.0125133 0.250182 0.0175295 0.0305549 0.286298
0 0.355153 0.699688 0.0157263 0.0307051 0.285691
0 0.297259 0.784959 0.017355 0.0255219 0.285379
0 0.967735 0.989139 0.0146965 0.0209018 0.280265
0 0.466731 0.530756 0.0178999 0.0263202 0.279828
0 0.196024 0.44063 0.0140798 0.0216442 0.277981
0 0.00396899 0.150584 0.007876 0.0270266 0.277471
0 0.516408 0.0964797 0.0185089 0.0292226 0.2745
0 0.316592 0.623779 0.0118554 0.0241568 0.273241
0 0.0554804 0.138766 0.016914 0.0266196 0.272866
0 0.125989 0.700203 0.0159051 0.0356988 0.272519
0 0.0161738 0.287533 0.0223344 0.0399914 0.27066
0 0.83133 0.692802 0.0138784 0.0299711 0.270552
0 0.0933535 0.131321 0.020299 0.0298515 0.270477
0 0.210614 0.0898046 0.0157598 0.03162 0.268869
0 0.0530824 0.0847371 0.0168248 0.0293115 0.268251
0 0.703817 0.57914 0.0129292 0.0331123 0.267799
0 0.304145 0.201943 0.0188279 0.0255538 0.264966
0 0.731465 0.714943 0.0181572 0.0412099 0.263891
0 0.666811 0.390094 0.0212179 0.0331752 0.263765
0 0.78405 0.280125 0.0125372 0.0224076 0.26346
0 0.839139 0.924125 0.0199776 0.0332431 0.262697
0 0.355441 0.406787 0.016494 0.0233861 0.261248
0 0.0895015 0.632638 0.0130373 0.0239518 0.261095
0 0.166534 0.35787 0.0159574 0.026682 0.260634
0 0.192279 0.414958 0.0139719 0.0274316 0.260182
0 0.34001 0.374998 0.0134294 0.0277579 0.259983
0 0.990696 0.0207801 0.0186087 0.0400441 0.259477
0 0.799658 0.578344 0.0160697 0.039898 0.258746
0 0.317133 0.945635 0.0148389 0.0269636 0.258264
0 0.253959 0.800407 0.0174527 0.0338891 0.257224
0 0.39567 0.732493 0.0182763 0.0310471 0.256508
0 0.342371 0.251025 0.0179066 0.0279946 0.25561
0 0.866728 0.928339 0.019146 0.0286255 0.255223
0 0.401681 0.618617 0.0135197 0.0292716 0.254873
0 0.0501202 0.471986 0.0176358 0.0343309 0.254125
0 0.151051 0.565098 0.0146944 0.0255632 0.252821
0 0.824773 0.78612 0.0129871 0.0252068 0.251266
0 0.123885 0.0875027 0.0186265 0.0316148 0.251121
0 0.242409 0.363886 0.0195035 0.0283806 0.2505
0 0.7058 0.238046 0.025958 0.0389756 0.249116
0 0.878999 0.0147297 0.0152838 0.028544 0.248729
0 0.599351 0.820442 0.020894 0.0357122 0.248495
0 0.501492 0.171455 0.0172497 0.0335802 0.247779
0 0.696292 0.380297 0.0203066 0.0358159 0.246928
0 0.95725 0.723218 0.0183006 0.0299225 0.246811
0 0.0648369 0.876998 0.00961283 0.0209293 0.244377
0 0.822827 0.230379 0.017926 0.0332987 0.243675
0 0.84518 0.623689 0.0288551 0.0470318 0.242529
0 0.230866 0.0706965 0.0179722 0.0313311 0.241614
0 0.287468 0.724744 0.0111105 0.0197686 0.240938
0 0.309267 0.156841 0.013388 0.0176002 0.239231
0 0.367049 0.516205 0.0151756 0.0234523 0.239207
0 0.99013 0.133942 0.0197399 0.0511574 0.238765
0 0.201279 0.484272 0.0108706 0.0270562 0.238613
0 0.922666 0.973735 0.0189781 0.0256639 0.238314
0 0.0991182 0.787699 0.0169292 0.026298 0.237987
0 0.292089 0.238894 0.019592 0.0354812 0.237909
0 0.70651 0.578518 0.0180726 0.0337431 0.237212
0 0.259279 0.764357 0.0114214 0.0236128 0.236515
0 0.129589 0.451214 0.0153492 0.0399338 0.235432
0 0.332664 0.187509 0.0169712 0.0254858 0.235288
0 0.135476 0.590514 0.0172057 0.0310029 0.234841
0 0.0140301 0.0191905 0.0241203 0.0363913 0.234365
0 0.166646 0.866151 0.0188281 0.0362278 0.234151
0 0.00822955 0.347735 0.0155004 0.028592 0.233542
0 0.0245718 0.757429 0.0201442 0.0374891 0.232599
0 0.331422 0.666804 0.0152789 0.0200689 0.232155
0 0.372347 0.713874 0.0161124 0.0265537 0.231294
0 0.195337 0.949971 0.0189001 0.0372789 0.231127
0 0.0263407 0.481086 0.0140748 0.0355685 0.230423
0 0.329503 0.148886 0.0148163 0.0272797 0.229502
0 0.0329255 0.364771 0.0277796 0.0486133 0.22791
0 0.663591 0.982158 0.0154667 0.0303356 0.227736
0 0.158552 0.483582 0.00923209 0.0315799 0.22725
0 0.974062 0.602999 0.0176561 0.031174 0.226881
0 0.156641 0.483998 0.0105103 0.0263287 0.226601
0 0.272941 0.649305 0.0155353 0.0327165 0.225453
0 0.0123768 0.917675 0.015541 0.022944 0.224787
0 0.818541 0.776217 0.0162043 0.0308953 0.224065
0 0.129707 0.66812 0.0137799 0.0273583 0.224016
0 0.0357484 0.845467 0.0190494 0.0373379 0.223769
0 0.488649 0.492565 0.0151972 0.0309468 0.223171
0 0.993342 0.987877 0.0133154 0.0231798 0.222928
0 0.781396 0.385186 0.0265368 0.0636735 0.222123
0 0.179556 0.590037 0.0174109 0.0252484 0.22162
0 0.789662 0.960948 0.020528 0.0309394 0.221602
0 0.417835 0.144823 0.0166893 0.0250974 0.221523
0 0.190687 0.537146 0.0144278 0.030183 0.221483
0 0.13259 0.130117 0.0146203 0.0263927 0.220964
0 0.112946 0.97735 0.0162516 0.0309577 0.220839
0 0.0165061 0.952193 0.0150496 0.0264285 0.220248
0 0.919926 0.236217 0.030883 0.0546419 0.219292
0 0.21089 0.00999576 0.0205578 0.0198031 0.218854
0 0.00767144 0.0726634 0.0151282 0.0334793 0.218651
0 0.414129 0.686766 0.0151749 0.0253413 0.216802
0 0.0246001 0.750311 0.0216234 0.0470835 0.2163
0 0.0692096 0.472241 0.014946 0.0224982 0.216156
0 0.682476 0.513838 0.0173622 0.0216376 0.215636
0 0.420215 0.0108739 0.0143744 0.0212244 0.21511
0 0.896358 0.852281 0.0198654 0.029126 0.214711
0 0.301086 0.973464 0.0147216 0.0287811 0.214493
0 0.968865 0.112272 0.0183971 0.029983 0.213918
0 0.375902 0.377497 0.0151686 0.0255071 0.213477
0 0.253296 0.914218 0.0162159 0.0166182 0.211582
0 0.98547 0.760232 0.0145403 0.0188639 0.211226
0 0.709817 0.0389159 0.0193199 0.029281 0.211011
0 0.218484 0.462184 0.0167685 0.0304459 0.210965
0 0.860902 0.0572197 0.0181545 0.0291414 0.210932
0 0.0252162 0.626591 0.01951 0.0290195 0.209298
0 0.00788836 0.475918 0.0154601 0.0290793 0.20851
0 0.101016 0.361968 0.0127522 0.0314112 0.208378
0 0.908159 0.77599 0.0251743 0.0392073 0.207158
0 0.0337902 0.668142 0.0161649 0.0322001 0.206921
0 0.258133 0.227361 0.0134408 0.0217469 0.206745
0 0.551419 0.769653 0.01986 0.0307085 0.206215
0 0.00630192 0.637169 0.0125517 0.0394873 0.206132
0 0.763273 0.755124 0.0152321 0.0243934 0.205863
0 0.231227 0.634603 0.018959 0.0323415 0.204958
0 0.662519 0.735732 0.0196417 0.038069 0.203842
0 0.300327 0.201771 0.01768 0.0251403 0.203274
0 0.00375951 0.639054 0.00751903 0.0357418 0.202933
0 0.365607 0.790213 0.0138278 0.0316678 0.2028
0 0.0633845 0.818698 0.0167214 0.0312032 0.201603
0 0.213765 0.733832 0.0115952 0.0253937 0.201057
0 0.103276 0.0783374 0.0160468 0.0299701 0.200077
0 0.247883 0.716249 0.0182268 0.0373237 0.199915
0 0.182983 0.375358 0.0103194 0.0205551 0.1998
0 0.129738 0.743756 0.0215303 0.0289683 0.199248
0 0.964938 0.467638 0.0243528 0.027526 0.198701
0 0.987503 0.269833 0.018372 0.0280932 0.196614
0 0.103175 0.073789 0.0151709 0.0278982 0.196088
0 0.182319 0.991713 0.0199303 0.015968 0.195253
0 0.167697 0.354648 0.0159483 0.0213573 0.194945
0 0.0670274 0.319777 0.0159645 0.0343452 0.194933
0 0.105636 0.880455 0.0262444 0.0393863 0.194798
0 0.413023 0.186718 0.0169727 0.0292437 0.194514
0 0.549135 0.772272 0.0193172 0.0289705 0.194448
0 0.285031 0.395931 0.0165721 0.0261889 0.194168
0 0.14187 0.890362 0.0156921 0.0301483 0.193759
0 0.733026 0.873266 0.0131466 0.0223289 0.192993
0 0.222347 0.671764 0.0175545 0.0377133 0.192818
0 0.991712 0.128998 0.0165756 0.0427988 0.192156
0 0.0188641 0.317999 0.0197267 0.0280474 0.191867
0 0.568766 0.829821 0.0177078 0.0299679 0.191469
0 0.22533 0.19149 0.0143959 0.022088 0.190487
0 0.0789878 0.176711 0.0157379 0.0308805 0.189917
0 0.697924 0.0694308 0.0202065 0.0252014 0.189702
0 0.293104 0.232749 0.0202874 0.0318903 0.189579
0 0.114909 0.311402 0.0139161 0.0175975 0.189441
0 0.0840582 0.506791 0.0228433 0.03686 0.188723
0 0.163612 0.538863 0.0188594 0.037456 0.188454
0 0.876719 0.0202049 0.0187889 0.0354563 0.187991
0 0.884585 0.626985 0.0300938 0.0436737 0.187885
0 0.275255 0.52073 0.0191734 0.0262995 0.186791
0 0.856703 0.825068 0.0148621 0.0285483 0.186657
0 0.90984 0.391504 0.0140862 0.0335904 0.186348
0 0.867769 0.322032 0.0159649 0.0346301 0.186257
0 0.985303 0.0583464 0.0242477 0.0326597 0.186244
0 0.392095 0.146811 0.0182135 0.0299563 0.186229
0 0.909705 0.500606 0.023941 0.036805 0.185572
0 0.117364 0.14296 0.0145625 0.0253075 0.185006
0 0.340142 0.989399 0.0215996 0.0193678 0.183224
0 0.603235 0.87998 0.0156644 0.0330868 0.182966
0 0.38807 0.114352 0.0161338 0.0287468 0.182745
0 0.439911 0.601559 0.0152178 0.0275881 0.182564
0 0.147464 0.872645 0.0113259 0.0203102 0.180183
0 0.101 0.879716 0.0202249 0.0388543 0.179622
0 0.12848 0.7023 0.0117818 0.0320913 0.178498
0 0.860769 0.125063 0.0150455 0.0247242 0.17841
0 0.107324 0.650172 0.00993867 0.0163722 0.177863
0 0.205421 0.715742 0.0117339 0.019612 0.177712
0 0.491136 0.527641 0.0148388 0.0262204 0.177409
0 0.0737152 0.117177 0.0136703 0.0291482 0.177139
0 0.0815453 0.866203 0.00897293 0.0229302 0.177057
0 0.215651 0.310867 0.0161557 0.021538 0.176281
0 0.374975 0.717543 0.0160816 0.0249373 0.175846
0 0.092347 0.832123 0.015005 0.03396 0.175592
0 0.761366 0.00692724 0.0260612 0.0138545 0.175554
0 0.228506 0.974978 0.0184388 0.0349416 0.175409
0 0.667636 0.665093 0.0185457 0.0295874 0.175245
0 0.831453 0.740618 0.0199905 0.0339532 0.175088
0 0.00312451 0.424814 0.006243 0.0206289 0.174489
0 0.355431 0.169849 0.0235082 0.0283847 0.174407
0 0.290238 0.130425 0.0216063 0.0266834 0.173343
0 0.12343 0.0289784 0.0324138 0.0557824 0.173012
0 0.902623 0.355346 0.00976372 0.0319903 0.171418
0 0.153532 0.912813 0.0148206 0.0203801 0.171157
0 0.671213 0.481896 0.0180917 0.0339551 0.170511
0 0.203616 0.174579 0.0134506 0.0261778 0.170477
0 0.869411 0.870083 0.0218962 0.036928 0.168414
0 0.437339 0.359922 0.0147123 0.0241058 0.16823
0 0.255973 0.55504 0.0119854 0.027217 0.167772
0 0.282777 0.386997 0.0226153 0.0358715 0.16752
0 0.0788501 0.332007 0.0115137 0.0226982 0.167067
0 0.994515 0.543834 0.0109707 0.0356305 0.166958
0 0.309677 0.873572 0.01163 0.0219242 0.166846
0 0.372445 0.75342 0.0172832 0.0288222 0.166832
0 0.355265 0.0334586 0.0166125 0.0327768 0.166385
0 0.146132 0.361729 0.0114439 0.0223453 0.166143
0 0.144572 0.329325 0.00973721 0.0258465 0.166117
0 0.995976 0.172099 0.00804729 0.0308478 0.163618
0 0.411848 0.651203 0.0140736 0.0279713 0.163602
0 0.339867 0.251925 0.0219071 0.0313832 0.163047
0 0.333483 0.824066 0.016898 0.0315377 0.162322
0 0.280789 0.931579 0.014253 0.0336274 0.162297
0 0.402965 0.484985 0.0158725 0.0323407 0.162133
0 0.41896 0.0075997 0.0169987 0.0149516 0.162118
0 0.193895 0.609898 0.014925 0.0253825 0.16191
0 0.100818 0.760099 0.0192002 0.0217634 0.161737
0 0.801619 0.818629 0.0219736 0.0313493 0.161055
0 0.0661485 0.438351 0.0171799 0.0228049 0.160393
0 0.114716 0.308292 0.0135327 0.0186046 0.160126
0 0.993772 0.172879 0.0124565 0.0287208 0.158163
0 0.466531 0.921388 0.0288338 0.0465861 0.157912
0 0.951703 0.791969 0.00908508 0.0256839 0.157119
0 0.33503 0.83456 0.0185125 0.0412977 0.156168
0 0.435795 0.98833 0.0151785 0.0225448 0.155747
0 0.231104 0.0367661 0.0167957 0.0288727 0.155732
0 0.0616264 0.64335 0.0167793 0.0245456 0.155427
0 0.697229 0.725425 0.0201862 0.0356981 0.155118
0 0.995102 0.831233 0.00979589 0.0421814 0.154824
0 0.252957 0.910815 0.0140058 0.0176639 0.15481
0 0.20536 0.197909 0.0153799 0.0195268 0.154558
0 0.00597817 0.768201 0.0119043 0.0363603 0.154382
0 0.778287 0.120826 0.0137756 0.0234082 0.153975
0 0.259529 0.069032 0.0164267 0.0299192 0.153439
0 0.153293 0.908989 0.0135975 0.0228268 0.153341
0 0.281983 0.377223 0.0235603 0.0441532 0.153338
0 0.205003 0.816715 0.0144179 0.0342765 0.152825
0 0.993088 0.124381 0.0138233 0.0350858 0.152768
0 0.0365722 0.838988 0.0189528 0.0376509 0.152685
0 0.274814 0.725573 0.0152467 0.0189806 0.15199
0 0.844389 0.13013 0.0153545 0.0255566 0.151756
0 0.00399306 0.75899 0.00796059 0.0421692 0.151352
0 0.402212 0.0332769 0.0156046 0.0398248 0.151207
0 0.419725 0.441397 0.0211752 0.0333912 0.15015
0 0.156532 0.25114 0.0181303 0.0354106 0.148997
0 0.966847 0.961814 0.0139179 0.0236559 0.148705
0 0.271878 0.104821 0.0189004 0.0279756 0.148468
0 0.390694 0.694684 0.0129665 0.024783 0.147843
0 0.106029 0.651716 0.011525 0.0152412 0.14763
0 0.0950114 0.308232 0.0137683 0.0245405 0.147616
0 0.582463 0.986166 0.0193443 0.0265428 0.147525
0 0.403977 0.925571 0.0135865 0.0295993 0.146718
0 0.658615 0.527452 0.0208096 0.0310246 0.146595
0 0.00494444 0.759553 0.00957483 0.0516249 0.145554
0 0.0276934 0.923934 0.0150359 0.0311683 0.14536
0 0.94897 0.850198 0.0166271 0.0231735 0.144956
0 0.786026 0.956115 0.014889 0.027477 0.144829
0 0.00752061 0.358808 0.0147466 0.0329487 0.144754
0 0.952905 0.952394 0.0153297 0.0284841 0.144415
0 0.57991 0.537525 0.0166092 0.0301977 0.143758
0 0.152429 0.717113 0.0173942 0.0241718 0.143481
0 0.319328 0.493217 0.0144639 0.0198646 0.143468
0 0.990901 0.634987 0.018199 0.0294038 0.143037
0 0.291647 0.63292 0.0139417 0.0369068 0.1429
0 0.109716 0.881622 0.0227059 0.0304637 0.142723
0 0.125241 0.374158 0.0130541 0.0265188 0.142697
0 0.338992 0.644773 0.0169593 0.0316013 0.142663
0 0.0898561 0.380328 0.0133088 0.0189239 0.142615
0 0.40999 0.653066 0.0149531 0.0267832 0.142553
0 0.411052 0.531617 0.0173046 0.0308852 0.142501
0 0.218031 0.33663 0.0158595 0.024604 0.141978
0 0.0266149 0.745606 0.0193968 0.0477434 0.141167
0 0.0217322 0.646022 0.0261145 0.0541929 0.140957
0 0.501776 0.0371711 0.011397 0.0257081 0.140307
0 0.416368 0.187889 0.0195539 0.0298165 0.140093
0 0.046611 0.61234 0.0156173 0.024194 0.139888
0 0.131009 0.451035 0.010964 0.0432699 0.139865
0 0.0124986 0.833427 0.0174332 0.0262014 0.139851
0 0.277839 0.477631 0.011832 0.0290905 0.139575
0 0.887305 0.166302 0.0153671 0.0218405 0.139439
0 0.223386 0.533394 0.0194789 0.0292858 0.13938
0 0.416986 0.849924 0.0151888 0.0270325 0.136995
0 0.32281 0.0424364 0.0178694 0.0285543 0.136828
0 0.0739876 0.81274 0.013096 0.0317295 0.136808
0 0.869325 0.256985 0.0197281 0.0386972 0.136447
0 0.302435 0.822042 0.0193688 0.0277989 0.136346
0 0.960017 0.33865 0.0226803 0.0423272 0.136066
0 0.191035 0.411545 0.0134737 0.0264261 0.13572
0 0.212645 0.899767 0.0164995 0.0307588 0.135293
0 0.82908 0.113207 0.0143003 0.0249334 0.135112
0 0.0847949 0.285242 0.0147599 0.0232576 0.134987
0 0.308674 0.876207 0.0130964 0.0245216 0.134588
0 0.914615 0.43057 0.0148792 0.0268297 0.134476
0 0.367411 0.600608 0.0142062 0.0299586 0.13373
0 0.079963 0.867578 0.0107794 0.0225264 0.132667
0 0.310044 0.790356 0.0151933 0.0258335 0.132546
0 0.967262 0.881184 0.0164955 0.0312251 0.132535
0 0.985252 0.142006 0.0194023 0.0324391 0.132445
0 0.0247142 0.658937 0.024292 0.0360142 0.132403
0 0.654875 0.617156 0.0151324 0.0264496 0.13231
0 0.0096922 0.530718 0.0165435 0.0286608 0.131853
0 0.471041 0.927295 0.0208466 0.0374178 0.131793
0 0.0310151 0.922455 0.0122635 0.0299659 0.130847
0 0.473698 0.929327 0.0167357 0.034197 0.130639
0 0.0368753 0.805206 0.0185822 0.0317252 0.129924
0 0.318334 0.753626 0.0122877 0.0291244 0.129772
0 0.79419 0.666618 0.0222136 0.0314228 0.129497
0 0.97226 0.024855 0.0165565 0.0306861 0.129364
0 0.780384 0.832017 0.0163134 0.0354343 0.128997
0 0.290769 0.138694 0.0224469 0.0330354 0.128521
0 0.496978 0.66967 0.0122904 0.0333755 0.127835
0 0.308047 0.732766 0.0156852 0.0187297 0.127705
0 0.0689555 0.0445766 0.0178034 0.0282455 0.127614
0 0.075936 0.113862 0.0104649 0.0279119 0.127487
0 0.193023 0.13926 0.016006 0.0187718 0.127149
0 0.0692464 0.629428 0.0139847 0.0309664 0.126673
0 0.289063 0.156333 0.0211209 0.0236205 0.126561
0 0.291464 0.234522 0.022771 0.0404111 0.126374
0 0.171518 0.833793 0.0103915 0.0224381 0.12626
0 0.750587 0.602899 0.01689 0.0282771 0.126147
0 0.411421 0.753961 0.0151846 0.0347921 0.126062
0 0.00467384 0.364278 0.00934455 0.0274695 0.1259
0 0.204667 0.684706 0.0112995 0.0256727 0.125609
0 0.480831 0.583819 0.0122852 0.0365697 0.125464
0 0.760345 0.0767965 0.0189758 0.0281388 0.125279
0 0.829831 0.866553 0.0119089 0.0285197 0.125185
0 0.206177 0.201827 0.0144425 0.0186034 0.123962
0 0.795974 0.720972 0.0140553 0.0232405 0.122994
0 0.27875 0.810067 0.0145662 0.0437456 0.122967
0 0.0954238 0.313676 0.015158 0.0226179 0.122177
0 0.111179 0.199441 0.0170471 0.0228135 0.122133
0 0.891409 0.335144 0.0120121 0.0270888 0.121649
0 0.191808 0.611358 0.0163605 0.0298108 0.12073
0 0.866881 0.25187 0.0223146 0.0494827 0.120394
0 0.0448712 0.434439 0.0151582 0.0307583 0.119667
0 0.289257 0.126295 0.0197929 0.020053 0.11964
0 0.453409 0.175465 0.0188044 0.0324195 0.11948
0 0.1912 0.531277 0.0154078 0.0356027 0.119445
0 0.0117046 0.985732 0.0213966 0.0271769 0.119007
0 0.995113 0.369729 0.00977376 0.0288064 0.118494
0 0.0463011 0.919192 0.0135595 0.0358253 0.118422
0 0.134194 0.919947 0.0167622 0.0278422 0.118245
0 0.154428 0.69133 0.0193172 0.0243227 0.118187
0 0.107632 0.283772 0.0104565 0.0232463 0.118174
0 0.279718 0.373706 0.0217455 0.0341568 0.118055
0 0.0021922 0.29597 0.00436593 0.0516742 0.117592
0 0.14803 0.988941 0.016858 0.0214094 0.117409
0 0.148259 0.649271 0.0133435 0.0351959 0.116479
0 0.191801 0.852142 0.0191042 0.0261567 0.116425
0 0.78468 0.100509 0.0183186 0.0328291 0.116227
0 0.181744 0.00587508 0.0210546 0.0117502 0.116024
0 0.193817 0.520828 0.0166906 0.0399404 0.115991
0 0.199101 0.570975 0.0197134 0.0324453 0.115862
0 0.514114 0.347019 0.0176999 0.0315677 0.115752
0 0.426659 0.62398 0.0121052 0.0221284 0.115617
0 0.404961 0.989211 0.0168106 0.0208561 0.115373
0 0.0707432 0.626493 0.0115434 0.0279487 0.114567
0 0.0139956 0.591745 0.0161477 0.0291507 0.11418
0 0.187236 0.821658 0.0187612 0.0307905 0.113852
0 0.183393 0.98842 0.0225163 0.0220872 0.113269
0 0.144426 0.32871 0.00701418 0.0255599 0.113004
0 0.223773 0.188267 0.0154245 0.0283671 0.112786
0 0.728158 0.00512615 0.0204137 0.0102523 0.112588
0 0.187019 0.472306 0.0202859 0.0302965 0.112484
0 0.1099 0.613022 0.0176009 0.0254194 0.111463
0 0.0692982 0.762249 0.0177904 0.0327484 0.111196
0 0.525934 0.394279 0.0247709 0.0417167 0.111061
0 0.452149 0.840014 0.0124296 0.0274567 0.111056
0 0.842513 0.620023 0.0299511 0.0387215 0.111053
0 0.297551 0.52734 0.0132764 0.019379 0.110694
0 0.424626 0.621294 0.0132878 0.0269499 0.110603
0 0.805721 0.855229 0.0147431 0.0272902 0.110602
0 0.370885 0.709482 0.0171783 0.0299228 0.110222
0 0.376026 0.0058372 0.014522 0.0116744 0.110002
0 0.150598 0.690754 0.0208022 0.0260465 0.109548
0 0.314259 0.126062 0.0113724 0.0252715 0.109548
0 0.196582 0.477194 0.0157172 0.0327038 0.109216
0 0.12912 0.0301688 0.0230697 0.0495197 0.108953
0 0.441789 0.603838 0.0151878 0.0254546 0.108942
0 0.231792 0.0301419 0.0174047 0.0346279 0.108864
0 0.525873 0.669819 0.0214754 0.0407043 0.108702
0 0.598926 0.878201 0.023871 0.0350769 0.108677
0 0.0205943 0.21518 0.0111733 0.029319 0.108564
0 0.302364 0.555508 0.0141112 0.0263716 0.108231
0 0.0149133 0.447959 0.00780183 0.0227041 0.107562
0 0.922885 0.874433 0.017783 0.0265408 0.107392
0 0.248185 0.666758 0.0150416 0.0312997 0.106884
0 0.336693 0.957601 0.0193094 0.032805 0.106871
0 0.504104 0.446111 0.016683 0.0310355 0.106802
0 0.373503 0.648604 0.0184936 0.0269145 0.106247
0 0.203559 0.179722 0.0142788 0.0229566 0.106188
0 0.297231 0.530573 0.0127879 0.0203717 0.105983
0 0.444852 0.640396 0.0114168 0.0273761 0.105711
0 0.333986 0.665809 0.0149979 0.0192654 0.10484
0 0.99495 0.169856 0.0101011 0.0365164 0.104814
0 0.714699 0.831573 0.0144056 0.0283252 0.104387
0 0.338544 0.0631735 0.0160598 0.0318455 0.104129
0 0.591205 0.507055 0.0143587 0.0281271 0.104
0 0.107262 0.469225 0.0117212 0.0253779 0.103348
0 0.889743 0.276264 0.0177856 0.0291653 0.103292
0 0.603258 0.967871 0.016328 0.0294153 0.103088
0 0.103855 0.0858407 0.0138142 0.0267953 0.103081
0 0.404412 0.487503 0.012032 0.0290836 0.102793
0 0.937916 0.136842 0.019968 0.0314703 0.102489
0 0.847858 0.616901 0.0289097 0.0380664 0.10247
0 0.0217639 0.406394 0.011708 0.0191705 0.102322
0 0.0773434 0.0131412 0.0111752 0.0252479 0.102296
0 0.479088 0.986877 0.0185194 0.0248228 0.10228
0 0.233973 0.389453 0.0112658 0.0228682 0.10212
0 0.0234541 0.21728 0.0129297 0.0286054 0.102026
0 0.250427 0.983202 0.0121672 0.0283824 0.101609
0 0.781951 0.396862 0.0257949 0.0433694 0.101463
0 0.12754 0.27947 0.0141704 0.0173522 0.100912
0 0.227419 0.984065 0.0155823 0.0272255 0.100779
0 0.413215 0.381893 0.0175368 0.0354379 0.100611
0 0.221631 0.529975 0.0176325 0.0279511 0.100356
