0 0.69368 0.851267 0.0327868 0.0529636 0.756451
0 0.70427 0.749234 0.0247988 0.0434001 0.722765
0 0.610443 0.0602154 0.0220203 0.0416888 0.705035
0 0.628511 0.413281 0.0235812 0.0411116 0.703791
0 0.113189 0.188733 0.0303761 0.0486703 0.69576
0 0.530358 0.155839 0.0264469 0.0460626 0.695605
0 0.631927 0.732201 0.0210911 0.0390859 0.691396
0 0.693633 0.801146 0.0195656 0.0315169 0.67302
0 0.992272 0.648463 0.0154558 0.0386739 0.670359
0 0.780245 0.483598 0.0258698 0.0462928 0.669883
0 0.871705 0.190343 0.0251863 0.0455417 0.669775
0 0.10214 0.425514 0.0282564 0.0548324 0.666019
0 0.0285205 0.527113 0.0249654 0.0500066 0.66526
0 0.532412 0.0818819 0.0178698 0.0387009 0.66461
0 0.657449 0.430841 0.0248555 0.057229 0.664139
0 0.794274 0.725223 0.0227153 0.0555457 0.663988
0 0.729813 0.464913 0.0214103 0.0398122 0.65944
0 0.613532 0.768286 0.0185123 0.0336396 0.651021
0 0.697635 0.45204 0.0282055 0.0462304 0.65024
0 0.572266 0.0886891 0.0173754 0.0324813 0.647627
0 0.928015 0.906867 0.0243702 0.0392571 0.647171
0 0.491617 0.765877 0.0220755 0.0445767 0.64348
0 0.546291 0.955773 0.0215132 0.0440967 0.640414
0 0.577724 0.68655 0.0234528 0.0436317 0.638325
0 0.0723751 0.0121349 0.0210722 0.0242543 0.637171
0 0.983995 0.580458 0.0224175 0.0380524 0.635658
0 0.469153 0.919881 0.0253569 0.0425598 0.631196
0 0.782992 0.424578 0.0225179 0.0387091 0.629797
0 0.612317 0.0991789 0.0190458 0.0303933 0.629124
0 0.0853698 0.471952 0.023412 0.0383191 0.627593
0 0.512912 0.546634 0.0164865 0.0318578 0.627235
0 0.924274 0.969723 0.0334839 0.0589918 0.626623
0 0.627888 0.676792 0.0237996 0.0507616 0.623287
0 0.784825 0.0315563 0.0219802 0.0405306 0.622422
0 0.74975 0.439324 0.0229569 0.0428192 0.621588
0 0.841693 0.151587 0.0221642 0.0402408 0.621162
0 0.733104 0.111271 0.0290427 0.0436557 0.619474
0 0.163504 0.15908 0.0176243 0.0328689 0.618876
0 0.852236 0.96284 0.0253082 0.0393706 0.617395
0 0.673857 0.11764 0.0169542 0.0318886 0.616263
0 0.716331 0.328382 0.0204269 0.040192 0.611547
0 0.0500874 0.604516 0.022328 0.0394879 0.610278
0 0.547972 0.647246 0.0289726 0.0480363 0.60978
0 0.609511 0.719026 0.0176039 0.0317882 0.606754
0 0.772065 0.0740031 0.0205663 0.0355064 0.602114
0 0.054881 0.0633293 0.0183999 0.0285813 0.598103
0 0.499109 0.027291 0.0278847 0.0372742 0.5912
0 0.151905 0.299973 0.0272358 0.0518529 0.59117
0 0.0735737 0.504417 0.0201067 0.030438 0.588859
0 0.78115 0.128735 0.0186234 0.0364808 0.586244
0 0.776069 0.644162 0.0220072 0.0449615 0.586061
0 0.89298 0.0375668 0.0135122 0.0219498 0.578184
0 0.603286 0.124653 0.0153418 0.0279129 0.574836
0 0.890914 0.937776 0.0178066 0.0305301 0.572085
0 0.58725 0.979989 0.0224201 0.0370612 0.570031
0 0.722636 0.976743 0.0254484 0.0446741 0.566754
0 0.0314893 0.156262 0.0211493 0.0382843 0.564259
0 0.538442 0.591417 0.0164276 0.0373386 0.562378
0 0.139625 0.346084 0.0347512 0.0602341 0.561872
0 0.958094 0.0579757 0.0147354 0.0245271 0.560131
0 0.99335 0.121299 0.0133007 0.0233882 0.559691
0 0.81451 0.315433 0.0228039 0.0406425 0.553515
0 0.90141 0.0715413 0.0142437 0.0235051 0.552154
0 0.715138 0.151951 0.0177973 0.0298677 0.549663
0 0.90204 0.171892 0.0146187 0.0217322 0.549547
0 0.937848 0.0632496 0.0154037 0.0214585 0.548774
0 0.886369 0.0107904 0.0144775 0.0214856 0.548443
0 0.607088 0.829019 0.0275696 0.0355859 0.547727
0 0.495344 0.818258 0.0255287 0.0449953 0.547197
0 0.616407 0.282811 0.0186657 0.0324066 0.546782
0 0.989926 0.793245 0.0201015 0.0515106 0.546067
0 0.506209 0.629467 0.0202898 0.0388467 0.545747
0 0.912318 0.0344235 0.0141598 0.0201087 0.543435
0 0.873564 0.387154 0.020052 0.0354168 0.542819
0 0.587952 0.0271236 0.0171721 0.0300515 0.542519
0 0.933406 0.0307152 0.013323 0.0215253 0.539793
0 0.92023 0.0665411 0.0129288 0.0212029 0.53963
0 0.582558 0.741364 0.0173909 0.0318865 0.538256
0 0.682011 0.420702 0.0186469 0.0297123 0.5363
0 0.906714 0.104241 0.0150013 0.0251818 0.536014
0 0.914953 0.134492 0.0145087 0.0217284 0.534412
0 0.934607 0.131176 0.0135588 0.0190724 0.533665
0 0.913475 0.470753 0.0142368 0.0202644 0.533286
0 0.98581 0.0899718 0.013942 0.0217761 0.532493
0 0.530876 0.0127217 0.0175856 0.0250741 0.524386
0 0.874383 0.0422961 0.012684 0.0200879 0.523936
0 0.938868 0.163366 0.0145062 0.022274 0.52375
0 0.753397 0.776473 0.021015 0.0367454 0.522744
0 0.540708 0.821569 0.0205441 0.038858 0.51815
0 0.171633 0.270429 0.0168461 0.0302744 0.517964
0 0.5595 0.904744 0.0152805 0.0287004 0.517769
0 0.613278 0.980038 0.0247452 0.0394606 0.517385
0 0.866936 0.591232 0.0143215 0.0253303 0.515825
0 0.665781 0.178792 0.0170249 0.0234789 0.514547
0 0.470125 0.982587 0.0184027 0.0330556 0.51453
0 0.565369 0.864122 0.0239409 0.0433051 0.514418
0 0.91123 0.509971 0.0137753 0.0187422 0.508509
0 0.953096 0.130008 0.0138697 0.0192245 0.508072
0 0.970971 0.0229985 0.0142189 0.0213151 0.503187
0 0.020301 0.196751 0.0225849 0.0397992 0.501455
0 0.135672 0.156078 0.0279727 0.0457166 0.500123
0 0.813376 0.0176703 0.0267344 0.0346828 0.499235
0 0.696227 0.915703 0.0346874 0.0537835 0.498944
0 0.0454187 0.0218861 0.0261019 0.0414266 0.498592
0 0.573503 0.172627 0.0186237 0.032809 0.497946
0 0.843514 0.0858243 0.0174343 0.0289112 0.494972
0 0.945305 0.0980689 0.0153503 0.0194795 0.492149
0 0.88436 0.0759842 0.0127529 0.0189958 0.491526
0 0.485748 0.860616 0.018107 0.0286797 0.489039
0 0.965825 0.092843 0.0136326 0.0185352 0.487629
0 0.940659 0.354006 0.0123005 0.0203618 0.486766
0 0.952037 0.0266641 0.0137062 0.0189019 0.484834
0 0.604572 0.649023 0.012085 0.0226726 0.483901
0 0.813529 0.202192 0.0152123 0.0254076 0.482426
0 0.933022 0.540699 0.013966 0.0224761 0.48202
0 0.514779 0.747387 0.018129 0.0335111 0.48013
0 0.760891 0.302621 0.0202527 0.036769 0.477929
0 0.95252 0.539293 0.0132 0.0234066 0.47593
0 0.629903 0.166698 0.0172618 0.0314303 0.475288
0 0.922398 0.167749 0.0133747 0.0213159 0.473847
0 0.67327 0.0451277 0.024365 0.0399537 0.47242
0 0.0449195 0.480767 0.0212093 0.0392225 0.472197
0 0.846966 0.595689 0.0141389 0.0224366 0.472011
0 0.946351 0.243028 0.0136482 0.0210975 0.47067
0 0.734549 0.508898 0.0206877 0.0301565 0.4698
0 0.527126 0.516281 0.0184519 0.0365447 0.467733
0 0.65571 0.142588 0.0176069 0.0308468 0.466372
0 0.0155955 0.343474 0.0233228 0.0344121 0.465603
0 0.762877 0.614337 0.0118464 0.0172123 0.465064
0 0.767791 0.880297 0.0276173 0.0484629 0.463906
0 0.587236 0.635025 0.0151936 0.0298333 0.463044
0 0.97573 0.122326 0.0126198 0.0186049 0.460104
0 0.953903 0.502018 0.0137589 0.0217685 0.459022
0 0.00569289 0.0179834 0.0113858 0.0295335 0.457318
0 0.937827 0.390159 0.0133232 0.0203843 0.457235
0 0.739555 0.356406 0.0220341 0.0385779 0.457171
0 0.510078 0.863876 0.0165186 0.0315135 0.454591
0 0.927243 0.0972282 0.0127609 0.0183114 0.453963
0 0.959022 0.427262 0.0137869 0.0227754 0.450328
0 0.432885 0.57351 0.0390337 0.0663237 0.448905
0 0.557712 0.117308 0.0153275 0.0240381 0.446807
0 0.643085 0.787757 0.0301455 0.0598579 0.44603
0 0.906831 0.00768133 0.0140465 0.0153627 0.443672
0 0.812746 0.409677 0.0237836 0.0414229 0.443013
0 0.872433 0.964068 0.0205715 0.0453617 0.441246
0 0.0595359 0.195075 0.0188981 0.0353889 0.440899
0 0.779983 0.261325 0.0166267 0.0261809 0.440545
0 0.653989 0.308066 0.0193829 0.0313622 0.440035
0 0.934315 0.466604 0.0127169 0.0176054 0.438909
0 0.831749 0.490079 0.02869 0.0417723 0.438559
0 0.890661 0.51258 0.0129135 0.0192512 0.437055
0 0.856226 0.411384 0.0232555 0.03872 0.436406
0 0.908657 0.581279 0.0132523 0.0200064 0.431337
0 0.600331 0.337871 0.0279881 0.049252 0.427853
0 0.892705 0.475049 0.0147606 0.0211241 0.425407
0 0.751369 0.72161 0.0244577 0.0389541 0.423302
0 0.692177 0.162576 0.0163338 0.0258396 0.422472
0 0.605023 0.877354 0.0202747 0.0366792 0.422089
0 0.849838 0.191342 0.0153113 0.0301832 0.419557
0 0.959268 0.159698 0.0128498 0.0194086 0.417123
0 0.553491 0.176064 0.0151779 0.0273267 0.415891
0 0.981656 0.347092 0.0143383 0.0218322 0.414238
0 0.98022 0.0555655 0.0141635 0.0208462 0.413934
0 0.931772 0.579791 0.0136868 0.0186375 0.413738
0 0.866966 0.0139166 0.0120487 0.0175095 0.41277
0 0.0561402 0.245034 0.0157714 0.0250333 0.41275
0 0.886054 0.590999 0.0133442 0.0208722 0.40955
0 0.94457 0.27969 0.0120323 0.0199352 0.406549
0 0.731027 0.0109691 0.0165289 0.0213748 0.406356
0 0.982878 0.309608 0.014957 0.0218979 0.397624
0 0.961051 0.352797 0.013163 0.0209145 0.393646
0 0.0287523 0.275751 0.0154772 0.0228419 0.389333
0 0.811288 0.594787 0.0150337 0.0233129 0.379136
0 0.770038 0.576322 0.0138522 0.0251146 0.378337
0 0.0241691 0.599506 0.0232517 0.0420684 0.377788
0 0.643004 0.795122 0.0259878 0.048761 0.377544
0 0.471456 0.0256157 0.0168287 0.0284583 0.377412
0 0.694905 0.578512 0.0177738 0.0292943 0.375749
0 0.0895535 0.0846761 0.0180624 0.0306262 0.374804
0 0.961091 0.318159 0.0136028 0.0212447 0.372767
0 0.785667 0.308164 0.0181007 0.0332853 0.370148
0 0.695792 0.031191 0.0146883 0.0252652 0.36992
0 0.64613 0.782641 0.024147 0.0475671 0.364705
0 0.9647 0.274687 0.012829 0.0188302 0.362888
0 0.604841 0.342658 0.0203584 0.0406205 0.361581
0 0.460396 0.870439 0.0235235 0.0434133 0.359911
0 0.916848 0.395488 0.0137105 0.0197027 0.358617
0 0.990066 0.540107 0.0195 0.0457972 0.35755
0 0.571324 0.0511568 0.0145383 0.0267797 0.356661
0 0.720651 0.385855 0.0238674 0.0468185 0.353998
0 0.418239 0.505625 0.030537 0.0690182 0.353943
0 0.800036 0.0926811 0.0165865 0.0218948 0.353702
0 0.166995 0.206282 0.0155163 0.0290941 0.352077
0 0.980426 0.156264 0.0146591 0.0209992 0.348453
0 0.648154 0.358177 0.0250732 0.0450065 0.347926
0 0.0547954 0.0317548 0.017391 0.0258561 0.346518
0 0.93698 0.430558 0.0136948 0.0190826 0.346189
0 0.91684 0.436224 0.0118805 0.0208324 0.346097
0 0.527346 0.851011 0.0173532 0.0338042 0.344225
0 0.693832 0.110329 0.0203882 0.0359851 0.334886
0 0.533936 0.118973 0.0130199 0.0191633 0.327095
0 0.760448 0.38514 0.0202982 0.0322837 0.326619
0 0.769165 0.92526 0.0223117 0.0345242 0.324785
0 0.685919 0.690507 0.0211891 0.0362695 0.323288
0 0.717143 0.275201 0.01664 0.0245946 0.322933
0 0.954332 0.463085 0.0120382 0.0223852 0.322793
0 0.823024 0.101796 0.0200874 0.0386916 0.322245
0 0.867754 0.556837 0.0165298 0.0231852 0.318399
0 0.935056 0.503273 0.0124226 0.017379 0.31181
0 0.831639 0.207104 0.0120924 0.0219648 0.31172
0 0.55865 0.0311368 0.0194833 0.0362487 0.309167
0 0.969036 0.73844 0.0339092 0.0666665 0.308999
0 0.129377 0.121541 0.0217653 0.034376 0.307823
0 0.710702 0.516583 0.02342 0.0439189 0.306408
0 0.566745 0.602205 0.0235155 0.0421153 0.306284
0 0.689467 0.503708 0.0171535 0.0328315 0.300836
0 0.052751 0.0297382 0.0184099 0.0292341 0.298938
0 0.74722 0.916602 0.0150766 0.027302 0.293783
0 0.0118225 0.132828 0.0235756 0.0407206 0.293115
0 0.802995 0.122274 0.0189286 0.0367211 0.292798
0 0.969871 0.678557 0.0327118 0.0518906 0.29256
0 0.519167 0.923182 0.0249748 0.0397359 0.291684
0 0.689317 0.290314 0.0196844 0.0362597 0.290535
0 0.0662746 0.0941946 0.017697 0.0240924 0.288127
0 0.717766 0.245273 0.0207965 0.032412 0.287065
0 0.519691 0.0450496 0.0113939 0.0219579 0.283252
0 0.783436 0.304053 0.0156725 0.0342537 0.280993
0 0.537377 0.909417 0.0174451 0.0274084 0.278786
0 0.49921 0.914676 0.0187517 0.0387895 0.276595
0 0.788335 0.680195 0.0238131 0.0358446 0.276185
0 0.633994 0.771297 0.0171953 0.0300819 0.26962
0 0.55229 0.568822 0.0146851 0.0236704 0.267762
0 0.300416 0.800611 0.0115703 0.0192268 0.264359
0 0.89016 0.553212 0.015097 0.023826 0.261799
0 0.792707 0.356695 0.0231718 0.0467831 0.256378
0 0.612975 0.0107753 0.0159535 0.021215 0.254738
0 0.687051 0.343462 0.02774 0.0485897 0.253448
0 0.874882 0.138412 0.0168743 0.0302132 0.247614
0 0.773906 0.355092 0.0214619 0.0403905 0.246452
0 0.644212 0.042916 0.0206245 0.0320472 0.245566
0 0.502392 0.577582 0.0156971 0.0303541 0.241587
0 0.00748242 0.486759 0.0148611 0.0344881 0.24155
0 0.727853 0.581848 0.0139586 0.0211338 0.24137
0 0.684761 0.0737889 0.0196507 0.0287981 0.237666
0 0.983848 0.269085 0.0143421 0.0196246 0.237111
0 0.626844 0.908582 0.0210287 0.0332886 0.23586
0 0.570117 0.785504 0.031992 0.0432216 0.23288
0 0.556894 0.143232 0.0164066 0.0193321 0.232154
0 0.627197 0.318687 0.0182583 0.0244084 0.228379
0 0.802843 0.535988 0.0147533 0.0239353 0.227013
0 0.995233 0.441337 0.0095335 0.0257857 0.223757
0 0.996306 0.0519276 0.00738767 0.0248291 0.218396
0 0.913359 0.545732 0.0134277 0.0236478 0.217611
0 0.700913 0.915638 0.0272298 0.048862 0.21751
0 0.0268162 0.590391 0.0288559 0.0589375 0.214736
0 0.820495 0.257018 0.0195164 0.0410804 0.213492
0 0.598676 0.199481 0.0243338 0.0459219 0.212682
0 0.789329 0.821011 0.0307529 0.0568176 0.211361
0 0.675782 0.96421 0.0203315 0.0416771 0.208416
0 0.75273 0.663906 0.0210964 0.0389924 0.207608
0 0.848474 0.461061 0.0205004 0.0335785 0.207437
0 0.45339 0.884287 0.015974 0.0304762 0.205778
0 0.81869 0.366096 0.0228302 0.0361908 0.204239
0 0.626731 0.86586 0.0279067 0.0434436 0.201409
0 0.959027 0.387722 0.0131844 0.0186476 0.201032
0 0.869437 0.522449 0.0116207 0.0180884 0.200639
0 0.565923 0.78523 0.0245226 0.0402863 0.199835
0 0.893457 0.438075 0.0128326 0.0184886 0.196925
0 0.757899 0.547419 0.012787 0.0163269 0.196192
0 0.582484 0.283174 0.0187206 0.0309115 0.190308
0 0.76591 0.743613 0.0167851 0.0304947 0.18993
0 0.822661 0.175629 0.0159124 0.0213908 0.186924
0 0.372564 0.269558 0.0173965 0.0273278 0.186085
0 0.833283 0.208726 0.012562 0.0222709 0.182832
0 0.579297 0.13944 0.0185488 0.0283428 0.181779
0 0.739666 0.0605039 0.0190565 0.0423699 0.180542
0 0.978759 0.419074 0.0130512 0.0197218 0.180028
0 0.0333424 0.200795 0.0202349 0.0346077 0.172893
0 0.656508 0.615315 0.0272318 0.056888 0.172145
0 0.348295 0.739507 0.0179528 0.0260323 0.171635
0 0.457263 0.882776 0.0228436 0.0313965 0.170124
0 0.694655 0.0278581 0.0166704 0.0275437 0.167071
0 0.455034 0.52155 0.0226876 0.0349563 0.166282
0 0.0323933 0.574437 0.025684 0.0385042 0.164234
0 0.836941 0.98912 0.0178904 0.0206369 0.161919
0 0.595457 0.333908 0.0300805 0.0478657 0.16073
0 0.0861897 0.217288 0.0161209 0.0265184 0.159284
0 0.675664 0.0414203 0.022742 0.0347656 0.158894
0 0.996917 0.40437 0.00616589 0.0429753 0.157488
0 0.518487 0.979013 0.0279332 0.0398065 0.157417
0 0.535747 0.120221 0.0148333 0.0207461 0.153402
0 0.544424 0.705669 0.0180484 0.035162 0.152271
0 0.652216 0.135853 0.0186273 0.0304816 0.15205
0 0.969306 0.198599 0.0103336 0.0237734 0.150016
0 0.680507 0.501482 0.0345758 0.0391963 0.148882
0 0.800489 0.246925 0.0164387 0.0400906 0.147143
0 0.968627 0.626939 0.0304157 0.0434237 0.145421
0 0.578744 0.13549 0.0169585 0.0282058 0.144707
0 0.68785 0.20615 0.027813 0.043927 0.143814
0 0.796501 0.381052 0.0149587 0.0201684 0.142255
0 0.639214 0.287984 0.0161959 0.0249993 0.141511
0 0.381179 0.312269 0.0216811 0.0399714 0.141509
0 0.574354 0.628706 0.0202148 0.0343609 0.140965
0 0.770128 0.352295 0.0213272 0.0379936 0.140833
0 0.975118 0.457965 0.016259 0.0233086 0.139353
0 0.584214 0.632342 0.0194204 0.0349169 0.137675
0 0.569727 0.610273 0.0210253 0.0422827 0.137442
0 0.00309811 0.617745 0.00619621 0.0420702 0.137093
0 0.62862 0.011171 0.0225672 0.0221863 0.135845
0 0.967826 0.655016 0.0381432 0.0966027 0.134849
0 0.991358 0.0197616 0.0152447 0.0219231 0.13457
0 0.662601 0.0860392 0.0161208 0.0292683 0.133577
0 0.0380153 0.200611 0.0146331 0.0321604 0.132983
0 0.465169 0.377721 0.0181145 0.0337105 0.132483
0 0.964919 0.245103 0.0158669 0.0292747 0.131767
0 0.750221 0.579702 0.0123045 0.0175574 0.131364
0 0.133696 0.145378 0.0303072 0.0632577 0.128682
0 0.637914 0.284725 0.0177088 0.030233 0.1282
0 0.694307 0.00516932 0.0209675 0.0103386 0.126079
0 0.603946 0.916003 0.0223846 0.038129 0.12558
0 0.00905578 0.283542 0.0135084 0.0215612 0.12477
0 0.828625 0.523952 0.0237057 0.0295917 0.122702
0 0.99726 0.816776 0.00547969 0.0625902 0.121051
0 0.767325 0.821657 0.0184559 0.033982 0.120154
0 0.640701 0.774419 0.0300018 0.0360888 0.119097
0 0.56247 0.784128 0.0188599 0.0381309 0.118987
0 0.03154 0.583748 0.0267415 0.0563711 0.11709
0 0.519688 0.807114 0.0143052 0.0280592 0.116636
0 0.810829 0.594488 0.0181213 0.0278435 0.116396
0 0.549497 0.572203 0.0140788 0.0221711 0.115234
0 0.642502 0.128757 0.0175028 0.0283824 0.114024
0 0.980292 0.386649 0.0137321 0.0196308 0.113409
0 0.692689 0.695249 0.0155422 0.0336459 0.113331
0 0.640302 0.195703 0.0142918 0.030906 0.111516
0 0.777408 0.355114 0.0152609 0.0377217 0.110063
0 0.498425 0.465627 0.0166323 0.0262943 0.108384
0 0.997586 0.397995 0.00482801 0.052673 0.106547
0 0.581593 0.271463 0.0198347 0.0489289 0.10635
0 0.779805 0.356431 0.021212 0.0416864 0.105738
0 0.0546275 0.245241 0.0180351 0.0302076 0.105361
0 0.972185 0.625937 0.0242621 0.0382657 0.104541
0 0.620605 0.952638 0.0169607 0.0310197 0.10394
0 0.796378 0.375622 0.0170055 0.0247372 0.103412
0 0.383554 0.31653 0.0251383 0.0377141 0.103097
0 0.7416 0.618644 0.0138102 0.0187654 0.101556
0 0.794804 0.365451 0.0186178 0.0390372 0.100667
0 0.0429121 0.0195192 0.0190023 0.0358588 0.100405
