0 0.0461115 0.229373 0.021981 0.0394965 0.716084
0 0.951933 0.870501 0.0248205 0.0409943 0.694344
0 0.864069 0.643841 0.0304199 0.0653171 0.689005
0 0.144983 0.776285 0.0183583 0.0325202 0.673612
0 0.0718352 0.788103 0.0215686 0.038277 0.669492
0 0.0968649 0.887148 0.02145 0.0415949 0.668649
0 0.66114 0.953614 0.0265049 0.0426561 0.665548
0 0.963725 0.776016 0.0217232 0.0380252 0.663562
0 0.249566 0.816311 0.0189956 0.038268 0.662496
0 0.975677 0.501815 0.0264378 0.0450684 0.662255
0 0.442186 0.460523 0.0206171 0.0357525 0.66202
0 0.955831 0.914086 0.0194515 0.0328573 0.660653
0 0.43363 0.64302 0.0307776 0.0622557 0.660262
0 0.348974 0.221283 0.0166231 0.0423237 0.65943
0 0.644917 0.649007 0.0285358 0.049524 0.65796
0 0.280441 0.171412 0.0192159 0.0363994 0.657702
0 0.42477 0.57435 0.0216432 0.0433543 0.655374
0 0.521937 0.0927233 0.0281584 0.0435438 0.654901
0 0.280784 0.301504 0.0197978 0.0370341 0.652931
0 0.242798 0.307114 0.0199514 0.0352332 0.650513
0 0.679708 0.46755 0.0229874 0.0365212 0.649328
0 0.821058 0.209684 0.0239858 0.0424302 0.649195
0 0.932984 0.741415 0.0197269 0.0390611 0.64736
0 0.0795425 0.266143 0.0214025 0.0439181 0.647089
0 0.0637798 0.829284 0.0198964 0.034269 0.646953
0 0.237223 0.544266 0.0144188 0.0298648 0.645818
0 0.23977 0.591605 0.0206116 0.0365089 0.640527
0 0.234598 0.351319 0.0231906 0.0402847 0.635443
0 0.501188 0.794692 0.0209179 0.0358365 0.635233
0 0.72696 0.792962 0.0189392 0.0352917 0.632723
0 0.906523 0.756686 0.0210342 0.0403633 0.631044
0 0.20375 0.646919 0.0164064 0.030547 0.62975
0 0.915017 0.178829 0.0181145 0.0328346 0.629525
0 0.727222 0.697767 0.0206131 0.0442434 0.629429
0 0.384829 0.733002 0.0221976 0.047389 0.629019
0 0.0552279 0.169914 0.0204111 0.0377397 0.62868
0 0.34303 0.625569 0.0274461 0.044879 0.628552
0 0.937271 0.587225 0.0181026 0.032396 0.628154
0 0.919093 0.490687 0.0181541 0.042021 0.626863
0 0.606638 0.396263 0.030824 0.0564382 0.623602
0 0.962593 0.831706 0.0213108 0.0287384 0.620553
0 0.653843 0.452739 0.0199703 0.0363027 0.620341
0 0.200878 0.254398 0.0150087 0.0305909 0.619057
0 0.227412 0.172242 0.02106 0.0362909 0.618835
0 0.0894175 0.954786 0.0259812 0.0513115 0.618557
0 0.979321 0.872027 0.0194859 0.0356944 0.617566
0 0.980833 0.631264 0.0137793 0.0370965 0.617412
0 0.674958 0.0815517 0.0191842 0.0344295 0.616555
0 0.402981 0.0956829 0.0197831 0.0387195 0.615224
0 0.0556638 0.699178 0.0212657 0.0431095 0.614228
0 0.738511 0.981673 0.0166496 0.0331414 0.612588
0 0.188119 0.115658 0.0213708 0.0370689 0.612209
0 0.733437 0.949294 0.0143026 0.0264846 0.610767
0 0.255306 0.527096 0.0159521 0.0305889 0.61034
0 0.223123 0.8261 0.0181764 0.0366035 0.609791
0 0.126968 0.486136 0.0205999 0.0391496 0.607786
0 0.19155 0.336871 0.0195324 0.0352563 0.606555
0 0.73555 0.547704 0.0209692 0.0396475 0.606262
0 0.914578 0.362043 0.0216618 0.0372524 0.605909
0 0.366594 0.0822488 0.0202845 0.0318922 0.605083
0 0.547506 0.887288 0.0236578 0.038462 0.604031
0 0.214558 0.475492 0.0143978 0.027331 0.602723
0 0.80096 0.553661 0.0158861 0.0288222 0.601273
0 0.370424 0.403612 0.0175281 0.0326089 0.601183
0 0.0152763 0.321765 0.0249466 0.0371255 0.600893
0 0.206598 0.87559 0.0193782 0.0319784 0.600471
0 0.430179 0.234338 0.0170537 0.0264744 0.600176
0 0.315098 0.963981 0.0171512 0.0323261 0.599252
0 0.944077 0.792009 0.0196648 0.0415687 0.598861
0 0.956924 0.416153 0.0184662 0.0320855 0.598786
0 0.611772 0.248602 0.0199402 0.0382117 0.59873
0 0.276706 0.762157 0.0130301 0.0300873 0.598537
0 0.0549872 0.486988 0.0175669 0.0373267 0.595995
0 0.314071 0.211651 0.0132909 0.0273617 0.595352
0 0.942785 0.349915 0.018906 0.0323985 0.595072
0 0.902696 0.211151 0.014296 0.026229 0.592983
0 0.349643 0.370124 0.0203567 0.0399325 0.592331
0 0.787568 0.428468 0.015183 0.0346664 0.592078
0 0.476397 0.606134 0.0183458 0.0354001 0.591109
0 0.407586 0.668811 0.0152606 0.0262692 0.590426
0 0.692913 0.513818 0.0184673 0.034442 0.589703
0 0.891819 0.395668 0.0225983 0.0383273 0.589535
0 0.293423 0.470831 0.0149184 0.0320767 0.588434
0 0.407024 0.760995 0.0187393 0.0358487 0.587789
0 0.347921 0.951546 0.0337983 0.0673485 0.587768
0 0.212136 0.361623 0.0152102 0.031133 0.586536
0 0.959964 0.0902226 0.0190695 0.0373781 0.586336
0 0.475151 0.259395 0.0241276 0.0429181 0.585647
0 0.0123113 0.807979 0.0171717 0.0286068 0.585575
0 0.915601 0.947587 0.0161533 0.0305159 0.585311
0 0.362183 0.455926 0.0191707 0.0321981 0.584998
0 0.821159 0.51811 0.0134945 0.0334835 0.584853
0 0.380091 0.111206 0.0167962 0.0336572 0.584411
0 0.366808 0.150906 0.0193373 0.0408412 0.584205
0 0.716865 0.97852 0.0202325 0.0352668 0.583936
0 0.391379 0.485567 0.0177585 0.0346458 0.583924
0 0.485842 0.455323 0.0170651 0.0323464 0.583641
0 0.27944 0.793679 0.0193737 0.0274689 0.583395
0 0.78192 0.485242 0.0178364 0.0326821 0.583338
0 0.993109 0.197651 0.0137817 0.0358561 0.582985
0 0.87505 0.972362 0.0174974 0.0325532 0.581838
0 0.137197 0.273065 0.016247 0.0287335 0.580614
0 0.309664 0.759935 0.0169184 0.0301336 0.580311
0 0.208196 0.785815 0.0170177 0.0351173 0.58012
0 0.348883 0.0780838 0.0127982 0.0307663 0.580093
0 0.0383924 0.559778 0.0201457 0.0369512 0.579594
0 0.842243 0.147877 0.0202469 0.0384738 0.579097
0 0.965663 0.446648 0.0163736 0.0321277 0.57896
0 0.920841 0.238338 0.0178027 0.033842 0.578628
0 0.0393803 0.512188 0.0164673 0.0303035 0.5785
0 0.23489 0.758447 0.0163553 0.0317864 0.577291
0 0.176196 0.984482 0.0215278 0.0301652 0.576616
0 0.688713 0.38999 0.0214263 0.0419498 0.574933
0 0.668193 0.418201 0.0203148 0.0339296 0.574307
0 0.136928 0.938948 0.017281 0.0350467 0.573894
0 0.168069 0.744869 0.0181053 0.0330349 0.568836
0 0.660479 0.492596 0.0160353 0.0354314 0.568746
0 0.0102396 0.372491 0.0200897 0.0381838 0.56834
0 0.979055 0.0154753 0.0185318 0.0305547 0.567313
0 0.247024 0.474316 0.0162344 0.0315074 0.566485
0 0.282361 0.515461 0.0133378 0.0328562 0.566314
0 0.246894 0.646181 0.0224694 0.0488751 0.565753
0 0.428555 0.504359 0.0274219 0.0565063 0.565501
0 0.123513 0.0583068 0.0170513 0.0305163 0.563722
0 0.126428 0.736568 0.0193411 0.0350908 0.563316
0 0.152055 0.952943 0.0147893 0.0288023 0.563091
0 0.140758 0.555636 0.0152843 0.0306437 0.561845
0 0.960352 0.222781 0.0230707 0.0463323 0.559882
0 0.178902 0.95359 0.0111559 0.0278788 0.558235
0 0.645891 0.0791033 0.0246845 0.0380859 0.557467
0 0.146822 0.733163 0.013613 0.0336422 0.556251
0 0.642183 0.274425 0.0211634 0.0335782 0.556243
0 0.528078 0.595247 0.0209668 0.0329138 0.55602
0 0.031416 0.0997825 0.0157305 0.0250565 0.555945
0 0.824175 0.742836 0.0205807 0.0313479 0.555429
0 0.50246 0.607204 0.0237926 0.0496419 0.554693
0 0.429673 0.923165 0.0375286 0.0490528 0.554556
0 0.102395 0.625376 0.0178204 0.032704 0.554503
0 0.979245 0.976721 0.0217204 0.0364095 0.553869
0 0.841769 0.595425 0.0200806 0.0339015 0.553628
0 0.715612 0.592856 0.0199973 0.0334106 0.553536
0 0.25365 0.564462 0.0163403 0.0274345 0.553264
0 0.0516079 0.354001 0.0208936 0.0319738 0.552806
0 0.163786 0.350538 0.0177185 0.0286352 0.552659
0 0.386788 0.142979 0.0151306 0.0314603 0.551929
0 0.271646 0.432823 0.0192745 0.0431142 0.55116
0 0.343269 0.780293 0.017768 0.0318756 0.550568
0 0.910836 0.430533 0.0212769 0.0372981 0.550198
0 0.911718 0.795821 0.0254257 0.03465 0.550164
0 0.853929 0.2981 0.0212017 0.0330082 0.54956
0 0.402564 0.798139 0.0150892 0.0324907 0.548626
0 0.629345 0.038606 0.0206164 0.0383819 0.54832
0 0.426594 0.789536 0.027253 0.0415882 0.547166
0 0.788849 0.643642 0.0258441 0.0514818 0.545919
0 0.621528 0.978729 0.0227987 0.0387805 0.545657
0 0.150398 0.835111 0.014577 0.0328622 0.545621
0 0.96225 0.590171 0.0164692 0.029561 0.545041
0 0.0904414 0.197996 0.0195383 0.0327894 0.542274
0 0.709694 0.431491 0.0206163 0.0387338 0.540126
0 0.842855 0.91451 0.0180145 0.0289815 0.539722
0 0.641823 0.739856 0.0165762 0.0313015 0.539121
0 0.0898072 0.549982 0.0160688 0.0322366 0.537731
0 0.51358 0.756119 0.0225749 0.0409212 0.536194
0 0.204872 0.152297 0.011205 0.0313933 0.535935
0 0.00449893 0.621835 0.0089416 0.0426531 0.535744
0 0.384086 0.071615 0.014522 0.0270943 0.535515
0 0.931593 0.64259 0.0134777 0.0314373 0.533209
0 0.198459 0.812278 0.0172298 0.026572 0.532897
0 0.272518 0.599307 0.0286844 0.0447388 0.531904
0 0.352455 0.422391 0.0173682 0.0360294 0.531729
0 0.207527 0.309491 0.0150405 0.0246051 0.53088
0 0.877621 0.343915 0.0204098 0.0340288 0.53053
0 0.90082 0.639785 0.0214911 0.0340025 0.529642
0 0.548401 0.442121 0.0266176 0.036343 0.529377
0 0.591788 0.594194 0.0186547 0.0325784 0.52908
0 0.399192 0.316084 0.0174667 0.028087 0.529064
0 0.906865 0.305525 0.0182449 0.0334688 0.527936
0 0.0553373 0.084015 0.0174833 0.0281184 0.527347
0 0.114507 0.24657 0.0234275 0.0391992 0.527037
0 0.19158 0.837313 0.0117751 0.0225098 0.526453
0 0.151147 0.479382 0.0127321 0.0251789 0.524175
0 0.405537 0.713767 0.0141637 0.0276003 0.524088
0 0.270257 0.388229 0.0152281 0.0244702 0.522771
0 0.405952 0.362367 0.0199587 0.0372253 0.522604
0 0.938534 0.188784 0.0199708 0.0348576 0.521014
0 0.214247 0.120806 0.0121193 0.0262274 0.518037
0 0.226283 0.409611 0.0124862 0.0317998 0.51792
0 0.349148 0.725925 0.0182386 0.0320452 0.517592
0 0.927465 0.399203 0.0150781 0.0300244 0.516308
0 0.938941 0.232738 0.0138655 0.0249084 0.516203
0 0.653411 0.911269 0.0151683 0.0275984 0.516096
0 0.935737 0.960843 0.0195213 0.0361131 0.515923
0 0.178254 0.0629863 0.0181514 0.0351397 0.515676
0 0.0191437 0.451634 0.0184391 0.0338171 0.515571
0 0.866511 0.939537 0.0201817 0.031665 0.515376
0 0.838642 0.434873 0.0156765 0.0271267 0.515341
0 0.0387348 0.144746 0.0149503 0.0247365 0.512703
0 0.689235 0.841353 0.0161951 0.0364234 0.512384
0 0.299524 0.714202 0.026763 0.0403129 0.512234
0 0.768811 0.600531 0.0173372 0.0339528 0.512054
0 0.466926 0.556714 0.0168089 0.0312059 0.51202
0 0.281254 0.868486 0.0177585 0.0229774 0.510624
0 0.168335 0.140575 0.0196382 0.0375185 0.510116
0 0.08994 0.100902 0.0166829 0.0306166 0.509534
0 0.0224935 0.973747 0.0156301 0.030658 0.507886
0 0.135209 0.217655 0.0112902 0.0218049 0.506626
0 0.902668 0.13935 0.0235989 0.0359925 0.506603
0 0.741568 0.142005 0.0232376 0.0426821 0.504726
0 0.297704 0.790932 0.0109569 0.0265996 0.50452
0 0.401887 0.639786 0.0112501 0.028218 0.504408
0 0.178715 0.588513 0.0197297 0.0371232 0.502887
0 0.277043 0.693316 0.0156971 0.0277282 0.502743
0 0.699649 0.126808 0.0167442 0.0348974 0.502706
0 0.245872 0.939299 0.0239297 0.0437981 0.502284
0 0.175563 0.557142 0.0152727 0.0264445 0.501536
0 0.372888 0.357805 0.0184123 0.0344673 0.500424
0 0.790852 0.52127 0.0161629 0.0318247 0.49968
0 0.244843 0.258545 0.0249684 0.0433848 0.498514
0 0.0279866 0.194177 0.0243955 0.0497329 0.498028
0 0.059021 0.0175643 0.0192059 0.0344182 0.497866
0 0.368064 0.215051 0.0137133 0.0318777 0.497366
0 0.865467 0.589018 0.0194635 0.0370907 0.49552
0 0.821231 0.955118 0.0278 0.0476047 0.49539
0 0.753579 0.958006 0.0155312 0.0318495 0.494944
0 0.0357606 0.704178 0.0205332 0.0345562 0.494672
0 0.979156 0.812613 0.0138367 0.0256158 0.494626
0 0.200589 0.962986 0.0145066 0.0281403 0.494398
0 0.951948 0.552828 0.0204472 0.0349895 0.493468
0 0.84313 0.334471 0.0175746 0.0332805 0.493373
0 0.0558008 0.62571 0.0296571 0.0454797 0.493354
0 0.17819 0.858519 0.0179172 0.03748 0.491443
0 0.74384 0.372729 0.0175232 0.0285172 0.491099
0 0.523138 0.468501 0.0149762 0.0305245 0.490855
0 0.823655 0.479418 0.01404 0.0246319 0.488103
0 0.0552561 0.875365 0.0173382 0.0383718 0.488063
0 0.281509 0.556196 0.0139894 0.0278804 0.487653
0 0.264323 0.847728 0.0155094 0.0293003 0.487574
0 0.257194 0.718058 0.0163041 0.0262894 0.486948
0 0.282753 0.904514 0.0154534 0.0293913 0.486549
0 0.219921 0.282156 0.0162977 0.0298416 0.485674
0 0.851472 0.715927 0.0142342 0.0349269 0.484955
0 0.957436 0.72319 0.0153423 0.0323954 0.484068
0 0.295856 0.6465 0.0230185 0.0487773 0.483898
0 0.852859 0.261342 0.0149963 0.0280408 0.48286
0 0.35729 0.307385 0.0155998 0.0320493 0.482683
0 0.368247 0.540726 0.0152276 0.0340448 0.482152
0 0.887621 0.541413 0.0301518 0.0418935 0.47967
0 0.32337 0.886713 0.0196507 0.030289 0.47889
0 0.532429 0.396845 0.0182566 0.0368941 0.478508
0 0.811015 0.46165 0.0151756 0.0255848 0.47757
0 0.0124613 0.651794 0.0149251 0.0303804 0.477128
0 0.254667 0.105283 0.0187512 0.0398226 0.477083
0 0.0129724 0.10447 0.0173999 0.0305605 0.475768
0 0.887173 0.205265 0.0166794 0.0301328 0.473856
0 0.507468 0.214851 0.0270811 0.0424299 0.473634
0 0.906457 0.861384 0.0135773 0.0353319 0.471634
0 0.383782 0.264901 0.0208133 0.0370211 0.470732
0 0.528555 0.542238 0.0201694 0.0346094 0.469621
0 0.211391 0.556121 0.020586 0.0429537 0.469515
0 0.270671 0.352939 0.0173807 0.0289199 0.469101
0 0.427567 0.0771338 0.0200314 0.0341236 0.468978
0 0.228016 0.785427 0.0135391 0.0282332 0.468327
0 0.0696853 0.303136 0.013027 0.0250344 0.467645
0 0.303265 0.427462 0.0120864 0.0233371 0.46553
0 0.298034 0.341305 0.0111215 0.0260051 0.465316
0 0.54248 0.815991 0.013833 0.0281472 0.465072
0 0.873401 0.273203 0.0136917 0.0319241 0.464779
0 0.155281 0.447719 0.0172326 0.030541 0.464051
0 0.655379 0.842928 0.0164651 0.030368 0.463879
0 0.817032 0.811477 0.0170681 0.0334737 0.463368
0 0.288852 0.377988 0.011718 0.0276312 0.460566
0 0.961795 0.639595 0.017193 0.0289729 0.459587
0 0.642042 0.134569 0.0144743 0.0243364 0.458806
0 0.171611 0.206325 0.0168639 0.0283966 0.458632
0 0.379468 0.683899 0.0164862 0.0344345 0.457334
0 0.0342415 0.379152 0.0128925 0.0406635 0.456883
0 0.346549 0.69229 0.0156937 0.0315028 0.456362
0 0.361898 0.670569 0.0183813 0.0323928 0.455434
0 0.0173598 0.757688 0.0174 0.0232408 0.454827
0 0.518988 0.818235 0.0166727 0.0315408 0.45276
0 0.763264 0.830837 0.0143885 0.0292237 0.452668
0 0.695204 0.941269 0.0148939 0.0263564 0.452102
0 0.32661 0.684891 0.0256445 0.0408428 0.45167
0 0.242852 0.980327 0.023586 0.0343119 0.451377
0 0.866081 0.902167 0.0189812 0.0356554 0.451317
0 0.851689 0.470613 0.0143162 0.0226364 0.449122
0 0.37092 0.0320507 0.0183333 0.0338612 0.446792
0 0.392271 0.530995 0.0176327 0.0378149 0.446603
0 0.877982 0.0186436 0.0203136 0.0325386 0.445266
0 0.925543 0.838033 0.0226131 0.0445695 0.445016
0 0.327825 0.46939 0.0149689 0.0311205 0.444954
0 0.73099 0.852857 0.0153119 0.0350701 0.444678
0 0.427766 0.148156 0.0206425 0.0376198 0.443343
0 0.292629 0.275073 0.0124192 0.0286335 0.443168
0 0.166418 0.284449 0.0135077 0.024768 0.443059
0 0.819132 0.606028 0.0169827 0.0283895 0.442619
0 0.00368554 0.77884 0.0073358 0.0337507 0.442242
0 0.260186 0.753154 0.0185639 0.0364694 0.441744
0 0.124973 0.806635 0.0177165 0.0327059 0.441726
0 0.453032 0.591681 0.0171282 0.0331579 0.44142
0 0.257332 0.166667 0.0145954 0.0333638 0.440304
0 0.876125 0.379467 0.0131542 0.0275169 0.440075
0 0.329259 0.730416 0.0186944 0.0280348 0.439726
0 0.759925 0.703024 0.0225479 0.0490254 0.438805
0 0.0589703 0.26615 0.0107825 0.0263314 0.437604
0 0.888712 0.611571 0.0152668 0.0295763 0.435406
0 0.794247 0.175307 0.0231581 0.0393575 0.434929
0 0.253509 0.210469 0.0123252 0.0336713 0.434288
0 0.030329 0.819799 0.0191838 0.0342821 0.43328
0 0.324928 0.395316 0.0182583 0.0332452 0.432607
0 0.44591 0.0164425 0.0150526 0.026519 0.431974
0 0.320487 0.351187 0.01739 0.0330831 0.429421
0 0.0737873 0.7394 0.0156067 0.0296613 0.427229
0 0.904569 0.639394 0.0220835 0.0348368 0.425076
0 0.244795 0.411453 0.0119581 0.0284242 0.425064
0 0.876028 0.107259 0.0168129 0.0289114 0.425054
0 0.757494 0.596304 0.0178604 0.0332345 0.424294
0 0.119588 0.168477 0.0133506 0.0283018 0.424246
0 0.980274 0.229491 0.0159409 0.0291573 0.424149
0 0.32639 0.429037 0.0157551 0.0277454 0.423356
0 0.644482 0.595482 0.020207 0.034051 0.420092
0 0.0339274 0.385069 0.0119328 0.0319271 0.420018
0 0.226423 0.68036 0.0171676 0.035123 0.41826
0 0.0731568 0.16336 0.0162284 0.0306956 0.415609
0 0.376126 0.791267 0.0188808 0.0354626 0.415462
0 0.992835 0.327298 0.0143303 0.0300745 0.415352
0 0.161014 0.236778 0.0184389 0.0320592 0.413311
0 0.809874 0.124771 0.0246212 0.0511006 0.412765
0 0.160329 0.409948 0.0159274 0.0295095 0.411306
0 0.367053 0.75203 0.0157794 0.0288177 0.410126
0 0.462729 0.494157 0.0258632 0.0471044 0.40963
0 0.795434 0.365484 0.0177574 0.0327254 0.408421
0 0.861056 0.0148697 0.0165684 0.0285218 0.407634
0 0.864619 0.501907 0.0122837 0.0255234 0.407248
0 0.94008 0.497239 0.01954 0.0310242 0.406731
0 0.121442 0.914777 0.0171041 0.0324167 0.406565
0 0.216751 0.0671371 0.0218302 0.0431183 0.404665
0 0.306798 0.387483 0.0173491 0.0319558 0.40456
0 0.144824 0.359391 0.0157864 0.0322718 0.404235
0 0.935297 0.0214225 0.0177177 0.0314912 0.404133
0 0.916313 0.0338786 0.0202198 0.0435429 0.403166
0 0.888403 0.0442678 0.0183121 0.0306376 0.402836
0 0.327608 0.193905 0.0100804 0.0307161 0.401697
0 0.994006 0.81353 0.0119884 0.0288686 0.399909
0 0.192358 0.567726 0.0126025 0.0289646 0.399779
0 0.757789 0.30678 0.0160132 0.029874 0.398905
0 0.288333 0.734257 0.0140055 0.0263324 0.39847
0 0.775531 0.362388 0.0169983 0.0293521 0.398329
0 0.882747 0.905667 0.0174099 0.0329973 0.397741
0 0.920066 0.716466 0.0131321 0.0250226 0.397703
0 0.305197 0.30607 0.0118817 0.0219646 0.397562
0 0.851963 0.103188 0.015086 0.0304937 0.397544
0 0.646509 0.812059 0.0143972 0.0241618 0.397509
0 0.833262 0.713143 0.0119907 0.0269314 0.39637
0 0.937474 0.435905 0.0168755 0.029931 0.395918
0 0.574344 0.604043 0.0169603 0.0312549 0.395706
0 0.898514 0.508644 0.0138844 0.0306918 0.394534
0 0.75194 0.95496 0.0165846 0.0343086 0.3945
0 0.220531 0.232714 0.0245785 0.0444361 0.394298
0 0.922447 0.33015 0.0155891 0.026504 0.392756
0 0.139454 0.660362 0.0157981 0.0273062 0.392216
0 0.0521753 0.93345 0.0133881 0.0280657 0.391984
0 0.163775 0.0306141 0.0138355 0.0259761 0.39111
0 0.163599 0.315306 0.0149543 0.0239353 0.39083
0 0.951165 0.664036 0.0129059 0.0317718 0.390712
0 0.984161 0.441595 0.0141674 0.030169 0.389693
0 0.962099 0.318822 0.015918 0.029973 0.389427
0 0.58775 0.0951363 0.0152712 0.0343217 0.389239
0 0.769003 0.398773 0.0153178 0.0327031 0.387646
0 0.198875 0.702518 0.015446 0.0367455 0.387115
0 0.492732 0.178291 0.0169937 0.0312746 0.384413
0 0.928173 0.101931 0.0226768 0.0384084 0.38373
0 0.217825 0.960139 0.0152061 0.0264643 0.382481
0 0.955768 0.980671 0.0161696 0.0342337 0.381515
0 0.270978 0.142913 0.0105077 0.0242964 0.380114
0 0.276805 0.689017 0.0175375 0.0348935 0.37881
0 0.0312562 0.427197 0.013638 0.0253847 0.378281
0 0.560116 0.773685 0.0200657 0.0376305 0.376905
0 0.258103 0.427326 0.0104495 0.0274004 0.376692
0 0.263847 0.0560355 0.0131925 0.0269455 0.376079
0 0.906745 0.679864 0.0126204 0.0270561 0.375886
0 0.97484 0.366643 0.022912 0.0393973 0.375705
0 0.845029 0.202164 0.0169647 0.0280149 0.375625
0 0.764574 0.599372 0.0246598 0.0364066 0.375147
0 0.688368 0.655031 0.0207703 0.0370517 0.374656
0 0.335497 0.261299 0.017766 0.0279416 0.37325
0 0.576809 0.428864 0.0229769 0.0375887 0.372495
0 0.957372 0.0251493 0.0241833 0.0387562 0.372493
0 0.557986 0.823811 0.017768 0.0338582 0.372304
0 0.512331 0.406106 0.0183363 0.0325307 0.371596
0 0.0652597 0.974932 0.0168246 0.0374395 0.371429
0 0.527105 0.0296098 0.0272272 0.0516714 0.371283
0 0.277859 0.264872 0.0130787 0.0251541 0.370939
0 0.312884 0.806344 0.0127699 0.0267324 0.370886
0 0.0872737 0.507065 0.0159569 0.0321508 0.370322
0 0.389953 0.195366 0.0171352 0.0332063 0.370114
0 0.978715 0.934524 0.0167015 0.0351739 0.369998
0 0.967427 0.67228 0.0214279 0.0316135 0.369003
0 0.883565 0.582757 0.0135399 0.0234356 0.368798
0 0.0854804 0.814122 0.00793629 0.0202191 0.368644
0 0.124742 0.309462 0.0197422 0.0404832 0.367639
0 0.456714 0.295697 0.0146832 0.033635 0.367318
0 0.292583 0.224824 0.0163857 0.0249903 0.367168
0 0.59118 0.75447 0.0203623 0.0357817 0.366891
0 0.199289 0.288272 0.016553 0.0228047 0.366768
0 0.611545 0.742922 0.0191463 0.0314206 0.366117
0 0.116056 0.948408 0.0158363 0.024061 0.366113
0 0.0317369 0.942306 0.0166855 0.0266293 0.365945
0 0.125424 0.965297 0.0161858 0.0270291 0.364957
0 0.111735 0.985816 0.0145462 0.0269391 0.364761
0 0.0716015 0.210468 0.0172443 0.0364475 0.364044
0 0.257965 0.687665 0.0154268 0.0251402 0.363633
0 0.0178941 0.236267 0.0192395 0.0275711 0.363506
0 0.889789 0.872847 0.0171362 0.0282684 0.362651
0 0.135469 0.245148 0.0137678 0.022515 0.362101
0 0.233304 0.889587 0.0208818 0.0424861 0.361741
0 0.214651 0.604573 0.0136812 0.0220686 0.36169
0 0.257537 0.904221 0.0110071 0.0264421 0.359969
0 0.80604 0.493295 0.0135206 0.0240977 0.359502
0 0.75704 0.530602 0.0201204 0.0363437 0.356839
0 0.928729 0.900933 0.0177469 0.0252862 0.356702
0 0.557434 0.176326 0.0191447 0.0329524 0.356608
0 0.925025 0.281795 0.0177906 0.0362493 0.355182
0 0.320656 0.320076 0.0146383 0.0226693 0.354353
0 0.123834 0.0123591 0.0193454 0.0244381 0.353819
0 0.464693 0.642967 0.0191521 0.0281484 0.353637
0 0.321095 0.315434 0.0147423 0.0295031 0.353545
0 0.00775744 0.686621 0.0137143 0.0249193 0.353359
0 0.589145 0.926963 0.017793 0.0326494 0.353285
0 0.0649541 0.442213 0.014042 0.0248838 0.353178
0 0.104531 0.490929 0.0203703 0.0391053 0.352916
0 0.528931 0.790255 0.01332 0.0274346 0.352698
0 0.18202 0.295689 0.0126649 0.0233712 0.35248
0 0.00311034 0.900728 0.00620897 0.0254971 0.351142
0 0.692031 0.565632 0.016997 0.0331667 0.350254
0 0.942547 0.463528 0.0177437 0.0226269 0.350129
0 0.0839869 0.383407 0.0144217 0.031084 0.349696
0 0.233663 0.896694 0.0201781 0.0326257 0.349477
0 0.85506 0.84329 0.0222851 0.0385003 0.349103
0 0.907281 0.899715 0.0157757 0.0322247 0.347766
0 0.982265 0.76552 0.0104912 0.0261334 0.347403
0 0.15953 0.242566 0.0205594 0.0438675 0.347106
0 0.172503 0.797523 0.030863 0.0435187 0.346395
0 0.314228 0.538393 0.0171712 0.0299623 0.346116
0 0.113439 0.080104 0.0130032 0.0313928 0.345983
0 0.31172 0.256682 0.01308 0.0215077 0.345586
0 0.80914 0.653817 0.01366 0.0261726 0.345081
0 0.675961 0.498045 0.0129128 0.0192253 0.344883
0 0.63307 0.223031 0.0269087 0.0456446 0.344482
0 0.678303 0.690379 0.019426 0.0361835 0.343988
0 0.215037 0.513041 0.0154055 0.0291846 0.343851
0 0.109178 0.0899349 0.0190311 0.0414549 0.34377
0 0.676925 0.500455 0.0117393 0.0181088 0.34356
0 0.938561 0.310075 0.0176765 0.0260522 0.341377
0 0.973779 0.175598 0.0194683 0.037188 0.341362
0 0.492565 0.106171 0.0148082 0.0238593 0.340604
0 0.240808 0.731225 0.0140567 0.0244171 0.340543
0 0.0311796 0.27425 0.0111889 0.0318862 0.340434
0 0.355239 0.903847 0.0178274 0.0283208 0.337998
0 0.366812 0.707271 0.0119814 0.0290439 0.337968
0 0.405367 0.260944 0.0166665 0.0233994 0.337819
0 0.145223 0.12021 0.0189119 0.0279928 0.336474
0 0.649372 0.546061 0.0163505 0.0406413 0.336103
0 0.804434 0.491589 0.0136701 0.0256951 0.335962
0 0.345964 0.848016 0.0204939 0.0314409 0.335237
0 0.150806 0.187518 0.0225125 0.0389231 0.334207
0 0.268193 0.463284 0.0136278 0.0208689 0.332846
0 0.0247447 0.977024 0.0159947 0.0340335 0.330807
0 0.298876 0.0585844 0.0200465 0.0368655 0.330428
0 0.778445 0.316935 0.0207636 0.029295 0.329952
0 0.0134544 0.492308 0.0158234 0.0261276 0.328352
0 0.613431 0.0928186 0.0271585 0.0442257 0.328112
0 0.255791 0.873192 0.0132908 0.0239879 0.327937
0 0.389102 0.368096 0.0111214 0.0270801 0.327832
0 0.333369 0.764698 0.0134485 0.0259674 0.327352
0 0.0468956 0.288601 0.0223799 0.035101 0.326607
0 0.64628 0.872329 0.017814 0.0313443 0.325603
0 0.84327 0.197611 0.0205124 0.0346728 0.323077
0 0.743935 0.0372012 0.0260624 0.0482846 0.322849
0 0.238599 0.201351 0.012667 0.0283395 0.32277
0 0.105699 0.805945 0.0157515 0.0296848 0.320689
0 0.0592718 0.534957 0.0197675 0.0374062 0.320234
0 0.704282 0.00863239 0.0168172 0.0167474 0.320013
0 0.759977 0.463081 0.0212146 0.0405636 0.319831
0 0.997061 0.465002 0.00587845 0.0404839 0.319803
0 0.69715 0.0540299 0.0273527 0.0441135 0.319435
0 0.465876 0.9202 0.0202856 0.0376224 0.318622
0 0.904617 0.589431 0.0164111 0.0300295 0.318549
0 0.139948 0.890552 0.0157089 0.0273075 0.317823
0 0.271095 0.227586 0.0154046 0.027578 0.317678
0 0.138269 0.152284 0.0146119 0.0236788 0.317492
0 0.942911 0.151597 0.014896 0.0290634 0.316917
0 0.179681 0.801498 0.0198315 0.0356235 0.316901
0 0.881092 0.153445 0.0159946 0.0323448 0.315227
0 0.620052 0.350877 0.0201984 0.0391012 0.314278
0 0.870594 0.713514 0.0189327 0.0326738 0.31422
0 0.794955 0.591706 0.0135181 0.0302912 0.313709
0 0.0560055 0.319218 0.0165376 0.0277941 0.312319
0 0.366157 0.167267 0.0175771 0.0241402 0.310995
0 0.822633 0.566243 0.0145199 0.0274874 0.310751
0 0.956221 0.266422 0.0157688 0.020886 0.309965
0 0.270387 0.21821 0.0156414 0.0290444 0.309468
0 0.43007 0.749089 0.0207226 0.0301459 0.308357
0 0.408342 0.474568 0.0144524 0.0319789 0.307538
0 0.619681 0.639689 0.0180346 0.0343128 0.306001
0 0.295355 0.503519 0.0172161 0.0273177 0.305577
0 0.488303 0.327623 0.0199989 0.0388686 0.305319
0 0.49258 0.69561 0.0256744 0.0453911 0.305007
0 0.110625 0.342014 0.0170182 0.0330226 0.304142
0 0.0836922 0.843285 0.0114598 0.0266951 0.303208
0 0.712682 0.545708 0.0206544 0.0491319 0.302156
0 0.639912 0.786703 0.0165739 0.0252825 0.30213
0 0.362218 0.79687 0.0137686 0.0337155 0.301712
0 0.502418 0.0640935 0.0131137 0.0238422 0.300725
0 0.386622 0.560396 0.0163544 0.0245994 0.300074
0 0.179756 0.635004 0.0209091 0.0353541 0.299877
0 0.128834 0.446587 0.0167055 0.0212076 0.299836
0 0.463379 0.961025 0.0265183 0.0388711 0.29975
0 0.752386 0.271906 0.0119595 0.0303364 0.299131
0 0.788943 0.0382149 0.0298889 0.0489793 0.298055
0 0.508261 0.00691212 0.0204697 0.0138242 0.297599
0 0.755507 0.798471 0.0185318 0.028104 0.295805
0 0.793855 0.771881 0.016463 0.0305742 0.29531
0 0.916865 0.045454 0.0191376 0.0330589 0.2921
0 0.709899 0.499295 0.014995 0.0230136 0.291756
0 0.195242 0.511079 0.015308 0.0227893 0.291516
0 0.201638 0.400365 0.0158604 0.029122 0.291041
0 0.00492085 0.967828 0.00971192 0.0262878 0.290091
0 0.483381 0.0172679 0.0164026 0.0268307 0.290084
0 0.430993 0.511639 0.025771 0.0405433 0.289929
0 0.348575 0.549801 0.0157272 0.0324254 0.289458
0 0.818835 0.00819761 0.0242157 0.0160261 0.286993
0 0.565284 0.481342 0.018583 0.0398661 0.286399
0 0.714694 0.935316 0.014724 0.035302 0.286217
0 0.869514 0.186794 0.0165333 0.0261761 0.285909
0 0.997054 0.380398 0.00589199 0.0294622 0.28424
0 0.464875 0.086283 0.0227425 0.0459811 0.284024
0 0.766784 0.0825012 0.027376 0.0484714 0.283124
0 0.751506 0.429266 0.0194908 0.0282354 0.282828
0 0.840871 0.435155 0.0168537 0.0297733 0.282571
0 0.418923 0.0247993 0.0149876 0.0407214 0.282529
0 0.752262 0.768051 0.0245979 0.0395094 0.279876
0 0.518313 0.859944 0.0230974 0.0434055 0.279668
0 0.285847 0.131745 0.0167949 0.0264355 0.279346
0 0.759016 0.0108556 0.022627 0.0207448 0.278823
0 0.0510521 0.395952 0.0237321 0.0352907 0.278514
0 0.457191 0.427292 0.0163624 0.028902 0.27825
0 0.312662 0.023023 0.0241375 0.0361846 0.278249
0 0.252391 0.341865 0.0113146 0.0227886 0.277611
0 0.117494 0.627471 0.0124879 0.031783 0.277121
0 0.679825 0.529245 0.0160645 0.0261668 0.276901
0 0.572826 0.744673 0.0163435 0.0249732 0.275634
0 0.288934 0.966625 0.0158874 0.0333611 0.275199
0 0.0697581 0.102848 0.012746 0.0204753 0.274506
0 0.232159 0.882626 0.0197732 0.0349521 0.273113
0 0.0324807 0.9047 0.0173642 0.0292286 0.271897
0 0.744704 0.408072 0.0113289 0.0203067 0.271276
0 0.993299 0.753831 0.0134024 0.041225 0.270861
0 0.718565 0.472522 0.0127669 0.0271408 0.270418
0 0.326045 0.570309 0.0175507 0.0343323 0.268779
0 0.156752 0.252566 0.0181067 0.0323358 0.267626
0 0.242814 0.728488 0.0132437 0.0244619 0.267167
0 0.106997 0.440015 0.0156918 0.0269887 0.265921
0 0.00588846 0.621742 0.0116494 0.0476731 0.26449
0 0.609078 0.565246 0.0212406 0.0447332 0.264287
0 0.778371 0.569706 0.0173683 0.0304928 0.264173
0 0.791855 0.738245 0.0158417 0.03526 0.262778
0 0.979557 0.303222 0.0145515 0.0320388 0.261709
0 0.571162 0.132595 0.0269773 0.0388448 0.261636
0 0.730359 0.904522 0.0103861 0.0289179 0.261144
0 0.94911 0.0600714 0.0194996 0.0285124 0.26054
0 0.282179 0.839135 0.0217743 0.0348524 0.260248
0 0.516788 0.642829 0.0230494 0.0369154 0.258972
0 0.0229523 0.589062 0.0311677 0.0433931 0.25852
0 0.255098 0.164848 0.017237 0.0350771 0.257827
0 0.482939 0.816747 0.0172661 0.0370265 0.257609
0 0.40713 0.574423 0.0122524 0.0321438 0.257157
0 0.767196 0.0936699 0.0316031 0.0706274 0.256678
0 0.145172 0.314503 0.0151967 0.0213438 0.256627
0 0.70309 0.819069 0.0155708 0.0240618 0.256373
0 0.869287 0.807706 0.0185461 0.0369427 0.2558
0 0.0139742 0.40394 0.0176882 0.0267932 0.255634
0 0.48534 0.0622589 0.0175777 0.0326474 0.253775
0 0.588171 0.362821 0.0157121 0.0272432 0.253626
0 0.832091 0.67308 0.0189461 0.0300175 0.253143
0 0.777854 0.516601 0.0123229 0.0247213 0.252524
0 0.123777 0.96278 0.0140911 0.0251034 0.252429
0 0.617614 0.196242 0.0201481 0.0347493 0.252264
0 0.529398 0.357619 0.019435 0.0301482 0.251675
0 0.6314 0.33611 0.0410556 0.071964 0.25096
0 0.832039 0.371254 0.0171406 0.026716 0.250676
0 0.713964 0.38677 0.0116787 0.0358176 0.249659
0 0.728151 0.497865 0.0153934 0.0257151 0.24958
0 0.755357 0.963643 0.0142962 0.023939 0.249469
0 0.134859 0.220174 0.0132313 0.0205625 0.249114
0 0.0146862 0.891927 0.0187362 0.0322305 0.248786
0 0.242155 0.132195 0.015259 0.0226643 0.248484
0 0.446659 0.759141 0.0146271 0.0260847 0.247665
0 0.272595 0.354508 0.0147518 0.0255216 0.247077
0 0.606589 0.68872 0.0181484 0.0318457 0.247053
0 0.861839 0.443943 0.0145796 0.0227939 0.246718
0 0.189052 0.456782 0.011187 0.0203843 0.246191
0 0.136944 0.658332 0.015313 0.0289995 0.244849
0 0.296836 0.524307 0.0136999 0.0183737 0.244727
0 0.728229 0.0798544 0.0274773 0.0403817 0.244468
0 0.806944 0.872199 0.0187536 0.0314775 0.244204
0 0.0907334 0.13671 0.0135009 0.0215248 0.244195
0 0.376966 0.93513 0.0181963 0.0383826 0.24353
0 0.180154 0.397194 0.0145114 0.0319021 0.243204
0 0.814366 0.423215 0.0149665 0.0236231 0.242934
0 0.960537 0.28795 0.0164455 0.0294703 0.242831
0 0.903954 0.0186759 0.0154312 0.0298676 0.242451
0 0.021059 0.0531525 0.02391 0.0405143 0.242386
0 0.411502 0.972013 0.0261034 0.0429182 0.240744
0 0.506891 0.478832 0.0135191 0.0310174 0.240547
0 0.899453 0.467776 0.0207198 0.0271744 0.240017
0 0.14066 0.096793 0.0162046 0.0262967 0.239659
0 0.780607 0.276042 0.0154155 0.039511 0.23872
0 0.995029 0.015524 0.00994244 0.0287925 0.238064
0 0.488564 0.573877 0.0171535 0.0272299 0.237302
0 0.590401 0.8016 0.0184589 0.0344957 0.236729
0 0.232831 0.644657 0.0109824 0.0324497 0.235953
0 0.898532 0.713881 0.0141754 0.0273661 0.235393
0 0.0126773 0.0159739 0.0252262 0.0318567 0.235344
0 0.993266 0.524482 0.0134675 0.0224369 0.235229
0 0.897762 0.64254 0.0192863 0.0325112 0.233934
0 0.940988 0.193341 0.0170124 0.0317996 0.233763
0 0.430311 0.275689 0.0197014 0.0317746 0.233353
0 0.202695 0.189681 0.0162594 0.0322841 0.232809
0 0.327332 0.796698 0.0152069 0.0236544 0.232313
0 0.295982 0.517199 0.0162914 0.0235333 0.231901
0 0.834884 0.374887 0.0167404 0.0265323 0.231261
0 0.0306096 0.649151 0.0235608 0.0404326 0.231121
0 0.433334 0.0369162 0.0120064 0.0295584 0.230484
0 0.878635 0.75027 0.018836 0.0278622 0.230464
0 0.658854 0.0353565 0.0161087 0.0309848 0.23044
0 0.404428 0.252389 0.0168968 0.0293716 0.230419
0 0.466615 0.0113012 0.0175355 0.0217775 0.229429
0 0.81501 0.418987 0.0143717 0.0259091 0.229144
0 0.702987 0.125112 0.0245491 0.0389699 0.228991
0 0.0197693 0.523783 0.013518 0.0217278 0.228091
0 0.246383 0.0201839 0.0192745 0.0317043 0.227779
0 0.960169 0.946785 0.0138893 0.0198046 0.227609
0 0.743204 0.406987 0.0110825 0.0225362 0.226981
0 0.168954 0.486909 0.0128483 0.0252415 0.226972
0 0.996442 0.962918 0.00711683 0.0323201 0.225727
0 0.9225 0.608054 0.014616 0.0179681 0.2251
0 0.303321 0.111241 0.0141781 0.0337731 0.225086
0 0.0123592 0.941058 0.0165666 0.0302534 0.22393
0 0.451462 0.220916 0.0151674 0.0269406 0.22336
0 0.814388 0.391326 0.0161673 0.0250357 0.222288
0 0.89772 0.461815 0.0225925 0.038582 0.221816
0 0.775628 0.787277 0.0198025 0.0337713 0.221418
0 0.865296 0.446415 0.0150494 0.0238633 0.22047
0 0.468539 0.866035 0.0239023 0.0435394 0.220219
0 0.755578 0.766387 0.0200224 0.0338328 0.220114
0 0.327463 0.801003 0.0163265 0.0226478 0.219994
0 0.630205 0.51776 0.0232264 0.0336646 0.21935
0 0.145319 0.593189 0.0130851 0.0278074 0.218762
0 0.996302 0.584299 0.00739632 0.0283994 0.218656
0 0.559499 0.415572 0.0126388 0.023325 0.218486
0 0.40979 0.524967 0.0161727 0.0377643 0.218412
0 0.463526 0.485319 0.0267235 0.057485 0.218302
0 0.383219 0.857564 0.03002 0.0548957 0.218028
0 0.714298 0.557992 0.0179246 0.0308851 0.217716
0 0.829792 0.668874 0.0209438 0.0352901 0.217143
0 0.0172427 0.156135 0.0146332 0.0214043 0.216805
0 0.834419 0.676906 0.0123373 0.0232669 0.216658
0 0.271376 0.923479 0.0138427 0.0236098 0.216431
0 0.572738 0.807548 0.0137653 0.0375709 0.215921
0 0.271967 0.232268 0.01403 0.0249663 0.215748
0 0.955392 0.128007 0.0130371 0.027152 0.215466
0 0.260328 0.767264 0.0166937 0.0321096 0.215222
0 0.487491 0.850152 0.0176279 0.0294168 0.213242
0 0.594683 0.815161 0.0186071 0.0295478 0.213078
0 0.759136 0.352 0.0142599 0.0225423 0.213075
0 0.270831 0.222457 0.013965 0.0380136 0.212152
0 0.611256 0.848637 0.0116154 0.0258396 0.212003
0 0.971672 0.711534 0.0135727 0.0221911 0.211862
0 0.729535 0.652668 0.0205537 0.0349267 0.211135
0 0.57399 0.812749 0.0157013 0.0406204 0.209641
0 0.0987641 0.692779 0.0166447 0.0313415 0.209568
0 0.0814039 0.348087 0.0182088 0.0275919 0.20916
0 0.867953 0.0167561 0.0296791 0.0324043 0.209103
0 0.0296466 0.77169 0.0132045 0.0309761 0.208917
0 0.719486 0.349409 0.018178 0.0267146 0.208903
0 0.576683 0.637442 0.00997111 0.0297453 0.208633
0 0.832212 0.778277 0.0200432 0.03074 0.208494
0 0.0801843 0.0805478 0.0139354 0.0200127 0.208297
0 0.524805 0.0355989 0.0262599 0.0447881 0.207917
0 0.995708 0.463879 0.00858479 0.0421201 0.207658
0 0.2983 0.641676 0.0240091 0.0448681 0.207467
0 0.00268601 0.0516324 0.00537202 0.0365579 0.207015
0 0.830242 0.0850101 0.018474 0.0276026 0.206857
0 0.707594 0.848512 0.0131513 0.0269663 0.206807
0 0.180212 0.294997 0.0118879 0.0217458 0.20655
0 0.632618 0.157331 0.0150521 0.0314543 0.205471
0 0.125319 0.704526 0.0171024 0.0278442 0.203744
0 0.239888 0.452059 0.0123811 0.0160202 0.203724
0 0.660089 0.27886 0.0125558 0.0282158 0.203599
0 0.914604 0.0259587 0.0220612 0.0353418 0.20352
0 0.0720712 0.652725 0.0138863 0.026467 0.201934
0 0.864573 0.179082 0.0218748 0.0307012 0.200948
0 0.22986 0.786738 0.0133608 0.0284709 0.200826
0 0.984004 0.434687 0.0186111 0.0420771 0.199114
0 0.012117 0.406731 0.0201647 0.0253001 0.199028
0 0.679017 0.277616 0.0218301 0.0393458 0.198905
0 0.979144 0.368428 0.0175415 0.0328162 0.197295
0 0.772254 0.878969 0.0163162 0.0247561 0.197227
0 0.403802 0.256856 0.0173021 0.0320373 0.197194
0 0.692494 0.233083 0.0196859 0.0302627 0.196657
0 0.12665 0.130508 0.0120858 0.0209306 0.196595
0 0.412202 0.608753 0.0165219 0.0273091 0.196456
0 0.679011 0.537173 0.01726 0.0284623 0.195303
0 0.661549 0.722915 0.018811 0.0338772 0.194259
0 0.0447332 0.294541 0.0223303 0.0395155 0.193606
0 0.0896088 0.742026 0.0118925 0.0210784 0.193115
0 0.836536 0.772442 0.014645 0.0258277 0.192446
0 0.201908 0.294483 0.0164752 0.0243159 0.191409
0 0.993946 0.58511 0.0121082 0.026829 0.191087
0 0.0891456 0.745948 0.0131221 0.0235447 0.191078
0 0.164141 0.800503 0.0159742 0.0356123 0.190494
0 0.712654 0.554875 0.0189854 0.0348477 0.190469
0 0.0140836 0.234804 0.0253452 0.0326701 0.190391
0 0.951421 0.658553 0.0119616 0.0305765 0.189199
0 0.291053 0.278906 0.0124532 0.0230411 0.189087
0 0.705532 0.045885 0.0185134 0.0302658 0.18905
0 0.640985 0.935144 0.0183729 0.0355421 0.188264
0 0.881233 0.026908 0.0194687 0.025104 0.187867
0 0.671002 0.312709 0.0155523 0.02353 0.187541
0 0.416676 0.430951 0.022233 0.0289898 0.187123
0 0.272578 0.267909 0.0129057 0.0241414 0.186465
0 0.30144 0.180326 0.0115047 0.0227995 0.186436
0 0.957324 0.269943 0.0171967 0.0228152 0.185928
0 0.0682777 0.106022 0.0116034 0.0264043 0.185507
0 0.826361 0.743836 0.017548 0.0272544 0.185353
0 0.899323 0.925901 0.0137285 0.0264456 0.184482
0 0.759782 0.530616 0.0169088 0.0410908 0.184361
0 0.995999 0.86468 0.0080026 0.0280628 0.184355
0 0.891456 0.249944 0.0236893 0.0396443 0.184099
0 0.769807 0.650867 0.0143808 0.027004 0.184049
0 0.36833 0.705686 0.0101014 0.0250293 0.183691
0 0.83458 0.776211 0.0161774 0.0304152 0.183552
0 0.862687 0.503801 0.0145115 0.0294089 0.183477
0 0.0806123 0.57833 0.0136925 0.0193769 0.183423
0 0.345492 0.157776 0.0170454 0.0396414 0.18329
0 0.936345 0.0138377 0.0171413 0.0261426 0.183015
0 0.803277 0.259789 0.0344868 0.0603732 0.182631
0 0.724604 0.175811 0.0191437 0.0268798 0.182511
0 0.540754 0.488849 0.0189864 0.0287825 0.182144
0 0.673608 0.801215 0.00988617 0.0227385 0.181442
0 0.260959 0.687654 0.0122583 0.0309725 0.181277
0 0.791683 0.0363306 0.0335279 0.0601107 0.181041
0 0.413356 0.703043 0.012365 0.0243777 0.180932
0 0.115394 0.290042 0.013711 0.0227073 0.18091
0 0.597696 0.839885 0.0167412 0.0248349 0.180893
0 0.979547 0.266721 0.0152386 0.0214498 0.180302
0 0.322309 0.683198 0.0231512 0.0364572 0.180146
0 0.133114 0.402044 0.0147295 0.0316883 0.18009
0 0.86562 0.416196 0.0159166 0.0290439 0.180023
0 0.157379 0.64298 0.0184221 0.0218374 0.179469
0 0.0683953 0.922562 0.0129729 0.0332916 0.178933
0 0.113469 0.286084 0.0151263 0.0286748 0.178032
0 0.240291 0.761517 0.0173246 0.0308685 0.177537
0 0.93972 0.447604 0.0177578 0.0228497 0.177485
0 0.247656 0.262495 0.0211713 0.0413247 0.177429
0 0.879917 0.779958 0.0185246 0.0191335 0.177287
0 0.257172 0.872626 0.0136578 0.0200151 0.177163
0 0.166397 0.700095 0.0154006 0.0177985 0.177097
0 0.638676 0.930809 0.0225048 0.0394665 0.175204
0 0.260665 0.778257 0.0144574 0.0233585 0.175029
0 0.276334 0.68219 0.0184093 0.0458013 0.174861
0 0.117267 0.954328 0.0178216 0.0296997 0.174489
0 0.00975872 0.232152 0.0194964 0.0321302 0.174449
0 0.870708 0.0635803 0.0159046 0.030896 0.174425
0 0.786595 0.956868 0.017971 0.0303572 0.17425
0 0.593609 0.972512 0.0162769 0.0382195 0.174074
0 0.488936 0.23642 0.0183767 0.0361132 0.17399
0 0.00424339 0.84911 0.00846846 0.0234697 0.173867
0 0.992761 0.0599378 0.0144777 0.0374765 0.173697
0 0.102733 0.731633 0.0145099 0.0221161 0.17364
0 0.311191 0.916026 0.0206726 0.0325243 0.173629
0 0.984235 0.42361 0.0198044 0.0572781 0.173355
0 0.218142 0.987559 0.015258 0.0236301 0.173231
0 0.73244 0.253839 0.0187843 0.0295814 0.173177
0 0.725922 0.0833024 0.0229268 0.0334968 0.172883
0 0.441296 0.874458 0.0227297 0.0379959 0.17287
0 0.216152 0.72706 0.0187809 0.0332599 0.172114
0 0.841653 0.494001 0.0152077 0.0239536 0.17207
0 0.384154 0.137297 0.015822 0.0299005 0.171697
0 0.21523 0.514731 0.0138814 0.0225498 0.17153
0 0.151673 0.517516 0.0137059 0.0196582 0.170805
0 0.192845 0.0106352 0.0177347 0.0209539 0.170231
0 0.365746 0.755867 0.0173446 0.0287354 0.17022
0 0.729184 0.391677 0.0134115 0.029277 0.170133
0 0.102959 0.842252 0.0191739 0.0358493 0.169618
0 0.769348 0.96753 0.00824738 0.0279212 0.169526
0 0.887741 0.809345 0.0190632 0.0383582 0.168545
0 0.624675 0.808247 0.0142966 0.0285799 0.168302
0 0.980718 0.113057 0.0171608 0.0369556 0.168023
0 0.263648 0.296605 0.0075638 0.0229616 0.16781
0 0.381978 0.853195 0.0262104 0.0409085 0.167457
0 0.788023 0.239152 0.019533 0.030311 0.167435
0 0.197429 0.289964 0.0176842 0.0272329 0.167389
0 0.714359 0.539946 0.0148701 0.0392891 0.167138
0 0.615622 0.56202 0.0316576 0.0505061 0.166936
0 0.591642 0.810501 0.0207212 0.0348397 0.166428
0 0.130201 0.925019 0.0133727 0.022042 0.165836
0 0.714027 0.337523 0.0176318 0.03347 0.16526
0 0.507081 0.53599 0.0160708 0.0294596 0.165239
0 0.827823 0.665153 0.0233852 0.0362422 0.165049
0 0.09476 0.416811 0.0129805 0.0229304 0.16454
0 0.0672001 0.307498 0.0136274 0.0332247 0.164435
0 0.505753 0.502949 0.0177471 0.0211728 0.164388
0 0.144873 0.595181 0.0102394 0.0300798 0.164295
0 0.124973 0.709167 0.0187167 0.029549 0.164025
0 0.597208 0.819855 0.0193245 0.0314714 0.163791
0 0.105327 0.763317 0.0166898 0.0230055 0.163782
0 0.194715 0.43085 0.0157262 0.0231806 0.163515
0 0.338984 0.772745 0.0186747 0.0333859 0.163285
0 0.0384461 0.466111 0.0162802 0.0345637 0.163177
0 0.722983 0.179054 0.0199776 0.0245121 0.163157
0 0.00433532 0.440991 0.00859984 0.0288469 0.163059
0 0.840697 0.868234 0.0163427 0.0261987 0.16194
0 0.960893 0.94638 0.0139853 0.0258606 0.160468
0 0.280202 0.264168 0.0123699 0.0223078 0.160007
0 0.628222 0.683919 0.0142769 0.0258565 0.159969
0 0.473225 0.685529 0.0192978 0.0288118 0.159465
0 0.143167 0.316645 0.0151315 0.0251743 0.159095
0 0.717006 0.344956 0.0196838 0.0277811 0.159078
0 0.995369 0.906459 0.00926151 0.0300829 0.158951
0 0.597854 0.831432 0.0184399 0.0259365 0.158322
0 0.347434 0.585932 0.0141888 0.0262325 0.157541
0 0.926081 0.608199 0.0131306 0.0161508 0.157524
0 0.214069 0.752288 0.0150473 0.0198657 0.157098
0 0.0788833 0.57597 0.0143926 0.021795 0.156416
0 0.76638 0.967881 0.0103762 0.0258396 0.156253
0 0.71633 0.561324 0.0176422 0.0269065 0.154946
0 0.0937181 0.309312 0.0192165 0.0398155 0.154886
0 0.862657 0.865539 0.0183582 0.0303423 0.154846
0 0.592095 0.641057 0.0219315 0.0310591 0.154141
0 0.594412 0.0116775 0.0251855 0.0226953 0.154057
0 0.986172 0.415185 0.0225147 0.0421502 0.15394
0 0.483056 0.317276 0.0259031 0.0442735 0.153615
0 0.907666 0.0191174 0.0216277 0.0329347 0.153119
0 0.892317 0.991727 0.0141567 0.0154717 0.152983
0 0.510069 0.163165 0.0185661 0.0352375 0.152922
0 0.837536 0.377746 0.0163137 0.0257597 0.150839
0 0.0901689 0.0233685 0.0140684 0.0268724 0.150835
0 0.296154 0.508126 0.0171473 0.030502 0.150628
0 0.268861 0.145869 0.01164 0.0216725 0.150211
0 0.114108 0.414624 0.0155422 0.0212757 0.149626
0 0.945509 0.0570783 0.0206471 0.0338658 0.14949
0 0.908916 0.825916 0.0130714 0.0202521 0.149099
0 0.462685 0.719815 0.0170067 0.0293615 0.14905
0 0.670608 0.310699 0.0177116 0.0302322 0.148945
0 0.879441 0.338727 0.0211086 0.0417309 0.148059
0 0.153376 0.87384 0.0141274 0.0232058 0.147387
0 0.213581 0.556528 0.0154238 0.0375557 0.147335
0 0.981005 0.764609 0.0116228 0.030583 0.146723
0 0.116994 0.663554 0.017006 0.0329976 0.146683
0 0.840714 0.488559 0.0141224 0.0293123 0.146655
0 0.0898908 0.170328 0.013564 0.0190993 0.146529
0 0.052575 0.800347 0.0140775 0.0233605 0.146435
0 0.264986 0.46253 0.0159455 0.0263523 0.146405
0 0.744434 0.480365 0.0146001 0.0206718 0.145796
0 0.773295 0.873994 0.0183847 0.0322458 0.144761
0 0.219084 0.0732927 0.0174176 0.0316128 0.144685
0 0.289826 0.131672 0.0148748 0.0247909 0.144619
0 0.790164 0.173108 0.0301633 0.0444136 0.144522
0 0.769326 0.103833 0.0307879 0.0600767 0.144436
0 0.29706 0.894245 0.0158927 0.0295731 0.144285
0 0.0496652 0.40055 0.0227891 0.029482 0.144011
0 0.89581 0.246894 0.0167809 0.0319899 0.143359
0 0.942123 0.455616 0.0189812 0.0319206 0.14332
0 0.815371 0.913053 0.0196121 0.0297869 0.142029
0 0.589833 0.326361 0.0169786 0.0278363 0.141975
0 0.701398 0.693024 0.0162912 0.0339305 0.141889
0 0.515136 0.864181 0.0248158 0.0450816 0.141266
0 0.166089 0.922304 0.0150719 0.0314684 0.140667
0 0.644528 0.505512 0.0139165 0.0258467 0.140666
0 0.994832 0.959024 0.0103353 0.0393508 0.140594
0 0.0765803 0.028883 0.0148043 0.0298529 0.140572
0 0.912751 0.640212 0.0136997 0.0373595 0.140363
0 0.996362 0.461497 0.00727615 0.0572928 0.140081
0 0.783607 0.170271 0.03727 0.0488728 0.139959
0 0.935381 0.432193 0.0191937 0.0318371 0.139648
0 0.230843 0.642917 0.0117825 0.0280469 0.139555
0 0.20714 0.869779 0.0211837 0.0435059 0.139469
0 0.0689486 0.919988 0.0176232 0.0309404 0.138764
0 0.568813 0.0489909 0.0196383 0.0329408 0.13872
0 0.113016 0.336463 0.0140263 0.0321123 0.138654
0 0.861297 0.320961 0.0171881 0.0195721 0.138628
0 0.161893 0.406405 0.0180753 0.0345686 0.13847
0 0.629249 0.344165 0.0359788 0.0647514 0.138308
0 0.37916 0.506681 0.0148535 0.0148519 0.138172
0 0.0365491 0.374236 0.0114173 0.0339198 0.137794
0 0.154771 0.909458 0.0127672 0.0234633 0.137721
0 0.863033 0.550644 0.0154377 0.0228105 0.13761
0 0.270369 0.962998 0.0191295 0.0364214 0.137609
0 0.877174 0.382525 0.0124865 0.0310008 0.137436
0 0.890406 0.20744 0.0154297 0.0288174 0.137409
0 0.195288 0.00912911 0.0211581 0.0178769 0.137384
0 0.00263382 0.574594 0.00526764 0.0371363 0.137351
0 0.311901 0.808865 0.0150368 0.032647 0.137227
0 0.4715 0.0114925 0.0187653 0.0222484 0.136753
0 0.0147924 0.400058 0.016796 0.0294318 0.136511
0 0.21531 0.607865 0.0136117 0.024166 0.136462
0 0.760865 0.598011 0.0235163 0.0332941 0.136424
0 0.833903 0.833472 0.0130398 0.0289259 0.136258
0 0.0726323 0.562988 0.0154544 0.0360679 0.135982
0 0.0941565 0.0629214 0.0125388 0.0262979 0.135902
0 0.916996 0.0401009 0.0175957 0.0365689 0.135571
0 0.582241 0.391749 0.0159045 0.0287722 0.135524
0 0.792767 0.240202 0.024378 0.0320291 0.135438
0 0.279435 0.0881109 0.0125442 0.0260748 0.134999
0 0.467063 0.499534 0.0205267 0.0388872 0.134962
0 0.2002 0.00970932 0.0198612 0.0193677 0.134842
0 0.0915391 0.0621286 0.0142763 0.0281464 0.134776
0 0.427133 0.730723 0.0172735 0.0354668 0.134635
0 0.984488 0.145009 0.0161245 0.0220833 0.134627
0 0.431311 0.0349668 0.0118682 0.0297237 0.133782
0 0.635987 0.329434 0.0330732 0.0583625 0.133242
0 0.51316 0.298696 0.036269 0.0630797 0.132861
0 0.328262 0.531598 0.0120314 0.0240326 0.132712
0 0.813541 0.286561 0.0217194 0.0346294 0.132706
0 0.860036 0.351759 0.0119167 0.0207138 0.13208
0 0.260391 0.76086 0.0165592 0.0413993 0.132003
0 0.317041 0.171197 0.018125 0.0230024 0.131935
0 0.350198 0.182113 0.0123233 0.0202941 0.131336
0 0.105896 0.510661 0.0198355 0.0295049 0.131026
0 0.771939 0.275132 0.0180027 0.0394529 0.130988
0 0.980987 0.26157 0.0163818 0.0237112 0.130706
0 0.322084 0.311407 0.0165082 0.0349497 0.1302
0 0.978246 0.904753 0.0150198 0.0148204 0.12996
0 0.187973 0.698355 0.0160983 0.0294657 0.129426
0 0.56166 0.861428 0.0113346 0.0244059 0.129256
0 0.895964 0.457713 0.0204012 0.0373267 0.128996
0 0.575711 0.804848 0.0113801 0.0364865 0.128886
0 0.893691 0.455389 0.0184058 0.0325961 0.128653
0 0.635131 0.511126 0.0284972 0.0350285 0.12849
0 0.80852 0.132468 0.0193776 0.0432815 0.128431
0 0.810442 0.274968 0.0269468 0.0538056 0.128061
0 0.697048 0.171073 0.0134718 0.0260039 0.127908
0 0.190681 0.66911 0.0139329 0.0173809 0.127512
0 0.0287872 0.767727 0.0131121 0.0301146 0.127426
0 0.138693 0.946674 0.012357 0.0390011 0.127413
0 0.851365 0.721508 0.013632 0.0328505 0.127131
0 0.992663 0.935995 0.0143284 0.0295736 0.127129
0 0.0804658 0.0761419 0.0131723 0.0240669 0.126822
0 0.32377 0.429939 0.0199698 0.0312301 0.126431
0 0.416648 0.701387 0.0109646 0.0269709 0.126407
0 0.174568 0.670278 0.0153971 0.0179989 0.126318
0 0.587796 0.672923 0.0175614 0.0276111 0.126176
0 0.408344 0.477905 0.0120535 0.0400421 0.126125
0 0.409911 0.471424 0.0170852 0.0312232 0.125986
0 0.015395 0.447244 0.0231982 0.0361889 0.125771
0 0.193817 0.700392 0.0224064 0.0380876 0.125591
0 0.856923 0.84792 0.0223896 0.0418772 0.125187
0 0.189176 0.0112894 0.0165249 0.0219124 0.125182
0 0.917639 0.0510428 0.019705 0.0318197 0.12511
0 0.994458 0.380429 0.0110849 0.0318515 0.124976
0 0.237774 0.758925 0.0171016 0.0279821 0.124736
0 0.664114 0.761878 0.0151854 0.0319539 0.124679
0 0.0182043 0.577341 0.0232971 0.0413581 0.124597
0 0.081658 0.0726355 0.0124709 0.0208531 0.124535
0 0.982041 0.81206 0.0137117 0.0287791 0.124503
0 0.179373 0.854954 0.0150666 0.0334386 0.124263
0 0.478279 0.415762 0.0189833 0.0318176 0.123991
0 0.0960205 0.686423 0.0177754 0.0358276 0.123893
0 0.104095 0.498158 0.0206715 0.0451666 0.123874
0 0.7143 0.539899 0.0201736 0.0415792 0.123709
0 0.982965 0.757989 0.0119728 0.0376158 0.123564
0 0.251458 0.157479 0.0202931 0.0277597 0.123477
0 0.161588 0.0323258 0.0135435 0.0223972 0.12301
0 0.835249 0.637722 0.0232248 0.0383267 0.122924
0 0.759302 0.302763 0.0188345 0.0326265 0.122816
0 0.00844675 0.259795 0.0167762 0.0276992 0.122613
0 0.167923 0.915998 0.0154517 0.0388965 0.122564
0 0.660751 0.0390363 0.0197653 0.0345941 0.122488
0 0.493034 0.924106 0.0239574 0.0413606 0.122368
0 0.181509 0.80241 0.0133418 0.0331221 0.122255
0 0.834134 0.646589 0.0269215 0.0532208 0.122231
0 0.900901 0.469204 0.0174038 0.0195036 0.121834
0 0.119289 0.628742 0.0121199 0.0289464 0.121488
0 0.0345031 0.988856 0.0139291 0.0205817 0.121257
0 0.170051 0.00530961 0.0204135 0.0105785 0.121044
0 0.843898 0.802248 0.0151577 0.0225364 0.12083
0 0.152831 0.878472 0.0126278 0.0231079 0.120682
0 0.716008 0.340956 0.0209903 0.0321958 0.11943
0 0.411537 0.843297 0.0256893 0.0437798 0.119069
0 0.926219 0.403393 0.0151779 0.0356518 0.118924
0 0.540023 0.811902 0.0150771 0.0274802 0.118815
0 0.261849 0.297337 0.00860949 0.0225672 0.118761
0 0.437531 0.0394507 0.0191168 0.0292307 0.118659
0 0.267428 0.272353 0.0128815 0.0206034 0.118395
0 0.201401 0.00758772 0.0202346 0.0149226 0.118328
0 0.976818 0.174843 0.0148184 0.0303154 0.118236
0 0.198404 0.398622 0.0146705 0.0295272 0.118186
0 0.784875 0.0405957 0.0236198 0.0471098 0.117913
0 0.34849 0.181355 0.0143322 0.0174745 0.117891
0 0.941353 0.466757 0.0192925 0.0215754 0.117842
0 0.188943 0.842036 0.0125528 0.0233758 0.117467
0 0.937842 0.959692 0.0165904 0.0309191 0.11744
0 0.938794 0.501836 0.0224155 0.0391968 0.117384
0 0.939712 0.23312 0.0160793 0.0312065 0.117073
0 0.608186 0.78698 0.0127876 0.0226671 0.117051
0 0.711303 0.246617 0.0159185 0.0264976 0.116924
0 0.0480992 0.959783 0.0123805 0.0215317 0.116761
0 0.167794 0.0934354 0.0164154 0.018416 0.116534
0 0.889841 0.807594 0.014402 0.0341485 0.116494
0 0.27364 0.233581 0.0137211 0.0205939 0.116319
0 0.266978 0.350904 0.0192067 0.0315887 0.11621
0 0.559731 0.378571 0.0206831 0.0367896 0.116206
0 0.116519 0.250438 0.0200231 0.0360573 0.116124
0 0.365734 0.217034 0.016371 0.0369471 0.115979
0 0.333074 0.760923 0.0130383 0.0191396 0.115797
0 0.900091 0.245661 0.0124493 0.0266273 0.115272
0 0.128017 0.975274 0.0187602 0.0307003 0.115268
0 0.741619 0.404825 0.0150686 0.0277252 0.115035
0 0.721487 0.35395 0.014115 0.0240195 0.1149
0 0.42722 0.302481 0.0149245 0.0238728 0.114854
0 0.650344 0.244487 0.0146488 0.0254804 0.11461
0 0.066538 0.983697 0.0176468 0.0298451 0.114471
0 0.237989 0.062138 0.0161947 0.0287871 0.114267
0 0.1439 0.113703 0.0196906 0.0365706 0.114261
0 0.970227 0.17956 0.021759 0.037152 0.11423
0 0.744786 0.887184 0.0142725 0.0280345 0.114225
0 0.00716897 0.227995 0.0141051 0.0328747 0.114037
0 0.830035 0.664516 0.0278149 0.0441964 0.114013
0 0.27 0.921035 0.0137031 0.0279194 0.114007
0 0.108872 0.195555 0.0114388 0.0280233 0.113984
0 0.212949 0.755938 0.0148132 0.0191901 0.113729
0 0.376424 0.688313 0.0120605 0.027987 0.113305
0 0.840274 0.529547 0.0133785 0.0242527 0.113236
0 0.809967 0.458348 0.0182819 0.0330047 0.11305
0 0.801006 0.249823 0.0338167 0.0451907 0.112977
0 0.255594 0.90386 0.0120362 0.0316318 0.112922
0 0.111301 0.137348 0.0140584 0.0221114 0.112756
0 0.728625 0.493751 0.016742 0.0294353 0.112535
0 0.757542 0.964662 0.0129635 0.0243838 0.112454
0 0.923452 0.145286 0.0125265 0.0224288 0.112439
0 0.404813 0.412067 0.0175171 0.033756 0.112228
0 0.00843334 0.720303 0.00982452 0.0382107 0.112161
0 0.670796 0.0444498 0.0143148 0.0233976 0.111862
0 0.374772 0.287073 0.0114923 0.0263634 0.111734
0 0.925703 0.846612 0.0211906 0.0513828 0.111595
0 0.774547 0.866244 0.0166985 0.0275519 0.111477
0 0.078303 0.894281 0.0137536 0.023271 0.111473
0 0.907279 0.473366 0.0141735 0.0212097 0.110846
0 0.710168 0.548864 0.0192917 0.0395315 0.110564
0 0.982247 0.763224 0.00999088 0.0372721 0.109813
0 0.923273 0.27854 0.0174969 0.0343089 0.109693
0 0.190221 0.83746 0.0149584 0.0267409 0.109523
0 0.663236 0.757781 0.0177744 0.0265828 0.109271
0 0.520702 0.855739 0.0201744 0.0339484 0.108975
0 0.649046 0.246937 0.0140412 0.0211588 0.108719
0 0.233721 0.11564 0.0109632 0.0165591 0.108654
0 0.589058 0.639725 0.0162119 0.0299233 0.108508
0 0.737134 0.40275 0.0138863 0.0229401 0.108368
0 0.00434355 0.843156 0.00860652 0.0318702 0.10833
0 0.382984 0.456553 0.0101985 0.0191623 0.108301
0 0.986355 0.408514 0.0225483 0.031044 0.108078
0 0.731648 0.395505 0.0175264 0.0321333 0.108022
0 0.831551 0.400342 0.0156635 0.023318 0.107707
0 0.699571 0.0494808 0.0267548 0.0440273 0.107368
0 0.97733 0.112287 0.0198156 0.0389581 0.107367
0 0.204514 0.18804 0.0128938 0.0256141 0.106687
0 0.660975 0.734499 0.0163643 0.0192515 0.106604
0 0.386298 0.551383 0.0211949 0.0394896 0.106423
0 0.203819 0.00996053 0.0161522 0.018108 0.106419
0 0.264909 0.62449 0.0144979 0.0259809 0.106178
0 0.32383 0.572763 0.0196381 0.0337351 0.106149
0 0.997059 0.27328 0.00588284 0.0313053 0.106093
0 0.641424 0.509143 0.0180073 0.0326838 0.105999
0 0.397798 0.315786 0.0189119 0.0359669 0.105951
0 0.668265 0.580237 0.0145699 0.0337694 0.105923
0 0.15171 0.305809 0.0100423 0.0211036 0.105766
0 0.694847 0.754413 0.0185699 0.0348404 0.105763
0 0.0760048 0.56666 0.0177925 0.0347102 0.105725
0 0.934571 0.00796218 0.0184593 0.0153462 0.105692
0 0.642877 0.194803 0.0209025 0.0316314 0.105366
0 0.428606 0.735608 0.021019 0.0442617 0.105301
0 0.0105419 0.486998 0.016725 0.0318939 0.105215
0 0.989518 0.0661132 0.0209042 0.0453693 0.10514
0 0.742523 0.479143 0.0130353 0.0245853 0.105111
0 0.995565 0.89912 0.00887082 0.0281448 0.105104
0 0.918692 0.00450722 0.0199261 0.00876985 0.105062
0 0.255654 0.424112 0.0112189 0.0216987 0.104539
0 0.901378 0.921565 0.0112289 0.0211734 0.104339
0 0.293772 0.846378 0.00892124 0.0273392 0.104311
0 0.859165 0.856481 0.0213922 0.0354275 0.104243
0 0.869935 0.455973 0.0173767 0.032863 0.104085
0 0.759101 0.712282 0.0214244 0.0350423 0.103444
0 0.575961 0.0450478 0.013361 0.0303766 0.103393
0 0.203279 0.929345 0.0123495 0.0278151 0.103166
0 0.973062 0.362035 0.0232233 0.0452504 0.102971
0 0.0760811 0.73998 0.0136166 0.0268904 0.102777
0 0.388847 0.539891 0.0203857 0.048651 0.102663
0 0.174891 0.441163 0.0132707 0.0239609 0.102578
0 0.0843506 0.441162 0.0167072 0.0282101 0.102541
0 0.924131 0.612872 0.0152523 0.0177395 0.102451
0 0.682612 0.54623 0.0122542 0.0170197 0.102363
0 0.987627 0.142693 0.0190441 0.0252448 0.102233
0 0.746079 0.41547 0.0128752 0.0232613 0.102058
0 0.326867 0.203216 0.0106106 0.0370838 0.101871
0 0.252068 0.210598 0.0158637 0.0387332 0.101796
0 0.152385 0.691323 0.00811833 0.0291675 0.101762
0 0.293218 0.271225 0.0114921 0.0285528 0.101755
0 0.865785 0.801174 0.0199055 0.0346829 0.101581
0 0.162219 0.805566 0.0133289 0.0263509 0.101404
0 0.927408 0.83393 0.0183277 0.0355638 0.101376
0 0.704342 0.198681 0.0165709 0.0295301 0.10126
0 0.167066 0.79822 0.0207861 0.0388697 0.10112
0 0.344954 0.463661 0.0084446 0.0285573 0.100887
0 0.0289847 0.73091 0.0149256 0.020677 0.100855
0 0.128454 0.982285 0.018316 0.0271093 0.100701
0 0.697496 0.124149 0.0186312 0.0355841 0.10054
0 0.957918 0.0204611 0.0199872 0.0359603 0.100211
0 0.660803 0.771745 0.0214144 0.0399489 0.10014
