0 0.912752 0.770034 0.0579162 0.017532 0.69965
0 0.704139 0.60716 0.0640234 0.0205093 0.690841
0 0.684725 0.692017 0.048543 0.0167225 0.68447
0 0.0558165 0.0996404 0.0947324 0.032722 0.672389
0 0.403288 0.675079 0.0573505 0.0158399 0.670467
0 0.463856 0.617789 0.0575644 0.0205299 0.670287
0 0.552832 0.669842 0.0545272 0.0147468 0.668027
0 0.894924 0.568267 0.0479974 0.0178623 0.665626
0 0.154816 0.937594 0.0717267 0.0271583 0.664816
0 0.879917 0.800826 0.0497169 0.0182221 0.659782
0 0.685961 0.54951 0.0641084 0.0172554 0.657173
0 0.735236 0.576978 0.0559331 0.0177543 0.653792
0 0.74557 0.774247 0.049237 0.0155908 0.651914
0 0.865284 0.744335 0.0512448 0.0147659 0.649787
0 0.663729 0.945977 0.0711439 0.0273761 0.646709
0 0.805636 0.133273 0.0722362 0.0295786 0.646698
0 0.813443 0.716953 0.0474751 0.0172605 0.645111
0 0.847017 0.828708 0.0479618 0.0153101 0.644988
0 0.640367 0.524943 0.0490743 0.0200392 0.644194
0 0.897217 0.713059 0.0560845 0.0147116 0.643829
0 0.639193 0.666652 0.0564412 0.0179944 0.643577
0 0.819121 0.859379 0.0569782 0.0164034 0.642939
0 0.541696 0.613789 0.0582183 0.0182197 0.640955
0 0.668491 0.635596 0.0555482 0.0193155 0.640225
0 0.824291 0.631462 0.0590764 0.0225737 0.638828
0 0.965512 0.796725 0.0544582 0.0198412 0.638477
0 0.529477 0.698733 0.050216 0.0162912 0.638213
0 0.764371 0.547866 0.0546634 0.0159005 0.638146
0 0.748413 0.632768 0.0516353 0.0201387 0.636697
0 0.851158 0.542127 0.0517334 0.0184695 0.635576
0 0.882571 0.654308 0.0524764 0.0189894 0.634856
0 0.767674 0.832617 0.0477441 0.0159756 0.634422
0 0.975927 0.708654 0.0469631 0.0225583 0.634398
0 0.222981 0.927793 0.053607 0.0222446 0.632948
0 0.833419 0.771764 0.0569542 0.0175096 0.632179
0 0.914097 0.625826 0.0497375 0.0182007 0.631715
0 0.47728 0.672408 0.0506743 0.0149422 0.630607
0 0.650068 0.577662 0.047948 0.0195163 0.629704
0 0.273839 0.651289 0.0474616 0.0153827 0.628486
0 0.806613 0.515514 0.0472629 0.017203 0.628405
0 0.587969 0.494095 0.0616198 0.0182886 0.626805
0 0.79842 0.803351 0.0487143 0.0172424 0.625922
0 0.262777 0.105591 0.0606844 0.0250263 0.625039
0 0.620048 0.608481 0.0535182 0.0191902 0.623052
0 0.177927 0.960085 0.0533955 0.0231415 0.62131
0 0.853723 0.684674 0.0585263 0.0176716 0.620826
0 0.750989 0.486522 0.0550318 0.0174942 0.620269
0 0.380816 0.620087 0.0577543 0.0144428 0.618287
0 0.649734 0.719893 0.0506301 0.0159035 0.617959
0 0.767352 0.691192 0.0472287 0.0154245 0.615925
0 0.437077 0.647883 0.0516022 0.0170378 0.615759
0 0.783538 0.746738 0.0507085 0.0177242 0.614956
0 0.56326 0.52804 0.0540251 0.0197464 0.614325
0 0.656219 0.209946 0.0492817 0.0219938 0.614276
0 0.668657 0.490749 0.0562243 0.0199324 0.613556
0 0.817767 0.572477 0.0593681 0.0183466 0.612053
0 0.600246 0.694102 0.0469318 0.013491 0.61163
0 0.623926 0.466241 0.0536386 0.0196344 0.609362
0 0.863559 0.600762 0.0507296 0.0210939 0.607348
0 0.974643 0.654375 0.0467173 0.0186456 0.606433
0 0.57184 0.724087 0.0461539 0.0140505 0.60642
0 0.784138 0.603671 0.0501995 0.0185119 0.605468
0 0.781833 0.889494 0.0536299 0.0148788 0.605309
0 0.0764755 0.165422 0.0439505 0.0158743 0.6049
0 0.733393 0.717355 0.0504397 0.0157659 0.604138
0 0.931467 0.828103 0.0471012 0.0180631 0.604122
0 0.119725 0.768717 0.0626363 0.0231639 0.60126
0 0.570317 0.5833 0.0502186 0.0176105 0.597818
0 0.715676 0.664142 0.0455791 0.0158899 0.595258
0 0.950349 0.738988 0.049049 0.01418 0.594745
0 0.897064 0.85514 0.0546721 0.0158157 0.594394
0 0.51276 0.641513 0.0563312 0.013105 0.592117
0 0.301398 0.621751 0.0466029 0.0147287 0.591049
0 0.526548 0.556647 0.0439691 0.0165411 0.59065
0 0.605398 0.553917 0.0513892 0.0166605 0.588072
0 0.322603 0.678479 0.0577468 0.0153469 0.587896
0 0.350969 0.651771 0.044278 0.0165412 0.587294
0 0.458514 0.703295 0.0484842 0.0164186 0.585729
0 0.113294 0.342576 0.0504002 0.0178539 0.584639
0 0.929359 0.683369 0.0528292 0.0166094 0.581964
0 0.95103 0.593809 0.0499879 0.0179364 0.581685
0 0.737468 0.862799 0.0483634 0.0135891 0.579516
0 0.702193 0.461309 0.0486137 0.0196261 0.578902
0 0.112061 0.3965 0.04112 0.0155415 0.576718
0 0.687024 0.8358 0.0507937 0.0170696 0.57603
0 0.411775 0.590512 0.0563018 0.0191377 0.573704
0 0.588437 0.639767 0.0482931 0.0168988 0.571881
0 0.70945 0.962553 0.0442209 0.0189436 0.56903
0 0.143773 0.319693 0.0524808 0.0185957 0.567807
0 0.43832 0.558128 0.0548916 0.0148816 0.566923
0 0.974492 0.566267 0.0455747 0.0135845 0.562918
0 0.33957 0.590557 0.0488679 0.0166243 0.56114
0 0.66653 0.777929 0.0557992 0.0130213 0.555715
0 0.110388 0.1456 0.0447773 0.0175291 0.554725
0 0.0499645 0.386989 0.0451258 0.013557 0.554031
0 0.719166 0.519156 0.0501135 0.0152737 0.548704
0 0.709676 0.749028 0.045092 0.0116218 0.547364
0 0.501986 0.729994 0.0448261 0.0137665 0.546179
0 0.869898 0.0508053 0.0837227 0.0319051 0.545767
0 0.469173 0.774156 0.0720548 0.0256966 0.542849
0 0.237335 0.674565 0.0613802 0.0249806 0.54103
0 0.176857 0.295103 0.0486357 0.0172583 0.539138
0 0.47803 0.531196 0.0449992 0.0179325 0.535528
0 0.177139 0.898853 0.0583408 0.0239974 0.535402
0 0.283669 0.0144881 0.0457344 0.0153576 0.532629
0 0.659666 0.438844 0.0412815 0.0139685 0.532361
0 0.140557 0.374297 0.0433724 0.0150934 0.530715
0 0.229255 0.0213539 0.0395324 0.0136995 0.528968
0 0.0824977 0.36452 0.0467567 0.0158457 0.524237
0 0.509437 0.502304 0.0528091 0.0195264 0.52406
0 0.0821799 0.419038 0.0409018 0.0135878 0.523592
0 0.519889 0.129983 0.0519178 0.0209574 0.521293
0 0.852701 0.884329 0.045594 0.0139185 0.518576
0 0.128063 0.175687 0.047011 0.014893 0.511975
0 0.0226721 0.156613 0.0413909 0.0140574 0.511876
0 0.262927 0.284259 0.0513454 0.0167828 0.50931
0 0.554154 0.476498 0.0472343 0.0169659 0.50895
0 0.222018 0.98822 0.0513561 0.0203835 0.504864
0 0.273047 0.0403273 0.0412963 0.0118827 0.502886
0 0.663824 0.856648 0.0442688 0.0199154 0.48951
0 0.171113 0.351893 0.0439857 0.014515 0.488735
0 0.0242648 0.405984 0.0414464 0.013926 0.48573
0 0.712368 0.804423 0.0564575 0.0121988 0.483997
0 0.847957 0.40161 0.0392649 0.0127261 0.48341
0 0.987945 0.620781 0.023575 0.0206697 0.480955
0 0.0405907 0.188243 0.0432975 0.0146569 0.474186
0 0.23469 0.9534 0.0608639 0.0271171 0.472147
0 0.780122 0.457002 0.0350392 0.0123103 0.471825
0 0.270836 0.229438 0.0482238 0.0177688 0.463803
0 0.0557287 0.33039 0.0465458 0.0156165 0.454695
0 0.0498046 0.441956 0.0467825 0.0134927 0.454603
0 0.325327 0.241564 0.0500793 0.0172903 0.452003
0 0.61005 0.751778 0.0493018 0.0144809 0.45138
0 0.720718 0.903579 0.0533133 0.0210815 0.44859
0 0.638297 0.97314 0.0527017 0.020337 0.447753
0 0.0177823 0.266129 0.0355646 0.0159594 0.444275
0 0.204734 0.274592 0.0455763 0.0153612 0.442474
0 0.946952 0.0542138 0.0492357 0.0211545 0.441016
0 0.230299 0.622595 0.0453056 0.0158371 0.438917
0 0.285832 0.373356 0.040984 0.0139953 0.438524
0 0.144321 0.431888 0.0416446 0.0138947 0.433745
0 0.583276 0.802705 0.056616 0.0209858 0.432087
0 0.349163 0.327674 0.0479283 0.0149579 0.427344
0 0.0438619 0.0416008 0.0412945 0.0129886 0.426336
0 0.318741 0.351782 0.0466778 0.0153622 0.422985
0 0.377255 0.30529 0.0463104 0.014567 0.420342
0 0.989555 0.679347 0.0203078 0.0170469 0.41857
0 0.17687 0.00524247 0.042721 0.010417 0.417474
0 0.348706 0.00739994 0.0444973 0.01359 0.416953
0 0.628819 0.0049102 0.0896838 0.00978943 0.413641
0 0.853081 0.456574 0.0377781 0.0118834 0.405479
0 0.750467 0.969889 0.043621 0.0165369 0.403364
0 0.987237 0.057256 0.025527 0.0266218 0.402894
0 0.940804 0.394224 0.0427867 0.0137528 0.399291
0 0.173106 0.409964 0.0433893 0.0164562 0.39854
0 0.911856 0.481423 0.0444303 0.0116274 0.398522
0 0.299588 0.205255 0.0468868 0.0157146 0.398337
0 0.941404 0.0951635 0.0562431 0.0220245 0.398328
0 0.0508303 0.135008 0.0413687 0.0149884 0.394483
0 0.982866 0.132243 0.0332505 0.046159 0.393324
0 0.952081 0.454195 0.0401062 0.0137705 0.391276
0 0.205663 0.329152 0.0334996 0.0117077 0.389695
0 0.929038 0.536323 0.0417552 0.0138823 0.387221
0 0.475313 0.235032 0.0554422 0.0210549 0.386761
0 0.312846 0.569575 0.0521986 0.0188353 0.384572
0 0.718276 0.990955 0.0784167 0.0180905 0.383241
0 0.0996216 0.200703 0.0430063 0.0134461 0.373573
0 0.0653402 0.275609 0.0424464 0.0156428 0.367112
0 0.408532 0.00312316 0.0390568 0.00623127 0.359945
0 0.121712 0.28617 0.0405554 0.0156153 0.359661
0 0.39428 0.875894 0.0403415 0.0158081 0.357276
0 0.0352441 0.90386 0.0680188 0.0371025 0.357165
0 0.48504 0.58746 0.042154 0.0120303 0.355055
0 0.141402 0.4862 0.0429381 0.0156732 0.353052
0 0.186439 0.0629845 0.0425537 0.0164671 0.351428
0 0.971503 0.84868 0.0496197 0.0138791 0.348633
0 0.965341 0.512152 0.0457446 0.0113857 0.33182
0 0.356884 0.215241 0.0535872 0.0184656 0.331081
0 0.436296 0.261704 0.0581166 0.0217247 0.328112
0 0.231229 0.307425 0.0424508 0.013143 0.327152
0 0.872736 0.517601 0.045196 0.0129454 0.32035
0 0.556054 0.825214 0.0394268 0.0158369 0.320145
0 0.890607 0.423793 0.0434987 0.0141481 0.315065
0 0.232859 0.252231 0.0515638 0.0122735 0.301945
0 0.433715 0.122904 0.048379 0.0162189 0.294103
0 0.733916 0.437703 0.0518094 0.0170547 0.288443
0 0.0237591 0.065153 0.0418603 0.0118361 0.285441
0 0.0690401 0.221728 0.0367858 0.0140929 0.282103
0 0.0402711 0.244099 0.0397605 0.0156313 0.28168
0 0.038897 0.90816 0.0672968 0.0276359 0.277906
0 0.878069 0.0857377 0.0553989 0.0193765 0.274633
0 0.456103 0.497839 0.0385807 0.0156976 0.27337
0 0.16266 0.028187 0.0363846 0.0108187 0.272728
0 0.908779 0.071489 0.0555043 0.0202584 0.271728
0 0.287503 0.318478 0.0435129 0.011415 0.267267
0 0.349961 0.115593 0.0480401 0.0139509 0.25861
0 0.799338 0.660397 0.044167 0.0158877 0.251715
0 0.00896882 0.0246809 0.0179376 0.0118093 0.248484
0 0.00870923 0.428876 0.0174185 0.0191156 0.245286
0 0.725924 0.0414603 0.0507597 0.0194441 0.244561
0 0.50939 0.213761 0.0609247 0.0249667 0.230401
0 0.0867443 0.0607214 0.0386116 0.0109535 0.226393
0 0.483902 0.257486 0.0707838 0.0290456 0.222878
0 0.161431 0.154276 0.0447926 0.0152899 0.216871
0 0.0145908 0.209398 0.0287334 0.0128321 0.216119
0 0.119913 0.011595 0.0402466 0.0127785 0.20774
0 0.256235 0.395161 0.0440949 0.0141817 0.204585
0 0.403968 0.525066 0.0498401 0.0187185 0.204355
0 0.187024 0.0633068 0.0528972 0.0209105 0.203095
0 0.294272 0.261492 0.0472768 0.0160305 0.200923
0 0.986144 0.679453 0.0275985 0.0180449 0.19635
0 0.985651 0.762374 0.0284347 0.0182664 0.195461
0 0.228799 0.363581 0.0431536 0.0102907 0.188799
0 0.53943 0.236945 0.0777541 0.0281879 0.18845
0 0.109374 0.452242 0.0390484 0.0118568 0.188054
0 0.136178 0.124124 0.041999 0.0134011 0.18734
0 0.00888823 0.234115 0.0177765 0.0161808 0.178788
0 0.694641 0.892297 0.0695139 0.0293224 0.178403
0 0.70875 0.900509 0.0753792 0.0288256 0.177709
0 0.0156013 0.00241522 0.0282117 0.00481224 0.177499
0 0.24432 0.195386 0.0485031 0.020941 0.171996
0 0.0802041 0.611152 0.05633 0.0206204 0.171189
0 0.408288 0.00432076 0.0426015 0.00837623 0.16865
0 0.88233 0.0799325 0.0654784 0.0292983 0.168353
0 0.367198 0.551163 0.0442876 0.012915 0.150377
0 0.793627 0.0456198 0.0468137 0.0199967 0.148878
0 0.993262 0.475541 0.0129519 0.0119607 0.146906
0 0.0943062 0.255267 0.0486363 0.0202271 0.146756
0 0.248161 0.711816 0.0575008 0.0254877 0.146197
0 0.20287 0.387659 0.0414651 0.0143167 0.144889
0 0.0122699 0.23448 0.0227518 0.0171616 0.144295
0 0.981214 0.125427 0.0369713 0.060903 0.137697
0 0.109968 0.460437 0.0510428 0.0172217 0.131569
0 0.322678 0.350741 0.0528202 0.0201177 0.126771
0 0.371457 0.498771 0.0487915 0.0179694 0.117845
0 0.97381 0.00205383 0.0464435 0.00409402 0.115767
0 0.983374 0.417438 0.0332183 0.0120264 0.113276
0 0.244871 0.412725 0.0686504 0.023094 0.11322
0 0.351716 0.327824 0.0544713 0.0197381 0.112209
0 0.383205 0.975311 0.0561198 0.0225891 0.111808
0 0.261827 0.342484 0.0414413 0.0106964 0.111279
0 0.206304 0.32961 0.0409069 0.0142953 0.111174
0 0.299293 0.94242 0.0514168 0.0223154 0.108208
0 0.984912 0.774402 0.0300401 0.012204 0.103053
0 0.393117 0.875865 0.0482653 0.0193384 0.102261
0 0.900909 0.0727949 0.0701432 0.0224434 0.101106
0 0.712116 0.359086 0.0406994 0.0150486 0.101076
0 0.948279 0.0924947 0.0676112 0.0282045 0.101065
0 0.14708 0.433182 0.0541773 0.0199666 0.100054
