0 0.776911 0.759599 0.0282393 0.0519999 0.72044
0 0.801904 0.471119 0.0233292 0.0478333 0.699152
0 0.950443 0.352629 0.0263119 0.048129 0.693323
0 0.45814 0.404843 0.0246384 0.0592077 0.691026
0 0.0572828 0.229366 0.0246284 0.039026 0.686682
0 0.424987 0.231429 0.0263205 0.0480855 0.685881
0 0.347334 0.428057 0.0219265 0.0391937 0.677669
0 0.300638 0.731642 0.0206933 0.0331468 0.666384
0 0.120999 0.917738 0.0220438 0.039406 0.665323
0 0.781919 0.615599 0.0210066 0.0383549 0.662766
0 0.26335 0.342477 0.018384 0.0326991 0.662336
0 0.442917 0.579303 0.0196527 0.0303635 0.660643
0 0.322726 0.228073 0.0204807 0.0331783 0.659859
0 0.382711 0.0341617 0.0277335 0.0484802 0.658305
0 0.36252 0.157842 0.0240164 0.0488501 0.655858
0 0.457768 0.466139 0.0247486 0.0426001 0.655375
0 0.376814 0.346224 0.0188162 0.0342915 0.654722
0 0.913284 0.179752 0.0243312 0.0493733 0.651792
0 0.337174 0.291873 0.028095 0.0485737 0.65126
0 0.385388 0.269379 0.0251238 0.0422383 0.650265
0 0.559575 0.126109 0.0213977 0.035246 0.650224
0 0.526314 0.815658 0.0217325 0.039073 0.647849
0 0.311056 0.569477 0.0253503 0.0452805 0.646125
0 0.741933 0.709384 0.021987 0.0404091 0.641002
0 0.307497 0.422444 0.0200381 0.0290466 0.640203
0 0.898385 0.246386 0.0319294 0.0619965 0.638158
0 0.456462 0.681552 0.0223131 0.042627 0.63662
0 0.712809 0.398912 0.0238941 0.040524 0.636531
0 0.164286 0.647162 0.0181429 0.0293713 0.636043
0 0.550133 0.340156 0.0277714 0.0453112 0.63604
0 0.570492 0.0200212 0.0229887 0.0393515 0.63595
0 0.630594 0.542329 0.0215724 0.0352878 0.634903
0 0.430155 0.486079 0.0184336 0.0290437 0.634318
0 0.516107 0.517861 0.025807 0.0429248 0.633873
0 0.204834 0.593487 0.0191082 0.0343687 0.633664
0 0.373867 0.308463 0.0159344 0.0276359 0.633515
0 0.345445 0.20668 0.0222291 0.0324462 0.63328
0 0.168181 0.0370668 0.0246277 0.0419025 0.632308
0 0.568202 0.899849 0.0161303 0.0323252 0.630948
0 0.717763 0.701249 0.0178506 0.0294552 0.628317
0 0.0749695 0.79581 0.0214526 0.0331952 0.627966
0 0.515296 0.0169186 0.019366 0.032507 0.627526
0 0.143051 0.132886 0.0197927 0.0316919 0.627374
0 0.171717 0.174118 0.0218591 0.0437173 0.626426
0 0.628493 0.478272 0.0227231 0.0331924 0.625845
0 0.690749 0.797313 0.0195876 0.0423031 0.625783
0 0.0988524 0.672339 0.0184173 0.0337137 0.625511
0 0.754384 0.90233 0.021022 0.0385986 0.625082
0 0.706137 0.667068 0.0200109 0.0335253 0.624746
0 0.193806 0.53602 0.0178733 0.0369623 0.624576
0 0.47629 0.559889 0.0242804 0.0369755 0.621635
0 0.855727 0.158699 0.0166704 0.0300347 0.619799
0 0.607504 0.607634 0.0209959 0.0373927 0.619391
0 0.41319 0.0568127 0.0239893 0.0362268 0.618815
0 0.194792 0.639161 0.0172981 0.0289017 0.617256
0 0.2349 0.920665 0.0184476 0.0327013 0.616073
0 0.850906 0.811635 0.0144901 0.0210337 0.615679
0 0.15332 0.0804197 0.0216951 0.0337795 0.615463
0 0.379436 0.218912 0.0210365 0.0354298 0.614665
0 0.170514 0.22122 0.0197885 0.0353729 0.614655
0 0.834259 0.379229 0.0174091 0.032171 0.614549
0 0.167743 0.124212 0.0212552 0.0311741 0.614367
0 0.634697 0.983125 0.01852 0.0322704 0.613872
0 0.864342 0.115925 0.016943 0.0282542 0.613452
0 0.716359 0.96336 0.0225433 0.0423066 0.613416
0 0.392321 0.936261 0.0161043 0.0379165 0.613288
0 0.623616 0.356658 0.0197825 0.0294536 0.611246
0 0.464122 0.341612 0.0209816 0.0380801 0.608271
0 0.82482 0.114758 0.0250706 0.04182 0.60817
0 0.54766 0.779217 0.0174031 0.035339 0.606285
0 0.851604 0.77768 0.0150007 0.0201623 0.606258
0 0.358624 0.795201 0.0215087 0.0345289 0.605854
0 0.424896 0.282306 0.0239909 0.0368518 0.604881
0 0.197701 0.0335894 0.0275898 0.0427286 0.603984
0 0.620138 0.245111 0.0230434 0.041291 0.600468
0 0.675517 0.863047 0.0153309 0.0305379 0.600122
0 0.397277 0.322184 0.0212803 0.0453863 0.598038
0 0.835431 0.163659 0.0177147 0.03274 0.597839
0 0.226564 0.522657 0.0187937 0.0329961 0.597064
0 0.15093 0.206459 0.0148958 0.0284096 0.596858
0 0.183897 0.707376 0.0180885 0.0271743 0.595827
0 0.0699708 0.170655 0.0218276 0.0299659 0.595747
0 0.26249 0.917135 0.0176157 0.0332248 0.595464
0 0.492201 0.0483608 0.0179138 0.032228 0.595144
0 0.162499 0.294221 0.0239771 0.0366837 0.594958
0 0.29051 0.256836 0.0173845 0.0282538 0.594727
0 0.511723 0.308784 0.0190065 0.0356108 0.594652
0 0.249776 0.815782 0.0172776 0.0288045 0.593685
0 0.0124495 0.11896 0.0195825 0.0320281 0.593224
0 0.790223 0.17123 0.0157281 0.0267692 0.592844
0 0.0540512 0.0642539 0.0172826 0.0416784 0.592792
0 0.091535 0.885708 0.0215242 0.0312827 0.59154
0 0.117711 0.541989 0.0193969 0.0336948 0.589992
0 0.35959 0.738363 0.0192991 0.0336104 0.587044
0 0.74139 0.621257 0.0169453 0.0330222 0.586748
0 0.898658 0.876236 0.0147596 0.0237133 0.584819
0 0.351085 0.0401828 0.0204215 0.03747 0.584814
0 0.496674 0.789863 0.0299355 0.0477624 0.582915
0 0.140325 0.415303 0.0146079 0.0269462 0.582647
0 0.417538 0.440125 0.0159351 0.0306096 0.58259
0 0.159613 0.791384 0.0157246 0.0266785 0.582492
0 0.414649 0.0993224 0.0224445 0.0294217 0.579564
0 0.32509 0.176026 0.0168706 0.0284504 0.577951
0 0.0663226 0.686803 0.0209723 0.0314701 0.57641
0 0.824637 0.232546 0.0156714 0.0296384 0.575715
0 0.900393 0.840246 0.0153065 0.0200477 0.575253
0 0.547766 0.81662 0.0178975 0.0328793 0.57513
0 0.149923 0.960654 0.0234442 0.0492901 0.573991
0 0.143007 0.666948 0.0193177 0.0375405 0.573426
0 0.844657 0.91983 0.0145184 0.0233307 0.570647
0 0.649176 0.367365 0.0145241 0.0215334 0.569862
0 0.646545 0.705976 0.0158875 0.0271884 0.569811
0 0.266452 0.196749 0.019688 0.0326314 0.569296
0 0.616364 0.930119 0.0176029 0.0320638 0.568154
0 0.240915 0.357956 0.0204432 0.035567 0.567951
0 0.556451 0.268205 0.0232381 0.0407797 0.567282
0 0.52725 0.914544 0.0223666 0.0327318 0.567103
0 0.797901 0.228452 0.0187117 0.0288741 0.566203
0 0.694405 0.91153 0.0323505 0.0516178 0.566036
0 0.300759 0.169788 0.0196412 0.0360365 0.565834
0 0.483866 0.964186 0.0188524 0.0295471 0.565054
0 0.278996 0.133627 0.0215526 0.0366492 0.564858
0 0.865898 0.831335 0.0131821 0.02149 0.564645
0 0.911984 0.124156 0.0181744 0.0307976 0.563999
0 0.302517 0.628185 0.0198571 0.0349545 0.561915
0 0.118903 0.852674 0.024574 0.0524258 0.561608
0 0.555699 0.858159 0.0182501 0.0317834 0.561098
0 0.330942 0.607889 0.0192399 0.032647 0.561061
0 0.264497 0.259644 0.0196911 0.0328185 0.559931
0 0.403158 0.638262 0.0179826 0.0324563 0.559357
0 0.835535 0.754884 0.0148899 0.0226766 0.559325
0 0.155325 0.718601 0.0175119 0.0285116 0.559245
0 0.217533 0.313151 0.020643 0.0345847 0.559002
0 0.204579 0.449019 0.0143447 0.0262504 0.55486
0 0.525461 0.241584 0.0138542 0.0276982 0.55311
0 0.720629 0.6287 0.0170496 0.0316082 0.552037
0 0.7787 0.432636 0.0158752 0.0322282 0.552027
0 0.308962 0.263476 0.0140993 0.0234778 0.551586
0 0.476049 0.28275 0.0195204 0.0321145 0.550875
0 0.057144 0.337576 0.0186896 0.0368109 0.550702
0 0.49589 0.362449 0.0181362 0.0336068 0.550579
0 0.0200551 0.149381 0.0141933 0.029572 0.549689
0 0.611436 0.387045 0.0142189 0.0219822 0.549206
0 0.417497 0.899365 0.0154684 0.0228895 0.546896
0 0.142398 0.45666 0.0158142 0.0292275 0.545646
0 0.691744 0.746999 0.01677 0.0280185 0.543996
0 0.897081 0.910848 0.0139671 0.0184368 0.543122
0 0.730664 0.861703 0.0190763 0.0334909 0.542788
0 0.124006 0.464739 0.0126398 0.0272432 0.542389
0 0.492562 0.435299 0.0134666 0.022325 0.542317
0 0.877571 0.963655 0.0135273 0.0205406 0.542063
0 0.23844 0.0704394 0.0244699 0.03854 0.541544
0 0.478113 0.614013 0.0204975 0.0359415 0.541257
0 0.20174 0.412226 0.0145212 0.0226673 0.541055
0 0.575333 0.714915 0.0170888 0.0330902 0.540633
0 0.864471 0.868208 0.0143341 0.0217916 0.540163
0 0.654988 0.120706 0.012684 0.0172992 0.538205
0 0.0200769 0.662147 0.0158853 0.0303677 0.537953
0 0.349624 0.610216 0.0182523 0.0332063 0.537683
0 0.335007 0.875471 0.0233107 0.0372386 0.536579
0 0.867992 0.796654 0.0141808 0.0185465 0.536449
0 0.482807 0.409809 0.0135532 0.0270309 0.536316
0 0.125635 0.745618 0.0167208 0.0292294 0.536313
0 0.592139 0.146297 0.0184265 0.02829 0.536084
0 0.663959 0.70951 0.0120055 0.0237969 0.536006
0 0.401047 0.22462 0.0173956 0.031466 0.535392
0 0.485264 0.66481 0.0260519 0.0487634 0.535342
0 0.0347062 0.909745 0.0188771 0.0269365 0.535155
0 0.0707777 0.928687 0.0192789 0.0318108 0.534906
0 0.276177 0.831419 0.0177875 0.0288072 0.534902
0 0.193214 0.674207 0.0141028 0.0237683 0.534576
0 0.775863 0.134554 0.0159695 0.0233137 0.534383
0 0.890341 0.709464 0.0134041 0.020829 0.532423
0 0.285922 0.576622 0.0139385 0.0274245 0.531998
0 0.729403 0.821152 0.0174244 0.0360239 0.531476
0 0.885373 0.782645 0.0142349 0.0200033 0.53045
0 0.770738 0.656335 0.0144271 0.0250571 0.530048
0 0.859758 0.0167746 0.0251377 0.0335492 0.529051
0 0.88542 0.399171 0.0305458 0.0546726 0.527346
0 0.847162 0.846821 0.013274 0.0221307 0.526413
0 0.0845825 0.633848 0.0245134 0.0350389 0.526381
0 0.504243 0.476748 0.0187373 0.035517 0.525908
0 0.0934593 0.234721 0.0156938 0.0341485 0.524317
0 0.816219 0.185906 0.0204376 0.0362052 0.524217
0 0.0160507 0.586367 0.0261156 0.0504317 0.522225
0 0.0707039 0.0269098 0.0128133 0.0239573 0.519095
0 0.816655 0.734284 0.0135441 0.0203668 0.516812
0 0.884664 0.817972 0.0129331 0.0213572 0.516717
0 0.146877 0.526323 0.019025 0.032949 0.515512
0 0.676531 0.277449 0.0131285 0.0180656 0.512946
0 0.887115 0.0175317 0.0144283 0.0348989 0.512303
0 0.30276 0.294667 0.0179416 0.0255223 0.511034
0 0.854767 0.55386 0.0352957 0.0657484 0.511033
0 0.657509 0.776567 0.0154252 0.0207407 0.510119
0 0.8425 0.956932 0.0150829 0.0215268 0.51008
0 0.326867 0.693908 0.015175 0.0278344 0.509724
0 0.872222 0.724104 0.0121216 0.0184601 0.509017
0 0.647294 0.0863944 0.0123496 0.018935 0.508505
0 0.635679 0.647363 0.0226818 0.0411611 0.508093
0 0.923228 0.244801 0.0156067 0.027209 0.50794
0 0.880477 0.887983 0.0149635 0.0193949 0.507758
0 0.83656 0.721105 0.0136028 0.0210788 0.507626
0 0.430062 0.784102 0.0228138 0.0403681 0.5071
0 0.22053 0.950163 0.0227931 0.0336093 0.506387
0 0.860983 0.94142 0.012862 0.0177368 0.506155
0 0.38798 0.385008 0.0163903 0.0249039 0.50593
0 0.642412 0.817022 0.0142502 0.0237462 0.504879
0 0.666685 0.0897928 0.0125217 0.0194397 0.504327
0 0.293088 0.226008 0.0189389 0.0276803 0.503772
0 0.854759 0.703981 0.0125355 0.0170678 0.501632
0 0.668372 0.245534 0.0122267 0.0184282 0.501067
0 0.928462 0.989055 0.0142422 0.0200776 0.500965
0 0.00385937 0.854233 0.00771873 0.033696 0.500893
0 0.902865 0.804347 0.0140789 0.0207323 0.500635
0 0.918411 0.824903 0.0143456 0.0163927 0.500415
0 0.534613 0.203472 0.0130592 0.025347 0.500201
0 0.339573 0.722733 0.0171915 0.0305318 0.49999
0 0.85342 0.743816 0.013512 0.0233951 0.499925
0 0.880033 0.925932 0.0143726 0.0205582 0.499829
0 0.0304489 0.346849 0.0182805 0.0364742 0.499526
0 0.00758493 0.391251 0.0146624 0.0321477 0.497896
0 0.81444 0.770114 0.0138245 0.0218998 0.497271
0 0.591463 0.392316 0.0196186 0.0370189 0.49516
0 0.659804 0.214928 0.0113632 0.0181356 0.494828
0 0.245555 0.983478 0.0205032 0.0320014 0.493891
0 0.758652 0.075632 0.0123376 0.0177092 0.493649
0 0.0909553 0.0203635 0.0234676 0.039651 0.492028
0 0.832832 0.792036 0.0149223 0.018497 0.490065
0 0.205616 0.694089 0.0189018 0.0292384 0.490009
0 0.840689 0.650139 0.0122864 0.0200857 0.489447
0 0.323878 0.392633 0.0163038 0.0284491 0.489043
0 0.0208957 0.833946 0.0194891 0.0322596 0.488682
0 0.21418 0.780872 0.0166278 0.0307098 0.48847
0 0.972606 0.812757 0.0148735 0.0233254 0.487749
0 0.766567 0.104717 0.0124106 0.0182762 0.48715
0 0.910465 0.968851 0.0151375 0.0187129 0.486426
0 0.796798 0.0773721 0.0120174 0.0183138 0.485806
0 0.709772 0.190064 0.0134171 0.0214564 0.484309
0 0.683951 0.317629 0.0173664 0.0307402 0.483066
0 0.486913 0.246519 0.0165731 0.0258685 0.482842
0 0.947622 0.976508 0.0135532 0.0201366 0.482083
0 0.436049 0.435311 0.0201782 0.0372928 0.481894
0 0.045959 0.181007 0.0171728 0.0337215 0.481792
0 0.254889 0.107403 0.0207363 0.0261997 0.481394
0 0.827672 0.309569 0.0138529 0.0258895 0.480422
0 0.657725 0.275358 0.0112984 0.0197323 0.480077
0 0.569221 0.767597 0.0238682 0.0443251 0.479576
0 0.432482 0.96635 0.0165113 0.0273071 0.475896
0 0.664468 0.15148 0.0125441 0.019016 0.475695
0 0.747518 0.983828 0.0247911 0.0316247 0.474617
0 0.770761 0.0431844 0.0112625 0.0188232 0.474501
0 0.665636 0.306624 0.0120714 0.0194035 0.474105
0 0.121725 0.214801 0.0240648 0.035031 0.473886
0 0.239313 0.191472 0.0224252 0.0356817 0.473341
0 0.360492 0.690154 0.0250415 0.0357691 0.472729
0 0.639409 0.054408 0.0127014 0.0187099 0.472156
0 0.916643 0.859727 0.0132893 0.0189272 0.471346
0 0.629302 0.309669 0.0155918 0.0293096 0.471012
0 0.954152 0.826492 0.0135635 0.0188878 0.469699
0 0.126745 0.350786 0.0185045 0.0293608 0.467886
0 0.846927 0.100817 0.013915 0.0238581 0.467858
0 0.230853 0.421608 0.0212485 0.0267812 0.467695
0 0.445214 0.834058 0.0249484 0.0373345 0.467025
0 0.138715 0.492189 0.0228245 0.0312374 0.465721
0 0.602147 0.703166 0.0286247 0.0446633 0.465251
0 0.971991 0.851488 0.0144764 0.0222792 0.465146
0 0.741253 0.464488 0.0145983 0.0294341 0.464536
0 0.672154 0.182881 0.0117137 0.0184001 0.464502
0 0.191633 0.173056 0.0166842 0.032641 0.464441
0 0.652214 0.181696 0.0102559 0.0189824 0.464244
0 0.801218 0.0172672 0.0138493 0.0209117 0.462955
0 0.80383 0.985622 0.0149532 0.0213725 0.462282
0 0.304003 0.684221 0.0139255 0.0282989 0.462072
0 0.679216 0.216111 0.0113686 0.0185347 0.460404
0 0.845569 0.885872 0.0145422 0.0200251 0.45984
0 0.812852 0.843982 0.015799 0.0182631 0.458731
0 0.288051 0.0440828 0.017884 0.0271912 0.45863
0 0.542192 0.886198 0.0140079 0.0262036 0.458105
0 0.809 0.0505614 0.0132301 0.0182389 0.457621
0 0.751821 0.536599 0.0166203 0.0353374 0.457487
0 0.921012 0.788643 0.0132816 0.0182766 0.456814
0 0.635089 0.118507 0.010989 0.0181737 0.454153
0 0.651152 0.560335 0.0225029 0.0406892 0.452123
0 0.00350983 0.355785 0.0069736 0.0326166 0.451434
0 0.837929 0.684792 0.0126432 0.0191054 0.451408
0 0.38195 0.580312 0.0343046 0.0472847 0.451191
0 0.354814 0.111443 0.0222158 0.0330764 0.450697
0 0.767804 0.54813 0.0194905 0.0276135 0.449904
0 0.778074 0.0737625 0.0124572 0.0163982 0.44968
0 0.133465 0.301189 0.0239013 0.0305663 0.449159
0 0.0504965 0.621824 0.024678 0.0357137 0.446541
0 0.72281 0.126646 0.0186303 0.0329205 0.444263
0 0.638103 0.39223 0.0106519 0.0303541 0.44291
0 0.48943 0.932785 0.0117062 0.0218228 0.442841
0 0.691987 0.185838 0.0106965 0.0190131 0.440445
0 0.0213051 0.937146 0.020242 0.0334882 0.439522
0 0.863014 0.904648 0.0150105 0.0183156 0.439503
0 0.893739 0.986615 0.0153023 0.0212033 0.438492
0 0.684458 0.154188 0.0106918 0.0190014 0.437617
0 0.0462938 0.430836 0.0262513 0.048555 0.437083
0 0.823426 0.971336 0.0133082 0.0202203 0.435212
0 0.824825 0.935084 0.0148092 0.0210951 0.433931
0 0.670349 0.0270763 0.0119543 0.0199873 0.433552
0 0.818817 0.700766 0.0143013 0.019529 0.43339
0 0.883707 0.856097 0.0147339 0.0178874 0.432904
0 0.166941 0.978951 0.0179794 0.0356035 0.43268
0 0.00982526 0.498408 0.0195053 0.0327758 0.432542
0 0.652353 0.0248331 0.0108985 0.0174271 0.430775
0 0.808394 0.912993 0.0143175 0.0203284 0.429969
0 0.953912 0.865042 0.0126656 0.0209442 0.429339
0 0.144236 0.756963 0.0162512 0.0264153 0.429172
0 0.490849 0.308058 0.0149654 0.0325524 0.429033
0 0.539186 0.497271 0.0164043 0.0323125 0.426914
0 0.703065 0.159717 0.0118376 0.0178945 0.426244
0 0.256175 0.017208 0.0262882 0.0339184 0.426064
0 0.385866 0.724045 0.0163671 0.0307661 0.422929
0 0.858423 0.976059 0.0154888 0.0228102 0.421915
0 0.0292522 0.620316 0.0141246 0.0248418 0.42176
0 0.225827 0.816613 0.0172172 0.0309859 0.421563
0 0.857887 0.670448 0.0135107 0.0171495 0.421462
0 0.871941 0.690612 0.0136269 0.0186206 0.420806
0 0.894704 0.947726 0.0155064 0.0172658 0.42036
0 0.163929 0.609839 0.0144131 0.0252021 0.420099
0 0.856304 0.545499 0.0403637 0.0833103 0.419249
0 0.675113 0.122222 0.0115028 0.0170192 0.418943
0 0.237533 0.590814 0.0317807 0.0513707 0.418857
0 0.84503 0.296987 0.0187205 0.0346167 0.418525
0 0.640348 0.210887 0.0116409 0.0171909 0.418486
0 0.739857 0.784881 0.0208145 0.0342246 0.417414
0 0.459471 0.690257 0.0186207 0.0301609 0.417349
0 0.688563 0.248176 0.0120084 0.0168837 0.417312
0 0.0527581 0.138117 0.018908 0.0334146 0.41632
0 0.821348 0.664826 0.0121839 0.0173998 0.415492
0 0.933539 0.197859 0.0136826 0.0254635 0.415354
0 0.821834 0.62887 0.0119625 0.0158605 0.412214
0 0.375107 0.585016 0.020986 0.0381686 0.411811
0 0.470794 0.092842 0.0189642 0.0341215 0.411357
0 0.82677 0.897038 0.0138154 0.0202287 0.410912
0 0.966513 0.959651 0.0150209 0.0222504 0.408924
0 0.320778 0.725123 0.0155587 0.0260033 0.408571
0 0.643282 0.149492 0.0110686 0.0175636 0.408517
0 0.371304 0.828899 0.0157461 0.0297626 0.407892
0 0.604316 0.8234 0.0159835 0.0321672 0.40265
0 0.280696 0.406943 0.015204 0.0261054 0.401854
0 0.940872 0.770339 0.0138739 0.0191169 0.400771
0 0.404729 0.253893 0.0125981 0.0280576 0.40074
0 0.558783 0.614628 0.015629 0.027052 0.400421
0 0.658656 0.0565482 0.0125443 0.0197549 0.399112
0 0.932975 0.953446 0.013065 0.0203807 0.398921
0 0.660091 0.637281 0.018836 0.0339094 0.397868
0 0.650124 0.24206 0.0110428 0.0187449 0.39693
0 0.534624 0.428849 0.0164031 0.0324619 0.395917
0 0.868963 0.763422 0.0155048 0.018731 0.394471
0 0.107614 0.0786399 0.0246006 0.0345333 0.39347
0 0.144869 0.619386 0.0144678 0.0243491 0.392151
0 0.410901 0.393402 0.0201686 0.0331802 0.389565
0 0.330296 0.487481 0.0187801 0.0371584 0.387067
0 0.0973651 0.421621 0.0211289 0.0294354 0.386916
0 0.507293 0.253021 0.0134277 0.03863 0.386724
0 0.738002 0.0553618 0.0258844 0.0466744 0.385735
0 0.678029 0.0612433 0.0120865 0.0192651 0.385555
0 0.258832 0.958263 0.0175544 0.0270996 0.384334
0 0.319876 0.665859 0.0129373 0.0208111 0.38208
0 0.29945 0.525145 0.0132695 0.0306647 0.381371
0 0.032224 0.0893663 0.0201286 0.0301114 0.378817
0 0.133355 0.798303 0.0258459 0.0376197 0.378338
0 0.970586 0.922267 0.0136669 0.0192827 0.377831
0 0.410148 0.7875 0.0166996 0.0389425 0.3775
0 0.571238 0.664204 0.0259125 0.0448605 0.376029
0 0.749965 0.847093 0.0138016 0.0279602 0.375077
0 0.821364 0.0201635 0.0133106 0.0190755 0.374973
0 0.0921959 0.130423 0.0158288 0.0386574 0.373948
0 0.916503 0.8978 0.0146641 0.017727 0.373887
0 0.26067 0.543203 0.0248063 0.042041 0.373289
0 0.0937906 0.947029 0.0182072 0.0302517 0.37322
0 0.958311 0.755751 0.0145523 0.0191857 0.372727
0 0.69162 0.404238 0.0111144 0.0246055 0.372393
0 0.810407 0.877133 0.012064 0.0191698 0.36901
0 0.378116 0.465195 0.0186548 0.0392186 0.368712
0 0.717153 0.0755817 0.018386 0.0283171 0.368387
0 0.367099 0.400755 0.0180361 0.0360419 0.36767
0 0.502535 0.954383 0.0149611 0.0293594 0.367196
0 0.0419543 0.559986 0.0143631 0.0297969 0.364627
0 0.00504435 0.535586 0.0100887 0.0231818 0.364345
0 0.764719 0.491951 0.0119823 0.0219807 0.363274
0 0.142923 0.839395 0.020687 0.0351417 0.363024
0 0.105245 0.252066 0.0107253 0.0313098 0.361229
0 0.474054 0.927508 0.0133322 0.027023 0.359173
0 0.946195 0.171688 0.0230324 0.0372165 0.358464
0 0.159736 0.686397 0.0165092 0.0296 0.357547
0 0.538538 0.627714 0.0170469 0.0325491 0.356432
0 0.651416 0.435132 0.016308 0.0297735 0.356022
0 0.27423 0.864002 0.0175017 0.0327955 0.355616
0 0.118606 0.118896 0.0196723 0.0340477 0.355418
0 0.00257956 0.972497 0.00515913 0.0364301 0.354872
0 0.63148 0.788015 0.0123079 0.0241794 0.354354
0 0.78217 0.0151039 0.0137686 0.0193998 0.352352
0 0.527326 0.765655 0.0196655 0.0305654 0.349908
0 0.599968 0.207925 0.0140401 0.025309 0.348614
0 0.926962 0.37422 0.016118 0.0334924 0.347069
0 0.93799 0.806211 0.0117321 0.0214361 0.34603
0 0.914308 0.934738 0.0134865 0.0178229 0.345513
0 0.744072 0.404345 0.0153149 0.0275631 0.344842
0 0.605933 0.521709 0.0210136 0.0368369 0.342637
0 0.831319 0.82961 0.0131336 0.0184275 0.34155
0 0.922785 0.751757 0.0128307 0.0174627 0.340658
0 0.356482 0.00904135 0.018333 0.0180827 0.340567
0 0.923316 0.714932 0.0114079 0.0188574 0.340483
0 0.377476 0.581834 0.025525 0.0448841 0.339827
0 0.936201 0.843639 0.0134649 0.0179967 0.339604
0 0.888063 0.746944 0.0134201 0.0146764 0.339242
0 0.544514 0.686267 0.0232677 0.0415955 0.337195
0 0.54256 0.0599291 0.0208778 0.0341255 0.335025
0 0.839044 0.989508 0.0147945 0.0190572 0.334755
0 0.521871 0.737144 0.0152142 0.0237788 0.333252
0 0.77562 0.271689 0.0233137 0.043548 0.33239
0 0.935228 0.879965 0.0140598 0.0197106 0.330998
0 0.242378 0.0726996 0.0194818 0.0336241 0.330834
0 0.626573 0.711784 0.0166384 0.0312957 0.330799
0 0.060466 0.566342 0.0225639 0.0343492 0.330446
0 0.0196175 0.932867 0.0230605 0.042317 0.330334
0 0.441858 0.304289 0.0104979 0.0287493 0.329769
0 0.226218 0.113567 0.0144995 0.0256674 0.329469
0 0.0280701 0.233961 0.0276165 0.0495133 0.329267
0 0.343615 0.137806 0.0157097 0.0200186 0.327274
0 0.664369 0.752816 0.0165235 0.0267795 0.326461
0 0.456969 0.870721 0.018187 0.0330858 0.326101
0 0.519267 0.276987 0.0177028 0.0253831 0.325493
0 0.765489 0.19485 0.0116294 0.0172145 0.32479
0 0.318649 0.956783 0.0169582 0.0269418 0.32458
0 0.762602 0.709683 0.0177066 0.0362332 0.324151
0 0.361145 0.681301 0.0258635 0.0513197 0.323829
0 0.77986 0.473571 0.0121622 0.0285947 0.323431
0 0.814058 0.806083 0.0129925 0.0184133 0.323426
0 0.888703 0.486751 0.0256481 0.0416475 0.320148
0 0.0676409 0.989294 0.0142597 0.0204841 0.318276
0 0.163683 0.759922 0.0134257 0.025037 0.317611
0 0.673777 0.416638 0.0143649 0.0288956 0.316787
0 0.398148 0.456713 0.0170296 0.0312813 0.315766
0 0.224036 0.632521 0.0209366 0.028908 0.315201
0 0.577349 0.863559 0.0178511 0.0260078 0.312755
0 0.571301 0.345049 0.012398 0.0198986 0.311735
0 0.349234 0.465658 0.0155665 0.0252875 0.311054
0 0.326847 0.922574 0.0226319 0.0330166 0.311027
0 0.746687 0.102781 0.0131457 0.0172815 0.310686
0 0.789214 0.656869 0.0199266 0.0329113 0.309701
0 0.923787 0.335567 0.0210476 0.0405146 0.309549
0 0.726614 0.9329 0.0157496 0.0235743 0.309089
0 0.0672435 0.424071 0.0195799 0.0339563 0.308996
0 0.977987 0.307045 0.0132568 0.0197859 0.30699
0 0.263525 0.671436 0.0138764 0.0253302 0.306056
0 0.684612 0.355357 0.0175985 0.0288823 0.304582
0 0.0691511 0.466944 0.0165382 0.028633 0.304574
0 0.248539 0.477775 0.0189409 0.0318188 0.304283
0 0.495258 0.127625 0.0233788 0.0369873 0.302694
0 0.495241 0.219851 0.0137942 0.0219989 0.302466
0 0.282133 0.928406 0.0183861 0.0346578 0.300548
0 0.570265 0.552747 0.0212444 0.0359265 0.300392
0 0.573132 0.559738 0.016703 0.0272247 0.300364
0 0.904905 0.766621 0.0111439 0.0167921 0.299751
0 0.592268 0.0862546 0.0316944 0.0463791 0.299319
0 0.289354 0.474578 0.0181286 0.0340297 0.297694
0 0.501588 0.400676 0.015259 0.0298058 0.295809
0 0.727795 0.929345 0.0169525 0.0312649 0.295163
0 0.98355 0.979276 0.0147846 0.0235602 0.294908
0 0.933711 0.916511 0.0131609 0.0194727 0.294366
0 0.351 0.253779 0.0246241 0.032465 0.294205
0 0.0110446 0.429434 0.0213451 0.03459 0.294064
0 0.00822037 0.181571 0.01628 0.0355443 0.293815
0 0.672803 0.471685 0.0143215 0.0230487 0.293119
0 0.0992316 0.828016 0.0185341 0.036519 0.293074
0 0.572003 0.556243 0.01975 0.0334069 0.292599
0 0.0223146 0.738559 0.024841 0.0434334 0.289145
0 0.369202 0.970495 0.0207692 0.0440284 0.289117
0 0.398915 0.982013 0.0199007 0.0316691 0.288812
0 0.0230364 0.8725 0.016974 0.0290812 0.288024
0 0.95198 0.90248 0.0132525 0.019222 0.287574
0 0.294335 0.892235 0.0175957 0.0248978 0.286863
0 0.78941 0.0475043 0.0140162 0.0174527 0.285561
0 0.846616 0.198218 0.0141792 0.0242352 0.283207
0 0.323175 0.489225 0.0299282 0.0407189 0.280981
0 0.268356 0.46296 0.0188245 0.0321099 0.280789
0 0.347675 0.10981 0.0179232 0.0286655 0.274946
0 0.279227 0.0838238 0.0194107 0.0304007 0.273416
0 0.630506 0.0216148 0.0106031 0.016473 0.266541
0 0.310636 0.13417 0.015008 0.0215963 0.266189
0 0.990786 0.835974 0.0154975 0.0209616 0.265898
0 0.561152 0.986711 0.0167731 0.0254124 0.265041
0 0.986588 0.907475 0.0131123 0.0241965 0.264268
0 0.701789 0.551589 0.0168962 0.0309262 0.263797
0 0.948313 0.177877 0.0200901 0.0387655 0.263698
0 0.828431 0.865977 0.0127369 0.0183799 0.263642
0 0.720731 0.772838 0.012718 0.0271966 0.263181
0 0.796392 0.111305 0.0170947 0.027725 0.262933
0 0.250497 0.407502 0.0206746 0.0371149 0.262623
0 0.0575387 0.723126 0.0185775 0.0303433 0.261441
0 0.101722 0.469292 0.0178853 0.0333403 0.259216
0 0.963947 0.195675 0.0172237 0.0328597 0.257417
0 0.102804 0.250931 0.0129144 0.0327432 0.256559
0 0.358089 0.111437 0.024603 0.0359419 0.256334
0 0.0804724 0.398511 0.0225946 0.0320674 0.256233
0 0.214357 0.379419 0.020511 0.0382753 0.256119
0 0.605567 0.456171 0.0184589 0.026325 0.255648
0 0.496308 0.59534 0.0144782 0.0267762 0.254485
0 0.807161 0.950759 0.0137967 0.0193963 0.253595
0 0.43737 0.0747816 0.0163111 0.0294197 0.252743
0 0.786687 0.676523 0.0231594 0.0402714 0.252537
0 0.401153 0.689981 0.0179355 0.0313512 0.251857
0 0.762577 0.541628 0.027735 0.0374699 0.251583
0 0.89752 0.33934 0.0287498 0.0472473 0.251329
0 0.706977 0.756035 0.0137264 0.0217194 0.250228
0 0.177317 0.0969805 0.0132127 0.0199523 0.249195
0 0.788343 0.662003 0.0220703 0.0409292 0.247716
0 0.340664 0.609254 0.0348819 0.0349869 0.247095
0 0.110134 0.512744 0.0139691 0.0234307 0.246009
0 0.665933 0.967476 0.0180148 0.0383243 0.244927
0 0.755928 0.220178 0.0114504 0.0179451 0.244696
0 0.0115467 0.7791 0.0216859 0.0357415 0.244665
0 0.120863 0.405134 0.0159661 0.0277942 0.244166
0 0.256738 0.74086 0.0213732 0.0321438 0.243843
0 0.025925 0.974241 0.0158135 0.0236109 0.243582
0 0.558378 0.20537 0.0155518 0.0261288 0.240904
0 0.45469 0.039932 0.015952 0.0385415 0.240655
0 0.667201 0.581448 0.0193195 0.0414863 0.239684
0 0.0850079 0.140683 0.0157974 0.0311382 0.239466
0 0.28542 0.325313 0.0207701 0.0280973 0.238427
0 0.50383 0.840567 0.0154281 0.026199 0.237334
0 0.425293 0.680666 0.0224477 0.0346654 0.23646
0 0.120023 0.859665 0.0262033 0.0399851 0.233463
0 0.723386 0.159231 0.0116951 0.0172553 0.233433
0 0.0671039 0.962064 0.0132531 0.0203577 0.233223
0 0.800876 0.716654 0.0133407 0.0213718 0.232532
0 0.958165 0.793393 0.014226 0.0185706 0.232064
0 0.35413 0.259685 0.0199967 0.0341743 0.231061
0 0.975559 0.777343 0.0151417 0.0219971 0.230515
0 0.503243 0.177229 0.0248229 0.0396734 0.229355
0 0.411824 0.873465 0.0190789 0.02938 0.229029
0 0.210481 0.0882055 0.0200253 0.0285747 0.228784
0 0.0658592 0.467447 0.0232143 0.0281431 0.227364
0 0.426282 0.672971 0.0240765 0.0502776 0.226915
0 0.344475 0.10875 0.0156291 0.0259496 0.226612
0 0.234404 0.594709 0.0286839 0.0457082 0.226026
0 0.522723 0.693919 0.0189306 0.0302544 0.225112
0 0.790453 0.893745 0.0130248 0.0186579 0.223934
0 0.0895291 0.136242 0.0178424 0.0403912 0.223896
0 0.391474 0.772309 0.0132451 0.0281704 0.222327
0 0.292002 0.981034 0.018434 0.0332781 0.222156
0 0.96547 0.992116 0.0151514 0.0153276 0.221732
0 0.757109 0.810869 0.0174332 0.0377057 0.220154
0 0.128305 0.27135 0.0269347 0.0400879 0.21878
0 0.0877697 0.270176 0.0175505 0.0265908 0.21677
0 0.691329 0.0288996 0.0120539 0.015008 0.215853
0 0.00271796 0.66248 0.00543592 0.0442574 0.215327
0 0.805827 0.608445 0.0136551 0.0186657 0.214283
0 0.0678201 0.339333 0.0277143 0.050407 0.214045
0 0.785717 0.682744 0.0235189 0.0305781 0.213821
0 0.547557 0.064373 0.0284764 0.0387071 0.212346
0 0.575886 0.259789 0.0170593 0.0332575 0.211054
0 0.519876 0.358581 0.0215391 0.0361717 0.210952
0 0.582348 0.834485 0.0208946 0.0297574 0.210746
0 0.679421 0.992063 0.0197677 0.0152839 0.210152
0 0.74864 0.00903175 0.0350702 0.0180635 0.209756
0 0.139257 0.382149 0.0153607 0.0226313 0.209241
0 0.980034 0.744321 0.01556 0.0207475 0.207124
0 0.0737825 0.342181 0.0157657 0.0444228 0.207037
0 0.0517032 0.791799 0.00938931 0.027101 0.206806
0 0.347521 0.248573 0.0276171 0.0340247 0.204514
0 0.655499 0.85862 0.0171556 0.0384081 0.203189
0 0.0133973 0.0247222 0.0260591 0.0480612 0.202954
0 0.672428 0.389809 0.0122126 0.0186642 0.201366
0 0.316888 0.491424 0.0225863 0.0390713 0.200839
0 0.63275 0.178422 0.0113489 0.0178544 0.200303
0 0.868569 0.463212 0.0241879 0.0504842 0.199445
0 0.908824 0.731131 0.0113087 0.0166063 0.199351
0 0.824378 0.0787037 0.0160873 0.0175213 0.198698
0 0.18218 0.756361 0.0173008 0.0202856 0.1984
0 0.945034 0.17711 0.0260513 0.0432241 0.198105
0 0.114281 0.118111 0.0265596 0.035299 0.197724
0 0.383946 0.468774 0.0307402 0.0489651 0.196668
0 0.885455 0.14757 0.0183341 0.0258279 0.196035
0 0.0745725 0.603431 0.0169358 0.0311647 0.195961
0 0.920226 0.340614 0.0181786 0.0359492 0.195081
0 0.570232 0.34633 0.0131712 0.0246663 0.195067
0 0.532284 0.85926 0.0177737 0.0238234 0.194065
0 0.341515 0.0826566 0.0156289 0.0228442 0.192359
0 0.00293188 0.649698 0.00586376 0.0443931 0.19191
0 0.54727 0.69213 0.0268136 0.0459913 0.191478
0 0.307939 0.321809 0.0144276 0.020176 0.190673
0 0.0056804 0.180695 0.0113214 0.0362312 0.190655
0 0.572481 0.771745 0.0234505 0.0454085 0.190372
0 0.364902 0.857804 0.0245508 0.0333157 0.190307
0 0.657917 0.805061 0.0140289 0.0270238 0.189933
0 0.546425 0.467383 0.0122958 0.0197207 0.186892
0 0.268211 0.386828 0.0193368 0.0309176 0.186482
0 0.148473 0.206206 0.0192788 0.0317157 0.185828
0 0.0452122 0.561456 0.019925 0.0322222 0.18383
0 0.427562 0.285597 0.0266811 0.041917 0.1832
0 0.101453 0.81349 0.0205964 0.0351101 0.182036
0 0.249646 0.153469 0.0171241 0.026566 0.180977
0 0.0953786 0.238347 0.0159157 0.0312738 0.177816
0 0.0492073 0.849094 0.0166885 0.0252699 0.177804
0 0.636376 0.275728 0.0127958 0.0149855 0.176456
0 0.429316 0.656179 0.0208635 0.0301928 0.176247
0 0.0671668 0.881799 0.0170509 0.0294123 0.17581
0 0.109432 0.708688 0.014017 0.0213306 0.174153
0 0.435963 0.883103 0.015927 0.0273251 0.173528
0 0.36257 0.675536 0.0229686 0.043864 0.173493
0 0.481219 0.524438 0.0193491 0.0329463 0.173302
0 0.427955 0.139296 0.0253045 0.0437749 0.172761
0 0.832462 0.0546747 0.0146839 0.021798 0.171633
0 0.173314 0.219395 0.0265109 0.0405512 0.17086
0 0.950795 0.940198 0.0132595 0.0185382 0.170568
0 0.269965 0.390373 0.0172496 0.0280674 0.168326
0 0.882061 0.436526 0.0186333 0.0301387 0.168259
0 0.1483 0.529848 0.0195943 0.0286438 0.167928
0 0.406893 0.49053 0.0156462 0.0248813 0.167493
0 0.530988 0.383986 0.0252951 0.0402359 0.167048
0 0.654993 0.866279 0.0158573 0.0252238 0.166876
0 0.729216 0.919681 0.0190214 0.0443329 0.166464
0 0.900676 0.335755 0.0251101 0.0475766 0.165971
0 0.0257898 0.551244 0.0130034 0.0212987 0.165908
0 0.120154 0.976497 0.0279081 0.0445696 0.163688
0 0.0528793 0.952451 0.0143942 0.0266337 0.162904
0 0.79388 0.857966 0.0125832 0.0154063 0.160515
0 0.308951 0.884227 0.0156685 0.0282705 0.160148
0 0.110986 0.374335 0.0197313 0.0263645 0.159006
0 0.470991 0.0372372 0.0164874 0.0276233 0.15866
0 0.394686 0.983443 0.0255814 0.0318036 0.15823
0 0.571864 0.313154 0.015778 0.027838 0.157765
0 0.178629 0.371659 0.0182292 0.0341731 0.156332
0 0.920692 0.377675 0.0258358 0.0366708 0.155879
0 0.229564 0.597817 0.018837 0.034345 0.155826
0 0.00552934 0.0766922 0.0104255 0.0433726 0.155729
0 0.794014 0.36015 0.0190615 0.029217 0.155251
0 0.322956 0.175411 0.0177067 0.0330883 0.155222
0 0.484293 0.522401 0.0225979 0.0398061 0.154908
0 0.990228 0.870398 0.01436 0.0212372 0.154724
0 0.795512 0.115807 0.0173779 0.0337029 0.154108
0 0.539918 0.884046 0.0169391 0.0297923 0.154076
0 0.936888 0.27815 0.0249348 0.0422073 0.153622
0 0.367436 0.525603 0.0180793 0.0324688 0.152914
0 0.487711 0.299141 0.0155281 0.0263909 0.152399
0 0.473771 0.0907851 0.0233433 0.0357207 0.149981
0 0.428088 0.667077 0.0230691 0.0493639 0.149108
0 0.110593 0.0443344 0.0168906 0.0303989 0.148341
0 0.112241 0.377996 0.0184784 0.0209427 0.148052
0 0.216249 0.950427 0.023372 0.0334089 0.147869
0 0.665767 0.670322 0.0116695 0.0187512 0.147851
0 0.501079 0.556618 0.0129861 0.0237575 0.147839
0 0.452508 0.989542 0.0159128 0.019869 0.144111
0 0.72411 0.887514 0.0122181 0.0190521 0.141878
0 0.224004 0.483607 0.0171349 0.0189794 0.141297
0 0.460896 0.190421 0.0217419 0.0359779 0.141275
0 0.098127 0.541878 0.0173882 0.0320264 0.140769
0 0.0817329 0.0584052 0.0203163 0.0306057 0.140102
0 0.102205 0.808725 0.0190137 0.024204 0.13922
0 0.234003 0.757613 0.0119703 0.020419 0.137963
0 0.636524 0.593058 0.0164097 0.0254016 0.137187
0 0.730052 0.907309 0.0189002 0.0268358 0.135572
0 0.413225 0.94888 0.0191254 0.0330196 0.135397
0 0.403018 0.246854 0.0148755 0.0383525 0.134198
0 0.507472 0.258243 0.0118597 0.0367342 0.134055
0 0.698722 0.218888 0.00913506 0.0146765 0.130684
0 0.649147 0.740053 0.0124559 0.0174286 0.130052
0 0.599079 0.205309 0.0166489 0.0304276 0.129351
0 0.119334 0.14175 0.0184603 0.0182844 0.129046
0 0.489404 0.247149 0.0128237 0.0245574 0.128975
0 0.414548 0.54624 0.0160952 0.0276425 0.128923
0 0.0376332 0.136013 0.0192601 0.0312534 0.128642
0 0.616587 0.663807 0.0123657 0.0258218 0.128291
0 0.00993882 0.736877 0.0186628 0.0331065 0.128241
0 0.780749 0.963979 0.0160068 0.0221812 0.128131
0 0.692426 0.403723 0.0138781 0.0284573 0.128116
0 0.301883 0.886335 0.0132723 0.0265862 0.127773
0 0.0751247 0.346886 0.0151611 0.0350195 0.127613
0 0.00298116 0.294603 0.0058894 0.0361795 0.12747
0 0.52594 0.656136 0.0162054 0.0225242 0.126855
0 0.722999 0.594477 0.0147934 0.0258571 0.126789
0 0.895778 0.255128 0.0268801 0.0464684 0.125488
0 0.272784 0.867731 0.0192906 0.0354224 0.125094
0 0.121238 0.864706 0.0250899 0.0312391 0.124747
0 0.880056 0.0997817 0.00984942 0.0278645 0.124431
0 0.166053 0.983838 0.0206013 0.0309046 0.123983
0 0.35301 0.826322 0.0145546 0.0243025 0.121534
0 0.592236 0.554431 0.01827 0.0294143 0.121164
0 0.402431 0.237347 0.0180613 0.0529556 0.12045
0 0.579089 0.982554 0.0147811 0.0306061 0.11921
0 0.928405 0.370568 0.016349 0.0364751 0.119017
0 0.212465 0.386992 0.0185092 0.0274889 0.118836
0 0.758306 0.540557 0.0276239 0.0384455 0.117376
0 0.794698 0.82408 0.0150764 0.0222838 0.11691
0 0.462792 0.733857 0.0236216 0.0375519 0.116649
0 0.655703 0.849676 0.0164839 0.039385 0.116061
0 0.341923 0.834964 0.0106521 0.0248901 0.114161
0 0.680486 0.69757 0.0116319 0.0229414 0.114001
0 0.777601 0.846859 0.0135305 0.0178843 0.113825
0 0.189168 0.324266 0.0141083 0.0216276 0.113094
0 0.379327 0.212564 0.0244612 0.0472736 0.112759
0 0.179844 0.736886 0.0163561 0.0174559 0.112436
0 0.138973 0.179782 0.0144382 0.0190268 0.112135
0 0.270412 0.633146 0.0182635 0.0246662 0.111649
0 0.517703 0.113848 0.00994473 0.0336381 0.111036
0 0.0944913 0.986386 0.0160828 0.0263927 0.110837
0 0.0235826 0.972927 0.0212681 0.0289984 0.110097
0 0.298104 0.365014 0.017348 0.0302778 0.109979
0 0.276883 0.973607 0.01673 0.0366977 0.10978
0 0.0706772 0.111144 0.0166588 0.0329942 0.108926
0 0.544053 0.88416 0.0159494 0.0307041 0.108747
0 0.462928 0.7428 0.0251106 0.0550225 0.108599
0 0.366489 0.965062 0.0262182 0.0509087 0.108493
0 0.781568 0.995081 0.0160098 0.00945751 0.108361
0 0.179527 0.599247 0.0160492 0.0240095 0.108126
0 0.0851315 0.20419 0.0180253 0.0221965 0.107457
0 0.0638064 0.427248 0.0214462 0.0391229 0.107246
0 0.00534558 0.391437 0.0100609 0.0326976 0.107141
0 0.46355 0.636542 0.0192404 0.0126068 0.10644
0 0.454129 0.114906 0.0140066 0.0238535 0.10568
0 0.465398 0.520216 0.0182833 0.0325811 0.105553
0 0.364952 0.668951 0.01896 0.0301587 0.105292
0 0.429487 0.0293707 0.0164503 0.0302191 0.105028
0 0.477719 0.877719 0.0182032 0.0246724 0.104853
0 0.463252 0.751686 0.0249475 0.0474264 0.104349
0 0.285753 0.779798 0.0141484 0.0276537 0.103923
0 0.193532 0.983916 0.0247617 0.0310993 0.103397
0 0.956721 0.187787 0.0234741 0.0436061 0.103381
0 0.4108 0.0988859 0.0194614 0.0290101 0.103256
0 0.33533 0.802558 0.0186069 0.0339413 0.102879
0 0.91364 0.382775 0.0205521 0.0345779 0.102846
0 0.0850042 0.759222 0.0147546 0.0186739 0.102759
0 0.622414 0.826905 0.0173382 0.0244378 0.102571
0 0.029563 0.0855493 0.0249839 0.030909 0.101664
0 0.503178 0.871791 0.0157585 0.0239266 0.101558
0 0.73396 0.0625594 0.0270922 0.0444657 0.101345
0 0.546485 0.92258 0.01171 0.0219116 0.100869
0 0.0324998 0.993758 0.0168283 0.0118035 0.100662
0 0.109717 0.71105 0.0164494 0.0248134 0.100612
0 0.521677 0.366908 0.0241613 0.0495464 0.100539
0 0.308781 0.262108 0.0167925 0.0301885 0.100512
