0 0.0520429 0.0485296 0.0240834 0.0394492 0.68131
0 0.739086 0.544198 0.02904 0.0575281 0.680304
0 0.403094 0.858471 0.0288895 0.0517849 0.680293
0 0.0557957 0.0912366 0.0186932 0.0316481 0.676067
0 0.796829 0.556294 0.0202784 0.037095 0.675995
0 0.209772 0.733828 0.0294539 0.049301 0.669142
0 0.907014 0.815541 0.0215595 0.0385571 0.665254
0 0.125575 0.886552 0.0213063 0.0400859 0.66388
0 0.782353 0.825625 0.0231224 0.042077 0.660526
0 0.0305629 0.191779 0.020564 0.0391404 0.655077
0 0.0800499 0.0509938 0.0204588 0.0355897 0.65251
0 0.889921 0.618875 0.0310648 0.0506256 0.651557
0 0.770322 0.980209 0.0195295 0.0353456 0.649995
0 0.147882 0.839916 0.0228467 0.0323356 0.649948
0 0.517224 0.302857 0.0159466 0.02848 0.648059
0 0.5547 0.400537 0.0201552 0.0377341 0.647973
0 0.471979 0.815126 0.0221107 0.0373147 0.646102
0 0.466894 0.927246 0.0198668 0.0390462 0.644326
0 0.626717 0.666192 0.0147401 0.0345337 0.643991
0 0.580581 0.814241 0.0203765 0.0335008 0.642745
0 0.544615 0.710673 0.0206789 0.0332997 0.642708
0 0.512919 0.200363 0.0251294 0.041491 0.642635
0 0.614316 0.490932 0.0169478 0.033571 0.642501
0 0.243112 0.623894 0.0208009 0.0405643 0.64175
0 0.574866 0.891202 0.0154202 0.0273353 0.639729
0 0.06334 0.729126 0.0243585 0.0402764 0.639547
0 0.609798 0.728631 0.0182835 0.0362688 0.639046
0 0.739908 0.117979 0.0226549 0.0392536 0.638468
0 0.0807112 0.292576 0.0216379 0.0396384 0.63817
0 0.670534 0.454479 0.0180494 0.0328133 0.637023
0 0.804873 0.406627 0.0172504 0.029483 0.636966
0 0.597066 0.782407 0.0234919 0.0495317 0.636739
0 0.842555 0.478559 0.0249344 0.0438869 0.635726
0 0.442959 0.93127 0.0193166 0.0351352 0.635612
0 0.958711 0.7065 0.0213085 0.0392541 0.634495
0 0.690293 0.489191 0.0161887 0.0278715 0.634277
0 0.635277 0.499942 0.0167748 0.0327315 0.634266
0 0.366375 0.857687 0.0216557 0.0399614 0.632942
0 0.798673 0.213683 0.0175117 0.0413554 0.631906
0 0.154648 0.618285 0.0195944 0.0378526 0.630953
0 0.843565 0.559645 0.0155296 0.0354152 0.630624
0 0.251311 0.705839 0.0191832 0.0384772 0.630555
0 0.622087 0.0223864 0.0234398 0.0372117 0.630357
0 0.557239 0.900995 0.0149364 0.0330509 0.629012
0 0.692358 0.732023 0.0211185 0.0370806 0.628517
0 0.918101 0.937042 0.0177808 0.0325904 0.62808
0 0.820002 0.569424 0.01449 0.0297628 0.627812
0 0.583432 0.21079 0.0154725 0.0300507 0.627078
0 0.455889 0.968054 0.0234755 0.0343189 0.626472
0 0.610543 0.532291 0.0139506 0.0321328 0.625482
0 0.0484763 0.860736 0.0194234 0.0336582 0.623846
0 0.52213 0.608025 0.0158421 0.0306536 0.62326
0 0.0794787 0.70163 0.0157882 0.0297613 0.622482
0 0.081887 0.153797 0.0175135 0.0322514 0.622356
0 0.713956 0.139252 0.0214205 0.0355631 0.62192
0 0.364638 0.289636 0.0184169 0.041747 0.621164
0 0.579931 0.961619 0.020327 0.0348677 0.619884
0 0.662004 0.748808 0.0188833 0.0401499 0.619802
0 0.691608 0.790747 0.0229773 0.0373023 0.61938
0 0.613942 0.845571 0.0173531 0.0337568 0.619319
0 0.966774 0.332738 0.0195702 0.0344705 0.618879
0 0.113982 0.941975 0.0196604 0.031546 0.618862
0 0.611528 0.278971 0.0183128 0.0313165 0.618178
0 0.456838 0.720466 0.0161016 0.0320658 0.617108
0 0.454932 0.67545 0.0196693 0.0360461 0.616238
0 0.94045 0.0656314 0.0138828 0.0301002 0.615007
0 0.825597 0.17509 0.0201164 0.0384641 0.614672
0 0.186407 0.913621 0.0158059 0.0320943 0.614532
0 0.0956502 0.377088 0.0253334 0.0461516 0.614474
0 0.143188 0.940909 0.0171528 0.0293257 0.614447
0 0.970339 0.130605 0.0190723 0.0334493 0.612984
0 0.24313 0.0625967 0.0173046 0.0283816 0.612582
0 0.564646 0.259269 0.0148826 0.031013 0.611609
0 0.407795 0.11038 0.0180752 0.0326374 0.610647
0 0.571021 0.356248 0.0255416 0.043804 0.610219
0 0.629313 0.0817782 0.0169601 0.0328999 0.609713
0 0.391839 0.247975 0.0160248 0.0313518 0.609601
0 0.0917822 0.954356 0.0215607 0.0418562 0.609512
0 0.4338 0.402585 0.0200211 0.0385591 0.609211
0 0.714023 0.458426 0.0143713 0.0309473 0.608723
0 0.5775 0.927028 0.011837 0.0244898 0.608278
0 0.482062 0.122091 0.0166912 0.0309079 0.607379
0 0.0516937 0.525338 0.0138086 0.0299485 0.606112
0 0.636429 0.138773 0.0185358 0.0336328 0.605615
0 0.219396 0.877357 0.0154547 0.0231033 0.605086
0 0.500967 0.834551 0.0135168 0.0269797 0.604773
0 0.118041 0.0595607 0.0146474 0.0309769 0.604067
0 0.152003 0.907436 0.0162317 0.0293732 0.603885
0 0.955763 0.259882 0.0180744 0.0312208 0.603768
0 0.50918 0.863606 0.0128189 0.0282303 0.602524
0 0.722047 0.504723 0.0242052 0.0435304 0.602444
0 0.320221 0.245693 0.0217767 0.0465776 0.601383
0 0.0155589 0.12602 0.0154698 0.0283215 0.601334
0 0.398894 0.942867 0.0218948 0.047054 0.600968
0 0.692887 0.926619 0.0171169 0.0361289 0.599802
0 0.410848 0.687132 0.0175067 0.0319448 0.598346
0 0.888824 0.699365 0.0163147 0.0359356 0.597398
0 0.913669 0.247187 0.020476 0.0335797 0.597064
0 0.939062 0.117998 0.0182373 0.032971 0.596513
0 0.00776361 0.0763005 0.015412 0.0370281 0.596433
0 0.696593 0.427672 0.0163696 0.0351816 0.596176
0 0.435351 0.730441 0.0206049 0.0364756 0.595657
0 0.728923 0.276515 0.017578 0.0371436 0.595631
0 0.844324 0.157947 0.0171848 0.0300043 0.593442
0 0.801221 0.741062 0.0137847 0.0376039 0.593177
0 0.852894 0.260488 0.0214924 0.0429125 0.592777
0 0.156657 0.966329 0.0182714 0.0304554 0.592703
0 0.205977 0.0564113 0.0225554 0.0391991 0.592576
0 0.146148 0.764016 0.0158665 0.0303236 0.592279
0 0.386777 0.31351 0.0194139 0.0321318 0.592088
0 0.890314 0.276408 0.0187233 0.0377343 0.591774
0 0.726831 0.879963 0.0193336 0.0390171 0.591401
0 0.606914 0.182141 0.0225787 0.0386824 0.589993
0 0.431652 0.0474283 0.0170626 0.0322439 0.589798
0 0.949796 0.793717 0.0190527 0.0350778 0.589619
0 0.39259 0.683233 0.0138989 0.0253994 0.588805
0 0.341143 0.147741 0.0197776 0.0351629 0.588709
0 0.632765 0.747221 0.0172451 0.0308767 0.587746
0 0.154134 0.464778 0.016397 0.032242 0.587097
0 0.948405 0.632699 0.0154987 0.0448957 0.586488
0 0.448346 0.259961 0.018561 0.0304139 0.585233
0 0.85727 0.750492 0.0192796 0.0371716 0.58523
0 0.99129 0.311982 0.0174197 0.0334615 0.585008
0 0.8299 0.423914 0.0164356 0.0303808 0.584942
0 0.0492903 0.599112 0.0174944 0.0318889 0.584401
0 0.439405 0.88434 0.0214906 0.0431035 0.583979
0 0.65031 0.611662 0.0175882 0.0304062 0.583565
0 0.276196 0.410138 0.0172786 0.0331796 0.582957
0 0.266213 0.744319 0.0224578 0.0400821 0.582782
0 0.558008 0.161835 0.0181648 0.0366585 0.582272
0 0.464866 0.300743 0.0135139 0.0242507 0.581544
0 0.518305 0.765236 0.023976 0.0487464 0.581035
0 0.262016 0.966268 0.0198177 0.0326392 0.580757
0 0.495071 0.593145 0.0151062 0.0236961 0.578773
0 0.501452 0.625483 0.0157682 0.0320856 0.577908
0 0.195038 0.960006 0.0160657 0.0343871 0.577752
0 0.266032 0.822564 0.0149483 0.0324688 0.576749
0 0.458387 0.44677 0.0149184 0.0253499 0.576392
0 0.549952 0.28472 0.0145046 0.025387 0.576388
0 0.429031 0.595549 0.0191746 0.0437625 0.575912
0 0.688538 0.0264903 0.0225817 0.0389011 0.575891
0 0.92626 0.70677 0.021582 0.0403951 0.575487
0 0.0210688 0.86618 0.013284 0.0289242 0.575064
0 0.281486 0.293261 0.0177235 0.0377776 0.574744
0 0.0522603 0.303542 0.0248794 0.0449247 0.574356
0 0.681062 0.535538 0.0166679 0.0385146 0.573952
0 0.792176 0.341992 0.0166363 0.0294557 0.573856
0 0.699902 0.860986 0.0162477 0.0293145 0.573402
0 0.171947 0.93252 0.0166108 0.0351241 0.573348
0 0.628636 0.814734 0.0192131 0.0328824 0.572501
0 0.919566 0.180769 0.0154266 0.0253736 0.572341
0 0.902617 0.315796 0.0153265 0.0377573 0.572157
0 0.847791 0.638222 0.0147457 0.027926 0.571964
0 0.622417 0.552049 0.0115938 0.0271982 0.571294
0 0.534185 0.0829848 0.0148312 0.0335172 0.570423
0 0.704327 0.892755 0.0194895 0.0362944 0.570332
0 0.315467 0.949115 0.0147329 0.0313171 0.569036
0 0.628367 0.235171 0.0151876 0.0252327 0.568594
0 0.0981381 0.272483 0.0138467 0.0279741 0.568041
0 0.483356 0.318902 0.0120138 0.024277 0.567248
0 0.742886 0.923296 0.0198347 0.0331065 0.566758
0 0.00994291 0.774474 0.0182768 0.0365492 0.565876
0 0.946386 0.406331 0.0239319 0.0424739 0.563906
0 0.62669 0.340448 0.0195051 0.0403529 0.563618
0 0.386522 0.158182 0.0183868 0.0339833 0.5632
0 0.65722 0.258662 0.0172581 0.032182 0.563198
0 0.102017 0.0566967 0.0139318 0.0275294 0.562067
0 0.376904 0.682152 0.0110507 0.0215834 0.561775
0 0.936369 0.381698 0.0177797 0.0314782 0.561599
0 0.221792 0.917506 0.0152608 0.0304039 0.56144
0 0.459921 0.854349 0.0136096 0.0288991 0.560726
0 0.554862 0.860878 0.0208508 0.0349336 0.560445
0 0.303184 0.202525 0.0232505 0.041411 0.559775
0 0.450573 0.206494 0.021604 0.0372856 0.559171
0 0.0422181 0.745626 0.017491 0.0288583 0.558065
0 0.0264361 0.919362 0.0137398 0.027987 0.5576
0 0.751122 0.708949 0.0162621 0.0310703 0.557535
0 0.697627 0.198555 0.0230117 0.045887 0.557508
0 0.0650305 0.802798 0.0145787 0.0272742 0.555114
0 0.46475 0.400049 0.0120258 0.0226222 0.554979
0 0.168115 0.0853641 0.0202471 0.0323522 0.554498
0 0.510671 0.898397 0.0113831 0.0243639 0.553721
0 0.684856 0.682899 0.0230881 0.0318138 0.552726
0 0.928865 0.964383 0.0237619 0.0328217 0.552583
0 0.588589 0.702335 0.0222822 0.0361104 0.552211
0 0.874505 0.474151 0.0166767 0.0342536 0.551763
0 0.959282 0.754241 0.0228207 0.0424015 0.551617
0 0.255414 0.581563 0.0160845 0.029276 0.550835
0 0.587926 0.509895 0.0178335 0.032134 0.549749
0 0.32395 0.0256969 0.010301 0.0221295 0.548574
0 0.230965 0.434602 0.01745 0.0367625 0.547849
0 0.502906 0.335395 0.0138396 0.0215731 0.547245
0 0.037334 0.635539 0.0182562 0.0316698 0.546997
0 0.220406 0.77591 0.0169135 0.0266997 0.546838
0 0.139309 0.789867 0.013972 0.0244658 0.544792
0 0.0358407 0.137057 0.0191577 0.0335827 0.544368
0 0.285743 0.255179 0.0174523 0.032471 0.543271
0 0.431416 0.209003 0.0151947 0.0316343 0.541833
0 0.768645 0.627505 0.0185898 0.0324575 0.541659
0 0.106076 0.0913423 0.0202849 0.036059 0.541633
0 0.610579 0.57514 0.0113607 0.0296243 0.541214
0 0.813062 0.913577 0.0165747 0.0382771 0.541
0 0.310779 0.0571982 0.0169462 0.0326098 0.540234
0 0.851094 0.212907 0.0176373 0.0325256 0.539918
0 0.200089 0.363071 0.0196768 0.0347181 0.539328
0 0.204652 0.923484 0.01812 0.0345768 0.536801
0 0.826434 0.526945 0.0163351 0.0325173 0.536674
0 0.0497335 0.560998 0.0143808 0.0274495 0.53522
0 0.743129 0.17374 0.018375 0.0385194 0.534763
0 0.343431 0.866781 0.0191497 0.0375166 0.532339
0 0.442046 0.355027 0.0179012 0.032609 0.532291
0 0.14716 0.729083 0.0151609 0.0333657 0.532092
0 0.582194 0.39871 0.0161039 0.0294218 0.530759
0 0.475871 0.264575 0.0149597 0.0322424 0.530373
0 0.222604 0.204164 0.0183381 0.0350826 0.530129
0 0.683212 0.351203 0.0171946 0.0380198 0.529925
0 0.91738 0.019283 0.0201342 0.0326746 0.5295
0 0.603792 0.609363 0.0139563 0.0238641 0.528427
0 0.393387 0.722713 0.0178482 0.03068 0.528397
0 0.902662 0.151628 0.0149559 0.0322812 0.528391
0 0.32691 0.387796 0.0098136 0.0297361 0.528265
0 0.553674 0.317439 0.0135498 0.0216748 0.52768
0 0.408274 0.0465846 0.0157616 0.0325463 0.527589
0 0.287659 0.100204 0.0182766 0.0306592 0.527434
0 0.561942 0.807504 0.0144755 0.0380378 0.526373
0 0.591996 0.912863 0.0137619 0.0290415 0.526268
0 0.272254 0.484751 0.0186375 0.0340259 0.525145
0 0.775151 0.133473 0.0164345 0.0238654 0.524824
0 0.802768 0.47935 0.020244 0.031704 0.524787
0 0.649776 0.197952 0.020477 0.0306951 0.523897
0 0.489077 0.561887 0.0174586 0.0317539 0.523564
0 0.411495 0.146888 0.019628 0.0272493 0.523275
0 0.00690599 0.40038 0.0128943 0.0206148 0.522448
0 0.040261 0.912256 0.0119533 0.0221091 0.522251
0 0.832426 0.608284 0.015411 0.0416795 0.521936
0 0.0617613 0.39465 0.0237066 0.0469977 0.521914
0 0.541761 0.468815 0.0130386 0.0244283 0.521828
0 0.911357 0.364774 0.0172672 0.0316188 0.521713
0 0.635281 0.423885 0.0179883 0.031987 0.520779
0 0.270913 0.230701 0.0144281 0.0269085 0.519516
0 0.820782 0.103462 0.0129101 0.0239852 0.519148
0 0.36365 0.622062 0.0174158 0.0268826 0.517404
0 0.144108 0.100959 0.0193252 0.0303104 0.517055
0 0.760417 0.680437 0.014466 0.0287383 0.515846
0 0.93567 0.844366 0.0219779 0.0450337 0.515168
0 0.275985 0.345096 0.0246335 0.0471001 0.515167
0 0.505475 0.161619 0.0193817 0.0283805 0.514557
0 0.888642 0.428338 0.0197999 0.0541606 0.514148
0 0.370531 0.219744 0.0157776 0.0306807 0.513632
0 0.394168 0.632291 0.0125966 0.0257823 0.512971
0 0.821064 0.459516 0.0120247 0.036839 0.512018
0 0.827648 0.323924 0.0184714 0.0395317 0.511138
0 0.605311 0.907042 0.014226 0.0257677 0.510515
0 0.504518 0.36666 0.0173433 0.0334832 0.510405
0 0.943914 0.220335 0.0150613 0.0324812 0.509582
0 0.794905 0.297185 0.0180613 0.0332015 0.509456
0 0.553237 0.0926951 0.0129246 0.0245423 0.509002
0 0.823994 0.388776 0.0160862 0.0257172 0.507833
0 0.0289746 0.540087 0.0146618 0.0288667 0.507308
0 0.538584 0.337633 0.0100601 0.0232329 0.507065
0 0.900569 0.212207 0.017318 0.0282998 0.50619
0 0.00855463 0.954719 0.0149778 0.0277822 0.505614
0 0.575444 0.663317 0.0116831 0.0254912 0.505002
0 0.526127 0.655902 0.0171214 0.0304048 0.503868
0 0.148976 0.0292097 0.0295609 0.0506515 0.503866
0 0.719793 0.390973 0.0175509 0.0316289 0.503226
0 0.0332972 0.467924 0.0144851 0.0271685 0.502942
0 0.786038 0.90919 0.0124456 0.0222308 0.50249
0 0.549443 0.9753 0.0214172 0.0413815 0.502438
0 0.567004 0.0493274 0.0193757 0.0379579 0.502336
0 0.56786 0.200504 0.0114061 0.021568 0.502084
0 0.550565 0.65368 0.0204581 0.036684 0.498692
0 0.680448 0.635492 0.0170994 0.0331507 0.498597
0 0.455605 0.0115704 0.0165441 0.0230706 0.497585
0 0.254176 0.430559 0.022786 0.036254 0.497486
0 0.776344 0.312058 0.0124092 0.0249686 0.497375
0 0.166818 0.752723 0.019568 0.0401744 0.497287
0 0.654115 0.560522 0.0217636 0.0514483 0.497127
0 0.539777 0.0201975 0.0201624 0.0391115 0.497083
0 0.229218 0.960336 0.0167448 0.0313673 0.49575
0 0.706547 0.0651371 0.0164375 0.0289408 0.49134
0 0.026762 0.677048 0.0147295 0.031626 0.491213
0 0.778342 0.409162 0.0136627 0.0258265 0.491119
0 0.731706 0.810375 0.0188131 0.040724 0.491107
0 0.412456 0.798937 0.0166822 0.0306658 0.490877
0 0.975013 0.17863 0.0165432 0.0272818 0.490528
0 0.479304 0.847401 0.0157876 0.0235026 0.489727
0 0.0692793 0.522649 0.0126381 0.0274014 0.48893
0 0.0683815 0.337869 0.0194009 0.0337591 0.487863
0 0.31027 0.324686 0.0172674 0.0331132 0.487014
0 0.183255 0.402927 0.0217345 0.0366998 0.486651
0 0.355081 0.548178 0.019477 0.0338143 0.486128
0 0.218752 0.66844 0.0285208 0.0540649 0.485557
0 0.677366 0.838278 0.0191015 0.0437415 0.484936
0 0.0247954 0.757879 0.0155512 0.0284504 0.484237
0 0.768056 0.430381 0.0128445 0.0234951 0.483895
0 0.172085 0.891609 0.0148534 0.0233663 0.482848
0 0.149253 0.18672 0.0214988 0.0394608 0.482748
0 0.836399 0.965845 0.0154002 0.0320116 0.482138
0 0.912054 0.851922 0.0159031 0.0284167 0.48188
0 0.737665 0.41688 0.0160734 0.0314816 0.481591
0 0.372129 0.0388225 0.0236574 0.0390635 0.481155
0 0.230307 0.842101 0.020243 0.0473297 0.48088
0 0.862882 0.110223 0.015143 0.0259649 0.480418
0 0.658657 0.517261 0.0153923 0.0324587 0.480172
0 0.0298373 0.0790447 0.0192476 0.0276882 0.479936
0 0.341476 0.227784 0.0128064 0.0229621 0.479907
0 0.507957 0.408042 0.0251543 0.0381626 0.479384
0 0.82111 0.792816 0.0197021 0.0384072 0.47883
0 0.802332 0.666382 0.0220983 0.0414344 0.478791
0 0.78205 0.697314 0.0117512 0.0328188 0.477943
0 0.180544 0.985283 0.0152223 0.0276658 0.477784
0 0.93601 0.923785 0.0165771 0.0326162 0.477768
0 0.789435 0.588722 0.011702 0.0219435 0.477227
0 0.0243238 0.0206597 0.0220264 0.039744 0.477112
0 0.288591 0.728665 0.0186519 0.0320653 0.475904
0 0.599109 0.461881 0.0184629 0.0325234 0.475431
0 0.329061 0.063014 0.0139598 0.0207613 0.474381
0 0.594481 0.248813 0.0118009 0.0365325 0.474026
0 0.44696 0.299919 0.015995 0.0232222 0.473774
0 0.281181 0.191907 0.011615 0.0368471 0.473636
0 0.0788285 0.23533 0.0193751 0.037946 0.473613
0 0.675875 0.407658 0.0138747 0.0289691 0.473115
0 0.400526 0.288239 0.0165964 0.0298071 0.472337
0 0.309793 0.565234 0.0132555 0.0264581 0.472221
0 0.308502 0.102468 0.0139157 0.0250583 0.472155
0 0.630013 0.0496411 0.0133101 0.024677 0.472135
0 0.917993 0.670339 0.0188753 0.0333605 0.471893
0 0.484809 0.454881 0.0157752 0.0287306 0.470815
0 0.803698 0.137842 0.0201206 0.0330287 0.469765
0 0.0207712 0.38606 0.0142105 0.031198 0.469661
0 0.715818 0.977048 0.0162265 0.0239173 0.469182
0 0.622078 0.395753 0.0171206 0.0363163 0.469054
0 0.0534587 0.693476 0.0157905 0.0260236 0.468422
0 0.22667 0.0395813 0.0135188 0.0234546 0.468361
0 0.718527 0.586248 0.0152279 0.036199 0.468125
0 0.832252 0.845932 0.0159672 0.0301897 0.468104
0 0.543465 0.578668 0.0118512 0.0307063 0.46717
0 0.247324 0.784063 0.0150494 0.0314874 0.467069
0 0.262401 0.0943649 0.0234948 0.0440483 0.465071
0 0.374557 0.0987931 0.0194099 0.0298855 0.465054
0 0.141699 0.98082 0.0161579 0.0329608 0.465028
0 0.530785 0.943421 0.0177256 0.0299424 0.464858
0 0.73186 0.359148 0.014799 0.0294135 0.464358
0 0.628332 0.917726 0.02069 0.0311242 0.463894
0 0.00590713 0.0357704 0.0117142 0.0343256 0.463567
0 0.250463 0.36221 0.0167161 0.0311791 0.463288
0 0.9186 0.518328 0.0170761 0.0287448 0.462738
0 0.399762 0.467234 0.0231201 0.0389782 0.462333
0 0.324637 0.473876 0.0283286 0.0426161 0.462247
0 0.555682 0.486336 0.0163033 0.0311189 0.462174
0 0.43339 0.510139 0.0126566 0.0303259 0.461493
0 0.649158 0.836914 0.0194893 0.0319646 0.459817
0 0.932462 0.460272 0.026812 0.0373986 0.459331
0 0.520327 0.341103 0.0111872 0.021647 0.458945
0 0.535204 0.179104 0.0143964 0.0294439 0.457209
0 0.580616 0.138999 0.0127029 0.0245022 0.456166
0 0.288028 0.595496 0.0157056 0.0240712 0.45594
0 0.76179 0.376702 0.0187153 0.0343368 0.455779
0 0.886968 0.338477 0.014415 0.0344079 0.455759
0 0.564715 0.946687 0.012731 0.0215139 0.455362
0 0.305042 0.495274 0.0125141 0.026315 0.454266
0 0.513203 0.535045 0.0174515 0.0330992 0.454246
0 0.775402 0.0951589 0.017944 0.0333179 0.453814
0 0.718346 0.673679 0.0147999 0.0275424 0.453543
0 0.714842 0.362766 0.0147079 0.0228056 0.453479
0 0.166407 0.798556 0.0300684 0.0485301 0.452338
0 0.844319 0.0343659 0.0156792 0.034067 0.452252
0 0.587854 0.859082 0.016637 0.0330327 0.451024
0 0.142332 0.135974 0.0190198 0.0332645 0.450712
0 0.816962 0.838071 0.0154491 0.0274051 0.450506
0 0.36243 0.65415 0.0150629 0.0237064 0.450023
0 0.233217 0.100991 0.0137925 0.0262874 0.449936
0 0.258266 0.282283 0.020556 0.0253748 0.44983
0 0.646612 0.297222 0.0141445 0.024933 0.447436
0 0.881766 0.860894 0.0160629 0.0304423 0.447332
0 0.0101371 0.898206 0.0160393 0.0280087 0.447185
0 0.222902 0.0882306 0.0148587 0.0257227 0.445996
0 0.606095 0.940686 0.0168783 0.0274007 0.445326
0 0.0166172 0.614035 0.0126396 0.0263112 0.444928
0 0.70322 0.255394 0.0248392 0.042739 0.444539
0 0.826327 0.881249 0.0115849 0.0267632 0.443482
0 0.556612 0.752537 0.0184004 0.0345344 0.443146
0 0.372208 0.58434 0.0165679 0.0314236 0.443014
0 0.011182 0.21259 0.0200557 0.0383253 0.442977
0 0.345026 0.651573 0.0159094 0.0293745 0.44297
0 0.0640963 0.0109399 0.025086 0.0208691 0.441741
0 0.538151 0.798272 0.0170986 0.0285038 0.441705
0 0.983468 0.798221 0.0207901 0.0400955 0.440996
0 0.516288 0.47906 0.0211931 0.04389 0.440654
0 0.303008 0.294072 0.0151393 0.0277327 0.440372
0 0.419149 0.374251 0.0151993 0.0252324 0.439846
0 0.24324 0.944178 0.015389 0.0297492 0.438486
0 0.673997 0.712165 0.0152978 0.0271284 0.438128
0 0.120295 0.846976 0.0172871 0.0325131 0.435329
0 0.32058 0.813731 0.0160283 0.0236264 0.433795
0 0.616529 0.437756 0.0120164 0.02764 0.433
0 0.797116 0.379368 0.0131213 0.0223501 0.432517
0 0.527867 0.0535263 0.0140301 0.0289665 0.429023
0 0.0515019 0.9318 0.018364 0.0316733 0.428676
0 0.288429 0.558239 0.0136949 0.0274796 0.427331
0 0.149287 0.402512 0.0246494 0.0431153 0.426886
0 0.00698935 0.817915 0.0135616 0.0339067 0.425957
0 0.256153 0.466861 0.0168948 0.0272886 0.42448
0 0.445215 0.473766 0.0142011 0.0225189 0.423437
0 0.654451 0.651434 0.0129825 0.0242927 0.423142
0 0.956212 0.30525 0.0164059 0.0277872 0.423077
0 0.982476 0.356655 0.0163383 0.0294311 0.423045
0 0.567934 0.452504 0.014777 0.0276862 0.422377
0 0.600863 0.657499 0.0234789 0.040478 0.421982
0 0.327302 0.5148 0.0254711 0.0341151 0.421782
0 0.598242 0.140519 0.0168617 0.0285258 0.420976
0 0.601465 0.368393 0.0142179 0.0323849 0.420707
0 0.747133 0.795477 0.0136251 0.0267466 0.418886
0 0.175267 0.160851 0.0143362 0.0224053 0.418418
0 0.378518 0.749437 0.0138949 0.0233114 0.417839
0 0.792966 0.862857 0.0174295 0.0277822 0.416018
0 0.104476 0.170022 0.0127558 0.0243822 0.414685
0 0.811219 0.313589 0.0100693 0.0235224 0.414004
0 0.764303 0.338587 0.0153393 0.0292426 0.41399
0 0.664999 0.291005 0.0138256 0.0235948 0.413681
0 0.908979 0.117388 0.0151615 0.0261596 0.413151
0 0.354058 0.76614 0.0203183 0.0307312 0.412434
0 0.91745 0.407299 0.0190289 0.0431666 0.412431
0 0.354708 0.685548 0.0195493 0.0334288 0.412356
0 0.434856 0.668784 0.014242 0.0264158 0.411655
0 0.751442 0.496756 0.0154982 0.02894 0.411613
0 0.24543 0.817541 0.0167614 0.0265578 0.411145
0 0.103017 0.318559 0.0140573 0.0298814 0.410896
0 0.568664 0.0537333 0.0198881 0.0333345 0.410585
0 0.888885 0.952301 0.0279184 0.0531508 0.410218
0 0.305279 0.828744 0.0156734 0.03058 0.410034
0 0.775304 0.93094 0.0168965 0.0305793 0.409912
0 0.313317 0.775459 0.0198599 0.0243074 0.408501
0 0.337647 0.922771 0.016647 0.0305993 0.408282
0 0.775398 0.198499 0.01791 0.0296911 0.408259
0 0.91697 0.401301 0.0178322 0.0337858 0.408136
0 0.224443 0.339446 0.0192994 0.0409877 0.408129
0 0.719335 0.714776 0.0137589 0.0311372 0.407435
0 0.00836894 0.693849 0.0160862 0.0263321 0.406983
0 0.723476 0.328704 0.0139977 0.0303623 0.406565
0 0.966416 0.0873796 0.0292245 0.0520353 0.405615
0 0.81591 0.0664269 0.0143177 0.0266549 0.405549
0 0.879238 0.80448 0.0214437 0.0410787 0.402743
0 0.870451 0.266046 0.0149822 0.0434092 0.401504
0 0.435982 0.799024 0.0206742 0.0317837 0.400958
0 0.490451 0.511232 0.0134499 0.0267366 0.400226
0 0.773009 0.508865 0.0215611 0.0304138 0.399947
0 0.65366 0.165098 0.0127594 0.0245613 0.398791
0 0.0797332 0.112265 0.0177084 0.0367513 0.398513
0 0.928499 0.321601 0.0230961 0.0381925 0.398129
0 0.365906 0.927297 0.0139118 0.0221995 0.397753
0 0.1143 0.25032 0.0159568 0.0252382 0.397255
0 0.312068 0.142227 0.0140167 0.0334743 0.396752
0 0.318316 0.670962 0.0206998 0.0442984 0.396444
0 0.964937 0.947759 0.0145084 0.0276347 0.396257
0 0.574892 0.0986136 0.0163345 0.028752 0.393896
0 0.414773 0.47777 0.0151537 0.0274239 0.392998
0 0.82378 0.753205 0.0164543 0.0252424 0.392668
0 0.331827 0.555695 0.0178697 0.0334358 0.392359
0 0.523939 0.264962 0.0145004 0.031434 0.392084
0 0.255689 0.929803 0.0149001 0.030088 0.391954
0 0.323561 0.120573 0.00932446 0.0292657 0.391949
0 0.565111 0.516723 0.010776 0.0357325 0.390181
0 0.13127 0.696044 0.0163604 0.0301077 0.389888
0 0.901637 0.494623 0.0241203 0.0375699 0.389807
0 0.321193 0.984291 0.021454 0.0303136 0.389238
0 0.146283 0.0278784 0.0250324 0.04105 0.387935
0 0.12504 0.806894 0.0191128 0.0313889 0.386585
0 0.92682 0.633748 0.0164584 0.0263874 0.385912
0 0.399256 0.752878 0.0158358 0.0280701 0.385643
0 0.260086 0.100463 0.0226019 0.0344853 0.384764
0 0.394039 0.0172032 0.0141306 0.0262954 0.384618
0 0.856944 0.312374 0.0205717 0.0315835 0.384604
0 0.36661 0.804905 0.0167898 0.0298628 0.38433
0 0.211501 0.488118 0.013041 0.0331485 0.383854
0 0.754187 0.26974 0.0268159 0.0383874 0.383799
0 0.0971921 0.564253 0.0147971 0.028002 0.38376
0 0.971699 0.391119 0.0169777 0.0333272 0.383105
0 0.663133 0.322755 0.0139876 0.026811 0.383057
0 0.653282 0.71869 0.0156183 0.0248589 0.382458
0 0.647526 0.801775 0.0136697 0.0190172 0.381389
0 0.515456 0.0799351 0.0136873 0.023144 0.380609
0 0.127233 0.101101 0.011609 0.0262561 0.379164
0 0.801196 0.00811927 0.0139479 0.0153975 0.379067
0 0.00549717 0.585564 0.0109528 0.0334344 0.378759
0 0.886522 0.0168034 0.0207684 0.0334442 0.377413
0 0.769261 0.0214084 0.0175478 0.0295628 0.375222
0 0.484655 0.413379 0.0154602 0.0288854 0.374901
0 0.950899 0.979028 0.0147363 0.0307139 0.374428
0 0.21715 0.806092 0.0182936 0.0319889 0.374016
0 0.0546876 0.775337 0.0142882 0.0255612 0.373751
0 0.101589 0.708076 0.0132018 0.0206733 0.373715
0 0.629271 0.948131 0.0183069 0.0252461 0.371964
0 0.918559 0.417936 0.0183319 0.0311183 0.371393
0 0.490728 0.220369 0.020123 0.0369108 0.370564
0 0.0140795 0.50974 0.0154612 0.0249312 0.370118
0 0.434386 0.792296 0.0239069 0.0447106 0.369879
0 0.79051 0.956374 0.0148893 0.0235207 0.369441
0 0.55154 0.223546 0.0245218 0.0379226 0.369424
0 0.302896 0.967967 0.01324 0.0313015 0.368103
0 0.48646 0.351792 0.0118183 0.026562 0.366326
0 0.778922 0.745874 0.0134324 0.0239641 0.364538
0 0.629871 0.264684 0.0137869 0.0235835 0.364473
0 0.908896 0.57715 0.0158991 0.0254262 0.364421
0 0.261048 0.278478 0.0190898 0.0311191 0.364165
0 0.106279 0.222991 0.0179056 0.0311573 0.363794
0 0.176766 0.214845 0.0178137 0.0309956 0.360863
0 0.866895 0.354684 0.0197968 0.0443833 0.360565
0 0.655183 0.567826 0.0209005 0.0468025 0.36
0 0.865687 0.152298 0.0137227 0.0290247 0.359398
0 0.498763 0.789139 0.0129732 0.0274553 0.358274
0 0.70143 0.386505 0.0131503 0.0264651 0.35796
0 0.515111 0.561637 0.0158035 0.0270859 0.357743
0 0.0601162 0.125875 0.0132106 0.021089 0.357453
0 0.094601 0.487024 0.0161565 0.0252504 0.356708
0 0.373065 0.719699 0.0133452 0.021552 0.356669
0 0.344559 0.323324 0.0181351 0.0247509 0.356215
0 0.435662 0.0873355 0.0243416 0.039156 0.355536
0 0.832727 0.12937 0.0164684 0.0249702 0.35525
0 0.610352 0.692125 0.0144382 0.0245187 0.355127
0 0.766622 0.79107 0.0175026 0.0303285 0.354838
0 0.112907 0.913536 0.0196749 0.0258182 0.354018
0 0.849855 0.411883 0.0112831 0.0385039 0.3536
0 0.512276 0.992486 0.0200905 0.0145386 0.353041
0 0.865122 0.544856 0.0167591 0.0250558 0.352279
0 0.11689 0.0207329 0.0160056 0.0315019 0.351629
0 0.200587 0.199026 0.0161566 0.0288584 0.351181
0 0.899135 0.989231 0.0168045 0.0206945 0.35093
0 0.461369 0.768646 0.0176978 0.0334344 0.349481
0 0.900037 0.0728753 0.0174463 0.0286889 0.347113
0 0.889063 0.535757 0.0179592 0.0254139 0.347111
0 0.97613 0.252283 0.0172419 0.0302738 0.34355
0 0.937382 0.264746 0.0154503 0.0254747 0.340152
0 0.358939 0.496742 0.0202799 0.0353776 0.338661
0 0.75293 0.874933 0.0157274 0.0282667 0.338595
0 0.59071 0.423655 0.0116083 0.0336239 0.338497
0 0.930619 0.556674 0.0137783 0.0343892 0.338377
0 0.340011 0.106832 0.0197488 0.0306951 0.336765
0 0.644835 0.897915 0.0178598 0.0300579 0.336647
0 0.939081 0.767011 0.0118034 0.0233812 0.336052
0 0.00673546 0.859029 0.0132379 0.0266246 0.333529
0 0.533547 0.441803 0.0123519 0.0259094 0.333271
0 0.319139 0.426204 0.0102115 0.0249172 0.333067
0 0.996544 0.708557 0.00691299 0.0473589 0.332838
0 0.599619 0.0151895 0.0197703 0.0294121 0.332424
0 0.883146 0.657167 0.0148159 0.0244814 0.332045
0 0.0453968 0.430277 0.0125755 0.0243924 0.330429
0 0.816536 0.611284 0.0177197 0.0414804 0.328924
0 0.264439 0.0862441 0.0214591 0.0341655 0.327144
0 0.0933378 0.794953 0.0165114 0.0366221 0.326488
0 0.0183342 0.988734 0.0179936 0.0214756 0.325154
0 0.352616 0.950773 0.0143894 0.027561 0.324623
0 0.481373 0.898285 0.0152277 0.0221144 0.323978
0 0.673747 0.946654 0.016872 0.0232321 0.323777
0 0.0338438 0.404076 0.0162226 0.0318631 0.323284
0 0.798953 0.108526 0.0168724 0.0208877 0.322349
0 0.837811 0.0695014 0.0158852 0.0189454 0.322023
0 0.9194 0.0589561 0.0124786 0.0247088 0.32196
0 0.740077 0.849765 0.0142759 0.0242637 0.321947
0 0.24284 0.906853 0.0175208 0.0274289 0.321566
0 0.0699876 0.917326 0.0191217 0.036594 0.32058
0 0.823376 0.796721 0.0194134 0.0328644 0.319995
0 0.180967 0.573155 0.0172835 0.029858 0.31945
0 0.463957 0.549092 0.0236015 0.03504 0.31914
0 0.011799 0.547263 0.0175616 0.0222349 0.319003
0 0.740783 0.985975 0.019692 0.0267368 0.318699
0 0.0691529 0.910983 0.0189992 0.0337765 0.318683
0 0.506835 0.0104272 0.0157617 0.0202998 0.318079
0 0.673609 0.568403 0.0138462 0.0239813 0.317842
0 0.447096 0.500496 0.014699 0.0249274 0.316404
0 0.593514 0.910808 0.0124154 0.0276208 0.314676
0 0.380292 0.820444 0.0162725 0.0266755 0.313951
0 0.919039 0.774052 0.0180932 0.0308627 0.312804
0 0.799105 0.782381 0.0156368 0.0267778 0.312146
0 0.228564 0.488331 0.0154073 0.0313907 0.312024
0 0.670959 0.180167 0.0161481 0.0214219 0.311757
0 0.0266309 0.830957 0.0134412 0.0270833 0.311524
0 0.628935 0.0453051 0.0138335 0.021151 0.311399
0 0.0222406 0.156934 0.0140058 0.0197952 0.310904
0 0.340139 0.686703 0.0100719 0.0255463 0.310811
0 0.463934 0.233023 0.0177126 0.0234724 0.310327
0 0.965225 0.511829 0.0224945 0.0318302 0.310107
0 0.509637 0.702905 0.0159106 0.0339121 0.309517
0 0.484674 0.958125 0.0123153 0.0255141 0.309285
0 0.202592 0.0972343 0.0157303 0.028927 0.308957
0 0.650322 0.108777 0.0208811 0.0328306 0.308544
0 0.419249 0.314041 0.0182646 0.0266274 0.307627
0 0.498305 0.888935 0.0155384 0.024665 0.307579
0 0.0511043 0.963811 0.0175832 0.0282823 0.307485
0 0.991747 0.221846 0.0157913 0.0257409 0.306311
0 0.53035 0.880935 0.0176786 0.0295875 0.305935
0 0.57456 0.735822 0.0166142 0.0319628 0.305344
0 0.0385077 0.804779 0.0162134 0.0310482 0.305145
0 0.668148 0.00660231 0.016136 0.0132046 0.304811
0 0.848994 0.110459 0.0126251 0.0351787 0.303763
0 0.169993 0.507298 0.0120768 0.0187832 0.303667
0 0.325389 0.699467 0.0143483 0.0218185 0.30227
0 0.185757 0.854223 0.0187015 0.0314699 0.301947
0 0.019182 0.459855 0.014644 0.0261785 0.301466
0 0.617456 0.987001 0.0206567 0.0247978 0.301381
0 0.0726622 0.922471 0.0170431 0.0350647 0.301144
0 0.603198 0.966822 0.0128249 0.0234467 0.300658
0 0.00511543 0.303331 0.0101791 0.0332069 0.300485
0 0.470018 0.152662 0.0210683 0.0314957 0.300328
0 0.115368 0.689282 0.019039 0.0357405 0.299909
0 0.0746567 0.772136 0.0161055 0.0246772 0.29988
0 0.00836193 0.919534 0.0150372 0.0189684 0.298874
0 0.705723 0.659952 0.0146292 0.0322651 0.297602
0 0.708409 0.820253 0.0105061 0.0200609 0.297455
0 0.118705 0.72775 0.0176927 0.0257706 0.297279
0 0.319272 0.686877 0.0188183 0.0316158 0.296879
0 0.420212 0.528707 0.0165819 0.032706 0.296022
0 0.724998 0.0202774 0.0351227 0.0399464 0.295872
0 0.353975 0.248687 0.0192241 0.0323574 0.295511
0 0.777218 0.663818 0.00912806 0.0259256 0.295139
0 0.416468 0.227278 0.0168323 0.0314139 0.294785
0 0.107491 0.827071 0.0114826 0.0224182 0.294321
0 0.612213 0.53433 0.0126821 0.0317985 0.294193
0 0.0560923 0.1575 0.0169971 0.0243394 0.294017
0 0.964872 0.2085 0.0152664 0.0296258 0.293967
0 0.878099 0.897613 0.0164812 0.0303546 0.293148
0 0.730533 0.7021 0.0145139 0.0264256 0.29285
0 0.944763 0.496445 0.0110657 0.0247124 0.291568
0 0.00375589 0.358768 0.0074754 0.0342234 0.290855
0 0.0615455 0.461098 0.015629 0.0245145 0.290431
0 0.670566 0.487523 0.0126631 0.0218955 0.290155
0 0.964672 0.915685 0.0165169 0.028165 0.289934
0 0.863667 0.620126 0.0124577 0.0287601 0.288795
0 0.291655 0.0666178 0.0166882 0.0322179 0.288616
0 0.739997 0.754013 0.0124866 0.0265754 0.288419
0 0.818074 0.989209 0.0195244 0.0203111 0.286912
0 0.102331 0.710759 0.012723 0.020127 0.286656
0 0.908524 0.489911 0.0250484 0.0335329 0.286475
0 0.387313 0.3183 0.0185859 0.0280639 0.286264
0 0.335718 0.834508 0.0118015 0.0222856 0.28537
0 0.0442693 0.347867 0.0171639 0.0299315 0.284781
0 0.754684 0.0185222 0.00857557 0.0251111 0.284665
0 0.368882 0.333944 0.0129106 0.0245341 0.284281
0 0.0112566 0.178232 0.0148132 0.0235092 0.282224
0 0.33953 0.431445 0.0207794 0.0337682 0.281952
0 0.623091 0.205209 0.0112974 0.0235445 0.281935
0 0.205386 0.62145 0.0174432 0.0296434 0.281759
0 0.632522 0.168144 0.0164223 0.0172735 0.28164
0 0.101092 0.0153093 0.0171129 0.0284496 0.281286
0 0.567139 0.693928 0.0100491 0.0194342 0.281216
0 0.463198 0.333866 0.0138155 0.017445 0.280799
0 0.459242 0.772496 0.0200434 0.0332781 0.280666
0 0.367536 0.12679 0.0214699 0.0296822 0.280581
0 0.302929 0.265011 0.0130086 0.0221759 0.280062
0 0.818946 0.839601 0.0146854 0.0298286 0.27978
0 0.782336 0.0168899 0.0156837 0.0286166 0.279242
0 0.6655 0.369293 0.0144196 0.0234475 0.279065
0 0.325136 0.119822 0.00918465 0.0291242 0.278693
0 0.613984 0.222924 0.0111071 0.0255027 0.278654
0 0.637107 0.53703 0.0139305 0.0213719 0.277478
0 0.22619 0.598883 0.0192951 0.042474 0.276876
0 0.293549 0.677949 0.0168114 0.0331594 0.276589
0 0.664375 0.983828 0.0159157 0.0310343 0.274041
0 0.853096 0.955954 0.0139599 0.026928 0.273787
0 0.409116 0.433478 0.0171206 0.0234733 0.271793
0 0.0192045 0.310221 0.0168255 0.0281184 0.271032
0 0.515423 0.494912 0.0196042 0.0283429 0.270371
0 0.201112 0.125725 0.016047 0.0264865 0.270202
0 0.892721 0.76954 0.017016 0.0285183 0.270123
0 0.178554 0.616824 0.0280798 0.0501881 0.269845
0 0.689994 0.282043 0.0192799 0.0328494 0.269834
0 0.625724 0.63481 0.013217 0.0220879 0.269773
0 0.127583 0.617046 0.0169364 0.0306411 0.26893
0 0.340313 0.394134 0.014244 0.0219927 0.268919
0 0.571311 0.298791 0.0193014 0.0267937 0.268501
0 0.502409 0.125979 0.0141684 0.0254944 0.267869
0 0.764302 0.0645584 0.0108836 0.0440902 0.267738
0 0.31943 0.905507 0.0137736 0.0257026 0.267209
0 0.577444 0.928659 0.0151903 0.0260986 0.266183
0 0.865357 0.540674 0.0186865 0.0340191 0.266003
0 0.752515 0.408111 0.0122926 0.0232178 0.265916
0 0.141494 0.0982455 0.0222615 0.0347841 0.26529
0 0.410182 0.629601 0.0134692 0.0257907 0.26519
0 0.604972 0.372921 0.0199586 0.0396907 0.263863
0 0.734851 0.954578 0.0148059 0.0280113 0.26377
0 0.313802 0.139232 0.0117215 0.0300437 0.263667
0 0.797181 0.774755 0.0144336 0.023173 0.263523
0 0.603739 0.665843 0.0175481 0.0266894 0.263249
0 0.981029 0.961533 0.0151688 0.0272281 0.262834
0 0.180855 0.106726 0.0155724 0.0281679 0.262435
0 0.522887 0.234369 0.015069 0.0216554 0.262321
0 0.0297668 0.496326 0.0186006 0.0309275 0.262128
0 0.230493 0.587904 0.0200191 0.0343292 0.260751
0 0.543513 0.470121 0.0110669 0.0227187 0.260465
0 0.391463 0.357294 0.0168399 0.0266606 0.259482
0 0.526773 0.125019 0.0164382 0.0312453 0.259334
0 0.6572 0.575364 0.0165023 0.0350656 0.259112
0 0.887863 0.746685 0.0203461 0.0387105 0.258965
0 0.453425 0.375596 0.0158951 0.0232878 0.258532
0 0.501701 0.52933 0.0090011 0.0259488 0.258384
0 0.183997 0.744773 0.0202438 0.0372813 0.256773
0 0.340818 0.739815 0.0159742 0.0268297 0.256327
0 0.0178533 0.45494 0.0181467 0.0302875 0.255488
0 0.340005 0.809077 0.0123508 0.028459 0.255255
0 0.47348 0.73577 0.015645 0.0206363 0.255216
0 0.640821 0.773646 0.0113045 0.0230289 0.252686
0 0.725569 0.229927 0.0101698 0.0340041 0.252644
0 0.326848 0.70207 0.0130871 0.0210836 0.251425
0 0.28795 0.504873 0.015334 0.0378474 0.249492
0 0.314151 0.86356 0.015314 0.0323408 0.248964
0 0.15906 0.398081 0.0136596 0.0355738 0.248643
0 0.0327618 0.942591 0.0121421 0.0221497 0.247146
0 0.693296 0.598496 0.0167716 0.0346368 0.247025
0 0.550911 0.229145 0.0226387 0.0309202 0.245855
0 0.316333 0.773226 0.0178645 0.0247928 0.245259
0 0.984872 0.861532 0.0149986 0.0261307 0.244945
0 0.453459 0.583958 0.0133145 0.0291626 0.244854
0 0.0845955 0.112519 0.0223845 0.035996 0.244018
0 0.244517 0.987109 0.0202758 0.0241977 0.243927
0 0.834694 0.368191 0.0235018 0.0333238 0.243199
0 0.612401 0.338828 0.0105808 0.0351212 0.24278
0 0.0339006 0.408942 0.0157508 0.0268976 0.241984
0 0.53098 0.439804 0.0127658 0.0301004 0.241777
0 0.909254 0.367548 0.0199032 0.0352533 0.241603
0 0.615197 0.220572 0.0110037 0.0244871 0.241415
0 0.66797 0.0492188 0.0177931 0.0353344 0.241303
0 0.749794 0.266683 0.0201283 0.0316538 0.241293
0 0.210829 0.395684 0.0180764 0.0260787 0.24111
0 0.505895 0.686953 0.0222983 0.0633231 0.240392
0 0.348955 0.369878 0.0159126 0.0255909 0.239748
0 0.350476 0.807194 0.0140833 0.0292241 0.239685
0 0.426806 0.945424 0.00999088 0.0390808 0.239469
0 0.323831 0.514381 0.0213016 0.0316676 0.239093
0 0.765192 0.741685 0.0128202 0.0292606 0.238994
0 0.326972 0.199251 0.0100383 0.0215363 0.238991
0 0.245299 0.910306 0.0163834 0.0241514 0.237707
0 0.349215 0.600791 0.015103 0.0249199 0.237419
0 0.134082 0.0577305 0.0115087 0.028406 0.237324
0 0.248548 0.233717 0.0191509 0.0254922 0.236045
0 0.429832 0.275655 0.013168 0.027751 0.235958
0 0.172877 0.0128483 0.0129292 0.020024 0.235823
0 0.566335 0.596914 0.0185548 0.0330963 0.234101
0 0.204833 0.692798 0.014529 0.0303952 0.234094
0 0.468869 0.596165 0.0169403 0.0311409 0.233613
0 0.752325 0.21342 0.0176897 0.028662 0.233305
0 0.0175749 0.433194 0.0185956 0.0301607 0.233195
0 0.828976 0.229254 0.0232803 0.0374645 0.232929
0 0.911442 0.708044 0.0123566 0.0294912 0.232187
0 0.10949 0.120678 0.0137311 0.0207187 0.232031
0 0.0560327 0.184843 0.0158878 0.0249069 0.231656
0 0.738949 0.454683 0.0171363 0.0312083 0.230645
0 0.715046 0.806024 0.0115147 0.0222658 0.23057
0 0.750067 0.476318 0.0183979 0.0291261 0.230567
0 0.254002 0.467518 0.0183047 0.0309757 0.230232
0 0.565513 0.450268 0.0173456 0.0298125 0.230049
0 0.778166 0.0185502 0.022233 0.0325012 0.230017
0 0.388141 0.357912 0.0217802 0.0274471 0.229819
0 0.846613 0.919949 0.0146795 0.0252675 0.229152
0 0.207193 0.163273 0.0150919 0.0334772 0.228279
0 0.00541884 0.359243 0.0108377 0.0331918 0.227888
0 0.863595 0.348253 0.0189333 0.0363706 0.227431
0 0.516936 0.473855 0.0190858 0.0318953 0.226725
0 0.270482 0.695068 0.0142922 0.0230558 0.225617
0 0.652694 0.678927 0.0142658 0.023235 0.225509
0 0.884258 0.15812 0.0152534 0.0268437 0.225498
0 0.88853 0.753144 0.0226426 0.0463308 0.22527
0 0.0795852 0.445923 0.0164778 0.0321889 0.22485
0 0.745567 0.989449 0.0223042 0.020123 0.224765
0 0.44534 0.82848 0.0138846 0.0261227 0.224741
0 0.248443 0.317653 0.0206319 0.0348466 0.224479
0 0.498154 0.527465 0.0121634 0.0253604 0.223732
0 0.480112 0.761262 0.0184803 0.0314195 0.22274
0 0.0271188 0.792204 0.0136607 0.0245239 0.222681
0 0.52891 0.943352 0.0192036 0.0370704 0.2215
0 0.298385 0.161446 0.0125448 0.0238861 0.221379
0 0.315295 0.601072 0.0122793 0.0277353 0.221333
0 0.410876 0.431407 0.0163806 0.02274 0.220745
0 0.840391 0.677126 0.0211231 0.0395021 0.220543
0 0.635654 0.503938 0.0153669 0.0250439 0.220379
0 0.793426 0.0455173 0.0199757 0.0332539 0.220204
0 0.956003 0.368357 0.0138203 0.0236433 0.220143
0 0.49172 0.225109 0.0185207 0.0303149 0.218386
0 0.127742 0.289223 0.0102677 0.0211532 0.218136
0 0.94216 0.18174 0.0146191 0.018761 0.218115
0 0.556478 0.155436 0.0212 0.0488301 0.217268
0 0.748425 0.0540154 0.0159571 0.0294728 0.21724
0 0.715116 0.0142141 0.0184626 0.0271591 0.217021
0 0.823584 0.0210956 0.0208042 0.0306459 0.216886
0 0.845893 0.0407826 0.015441 0.0295361 0.216664
0 0.740539 0.609893 0.0129681 0.0411084 0.216048
0 0.86915 0.198285 0.0168822 0.0359749 0.215985
0 0.800884 0.789069 0.0135597 0.0326307 0.215528
0 0.346839 0.0102418 0.0240471 0.0190049 0.21543
0 0.855463 0.83108 0.0149242 0.0243798 0.215001
0 0.866069 0.263916 0.0219727 0.0453996 0.214916
0 0.473834 0.991971 0.0139013 0.0152863 0.214408
0 0.322089 0.694468 0.0167681 0.0199404 0.21425
0 0.777486 0.552658 0.0147789 0.0280866 0.214231
0 0.496075 0.289782 0.0151684 0.0221954 0.213526
0 0.601433 0.94213 0.0184567 0.0282755 0.213496
0 0.229094 0.16021 0.0173443 0.0335454 0.213434
0 0.264814 0.668693 0.0202285 0.0309643 0.212999
0 0.0097138 0.216963 0.0187068 0.0345388 0.21291
0 0.274832 0.339314 0.0233891 0.0394535 0.212784
0 0.862042 0.705651 0.015612 0.0296683 0.212511
0 0.889471 0.544691 0.0188272 0.0399429 0.212071
0 0.635339 0.59728 0.0158822 0.0283106 0.212045
0 0.573447 0.786874 0.0117355 0.0162296 0.211402
0 0.570931 0.423665 0.0100818 0.0211748 0.211296
0 0.191541 0.011537 0.0174618 0.0194253 0.210914
0 0.0878496 0.113024 0.0167587 0.0340304 0.210613
0 0.590828 0.859344 0.0201443 0.0350325 0.210398
0 0.865593 0.661124 0.0148272 0.0225638 0.210265
0 0.649136 0.0361892 0.0178589 0.0271278 0.210145
0 0.196433 0.571692 0.0115369 0.0290159 0.210095
0 0.978198 0.662485 0.0193924 0.0288912 0.210002
0 0.00298477 0.441925 0.00588321 0.0402061 0.209781
0 0.915626 0.627977 0.00771929 0.0234987 0.209005
0 0.853015 0.890975 0.0167801 0.0346751 0.208521
0 0.968215 0.827085 0.0142727 0.0345825 0.207954
0 0.531638 0.541579 0.0151448 0.025513 0.207528
0 0.912803 0.489843 0.0162167 0.0345469 0.207031
0 0.471139 0.487359 0.0223576 0.0361312 0.206787
0 0.716146 0.367265 0.0170223 0.0187999 0.206756
0 0.0316859 0.596981 0.0123664 0.0228949 0.206745
0 0.648264 0.872438 0.0194162 0.0238661 0.206429
0 0.120802 0.771775 0.0166107 0.0274882 0.20637
0 0.717296 0.174242 0.0127257 0.0260549 0.205878
0 0.792614 0.0509441 0.021879 0.0401131 0.205776
0 0.423191 0.261219 0.0145655 0.019644 0.205439
0 0.498075 0.481713 0.0118258 0.0252751 0.20524
0 0.300366 0.798283 0.0146365 0.0227932 0.205036
0 0.866016 0.531719 0.0217796 0.0495238 0.204753
0 0.699762 0.203312 0.0210201 0.0386895 0.204613
0 0.243736 0.948015 0.0124483 0.0302219 0.204431
0 0.750776 0.489968 0.0173119 0.0323853 0.203715
0 0.595514 0.911076 0.0106064 0.0278507 0.203574
0 0.349035 0.0368566 0.0158673 0.0204365 0.2035
0 0.345251 0.807895 0.0186776 0.029046 0.203493
0 0.919874 0.707715 0.0276971 0.0382741 0.202227
0 0.509994 0.233623 0.0137783 0.0183205 0.201693
0 0.444634 0.163581 0.0167776 0.0249066 0.201685
0 0.0790186 0.440214 0.0162579 0.0305922 0.201515
0 0.787007 0.24976 0.0183322 0.0322168 0.200639
0 0.856242 0.0541586 0.0186943 0.0318502 0.200473
0 0.872677 0.57319 0.0168343 0.032077 0.200455
0 0.786941 0.0689619 0.017211 0.0246484 0.200343
0 0.401784 0.54899 0.0160074 0.0341916 0.199911
0 0.0318918 0.407461 0.0158075 0.03019 0.199887
0 0.610721 0.340199 0.0129238 0.0293034 0.19982
0 0.278192 0.350789 0.0225941 0.0426931 0.199557
0 0.0224589 0.347526 0.0157916 0.0308183 0.199479
0 0.951793 0.534249 0.013879 0.0258798 0.198386
0 0.230685 0.485891 0.0213691 0.0356104 0.198331
0 0.446738 0.622422 0.0180306 0.0330121 0.198196
0 0.70229 0.36038 0.0111706 0.0239651 0.197684
0 0.252132 0.356656 0.0187799 0.0374608 0.197534
0 0.616502 0.882539 0.0129175 0.0208688 0.197129
0 0.385858 0.307782 0.0207291 0.042427 0.195459
0 0.0337297 0.233875 0.0190112 0.026853 0.195258
0 0.651702 0.391246 0.0156322 0.031107 0.195166
0 0.263909 0.970677 0.0160893 0.0327344 0.194552
0 0.0383006 0.913301 0.0114312 0.0277502 0.194378
0 0.377109 0.470328 0.0120306 0.0425552 0.194368
0 0.498407 0.628166 0.0154276 0.0312559 0.19411
0 0.997207 0.572027 0.00558643 0.0451792 0.194041
0 0.573976 0.058751 0.0148204 0.027052 0.192334
0 0.456894 0.0660139 0.0152824 0.0320816 0.191696
0 0.00715509 0.922293 0.0138335 0.0223938 0.191492
0 0.764158 0.592695 0.02567 0.030933 0.191202
0 0.578801 0.631415 0.00895418 0.020728 0.190925
0 0.719522 0.629263 0.0154902 0.0221987 0.190807
0 0.30858 0.712902 0.01157 0.0263661 0.19039
0 0.936338 0.150787 0.0171495 0.0216936 0.190324
0 0.293261 0.68739 0.0169427 0.0314611 0.190311
0 0.456049 0.854784 0.0137981 0.028146 0.190097
0 0.893496 0.201275 0.0177631 0.0310931 0.190007
0 0.738603 0.223389 0.0103596 0.0313344 0.189667
0 0.875332 0.690748 0.00963771 0.0321977 0.189338
0 0.215359 0.283837 0.0164129 0.0275403 0.189269
0 0.624253 0.986662 0.0166317 0.0258372 0.188972
0 0.611137 0.189212 0.0176147 0.0265971 0.188585
0 0.620058 0.155606 0.00854759 0.020853 0.188472
0 0.204576 0.910742 0.0178358 0.0284024 0.187429
0 0.427965 0.273226 0.0141319 0.0258155 0.186937
0 0.988206 0.991176 0.0222466 0.0171247 0.186903
0 0.514915 0.559213 0.0140432 0.0192715 0.18663
0 0.085599 0.524792 0.0136618 0.0237221 0.186087
0 0.996509 0.507416 0.00698191 0.0357112 0.185828
0 0.990753 0.921417 0.0184938 0.0534627 0.185783
0 0.503281 0.530041 0.0112421 0.028022 0.185757
0 0.915828 0.707757 0.0193241 0.0368704 0.185703
0 0.89 0.762353 0.021323 0.0379264 0.185518
0 0.29555 0.935454 0.0188441 0.0322242 0.185492
0 0.259715 0.522122 0.0159239 0.0278529 0.184986
0 0.406543 0.0499948 0.0184299 0.0389862 0.184983
0 0.576684 0.295299 0.0163902 0.0246974 0.184919
0 0.203719 0.162809 0.0184397 0.0347426 0.184454
0 0.693197 0.152953 0.013225 0.0207354 0.18437
0 0.0342371 0.714775 0.018408 0.0298455 0.18431
0 0.874538 0.804142 0.0281975 0.0424311 0.184024
0 0.195144 0.884264 0.0130933 0.0197808 0.18341
0 0.22321 0.602365 0.0145229 0.0392205 0.183231
0 0.0662489 0.844461 0.0126567 0.0241397 0.182011
0 0.532703 0.906645 0.0154079 0.0230452 0.181923
0 0.947906 0.576619 0.0159855 0.0247322 0.181354
0 0.99193 0.991042 0.015942 0.0172004 0.181344
0 0.541828 0.208247 0.0114403 0.0200159 0.18125
0 0.486472 0.955524 0.0147469 0.0271278 0.181101
0 0.239436 0.154148 0.0217633 0.0350277 0.180926
0 0.496217 0.434161 0.0134368 0.0200867 0.18088
0 0.717286 0.0159837 0.020042 0.0312112 0.180575
0 0.685532 0.98414 0.018411 0.0297698 0.180549
0 0.784755 0.0710111 0.0137746 0.0205973 0.180371
0 0.064605 0.906709 0.0189445 0.0280117 0.180305
0 0.991414 0.76124 0.01681 0.0339827 0.180146
0 0.465475 0.890938 0.0103353 0.0284999 0.179133
0 0.0186703 0.262446 0.0194696 0.0268953 0.178853
0 0.961808 0.474554 0.0194969 0.0385189 0.178432
0 0.317497 0.663369 0.0198566 0.0327837 0.178146
0 0.790641 0.0612596 0.0211765 0.030392 0.177711
0 0.706739 0.82229 0.0107121 0.0231896 0.177673
0 0.78754 0.255235 0.0183273 0.0318596 0.177599
0 0.00240082 0.648657 0.00480163 0.0486138 0.177092
0 0.742933 0.458324 0.0213744 0.0283236 0.17701
0 0.483373 0.900549 0.0124601 0.0228394 0.176919
0 0.949244 0.950724 0.0159222 0.0259074 0.175849
0 0.857301 0.0585587 0.0213755 0.0399474 0.175731
0 0.734512 0.808311 0.0206882 0.0415829 0.17568
0 0.59275 0.479024 0.0169387 0.0171686 0.175637
0 0.637766 0.543969 0.0124642 0.0324513 0.175588
0 0.573048 0.893716 0.0175311 0.0320575 0.175505
0 0.485257 0.409178 0.0169031 0.0319945 0.175034
0 0.763117 0.873954 0.0115553 0.0274814 0.175028
0 0.143502 0.978073 0.0141795 0.0317229 0.174771
0 0.654724 0.228354 0.0147152 0.0264056 0.174524
0 0.740985 0.662817 0.0183186 0.0366425 0.174488
0 0.107556 0.8237 0.00911431 0.022503 0.174425
0 0.205789 0.639569 0.0220766 0.0294853 0.174415
0 0.37661 0.642383 0.0111675 0.0254132 0.173722
0 0.576923 0.0260432 0.0153877 0.0248073 0.173702
0 0.743718 0.306165 0.0187592 0.0305002 0.172906
0 0.823866 0.883289 0.0137207 0.0281352 0.172754
0 0.470147 0.480803 0.0210921 0.0219557 0.172522
0 0.93742 0.376589 0.0181746 0.0254775 0.171685
0 0.239096 0.479232 0.0186267 0.0336121 0.170943
0 0.97283 0.42933 0.0135868 0.0209418 0.170667
0 0.0326398 0.599698 0.0110037 0.023078 0.170613
0 0.840346 0.682649 0.0193844 0.036258 0.169232
0 0.851714 0.778432 0.0118801 0.0269955 0.168939
0 0.589634 0.560615 0.0121702 0.0240231 0.168604
0 0.19324 0.157826 0.0152475 0.0318705 0.168011
0 0.402838 0.89949 0.0128388 0.0229879 0.167938
0 0.41238 0.47753 0.0179137 0.0315616 0.167748
0 0.514218 0.55331 0.0169815 0.034351 0.167327
0 0.471196 0.493355 0.0229954 0.0318455 0.166412
0 0.550723 0.616323 0.0115612 0.0252181 0.165701
0 0.651153 0.928689 0.0135242 0.025695 0.165658
0 0.161318 0.394817 0.0133344 0.0281177 0.165388
0 0.587877 0.160052 0.00977535 0.0186306 0.165211
0 0.178699 0.987724 0.0188004 0.0238383 0.165042
0 0.670133 0.175671 0.018182 0.0282261 0.164797
0 0.106737 0.826438 0.0116558 0.0292117 0.164413
0 0.948629 0.159929 0.0168701 0.030718 0.163454
0 0.990279 0.476901 0.0137161 0.0252547 0.163446
0 0.750844 0.473833 0.0163497 0.0225023 0.163379
0 0.951383 0.668758 0.0175983 0.0194367 0.163267
0 0.781491 0.157829 0.0142303 0.0184771 0.162892
0 0.601774 0.650955 0.023101 0.0423588 0.162821
0 0.783805 0.019385 0.0132914 0.0294257 0.162712
0 0.275143 0.903013 0.0135143 0.0217027 0.162476
0 0.277636 0.801088 0.0174461 0.0331411 0.162371
0 0.633097 0.307997 0.00979099 0.0238533 0.161612
0 0.0871434 0.526838 0.0146635 0.0228312 0.16122
0 0.490863 0.644781 0.0144588 0.0231659 0.160816
0 0.508786 0.234303 0.0157545 0.0228302 0.160788
0 0.981943 0.00785582 0.0142853 0.0153463 0.160634
0 0.0924812 0.917731 0.0164072 0.0311496 0.1604
0 0.854311 0.183176 0.0127399 0.0242535 0.160012
0 0.152348 0.682542 0.0159097 0.0323838 0.159684
0 0.87162 0.691231 0.0124849 0.0322502 0.159643
0 0.754712 0.338179 0.0144984 0.0298708 0.159568
0 0.169707 0.510581 0.0123551 0.0188212 0.159513
0 0.0711181 0.597605 0.0150998 0.0263435 0.159201
0 0.335948 0.100495 0.0152461 0.0328212 0.15917
0 0.0512659 0.695876 0.0143101 0.0278093 0.159045
0 0.126337 0.648247 0.0169331 0.0250871 0.158837
0 0.720304 0.175805 0.0139314 0.02736 0.158357
0 0.111978 0.245594 0.0165677 0.0265787 0.158017
0 0.994265 0.707994 0.0114697 0.0493003 0.157798
0 0.191255 0.669301 0.0201778 0.0326471 0.157752
0 0.056475 0.66656 0.0111779 0.0306031 0.157666
0 0.82869 0.427689 0.0163591 0.0278803 0.157565
0 0.36813 0.717417 0.00983286 0.0206597 0.157416
0 0.209645 0.529672 0.0149765 0.0293408 0.156803
0 0.764092 0.79457 0.0203948 0.0353865 0.156561
0 0.529773 0.149037 0.0145569 0.0237651 0.156385
0 0.184473 0.981116 0.0144809 0.0277384 0.156376
0 0.748434 0.990993 0.0191975 0.017667 0.155808
0 0.229959 0.0958291 0.01341 0.0257494 0.155804
0 0.413644 0.481264 0.0176722 0.0333074 0.15574
0 0.600751 0.461473 0.016442 0.0256975 0.155446
0 0.77178 0.515639 0.0220631 0.0369054 0.15457
0 0.17255 0.794848 0.0220438 0.0396296 0.154537
0 0.604148 0.39127 0.0157909 0.0196608 0.1545
0 0.150193 0.68583 0.0190092 0.0287569 0.154155
0 0.0541036 0.663906 0.0129427 0.0267956 0.153903
0 0.562847 0.991607 0.0149416 0.0160036 0.153079
0 0.526617 0.0515988 0.0179021 0.0333665 0.153002
0 0.866348 0.521286 0.0219822 0.0431697 0.152941
0 0.673545 0.406146 0.0174674 0.0321498 0.152408
0 0.671731 0.797691 0.0071682 0.0270525 0.152374
0 0.706842 0.262003 0.0229992 0.0415701 0.152311
0 0.102924 0.173869 0.0126867 0.0253652 0.151935
0 0.500621 0.483608 0.0103401 0.0273772 0.151669
0 0.375312 0.722165 0.0150883 0.0220395 0.151621
0 0.690105 0.121432 0.0127256 0.0223674 0.151437
0 0.28923 0.0666166 0.0167694 0.0285728 0.15113
0 0.148136 0.564798 0.0106756 0.0318251 0.150995
0 0.0807542 0.454334 0.0153159 0.0279127 0.150961
0 0.645352 0.988094 0.0179272 0.0231966 0.150897
0 0.244343 0.987089 0.0142293 0.023821 0.15082
0 0.444494 0.989808 0.0155927 0.0195821 0.150488
0 0.494983 0.437723 0.0149897 0.0237679 0.150412
0 0.967424 0.979159 0.0192406 0.0289701 0.150357
0 0.651699 0.396806 0.0173056 0.0372921 0.150355
0 0.423281 0.913558 0.0143271 0.0173959 0.150298
0 0.574056 0.296951 0.0196461 0.0282433 0.149909
0 0.842534 0.675577 0.0189442 0.0322974 0.14977
0 0.205382 0.903549 0.0146546 0.0257592 0.148581
0 0.0743897 0.928448 0.0153896 0.031447 0.148046
0 0.741052 0.415856 0.0227621 0.0340156 0.147872
0 0.553129 0.932118 0.0116142 0.0193388 0.147547
0 0.596465 0.308234 0.019812 0.0294728 0.147187
0 0.293719 0.617258 0.019566 0.0278026 0.147023
0 0.100957 0.13801 0.0144528 0.0287239 0.146743
0 0.519498 0.265546 0.0219164 0.0334162 0.146669
0 0.945621 0.160407 0.0213215 0.0332622 0.146442
0 0.242219 0.151975 0.0207607 0.0343065 0.14642
0 0.282502 0.990293 0.0235015 0.0186279 0.146183
0 0.857289 0.328835 0.0202234 0.0218985 0.146005
0 0.485732 0.419768 0.0155609 0.0235228 0.145918
0 0.425173 0.267363 0.0164113 0.0252749 0.145693
0 0.0934301 0.83872 0.0136817 0.0214033 0.145638
0 0.338467 0.688108 0.012387 0.0272254 0.145182
0 0.466221 0.231641 0.0160073 0.0274259 0.144702
0 0.432679 0.507165 0.0158716 0.0365502 0.144439
0 0.167514 0.357805 0.0183845 0.0325151 0.144207
0 0.83933 0.819769 0.00824242 0.0241113 0.143877
0 0.179707 0.110607 0.0151168 0.0258075 0.143811
0 0.862601 0.0659605 0.02211 0.0432839 0.143804
0 0.0676901 0.638345 0.0164511 0.0229346 0.14371
0 0.00197184 0.51172 0.00394368 0.0295857 0.142974
0 0.745253 0.413187 0.0218115 0.0327142 0.142377
0 0.492846 0.727195 0.0124428 0.0233897 0.142256
0 0.208268 0.690928 0.0156327 0.0277169 0.141931
0 0.207039 0.928514 0.0143499 0.0293903 0.141789
0 0.127116 0.127864 0.0104864 0.0243678 0.141627
0 0.368155 0.131514 0.021722 0.030156 0.141364
0 0.447423 0.525009 0.014546 0.0198627 0.141306
0 0.57164 0.732628 0.0168076 0.0327138 0.141173
0 0.857139 0.320856 0.0203364 0.0314318 0.14117
0 0.37234 0.15194 0.0141342 0.0249174 0.14115
0 0.896235 0.204251 0.02103 0.0359996 0.141005
0 0.862776 0.701758 0.0175329 0.0339151 0.140962
0 0.839802 0.73284 0.0127163 0.0223116 0.140902
0 0.318603 0.427681 0.0124908 0.0301206 0.140848
0 0.246058 0.400544 0.0153399 0.027714 0.140699
0 0.191987 0.0083702 0.0188904 0.016154 0.140059
0 0.3073 0.569904 0.0149399 0.0218492 0.139517
0 0.753406 0.624768 0.0134766 0.0335841 0.139273
0 0.845379 0.877394 0.011134 0.0350481 0.139208
0 0.617568 0.157966 0.0091898 0.0175902 0.139095
0 0.227894 0.341302 0.0124147 0.0403848 0.138312
0 0.277856 0.988241 0.0213479 0.0219573 0.138117
0 0.871265 0.566798 0.0167158 0.029341 0.137692
0 0.325946 0.087409 0.0153317 0.0209696 0.137249
0 0.435225 0.96363 0.0121534 0.025021 0.13704
0 0.207522 0.986134 0.00913048 0.0243847 0.136708
0 0.554197 0.977825 0.0283352 0.0435879 0.136351
0 0.906892 0.497175 0.0288672 0.0448088 0.136253
0 0.273179 0.336525 0.0197825 0.030898 0.13615
0 0.251664 0.427938 0.0201281 0.0323581 0.136095
0 0.774429 0.310417 0.0150639 0.0259068 0.136043
0 0.0176689 0.440594 0.0183428 0.0455797 0.135931
0 0.247754 0.986147 0.0155463 0.0218932 0.13582
0 0.517344 0.234058 0.0136877 0.0197211 0.135771
0 0.93213 0.321389 0.0203777 0.0358362 0.135634
0 0.292686 0.771875 0.0104135 0.0268124 0.135292
0 0.447721 0.518898 0.0156723 0.0220605 0.13525
0 0.585119 0.510074 0.0219784 0.0347252 0.135215
0 0.386367 0.907871 0.0172627 0.0303779 0.135193
0 0.671213 0.907455 0.0167746 0.0293862 0.135063
0 0.993858 0.0253447 0.012285 0.0370369 0.135032
0 0.89052 0.554025 0.0215221 0.038891 0.134877
0 0.365911 0.6247 0.0217176 0.0318354 0.134789
0 0.534556 0.497885 0.0124002 0.0253654 0.134609
0 0.036854 0.105729 0.0161715 0.021694 0.134414
0 0.707465 0.664126 0.0124352 0.0254288 0.134347
0 0.0947397 0.195049 0.0117771 0.0264831 0.134247
0 0.765364 0.0796355 0.00856425 0.0223855 0.134158
0 0.656222 0.72256 0.0177095 0.021796 0.133703
0 0.703747 0.54899 0.0146751 0.0288467 0.133693
0 0.489604 0.382909 0.0139021 0.0201671 0.133451
0 0.270702 0.480127 0.0198038 0.0373148 0.133303
0 0.603114 0.373111 0.0160453 0.0344508 0.133244
0 0.724936 0.180686 0.0137772 0.0297169 0.133053
0 0.263646 0.750566 0.0230976 0.0374591 0.132896
0 0.990685 0.118284 0.0183739 0.0448693 0.132642
0 0.0724942 0.775339 0.0138609 0.0239081 0.13253
0 0.528824 0.14243 0.0160693 0.0275633 0.132302
0 0.916442 0.628819 0.0111218 0.0258406 0.131922
0 0.649528 0.705057 0.0156911 0.0233837 0.131852
0 0.17753 0.608691 0.0270159 0.0386634 0.131763
0 0.494304 0.258384 0.0130896 0.0193315 0.131302
0 0.850313 0.408572 0.0158835 0.0461251 0.130279
0 0.23024 0.390154 0.0124085 0.0328122 0.130057
0 0.973579 0.382879 0.0164049 0.0319144 0.12991
0 0.582751 0.143013 0.0126792 0.0226422 0.129722
0 0.462713 0.364103 0.0142868 0.0272992 0.129165
0 0.231921 0.158303 0.022112 0.0377038 0.129049
0 0.571303 0.0578106 0.0214595 0.0304966 0.128521
0 0.596344 0.660558 0.0197283 0.0321889 0.128071
0 0.316862 0.862506 0.0111288 0.0339996 0.127773
0 0.0894045 0.411583 0.0150781 0.0233289 0.127621
0 0.649761 0.93144 0.0156862 0.0287198 0.127525
0 0.329282 0.0898352 0.0135726 0.0193355 0.127294
0 0.962164 0.754469 0.0179836 0.0375912 0.126909
0 0.42889 0.951664 0.01199 0.0384186 0.126831
0 0.299312 0.870824 0.014728 0.0316333 0.126358
0 0.683701 0.635647 0.0213109 0.03382 0.126338
0 0.305224 0.326631 0.0258961 0.0329057 0.126326
0 0.631055 0.308028 0.0110467 0.0233986 0.12614
0 0.0854225 0.663431 0.0172191 0.0276486 0.125887
0 0.240761 0.94964 0.0135654 0.034723 0.125754
0 0.99582 0.276451 0.00836004 0.0269377 0.125705
0 0.285675 0.506885 0.0141185 0.0371206 0.125639
0 0.482178 0.317998 0.0143364 0.0292169 0.125535
0 0.0728152 0.679189 0.01514 0.0204566 0.125502
0 0.971966 0.388125 0.0139973 0.0326145 0.125328
0 0.264808 0.276786 0.0118848 0.0271717 0.124837
0 0.32759 0.633023 0.0115696 0.0222329 0.124697
0 0.490561 0.713915 0.0197542 0.0353608 0.124317
0 0.298514 0.800258 0.0150791 0.0227478 0.12421
0 0.016819 0.259879 0.0200276 0.0335364 0.124185
0 0.89147 0.772761 0.016032 0.0298711 0.123814
0 0.824153 0.521336 0.0211426 0.0440433 0.123794
0 0.240163 0.0100441 0.023034 0.0196119 0.1237
0 0.576482 0.562152 0.0184319 0.0282123 0.12351
0 0.9312 0.959887 0.0244019 0.0285428 0.123485
0 0.56965 0.302587 0.0164629 0.0264968 0.123479
0 0.228864 0.595485 0.0205958 0.0446749 0.122956
0 0.225325 0.241866 0.0152496 0.0227053 0.12295
0 0.550382 0.344845 0.0102609 0.0278749 0.122874
0 0.928155 0.991385 0.0169865 0.0158758 0.12235
0 0.872899 0.578935 0.0165775 0.0317942 0.121785
0 0.174183 0.894572 0.0135521 0.0219835 0.121764
0 0.328716 0.0615256 0.0153084 0.0277216 0.12162
0 0.320207 0.690748 0.0190984 0.0242973 0.121565
0 0.351371 0.243312 0.0178924 0.0303508 0.121534
0 0.669574 0.159351 0.0192711 0.0360567 0.121427
0 0.446132 0.98769 0.0119936 0.0189831 0.121362
0 0.656576 0.165767 0.0100742 0.0250185 0.121289
0 0.579205 0.331144 0.0142303 0.0231279 0.120815
0 0.242429 0.00880024 0.0201331 0.0167419 0.120705
0 0.221483 0.332147 0.0236345 0.0469996 0.120673
0 0.528747 0.845467 0.0160679 0.0196886 0.120607
0 0.746537 0.956222 0.01577 0.024604 0.120423
0 0.00298376 0.651508 0.00596751 0.0573247 0.120418
0 0.401294 0.069739 0.0187547 0.0255944 0.120361
0 0.409255 0.636679 0.0134563 0.0320877 0.119651
0 0.235753 0.156699 0.0244347 0.0373427 0.119023
0 0.318583 0.776398 0.0145951 0.0217622 0.118746
0 0.748791 0.796664 0.0147096 0.0325779 0.118318
0 0.655337 0.223981 0.0158741 0.0278341 0.11813
0 0.316852 0.741998 0.0175966 0.0256761 0.117955
0 0.283926 0.00924954 0.0146467 0.0167727 0.117586
0 0.819564 0.104587 0.0158282 0.0289311 0.117491
0 0.243333 0.47558 0.0142985 0.0291929 0.117253
0 0.49077 0.951527 0.018338 0.036152 0.116986
0 0.576816 0.0976804 0.0121651 0.0245958 0.116655
0 0.588561 0.427448 0.0150785 0.03524 0.116593
0 0.8697 0.0682739 0.00972557 0.0327625 0.116574
0 0.330641 0.0923963 0.0152242 0.0264211 0.116433
0 0.531589 0.911102 0.0172708 0.0189626 0.116289
0 0.255698 0.871337 0.0130309 0.0250653 0.11608
0 0.289357 0.598198 0.0188264 0.0274698 0.115785
0 0.958145 0.852311 0.0133987 0.0315172 0.115785
0 0.30287 0.971865 0.0152095 0.0386576 0.115688
0 0.858966 0.338009 0.0193501 0.0215926 0.115668
0 0.0742018 0.183464 0.0121203 0.0216424 0.115602
0 0.508477 0.897765 0.0109079 0.0265299 0.115308
0 0.989126 0.930213 0.0217476 0.0392051 0.114344
0 0.0210941 0.463115 0.010279 0.0272893 0.114329
0 0.875406 0.420601 0.0180199 0.0340747 0.113996
0 0.492394 0.642661 0.0127998 0.0240818 0.113869
0 0.740457 0.954908 0.0188358 0.0279729 0.113747
0 0.535544 0.801073 0.0177096 0.0324005 0.113509
0 0.972907 0.176757 0.0191616 0.0316349 0.11332
0 0.825797 0.675299 0.00932388 0.0235835 0.113246
0 0.501138 0.890968 0.0119631 0.027241 0.112648
0 0.207823 0.637072 0.0234831 0.0213538 0.112477
0 0.742549 0.612161 0.0165288 0.0431918 0.112365
0 0.19483 0.572649 0.00927874 0.0296922 0.112296
0 0.0870889 0.666386 0.016997 0.0275748 0.11226
0 0.480145 0.674953 0.0170214 0.0264207 0.11215
0 0.97731 0.599688 0.0273407 0.0439144 0.1121
0 0.423264 0.446742 0.0127012 0.0181997 0.112019
0 0.34853 0.455268 0.0142897 0.0287159 0.111934
0 0.573235 0.594236 0.0224335 0.0319646 0.11155
0 0.184712 0.746716 0.0148334 0.0380181 0.111531
0 0.148149 0.68991 0.0186343 0.0301704 0.111429
0 0.323315 0.0237776 0.0130436 0.0234684 0.11142
0 0.638464 0.550874 0.00933278 0.0323898 0.111405
0 0.670557 0.166871 0.0190545 0.0385412 0.111167
0 0.256638 0.201164 0.0165361 0.0198101 0.111124
0 0.430573 0.512487 0.0127811 0.0275157 0.110544
0 0.493663 0.912217 0.0147293 0.0211887 0.110466
0 0.548383 0.343162 0.0105 0.0266114 0.110465
0 0.796281 0.300609 0.0167871 0.0309262 0.110428
0 0.917044 0.772754 0.0199238 0.0379944 0.110348
0 0.879975 0.0476162 0.0213375 0.0319367 0.110251
0 0.199016 0.161967 0.0219653 0.0352385 0.11008
0 0.883987 0.428235 0.0290081 0.053812 0.10978
0 0.994437 0.511196 0.0111268 0.0341817 0.109715
0 0.250153 0.471011 0.0162771 0.0276246 0.109496
0 0.244956 0.194314 0.0175001 0.0263125 0.109226
0 0.215223 0.954567 0.0118138 0.0208177 0.109184
0 0.0214668 0.864972 0.0158188 0.0349148 0.109179
0 0.906458 0.113241 0.0169807 0.0302122 0.109036
0 0.111754 0.121578 0.0106533 0.0222337 0.108808
0 0.643135 0.98657 0.0151014 0.0250305 0.10872
0 0.185549 0.619091 0.0156935 0.0452625 0.108595
0 0.742906 0.666137 0.0195712 0.0378966 0.108509
0 0.00538482 0.451174 0.0099356 0.047812 0.108408
0 0.20314 0.89839 0.0147345 0.0164545 0.107549
0 0.491095 0.723968 0.0164768 0.0251845 0.107537
0 0.498313 0.288637 0.0139614 0.021221 0.107471
0 0.815069 0.835838 0.0163054 0.0295114 0.107313
0 0.247149 0.990401 0.0169173 0.0187736 0.107098
0 0.621554 0.552053 0.0102456 0.02187 0.106808
0 0.321217 0.903502 0.0118831 0.025279 0.106551
0 0.506468 0.991359 0.0279833 0.0166287 0.106549
0 0.563255 0.518351 0.0137512 0.0337979 0.106494
0 0.0411701 0.805787 0.0165952 0.0344835 0.106457
0 0.742993 0.851007 0.0175498 0.0252499 0.106432
0 0.605746 0.0921831 0.0189695 0.0219006 0.106414
0 0.28228 0.0106291 0.0135718 0.0175666 0.1062
0 0.637803 0.601477 0.0136555 0.0310421 0.105881
0 0.768907 0.428192 0.0171331 0.0289135 0.105823
0 0.0519902 0.260163 0.0160157 0.0303465 0.105661
0 0.45115 0.373067 0.0149091 0.0221456 0.105604
0 0.288001 0.257086 0.0165675 0.031589 0.105452
0 0.763762 0.019554 0.0175247 0.0271235 0.105446
0 0.961339 0.504848 0.0232552 0.0253233 0.105432
0 0.75862 0.678174 0.0172428 0.0333838 0.105225
0 0.0710637 0.86548 0.0101432 0.0262794 0.104871
0 0.818831 0.985435 0.0172387 0.02713 0.104046
0 0.950027 0.991311 0.0174044 0.0169586 0.104037
0 0.0276014 0.287503 0.0109475 0.0297666 0.103962
0 0.72114 0.838047 0.0138763 0.0144735 0.103781
0 0.595308 0.143492 0.0161326 0.0235777 0.10378
0 0.186141 0.269612 0.0186447 0.0195636 0.103577
0 0.96731 0.948795 0.0136435 0.0281891 0.103154
0 0.373323 0.3984 0.0171279 0.0316203 0.103114
0 0.594983 0.475249 0.0205762 0.0191062 0.10307
0 0.00235861 0.147196 0.00450325 0.0308916 0.103023
0 0.0777425 0.448466 0.0172229 0.0335416 0.10301
0 0.596233 0.0794064 0.0199997 0.0345161 0.102944
0 0.650455 0.474778 0.012063 0.0215293 0.102895
0 0.642014 0.777102 0.0105377 0.0195851 0.102816
0 0.987487 0.476449 0.0153722 0.0242648 0.102799
0 0.0824075 0.563598 0.0148231 0.0252647 0.102619
0 0.47041 0.513401 0.0183829 0.0214079 0.102548
0 0.173748 0.158064 0.0162163 0.018889 0.102494
0 0.520596 0.438743 0.0182251 0.0304684 0.102411
0 0.595105 0.0535603 0.0212046 0.0311724 0.102323
0 0.865445 0.663979 0.0175835 0.0209893 0.102276
0 0.638034 0.262976 0.0110759 0.0239024 0.102274
0 0.774696 0.664221 0.0103863 0.0272597 0.102252
0 0.822589 0.651835 0.0125708 0.0279994 0.102243
0 0.699292 0.961855 0.0134783 0.0215539 0.102166
0 0.246483 0.132918 0.0188549 0.0347857 0.101725
0 0.631699 0.311885 0.012679 0.022947 0.101628
0 0.744209 0.799773 0.0156392 0.028714 0.101246
0 0.179787 0.102989 0.0148467 0.0291936 0.101186
0 0.909241 0.852496 0.0168785 0.0279158 0.10093
0 0.0299981 0.23667 0.0142699 0.0273506 0.100756
0 0.315017 0.744605 0.0174058 0.0228991 0.100636
0 0.00959881 0.690351 0.0163466 0.0304217 0.10044
0 0.0232261 0.760569 0.0147503 0.0301726 0.100411
0 0.4764 0.158804 0.0256683 0.0345098 0.100327
0 0.0030302 0.723944 0.00604529 0.0330963 0.100313
0 0.357913 0.831892 0.0146131 0.0179498 0.100274
0 0.845161 0.880629 0.0137762 0.0344818 0.100149
