0 0.008333 0.958796 0.013542 0.036111
0 0.024219 0.951852 0.018229 0.037037
0 0.045833 0.975000 0.018750 0.025926
0 0.073698 0.983333 0.024479 0.033333
0 0.069531 0.946296 0.025521 0.033333
0 0.066927 0.906019 0.020313 0.039815
0 0.106771 0.976852 0.025000 0.035185
0 0.111458 0.923148 0.027083 0.037037
0 0.159635 0.915741 0.023438 0.037037
0 0.164583 0.857870 0.019792 0.041667
0 0.180208 0.829167 0.020833 0.041667
0 0.151042 0.831019 0.025000 0.037963
0 0.180990 0.982407 0.018229 0.035185
0 0.189062 0.941667 0.018750 0.035185
0 0.189844 0.911111 0.017188 0.020370
0 0.186979 0.883333 0.020833 0.022222
0 0.210156 0.975000 0.018229 0.035185
0 0.227865 0.969907 0.015104 0.030556
0 0.251302 0.981019 0.023438 0.032407
0 0.282031 0.981944 0.021354 0.034259
0 0.299219 0.961574 0.018229 0.034259
0 0.246875 0.929630 0.018750 0.033333
0 0.265104 0.915741 0.016667 0.037037
0 0.297396 0.897685 0.019792 0.034259
0 0.320833 0.861111 0.013542 0.042593
0 0.326042 0.823611 0.018750 0.028704
0 0.346615 0.907407 0.019271 0.033333
0 0.370573 0.877778 0.019271 0.038889
0 0.381771 0.839352 0.015625 0.026852
0 0.401302 0.874074 0.023438 0.044444
0 0.410156 0.812037 0.018229 0.027778
0 0.355729 0.776389 0.022917 0.039815
0 0.377865 0.763426 0.020313 0.043519
0 0.391406 0.750463 0.021354 0.043519
0 0.411198 0.762500 0.015104 0.036111
0 0.407813 0.686111 0.023958 0.050000
0 0.445833 0.600926 0.032292 0.044444
0 0.488281 0.570370 0.016146 0.025926
0 0.510938 0.563426 0.026042 0.037963
0 0.566406 0.527778 0.022396 0.044444
0 0.592969 0.491667 0.020313 0.051852
0 0.611458 0.542130 0.021875 0.036111
0 0.573177 0.579167 0.023438 0.039815
0 0.599479 0.600926 0.015625 0.037037
0 0.627083 0.606019 0.021875 0.034259
0 0.623437 0.479630 0.011458 0.031481
0 0.642969 0.500463 0.017188 0.028704
0 0.650781 0.534722 0.021354 0.034259
0 0.658854 0.490741 0.013542 0.038889
0 0.673698 0.464815 0.020313 0.051852
0 0.724479 0.424074 0.023958 0.042593
0 0.747135 0.387037 0.023438 0.048148
0 0.758594 0.419907 0.016146 0.030556
0 0.790104 0.362037 0.021875 0.033333
0 0.810937 0.358333 0.016667 0.038889
0 0.785937 0.436111 0.022917 0.053704
0 0.861198 0.452315 0.022396 0.043519
0 0.876042 0.430556 0.014583 0.024074
0 0.761198 0.524537 0.020313 0.045370
0 0.732031 0.505093 0.022396 0.034259
0 0.720052 0.564352 0.022396 0.063889
0 0.737500 0.604630 0.020833 0.035185
0 0.773698 0.644444 0.018229 0.038889
0 0.792448 0.595833 0.018229 0.032407
0 0.815625 0.591667 0.017708 0.038889
0 0.827604 0.627315 0.015625 0.032407
0 0.840885 0.581019 0.020313 0.032407
0 0.850260 0.618981 0.020313 0.030556
0 0.856250 0.649074 0.022917 0.042593
0 0.827344 0.530556 0.022396 0.046296
0 0.850781 0.509259 0.018229 0.029630
0 0.888542 0.548611 0.020833 0.043519
0 0.904948 0.498611 0.020313 0.054630
0 0.922656 0.528241 0.017188 0.032407
0 0.941146 0.540278 0.016667 0.036111
0 0.946354 0.493981 0.013542 0.039815
0 0.967969 0.499074 0.021354 0.038889
0 0.976042 0.483333 0.016667 0.040741
0 0.994010 0.497685 0.011979 0.037963
0 0.992708 0.537500 0.014583 0.039815
0 0.989062 0.601389 0.020833 0.054630
0 0.975781 0.627315 0.017188 0.037963
0 0.960938 0.583333 0.023958 0.055556
0 0.936458 0.586574 0.016667 0.032407
0 0.921615 0.592593 0.019271 0.035185
0 0.895573 0.594444 0.023438 0.033333
0 0.896875 0.631019 0.018750 0.041667
0 0.943229 0.637037 0.018750 0.042593
0 0.937760 0.734259 0.019271 0.037037
0 0.961198 0.776389 0.019271 0.034259
0 0.987500 0.772685 0.021875 0.047222
0 0.962760 0.713426 0.020313 0.043519
0 0.989062 0.699537 0.021875 0.041667
0 0.980469 0.662963 0.022396 0.037037
0 0.949479 0.670833 0.019792 0.032407
0 0.886198 0.709722 0.020313 0.045370
0 0.869531 0.715278 0.015104 0.028704
0 0.861458 0.748148 0.020833 0.046296
0 0.970313 0.841667 0.026042 0.050000
0 0.954167 0.931481 0.020833 0.037037
0 0.976042 0.900926 0.019792 0.031481
0 0.980990 0.943981 0.027604 0.039815
0 0.980729 0.984722 0.032292 0.030556
0 0.952083 0.429167 0.020833 0.036111
0 0.936198 0.400463 0.016146 0.030556
0 0.919531 0.381944 0.021354 0.026852
0 0.895833 0.393056 0.029167 0.045370
0 0.891927 0.333333 0.026562 0.038889
0 0.857552 0.314815 0.035937 0.048148
0 0.902083 0.304167 0.019792 0.026852
0 0.944010 0.291204 0.030729 0.062037
0 0.964583 0.256944 0.023958 0.039815
0 0.953646 0.343981 0.018750 0.036111
0 0.974219 0.345833 0.020313 0.039815
0 0.462500 0.750463 0.022917 0.034259
0 0.474479 0.781944 0.020833 0.032407
0 0.490365 0.757407 0.025521 0.037037
0 0.478646 0.818519 0.016667 0.035185
0 0.494010 0.833796 0.017188 0.036111
0 0.511719 0.851389 0.019271 0.028704
0 0.509635 0.798611 0.021354 0.041667
0 0.522396 0.771296 0.015625 0.020370
0 0.534635 0.797685 0.022396 0.039815
0 0.551823 0.743519 0.034896 0.051852
0 0.589844 0.707407 0.024479 0.044444
0 0.643229 0.775463 0.022917 0.043519
0 0.620313 0.671296 0.018750 0.038889
0 0.645573 0.649537 0.023438 0.026852
0 0.665104 0.637500 0.020833 0.036111
0 0.630729 0.717130 0.014583 0.032407
0 0.651563 0.703704 0.029167 0.050000
0 0.636979 0.674074 0.015625 0.022222
0 0.688021 0.658796 0.018750 0.045370
0 0.706250 0.658333 0.017708 0.029630
0 0.728125 0.666204 0.020833 0.036111
0 0.726302 0.697685 0.011979 0.026852
0 0.743490 0.700926 0.018229 0.027778
0 0.689323 0.709722 0.015104 0.026852
0 0.705469 0.706019 0.020313 0.028704
0 0.695833 0.739352 0.029167 0.036111
0 0.707812 0.768981 0.023958 0.030556
0 0.680469 0.821296 0.025521 0.048148
0 0.704167 0.828241 0.027083 0.063889
0 0.733333 0.844907 0.018750 0.037963
0 0.742708 0.790741 0.027083 0.042593
0 0.741146 0.737500 0.019792 0.043519
0 0.761198 0.751852 0.022396 0.048148
0 0.763281 0.710648 0.023438 0.036111
0 0.795573 0.770833 0.022396 0.050926
0 0.805208 0.728704 0.020833 0.057407
0 0.832031 0.737963 0.024479 0.035185
0 0.839844 0.680556 0.014063 0.031481
0 0.775521 0.802778 0.025000 0.044444
0 0.756771 0.843519 0.022917 0.033333
0 0.812500 0.820370 0.020833 0.035185
0 0.829948 0.846759 0.020313 0.034259
0 0.821354 0.868056 0.019792 0.036111
0 0.781250 0.857407 0.016667 0.046296
0 0.801562 0.853241 0.017708 0.032407
0 0.808073 0.894444 0.023438 0.040741
0 0.826562 0.926852 0.026042 0.037037
0 0.746875 0.898611 0.031250 0.043519
0 0.717708 0.880093 0.022917 0.036111
0 0.715885 0.925926 0.027604 0.040741
0 0.676562 0.904630 0.034375 0.051852
0 0.687760 0.950926 0.024479 0.037037
0 0.706771 0.959722 0.022917 0.043519
0 0.730729 0.982870 0.025000 0.034259
0 0.758073 0.974537 0.025521 0.050926
0 0.754687 0.932407 0.013542 0.035185
0 0.800000 0.984722 0.020833 0.030556
0 0.826302 0.979630 0.027604 0.040741
0 0.852604 0.987037 0.020833 0.025926
0 0.874219 0.985185 0.022396 0.029630
0 0.874479 0.949537 0.021875 0.032407
0 0.878646 0.816667 0.023958 0.042593
0 0.896094 0.777315 0.020313 0.047222
0 0.903906 0.820833 0.023438 0.047222
0 0.922917 0.852315 0.019792 0.032407
0 0.924479 0.909259 0.025000 0.046296
0 0.897656 0.937500 0.016146 0.032407
0 0.919010 0.951389 0.026562 0.028704
0 0.910417 0.975463 0.028125 0.045370
0 0.782813 0.693519 0.016667 0.035185
0 0.760156 0.585648 0.016146 0.034259
0 0.591406 0.776852 0.020313 0.040741
0 0.566146 0.806944 0.023958 0.041667
0 0.582812 0.826389 0.019792 0.036111
0 0.602604 0.837037 0.018750 0.046296
0 0.617188 0.875000 0.025000 0.044444
0 0.436979 0.877315 0.027083 0.047222
0 0.447656 0.913426 0.015104 0.023148
0 0.430729 0.916667 0.015625 0.024074
0 0.441406 0.945833 0.021354 0.037963
0 0.458854 0.929630 0.016667 0.029630
0 0.472396 0.945370 0.016667 0.031481
0 0.476302 0.910185 0.015104 0.031481
0 0.477604 0.880556 0.014583 0.024074
0 0.457031 0.874537 0.020313 0.036111
0 0.469531 0.854630 0.020313 0.035185
0 0.499479 0.901852 0.026042 0.048148
0 0.515625 0.902778 0.013542 0.020370
0 0.526563 0.886574 0.021875 0.032407
0 0.552604 0.912037 0.023958 0.037037
0 0.554427 0.853241 0.022396 0.050926
0 0.583333 0.882870 0.028125 0.050926
0 0.532813 0.838889 0.017708 0.029630
0 0.570833 0.979630 0.022917 0.040741
0 0.565625 0.947685 0.017708 0.021296
0 0.582552 0.942130 0.016146 0.023148
0 0.603125 0.936574 0.019792 0.032407
0 0.598958 0.983796 0.023958 0.030556
0 0.623958 0.981481 0.020833 0.033333
0 0.635417 0.942130 0.016667 0.025000
0 0.645312 0.965741 0.017708 0.022222
0 0.664062 0.982870 0.010417 0.034259
0 0.675521 0.980093 0.009375 0.036111
0 0.689063 0.984722 0.015625 0.030556
0 0.537240 0.987037 0.013021 0.025926
0 0.518229 0.986574 0.014583 0.026852
0 0.499219 0.990278 0.016146 0.019444
0 0.509115 0.966667 0.013021 0.020370
0 0.516927 0.942130 0.016146 0.025000
0 0.493490 0.949537 0.019271 0.047222
0 0.463021 0.986574 0.012500 0.026852
0 0.482292 0.988426 0.014583 0.023148
0 0.426823 0.976852 0.023438 0.046296
0 0.402083 0.969907 0.020833 0.050926
0 0.396354 0.921296 0.021875 0.031481
0 0.374219 0.971296 0.026562 0.057407
0 0.345313 0.968981 0.026042 0.062037
0 0.240625 0.875463 0.020833 0.036111
0 0.255729 0.851852 0.022917 0.037037
0 0.277865 0.819907 0.022396 0.049074
0 0.264062 0.797222 0.015625 0.031481
0 0.269271 0.765278 0.017708 0.028704
0 0.295052 0.750926 0.024479 0.029630
0 0.305729 0.775926 0.023958 0.033333
0 0.313802 0.707407 0.025521 0.029630
0 0.331250 0.738889 0.022917 0.035185
0 0.365885 0.705556 0.033854 0.051852
0 0.117969 0.858333 0.023438 0.040741
0 0.200000 0.796296 0.015625 0.040741
0 0.218750 0.789352 0.016667 0.032407
0 0.232552 0.766667 0.016146 0.035185
0 0.249740 0.767593 0.018229 0.040741
0 0.215365 0.839815 0.018229 0.040741
0 0.233594 0.829630 0.017188 0.031481
0 0.245312 0.807407 0.015625 0.027778
0 0.960938 0.176389 0.023958 0.025000
0 0.982812 0.157870 0.014583 0.028704
0 0.968490 0.134722 0.016146 0.034259
0 0.899479 0.193981 0.029167 0.049074
0 0.875521 0.234259 0.025000 0.031481
0 0.828906 0.241667 0.018229 0.038889
0 0.784375 0.298148 0.026042 0.042593
0 0.726823 0.205093 0.023438 0.032407
0 0.759115 0.258333 0.020313 0.037037
0 0.751563 0.288889 0.017708 0.031481
0 0.750000 0.318981 0.021875 0.032407
0 0.727865 0.306944 0.021354 0.049074
0 0.708594 0.343981 0.026562 0.050926
0 0.665365 0.347685 0.023438 0.043519
0 0.679167 0.382407 0.017708 0.025926
0 0.634635 0.377778 0.016146 0.018519
0 0.623958 0.333796 0.025000 0.041667
0 0.570312 0.357407 0.021875 0.024074
0 0.594531 0.343519 0.019271 0.022222
0 0.573698 0.304630 0.028646 0.040741
0 0.554427 0.275000 0.027604 0.037037
0 0.586979 0.245833 0.020833 0.037963
0 0.615104 0.245370 0.026042 0.046296
0 0.608854 0.290741 0.027083 0.035185
0 0.626563 0.278241 0.020833 0.039815
0 0.655208 0.193519 0.027083 0.044444
0 0.668229 0.235185 0.022917 0.033333
0 0.665104 0.269907 0.027083 0.039815
0 0.707552 0.161111 0.020313 0.040741
0 0.816406 0.148611 0.026562 0.050926
0 0.850781 0.158796 0.022396 0.037963
0 0.867448 0.130093 0.017188 0.036111
0 0.905208 0.110185 0.022917 0.038889
0 0.913021 0.075463 0.017708 0.039815
0 0.934635 0.050926 0.016146 0.027778
0 0.915625 0.022685 0.029167 0.043519
0 0.949740 0.016204 0.028646 0.030556
0 0.798698 0.109722 0.022396 0.045370
0 0.821354 0.080093 0.022917 0.032407
0 0.850000 0.040741 0.027083 0.033333
0 0.826562 0.024074 0.028125 0.046296
0 0.791406 0.018519 0.028646 0.035185
0 0.796875 0.057407 0.028125 0.042593
0 0.771354 0.064815 0.019792 0.038889
0 0.739323 0.087500 0.033854 0.049074
0 0.763542 0.020833 0.022917 0.039815
0 0.707292 0.016667 0.020833 0.031481
0 0.723958 0.028241 0.016667 0.030556
0 0.707031 0.081481 0.024479 0.037037
0 0.703646 0.107870 0.019792 0.032407
0 0.677344 0.099537 0.022396 0.041667
0 0.658854 0.084722 0.017708 0.032407
0 0.678906 0.063426 0.022396 0.025000
0 0.688021 0.044907 0.022917 0.028704
0 0.654167 0.051389 0.014583 0.028704
0 0.625781 0.040741 0.027604 0.042593
0 0.634896 0.068056 0.013542 0.017593
0 0.636458 0.150926 0.013542 0.025926
0 0.616406 0.119907 0.023438 0.034259
0 0.607552 0.149537 0.016146 0.028704
0 0.595833 0.166667 0.018750 0.025926
0 0.589063 0.188426 0.027083 0.034259
0 0.568490 0.225000 0.027604 0.046296
0 0.553906 0.180556 0.021354 0.031481
0 0.551823 0.144907 0.022396 0.025000
0 0.573177 0.123148 0.023438 0.037037
0 0.591927 0.076852 0.021354 0.038889
0 0.568229 0.043056 0.028125 0.052778
0 0.550260 0.017130 0.017188 0.026852
0 0.547917 0.095833 0.025000 0.052778
0 0.523177 0.133333 0.022396 0.031481
0 0.501823 0.132407 0.016146 0.033333
0 0.516406 0.084722 0.028646 0.049074
0 0.505469 0.018981 0.022396 0.036111
0 0.495573 0.041667 0.020313 0.038889
0 0.478906 0.091667 0.019271 0.024074
0 0.463802 0.075926 0.018229 0.025926
0 0.476042 0.118519 0.011458 0.042593
0 0.460156 0.126389 0.020313 0.043519
0 0.441406 0.142593 0.022396 0.044444
0 0.442969 0.197685 0.024479 0.039815
0 0.473698 0.175926 0.017188 0.031481
0 0.494531 0.207870 0.019271 0.028704
0 0.477083 0.219907 0.025000 0.028704
0 0.486979 0.256944 0.016667 0.025000
0 0.468750 0.249074 0.014583 0.029630
0 0.448177 0.247222 0.018229 0.029630
0 0.436458 0.074074 0.025000 0.044444
0 0.449479 0.042593 0.022917 0.025926
0 0.456771 0.014352 0.034375 0.026852
0 0.527604 0.332407 0.021875 0.044444
0 0.509635 0.299537 0.028646 0.036111
0 0.492448 0.333796 0.028646 0.045370
0 0.475521 0.308333 0.017708 0.020370
0 0.444010 0.337500 0.023438 0.037963
0 0.426302 0.318056 0.029687 0.032407
0 0.394271 0.329167 0.028125 0.039815
0 0.423958 0.384259 0.021875 0.042593
0 0.399219 0.369907 0.016146 0.017593
0 0.426302 0.430093 0.020313 0.030556
0 0.457031 0.383796 0.018229 0.036111
0 0.475781 0.404630 0.022396 0.037037
0 0.484375 0.438426 0.027083 0.037963
0 0.511458 0.459722 0.018750 0.050926
0 0.526302 0.475926 0.015104 0.040741
0 0.542188 0.473148 0.016667 0.037037
0 0.526563 0.434722 0.018750 0.034259
0 0.540104 0.412500 0.020833 0.028704
0 0.551562 0.444444 0.019792 0.042593
0 0.568490 0.429630 0.019271 0.048148
0 0.553646 0.400000 0.018750 0.029630
0 0.585156 0.408333 0.025521 0.042593
0 0.496615 0.492130 0.024479 0.045370
0 0.473958 0.493519 0.019792 0.037037
0 0.464062 0.463889 0.021875 0.029630
0 0.448958 0.515278 0.022917 0.032407
0 0.437240 0.529630 0.018229 0.042593
0 0.421875 0.549074 0.019792 0.038889
0 0.428125 0.474074 0.021875 0.038889
0 0.402604 0.495370 0.025000 0.040741
0 0.379427 0.460648 0.023438 0.045370
0 0.364583 0.475463 0.018750 0.056481
0 0.343229 0.458796 0.025000 0.039815
0 0.342708 0.412037 0.025000 0.042593
0 0.313021 0.470370 0.020833 0.029630
0 0.264583 0.431019 0.027083 0.047222
0 0.235417 0.403704 0.023958 0.037037
0 0.208333 0.444444 0.028125 0.046296
0 0.234635 0.455556 0.021354 0.037037
0 0.254167 0.495370 0.022917 0.044444
0 0.277344 0.512963 0.016146 0.022222
0 0.302344 0.512037 0.017188 0.024074
0 0.288802 0.548611 0.021354 0.036111
0 0.279687 0.572222 0.025000 0.033333
0 0.323437 0.537500 0.017708 0.034259
0 0.308333 0.574074 0.022917 0.027778
0 0.296875 0.599074 0.022917 0.024074
0 0.279948 0.650463 0.019271 0.036111
0 0.300260 0.645370 0.020313 0.035185
0 0.315365 0.626389 0.016146 0.036111
0 0.329948 0.614815 0.016146 0.033333
0 0.342708 0.600463 0.019792 0.039815
0 0.326302 0.570833 0.017188 0.025000
0 0.348958 0.558796 0.013542 0.032407
0 0.359115 0.537500 0.016146 0.026852
0 0.372656 0.518056 0.015104 0.028704
0 0.366927 0.575926 0.017188 0.040741
0 0.389323 0.574537 0.018229 0.032407
0 0.378906 0.547685 0.018229 0.023148
0 0.399740 0.549074 0.019271 0.037037
0 0.386979 0.524074 0.017708 0.027778
0 0.228906 0.702315 0.036979 0.054630
0 0.261719 0.625926 0.019271 0.037037
0 0.230208 0.609722 0.040625 0.060185
0 0.245833 0.548148 0.019792 0.040741
0 0.225000 0.525463 0.027083 0.050926
0 0.205729 0.542593 0.031250 0.046296
0 0.195052 0.588426 0.031771 0.049074
0 0.175260 0.612963 0.028646 0.042593
0 0.147396 0.617130 0.022917 0.037963
0 0.125521 0.595370 0.026042 0.042593
0 0.159896 0.570370 0.025000 0.048148
0 0.166927 0.537037 0.025521 0.042593
0 0.161979 0.500463 0.027083 0.034259
0 0.160938 0.472685 0.022917 0.034259
0 0.155469 0.758333 0.025521 0.046296
0 0.181771 0.727778 0.025000 0.046296
0 0.152604 0.707407 0.029167 0.040741
0 0.166667 0.670370 0.015625 0.035185
0 0.183854 0.679167 0.018750 0.056481
0 0.016667 0.843056 0.023958 0.037963
0 0.010677 0.800926 0.020313 0.033333
0 0.039583 0.788426 0.025000 0.049074
0 0.066667 0.788889 0.019792 0.042593
0 0.090104 0.793519 0.020833 0.044444
0 0.075781 0.762500 0.016146 0.030556
0 0.061198 0.756019 0.022396 0.034259
0 0.076823 0.737500 0.019271 0.028704
0 0.090885 0.736574 0.022396 0.039815
0 0.114323 0.753241 0.017188 0.041667
0 0.115365 0.712500 0.021354 0.041667
0 0.135677 0.666204 0.031771 0.043519
0 0.106250 0.656019 0.018750 0.041667
0 0.101042 0.608333 0.023958 0.038889
0 0.074740 0.624074 0.023438 0.038889
0 0.075781 0.675000 0.016146 0.044444
0 0.023958 0.698148 0.038542 0.070370
0 0.047656 0.589815 0.031771 0.046296
0 0.024740 0.627315 0.032813 0.054630
0 0.014844 0.570370 0.021354 0.044444
0 0.040365 0.527778 0.020313 0.040741
0 0.064583 0.537037 0.028125 0.053704
0 0.109115 0.527315 0.026562 0.041667
0 0.103125 0.497685 0.025000 0.036111
0 0.013542 0.483796 0.021875 0.060185
0 0.028906 0.481019 0.015104 0.045370
0 0.036458 0.446759 0.014583 0.037963
0 0.051042 0.445833 0.014583 0.030556
0 0.055990 0.473611 0.011979 0.032407
0 0.053646 0.404167 0.013542 0.034259
0 0.065365 0.387963 0.014063 0.059259
0 0.079687 0.389815 0.017708 0.040741
0 0.087240 0.422685 0.016146 0.039815
0 0.066667 0.444444 0.017708 0.046296
0 0.110937 0.340278 0.026042 0.045370
0 0.135937 0.337963 0.020833 0.055556
0 0.150781 0.393981 0.021354 0.058333
0 0.175260 0.384259 0.020313 0.046296
0 0.192708 0.357870 0.026042 0.058333
0 0.028385 0.380556 0.028646 0.035185
0 0.008073 0.353704 0.015104 0.031481
0 0.023177 0.330556 0.020313 0.038889
0 0.044010 0.307407 0.018229 0.050000
0 0.071615 0.289352 0.028646 0.041667
0 0.103646 0.275000 0.027083 0.038889
0 0.116406 0.300926 0.024479 0.040741
0 0.134635 0.270370 0.029687 0.048148
0 0.161979 0.274537 0.015625 0.032407
0 0.173698 0.300463 0.015104 0.043519
0 0.197396 0.311111 0.025000 0.042593
0 0.227344 0.318056 0.025521 0.041667
0 0.249219 0.346759 0.019271 0.063889
0 0.279687 0.370370 0.020833 0.048148
0 0.277865 0.326852 0.024479 0.044444
0 0.270573 0.291204 0.020313 0.028704
0 0.272135 0.252778 0.020313 0.040741
0 0.339062 0.303704 0.029167 0.070370
0 0.302865 0.269444 0.031771 0.077778
0 0.317448 0.232407 0.023438 0.048148
0 0.345833 0.224537 0.020833 0.041667
0 0.339062 0.250463 0.017708 0.032407
0 0.363542 0.243519 0.016667 0.029630
0 0.382552 0.226389 0.018229 0.032407
0 0.379948 0.280093 0.020313 0.028704
0 0.405729 0.182870 0.025000 0.069444
0 0.408073 0.115741 0.031771 0.040741
0 0.375521 0.125000 0.022917 0.040741
0 0.362240 0.142130 0.015104 0.034259
0 0.342708 0.153241 0.027083 0.073148
0 0.315104 0.137500 0.025000 0.052778
0 0.321875 0.077315 0.022917 0.060185
0 0.347656 0.062037 0.019271 0.057407
0 0.366406 0.072685 0.014063 0.039815
0 0.410156 0.076389 0.024479 0.039815
0 0.367969 0.020370 0.023438 0.038889
0 0.340885 0.018519 0.026562 0.035185
0 0.315104 0.023611 0.027083 0.041667
0 0.282292 0.192130 0.027083 0.039815
0 0.282813 0.121759 0.027083 0.050926
0 0.286979 0.078241 0.025000 0.037963
0 0.282813 0.019907 0.017708 0.037963
0 0.262240 0.024074 0.026562 0.046296
0 0.197656 0.262500 0.022396 0.036111
0 0.177344 0.239815 0.016146 0.027778
0 0.161719 0.213426 0.020313 0.032407
0 0.167969 0.169907 0.031771 0.039815
0 0.175260 0.116204 0.019271 0.034259
0 0.244010 0.156481 0.022396 0.050000
0 0.255469 0.110185 0.020313 0.037037
0 0.249740 0.073148 0.027604 0.037037
0 0.228646 0.027778 0.026042 0.048148
0 0.205729 0.023148 0.027083 0.033333
0 0.200521 0.062963 0.029167 0.044444
0 0.203125 0.110648 0.027083 0.036111
0 0.201823 0.158796 0.019271 0.045370
0 0.222135 0.154167 0.019271 0.036111
0 0.228906 0.107870 0.019271 0.041667
0 0.142187 0.068056 0.034375 0.058333
0 0.167708 0.014352 0.036458 0.026852
0 0.122396 0.023148 0.023958 0.044444
0 0.096354 0.019907 0.025000 0.037963
0 0.072917 0.022222 0.022917 0.042593
0 0.053906 0.013889 0.011979 0.025926
0 0.056510 0.056019 0.031771 0.049074
0 0.009375 0.050463 0.017708 0.060185
0 0.015365 0.150926 0.029687 0.037037
0 0.007812 0.192593 0.014583 0.040741
0 0.044531 0.178704 0.020313 0.038889
0 0.109635 0.103241 0.024479 0.032407
0 0.073177 0.198611 0.020313 0.036111
0 0.088281 0.228241 0.018229 0.036111
0 0.109115 0.205093 0.018229 0.041667
0 0.130469 0.202778 0.029687 0.062963
0 0.051823 0.225463 0.027604 0.034259
0 0.028646 0.227315 0.020833 0.036111
0 0.016927 0.269444 0.028646 0.046296
