0 0.044271 0.022685 0.029167 0.043519
0 0.074740 0.049537 0.018229 0.028704
0 0.089323 0.024537 0.019271 0.047222
0 0.109115 0.020370 0.016146 0.038889
0 0.126302 0.020833 0.015104 0.039815
0 0.141927 0.032407 0.011979 0.050000
0 0.161719 0.011574 0.024479 0.021296
0 0.189844 0.012037 0.023438 0.022222
0 0.185156 0.045833 0.029687 0.041667
0 0.260937 0.097222 0.022917 0.055556
0 0.291146 0.075463 0.028125 0.060185
0 0.311979 0.076389 0.013542 0.037963
0 0.235156 0.014352 0.030729 0.026852
0 0.235937 0.050000 0.029167 0.050000
0 0.224219 0.098148 0.022396 0.046296
0 0.212240 0.132407 0.025521 0.048148
0 0.209635 0.181019 0.033854 0.049074
0 0.243490 0.178704 0.019271 0.051852
0 0.230729 0.239352 0.041667 0.075000
0 0.199479 0.281944 0.021875 0.047222
0 0.195573 0.336111 0.018229 0.059259
0 0.214323 0.344907 0.020313 0.043519
0 0.233333 0.324074 0.013542 0.042593
0 0.253385 0.314815 0.018229 0.053704
0 0.267708 0.319444 0.015625 0.038889
0 0.283594 0.303704 0.014063 0.038889
0 0.267708 0.368981 0.025000 0.039815
0 0.292969 0.340278 0.021354 0.043519
0 0.161458 0.333333 0.022917 0.031481
0 0.168229 0.278241 0.025000 0.047222
0 0.138281 0.287963 0.022396 0.042593
0 0.149740 0.249537 0.020313 0.030556
0 0.164323 0.205556 0.020313 0.048148
0 0.148698 0.143981 0.018229 0.030556
0 0.144792 0.169907 0.017708 0.032407
0 0.139583 0.205093 0.025000 0.039815
0 0.119271 0.156019 0.025000 0.049074
0 0.108594 0.114815 0.026562 0.044444
0 0.018229 0.138426 0.032292 0.041667
0 0.049479 0.143056 0.018750 0.043519
0 0.067187 0.160185 0.026042 0.044444
0 0.038542 0.191204 0.028125 0.037963
0 0.028385 0.226389 0.023438 0.032407
0 0.010677 0.243519 0.016146 0.025926
0 0.013542 0.282870 0.023958 0.043519
0 0.038021 0.273611 0.017708 0.039815
0 0.062240 0.244444 0.028646 0.044444
0 0.087240 0.286111 0.021354 0.055556
0 0.108854 0.290741 0.021875 0.051852
0 0.093490 0.230093 0.020313 0.032407
0 0.109375 0.209722 0.017708 0.039815
0 0.097917 0.185648 0.017708 0.041667
0 0.125521 0.242130 0.020833 0.039815
0 0.090885 0.151852 0.013021 0.031481
0 0.058073 0.307870 0.028646 0.037963
0 0.048177 0.350000 0.029687 0.046296
0 0.016667 0.341667 0.020833 0.025926
0 0.015625 0.387500 0.018750 0.056481
0 0.030990 0.416204 0.020313 0.045370
0 0.049479 0.440741 0.022917 0.035185
0 0.066927 0.411574 0.017188 0.036111
0 0.086458 0.428704 0.021875 0.027778
0 0.113802 0.341667 0.025521 0.050000
0 0.085156 0.351389 0.015104 0.037963
0 0.109896 0.390741 0.022917 0.048148
0 0.163542 0.376852 0.025000 0.051852
0 0.204427 0.387500 0.018229 0.032407
0 0.111979 0.070833 0.029167 0.043519
0 0.300260 0.014815 0.026562 0.027778
0 0.328385 0.012037 0.023438 0.022222
0 0.359115 0.047685 0.016146 0.065741
0 0.376042 0.047222 0.013542 0.040741
0 0.113281 0.451389 0.013021 0.039815
0 0.157552 0.523611 0.019271 0.039815
0 0.137760 0.493056 0.022396 0.054630
0 0.141406 0.453704 0.032813 0.031481
0 0.076302 0.474537 0.024479 0.037963
0 0.055208 0.482870 0.015625 0.026852
0 0.035677 0.484722 0.014063 0.036111
0 0.010417 0.486574 0.010417 0.034259
0 0.021615 0.483333 0.009896 0.040741
0 0.018490 0.438426 0.020313 0.030556
0 0.008333 0.527315 0.015625 0.041667
0 0.023958 0.524074 0.011458 0.037037
0 0.043750 0.521296 0.013542 0.027778
0 0.061719 0.518519 0.020313 0.033333
0 0.081510 0.507407 0.009896 0.016667
0 0.095052 0.520833 0.021354 0.034259
0 0.104948 0.538889 0.018229 0.033333
0 0.124479 0.568519 0.022917 0.044444
0 0.096354 0.588426 0.014583 0.025000
0 0.102865 0.615741 0.025521 0.033333
0 0.079167 0.590741 0.016667 0.044444
0 0.066146 0.562037 0.018750 0.035185
0 0.008594 0.590278 0.016146 0.049074
0 0.044271 0.566667 0.019792 0.048148
0 0.026823 0.716204 0.030729 0.063889
0 0.050000 0.687500 0.013542 0.034259
0 0.023698 0.672685 0.015104 0.036111
0 0.017448 0.637500 0.018229 0.058333
0 0.034115 0.615741 0.009896 0.029630
0 0.034115 0.646296 0.014063 0.042593
0 0.045833 0.623611 0.015625 0.037963
0 0.062500 0.654167 0.016667 0.034259
0 0.069531 0.624074 0.018229 0.040741
0 0.013542 0.771296 0.023958 0.053704
0 0.029948 0.795370 0.024479 0.051852
0 0.053385 0.784259 0.024479 0.048148
0 0.059115 0.727315 0.018229 0.050926
0 0.075000 0.747222 0.017708 0.037037
0 0.077344 0.691204 0.023438 0.056481
0 0.102344 0.692130 0.014063 0.049074
0 0.114844 0.666204 0.022396 0.045370
0 0.127865 0.629630 0.017188 0.046296
0 0.138542 0.599537 0.013542 0.037963
0 0.152865 0.637963 0.021354 0.046296
0 0.178385 0.662037 0.020313 0.066667
0 0.148698 0.697685 0.021354 0.060185
0 0.116667 0.714815 0.012500 0.044444
0 0.129427 0.720370 0.014063 0.050000
0 0.094271 0.739815 0.019792 0.038889
0 0.075521 0.791204 0.016667 0.052778
0 0.090365 0.789352 0.013021 0.039815
0 0.100000 0.777315 0.011458 0.041667
0 0.112760 0.788889 0.013021 0.038889
0 0.118490 0.760648 0.011979 0.037963
0 0.139844 0.757870 0.020313 0.043519
0 0.137760 0.810185 0.020313 0.037037
0 0.176563 0.750000 0.012500 0.044444
0 0.186198 0.751389 0.013021 0.036111
0 0.200781 0.737963 0.010937 0.020370
0 0.205469 0.755093 0.011979 0.032407
0 0.190885 0.778704 0.018229 0.027778
0 0.190625 0.713426 0.018750 0.028704
0 0.199219 0.670833 0.021354 0.045370
0 0.220833 0.651852 0.021875 0.055556
0 0.240625 0.658333 0.017708 0.046296
0 0.256250 0.610648 0.022917 0.043519
0 0.257031 0.567130 0.020313 0.032407
0 0.232292 0.576389 0.016667 0.043519
0 0.216927 0.587963 0.018229 0.038889
0 0.200260 0.586574 0.015104 0.032407
0 0.212240 0.556944 0.016146 0.026852
0 0.189062 0.549074 0.023958 0.029630
0 0.199740 0.522222 0.020313 0.031481
0 0.221615 0.525000 0.017188 0.037037
0 0.241667 0.525463 0.015625 0.037963
0 0.251302 0.507407 0.009896 0.038889
0 0.265625 0.497222 0.013542 0.029630
0 0.205729 0.478704 0.027083 0.055556
0 0.225260 0.459259 0.015104 0.064815
0 0.240885 0.458796 0.011979 0.058333
0 0.262760 0.408333 0.015104 0.038889
0 0.267708 0.447222 0.022917 0.051852
0 0.280729 0.456481 0.014583 0.037037
0 0.283594 0.408796 0.018229 0.037963
0 0.291406 0.383796 0.016146 0.034259
0 0.313802 0.409259 0.028646 0.044444
0 0.315885 0.359259 0.020313 0.051852
0 0.320052 0.319907 0.016146 0.034259
0 0.328125 0.297685 0.012500 0.030556
0 0.342708 0.301389 0.011458 0.034259
0 0.356771 0.306481 0.014583 0.048148
0 0.371615 0.288889 0.014063 0.055556
0 0.358073 0.255556 0.013021 0.050000
0 0.336198 0.260648 0.023438 0.036111
0 0.307031 0.275000 0.024479 0.044444
0 0.325260 0.233796 0.020313 0.049074
0 0.300260 0.214352 0.019271 0.045370
0 0.310937 0.145833 0.027083 0.043519
0 0.339323 0.157407 0.022396 0.051852
0 0.367188 0.154630 0.025000 0.042593
0 0.379948 0.135648 0.029687 0.032407
0 0.371615 0.192593 0.019271 0.050000
0 0.394531 0.185185 0.020313 0.068519
0 0.340885 0.203704 0.020313 0.044444
0 0.419010 0.227778 0.022396 0.040741
0 0.412760 0.253241 0.025521 0.041667
0 0.406250 0.288426 0.016667 0.039815
0 0.386719 0.316667 0.016146 0.033333
0 0.342708 0.388889 0.027083 0.051852
0 0.366667 0.379167 0.018750 0.039815
0 0.419271 0.366667 0.022917 0.038889
0 0.434896 0.315278 0.021875 0.050926
0 0.457292 0.331481 0.014583 0.053704
0 0.440365 0.244444 0.019271 0.051852
0 0.442969 0.182870 0.020313 0.050926
0 0.450781 0.145833 0.017188 0.045370
0 0.466927 0.177315 0.014063 0.047222
0 0.480990 0.146296 0.016146 0.044444
0 0.409375 0.142593 0.027083 0.042593
0 0.398438 0.027315 0.018750 0.034259
0 0.402083 0.069907 0.016667 0.045370
0 0.420833 0.048611 0.013542 0.039815
0 0.451562 0.054630 0.015625 0.042593
0 0.473177 0.060185 0.018229 0.040741
0 0.483854 0.016204 0.013542 0.030556
0 0.501563 0.061574 0.014583 0.045370
0 0.504167 0.012037 0.010417 0.022222
0 0.521094 0.016204 0.014063 0.030556
0 0.540625 0.032870 0.015625 0.045370
0 0.006771 0.827778 0.012500 0.031481
0 0.008333 0.877778 0.015625 0.037037
0 0.032292 0.862963 0.022917 0.038889
0 0.058333 0.840278 0.022917 0.047222
0 0.013802 0.922685 0.017188 0.032407
0 0.028125 0.903241 0.012500 0.041667
0 0.048438 0.909259 0.016667 0.029630
0 0.067708 0.899537 0.014583 0.041667
0 0.100260 0.831019 0.025521 0.036111
0 0.105729 0.862037 0.026042 0.042593
0 0.007812 0.957407 0.014583 0.025926
0 0.017708 0.961574 0.011458 0.030556
0 0.029427 0.976389 0.018229 0.047222
0 0.047656 0.973611 0.018229 0.047222
0 0.063542 0.942593 0.023958 0.037037
0 0.080469 0.978241 0.021354 0.034259
0 0.095573 0.959722 0.018229 0.037963
0 0.093229 0.911111 0.028125 0.050000
0 0.121354 0.943981 0.019792 0.037963
0 0.130990 0.978704 0.020313 0.038889
0 0.112240 0.979630 0.016146 0.037037
0 0.125521 0.893519 0.014583 0.040741
0 0.137500 0.871296 0.009375 0.037037
0 0.152865 0.851389 0.016146 0.052778
0 0.174219 0.856944 0.017188 0.050926
0 0.195573 0.867593 0.011979 0.042593
0 0.213802 0.854167 0.019271 0.052778
0 0.206250 0.803241 0.026042 0.045370
0 0.159896 0.978241 0.019792 0.043519
0 0.176042 0.973611 0.015625 0.039815
0 0.191406 0.977778 0.016146 0.044444
0 0.206510 0.973148 0.020313 0.040741
0 0.228125 0.946759 0.017708 0.039815
0 0.213802 0.912963 0.019271 0.050000
0 0.233073 0.890278 0.013021 0.052778
0 0.150521 0.923148 0.025000 0.044444
0 0.185417 0.909722 0.030208 0.047222
0 0.157031 0.587500 0.020313 0.034259
0 0.179167 0.599537 0.018750 0.045370
0 0.224740 0.744444 0.018229 0.042593
0 0.251302 0.701852 0.023438 0.042593
0 0.265625 0.651852 0.025000 0.029630
0 0.246875 0.791667 0.027083 0.044444
0 0.267188 0.744907 0.026042 0.036111
0 0.278906 0.699537 0.020313 0.041667
0 0.324219 0.646296 0.023438 0.044444
0 0.295312 0.630093 0.025000 0.052778
0 0.293750 0.585648 0.020833 0.036111
0 0.317969 0.566667 0.021354 0.048148
0 0.299479 0.531481 0.018750 0.040741
0 0.321354 0.493981 0.022917 0.032407
0 0.326042 0.456019 0.021875 0.043519
0 0.350781 0.447685 0.019271 0.036111
0 0.361458 0.484259 0.025000 0.037037
0 0.329688 0.528241 0.014583 0.028704
0 0.340885 0.556019 0.020313 0.049074
0 0.365625 0.531019 0.025000 0.039815
0 0.335938 0.606481 0.015625 0.035185
0 0.355208 0.613426 0.021875 0.039815
0 0.373958 0.583333 0.021875 0.057407
0 0.317708 0.700000 0.025000 0.040741
0 0.341667 0.681944 0.022917 0.037963
0 0.346615 0.648611 0.014063 0.032407
0 0.364583 0.648611 0.021875 0.028704
0 0.382031 0.654630 0.018229 0.040741
0 0.302083 0.745370 0.019792 0.035185
0 0.277865 0.781944 0.018229 0.026852
0 0.270833 0.812037 0.015625 0.031481
0 0.283333 0.834722 0.017708 0.034259
0 0.250260 0.847222 0.026562 0.050000
0 0.273438 0.865278 0.020833 0.039815
0 0.279427 0.926852 0.021354 0.044444
0 0.262760 0.939352 0.017188 0.030556
0 0.258333 0.977315 0.018750 0.039815
0 0.246094 0.935648 0.018229 0.041667
0 0.299479 0.947222 0.022917 0.046296
0 0.321094 0.944444 0.018229 0.051852
0 0.342187 0.930556 0.019792 0.042593
0 0.358073 0.901852 0.014063 0.031481
0 0.342448 0.895370 0.018229 0.037037
0 0.326823 0.876389 0.016146 0.039815
0 0.303646 0.893519 0.027083 0.040741
0 0.303646 0.844444 0.022917 0.038889
0 0.302865 0.800926 0.014063 0.033333
0 0.331771 0.818981 0.016667 0.037963
0 0.349219 0.837037 0.018229 0.033333
0 0.366927 0.831481 0.019271 0.029630
0 0.370312 0.872685 0.023958 0.041667
0 0.386198 0.855556 0.019271 0.042593
0 0.410417 0.881481 0.020833 0.042593
0 0.390104 0.903704 0.023958 0.040741
0 0.398438 0.930556 0.022917 0.037037
0 0.396615 0.979167 0.023438 0.041667
0 0.376823 0.978241 0.018229 0.043519
0 0.358594 0.979630 0.016146 0.040741
0 0.342448 0.975926 0.024479 0.046296
0 0.325781 0.984722 0.017188 0.030556
0 0.400260 0.828704 0.020313 0.038889
0 0.387760 0.797685 0.013021 0.036111
0 0.403906 0.788426 0.015104 0.039815
0 0.433594 0.817130 0.021354 0.047222
0 0.431510 0.773611 0.021354 0.043519
0 0.435417 0.730093 0.019792 0.034259
0 0.413281 0.738889 0.021354 0.035185
0 0.414323 0.702778 0.015104 0.024074
0 0.340885 0.773148 0.017188 0.040741
0 0.360417 0.780556 0.017708 0.048148
0 0.378385 0.779167 0.017188 0.045370
0 0.375000 0.743519 0.019792 0.031481
0 0.345313 0.732407 0.016667 0.040741
0 0.364583 0.718056 0.016667 0.030556
0 0.385156 0.703704 0.022396 0.042593
0 0.403125 0.672222 0.018750 0.038889
0 0.434375 0.691204 0.021875 0.032407
0 0.405729 0.562963 0.018750 0.055556
0 0.429427 0.574074 0.016146 0.040741
0 0.417448 0.631019 0.025521 0.049074
0 0.439583 0.638426 0.017708 0.050926
0 0.460156 0.610185 0.016146 0.040741
0 0.466146 0.742130 0.021875 0.058333
0 0.487240 0.686111 0.020313 0.070370
0 0.516406 0.644907 0.028646 0.076852
0 0.458073 0.670370 0.020313 0.044444
0 0.474479 0.635648 0.018750 0.034259
0 0.495052 0.604630 0.021354 0.048148
0 0.473438 0.564352 0.016667 0.045370
0 0.500781 0.553241 0.017188 0.052778
0 0.522656 0.556019 0.018229 0.063889
0 0.536458 0.538426 0.017708 0.047222
0 0.390885 0.506944 0.025521 0.049074
0 0.408073 0.487037 0.021354 0.042593
0 0.382812 0.453704 0.013542 0.040741
0 0.397917 0.454630 0.015625 0.040741
0 0.405208 0.416204 0.017708 0.037963
0 0.371354 0.421759 0.017708 0.036111
0 0.421875 0.401852 0.020833 0.040741
0 0.420052 0.453704 0.025521 0.040741
0 0.440885 0.430093 0.015104 0.041667
0 0.461719 0.426389 0.018229 0.041667
0 0.467187 0.391204 0.015625 0.049074
0 0.483333 0.392130 0.016667 0.041667
0 0.487760 0.425463 0.015104 0.039815
0 0.458594 0.462963 0.024479 0.037037
0 0.441667 0.490278 0.014583 0.039815
0 0.468750 0.517130 0.016667 0.041667
0 0.493229 0.504167 0.025000 0.037963
0 0.534115 0.486111 0.020313 0.040741
0 0.546615 0.451852 0.021354 0.048148
0 0.555990 0.406019 0.025521 0.041667
0 0.513542 0.436574 0.029167 0.041667
0 0.510417 0.393519 0.026042 0.038889
0 0.504948 0.340741 0.022396 0.055556
0 0.527865 0.346759 0.018229 0.049074
0 0.558333 0.362500 0.025000 0.036111
0 0.562760 0.320833 0.024479 0.041667
0 0.479687 0.336111 0.022917 0.051852
0 0.458594 0.239815 0.016146 0.048148
0 0.471615 0.229630 0.020313 0.040741
0 0.476302 0.269907 0.022396 0.047222
0 0.496875 0.246296 0.019792 0.055556
0 0.519792 0.245370 0.023958 0.072222
0 0.539323 0.281944 0.017188 0.032407
0 0.558073 0.272222 0.021354 0.044444
0 0.541406 0.232407 0.017188 0.044444
0 0.563542 0.222685 0.021875 0.036111
0 0.577604 0.252315 0.017708 0.049074
0 0.589063 0.203241 0.021875 0.045370
0 0.556510 0.172222 0.020313 0.050000
0 0.588802 0.138426 0.018229 0.062037
0 0.607292 0.168519 0.013542 0.038889
0 0.610938 0.115741 0.020833 0.050000
0 0.625260 0.060185 0.018229 0.048148
0 0.606771 0.071759 0.014583 0.034259
0 0.630990 0.014815 0.024479 0.027778
0 0.560937 0.035648 0.013542 0.049074
0 0.575260 0.031019 0.015104 0.052778
0 0.592187 0.025000 0.015625 0.048148
0 0.608073 0.027778 0.015104 0.040741
0 0.495312 0.186574 0.027083 0.052778
0 0.509896 0.148611 0.028125 0.050926
0 0.509896 0.112500 0.022917 0.034259
0 0.473698 0.102778 0.030729 0.051852
0 0.420573 0.089815 0.024479 0.053704
0 0.537500 0.124074 0.016667 0.048148
0 0.572656 0.085185 0.019271 0.046296
0 0.536458 0.077778 0.017708 0.035185
0 0.589844 0.077778 0.020313 0.044444
0 0.660417 0.074074 0.023958 0.042593
0 0.643490 0.154630 0.022396 0.050000
0 0.671354 0.145370 0.025000 0.044444
0 0.635417 0.208333 0.028125 0.040741
0 0.651823 0.236574 0.020313 0.041667
0 0.614844 0.287963 0.024479 0.051852
0 0.608333 0.353241 0.029167 0.041667
0 0.595052 0.440278 0.024479 0.045370
0 0.590885 0.488426 0.023438 0.043519
0 0.578906 0.547222 0.025521 0.042593
0 0.599479 0.562963 0.025000 0.037037
0 0.610417 0.527315 0.021875 0.041667
0 0.616406 0.463426 0.020313 0.039815
0 0.635938 0.475000 0.021875 0.042593
0 0.618490 0.416204 0.022396 0.058333
0 0.645312 0.411574 0.027083 0.052778
0 0.652344 0.365741 0.022396 0.046296
0 0.669271 0.392130 0.012500 0.041667
0 0.669531 0.341667 0.021354 0.050000
0 0.651302 0.295833 0.024479 0.045370
0 0.607552 0.589352 0.020313 0.037963
0 0.584115 0.611111 0.021354 0.046296
0 0.559375 0.669444 0.023958 0.035185
0 0.546354 0.712037 0.027083 0.040741
0 0.512760 0.740278 0.025521 0.037963
0 0.501042 0.778241 0.027083 0.037963
0 0.531510 0.776852 0.025521 0.040741
0 0.562500 0.747222 0.019792 0.044444
0 0.581771 0.777778 0.017708 0.044444
0 0.595833 0.729167 0.018750 0.043519
0 0.605469 0.684722 0.021354 0.052778
0 0.587240 0.649537 0.018229 0.037963
0 0.607552 0.636111 0.020313 0.050000
0 0.623437 0.629167 0.015625 0.045370
0 0.641146 0.619907 0.014583 0.039815
0 0.647135 0.570833 0.026562 0.047222
0 0.632031 0.528241 0.021354 0.036111
0 0.648177 0.519907 0.017188 0.041667
0 0.683854 0.436574 0.022917 0.036111
0 0.692708 0.475926 0.014583 0.044444
0 0.670052 0.245370 0.019271 0.029630
0 0.671354 0.205093 0.019792 0.037963
0 0.689583 0.186574 0.018750 0.041667
0 0.695312 0.234722 0.014583 0.043519
0 0.696354 0.268056 0.021875 0.043519
0 0.705729 0.308796 0.023958 0.041667
0 0.730469 0.319444 0.019271 0.050000
0 0.736979 0.358796 0.017708 0.039815
0 0.757812 0.318519 0.028125 0.044444
0 0.780990 0.296296 0.022396 0.053704
0 0.821354 0.311574 0.022917 0.058333
0 0.794792 0.344444 0.018750 0.035185
0 0.776563 0.374537 0.020833 0.047222
0 0.756771 0.390278 0.017708 0.039815
0 0.708333 0.369907 0.021875 0.039815
0 0.694792 0.389815 0.015625 0.040741
0 0.716667 0.412963 0.015625 0.037037
0 0.733594 0.410185 0.021354 0.042593
0 0.726302 0.447222 0.020313 0.038889
0 0.711458 0.472222 0.018750 0.038889
0 0.737240 0.486574 0.019271 0.050926
0 0.753385 0.488426 0.015104 0.052778
0 0.766927 0.506019 0.016146 0.060185
0 0.791667 0.503704 0.015625 0.048148
0 0.821615 0.475463 0.023438 0.041667
0 0.828906 0.515278 0.021354 0.056481
0 0.848698 0.540741 0.022396 0.042593
0 0.795312 0.419444 0.021875 0.048148
0 0.807813 0.406019 0.022917 0.039815
0 0.820573 0.374074 0.018229 0.033333
0 0.845313 0.354167 0.019792 0.039815
0 0.863281 0.310185 0.027604 0.053704
0 0.873698 0.352315 0.023438 0.050926
0 0.904948 0.338889 0.024479 0.059259
0 0.686979 0.566204 0.027083 0.049074
0 0.680729 0.618056 0.020833 0.052778
0 0.708333 0.613426 0.022917 0.045370
0 0.721615 0.530556 0.018229 0.050000
0 0.732292 0.564352 0.019792 0.045370
0 0.753125 0.588426 0.020833 0.043519
0 0.684375 0.091204 0.017708 0.036111
0 0.684115 0.041667 0.020313 0.044444
0 0.701562 0.017130 0.021875 0.032407
0 0.717187 0.053241 0.022917 0.045370
0 0.704688 0.106481 0.021875 0.053704
0 0.724479 0.104167 0.017708 0.039815
0 0.695052 0.139815 0.019271 0.044444
0 0.716406 0.164352 0.021354 0.047222
0 0.738021 0.188889 0.021875 0.053704
0 0.716927 0.216204 0.021354 0.052778
0 0.770573 0.200000 0.025521 0.064815
0 0.798698 0.208796 0.018229 0.047222
0 0.807813 0.164352 0.022917 0.063889
0 0.832292 0.139815 0.023958 0.051852
0 0.832292 0.187963 0.016667 0.055556
0 0.844792 0.212963 0.010417 0.035185
0 0.856250 0.197685 0.014583 0.039815
0 0.867188 0.170833 0.014583 0.045370
0 0.878385 0.143056 0.018229 0.034259
0 0.886979 0.105093 0.016667 0.041667
0 0.857031 0.092593 0.015104 0.040741
0 0.872656 0.058796 0.020313 0.043519
0 0.814063 0.042130 0.029167 0.050926
0 0.788021 0.014815 0.026042 0.027778
0 0.748437 0.014815 0.034375 0.027778
0 0.741667 0.050000 0.020833 0.033333
0 0.748177 0.075000 0.021354 0.035185
0 0.762240 0.099537 0.015104 0.045370
0 0.777604 0.080556 0.015625 0.048148
0 0.792188 0.110648 0.019792 0.052778
0 0.784375 0.043056 0.015625 0.032407
0 0.750781 0.250000 0.025521 0.044444
0 0.885938 0.010185 0.034375 0.018519
0 0.635417 0.693519 0.029167 0.042593
0 0.643490 0.653704 0.026562 0.029630
0 0.660156 0.638889 0.020313 0.038889
0 0.673438 0.685648 0.026042 0.037963
0 0.704688 0.673148 0.025000 0.040741
0 0.723437 0.665741 0.021875 0.037037
0 0.731250 0.612963 0.022917 0.048148
0 0.846875 0.261111 0.027083 0.053704
0 0.874479 0.238889 0.022917 0.059259
0 0.911719 0.252778 0.025521 0.040741
0 0.911719 0.206944 0.020313 0.045370
0 0.941667 0.222685 0.021875 0.043519
0 0.984115 0.230093 0.019271 0.056481
0 0.980469 0.176852 0.014063 0.042593
0 0.960156 0.173148 0.018229 0.057407
0 0.942708 0.179167 0.015625 0.037963
0 0.940625 0.146296 0.017708 0.042593
0 0.913021 0.149074 0.025000 0.046296
0 0.900521 0.084259 0.016667 0.048148
0 0.916927 0.099074 0.014063 0.044444
0 0.930729 0.101389 0.013542 0.045370
0 0.945312 0.104630 0.015625 0.031481
0 0.963281 0.120370 0.019271 0.038889
0 0.984115 0.105556 0.021354 0.051852
0 0.973698 0.069907 0.019271 0.037963
0 0.939323 0.027315 0.029687 0.052778
0 0.794271 0.552315 0.022917 0.043519
0 0.814063 0.581019 0.020833 0.058333
0 0.801042 0.619444 0.015625 0.038889
0 0.784115 0.606481 0.016146 0.040741
0 0.767448 0.597222 0.017188 0.050000
0 0.766406 0.637037 0.020313 0.037037
0 0.748698 0.664352 0.025521 0.041667
0 0.792188 0.671759 0.021875 0.039815
0 0.811198 0.691204 0.026562 0.041667
0 0.793229 0.716204 0.022917 0.047222
0 0.747656 0.728241 0.023438 0.050926
0 0.725260 0.718056 0.022396 0.041667
0 0.699740 0.725463 0.026562 0.043519
0 0.655990 0.723611 0.024479 0.039815
0 0.628646 0.746296 0.030208 0.061111
0 0.603125 0.789815 0.019792 0.048148
0 0.560156 0.821759 0.025521 0.052778
0 0.578385 0.834722 0.019271 0.037963
0 0.602604 0.855556 0.026042 0.042593
0 0.626563 0.839815 0.022917 0.048148
0 0.640625 0.807870 0.028125 0.039815
0 0.658854 0.765741 0.023958 0.037037
0 0.677865 0.747222 0.018229 0.051852
0 0.715104 0.787963 0.022917 0.062963
0 0.690625 0.793056 0.022917 0.047222
0 0.673438 0.830093 0.025000 0.045370
0 0.694792 0.873148 0.021875 0.053704
0 0.715365 0.913889 0.029687 0.064815
0 0.675000 0.912963 0.022917 0.057407
0 0.649479 0.868519 0.015625 0.024074
0 0.638021 0.897685 0.027083 0.037963
0 0.646615 0.935185 0.025521 0.035185
0 0.657031 0.969444 0.023438 0.042593
0 0.621615 0.975463 0.029687 0.045370
0 0.619010 0.931481 0.019271 0.027778
0 0.596094 0.897685 0.024479 0.037963
0 0.569531 0.878241 0.019271 0.032407
0 0.590365 0.945370 0.024479 0.046296
0 0.561719 0.982870 0.026562 0.034259
0 0.565104 0.922222 0.020833 0.044444
0 0.540885 0.918519 0.020313 0.027778
0 0.477604 0.836574 0.021875 0.039815
0 0.494010 0.858796 0.018229 0.036111
0 0.510417 0.821296 0.016667 0.033333
0 0.517448 0.853704 0.020313 0.038889
0 0.534896 0.834722 0.017708 0.036111
0 0.440885 0.960185 0.036979 0.053704
0 0.453125 0.906019 0.018750 0.039815
0 0.476302 0.913426 0.025521 0.056481
0 0.494792 0.969907 0.026042 0.041667
0 0.516667 0.980556 0.019792 0.038889
0 0.516406 0.927315 0.022396 0.050926
0 0.514323 0.894907 0.018229 0.034259
0 0.747396 0.975000 0.028125 0.050000
0 0.753906 0.939815 0.021354 0.044444
0 0.767969 0.910648 0.026562 0.063889
0 0.772656 0.791667 0.022396 0.061111
0 0.794531 0.768056 0.018229 0.049074
0 0.804427 0.809722 0.022396 0.052778
0 0.785677 0.848611 0.014063 0.041667
0 0.801562 0.855093 0.018750 0.045370
0 0.817969 0.856481 0.013021 0.038889
0 0.830208 0.860648 0.012500 0.039815
0 0.850260 0.846759 0.020313 0.062037
0 0.861979 0.819444 0.018750 0.061111
0 0.839323 0.781944 0.020313 0.056481
0 0.827344 0.732407 0.024479 0.050000
0 0.847656 0.724537 0.018229 0.047222
0 0.865885 0.702315 0.021354 0.041667
0 0.879427 0.729630 0.018229 0.044444
0 0.893229 0.762963 0.026042 0.051852
0 0.910417 0.724537 0.022917 0.056481
0 0.933594 0.690741 0.022396 0.053704
0 0.897135 0.834259 0.031771 0.053704
0 0.935417 0.802315 0.027083 0.062037
0 0.808073 0.983333 0.021354 0.033333
0 0.800000 0.916204 0.027083 0.060185
0 0.823177 0.939352 0.019271 0.043519
0 0.856250 0.903704 0.017708 0.050000
0 0.877083 0.900000 0.016667 0.044444
0 0.885677 0.939352 0.018229 0.045370
0 0.862760 0.948148 0.022396 0.033333
0 0.849479 0.972222 0.028125 0.053704
0 0.907292 0.962037 0.019792 0.057407
0 0.918229 0.936111 0.016667 0.035185
0 0.927604 0.969907 0.016667 0.047222
0 0.943490 0.956944 0.019271 0.036111
0 0.961719 0.946759 0.018229 0.063889
0 0.990625 0.978704 0.018750 0.042593
0 0.967969 0.982870 0.019271 0.034259
0 0.971875 0.823611 0.022917 0.060185
0 0.979948 0.862500 0.018229 0.037963
0 0.916927 0.285648 0.027604 0.041667
0 0.943490 0.286111 0.025521 0.048148
0 0.942448 0.329167 0.022396 0.039815
0 0.948177 0.347222 0.011979 0.029630
0 0.960677 0.373148 0.018229 0.033333
0 0.969271 0.325000 0.021875 0.044444
0 0.987240 0.373611 0.017188 0.054630
0 0.993490 0.313426 0.010937 0.047222
0 0.983333 0.021759 0.033333 0.041667
0 0.870573 0.645833 0.025521 0.041667
0 0.869010 0.606019 0.025521 0.037963
0 0.903125 0.581944 0.032292 0.047222
0 0.900781 0.627778 0.019271 0.048148
0 0.926302 0.628241 0.023438 0.047222
0 0.941667 0.629167 0.021875 0.043519
0 0.961198 0.611574 0.019271 0.034259
0 0.969792 0.640278 0.013542 0.032407
0 0.992448 0.646296 0.015104 0.031481
0 0.980208 0.696296 0.032292 0.040741
0 0.988021 0.736111 0.020833 0.038889
0 0.966406 0.743056 0.022396 0.050926
0 0.991667 0.798611 0.016667 0.075000
0 0.931771 0.896759 0.028125 0.041667
0 0.987760 0.543981 0.022396 0.056481
0 0.991146 0.482870 0.015625 0.047222
0 0.984896 0.425463 0.030208 0.043519
0 0.967708 0.454630 0.016667 0.033333
0 0.946615 0.425463 0.021354 0.036111
0 0.930990 0.396759 0.023438 0.036111
0 0.913281 0.427778 0.024479 0.037037
0 0.940885 0.464352 0.026562 0.037963
0 0.930469 0.489815 0.019271 0.033333
0 0.942448 0.523148 0.014063 0.050000
0 0.958333 0.507870 0.018750 0.043519
0 0.913542 0.518981 0.023958 0.049074
0 0.903385 0.470833 0.026562 0.039815
0 0.885156 0.493056 0.019271 0.043519
0 0.862500 0.500463 0.028125 0.045370
0 0.843229 0.458796 0.016667 0.034259
0 0.858333 0.445370 0.021875 0.051852
0 0.872917 0.419907 0.023958 0.037963
0 0.827083 0.426389 0.020833 0.039815
0 0.842708 0.389352 0.027083 0.030556
0 0.888281 0.381481 0.016146 0.038889
0 0.902865 0.410185 0.020313 0.024074
