0 0.397917 0.293056 0.046875 0.071296
0 0.636198 0.222685 0.033854 0.062037
0 0.562760 0.673611 0.018229 0.028704
0 0.704948 0.764815 0.031771 0.050000
0 0.752344 0.789815 0.029687 0.048148
0 0.889583 0.431019 0.035417 0.060185
0 0.850000 0.426389 0.034375 0.050926
0 0.812500 0.416204 0.031250 0.069444
0 0.781771 0.382407 0.036458 0.068519
0 0.739583 0.372222 0.034375 0.053704
0 0.671875 0.264352 0.025000 0.039815
0 0.676562 0.298611 0.022917 0.030556
0 0.697135 0.270833 0.022396 0.034259
0 0.698698 0.307870 0.019271 0.041667
0 0.037240 0.602778 0.031771 0.044444
0 0.054948 0.542593 0.022396 0.046296
0 0.013542 0.545833 0.026042 0.065741
0 0.049740 0.474537 0.033854 0.047222
0 0.021615 0.423611 0.030729 0.052778
0 0.105990 0.293519 0.023438 0.044444
0 0.080469 0.329167 0.029687 0.056481
0 0.073698 0.267130 0.033854 0.052778
0 0.047917 0.150463 0.022917 0.045370
0 0.020833 0.185648 0.025000 0.075000
0 0.032813 0.257407 0.019792 0.044444
0 0.010677 0.289352 0.020313 0.063889
0 0.013021 0.352778 0.025000 0.050000
0 0.037240 0.360648 0.020313 0.032407
0 0.121615 0.223611 0.027604 0.056481
0 0.145313 0.088889 0.027083 0.051852
0 0.110417 0.120833 0.027083 0.050926
0 0.182812 0.018056 0.035417 0.034259
0 0.089063 0.068056 0.026042 0.047222
0 0.913542 0.973611 0.036458 0.052778
0 0.963542 0.980556 0.042708 0.038889
0 0.930469 0.126389 0.032813 0.067593
0 0.619271 0.054167 0.020833 0.036111
0 0.747917 0.878704 0.033333 0.061111
0 0.674740 0.943519 0.039062 0.066667
0 0.654167 0.841204 0.029167 0.039815
0 0.874740 0.885648 0.035937 0.056481
0 0.782292 0.955093 0.020833 0.032407
0 0.796615 0.985185 0.032813 0.029630
0 0.673698 0.883333 0.027604 0.038889
0 0.643490 0.881481 0.024479 0.031481
0 0.642188 0.923148 0.021875 0.044444
0 0.615365 0.914352 0.026562 0.039815
0 0.619792 0.868519 0.022917 0.050000
0 0.533594 0.943981 0.020313 0.039815
0 0.508594 0.987500 0.016146 0.025000
0 0.527865 0.983333 0.018229 0.031481
0 0.552344 0.980556 0.026562 0.038889
0 0.557292 0.933333 0.027083 0.044444
0 0.584635 0.942130 0.025521 0.041667
0 0.601823 0.980093 0.033854 0.037963
0 0.646094 0.978241 0.033854 0.043519
0 0.757292 0.970370 0.025000 0.053704
0 0.729688 0.947685 0.029167 0.043519
0 0.702865 0.971759 0.020313 0.056481
0 0.691667 0.116667 0.038542 0.050000
0 0.683333 0.065278 0.026042 0.045370
0 0.662760 0.078704 0.019271 0.044444
0 0.780990 0.113889 0.030729 0.051852
0 0.977344 0.141667 0.020313 0.037037
0 0.958594 0.114352 0.017188 0.047222
0 0.977865 0.081944 0.020313 0.045370
0 0.954688 0.066204 0.029167 0.043519
0 0.917969 0.042593 0.029687 0.044444
0 0.884375 0.093519 0.021875 0.044444
0 0.857292 0.086111 0.020833 0.033333
0 0.841667 0.130556 0.022917 0.051852
0 0.855208 0.169907 0.026042 0.036111
0 0.880990 0.143056 0.031771 0.056481
0 0.778646 0.015741 0.014583 0.029630
0 0.790365 0.032870 0.011979 0.028704
0 0.832292 0.016204 0.016667 0.030556
0 0.827344 0.044444 0.021354 0.046296
0 0.748958 0.072685 0.021875 0.050926
0 0.734115 0.060185 0.016146 0.031481
0 0.726042 0.092593 0.027083 0.048148
0 0.743490 0.014815 0.024479 0.027778
0 0.635938 0.031019 0.031250 0.060185
0 0.669010 0.021759 0.025521 0.041667
0 0.701042 0.017130 0.021875 0.032407
0 0.043490 0.018519 0.032813 0.035185
0 0.024740 0.093056 0.029687 0.060185
0 0.724740 0.325926 0.026562 0.040741
0 0.137500 0.287500 0.019792 0.037963
0 0.096875 0.169444 0.027083 0.040741
0 0.466667 0.984259 0.019792 0.031481
0 0.875521 0.026852 0.029167 0.033333
0 0.909375 0.009722 0.023958 0.017593
