0 0.275260 0.728704 0.034896 0.042593
0 0.283594 0.758796 0.035937 0.034259
0 0.153646 0.693981 0.027083 0.037963
0 0.373437 0.542130 0.020833 0.039815
0 0.413021 0.550000 0.013542 0.031481
0 0.403646 0.492593 0.030208 0.037037
0 0.371615 0.419444 0.024479 0.040741
0 0.508073 0.439815 0.016146 0.035185
0 0.526563 0.469444 0.022917 0.062963
0 0.474219 0.337500 0.029687 0.065741
0 0.490885 0.364352 0.016146 0.056481
0 0.501563 0.305556 0.025000 0.046296
0 0.328125 0.215278 0.040625 0.063889
0 0.355990 0.181019 0.028646 0.049074
0 0.385937 0.208796 0.019792 0.049074
0 0.393490 0.153704 0.030729 0.051852
0 0.362760 0.226389 0.024479 0.037963
0 0.355469 0.280093 0.028646 0.058333
0 0.403385 0.305556 0.025521 0.044444
0 0.440365 0.293519 0.027604 0.046296
0 0.421615 0.304630 0.019271 0.040741
0 0.442969 0.332407 0.019271 0.025926
0 0.421615 0.254630 0.014063 0.033333
0 0.439063 0.243981 0.012500 0.026852
0 0.489583 0.184259 0.021875 0.046296
0 0.491667 0.245370 0.020833 0.057407
0 0.466667 0.113889 0.017708 0.031481
0 0.485938 0.088889 0.018750 0.037037
0 0.473438 0.063426 0.026042 0.030556
0 0.453646 0.080093 0.015625 0.041667
0 0.454167 0.044444 0.015625 0.038889
0 0.434896 0.081019 0.016667 0.039815
0 0.416667 0.084259 0.017708 0.024074
0 0.417187 0.057407 0.020833 0.029630
0 0.767188 0.343519 0.039583 0.070370
0 0.761458 0.406019 0.025000 0.054630
0 0.787240 0.424537 0.021354 0.039815
0 0.797396 0.404167 0.017708 0.036111
0 0.787240 0.454167 0.015104 0.021296
0 0.796615 0.480556 0.020313 0.025926
0 0.814323 0.485648 0.016146 0.041667
0 0.791146 0.516204 0.015625 0.041667
0 0.810937 0.525000 0.017708 0.031481
0 0.793490 0.571759 0.022396 0.043519
0 0.773438 0.593056 0.026042 0.054630
0 0.757812 0.643056 0.023958 0.037963
0 0.779687 0.644444 0.016667 0.051852
0 0.801042 0.634259 0.018750 0.031481
0 0.785417 0.693519 0.026042 0.044444
0 0.807813 0.700000 0.014583 0.031481
0 0.829688 0.686111 0.016667 0.044444
0 0.860938 0.652778 0.012500 0.033333
0 0.854688 0.680556 0.014583 0.016667
0 0.766667 0.778704 0.026042 0.055556
0 0.789323 0.750926 0.027604 0.055556
0 0.767969 0.738426 0.015104 0.023148
0 0.819271 0.762963 0.018750 0.053704
0 0.787240 0.799074 0.021354 0.029630
0 0.811719 0.809259 0.022396 0.046296
0 0.786719 0.843519 0.017188 0.055556
0 0.804688 0.845833 0.009375 0.017593
0 0.827865 0.873148 0.023438 0.033333
0 0.816667 0.906019 0.023958 0.056481
0 0.840365 0.935648 0.014063 0.041667
0 0.856771 0.934722 0.026042 0.026852
0 0.823438 0.968056 0.022917 0.036111
0 0.844792 0.981481 0.017708 0.035185
0 0.888542 0.720833 0.014583 0.050926
0 0.891667 0.684259 0.017708 0.038889
0 0.895312 0.650463 0.023958 0.045370
0 0.887240 0.603704 0.030729 0.059259
0 0.890885 0.565741 0.019271 0.031481
0 0.852865 0.580556 0.024479 0.024074
0 0.839063 0.616204 0.016667 0.032407
0 0.823438 0.571759 0.032292 0.028704
0 0.842969 0.499074 0.015104 0.042593
0 0.819792 0.445833 0.009375 0.021296
0 0.836719 0.467593 0.019271 0.020370
0 0.842969 0.401389 0.029687 0.039815
0 0.832812 0.366667 0.013542 0.033333
0 0.829688 0.294907 0.026042 0.049074
0 0.814063 0.328704 0.013542 0.038889
0 0.810937 0.281481 0.013542 0.033333
0 0.828385 0.246759 0.018229 0.037963
0 0.823958 0.209259 0.025000 0.038889
0 0.754687 0.252778 0.020833 0.050000
0 0.779167 0.249537 0.022917 0.056481
0 0.777865 0.295833 0.017188 0.034259
0 0.766667 0.186574 0.031250 0.047222
0 0.782813 0.145370 0.026042 0.031481
0 0.794010 0.115278 0.021354 0.036111
0 0.805469 0.150926 0.020313 0.029630
0 0.823438 0.168056 0.012500 0.036111
0 0.801823 0.079167 0.015104 0.030556
0 0.821615 0.091667 0.019271 0.044444
0 0.844792 0.095833 0.033333 0.054630
0 0.821875 0.132870 0.025000 0.036111
0 0.803646 0.015278 0.017708 0.028704
0 0.826562 0.024074 0.017708 0.040741
0 0.865365 0.027778 0.028646 0.046296
0 0.886458 0.028704 0.015625 0.035185
0 0.935417 0.094907 0.029167 0.037963
0 0.880469 0.156944 0.028646 0.043519
0 0.877865 0.271296 0.023438 0.037037
0 0.913021 0.221296 0.025000 0.046296
0 0.966667 0.210648 0.034375 0.045370
0 0.988021 0.099537 0.023958 0.047222
0 0.898438 0.386111 0.020833 0.031481
0 0.874740 0.428241 0.025521 0.036111
0 0.941667 0.538889 0.029167 0.062963
0 0.964063 0.576852 0.025000 0.046296
0 0.944010 0.440278 0.021354 0.054630
0 0.925521 0.929630 0.018750 0.038889
0 0.901563 0.982407 0.030208 0.033333
0 0.965625 0.940741 0.015625 0.040741
0 0.938021 0.829630 0.019792 0.050000
0 0.929688 0.849074 0.022917 0.055556
0 0.969010 0.845833 0.016146 0.041667
0 0.957031 0.867593 0.028646 0.042593
0 0.930990 0.751389 0.014063 0.037963
0 0.957292 0.721759 0.018750 0.037963
0 0.926562 0.618056 0.020833 0.043519
0 0.946615 0.345370 0.020313 0.031481
0 0.957292 0.279167 0.016667 0.034259
0 0.892969 0.780093 0.020313 0.060185
0 0.850260 0.834722 0.023438 0.049074
0 0.880208 0.876852 0.026042 0.075926
0 0.447135 0.958333 0.036979 0.048148
0 0.476042 0.963426 0.015625 0.026852
0 0.969792 0.988889 0.042708 0.022222
0 0.367188 0.056944 0.020833 0.037963
0 0.993490 0.921759 0.013021 0.056481
0 0.947917 0.398148 0.022917 0.031481
0 0.929688 0.254167 0.022917 0.050926
0 0.392188 0.371296 0.022917 0.042593
