0 0.967187 0.071296 0.039583 0.072222
0 0.872135 0.030556 0.018229 0.044444
0 0.879948 0.081481 0.016146 0.035185
0 0.852604 0.105093 0.028125 0.047222
0 0.884635 0.118519 0.018229 0.022222
0 0.905208 0.138426 0.027083 0.052778
0 0.946875 0.150463 0.021875 0.054630
0 0.926042 0.112037 0.013542 0.025926
0 0.915625 0.008796 0.019792 0.015741
0 0.919271 0.031944 0.016667 0.030556
0 0.969271 0.200463 0.014583 0.030556
0 0.868490 0.241204 0.016146 0.037963
0 0.889323 0.253704 0.018229 0.055556
0 0.810677 0.066667 0.025521 0.051852
0 0.748437 0.192130 0.026042 0.060185
0 0.739583 0.245370 0.025000 0.046296
0 0.742188 0.297685 0.031250 0.049074
0 0.776563 0.275926 0.021875 0.048148
0 0.946875 0.396759 0.027083 0.056481
0 0.288802 0.310648 0.038021 0.054630
0 0.318229 0.200463 0.016667 0.023148
0 0.328385 0.224537 0.018229 0.025000
0 0.351302 0.181944 0.018229 0.032407
0 0.496354 0.320370 0.029167 0.048148
0 0.434375 0.344444 0.032292 0.059259
0 0.382552 0.352315 0.041146 0.067593
0 0.323698 0.371296 0.022396 0.051852
0 0.349479 0.362500 0.027083 0.065741
0 0.322656 0.303241 0.009896 0.034259
0 0.334115 0.317130 0.015104 0.030556
0 0.519792 0.406481 0.029167 0.050000
0 0.526563 0.456481 0.037500 0.046296
0 0.458333 0.540741 0.026042 0.046296
0 0.439844 0.477778 0.016146 0.037037
0 0.456250 0.393056 0.021875 0.039815
0 0.460417 0.427778 0.022917 0.042593
0 0.420833 0.406481 0.025000 0.042593
0 0.378646 0.433333 0.021875 0.037037
0 0.293750 0.425463 0.038542 0.063889
0 0.355729 0.513426 0.021875 0.050926
0 0.203385 0.516667 0.035937 0.074074
0 0.194010 0.426389 0.024479 0.054630
0 0.253125 0.487037 0.032292 0.046296
0 0.237760 0.410648 0.026562 0.039815
0 0.234115 0.451389 0.032813 0.036111
0 0.222917 0.299074 0.029167 0.044444
0 0.195052 0.280093 0.032813 0.043519
0 0.232813 0.200463 0.022917 0.047222
0 0.200781 0.175463 0.033854 0.050926
0 0.173698 0.199537 0.029687 0.045370
0 0.147396 0.239352 0.023958 0.041667
0 0.115104 0.301852 0.029167 0.038889
0 0.076302 0.320370 0.031771 0.072222
0 0.071875 0.237963 0.025000 0.040741
0 0.053646 0.264352 0.030208 0.049074
0 0.031510 0.263889 0.021354 0.044444
0 0.040885 0.307407 0.027604 0.035185
0 0.007812 0.223611 0.014583 0.043519
0 0.010677 0.164815 0.020313 0.046296
0 0.028385 0.200463 0.023438 0.049074
0 0.054688 0.159259 0.025000 0.053704
0 0.006771 0.075926 0.012500 0.038889
0 0.019271 0.030093 0.023958 0.052778
0 0.050000 0.072685 0.028125 0.041667
0 0.046354 0.020370 0.028125 0.038889
0 0.217448 0.034259 0.026562 0.044444
0 0.199740 0.056019 0.023438 0.058333
0 0.180729 0.123611 0.025000 0.049074
0 0.178906 0.061574 0.021354 0.052778
0 0.086198 0.201389 0.019271 0.039815
0 0.112500 0.213426 0.027083 0.041667
0 0.100521 0.245833 0.030208 0.041667
0 0.080729 0.156019 0.020833 0.032407
0 0.094531 0.118519 0.033854 0.044444
0 0.095052 0.069907 0.027604 0.050926
0 0.123438 0.040278 0.030208 0.034259
0 0.136979 0.073148 0.028125 0.040741
0 0.126823 0.104167 0.025521 0.037963
0 0.155990 0.103704 0.027604 0.040741
0 0.126042 0.148148 0.030208 0.046296
0 0.154688 0.150463 0.022917 0.041667
0 0.121354 0.182407 0.023958 0.035185
0 0.424219 0.596296 0.020313 0.040741
0 0.523177 0.693519 0.036979 0.059259
0 0.524479 0.800463 0.019792 0.037963
0 0.499479 0.564815 0.026042 0.051852
0 0.491927 0.599537 0.018229 0.037963
0 0.508073 0.931019 0.028646 0.056481
0 0.475000 0.976852 0.034375 0.046296
0 0.615625 0.781944 0.027083 0.052778
0 0.587240 0.704167 0.025521 0.047222
0 0.584375 0.632870 0.023958 0.045370
0 0.609375 0.653241 0.027083 0.043519
0 0.363542 0.880093 0.025000 0.043519
0 0.335156 0.840741 0.018229 0.040741
0 0.316146 0.831019 0.025000 0.050926
0 0.524479 0.523148 0.039583 0.064815
0 0.586719 0.548611 0.021354 0.045370
0 0.584375 0.444444 0.030208 0.037037
0 0.668229 0.737500 0.013542 0.032407
0 0.648438 0.706944 0.025000 0.036111
0 0.639583 0.653241 0.020833 0.043519
0 0.664583 0.628241 0.014583 0.025000
0 0.666406 0.657407 0.014063 0.027778
0 0.684896 0.661574 0.023958 0.037963
0 0.688542 0.607407 0.030208 0.055556
0 0.715625 0.662037 0.028125 0.061111
0 0.779948 0.903241 0.032813 0.069444
0 0.836719 0.944444 0.028646 0.059259
0 0.374479 0.645833 0.027083 0.060185
0 0.354687 0.617130 0.034375 0.052778
0 0.321875 0.502778 0.040625 0.079630
0 0.285677 0.359722 0.031771 0.043519
0 0.157552 0.319907 0.024479 0.078704
0 0.178906 0.310648 0.023438 0.036111
0 0.297396 0.730556 0.036458 0.059259
0 0.333594 0.764352 0.038021 0.071296
0 0.318490 0.657870 0.024479 0.037963
0 0.122917 0.410185 0.022917 0.062963
0 0.144792 0.387963 0.036458 0.037037
0 0.166927 0.414815 0.020313 0.033333
0 0.102865 0.434259 0.025521 0.040741
0 0.011198 0.336111 0.021354 0.053704
0 0.036458 0.355556 0.023958 0.050000
0 0.060156 0.394907 0.034896 0.056481
0 0.080208 0.430556 0.026042 0.070370
0 0.013542 0.458796 0.026042 0.073148
0 0.032031 0.412037 0.020313 0.029630
0 0.041146 0.450926 0.031250 0.040741
0 0.036198 0.530556 0.028646 0.038889
0 0.033854 0.569444 0.031250 0.042593
0 0.027865 0.610185 0.039062 0.042593
0 0.024219 0.661574 0.035937 0.028704
0 0.020833 0.704167 0.031250 0.047222
0 0.048438 0.680556 0.012500 0.031481
0 0.061458 0.675463 0.017708 0.030556
0 0.083594 0.636111 0.026562 0.050000
0 0.058073 0.582870 0.020313 0.047222
0 0.087760 0.519907 0.027604 0.043519
0 0.060417 0.511574 0.025000 0.039815
0 0.113542 0.506481 0.027083 0.057407
0 0.138802 0.490278 0.024479 0.056481
0 0.081771 0.581481 0.018750 0.046296
0 0.100781 0.578704 0.016146 0.057407
0 0.118490 0.564352 0.025521 0.049074
0 0.139063 0.548611 0.019792 0.043519
0 0.149740 0.573148 0.018229 0.042593
0 0.113802 0.631481 0.027604 0.046296
0 0.135677 0.657870 0.021354 0.041667
0 0.153646 0.643981 0.018750 0.030556
0 0.155990 0.612963 0.019271 0.037037
0 0.173698 0.599074 0.018229 0.042593
0 0.189062 0.582870 0.016667 0.039815
0 0.160156 0.534259 0.022396 0.040741
0 0.005990 0.765741 0.010937 0.048148
0 0.106250 0.688426 0.028125 0.047222
0 0.093490 0.724074 0.020313 0.033333
0 0.087760 0.756944 0.025521 0.039815
0 0.066406 0.710185 0.016146 0.035185
0 0.052083 0.725926 0.018750 0.050000
0 0.028906 0.792593 0.018229 0.053704
0 0.048438 0.822222 0.026042 0.053704
0 0.070833 0.800463 0.025000 0.037963
0 0.015885 0.841667 0.026562 0.048148
0 0.011198 0.890278 0.021354 0.041667
0 0.014844 0.946759 0.028646 0.058333
0 0.035937 0.893056 0.025000 0.049074
0 0.082812 0.884259 0.025000 0.040741
0 0.052604 0.964352 0.031250 0.043519
0 0.067969 0.923611 0.027604 0.041667
0 0.104167 0.937500 0.031250 0.037963
0 0.092188 0.972685 0.020833 0.026852
0 0.128906 0.896296 0.027604 0.035185
0 0.109896 0.850000 0.023958 0.044444
0 0.113281 0.795833 0.030729 0.063889
0 0.136198 0.843981 0.023438 0.043519
0 0.153125 0.792593 0.033333 0.055556
0 0.151042 0.923611 0.025000 0.043519
0 0.141927 0.965741 0.025521 0.048148
0 0.165365 0.975000 0.026562 0.044444
0 0.191927 0.936111 0.020313 0.068519
0 0.219271 0.907407 0.027083 0.046296
0 0.216927 0.953241 0.024479 0.047222
0 0.467969 0.804167 0.029687 0.056481
0 0.473438 0.731944 0.028125 0.063889
0 0.440885 0.729167 0.038021 0.073148
0 0.412240 0.843519 0.019271 0.027778
0 0.271354 0.869907 0.031250 0.049074
0 0.250781 0.828241 0.031771 0.056481
0 0.218490 0.781944 0.023438 0.056481
0 0.257812 0.717130 0.028125 0.063889
0 0.232031 0.675926 0.020313 0.046296
0 0.223698 0.725926 0.029687 0.053704
0 0.200521 0.671296 0.025000 0.057407
0 0.210938 0.643519 0.018750 0.046296
0 0.228125 0.617593 0.025000 0.061111
0 0.250521 0.613889 0.016667 0.042593
0 0.320833 0.574537 0.030208 0.063889
0 0.637240 0.891667 0.020313 0.046296
0 0.889844 0.529630 0.019271 0.053704
0 0.828125 0.560185 0.019792 0.057407
0 0.981771 0.717130 0.026042 0.063889
0 0.985417 0.663889 0.018750 0.053704
0 0.951823 0.574074 0.015104 0.053704
0 0.937760 0.599074 0.014063 0.048148
0 0.824479 0.382407 0.023958 0.064815
0 0.764844 0.356019 0.020313 0.054630
0 0.696875 0.205556 0.020833 0.050000
0 0.711198 0.137963 0.027604 0.061111
0 0.546094 0.145833 0.031771 0.069444
0 0.599740 0.343056 0.040104 0.086111
0 0.439063 0.052778 0.031250 0.055556
0 0.508333 0.097685 0.029167 0.069444
0 0.473177 0.048148 0.028646 0.064815
0 0.497135 0.026852 0.028646 0.051852
0 0.475260 0.132407 0.023438 0.055556
0 0.482552 0.164815 0.026562 0.042593
0 0.499479 0.203241 0.030208 0.045370
0 0.547917 0.254167 0.026042 0.049074
0 0.573438 0.270370 0.020833 0.044444
0 0.547656 0.208796 0.023438 0.047222
0 0.513281 0.232870 0.025521 0.050926
0 0.454948 0.670370 0.018229 0.042593
0 0.602083 0.225000 0.028125 0.057407
0 0.634115 0.371296 0.024479 0.059259
0 0.632292 0.448148 0.036458 0.048148
0 0.672135 0.402778 0.018229 0.068519
0 0.693490 0.394444 0.022396 0.055556
0 0.600000 0.062500 0.028125 0.062037
0 0.638021 0.154167 0.022917 0.062037
0 0.935677 0.962037 0.041146 0.075926
0 0.866406 0.870370 0.028646 0.072222
0 0.898177 0.847222 0.031771 0.044444
0 0.903385 0.885185 0.036979 0.042593
0 0.893229 0.926852 0.033333 0.048148
0 0.664062 0.535648 0.027083 0.063889
0 0.675781 0.496296 0.024479 0.051852
0 0.707031 0.465278 0.036979 0.075000
0 0.739323 0.504630 0.041146 0.055556
0 0.711198 0.541204 0.027604 0.060185
0 0.744792 0.583796 0.044792 0.065741
0 0.752865 0.653704 0.034896 0.070370
0 0.767448 0.700926 0.026562 0.051852
0 0.729948 0.726389 0.039062 0.045370
0 0.778646 0.769907 0.027083 0.067593
0 0.790625 0.711574 0.022917 0.063889
0 0.822135 0.720370 0.036979 0.077778
0 0.817448 0.806019 0.046354 0.093519
0 0.735938 0.768056 0.044792 0.043519
0 0.655729 0.279630 0.023958 0.053704
0 0.557552 0.071296 0.020313 0.038889
0 0.680469 0.088426 0.018229 0.056481
