0 0.478385 0.859259 0.021354 0.040741
0 0.439844 0.866667 0.029687 0.046296
0 0.421615 0.797685 0.019271 0.037963
0 0.399740 0.751389 0.020313 0.025000
0 0.392969 0.871759 0.024479 0.063889
0 0.519531 0.870370 0.028646 0.053704
0 0.626042 0.884722 0.020833 0.030556
0 0.630990 0.925463 0.023438 0.049074
0 0.655469 0.935185 0.025521 0.044444
0 0.689063 0.969444 0.027083 0.055556
0 0.369792 0.274074 0.026042 0.064815
0 0.406250 0.268056 0.037500 0.062037
0 0.590885 0.206019 0.023438 0.069444
0 0.609115 0.196296 0.020313 0.033333
0 0.698438 0.130556 0.023958 0.050000
0 0.019271 0.790741 0.020833 0.029630
0 0.010417 0.824074 0.019792 0.033333
0 0.017448 0.867593 0.033854 0.044444
0 0.048438 0.822222 0.023958 0.037037
0 0.081510 0.818056 0.031771 0.060185
0 0.123438 0.829167 0.017708 0.032407
0 0.063021 0.879630 0.035417 0.046296
0 0.042188 0.919907 0.027083 0.049074
0 0.014844 0.961111 0.028646 0.070370
0 0.042969 0.980556 0.023438 0.037037
0 0.071094 0.956019 0.028646 0.069444
0 0.114062 0.944907 0.045833 0.089815
0 0.163542 0.965741 0.031250 0.062963
0 0.195833 0.976852 0.034375 0.046296
0 0.231510 0.980556 0.033854 0.037037
0 0.270313 0.980556 0.029167 0.038889
0 0.259115 0.888426 0.038021 0.056481
0 0.226042 0.925000 0.037500 0.055556
0 0.206771 0.847222 0.061458 0.085185
0 0.368490 0.934259 0.026562 0.059259
0 0.364323 0.879167 0.024479 0.039815
0 0.284635 0.838889 0.030729 0.068519
0 0.269792 0.782407 0.035417 0.068519
0 0.332292 0.666204 0.027083 0.045370
0 0.357812 0.681944 0.025000 0.043519
0 0.323437 0.707870 0.023958 0.041667
0 0.341667 0.782870 0.032292 0.056481
0 0.431510 0.110185 0.024479 0.051852
0 0.437760 0.029630 0.030729 0.053704
0 0.662240 0.356019 0.030729 0.060185
0 0.697135 0.326852 0.018229 0.044444
0 0.698698 0.242593 0.028646 0.059259
0 0.741667 0.275000 0.019792 0.050000
0 0.767188 0.314352 0.029167 0.043519
0 0.775521 0.355556 0.028125 0.059259
0 0.798698 0.418519 0.022396 0.064815
0 0.811458 0.368519 0.025000 0.046296
0 0.847917 0.492130 0.029167 0.062037
0 0.812240 0.588426 0.025521 0.056481
0 0.297656 0.873611 0.025521 0.047222
0 0.323958 0.929167 0.039583 0.071296
0 0.452865 0.919444 0.031771 0.042593
0 0.400521 0.695833 0.028125 0.037963
0 0.301042 0.635648 0.027083 0.045370
0 0.331250 0.595833 0.017708 0.034259
0 0.443490 0.598611 0.022396 0.039815
0 0.064844 0.714815 0.029687 0.044444
0 0.109115 0.529167 0.023438 0.043519
0 0.125781 0.616204 0.017188 0.030556
0 0.144010 0.768056 0.029687 0.049074
0 0.751042 0.752778 0.020833 0.042593
0 0.766927 0.771296 0.020313 0.044444
0 0.755990 0.834259 0.022396 0.042593
0 0.660937 0.864815 0.021875 0.031481
0 0.730729 0.871759 0.025000 0.050926
0 0.751042 0.903241 0.023958 0.045370
0 0.778385 0.924074 0.024479 0.044444
0 0.780729 0.884259 0.027083 0.055556
0 0.852344 0.884259 0.025521 0.051852
0 0.825260 0.920370 0.021354 0.044444
0 0.806771 0.956481 0.019792 0.037037
0 0.834375 0.979630 0.028125 0.040741
0 0.857552 0.966667 0.028646 0.044444
0 0.918750 0.864815 0.022917 0.042593
0 0.950000 0.855556 0.023958 0.053704
0 0.937500 0.901852 0.030208 0.055556
0 0.942969 0.975926 0.024479 0.044444
0 0.960417 0.982870 0.017708 0.034259
0 0.979167 0.963426 0.026042 0.050926
0 0.963021 0.662500 0.025000 0.037963
0 0.741927 0.165741 0.032813 0.048148
0 0.830990 0.291204 0.022396 0.043519
0 0.840365 0.246759 0.026562 0.043519
0 0.913281 0.502778 0.015104 0.029630
0 0.956250 0.524537 0.020833 0.043519
0 0.961458 0.491204 0.016667 0.047222
0 0.974740 0.441667 0.015104 0.031481
0 0.980729 0.473611 0.021875 0.039815
0 0.852344 0.381944 0.025521 0.050926
0 0.881250 0.348148 0.017708 0.029630
0 0.894010 0.392130 0.027604 0.058333
0 0.920312 0.412963 0.026042 0.059259
0 0.948438 0.326852 0.027083 0.053704
0 0.946354 0.285648 0.021875 0.041667
0 0.748177 0.125463 0.020313 0.032407
0 0.759375 0.075000 0.029167 0.040741
0 0.778646 0.165278 0.022917 0.039815
0 0.802604 0.154630 0.020833 0.038889
0 0.782813 0.109259 0.016667 0.031481
0 0.834896 0.150463 0.036458 0.062037
0 0.837500 0.084259 0.028125 0.074074
0 0.872917 0.078241 0.025000 0.086111
0 0.898438 0.071296 0.022917 0.068519
0 0.936719 0.050000 0.018229 0.037037
0 0.952344 0.031019 0.017188 0.028704
0 0.915365 0.131944 0.024479 0.054630
0 0.928385 0.169907 0.018229 0.032407
0 0.959115 0.129167 0.034896 0.076852
0 0.899740 0.237037 0.024479 0.046296
0 0.913542 0.217130 0.014583 0.026852
0 0.934375 0.226852 0.025000 0.046296
0 0.992188 0.250000 0.015625 0.051852
0 0.968490 0.278241 0.024479 0.047222
0 0.943750 0.471759 0.025000 0.049074
0 0.901563 0.456019 0.014583 0.026852
0 0.881510 0.430556 0.014063 0.025926
0 0.991146 0.611574 0.017708 0.054630
0 0.891667 0.010648 0.035417 0.019444
