0 0.465104 0.463889 0.034375 0.053704
0 0.520833 0.595833 0.022917 0.049074
0 0.545052 0.467130 0.029687 0.054630
0 0.577865 0.557870 0.026562 0.043519
0 0.525521 0.408796 0.031250 0.045370
0 0.469271 0.340278 0.029167 0.062037
0 0.430990 0.302778 0.025521 0.068519
0 0.379688 0.302315 0.038542 0.073148
0 0.407031 0.256944 0.031771 0.058333
0 0.440365 0.204630 0.028646 0.066667
0 0.416667 0.168519 0.030208 0.072222
0 0.410938 0.106481 0.037500 0.051852
0 0.371354 0.177315 0.041667 0.071296
0 0.382031 0.102315 0.024479 0.067593
0 0.321094 0.199537 0.024479 0.060185
0 0.286198 0.153704 0.033854 0.051852
0 0.338281 0.099537 0.024479 0.049074
0 0.319531 0.137500 0.017188 0.032407
0 0.201823 0.134722 0.032813 0.043519
0 0.233854 0.092593 0.033333 0.046296
0 0.265365 0.040278 0.031771 0.063889
0 0.299740 0.041204 0.041146 0.076852
0 0.289583 0.081019 0.026042 0.052778
0 0.072917 0.030556 0.032292 0.059259
0 0.108333 0.027778 0.040625 0.053704
0 0.152604 0.021759 0.026042 0.041667
0 0.163021 0.057407 0.036458 0.053704
0 0.227344 0.030093 0.047396 0.058333
0 0.036719 0.079167 0.023438 0.049074
0 0.011458 0.185648 0.021875 0.050926
0 0.030729 0.162500 0.023958 0.058333
0 0.053125 0.135648 0.021875 0.056481
0 0.086198 0.126389 0.026562 0.036111
0 0.127865 0.236111 0.025521 0.061111
0 0.119271 0.294907 0.042708 0.052778
0 0.077344 0.344907 0.041146 0.049074
0 0.030990 0.551389 0.039062 0.049074
0 0.087240 0.564815 0.016146 0.029630
0 0.058073 0.654167 0.021354 0.037963
0 0.152865 0.648148 0.039062 0.066667
0 0.190104 0.616204 0.045833 0.060185
0 0.234375 0.457407 0.021875 0.044444
0 0.053646 0.734259 0.029167 0.061111
0 0.097917 0.716204 0.034375 0.065741
0 0.217448 0.798148 0.028646 0.066667
0 0.106250 0.820833 0.028125 0.041667
0 0.123698 0.861111 0.029687 0.042593
0 0.141927 0.761574 0.020313 0.039815
0 0.045052 0.796759 0.022396 0.039815
0 0.043229 0.843056 0.027083 0.045370
0 0.013021 0.841204 0.025000 0.056481
0 0.017188 0.909722 0.033333 0.075000
0 0.051562 0.907870 0.034375 0.069444
0 0.098177 0.968056 0.039062 0.063889
0 0.230208 0.941204 0.029167 0.054630
0 0.206510 0.946296 0.023438 0.057407
0 0.199740 0.916667 0.026562 0.048148
0 0.146615 0.936111 0.031771 0.066667
0 0.180990 0.843519 0.035937 0.083333
0 0.176563 0.950000 0.030208 0.100000
0 0.264583 0.856019 0.028125 0.063889
0 0.278646 0.762500 0.027083 0.078704
0 0.304167 0.792593 0.027083 0.077778
0 0.291146 0.683333 0.035417 0.072222
0 0.330729 0.702778 0.032292 0.072222
0 0.327604 0.574537 0.033333 0.047222
0 0.359896 0.548148 0.040625 0.081481
0 0.402604 0.550463 0.054167 0.073148
0 0.384115 0.639815 0.060937 0.077778
0 0.285677 0.374074 0.046354 0.079630
0 0.095052 0.181944 0.044271 0.073148
0 0.343229 0.858796 0.035417 0.082407
0 0.432552 0.720370 0.036979 0.077778
0 0.450781 0.812500 0.044271 0.073148
0 0.354167 0.951852 0.064583 0.090741
0 0.297917 0.964352 0.031250 0.071296
0 0.126042 0.482407 0.056250 0.079630
0 0.097396 0.418519 0.046875 0.074074
0 0.048177 0.415741 0.045312 0.070370
0 0.022656 0.361574 0.044271 0.080556
0 0.017188 0.296759 0.033333 0.039815
0 0.041667 0.231019 0.023958 0.075000
0 0.062500 0.210185 0.016667 0.072222
0 0.075781 0.253241 0.030729 0.056481
0 0.194792 0.214815 0.027083 0.059259
0 0.222396 0.400000 0.031250 0.059259
0 0.173177 0.360648 0.042188 0.080556
0 0.102083 0.607870 0.017708 0.025000
0 0.387500 0.714815 0.028125 0.051852
0 0.396354 0.775463 0.032292 0.056481
0 0.372396 0.823611 0.035417 0.060185
0 0.413021 0.846296 0.029167 0.072222
0 0.441667 0.898611 0.027083 0.045370
0 0.414583 0.919907 0.023958 0.034259
0 0.413802 0.969444 0.052604 0.061111
0 0.499740 0.780093 0.025521 0.073148
0 0.495312 0.859722 0.034375 0.050926
0 0.479948 0.915278 0.036979 0.065741
0 0.468750 0.967130 0.035417 0.065741
0 0.519531 0.969444 0.036979 0.061111
0 0.522135 0.909259 0.030729 0.064815
0 0.550260 0.900463 0.025521 0.049074
0 0.567708 0.964352 0.044792 0.071296
0 0.683594 0.964352 0.036979 0.071296
0 0.669792 0.915741 0.036458 0.083333
0 0.622917 0.968519 0.040625 0.062963
0 0.620313 0.903704 0.027083 0.059259
0 0.592187 0.900463 0.028125 0.067593
0 0.586198 0.854630 0.027604 0.059259
0 0.568750 0.804630 0.027083 0.064815
0 0.599479 0.785648 0.022917 0.052778
0 0.611458 0.827778 0.028125 0.055556
0 0.635938 0.834259 0.031250 0.051852
0 0.671875 0.813889 0.036458 0.061111
0 0.570052 0.668056 0.038021 0.054630
0 0.580990 0.711574 0.038021 0.054630
0 0.617708 0.620833 0.025000 0.069444
0 0.635938 0.521296 0.031250 0.083333
0 0.606250 0.459259 0.030208 0.079630
0 0.582292 0.398148 0.027083 0.081481
0 0.556250 0.349537 0.025000 0.080556
0 0.522917 0.288426 0.028125 0.063889
0 0.485156 0.294444 0.035937 0.083333
0 0.504687 0.216667 0.025000 0.070370
0 0.534896 0.225463 0.025000 0.071296
0 0.485677 0.143056 0.034896 0.069444
0 0.526302 0.108796 0.033854 0.071296
0 0.444531 0.035185 0.048438 0.068519
0 0.393750 0.031019 0.036458 0.060185
0 0.354687 0.049537 0.038542 0.078704
0 0.551302 0.168981 0.028646 0.065741
0 0.578646 0.207870 0.028125 0.045370
0 0.559375 0.232407 0.021875 0.038889
0 0.570573 0.265741 0.028646 0.033333
0 0.607031 0.237500 0.026562 0.065741
0 0.588542 0.301852 0.028125 0.068519
0 0.639062 0.282407 0.021875 0.057407
0 0.616927 0.309722 0.021354 0.065741
0 0.636198 0.359722 0.031771 0.084259
0 0.667448 0.317130 0.025521 0.047222
0 0.669010 0.360648 0.025521 0.043519
0 0.662240 0.403241 0.025521 0.045370
0 0.689323 0.393981 0.028646 0.058333
0 0.721354 0.399537 0.029167 0.076852
0 0.187500 0.741204 0.015625 0.028704
0 0.758333 0.434259 0.028125 0.048148
0 0.746354 0.479630 0.026042 0.061111
0 0.771875 0.494907 0.017708 0.075000
0 0.748177 0.535185 0.025521 0.064815
0 0.683333 0.511111 0.031250 0.038889
0 0.670833 0.552315 0.027083 0.060185
0 0.714583 0.533796 0.020833 0.054630
0 0.686198 0.452778 0.025521 0.059259
0 0.717187 0.468519 0.027083 0.051852
0 0.652083 0.618519 0.035417 0.051852
0 0.685417 0.615278 0.033333 0.041667
0 0.655729 0.671759 0.042708 0.065741
0 0.666927 0.719907 0.048438 0.065741
0 0.619271 0.730556 0.039583 0.061111
0 0.702344 0.687963 0.027604 0.062963
0 0.720833 0.657870 0.029167 0.052778
0 0.731510 0.607407 0.030729 0.062963
0 0.763802 0.580556 0.025521 0.072222
0 0.783333 0.536574 0.026042 0.060185
0 0.804688 0.556019 0.013542 0.047222
0 0.786198 0.596296 0.023438 0.040741
0 0.785156 0.638889 0.024479 0.055556
0 0.748958 0.673611 0.029167 0.036111
0 0.730208 0.714815 0.019792 0.044444
0 0.712500 0.756481 0.023958 0.055556
0 0.742969 0.705556 0.019271 0.048148
0 0.501042 0.539815 0.020833 0.031481
0 0.493490 0.080093 0.034896 0.047222
0 0.448437 0.130556 0.025000 0.059259
0 0.234375 0.310185 0.030208 0.055556
