0 0.329427 0.943981 0.028646 0.045370
0 0.360156 0.798611 0.031771 0.075000
0 0.381510 0.720370 0.029687 0.064815
0 0.419271 0.680556 0.031250 0.068519
0 0.715885 0.845833 0.030729 0.052778
0 0.145573 0.507870 0.045312 0.080556
0 0.190365 0.499537 0.026562 0.063889
0 0.211458 0.473148 0.026042 0.037037
0 0.236979 0.507407 0.020833 0.038889
0 0.233594 0.423611 0.018229 0.036111
0 0.250521 0.450463 0.029167 0.045370
0 0.275260 0.450926 0.023438 0.038889
0 0.298958 0.450463 0.017708 0.037963
0 0.296354 0.406481 0.022917 0.038889
0 0.386458 0.457870 0.030208 0.054630
0 0.330208 0.438889 0.025000 0.033333
0 0.327604 0.396759 0.023958 0.037963
0 0.153906 0.375926 0.030729 0.037037
0 0.170052 0.684259 0.023438 0.031481
0 0.188542 0.652778 0.027083 0.048148
0 0.209375 0.626389 0.026042 0.045370
0 0.210156 0.576389 0.026562 0.032407
0 0.234375 0.582870 0.019792 0.047222
0 0.258854 0.572222 0.030208 0.033333
0 0.227083 0.658333 0.013542 0.029630
0 0.246875 0.651389 0.021875 0.041667
0 0.272396 0.644444 0.015625 0.044444
0 0.295573 0.631019 0.021354 0.049074
0 0.310417 0.587500 0.021875 0.039815
0 0.339062 0.571296 0.027083 0.025926
0 0.347917 0.598148 0.026042 0.037037
0 0.337760 0.640741 0.023438 0.064815
0 0.169792 0.897222 0.028125 0.048148
0 0.235156 0.976852 0.044271 0.046296
0 0.263021 0.932407 0.028125 0.061111
0 0.267969 0.894444 0.024479 0.040741
0 0.227604 0.894907 0.035417 0.036111
0 0.230469 0.934722 0.031771 0.032407
0 0.452604 0.982407 0.026042 0.035185
0 0.303906 0.726389 0.024479 0.032407
0 0.281771 0.736111 0.020833 0.031481
0 0.260417 0.741667 0.019792 0.027778
0 0.241927 0.753704 0.018229 0.035185
0 0.224479 0.731944 0.014583 0.041667
0 0.238542 0.710185 0.027083 0.042593
0 0.303906 0.677315 0.031771 0.037963
0 0.256250 0.695833 0.018750 0.034259
0 0.276042 0.691667 0.017708 0.033333
0 0.280469 0.349537 0.031771 0.054630
0 0.376563 0.163426 0.027083 0.050926
0 0.351302 0.204630 0.019271 0.038889
0 0.324479 0.247222 0.020833 0.020370
0 0.297135 0.285185 0.014063 0.025926
0 0.323698 0.287500 0.022396 0.041667
0 0.346354 0.285185 0.018750 0.048148
0 0.368750 0.277315 0.028125 0.039815
0 0.365885 0.237037 0.024479 0.033333
0 0.390885 0.234259 0.019271 0.031481
0 0.415365 0.318519 0.020313 0.033333
0 0.270833 0.510648 0.019792 0.032407
0 0.285417 0.490741 0.014583 0.035185
0 0.303125 0.484722 0.029167 0.032407
0 0.286719 0.536111 0.024479 0.037037
0 0.308333 0.532870 0.021875 0.043519
0 0.332552 0.526389 0.023438 0.047222
0 0.354687 0.527315 0.025000 0.034259
0 0.376823 0.525000 0.033854 0.050000
0 0.354167 0.480093 0.019792 0.032407
0 0.331771 0.478241 0.026042 0.034259
0 0.347917 0.400463 0.015625 0.028704
0 0.353385 0.437037 0.023438 0.042593
0 0.374219 0.396759 0.022396 0.045370
0 0.392448 0.368981 0.018229 0.039815
0 0.411458 0.402315 0.018750 0.043519
0 0.411198 0.358333 0.020313 0.044444
0 0.435937 0.362037 0.025000 0.040741
0 0.448177 0.395370 0.023438 0.029630
0 0.459896 0.365278 0.021875 0.041667
0 0.478906 0.334259 0.029687 0.048148
0 0.287500 0.799537 0.036458 0.063889
0 0.225260 0.851852 0.030729 0.048148
0 0.506771 0.770833 0.029167 0.050926
0 0.502604 0.679167 0.014583 0.039815
0 0.488802 0.643981 0.018229 0.032407
0 0.480729 0.693981 0.019792 0.045370
0 0.457552 0.719444 0.034896 0.033333
0 0.455469 0.681944 0.030729 0.043519
0 0.446875 0.644907 0.023958 0.039815
0 0.469792 0.649074 0.020833 0.035185
0 0.470833 0.615278 0.023958 0.034259
0 0.461458 0.575000 0.027083 0.033333
0 0.460677 0.528241 0.020313 0.039815
0 0.482031 0.534722 0.020313 0.056481
0 0.494010 0.487037 0.018229 0.042593
0 0.511198 0.472222 0.018229 0.053704
0 0.530208 0.449537 0.015625 0.037963
0 0.523177 0.259259 0.019271 0.038889
0 0.506771 0.292130 0.025000 0.052778
0 0.480729 0.281481 0.026042 0.038889
0 0.479948 0.241204 0.019271 0.041667
0 0.498698 0.247222 0.018229 0.033333
0 0.456250 0.282407 0.020833 0.037037
0 0.439583 0.251389 0.028125 0.041667
0 0.421094 0.214815 0.032813 0.038889
0 0.444271 0.148611 0.022917 0.050926
0 0.483854 0.155093 0.029167 0.034259
0 0.456510 0.199074 0.016146 0.027778
0 0.479948 0.198611 0.021354 0.036111
0 0.502865 0.207870 0.021354 0.036111
0 0.522396 0.211574 0.016667 0.026852
0 0.297396 0.200926 0.028125 0.044444
0 0.224740 0.375463 0.021354 0.034259
0 0.725521 0.186574 0.021875 0.060185
0 0.717708 0.050926 0.022917 0.068519
0 0.966406 0.849074 0.024479 0.048148
0 0.991406 0.820833 0.016146 0.047222
0 0.800260 0.470833 0.024479 0.058333
0 0.853125 0.476389 0.022917 0.060185
0 0.902604 0.406481 0.026042 0.055556
0 0.920052 0.364815 0.025521 0.068519
0 0.929948 0.463889 0.029687 0.064815
0 0.987240 0.430556 0.025521 0.074074
0 0.979948 0.211111 0.025521 0.079630
0 0.984375 0.122685 0.031250 0.067593
0 0.947917 0.096759 0.033333 0.047222
0 0.933333 0.130556 0.028125 0.051852
0 0.904687 0.143519 0.026042 0.044444
0 0.822917 0.083333 0.038542 0.051852
0 0.823438 0.265278 0.026042 0.039815
0 0.663802 0.368056 0.031771 0.052778
0 0.645312 0.450463 0.023958 0.037963
0 0.791406 0.409259 0.025521 0.040741
0 0.855208 0.659259 0.027083 0.044444
0 0.531771 0.400000 0.018750 0.027778
0 0.546615 0.382407 0.016146 0.033333
0 0.613281 0.279630 0.023438 0.027778
0 0.608594 0.303704 0.022396 0.025926
0 0.651042 0.219907 0.025000 0.032407
0 0.647135 0.183333 0.022396 0.042593
0 0.387760 0.068056 0.020313 0.032407
0 0.407292 0.075463 0.013542 0.041667
0 0.451302 0.071759 0.027604 0.041667
0 0.481771 0.052778 0.022917 0.033333
0 0.498958 0.071759 0.025000 0.030556
0 0.520833 0.081019 0.016667 0.032407
0 0.538021 0.080093 0.020833 0.025000
0 0.560156 0.084259 0.011979 0.024074
0 0.582031 0.059722 0.026562 0.047222
0 0.497396 0.118519 0.016667 0.035185
0 0.519010 0.122685 0.018229 0.034259
0 0.543229 0.130556 0.017708 0.035185
0 0.515104 0.165278 0.025000 0.039815
0 0.542708 0.172685 0.025000 0.030556
0 0.561458 0.143056 0.018750 0.034259
0 0.565365 0.179630 0.015104 0.040741
0 0.590104 0.138426 0.029167 0.054630
0 0.628125 0.062037 0.025000 0.033333
0 0.650000 0.020833 0.021875 0.039815
0 0.625781 0.015741 0.019271 0.029630
0 0.540365 0.033333 0.016146 0.053704
0 0.526823 0.019907 0.024479 0.037963
0 0.508594 0.034259 0.024479 0.035185
0 0.558594 0.014352 0.018229 0.026852
0 0.578906 0.017130 0.019271 0.028704
0 0.600781 0.016667 0.017188 0.031481
0 0.251823 0.607407 0.018229 0.022222
0 0.276823 0.591667 0.018229 0.031481
0 0.229167 0.808796 0.025000 0.030556
0 0.257812 0.848148 0.018750 0.027778
0 0.253385 0.797222 0.018229 0.033333
0 0.408333 0.834722 0.019792 0.030556
0 0.363802 0.867593 0.021354 0.027778
0 0.537760 0.910648 0.019271 0.026852
0 0.534896 0.536111 0.013542 0.020370
0 0.542969 0.553704 0.024479 0.020370
0 0.767969 0.068056 0.022396 0.045370
0 0.776823 0.348611 0.019271 0.032407
0 0.915365 0.889815 0.018229 0.033333
0 0.912500 0.675463 0.013542 0.030556
0 0.931771 0.712963 0.014583 0.033333
0 0.597656 0.692130 0.021354 0.034259
0 0.583073 0.646759 0.017188 0.043519
0 0.614583 0.627315 0.025000 0.058333
0 0.565104 0.413426 0.020833 0.032407
0 0.178125 0.755556 0.023958 0.037037
0 0.160417 0.824537 0.022917 0.032407
0 0.145052 0.863889 0.027604 0.027778
0 0.154427 0.936111 0.016146 0.018519
0 0.143490 0.947685 0.018229 0.028704
0 0.140885 0.906944 0.020313 0.034259
0 0.173958 0.936111 0.022917 0.024074
0 0.670052 0.431481 0.018229 0.055556
0 0.686719 0.320833 0.020313 0.047222
0 0.706510 0.341204 0.021354 0.049074
0 0.692969 0.437963 0.022396 0.062963
0 0.702604 0.397685 0.017708 0.039815
0 0.719271 0.426389 0.025000 0.054630
0 0.758594 0.388889 0.018229 0.040741
0 0.739583 0.403241 0.023958 0.036111
0 0.720052 0.483333 0.021354 0.038889
0 0.700260 0.579630 0.016146 0.040741
0 0.818490 0.690741 0.015104 0.044444
0 0.794010 0.660185 0.025521 0.050000
0 0.766667 0.679630 0.021875 0.046296
0 0.744531 0.704167 0.024479 0.056481
0 0.665365 0.631481 0.013021 0.018519
0 0.664062 0.652315 0.011458 0.023148
0 0.617448 0.507870 0.024479 0.036111
0 0.594792 0.497222 0.016667 0.022222
0 0.560417 0.449537 0.028125 0.028704
0 0.566667 0.485185 0.017708 0.029630
0 0.784375 0.508796 0.019792 0.045370
0 0.677083 0.136111 0.021875 0.038889
0 0.693750 0.105093 0.020833 0.041667
0 0.789583 0.023148 0.027083 0.044444
0 0.759375 0.021759 0.023958 0.041667
0 0.888802 0.064352 0.016146 0.034259
