0 0.730469 0.588889 0.028646 0.044444
0 0.309896 0.725926 0.038542 0.059259
0 0.406771 0.549074 0.029167 0.042593
0 0.380990 0.582870 0.020313 0.030556
0 0.833594 0.721759 0.030729 0.058333
0 0.775000 0.807407 0.031250 0.044444
0 0.617969 0.919444 0.026562 0.044444
0 0.667448 0.890278 0.031771 0.047222
0 0.678385 0.931019 0.029687 0.045370
0 0.698438 0.943981 0.023958 0.037963
0 0.717448 0.968519 0.024479 0.062963
0 0.855469 0.919444 0.038021 0.057407
0 0.864583 0.722222 0.022917 0.057407
0 0.869531 0.768056 0.021354 0.034259
0 0.896875 0.710185 0.021875 0.051852
0 0.921875 0.720370 0.022917 0.048148
0 0.930469 0.836574 0.019271 0.041667
0 0.901563 0.816667 0.018750 0.050000
0 0.917708 0.805093 0.011458 0.041667
0 0.909115 0.780556 0.021354 0.048148
0 0.957552 0.782407 0.023438 0.053704
0 0.940885 0.754167 0.016146 0.054630
0 0.963021 0.748148 0.019792 0.042593
0 0.931771 0.675463 0.023958 0.058333
0 0.944271 0.627315 0.022917 0.062037
0 0.941406 0.576389 0.025521 0.056481
0 0.958333 0.535185 0.022917 0.050000
0 0.973698 0.565741 0.023438 0.061111
0 0.991406 0.668981 0.017188 0.045370
0 0.970833 0.662037 0.019792 0.059259
0 0.255990 0.803704 0.036979 0.064815
0 0.235417 0.590741 0.037500 0.062963
0 0.227604 0.501852 0.029167 0.055556
0 0.089844 0.361574 0.039062 0.062037
0 0.141667 0.387500 0.028125 0.036111
0 0.160677 0.431481 0.023438 0.031481
0 0.145573 0.483333 0.027604 0.040741
0 0.110156 0.524537 0.021354 0.037963
0 0.102604 0.600000 0.029167 0.031481
0 0.073958 0.597222 0.029167 0.037037
0 0.071094 0.651389 0.039062 0.047222
0 0.037500 0.672685 0.034375 0.041667
0 0.024219 0.707407 0.024479 0.048148
0 0.134375 0.778241 0.030208 0.052778
0 0.144792 0.678704 0.023958 0.064815
0 0.120833 0.693981 0.023958 0.047222
0 0.107813 0.656019 0.029167 0.056481
0 0.235937 0.352315 0.027083 0.058333
0 0.258073 0.332870 0.027604 0.056481
0 0.251302 0.277778 0.023438 0.064815
0 0.200521 0.316204 0.020833 0.037963
0 0.189062 0.345833 0.021875 0.041667
0 0.216406 0.285185 0.018229 0.038889
0 0.139323 0.317593 0.025521 0.046296
0 0.126302 0.267593 0.022396 0.042593
0 0.197396 0.424537 0.025000 0.041667
0 0.186719 0.451852 0.025521 0.048148
0 0.184635 0.491667 0.027604 0.053704
0 0.174219 0.738426 0.027604 0.043519
0 0.215365 0.643519 0.030729 0.066667
0 0.196094 0.568056 0.030729 0.063889
0 0.020573 0.959722 0.023438 0.050926
0 0.042188 0.877778 0.020833 0.048148
0 0.025781 0.846759 0.020313 0.034259
0 0.073698 0.860648 0.019271 0.054630
0 0.076823 0.928704 0.026562 0.051852
0 0.116667 0.883796 0.025000 0.045370
0 0.110417 0.832870 0.025000 0.045370
0 0.092708 0.790278 0.027083 0.043519
0 0.066406 0.762963 0.024479 0.046296
0 0.063542 0.718981 0.023958 0.052778
0 0.086719 0.707870 0.024479 0.049074
0 0.092969 0.750463 0.028646 0.036111
0 0.345833 0.910185 0.040625 0.087037
0 0.145833 0.875926 0.019792 0.029630
0 0.158594 0.900463 0.014063 0.039815
0 0.143750 0.925926 0.026042 0.038889
0 0.106250 0.983333 0.021875 0.033333
0 0.048177 0.978704 0.024479 0.042593
0 0.188542 0.845370 0.020833 0.046296
0 0.219792 0.846296 0.027083 0.048148
0 0.229427 0.904630 0.031771 0.068519
0 0.261719 0.909722 0.025521 0.078704
0 0.317969 0.970833 0.029687 0.058333
0 0.288542 0.966667 0.023958 0.066667
0 0.297656 0.906481 0.032813 0.051852
0 0.410156 0.970833 0.032813 0.058333
0 0.401302 0.904167 0.027604 0.050926
0 0.382812 0.959722 0.017708 0.052778
0 0.477083 0.968056 0.029167 0.063889
0 0.513021 0.934722 0.025000 0.043519
0 0.536458 0.911574 0.027083 0.045370
0 0.551042 0.959259 0.043750 0.075926
0 0.579688 0.943981 0.026042 0.045370
0 0.625781 0.975000 0.051562 0.050000
0 0.972396 0.962037 0.038542 0.066667
0 0.926823 0.967130 0.032813 0.065741
0 0.898177 0.968056 0.026562 0.063889
0 0.870573 0.974074 0.027604 0.051852
0 0.708594 0.855093 0.023438 0.069444
0 0.738802 0.825926 0.029687 0.064815
0 0.802604 0.982407 0.026042 0.033333
0 0.771094 0.968519 0.029687 0.061111
0 0.769792 0.901389 0.028125 0.058333
0 0.878906 0.818981 0.022396 0.058333
0 0.832812 0.330093 0.032292 0.087963
0 0.679948 0.248611 0.033854 0.073148
0 0.710156 0.253241 0.029687 0.063889
0 0.684896 0.305556 0.023958 0.040741
0 0.363021 0.346759 0.020833 0.039815
0 0.196875 0.778704 0.022917 0.042593
0 0.164062 0.618056 0.026042 0.034259
0 0.151823 0.570370 0.028646 0.040741
0 0.080990 0.482870 0.027604 0.041667
0 0.054167 0.462963 0.028125 0.046296
0 0.040625 0.492593 0.023958 0.037037
0 0.050260 0.367130 0.026562 0.039815
0 0.079167 0.209259 0.018750 0.046296
0 0.095833 0.152778 0.030208 0.055556
0 0.128906 0.181481 0.030729 0.072222
0 0.157292 0.124074 0.026042 0.055556
0 0.190104 0.277315 0.018750 0.026852
0 0.177083 0.293519 0.022917 0.046296
0 0.152604 0.276389 0.030208 0.047222
0 0.164583 0.213889 0.025000 0.051852
0 0.166667 0.171296 0.019792 0.042593
0 0.182031 0.161111 0.011979 0.046296
0 0.184896 0.214815 0.020833 0.046296
0 0.198177 0.243056 0.024479 0.041667
0 0.215885 0.203241 0.031771 0.036111
0 0.228906 0.178241 0.022396 0.036111
0 0.197396 0.167593 0.018750 0.035185
0 0.204167 0.147222 0.021875 0.037037
0 0.223698 0.141204 0.020313 0.032407
0 0.226562 0.100463 0.017708 0.034259
0 0.201823 0.106019 0.026562 0.037963
0 0.210156 0.074537 0.016146 0.036111
0 0.221875 0.046759 0.018750 0.028704
0 0.234635 0.066667 0.015104 0.037037
0 0.176302 0.103241 0.026562 0.043519
0 0.184896 0.061111 0.029167 0.037037
0 0.192448 0.039352 0.018229 0.032407
0 0.200521 0.020833 0.021875 0.032407
0 0.407292 0.236111 0.025000 0.051852
0 0.369792 0.229630 0.020833 0.038889
0 0.350781 0.212037 0.017188 0.027778
0 0.330729 0.201852 0.022917 0.055556
0 0.317448 0.209259 0.020313 0.055556
0 0.265625 0.183796 0.020833 0.039815
0 0.279427 0.163426 0.020313 0.052778
0 0.305990 0.149074 0.026562 0.046296
0 0.281771 0.125000 0.023958 0.040741
0 0.297396 0.100926 0.020833 0.048148
0 0.316667 0.094444 0.022917 0.050000
0 0.331771 0.138889 0.021875 0.053704
0 0.353385 0.142130 0.022396 0.037963
0 0.373437 0.127315 0.021875 0.036111
0 0.396354 0.147222 0.023958 0.048148
0 0.347917 0.175926 0.023958 0.038889
0 0.399479 0.100000 0.022917 0.044444
0 0.375260 0.065741 0.025521 0.046296
0 0.413021 0.059259 0.025000 0.048148
0 0.342448 0.090741 0.022396 0.044444
0 0.346875 0.039815 0.031250 0.048148
0 0.328906 0.050463 0.024479 0.045370
0 0.316406 0.027315 0.031771 0.047222
0 0.298958 0.021759 0.027083 0.037963
0 0.279167 0.023148 0.027083 0.044444
0 0.257552 0.054167 0.025521 0.043519
0 0.282552 0.068056 0.026562 0.032407
0 0.247135 0.126389 0.022396 0.043519
0 0.265885 0.096296 0.028646 0.046296
0 0.428125 0.173611 0.017708 0.036111
0 0.443750 0.205556 0.022917 0.033333
0 0.460938 0.161574 0.015625 0.036111
0 0.463021 0.204167 0.019792 0.036111
0 0.461458 0.247222 0.027083 0.038889
0 0.563802 0.257407 0.022396 0.040741
0 0.545312 0.242130 0.015625 0.036111
0 0.548958 0.211111 0.016667 0.046296
0 0.571094 0.206944 0.020313 0.052778
0 0.523177 0.247222 0.019271 0.042593
0 0.500781 0.245833 0.018229 0.047222
0 0.527083 0.197685 0.020833 0.047222
0 0.501563 0.174074 0.029167 0.051852
0 0.496875 0.120370 0.030208 0.048148
0 0.533854 0.143981 0.027083 0.047222
0 0.527865 0.073611 0.030729 0.052778
0 0.538542 0.037037 0.031250 0.044444
0 0.432552 0.026852 0.031771 0.051852
0 0.456510 0.026852 0.028646 0.048148
0 0.494010 0.020370 0.026562 0.038889
0 0.576823 0.033333 0.031771 0.042593
0 0.595313 0.076852 0.035417 0.057407
0 0.616927 0.108333 0.020313 0.046296
0 0.572656 0.135185 0.026562 0.040741
0 0.590365 0.172222 0.025521 0.048148
0 0.609635 0.192593 0.023438 0.046296
0 0.629687 0.188426 0.021875 0.054630
0 0.648177 0.171296 0.020313 0.061111
0 0.664583 0.147222 0.020833 0.059259
0 0.687240 0.119444 0.019271 0.051852
0 0.665885 0.093056 0.023438 0.049074
0 0.636458 0.055556 0.027083 0.048148
0 0.619531 0.019907 0.020313 0.037963
0 0.663802 0.012500 0.044271 0.023148
0 0.755990 0.149537 0.026562 0.056481
0 0.796094 0.149074 0.028646 0.055556
0 0.713281 0.126852 0.027604 0.061111
0 0.698958 0.071296 0.025000 0.040741
0 0.700781 0.026852 0.025521 0.044444
0 0.729167 0.079630 0.030208 0.062963
0 0.733594 0.022222 0.032813 0.042593
0 0.365885 0.625000 0.033854 0.048148
0 0.868750 0.319444 0.025000 0.046296
0 0.914583 0.317593 0.017708 0.057407
0 0.936979 0.307407 0.018750 0.050000
0 0.977083 0.324074 0.023958 0.022222
0 0.939844 0.362037 0.018229 0.040741
0 0.955208 0.355556 0.015625 0.044444
0 0.971615 0.356944 0.022396 0.036111
0 0.968229 0.289352 0.020833 0.034259
0 0.989323 0.240278 0.018229 0.056481
0 0.952344 0.211574 0.020313 0.060185
0 0.925000 0.192593 0.019792 0.046296
0 0.903906 0.150000 0.014063 0.044444
0 0.859115 0.132870 0.021354 0.034259
0 0.833073 0.026389 0.017188 0.045370
0 0.852865 0.050463 0.024479 0.043519
0 0.872396 0.072685 0.025000 0.041667
0 0.893490 0.083333 0.017188 0.062963
0 0.979427 0.098611 0.013021 0.050926
0 0.962240 0.093519 0.018229 0.042593
0 0.938802 0.086111 0.021354 0.044444
0 0.930208 0.051389 0.018750 0.036111
0 0.963281 0.042593 0.010937 0.048148
