0 0.015885 0.053241 0.030729 0.052778
0 0.012500 0.123611 0.023958 0.041667
0 0.105729 0.566204 0.034375 0.036111
0 0.118490 0.591204 0.029687 0.034259
0 0.040885 0.694444 0.031771 0.035185
0 0.091927 0.794907 0.015104 0.030556
0 0.154427 0.758796 0.023438 0.028704
0 0.041146 0.978241 0.040625 0.043519
0 0.142708 0.820833 0.018750 0.047222
0 0.161979 0.835648 0.023958 0.039815
0 0.180469 0.834722 0.018229 0.037963
0 0.196354 0.835648 0.019792 0.039815
0 0.218229 0.880556 0.023958 0.033333
0 0.216927 0.982407 0.031771 0.035185
0 0.400260 0.899537 0.020313 0.030556
0 0.334635 0.809259 0.031771 0.050000
0 0.435156 0.946759 0.030729 0.049074
0 0.434896 0.868519 0.017708 0.033333
0 0.467187 0.870370 0.029167 0.068519
0 0.497135 0.867130 0.028646 0.054630
0 0.485156 0.770833 0.018229 0.045370
0 0.506510 0.767593 0.025521 0.040741
0 0.509375 0.683796 0.021875 0.039815
0 0.469531 0.380093 0.028646 0.060185
0 0.419792 0.154630 0.033333 0.046296
0 0.462760 0.124074 0.025521 0.040741
0 0.489063 0.112500 0.026042 0.058333
0 0.384896 0.182870 0.031250 0.054630
0 0.403125 0.228704 0.026042 0.048148
0 0.428385 0.275000 0.027604 0.051852
0 0.437760 0.348148 0.028646 0.053704
0 0.264323 0.440278 0.025521 0.045370
0 0.292448 0.431944 0.027604 0.052778
0 0.280990 0.470370 0.022396 0.040741
0 0.316406 0.428241 0.018229 0.026852
0 0.336458 0.456019 0.030208 0.050926
0 0.311458 0.475463 0.026042 0.047222
0 0.333333 0.512037 0.031250 0.051852
0 0.253385 0.507407 0.023438 0.044444
0 0.305990 0.545833 0.018229 0.036111
0 0.314844 0.582407 0.022396 0.033333
0 0.322917 0.618981 0.026042 0.047222
0 0.351562 0.599537 0.022917 0.056481
0 0.352865 0.677778 0.033854 0.042593
0 0.348698 0.745370 0.036979 0.040741
0 0.385937 0.768056 0.025000 0.039815
0 0.408073 0.808333 0.023438 0.038889
0 0.429427 0.790741 0.024479 0.050000
0 0.449479 0.758796 0.026042 0.045370
0 0.441927 0.696296 0.026562 0.046296
0 0.507812 0.981481 0.023958 0.037037
0 0.545833 0.977315 0.026042 0.045370
0 0.753906 0.927778 0.030729 0.046296
0 0.749219 0.959259 0.030729 0.035185
0 0.725521 0.933333 0.015625 0.033333
0 0.650521 0.677778 0.020833 0.046296
0 0.663542 0.647222 0.014583 0.040741
0 0.734896 0.672222 0.022917 0.031481
0 0.720833 0.643519 0.030208 0.038889
0 0.722396 0.565278 0.027083 0.060185
0 0.699740 0.504630 0.018229 0.038889
0 0.678906 0.242130 0.020313 0.032407
0 0.666667 0.268056 0.020833 0.032407
0 0.665625 0.325926 0.022917 0.038889
0 0.672396 0.366667 0.027083 0.040741
0 0.728906 0.345370 0.022396 0.046296
0 0.734115 0.290741 0.023438 0.053704
0 0.747135 0.245370 0.021354 0.055556
0 0.746615 0.206019 0.017188 0.041667
0 0.758333 0.176389 0.017708 0.037963
0 0.769531 0.218519 0.020313 0.037037
0 0.716667 0.179167 0.037500 0.075000
0 0.740104 0.061111 0.032292 0.051852
0 0.716667 0.118519 0.020833 0.046296
0 0.766406 0.112500 0.030729 0.049074
0 0.386458 0.637500 0.020833 0.037963
0 0.403646 0.648148 0.015625 0.051852
0 0.455208 0.604630 0.023958 0.040741
0 0.451042 0.567593 0.021875 0.033333
0 0.425260 0.559722 0.022396 0.041667
0 0.404167 0.558796 0.026042 0.037963
0 0.414323 0.468519 0.018229 0.042593
0 0.424740 0.498611 0.017188 0.047222
0 0.388281 0.439815 0.036979 0.059259
0 0.294010 0.369444 0.031771 0.038889
0 0.292448 0.326852 0.027604 0.048148
0 0.323958 0.350000 0.030208 0.042593
0 0.333854 0.311111 0.034375 0.037037
0 0.292448 0.191204 0.027604 0.058333
0 0.305729 0.153241 0.021875 0.047222
0 0.317708 0.137037 0.016667 0.031481
0 0.327344 0.112500 0.019271 0.034259
0 0.272917 0.152315 0.026042 0.030556
0 0.402865 0.704167 0.023438 0.034259
0 0.748437 0.888426 0.018750 0.028704
0 0.588542 0.605556 0.027083 0.038889
0 0.574740 0.562963 0.023438 0.040741
0 0.597135 0.527315 0.029687 0.037963
0 0.586198 0.490741 0.022396 0.040741
0 0.561719 0.467593 0.021354 0.040741
0 0.575000 0.449074 0.014583 0.029630
0 0.533854 0.447222 0.031250 0.033333
0 0.520833 0.418056 0.018750 0.034259
0 0.521875 0.510648 0.025000 0.050926
0 0.541667 0.550926 0.025000 0.046296
0 0.558333 0.517130 0.019792 0.037963
0 0.506510 0.387500 0.016146 0.028704
0 0.524479 0.357407 0.019792 0.038889
0 0.552865 0.343981 0.022396 0.034259
0 0.578125 0.314815 0.019792 0.048148
0 0.589063 0.280556 0.022917 0.040741
0 0.507292 0.298611 0.033333 0.043519
0 0.495573 0.235648 0.027604 0.056481
0 0.529167 0.268981 0.030208 0.054630
0 0.538802 0.211111 0.032813 0.059259
0 0.512760 0.180093 0.033854 0.049074
0 0.523438 0.126852 0.018750 0.037037
0 0.450521 0.172222 0.021875 0.040741
0 0.550521 0.142593 0.036458 0.053704
0 0.565104 0.071296 0.029167 0.044444
0 0.616146 0.043056 0.032292 0.060185
0 0.638802 0.026852 0.027604 0.051852
0 0.679688 0.042130 0.021875 0.043519
0 0.703125 0.018519 0.028125 0.035185
0 0.771094 0.025926 0.025521 0.046296
0 0.775260 0.063889 0.024479 0.038889
0 0.767188 0.293519 0.022917 0.042593
0 0.787760 0.268519 0.017188 0.027778
0 0.774479 0.256481 0.017708 0.033333
0 0.788542 0.239352 0.018750 0.034259
0 0.803906 0.176389 0.023438 0.039815
0 0.801562 0.221296 0.021875 0.046296
0 0.837760 0.223148 0.026562 0.059259
0 0.874219 0.207407 0.019271 0.066667
0 0.823958 0.137963 0.021875 0.044444
0 0.812240 0.078704 0.025521 0.048148
0 0.808854 0.020370 0.025000 0.038889
0 0.861979 0.121296 0.020833 0.051852
0 0.873437 0.080093 0.025000 0.039815
0 0.844010 0.087037 0.024479 0.051852
0 0.845833 0.045370 0.018750 0.042593
0 0.839063 0.017130 0.018750 0.032407
0 0.869531 0.024537 0.031771 0.047222
0 0.923177 0.166204 0.020313 0.037963
0 0.941667 0.137963 0.021875 0.044444
0 0.987500 0.149074 0.017708 0.035185
0 0.960938 0.171759 0.025000 0.063889
0 0.985156 0.188426 0.017188 0.037963
0 0.985156 0.223611 0.021354 0.036111
0 0.949740 0.287500 0.021354 0.047222
0 0.971354 0.296296 0.018750 0.059259
0 0.989062 0.307407 0.020833 0.050000
0 0.969271 0.347222 0.021875 0.048148
0 0.993750 0.263889 0.012500 0.037037
0 0.727604 0.487037 0.019792 0.042593
0 0.719271 0.434259 0.015625 0.031481
0 0.735938 0.437963 0.017708 0.038889
0 0.753385 0.437500 0.018229 0.036111
0 0.771094 0.560648 0.021354 0.050926
0 0.790885 0.565278 0.016146 0.034259
0 0.760156 0.479167 0.024479 0.039815
0 0.784635 0.476389 0.020313 0.045370
0 0.802865 0.489815 0.011979 0.033333
0 0.787760 0.527315 0.009896 0.030556
0 0.796094 0.427778 0.025521 0.048148
0 0.820052 0.453241 0.013021 0.026852
0 0.824479 0.494444 0.023958 0.048148
0 0.755729 0.387037 0.020833 0.031481
0 0.773698 0.374537 0.020313 0.030556
0 0.799219 0.368519 0.021354 0.053704
0 0.820573 0.373611 0.015104 0.054630
0 0.834635 0.404167 0.019271 0.058333
0 0.857031 0.494444 0.019271 0.042593
0 0.870052 0.452778 0.022396 0.050000
0 0.836458 0.642593 0.029167 0.040741
0 0.845052 0.599074 0.022396 0.046296
0 0.864583 0.609722 0.015625 0.041667
0 0.882812 0.592130 0.017708 0.032407
0 0.895052 0.567593 0.018229 0.046296
0 0.910417 0.548611 0.014583 0.043519
0 0.927344 0.537963 0.019271 0.037037
0 0.889583 0.515278 0.027083 0.049074
0 0.894010 0.470833 0.024479 0.062037
0 0.849479 0.715741 0.017708 0.038889
0 0.859375 0.751852 0.018750 0.040741
0 0.886458 0.763426 0.019792 0.049074
0 0.888802 0.920370 0.021354 0.031481
0 0.905469 0.822685 0.020313 0.037963
0 0.928125 0.832870 0.017708 0.032407
0 0.955990 0.873611 0.027604 0.063889
0 0.903385 0.958796 0.019271 0.032407
0 0.927344 0.962037 0.023438 0.038889
0 0.943750 0.932870 0.022917 0.034259
0 0.979167 0.881944 0.023958 0.041667
0 0.923698 0.764352 0.019271 0.049074
0 0.898698 0.700463 0.018229 0.054630
0 0.901823 0.649074 0.024479 0.051852
0 0.865885 0.669444 0.025521 0.051852
0 0.923438 0.696296 0.017708 0.042593
0 0.930208 0.654630 0.025000 0.059259
0 0.916667 0.598148 0.021875 0.029630
0 0.950000 0.585648 0.019792 0.043519
0 0.957812 0.629167 0.028125 0.060185
0 0.957292 0.702315 0.031250 0.067593
0 0.869531 0.390278 0.015104 0.034259
0 0.886198 0.371296 0.018229 0.035185
0 0.870052 0.317593 0.026562 0.072222
0 0.897396 0.287963 0.018750 0.053704
0 0.819792 0.313426 0.021875 0.076852
0 0.788281 0.319444 0.021354 0.061111
0 0.803385 0.290741 0.013021 0.044444
0 0.962500 0.031944 0.026042 0.056481
0 0.923177 0.013889 0.024479 0.025926
0 0.878646 0.123148 0.013542 0.037037
0 0.895833 0.103241 0.014583 0.036111
0 0.424219 0.011574 0.019271 0.021296
