0 0.862175 0.132388 0.0292343 0.0463377 0.681626
0 0.266484 0.930176 0.0258232 0.0461175 0.673887
0 0.884751 0.404283 0.0234394 0.0384598 0.670718
0 0.902806 0.163133 0.0231668 0.0423983 0.66914
0 0.336082 0.764257 0.0247487 0.0462994 0.665151
0 0.300721 0.149179 0.0191026 0.03995 0.658662
0 0.955552 0.0987643 0.0193716 0.0346852 0.652787
0 0.3458 0.844004 0.0215627 0.0396313 0.651634
0 0.457498 0.979221 0.0249775 0.0408888 0.650123
0 0.967873 0.242038 0.0251523 0.0336433 0.649394
0 0.761954 0.154122 0.0253504 0.0436007 0.644098
0 0.304194 0.0856484 0.0258274 0.0416455 0.638299
0 0.304507 0.846383 0.01922 0.0352702 0.636774
0 0.0377609 0.627052 0.0185136 0.0326043 0.636508
0 0.21276 0.657018 0.0253299 0.0423324 0.628653
0 0.163481 0.698955 0.0178893 0.032434 0.628626
0 0.669109 0.11299 0.0243152 0.0462281 0.626547
0 0.388494 0.0473886 0.0140636 0.0305648 0.62384
0 0.215296 0.700233 0.0167291 0.0324826 0.623387
0 0.722097 0.0837716 0.0171159 0.0346062 0.619029
0 0.222609 0.801453 0.0186577 0.0411085 0.61881
0 0.0666682 0.691316 0.0160156 0.0305098 0.618236
0 0.90346 0.724983 0.0170181 0.0309753 0.616883
0 0.797128 0.319893 0.0164227 0.0317175 0.616636
0 0.955404 0.160396 0.0176361 0.02763 0.616533
0 0.816097 0.100941 0.0214993 0.0321728 0.614432
0 0.175946 0.952673 0.0181458 0.0335364 0.612963
0 0.624064 0.0703521 0.0206709 0.0441098 0.612768
0 0.654748 0.3009 0.0181836 0.0363468 0.61269
0 0.282171 0.110766 0.0184179 0.0362303 0.610406
0 0.330245 0.16799 0.0166026 0.0265908 0.60881
0 0.806126 0.273153 0.0187937 0.0338567 0.606475
0 0.953644 0.448582 0.021489 0.0398176 0.60536
0 0.977095 0.0844935 0.0199169 0.0341027 0.605034
0 0.2458 0.0696598 0.01699 0.0334739 0.604583
0 0.0270543 0.554812 0.0167594 0.0251648 0.602676
0 0.977772 0.207054 0.0191681 0.0343755 0.602233
0 0.676662 0.0395277 0.0187134 0.0351494 0.59775
0 0.405456 0.119413 0.0195481 0.0427421 0.597498
0 0.98231 0.595787 0.0161678 0.0271447 0.595888
0 0.825255 0.750069 0.017971 0.0315696 0.595885
0 0.237247 0.702371 0.0184197 0.0377292 0.594549
0 0.310069 0.922796 0.0210302 0.0375963 0.594402
0 0.686138 0.229033 0.0183636 0.0292305 0.591865
0 0.9325 0.0935611 0.0138462 0.0284151 0.591561
0 0.259623 0.655584 0.0169411 0.0307534 0.590674
0 0.0938463 0.824196 0.0141405 0.0275477 0.588761
0 0.80831 0.714201 0.0141466 0.0260481 0.588573
0 0.53165 0.138916 0.0167332 0.032889 0.588157
0 0.0265355 0.680697 0.0167633 0.0296938 0.587956
0 0.0151258 0.806757 0.023451 0.0477485 0.587848
0 0.862411 0.288481 0.0163521 0.0425947 0.586842
0 0.921024 0.433301 0.0132923 0.0287759 0.585409
0 0.0934651 0.979078 0.0194821 0.0360901 0.583794
0 0.250311 0.780605 0.0177221 0.0335675 0.583442
0 0.416149 0.0685707 0.0170488 0.0287783 0.582538
0 0.113191 0.787377 0.0219946 0.0440606 0.580586
0 0.943903 0.803013 0.0158218 0.0297496 0.58004
0 0.102017 0.673368 0.0136077 0.0264492 0.579627
0 0.914332 0.765214 0.0146509 0.0284144 0.576907
0 0.150126 0.867787 0.0175529 0.0322311 0.576696
0 0.647323 0.0200952 0.0219213 0.0396 0.575852
0 0.881357 0.713917 0.017917 0.0311785 0.575266
0 0.632657 0.217169 0.0133115 0.0302309 0.574937
0 0.651932 0.643263 0.014661 0.0317974 0.573006
0 0.892555 0.653539 0.01507 0.0369722 0.571525
0 0.938748 0.304332 0.0176945 0.0325183 0.570544
0 0.447315 0.941031 0.0157375 0.0285919 0.56936
0 0.542975 0.0393972 0.0163498 0.0302091 0.569237
0 0.010512 0.634722 0.0202785 0.0394401 0.566969
0 0.0729329 0.937515 0.0197955 0.035109 0.564007
0 0.392893 0.178418 0.020275 0.0377097 0.56352
0 0.187192 0.697502 0.0182912 0.0369906 0.562945
0 0.832683 0.388095 0.0176247 0.0298343 0.561944
0 0.430422 0.296596 0.0206673 0.0401035 0.560612
0 0.590351 0.285126 0.0157627 0.0315788 0.560427
0 0.351783 0.233993 0.0158517 0.0289559 0.559783
0 0.976581 0.744958 0.0186012 0.0360182 0.558868
0 0.385214 0.223722 0.0154799 0.0277774 0.558346
0 0.345761 0.151152 0.0133982 0.0259283 0.557452
0 0.784066 0.422726 0.0255789 0.0468723 0.556438
0 0.768481 0.473891 0.0172877 0.0317258 0.556189
0 0.947056 0.0392288 0.0273708 0.0369116 0.556037
0 0.433591 0.256042 0.013297 0.024147 0.556021
0 0.938272 0.693057 0.0140316 0.0272036 0.554947
0 0.36185 0.100493 0.0192434 0.0357591 0.554213
0 0.336551 0.922042 0.0181776 0.0320455 0.553651
0 0.00819178 0.543562 0.0162621 0.0325592 0.55276
0 0.606864 0.526962 0.0150893 0.0298174 0.552701
0 0.588619 0.554574 0.0173719 0.0336884 0.552432
0 0.927311 0.842507 0.0186531 0.0302443 0.550974
0 0.794959 0.568509 0.0149206 0.0268603 0.550535
0 0.536497 0.175019 0.0131464 0.0258007 0.54961
0 0.371136 0.256135 0.0149866 0.028236 0.549397
0 0.841436 0.205736 0.0148952 0.029942 0.548558
0 0.219067 0.0343277 0.0158241 0.0318825 0.548493
0 0.858286 0.208756 0.01623 0.0312639 0.547489
0 0.686593 0.268613 0.0169912 0.0299989 0.547177
0 0.775236 0.0723766 0.022048 0.0287911 0.546964
0 0.138958 0.738067 0.025624 0.0436439 0.54607
0 0.377214 0.0794923 0.0172105 0.0229897 0.545482
0 0.822992 0.668079 0.0156288 0.0257467 0.544259
0 0.0900168 0.724764 0.0149851 0.02852 0.541989
0 0.646827 0.492618 0.013953 0.0285581 0.540135
0 0.126711 0.534723 0.0227236 0.0503898 0.539241
0 0.782171 0.765441 0.0292327 0.0574888 0.538077
0 0.363063 0.0529149 0.0155457 0.0295215 0.535475
0 0.00716673 0.693192 0.013684 0.0227527 0.533907
0 0.813762 0.0492485 0.0227768 0.0369963 0.53243
0 0.362318 0.149764 0.0171063 0.0299279 0.532362
0 0.381525 0.896556 0.0154514 0.0277022 0.530932
0 0.0456625 0.688184 0.0168678 0.0246087 0.530804
0 0.944932 0.612729 0.013694 0.0290473 0.530774
0 0.0467304 0.53615 0.0194084 0.0355056 0.528291
0 0.554556 0.164873 0.0170263 0.0367935 0.528258
0 0.426918 0.222191 0.0186586 0.036761 0.527808
0 0.664869 0.490342 0.0159243 0.0283884 0.527689
0 0.70235 0.0558762 0.0153811 0.0314028 0.526379
0 0.0779134 0.635326 0.0214114 0.0399966 0.526269
0 0.19467 0.573806 0.0175853 0.0374146 0.524806
0 0.929748 0.751263 0.0158791 0.0299235 0.52438
0 0.202131 0.806831 0.0188289 0.0358561 0.52316
0 0.812144 0.548836 0.0156086 0.0351164 0.522511
0 0.00710843 0.731424 0.0138786 0.0250392 0.522284
0 0.541607 0.0886595 0.0180645 0.0313407 0.521174
0 0.908049 0.51083 0.0235348 0.0360743 0.519773
0 0.784989 0.35892 0.0177354 0.0310843 0.519589
0 0.0995283 0.905344 0.0170079 0.0316572 0.518789
0 0.808512 0.152402 0.0196058 0.0402833 0.518066
0 0.428084 0.923246 0.0149057 0.0254106 0.517946
0 0.312196 0.878902 0.0222664 0.0278259 0.517868
0 0.0436001 0.809491 0.0176672 0.0387163 0.516175
0 0.337748 0.196079 0.0142186 0.024138 0.513766
0 0.240983 0.943726 0.021523 0.0339376 0.513403
0 0.986402 0.684933 0.0269318 0.0429967 0.511442
0 0.827793 0.171038 0.0141987 0.0304933 0.511349
0 0.628538 0.300449 0.0146992 0.0284401 0.508733
0 0.663935 0.219127 0.0155134 0.0282421 0.508314
0 0.0565928 0.949459 0.0134818 0.0284054 0.50801
0 0.922704 0.396792 0.0191864 0.0292519 0.507497
0 0.211364 0.7385 0.0146043 0.0301156 0.507175
0 0.0230446 0.708564 0.0131176 0.0209642 0.505408
0 0.770702 0.308167 0.0147093 0.0251377 0.505374
0 0.0303058 0.747471 0.0175452 0.0335795 0.503062
0 0.84864 0.0682742 0.0213335 0.0371484 0.502714
0 0.618653 0.352435 0.0173996 0.0310265 0.502635
0 0.951951 0.952195 0.0154234 0.037092 0.50027
0 0.846948 0.320913 0.0174717 0.0296739 0.497791
0 0.201732 0.884105 0.0209473 0.0334673 0.497519
0 0.914133 0.326595 0.0252262 0.0373054 0.497087
0 0.660984 0.355764 0.0140369 0.0250347 0.496635
0 0.287131 0.812951 0.0184032 0.0390771 0.49621
0 0.963362 0.698436 0.0142033 0.0236264 0.494785
0 0.939527 0.508942 0.0198037 0.0338887 0.491872
0 0.897808 0.757056 0.0149241 0.0256629 0.488377
0 0.879937 0.471686 0.0255177 0.04781 0.487243
0 0.0129698 0.485716 0.0231866 0.0369163 0.486063
0 0.319156 0.802713 0.020397 0.0357243 0.48604
0 0.710574 0.330037 0.0171957 0.031094 0.485809
0 0.986788 0.361311 0.014023 0.0293018 0.484812
0 0.227382 0.74947 0.0142009 0.0237139 0.483647
0 0.288876 0.0620692 0.0178826 0.0290971 0.483486
0 0.00726725 0.987818 0.0145345 0.0231754 0.482704
0 0.349825 0.0279912 0.0157601 0.0301513 0.482507
0 0.83157 0.283735 0.0131519 0.0271437 0.482214
0 0.435233 0.972085 0.0186686 0.0441037 0.481582
0 0.853968 0.891164 0.0200338 0.0403473 0.479742
0 0.313215 0.188605 0.0161201 0.0366061 0.479624
0 0.214063 0.843943 0.0154871 0.0227511 0.479233
0 0.978294 0.446606 0.0133263 0.0248839 0.478091
0 0.967559 0.90758 0.0175226 0.0266924 0.476275
0 0.270708 0.0204424 0.0204655 0.0341163 0.476196
0 0.767942 0.529154 0.0168515 0.0307027 0.475229
0 0.114095 0.733438 0.0145524 0.0299934 0.473501
0 0.644229 0.543004 0.0183144 0.032805 0.473033
0 0.624394 0.244732 0.0160587 0.0245212 0.471904
0 0.883776 0.615213 0.0157944 0.0296544 0.471885
0 0.864254 0.830432 0.0252422 0.0375149 0.471456
0 0.983306 0.406359 0.0183531 0.0326369 0.470548
0 0.770632 0.00981375 0.0206871 0.0196275 0.469917
0 0.642501 0.356128 0.0155115 0.0265602 0.468455
0 0.539587 0.230539 0.0142954 0.0298673 0.467684
0 0.501375 0.156187 0.0134603 0.0266116 0.466418
0 0.656865 0.443774 0.0165546 0.0346249 0.464382
0 0.115811 0.933249 0.0197013 0.0369354 0.463242
0 0.0686249 0.786493 0.0184681 0.0292204 0.462129
0 0.0968024 0.514225 0.0150778 0.0267799 0.461232
0 0.858169 0.386356 0.021442 0.0307068 0.4604
0 0.231812 0.0120208 0.0214928 0.0238213 0.459428
0 0.403698 0.0263295 0.0152006 0.0236858 0.45924
0 0.297176 0.0201558 0.0178492 0.0321565 0.457598
0 0.226869 0.866083 0.0187119 0.0360752 0.456974
0 0.735747 0.302717 0.0150986 0.0269393 0.456667
0 0.899869 0.440415 0.0155033 0.0229814 0.455912
0 0.970816 0.244262 0.0212137 0.0297425 0.455803
0 0.739037 0.471459 0.0141024 0.0298521 0.455122
0 0.354714 0.195952 0.015307 0.0279614 0.454936
0 0.605478 0.256036 0.0179044 0.0274195 0.453141
0 0.736221 0.166104 0.0194036 0.0331012 0.452
0 0.8498 0.0112263 0.0162994 0.0219114 0.451585
0 0.559075 0.295216 0.0183929 0.0358315 0.450203
0 0.84407 0.579253 0.0168118 0.0267726 0.44786
0 0.456639 0.0391626 0.0134617 0.03129 0.44697
0 0.450065 0.187331 0.0201117 0.0282991 0.446751
0 0.889854 0.251074 0.0164906 0.0274872 0.446678
0 0.934524 0.441918 0.0117653 0.0229416 0.446652
0 0.683146 0.403826 0.0143415 0.0267607 0.444607
0 0.825467 0.929581 0.0154987 0.027833 0.442305
0 0.320211 0.0484651 0.0179588 0.0320083 0.440615
0 0.920336 0.207912 0.0131084 0.0200731 0.439765
0 0.545176 0.458488 0.0146678 0.0231832 0.43942
0 0.960656 0.585966 0.0196473 0.0268117 0.438833
0 0.703394 0.471297 0.016177 0.0278251 0.438378
0 0.872215 0.878252 0.0192116 0.0380673 0.438326
0 0.690398 0.347535 0.0183365 0.033903 0.437797
0 0.802127 0.205742 0.0157673 0.0278794 0.436077
0 0.701028 0.207633 0.0145912 0.0316255 0.434882
0 0.841423 0.260897 0.0113449 0.0220263 0.434108
0 0.251484 0.105914 0.011414 0.0240698 0.428769
0 0.441805 0.140697 0.0136666 0.0220031 0.428321
0 0.921335 0.671347 0.0191772 0.0374212 0.426917
0 0.565384 0.0430973 0.0145432 0.0267371 0.426861
0 0.00411061 0.906035 0.00818947 0.0277618 0.426775
0 0.307567 0.12032 0.0127124 0.0207016 0.422225
0 0.648642 0.227324 0.0113256 0.0265305 0.421233
0 0.904625 0.224772 0.0140179 0.0306191 0.42046
0 0.384733 0.845625 0.0250725 0.0500828 0.420331
0 0.0431156 0.436209 0.0195171 0.0357339 0.420282
0 0.764358 0.353159 0.0146904 0.025064 0.420202
0 0.405829 0.278408 0.0286484 0.0448098 0.419171
0 0.06113 0.436208 0.0122744 0.0279631 0.418197
0 0.993637 0.23986 0.0127256 0.0297373 0.418031
0 0.0235398 0.860705 0.0142516 0.0328812 0.417783
0 0.133101 0.971809 0.0157444 0.0290331 0.417515
0 0.985607 0.877052 0.0138025 0.0247935 0.416569
0 0.806756 0.365912 0.0155114 0.0298906 0.416557
0 0.0944544 0.637347 0.0130568 0.0350408 0.41625
0 0.292316 0.76348 0.0197041 0.0361788 0.415258
0 0.0772828 0.975025 0.0118366 0.0258271 0.414958
0 0.375336 0.810691 0.0181355 0.0280357 0.413104
0 0.740166 0.336921 0.0151154 0.0272793 0.410911
0 0.418683 0.15365 0.0159725 0.0250684 0.41053
0 0.912279 0.983465 0.0212414 0.032074 0.408502
0 0.183394 0.875115 0.0137091 0.0348273 0.408139
0 0.51879 0.331344 0.0144975 0.026968 0.407811
0 0.700378 0.429474 0.0148491 0.0294115 0.406701
0 0.991048 0.543638 0.0177876 0.0331726 0.406465
0 0.501241 0.282192 0.0142784 0.0302495 0.403271
0 0.845766 0.539943 0.0127203 0.0248225 0.403155
0 0.125906 0.899174 0.0161879 0.0279911 0.403124
0 0.0770249 0.570702 0.0158192 0.0273794 0.402691
0 0.829197 0.533335 0.0144519 0.024614 0.40201
0 0.0562947 0.647593 0.0136556 0.0332774 0.401835
0 0.36764 0.212852 0.0136545 0.028044 0.401462
0 0.952839 0.736277 0.018679 0.0341787 0.401183
0 0.555422 0.0160318 0.0137951 0.0313074 0.39959
0 0.973923 0.627528 0.0159962 0.0279689 0.399138
0 0.515884 0.163898 0.0156971 0.0286521 0.398541
0 0.734368 0.375479 0.0164557 0.0283586 0.398323
0 0.578441 0.505877 0.0157269 0.0274116 0.397656
0 0.401507 0.882426 0.0189052 0.0343984 0.395552
0 0.424377 0.0980748 0.0165424 0.0292241 0.395377
0 0.749722 0.0634409 0.0161006 0.0187278 0.39496
0 0.430651 0.176503 0.0150311 0.0281943 0.39478
0 0.722433 0.63475 0.0167015 0.0327672 0.394514
0 0.938256 0.216756 0.0224152 0.0333676 0.393678
0 0.856771 0.359195 0.0184555 0.024481 0.392835
0 0.591714 0.394172 0.0116756 0.0251171 0.392723
0 0.719611 0.271388 0.0175126 0.0284259 0.392254
0 0.932249 0.556738 0.0180908 0.0262782 0.391657
0 0.782573 0.28009 0.0175917 0.0348445 0.39028
0 0.317963 0.749233 0.0196095 0.0409414 0.38999
0 0.00589255 0.857526 0.0117552 0.0383277 0.389635
0 0.0089435 0.426186 0.0177586 0.0484621 0.389535
0 0.7413 0.245028 0.0197662 0.0388495 0.389386
0 0.86416 0.613435 0.0171894 0.0322449 0.38931
0 0.795122 0.509116 0.0170508 0.0274889 0.389112
0 0.905518 0.36827 0.0227501 0.0359522 0.388434
0 0.058215 0.822544 0.0206766 0.0300507 0.385935
0 0.54527 0.421174 0.0198496 0.0326062 0.385271
0 0.417294 0.985362 0.0173851 0.0282123 0.38365
0 0.917865 0.468297 0.0195061 0.0312649 0.383016
0 0.248895 0.0303237 0.0215191 0.0406796 0.382723
0 0.0383469 0.865703 0.0173739 0.0284353 0.382098
0 0.468048 0.358135 0.0154802 0.0344332 0.381943
0 0.496953 0.114654 0.0120968 0.0298362 0.381361
0 0.362379 0.956854 0.0136728 0.0338707 0.380899
0 0.870222 0.245986 0.0144199 0.0313161 0.380163
0 0.554426 0.247086 0.0162773 0.0335778 0.37945
0 0.843032 0.646439 0.0203877 0.0365448 0.379304
0 0.526766 0.20532 0.0135727 0.025279 0.377233
0 0.663399 0.600812 0.0214904 0.0395298 0.376904
0 0.406816 0.885152 0.0285819 0.039222 0.376084
0 0.430511 0.893674 0.0116505 0.0263272 0.375748
0 0.988498 0.321867 0.0182697 0.0251921 0.375061
0 0.0544916 0.880226 0.020879 0.0430995 0.375038
0 0.485471 0.0436691 0.0174632 0.0347022 0.374515
0 0.66262 0.401728 0.0210121 0.0365727 0.373348
0 0.093011 0.557277 0.0199012 0.0394288 0.37197
0 0.40551 0.228074 0.0207636 0.0451873 0.371501
0 0.73153 0.721195 0.0170645 0.0287187 0.371281
0 0.411552 0.887034 0.0218687 0.0405396 0.369959
0 0.453052 0.2934 0.0147133 0.0300607 0.369556
0 0.307663 0.971367 0.0142588 0.0276791 0.36824
0 0.969307 0.353433 0.0180107 0.0340865 0.36614
0 0.69876 0.111601 0.0227793 0.0361333 0.365557
0 0.261188 0.74199 0.0155306 0.0301025 0.364098
0 0.0583166 0.557554 0.013882 0.0189059 0.362456
0 0.162443 0.540477 0.020298 0.0341109 0.361793
0 0.688075 0.438778 0.0132006 0.0290238 0.360627
0 0.416666 0.952178 0.0153347 0.0289246 0.360307
0 0.978879 0.479436 0.015667 0.0273691 0.360263
0 0.805302 0.616743 0.0220404 0.0447727 0.359354
0 0.819958 0.445455 0.0193823 0.0358826 0.3591
0 0.628122 0.18293 0.0159584 0.0302636 0.358924
0 0.843182 0.508613 0.0167789 0.0257436 0.358695
0 0.244534 0.747064 0.0117309 0.0258575 0.358468
0 0.880672 0.349021 0.0174709 0.0343494 0.357582
0 0.913083 0.11542 0.0152004 0.0204383 0.35647
0 0.809737 0.48609 0.0154028 0.0239434 0.353439
0 0.569667 0.449024 0.0141268 0.0288124 0.35274
0 0.978709 0.81288 0.0146656 0.0209961 0.351439
0 0.0885743 0.86711 0.0114294 0.0261556 0.350093
0 0.753653 0.367524 0.0135131 0.0229756 0.349696
0 0.919793 0.0192242 0.0249914 0.0306122 0.348181
0 0.625743 0.123051 0.0122017 0.0291902 0.347134
0 0.0858239 0.795062 0.0136818 0.0238134 0.347124
0 0.882316 0.31589 0.01633 0.026891 0.346102
0 0.938089 0.584828 0.0134771 0.026098 0.34398
0 0.824626 0.345733 0.0177023 0.0217195 0.342915
0 0.207921 0.00884098 0.0143354 0.0172093 0.342066
0 0.841767 0.744524 0.0112591 0.0248345 0.341659
0 0.0215474 0.593042 0.0204818 0.036635 0.340691
0 0.761399 0.575066 0.0182789 0.038607 0.340071
0 0.60251 0.0156496 0.0204344 0.0310982 0.339288
0 0.789077 0.146355 0.017039 0.0395076 0.338359
0 0.279048 0.881005 0.0208885 0.042341 0.33813
0 0.586561 0.339501 0.0211224 0.0367603 0.337424
0 0.718988 0.490079 0.0156298 0.0322301 0.33725
0 0.617012 0.281258 0.0143864 0.025956 0.33559
0 0.997273 0.345621 0.00545445 0.0329608 0.333529
0 0.996947 0.429907 0.00610631 0.0357168 0.332664
0 0.480566 0.98991 0.0168341 0.0191717 0.331631
0 0.27146 0.771435 0.0133956 0.0265672 0.331328
0 0.525811 0.10622 0.0139488 0.0269267 0.329917
0 0.0553033 0.582815 0.0169955 0.0300203 0.329177
0 0.881372 0.312104 0.0166077 0.0300897 0.329077
0 0.0277809 0.86209 0.0211994 0.0328712 0.328444
0 0.797615 0.8413 0.0151907 0.0257406 0.328072
0 0.267366 0.0784633 0.0186008 0.0323655 0.326764
0 0.169747 0.88459 0.0124605 0.0261678 0.326696
0 0.243686 0.897105 0.0285858 0.0431115 0.324664
0 0.863972 0.538016 0.0144365 0.0253203 0.324484
0 0.162676 0.757233 0.018255 0.029538 0.323249
0 0.551719 0.130596 0.0139555 0.0253357 0.321797
0 0.784279 0.619006 0.0151244 0.0249889 0.32166
0 0.380824 0.941456 0.0204754 0.0372425 0.320717
0 0.89899 0.793297 0.0135048 0.0216397 0.31952
0 0.402328 0.0544027 0.0119871 0.0257286 0.319112
0 0.123374 0.896979 0.0188693 0.0275462 0.318579
0 0.957253 0.212339 0.0121811 0.0231422 0.318563
0 0.624341 0.00865998 0.0160845 0.01732 0.316083
0 0.0551274 0.651366 0.0141756 0.0308902 0.315325
0 0.969882 0.954509 0.022155 0.0340098 0.315026
0 0.87897 0.757031 0.0166153 0.0348365 0.314575
0 0.602851 0.192704 0.0173458 0.0351888 0.314525
0 0.259113 0.829516 0.0236965 0.0414767 0.313243
0 0.916213 0.61781 0.0199589 0.0424963 0.311795
0 0.992583 0.852997 0.014814 0.0251814 0.30685
0 0.452455 0.0849541 0.0132933 0.029921 0.30631
0 0.351251 0.88194 0.0106314 0.0221478 0.304611
0 0.937814 0.226571 0.0265614 0.0506388 0.302245
0 0.564476 0.482846 0.0189884 0.0288312 0.301433
0 0.473023 0.195749 0.016374 0.0298596 0.301333
0 0.811487 0.913677 0.0187363 0.0351637 0.300905
0 0.618764 0.284319 0.0132207 0.024636 0.298992
0 0.145162 0.561014 0.0123785 0.035355 0.298049
0 0.131684 0.599876 0.0230465 0.040377 0.297887
0 0.306793 0.122905 0.0129511 0.0198647 0.297587
0 0.60736 0.318568 0.0191757 0.0298391 0.297494
0 0.806753 0.622581 0.0202767 0.0332397 0.295936
0 0.325325 0.016361 0.0177254 0.0278784 0.294836
0 0.776753 0.563073 0.0133384 0.0270467 0.293255
0 0.593416 0.394107 0.0107496 0.0271144 0.293175
0 0.242079 0.976188 0.0153404 0.0265341 0.292845
0 0.147242 0.56462 0.0149863 0.0361372 0.292439
0 0.820773 0.799935 0.014024 0.024874 0.291864
0 0.605542 0.191139 0.0186907 0.0368269 0.291048
0 0.944749 0.653234 0.0148151 0.0264274 0.290955
0 0.82953 0.226258 0.013784 0.0311187 0.289599
0 0.499281 0.0101449 0.0144663 0.0193018 0.288971
0 0.145239 0.639463 0.0158004 0.033355 0.288703
0 0.966937 0.561647 0.0142202 0.031566 0.288612
0 0.557797 0.0175818 0.0124401 0.0315501 0.286809
0 0.127062 0.485584 0.0155729 0.027932 0.286736
0 0.654208 0.445169 0.0212992 0.0374995 0.285815
0 0.0859258 0.694314 0.0138226 0.0224238 0.283768
0 0.282504 0.147933 0.0171319 0.0303038 0.283045
0 0.358853 0.910976 0.0139667 0.0326055 0.282728
0 0.113282 0.938222 0.0208992 0.0397746 0.281346
0 0.692353 0.508782 0.0235893 0.0403745 0.278986
0 0.597806 0.145389 0.0185685 0.0294455 0.274298
0 0.840719 0.357594 0.0114998 0.0277269 0.27237
0 0.284744 0.925006 0.0101965 0.0265283 0.270488
0 0.809929 0.751479 0.0118343 0.0280548 0.270386
0 0.625811 0.299973 0.0144316 0.0288195 0.268013
0 0.897474 0.283575 0.0179102 0.0238834 0.267604
0 0.955993 0.882775 0.0177206 0.0308945 0.265664
0 0.587216 0.455245 0.0156244 0.0249098 0.265663
0 0.939681 0.234269 0.0238166 0.0372935 0.265052
0 0.386169 0.110468 0.0180415 0.0361635 0.264723
0 0.598582 0.064143 0.022614 0.0392072 0.264503
0 0.0794214 0.527619 0.0136008 0.0283003 0.262246
0 0.236194 0.814844 0.00877228 0.0282776 0.26217
0 0.804131 0.602609 0.0182741 0.0301974 0.261996
0 0.508411 0.0927308 0.0108174 0.0242382 0.260852
0 0.995422 0.819679 0.00915693 0.0308963 0.260252
0 0.57374 0.234684 0.0176613 0.0392488 0.259836
0 0.716695 0.228277 0.0154332 0.0323874 0.25908
0 0.351289 0.803923 0.0188442 0.0277712 0.258227
0 0.0730802 0.886924 0.0181451 0.0345951 0.25668
0 0.420602 0.155273 0.0158422 0.0217939 0.255003
0 0.528328 0.373248 0.00954278 0.0244253 0.254624
0 0.863707 0.746401 0.0130867 0.0286407 0.25458
0 0.442901 0.0378075 0.0199089 0.0329376 0.253882
0 0.607394 0.576878 0.0156228 0.0296343 0.25277
0 0.790972 0.707427 0.013624 0.0242931 0.250835
0 0.959732 0.698391 0.0178917 0.0245009 0.250243
0 0.923096 0.952305 0.0178448 0.0295853 0.249907
0 0.947819 0.653562 0.0187401 0.0285896 0.249706
0 0.342198 0.953442 0.0191115 0.0285954 0.248791
0 0.853671 0.466407 0.0102388 0.0212358 0.248536
0 0.574207 0.172798 0.0127149 0.0260999 0.246661
0 0.267718 0.135132 0.0149914 0.0298133 0.246097
0 0.963749 0.291291 0.0217316 0.0384511 0.245722
0 0.866761 0.570302 0.0158268 0.0280902 0.245429
0 0.135375 0.599883 0.0171494 0.0344866 0.244818
0 0.74088 0.0240494 0.0116203 0.0220999 0.244573
0 0.518099 0.077781 0.0136848 0.0232584 0.243764
0 0.605072 0.39435 0.0154315 0.0273084 0.243525
0 0.226598 0.746671 0.015122 0.0309126 0.242816
0 0.935984 0.441645 0.0115532 0.0269712 0.24208
0 0.744304 0.529681 0.0168427 0.0276031 0.240352
0 0.59758 0.0167197 0.0298045 0.0328905 0.240048
0 0.878195 0.352014 0.0200005 0.0365816 0.239375
0 0.052606 0.653332 0.0172369 0.0307529 0.238811
0 0.523363 0.258019 0.0239211 0.0279059 0.237902
0 0.484851 0.108241 0.0168743 0.0315151 0.237724
0 0.924959 0.0552737 0.0191055 0.0204555 0.237257
0 0.357308 0.198962 0.0148447 0.0289968 0.236845
0 0.619049 0.447321 0.0206134 0.0383165 0.234605
0 0.136023 0.78996 0.0149792 0.0208615 0.234459
0 0.238047 0.815461 0.00825688 0.0288063 0.234117
0 0.761384 0.635139 0.0198044 0.0361472 0.231419
0 0.64025 0.102666 0.0150553 0.0254144 0.230969
0 0.385922 0.0473631 0.0189722 0.0287771 0.229781
0 0.862327 0.54081 0.0161776 0.0295768 0.229113
0 0.0327608 0.932413 0.0134079 0.0313846 0.228486
0 0.48563 0.0364282 0.0175337 0.0323929 0.227062
0 0.8318 0.22867 0.014909 0.0290388 0.225723
0 0.686008 0.440479 0.0155869 0.0285298 0.225406
0 0.990139 0.0308657 0.0192696 0.0393022 0.225363
0 0.0305625 0.458997 0.0197787 0.0360068 0.224524
0 0.804512 0.803078 0.0201869 0.0336968 0.224087
0 0.46438 0.146151 0.0189436 0.0224996 0.224043
0 0.861956 0.417375 0.0139538 0.0194756 0.222721
0 0.328919 0.125445 0.0232321 0.0461389 0.220791
0 0.7952 0.709015 0.0103745 0.0256148 0.220526
0 0.261812 0.831679 0.0200837 0.0356523 0.219599
0 0.0721838 0.497403 0.0194169 0.0411284 0.218791
0 0.0458082 0.659302 0.0157732 0.0229234 0.218629
0 0.1343 0.815923 0.0150909 0.0273492 0.216832
0 0.956473 0.676061 0.0169296 0.0245687 0.216772
0 0.954242 0.88476 0.0209282 0.0376012 0.215763
0 0.658436 0.401303 0.0263153 0.0403976 0.214759
0 0.107959 0.629353 0.0121951 0.0232893 0.213956
0 0.950615 0.764119 0.0205147 0.0249773 0.213334
0 0.990348 0.323834 0.0168146 0.0226159 0.213035
0 0.928199 0.755305 0.0160576 0.0300951 0.212598
0 0.916548 0.876144 0.0181961 0.0322937 0.212461
0 0.804095 0.610078 0.0200529 0.0433355 0.211833
0 0.587846 0.0117616 0.0183418 0.0231076 0.211346
0 0.607893 0.195977 0.0166515 0.034822 0.210568
0 0.493772 0.210896 0.017991 0.0226357 0.209671
0 0.0280845 0.519614 0.0144599 0.0269342 0.208758
0 0.187275 0.617238 0.0195559 0.0424477 0.207103
0 0.103571 0.870548 0.0153885 0.027318 0.206855
0 0.921061 0.469634 0.0185993 0.0289359 0.206122
0 0.320982 0.0116829 0.0203264 0.0219594 0.205617
0 0.548935 0.380303 0.0159451 0.028781 0.205058
0 0.923752 0.0220349 0.0191662 0.0254917 0.204877
0 0.690812 0.693076 0.0162327 0.0322639 0.204469
0 0.513631 0.0419878 0.0127755 0.0266165 0.203951
0 0.882706 0.514468 0.0152817 0.0213965 0.203821
0 0.724495 0.451636 0.0155158 0.0273277 0.203607
0 0.671827 0.329074 0.0131751 0.0265025 0.202487
0 0.334564 0.989685 0.0173286 0.019671 0.201731
0 0.605049 0.0140105 0.016185 0.027516 0.200883
0 0.146065 0.955287 0.0151943 0.021371 0.198987
0 0.901304 0.443081 0.0165207 0.0199959 0.197226
0 0.877744 0.947041 0.016007 0.028209 0.196739
0 0.210993 0.620831 0.0199453 0.0262468 0.196289
0 0.925211 0.838883 0.0206425 0.0363725 0.19616
0 0.948419 0.884051 0.0301633 0.0464261 0.195844
0 0.822847 0.572972 0.0102791 0.0211743 0.195221
0 0.724549 0.33382 0.0110596 0.0272747 0.194696
0 0.183708 0.635957 0.0224865 0.0355123 0.194386
0 0.61616 0.209467 0.0120256 0.024987 0.194147
0 0.172143 0.583487 0.0174264 0.0276054 0.193324
0 0.312186 0.183763 0.0143376 0.0285181 0.193219
0 0.994732 0.852587 0.010537 0.0278714 0.19317
0 0.672481 0.333101 0.0140039 0.0237611 0.191663
0 0.730019 0.717263 0.0175367 0.0287187 0.191608
0 0.953939 0.667369 0.0215391 0.0346854 0.191528
0 0.994083 0.817824 0.0118346 0.0299841 0.190278
0 0.062867 0.302064 0.0252853 0.0516622 0.189677
0 0.856091 0.465747 0.00886434 0.0232055 0.189385
0 0.689052 0.175889 0.0108932 0.0223043 0.187683
0 0.273217 0.766427 0.0192565 0.0326901 0.186703
0 0.728137 0.0270289 0.0149265 0.026253 0.18668
0 0.685041 0.593931 0.0150276 0.026031 0.186093
0 0.482014 0.0759564 0.0172123 0.0194413 0.186045
0 0.0259207 0.920149 0.0253478 0.0548005 0.185252
0 0.481178 0.107142 0.0209818 0.0331972 0.18515
0 0.756887 0.315675 0.012124 0.023548 0.184225
0 0.884089 0.985209 0.0247547 0.0280298 0.182962
0 0.952558 0.0402832 0.019025 0.0367944 0.181113
0 0.535029 0.325501 0.0142916 0.0232005 0.180785
0 0.993011 0.0321455 0.0139788 0.0362649 0.180249
0 0.765997 0.209587 0.0133856 0.028457 0.180084
0 0.495381 0.247724 0.0215045 0.0344074 0.180015
0 0.914621 0.466449 0.0225454 0.0321272 0.179485
0 0.662579 0.0614595 0.0153961 0.0358512 0.178375
0 0.518269 0.287898 0.0125832 0.0286724 0.178338
0 0.180494 0.987457 0.0184951 0.0240527 0.177863
0 0.134219 0.81773 0.01706 0.0355149 0.177847
0 0.977528 0.632024 0.0178553 0.0319507 0.176994
0 0.130177 0.839289 0.018258 0.0278347 0.175668
0 0.894971 0.325944 0.00898724 0.0265612 0.175161
0 0.62071 0.210675 0.0112686 0.0276677 0.174335
0 0.696045 0.117103 0.0264541 0.0481361 0.173933
0 0.456158 0.212772 0.0148294 0.0195123 0.173783
0 0.602395 0.525195 0.022662 0.0327645 0.173588
0 0.895058 0.0395993 0.0147804 0.0170482 0.172878
0 0.0450483 0.723391 0.016743 0.0226813 0.172862
0 0.883398 0.717175 0.0179565 0.0316764 0.17243
0 0.24106 0.957169 0.0215494 0.056072 0.171896
0 0.74573 0.799258 0.0144941 0.0302951 0.171467
0 0.207947 0.781083 0.0114058 0.0191016 0.171326
0 0.393085 0.985396 0.0209953 0.0283318 0.169809
0 0.40975 0.274188 0.0231405 0.0396539 0.169472
0 0.762144 0.630446 0.0229911 0.0443182 0.169112
0 0.223539 0.86031 0.0169686 0.0322523 0.168728
0 0.649237 0.446977 0.0302841 0.0389013 0.16779
0 0.128726 0.637699 0.0139914 0.0236792 0.166729
0 0.959377 0.988968 0.0184324 0.0209456 0.166384
0 0.749628 0.280447 0.0182066 0.0287191 0.165998
0 0.988975 0.129379 0.0202209 0.0206224 0.165814
0 0.426593 0.0983262 0.0156607 0.0330267 0.165572
0 0.936498 0.580518 0.018755 0.031714 0.164045
0 0.787321 0.705032 0.0170804 0.0237101 0.163675
0 0.13229 0.824623 0.0174146 0.0321398 0.163388
0 0.909114 0.412196 0.00907784 0.0221906 0.162614
0 0.519904 0.288902 0.013204 0.0320888 0.162612
0 0.716757 0.0478797 0.0121017 0.0295823 0.162554
0 0.0921396 0.551985 0.0181319 0.0313394 0.161832
0 0.995098 0.203077 0.0098032 0.0310847 0.161766
0 0.128977 0.903209 0.0101852 0.0273831 0.161484
0 0.675727 0.433626 0.00835667 0.0307324 0.161426
0 0.434982 0.975203 0.0153718 0.0350038 0.161181
0 0.502661 0.0344789 0.0113553 0.0229162 0.160462
0 0.475276 0.238119 0.0137113 0.0179643 0.159921
0 0.674587 0.429906 0.00986989 0.0328939 0.15967
0 0.275478 0.747025 0.0191445 0.0373539 0.159232
0 0.160099 0.837028 0.0138317 0.0237898 0.158748
0 0.588452 0.559407 0.0194382 0.0405389 0.158456
0 0.0324711 0.86353 0.0241586 0.0315565 0.158319
0 0.181204 0.876806 0.0128494 0.0352068 0.157689
0 0.573728 0.0744029 0.018203 0.0311149 0.157624
0 0.490288 0.109678 0.0141949 0.0321523 0.157211
0 0.678212 0.679838 0.0171229 0.0335784 0.157157
0 0.869763 0.0107815 0.0189686 0.0193718 0.156371
0 0.586877 0.333264 0.0224216 0.0465018 0.155952
0 0.52444 0.204797 0.0139172 0.0280147 0.155686
0 0.708034 0.738869 0.0171626 0.0239519 0.155603
0 0.743447 0.417024 0.0168213 0.0298207 0.155549
0 0.674775 0.336105 0.0117855 0.0256291 0.15547
0 0.107431 0.599784 0.0145111 0.0282227 0.155319
0 0.739595 0.239034 0.0176233 0.0403996 0.154763
0 0.302345 0.96757 0.0230874 0.0332299 0.154376
0 0.576813 0.397093 0.0156963 0.0251214 0.154325
0 0.774496 0.564534 0.0119268 0.0295635 0.154276
0 0.889841 0.323003 0.010902 0.0246379 0.154005
0 0.170716 0.614795 0.0157894 0.0332041 0.15331
0 0.776177 0.193467 0.0172602 0.0244434 0.153263
0 0.475874 0.103158 0.0211094 0.0375016 0.152867
0 0.950233 0.657573 0.0241192 0.0392147 0.152612
0 0.713526 0.767161 0.0190792 0.0328406 0.152476
0 0.876584 0.0514716 0.0208791 0.0311484 0.151671
0 0.93956 0.588297 0.0139645 0.0225635 0.151577
0 0.976175 0.839313 0.014982 0.0228936 0.151559
0 0.596489 0.48316 0.0143406 0.0259614 0.151398
0 0.121567 0.687381 0.0119613 0.0237582 0.150802
0 0.248849 0.0270926 0.0171193 0.0343834 0.150055
