0 0.783398 0.148109 0.0285032 0.0467865 0.692468
0 0.362005 0.0831729 0.0319078 0.0501225 0.689434
0 0.865879 0.540075 0.0334278 0.0491799 0.682775
0 0.0411802 0.107809 0.021608 0.041042 0.667023
0 0.548303 0.576396 0.0277248 0.0475701 0.657399
0 0.33818 0.0439804 0.0259387 0.0499303 0.645261
0 0.70798 0.53407 0.0164932 0.0274358 0.643518
0 0.786819 0.025143 0.0228015 0.0342191 0.637444
0 0.083077 0.130881 0.0211492 0.0384854 0.636113
0 0.0469967 0.155687 0.0200973 0.0387785 0.632313
0 0.612119 0.3653 0.0304289 0.0466534 0.625317
0 0.900638 0.125734 0.0296471 0.0429463 0.609461
0 0.549275 0.73245 0.0211178 0.0397 0.604854
0 0.767112 0.215618 0.0196667 0.0342257 0.60467
0 0.251469 0.172919 0.0225518 0.0402071 0.603013
0 0.0904629 0.190286 0.0245759 0.051488 0.591449
0 0.983624 0.200487 0.0323181 0.0551351 0.591437
0 0.596857 0.780599 0.0209049 0.0305756 0.583932
0 0.365645 0.0249555 0.0261537 0.0444887 0.581701
0 0.0204939 0.0638225 0.0170169 0.0294277 0.579649
0 0.737561 0.37076 0.0193701 0.0334 0.579572
0 0.520284 0.649979 0.0208639 0.0374908 0.569053
0 0.334509 0.093958 0.0193406 0.0309105 0.566332
0 0.0128051 0.0180418 0.0225919 0.0349494 0.560486
0 0.0681208 0.168611 0.018091 0.0312692 0.545953
0 0.268752 0.207513 0.0226681 0.0508411 0.539907
0 0.640092 0.620185 0.0184635 0.0312063 0.535904
0 0.0326437 0.214503 0.0270842 0.0485307 0.533758
0 0.56639 0.814364 0.0216267 0.0295692 0.531984
0 0.09266 0.0135496 0.0176661 0.0253195 0.531468
0 0.952043 0.225985 0.0336525 0.0503465 0.522852
0 0.0126659 0.130122 0.0143873 0.0272111 0.520296
0 0.656724 0.657244 0.0198615 0.037535 0.516469
0 0.120098 0.233665 0.0227746 0.0431089 0.509756
0 0.151969 0.0494307 0.0158523 0.0323995 0.507737
0 0.608987 0.495842 0.0132716 0.0266872 0.506089
0 0.0686682 0.0142306 0.0195535 0.0246972 0.500741
0 0.22782 0.0436409 0.0250322 0.0420209 0.488874
0 0.647612 0.735874 0.0178524 0.0271634 0.484928
0 0.929989 0.105339 0.0207396 0.0366093 0.476841
0 0.295812 0.0469591 0.0234182 0.0474651 0.475847
0 0.78872 0.102535 0.0155951 0.0258336 0.475585
0 0.585717 0.748974 0.0161688 0.0278059 0.473934
0 0.07353 0.0844234 0.0201155 0.0312694 0.45934
0 0.725465 0.0884584 0.0240812 0.0398302 0.455037
0 0.698228 0.658137 0.0304796 0.0604125 0.453399
0 0.741168 0.19354 0.0174531 0.0335353 0.451863
0 0.721309 0.143529 0.0169905 0.0284078 0.449008
0 0.571657 0.709849 0.0237171 0.0385607 0.446303
0 0.440318 0.572787 0.0300413 0.0544562 0.441066
0 0.0437881 0.0457798 0.0214062 0.0369835 0.439083
0 0.0504857 0.23498 0.0147354 0.0281096 0.438368
0 0.58941 0.487979 0.0171865 0.0352949 0.427206
0 0.0630167 0.209777 0.0188527 0.0311996 0.396226
0 0.655199 0.260736 0.0184471 0.0339343 0.393132
0 0.957589 0.134661 0.0195958 0.0376276 0.381813
0 0.259522 0.0156479 0.0241091 0.0312957 0.378599
0 0.231085 0.148779 0.0175918 0.0319703 0.378203
0 0.205945 0.0746539 0.0175254 0.0320881 0.378159
0 0.10653 0.0995668 0.0176775 0.0254764 0.377781
0 0.102712 0.0336673 0.013139 0.0255402 0.367963
0 0.275171 0.155109 0.0173321 0.0358125 0.367542
0 0.763679 0.0437828 0.0183042 0.0290139 0.362685
0 0.539068 0.627617 0.0191315 0.0297798 0.361204
0 0.595553 0.52488 0.0128628 0.0237899 0.355292
0 0.588352 0.444638 0.0192983 0.0385645 0.354079
0 0.562421 0.655818 0.0260705 0.0477797 0.353512
0 0.70455 0.494371 0.0181109 0.0362977 0.34148
0 0.616092 0.367674 0.0232891 0.0441179 0.341474
0 0.607628 0.6151 0.0241309 0.0500632 0.340553
0 0.964444 0.167115 0.019018 0.0283879 0.338612
0 0.691867 0.218995 0.0235411 0.0416732 0.337358
0 0.584905 0.4846 0.0259384 0.0407798 0.334135
0 0.0561435 0.0773085 0.0127863 0.0259746 0.333614
0 0.769997 0.100273 0.0181732 0.0286411 0.330345
0 0.653789 0.69549 0.0196466 0.0316072 0.330112
0 0.00748492 0.272489 0.0148887 0.057482 0.328971
0 0.0582233 0.0760041 0.0136021 0.0290711 0.328354
0 0.0561004 0.288829 0.0213699 0.0419734 0.325386
0 0.0102921 0.213433 0.020066 0.0438469 0.323593
0 0.287992 0.0102185 0.0183521 0.0200847 0.321629
0 0.339868 0.960438 0.0267737 0.0465336 0.315107
0 0.011385 0.174379 0.0205622 0.0297458 0.31357
0 0.31279 0.0111754 0.0240945 0.0207076 0.311695
0 0.977376 0.129204 0.0200659 0.0332845 0.308343
0 0.291641 0.165313 0.0162529 0.0308718 0.30545
0 0.717186 0.283387 0.0277321 0.0492341 0.293025
0 0.683965 0.42704 0.0230378 0.0327367 0.290815
0 0.221191 0.088428 0.0164154 0.0324977 0.289919
0 0.669336 0.0663701 0.0135483 0.0317798 0.289095
0 0.630264 0.579051 0.0252806 0.0359217 0.288864
0 0.204366 0.170477 0.0200478 0.0309985 0.283145
0 0.632814 0.321948 0.0236555 0.0401687 0.28183
0 0.316215 0.0463224 0.0188301 0.0440643 0.278675
0 0.63714 0.281276 0.0178203 0.0331312 0.276172
0 0.0262805 0.144814 0.0140829 0.0302302 0.275831
0 0.298591 0.0510329 0.0194397 0.0442799 0.272246
0 0.741952 0.0325561 0.0158163 0.032469 0.271957
0 0.690422 0.271334 0.0199785 0.0364596 0.270592
0 0.128629 0.0201066 0.0149455 0.0271747 0.270392
0 0.613182 0.462694 0.0204735 0.0298959 0.269853
0 0.0437891 0.0510377 0.0192293 0.0275803 0.2683
0 0.124565 0.073471 0.0177982 0.0289622 0.262793
0 0.587278 0.643435 0.0166484 0.0296141 0.261831
0 0.0283112 0.098864 0.0121677 0.0286437 0.259589
0 0.00375201 0.0702748 0.00744945 0.0365386 0.258775
0 0.749064 0.152481 0.0317644 0.0584519 0.256637
0 0.175106 0.0227788 0.0217792 0.0426721 0.254286
0 0.544354 0.79078 0.0148571 0.0279526 0.25234
0 0.720157 0.332353 0.0272205 0.0398491 0.249943
0 0.739577 0.0310073 0.0207097 0.0349363 0.248302
0 0.714154 0.220541 0.0210011 0.0442844 0.247289
0 0.604594 0.696009 0.0213195 0.0362242 0.241011
0 0.642748 0.520224 0.0163523 0.0302207 0.236983
0 0.702604 0.497742 0.0207614 0.0369922 0.23534
0 0.263646 0.131598 0.0219926 0.0381875 0.23384
0 0.151985 0.00721171 0.0235327 0.0144234 0.233395
0 0.766539 0.0468306 0.0229702 0.0323817 0.231308
0 0.290301 0.125188 0.0224183 0.0334727 0.2301
0 0.682401 0.547612 0.0264273 0.0420998 0.225571
0 0.74355 0.0354354 0.0141176 0.028364 0.224039
0 0.065511 0.211243 0.0217457 0.0350761 0.222962
0 0.989798 0.152327 0.0204048 0.0421405 0.221634
0 0.940456 0.146846 0.0212694 0.0420466 0.221415
0 0.0248114 0.140935 0.0134123 0.0284461 0.220918
0 0.0278391 0.273253 0.0330818 0.0519456 0.212536
0 0.00880632 0.859193 0.0173883 0.14032 0.211227
0 0.298601 0.0924149 0.0196272 0.0260548 0.211206
0 0.137929 0.201851 0.0203432 0.0297401 0.210077
0 0.746412 0.336903 0.0205803 0.0355662 0.210064
0 0.677416 0.550977 0.0358353 0.0496916 0.209635
0 0.685362 0.546039 0.0210925 0.0358893 0.206057
0 0.769161 0.0516294 0.0198252 0.022735 0.204484
0 0.941734 0.159806 0.0227596 0.060324 0.204184
0 0.603043 0.552824 0.0139049 0.0213469 0.203106
0 0.111192 0.174096 0.0188324 0.0294831 0.202835
0 0.531928 0.809977 0.0115448 0.0198058 0.20125
0 0.0830598 0.272095 0.0125381 0.0198875 0.195802
0 0.51323 0.769872 0.0179442 0.0310695 0.195543
0 0.591858 0.49009 0.0144426 0.0321282 0.182311
0 0.665992 0.0305333 0.0199921 0.0350939 0.182275
0 0.624707 0.678739 0.0235588 0.0411699 0.181832
0 0.658795 0.16011 0.0329423 0.0568317 0.181345
0 0.267528 0.0703999 0.0252927 0.0447133 0.175061
0 0.622146 0.68472 0.0285553 0.050958 0.174663
0 0.574319 0.784771 0.0155552 0.0223636 0.174254
0 0.668097 0.510348 0.0264811 0.0414409 0.173422
0 0.765861 0.0468265 0.0189868 0.0269915 0.171108
0 0.618407 0.532255 0.0159442 0.0242913 0.169792
0 0.915986 0.175823 0.0279129 0.0542313 0.167104
0 0.182594 0.0271948 0.0355812 0.0515856 0.167073
0 0.962179 0.957463 0.0483583 0.0725037 0.166824
0 0.177872 0.123836 0.0184207 0.0278339 0.162051
0 0.619539 0.226234 0.0325364 0.0586435 0.161363
0 0.924787 0.212287 0.0196659 0.0253778 0.160099
0 0.56834 0.746575 0.0176147 0.0303019 0.160028
0 0.571186 0.603832 0.0167988 0.0303066 0.158641
0 0.771724 0.0531323 0.020187 0.0209801 0.153641
0 0.749101 0.170503 0.0341831 0.0859487 0.150555
