0 0.973453 0.490769 0.0286484 0.0520913 0.724002
0 0.744675 0.110178 0.0223876 0.0511075 0.690749
0 0.916373 0.19881 0.0231989 0.0400129 0.688411
0 0.960832 0.396349 0.0252981 0.0456132 0.678348
0 0.663473 0.271337 0.0179048 0.0331753 0.652152
0 0.912029 0.0155355 0.0193378 0.0307928 0.644013
0 0.802486 0.423199 0.0173619 0.0358997 0.641995
0 0.520641 0.277925 0.0192771 0.0372165 0.640599
0 0.78367 0.281485 0.0200017 0.0389164 0.635207
0 0.768249 0.216008 0.0207583 0.0442399 0.633639
0 0.96247 0.621154 0.0214535 0.0471425 0.630999
0 0.474496 0.23028 0.0221989 0.0433177 0.627681
0 0.561508 0.262387 0.0200101 0.0350856 0.624147
0 0.909703 0.136276 0.016592 0.0324484 0.6223
0 0.808295 0.0357835 0.0157169 0.0287081 0.611415
0 0.777089 0.355797 0.020796 0.0393127 0.609814
0 0.720387 0.503212 0.0157713 0.0284166 0.608678
0 0.891559 0.24131 0.0199631 0.0360901 0.6063
0 0.46747 0.280824 0.0174629 0.0300676 0.605132
0 0.657556 0.0762246 0.0160583 0.0325751 0.596829
0 0.781187 0.612924 0.0152346 0.0284264 0.589815
0 0.625525 0.229221 0.0200326 0.039669 0.58659
0 0.461955 0.825319 0.0189747 0.0355639 0.580708
0 0.0982347 0.402757 0.0169075 0.0390613 0.577565
0 0.444184 0.14052 0.019348 0.0358727 0.576826
0 0.833563 0.963699 0.0163684 0.0330509 0.568862
0 0.438516 0.453754 0.0222281 0.0361837 0.56714
0 0.985135 0.188976 0.0140408 0.0215071 0.564192
0 0.620169 0.326538 0.0198209 0.0370208 0.552606
0 0.939352 0.216773 0.0210271 0.0377665 0.550492
0 0.315043 0.084442 0.0196168 0.0307891 0.55023
0 0.491337 0.184864 0.0161796 0.0271567 0.54833
0 0.959325 0.106229 0.0141262 0.0231486 0.546461
0 0.98595 0.135329 0.0135681 0.021474 0.546045
0 0.142594 0.170894 0.0149139 0.0294486 0.541411
0 0.981563 0.0425092 0.0147827 0.0239088 0.528243
0 0.326948 0.579988 0.0214899 0.0275006 0.520959
0 0.981468 0.104548 0.0138775 0.0226992 0.515985
0 0.953616 0.0385973 0.0148808 0.0238953 0.513175
0 0.67872 0.204039 0.0178463 0.0287461 0.511547
0 0.634601 0.0988388 0.0159515 0.0287772 0.506638
0 0.857442 0.9041 0.0189423 0.0307621 0.502744
0 0.788052 0.872096 0.0142735 0.0262976 0.496189
0 0.958668 0.0741356 0.0137349 0.0189226 0.495888
0 0.124966 0.204127 0.025632 0.0422793 0.488738
0 0.966309 0.190693 0.0136692 0.0218924 0.488728
0 0.979267 0.0724471 0.0128269 0.0213062 0.488262
0 0.964645 0.136422 0.013534 0.0212941 0.480589
0 0.354091 0.289079 0.0232773 0.0434068 0.474884
0 0.198689 0.438975 0.0160001 0.0271791 0.472018
0 0.316971 0.609952 0.01541 0.0256425 0.471575
0 0.491941 0.462875 0.0187315 0.0349298 0.469407
0 0.838527 0.106512 0.0153923 0.0276718 0.46595
0 0.499072 0.846669 0.0191429 0.0319441 0.460078
0 0.485554 0.0985728 0.0181807 0.0330794 0.456132
0 0.243946 0.232379 0.0219551 0.0425758 0.451606
0 0.387739 0.461004 0.0156791 0.028805 0.449545
0 0.239024 0.405609 0.017864 0.0305767 0.448579
0 0.00347126 0.180304 0.00694251 0.0251697 0.431521
0 0.673616 0.129763 0.0147137 0.0314947 0.429535
0 0.574285 0.796677 0.017643 0.0453752 0.427938
0 0.508604 0.230909 0.0220282 0.0388826 0.422955
0 0.533378 0.0329722 0.0176557 0.0405275 0.422181
0 0.266615 0.230063 0.0141621 0.0231457 0.416963
0 0.997008 0.0742498 0.00598373 0.0228228 0.415651
0 0.685337 0.0550517 0.0187267 0.0358129 0.409208
0 0.840014 0.885627 0.0175213 0.0320255 0.406227
0 0.326276 0.0417552 0.0199155 0.0332083 0.403819
0 0.927723 0.282152 0.0152065 0.0319074 0.398754
0 0.983747 0.224354 0.0126505 0.0189855 0.39655
0 0.116925 0.353082 0.0183069 0.031291 0.395505
0 0.936433 0.0778501 0.0149602 0.0212063 0.394566
0 0.631624 0.164916 0.0176594 0.0286368 0.386331
0 0.965682 0.166371 0.0130497 0.0182776 0.384623
0 0.752452 0.629632 0.0280885 0.0740708 0.383964
0 0.637563 0.196995 0.0212215 0.0326597 0.382947
0 0.37566 0.871791 0.0139116 0.0285923 0.38155
0 0.283979 0.235793 0.0117199 0.0245701 0.381525
0 0.306131 0.977103 0.0216368 0.0430716 0.378938
0 0.691729 0.164525 0.0135792 0.0247728 0.378029
0 0.538775 0.248526 0.0140671 0.0306157 0.375768
0 0.144884 0.951693 0.0216677 0.0406162 0.375127
0 0.778316 0.536958 0.0212467 0.0334559 0.359145
0 0.0408067 0.489668 0.0170756 0.0329432 0.358845
0 0.358648 0.516944 0.0190816 0.0348611 0.354106
0 0.52908 0.322799 0.0239214 0.0355639 0.351804
0 0.825672 0.359298 0.0209265 0.0407236 0.349888
0 0.586838 0.219881 0.0191814 0.0357475 0.349876
0 0.345221 0.103563 0.0244931 0.0373581 0.348538
0 0.455389 0.333126 0.0246387 0.0380901 0.348125
0 0.377828 0.249601 0.0249659 0.0354028 0.347262
0 0.946276 0.138396 0.011792 0.0208897 0.346482
0 0.304581 0.0495154 0.0183942 0.0294015 0.342183
0 0.273396 0.384306 0.0159067 0.0270231 0.340259
0 0.401682 0.368887 0.0152581 0.0307658 0.338315
0 0.861691 0.0446171 0.0168858 0.0317934 0.33651
0 0.0191503 0.492089 0.018724 0.0360133 0.332695
0 0.94753 0.164034 0.0145191 0.0220146 0.33054
0 0.133975 0.86734 0.0179276 0.032392 0.323269
0 0.48911 0.154996 0.015484 0.023328 0.322966
0 0.147355 0.595538 0.0163045 0.0270676 0.321314
0 0.714375 0.0544183 0.0177275 0.0331725 0.321056
0 0.451058 0.958368 0.0236082 0.0403006 0.319214
0 0.358151 0.888763 0.0160627 0.0296823 0.317845
0 0.260362 0.411375 0.0137465 0.0221639 0.317744
0 0.20324 0.256519 0.0183958 0.02943 0.316927
0 0.34095 0.17284 0.0170154 0.0291085 0.316621
0 0.285907 0.140879 0.0188676 0.0327497 0.315131
0 0.658023 0.939003 0.0185967 0.0366256 0.312897
0 0.557036 0.439634 0.0223382 0.0428713 0.31254
0 0.892307 0.111141 0.014542 0.0313548 0.312266
0 0.265036 0.113549 0.0184099 0.0347138 0.31106
0 0.0845621 0.202958 0.0172222 0.0331399 0.310947
0 0.498236 0.0396738 0.0119396 0.0209561 0.310246
0 0.502901 0.788075 0.0247816 0.0432705 0.306111
0 0.993598 0.252655 0.0128042 0.0239187 0.305213
0 0.403876 0.258371 0.0150823 0.0343746 0.304759
0 0.678646 0.403854 0.0154719 0.0272942 0.304027
0 0.524701 0.151184 0.0315741 0.0509836 0.302972
0 0.832273 0.16441 0.0129551 0.0329325 0.300666
0 0.100423 0.239016 0.0150719 0.024874 0.300138
0 0.61535 0.18739 0.0174671 0.0331652 0.29823
0 0.563677 0.163209 0.0251289 0.0382067 0.298204
0 0.170745 0.159248 0.0154072 0.0271782 0.297577
0 0.426591 0.243151 0.020365 0.0362367 0.297379
0 0.434669 0.400098 0.0278141 0.0523205 0.297355
0 0.457792 0.336308 0.0235365 0.0314017 0.296542
0 0.86965 0.070571 0.0139408 0.025972 0.293845
0 0.509977 0.482688 0.0130356 0.0300032 0.292315
0 0.468478 0.184252 0.0169558 0.0261716 0.291156
0 0.030291 0.616919 0.0169908 0.0322274 0.286528
0 0.358411 0.623017 0.0243217 0.043231 0.285368
0 0.824421 0.264558 0.0207058 0.0407149 0.284794
0 0.432531 0.107492 0.0130873 0.024601 0.283213
0 0.505001 0.794829 0.0222509 0.0455495 0.281251
0 0.291364 0.012429 0.0227819 0.0248581 0.278701
0 0.783577 0.139664 0.0164543 0.0301126 0.278454
0 0.102686 0.245914 0.0164095 0.0286362 0.275999
0 0.666215 0.556707 0.0145772 0.0277608 0.272481
0 0.364269 0.783565 0.0143716 0.0238932 0.270096
0 0.348552 0.92199 0.0153413 0.0298774 0.26938
0 0.510862 0.572064 0.0256979 0.0550998 0.268095
0 0.929142 0.156715 0.0127964 0.0295982 0.267582
0 0.290912 0.594656 0.0210037 0.0301056 0.262238
0 0.095885 0.982008 0.0189271 0.0339906 0.261926
0 0.94937 0.188673 0.0149357 0.0205814 0.255417
0 0.814024 0.758421 0.0235073 0.0441288 0.254899
0 0.284462 0.0929956 0.015656 0.0322199 0.25464
0 0.529941 0.174271 0.0187753 0.0233558 0.251819
0 0.5306 0.209842 0.0168203 0.0339611 0.250092
0 0.37202 0.300453 0.0164186 0.0311139 0.249549
0 0.548223 0.221928 0.0141794 0.0257843 0.245095
0 0.337991 0.642949 0.0193644 0.0333979 0.24271
0 0.16949 0.193196 0.0189017 0.0330849 0.240746
0 0.201857 0.185903 0.0160129 0.0287742 0.237101
0 0.582334 0.111914 0.013701 0.0266467 0.236172
0 0.0079743 0.558413 0.01579 0.0477198 0.236101
0 0.932902 0.0426574 0.0130642 0.0234288 0.230738
0 0.45454 0.783985 0.0155888 0.0289364 0.229495
0 0.54818 0.130405 0.0180213 0.0303763 0.224016
0 0.785315 0.658997 0.016386 0.0276304 0.223933
0 0.581244 0.868206 0.0340438 0.0572608 0.22355
0 0.0976377 0.882603 0.0166216 0.0265833 0.222349
0 0.579282 0.740257 0.0158919 0.0357512 0.22031
0 0.15237 0.197827 0.0116677 0.0306413 0.216799
0 0.270651 0.350031 0.0149589 0.0237771 0.215122
0 0.0849652 0.728063 0.015601 0.0338053 0.215081
0 0.549449 0.847877 0.0228138 0.0381317 0.213272
0 0.609752 0.270565 0.0173417 0.0301887 0.210105
0 0.406502 0.435696 0.0182413 0.0295729 0.210098
0 0.363586 0.18105 0.0208021 0.0433372 0.208876
0 0.154514 0.0427472 0.0196259 0.037468 0.205722
0 0.318683 0.00869885 0.0203118 0.0173977 0.204951
0 0.166316 0.61672 0.018058 0.0342016 0.203873
0 0.0777159 0.917331 0.0290103 0.0517962 0.203038
0 0.172277 0.41784 0.0181039 0.0341063 0.201883
0 0.429174 0.982543 0.0187218 0.0317846 0.196526
0 0.148144 0.430784 0.0228052 0.039693 0.194618
0 0.258616 0.986019 0.0158186 0.0271957 0.193751
0 0.148282 0.303042 0.0196789 0.034857 0.190529
0 0.418554 0.178437 0.0154712 0.0263546 0.18721
0 0.437865 0.406089 0.0226666 0.0451665 0.186078
0 0.0355111 0.3371 0.0175584 0.0349606 0.183581
0 0.47567 0.35017 0.0117271 0.0244698 0.181704
0 0.779239 0.612304 0.018461 0.0336808 0.17956
0 0.469793 0.55318 0.0232735 0.0316845 0.178863
0 0.425118 0.748439 0.0151733 0.029007 0.178793
0 0.347864 0.105404 0.028877 0.0440025 0.176443
0 0.414448 0.484049 0.0257248 0.0516548 0.174581
0 0.517594 0.137223 0.0169706 0.0272401 0.173477
0 0.567153 0.21983 0.01831 0.0292747 0.172488
0 0.807445 0.882975 0.016367 0.0293937 0.170764
0 0.938988 0.109578 0.0141694 0.0193006 0.170522
0 0.895484 0.0639403 0.0124512 0.0277399 0.169453
0 0.909599 0.276828 0.018969 0.0403021 0.169334
0 0.842965 0.855603 0.0188616 0.0298143 0.167091
0 0.839166 0.509054 0.016073 0.0326687 0.164471
0 0.885799 0.867519 0.0277843 0.0495207 0.162349
0 0.271711 0.200922 0.013408 0.023971 0.162329
0 0.253953 0.0127649 0.0227874 0.0255298 0.159913
0 0.826226 0.13056 0.00990181 0.0224682 0.158841
0 0.374817 0.0332896 0.0209311 0.0403044 0.158134
0 0.560647 0.166205 0.0264732 0.0373161 0.156496
0 0.467784 0.441752 0.0185745 0.0255096 0.153542
0 0.59367 0.260221 0.0145259 0.0291092 0.151812
