0 0.147831 0.0550244 0.0294641 0.0449049 0.684668
0 0.724842 0.352295 0.0172861 0.0334978 0.683417
0 0.27104 0.275223 0.0247334 0.0414368 0.676754
0 0.520873 0.822092 0.0265034 0.0502567 0.671407
0 0.0734481 0.252556 0.0247274 0.0439578 0.66634
0 0.0523465 0.289962 0.0248387 0.0429781 0.665217
0 0.761268 0.822509 0.0205776 0.0333981 0.663285
0 0.279265 0.489144 0.0263505 0.0420005 0.661324
0 0.455354 0.898332 0.0238832 0.0414164 0.659458
0 0.551483 0.784892 0.0236319 0.037719 0.653313
0 0.534471 0.921701 0.0264868 0.0459741 0.649947
0 0.70256 0.854612 0.0221874 0.0368408 0.649205
0 0.502856 0.674663 0.02145 0.0340259 0.648978
0 0.852587 0.785354 0.0217499 0.0381388 0.644526
0 0.232714 0.683765 0.0254371 0.0378759 0.64145
0 0.844524 0.662885 0.020923 0.0361345 0.636746
0 0.770161 0.128896 0.0202073 0.0341702 0.636307
0 0.717545 0.488468 0.0161822 0.0278927 0.635601
0 0.614942 0.0397851 0.0219273 0.0381788 0.634751
0 0.167086 0.897437 0.0183523 0.0333811 0.634532
0 0.0258316 0.394193 0.0223833 0.0415697 0.631627
0 0.988528 0.772607 0.0223572 0.0364763 0.626415
0 0.0337788 0.464885 0.0239239 0.0405025 0.625536
0 0.768426 0.498438 0.0167181 0.0317969 0.625471
0 0.819947 0.0973352 0.0179579 0.0340837 0.624927
0 0.78201 0.80433 0.0219131 0.0405667 0.624709
0 0.940669 0.653563 0.0168419 0.0371969 0.624113
0 0.874047 0.571274 0.0179756 0.0327044 0.622926
0 0.416065 0.594625 0.0183776 0.0383365 0.622636
0 0.50109 0.894808 0.0231728 0.0398883 0.622071
0 0.636872 0.772395 0.0197258 0.0305064 0.620194
0 0.542326 0.595519 0.0174496 0.0319043 0.619374
0 0.44172 0.331232 0.0181881 0.0304306 0.615352
0 0.797354 0.110005 0.020018 0.0365751 0.612188
0 0.304755 0.959051 0.0256325 0.0441301 0.610603
0 0.918256 0.682149 0.018523 0.03271 0.609991
0 0.868473 0.703487 0.0191059 0.0347356 0.608759
0 0.369009 0.323292 0.0208752 0.0365082 0.606984
0 0.923076 0.31236 0.0210745 0.0379594 0.606269
0 0.227633 0.103776 0.0229653 0.0402802 0.604568
0 0.371115 0.452348 0.021273 0.0356066 0.602182
0 0.386954 0.0793393 0.0162156 0.0321515 0.601916
0 0.825695 0.329665 0.0247627 0.0380039 0.59643
0 0.419894 0.725821 0.0218662 0.0401442 0.595318
0 0.209222 0.34114 0.0209218 0.0388962 0.5938
0 0.844246 0.267288 0.0185818 0.0344324 0.591804
0 0.872836 0.817429 0.0185612 0.0329919 0.59095
0 0.79273 0.515248 0.015302 0.0322656 0.58994
0 0.731205 0.719639 0.0192525 0.033392 0.589033
0 0.902315 0.821154 0.020446 0.0374196 0.588393
0 0.49073 0.795205 0.0244839 0.033872 0.585632
0 0.601783 0.417852 0.0279266 0.0499393 0.584601
0 0.117898 0.885022 0.0180532 0.0343855 0.584026
0 0.147663 0.658843 0.0198445 0.0342019 0.583992
0 0.660805 0.557275 0.0209174 0.0381705 0.583292
0 0.855368 0.955277 0.0181549 0.0303033 0.582527
0 0.493869 0.281503 0.0190948 0.0324595 0.581567
0 0.909328 0.483695 0.0183876 0.0350544 0.580935
0 0.800272 0.384219 0.0169035 0.0303565 0.580386
0 0.0976322 0.695224 0.0208258 0.0394215 0.580298
0 0.243061 0.492366 0.0268963 0.0401529 0.579439
0 0.0979682 0.762028 0.0265864 0.0480364 0.578631
0 0.662403 0.687524 0.0214485 0.0374997 0.575911
0 0.953281 0.0744429 0.0211491 0.0348307 0.57449
0 0.895066 0.604628 0.0180992 0.0340075 0.574241
0 0.321526 0.496838 0.0247669 0.0316419 0.570961
0 0.842588 0.497745 0.021041 0.036892 0.570808
0 0.394062 0.438624 0.0239625 0.0409492 0.569771
0 0.538273 0.743331 0.0215559 0.0421638 0.569738
0 0.925903 0.521442 0.0204159 0.0378596 0.569087
0 0.71092 0.19744 0.0193272 0.0305612 0.568276
0 0.536187 0.542465 0.026191 0.0492661 0.568165
0 0.596465 0.888988 0.0243207 0.0380126 0.565932
0 0.20568 0.154511 0.0159216 0.0308433 0.565898
0 0.694641 0.963021 0.0237133 0.0367064 0.565727
0 0.899689 0.707361 0.0193192 0.0358744 0.564672
0 0.919465 0.164914 0.0171986 0.0265689 0.563899
0 0.827078 0.827962 0.0207901 0.0374913 0.56319
0 0.688917 0.203568 0.0184228 0.0357023 0.55844
0 0.261969 0.70666 0.0201678 0.0317023 0.557603
0 0.866481 0.0547443 0.0228981 0.0374979 0.556946
0 0.568086 0.419382 0.0222456 0.0396722 0.555263
0 0.689612 0.739849 0.0141106 0.0281821 0.55446
0 0.438663 0.860017 0.0166169 0.0260067 0.552227
0 0.784298 0.478599 0.0126808 0.0264459 0.549135
0 0.795921 0.0590994 0.0253239 0.0349383 0.548428
0 0.707174 0.332699 0.0165854 0.0328258 0.547023
0 0.963653 0.641078 0.0191124 0.0396105 0.546875
0 0.614811 0.549157 0.01369 0.0308588 0.544843
0 0.829994 0.916738 0.0169548 0.0299272 0.540896
0 0.522031 0.883465 0.0160098 0.0330299 0.540313
0 0.630936 0.813306 0.0205664 0.0338762 0.539704
0 0.00503037 0.488569 0.0100607 0.0234255 0.53944
0 0.600021 0.887959 0.0181339 0.0365245 0.539146
0 0.653328 0.141625 0.0192378 0.0356435 0.538299
0 0.105549 0.964125 0.0173985 0.0384823 0.538026
0 0.98953 0.662659 0.0195965 0.0393411 0.53723
0 0.65071 0.950823 0.0156752 0.0290344 0.536582
0 0.0673482 0.70347 0.0200756 0.0341114 0.536395
0 0.937108 0.377043 0.0195475 0.0379768 0.53075
0 0.929672 0.593164 0.0177185 0.0320192 0.530602
0 0.923489 0.117217 0.0226891 0.0396962 0.528001
0 0.614092 0.129429 0.0194668 0.0332272 0.526747
0 0.565638 0.886439 0.0179668 0.0331451 0.526621
0 0.830495 0.752251 0.0183156 0.0290634 0.523916
0 0.778409 0.852389 0.0140498 0.0264757 0.523537
0 0.475013 0.470619 0.0249674 0.0366884 0.523001
0 0.266659 0.528162 0.0179583 0.0316968 0.522215
0 0.73185 0.435199 0.0188381 0.032761 0.520339
0 0.963536 0.679528 0.0211042 0.0318207 0.513676
0 0.325726 0.19264 0.0246685 0.0545844 0.513474
0 0.141746 0.919424 0.0220105 0.0334705 0.512435
0 0.222845 0.910378 0.0167547 0.0376482 0.511731
0 0.97327 0.242522 0.0182919 0.0349824 0.511217
0 0.378951 0.698591 0.021803 0.0418038 0.509774
0 0.226459 0.461423 0.0177634 0.0357945 0.509748
0 0.272896 0.561952 0.0171847 0.0257226 0.507097
0 0.959312 0.395388 0.0225609 0.0336264 0.506209
0 0.46293 0.234256 0.0273438 0.0436776 0.506114
0 0.684355 0.8912 0.0150874 0.0289629 0.504334
0 0.866403 0.273117 0.0142838 0.0277949 0.504209
0 0.925754 0.514037 0.0211863 0.04871 0.503493
0 0.166784 0.776526 0.0164801 0.0261817 0.503371
0 0.829298 0.781085 0.015402 0.0239526 0.503022
0 0.200876 0.811413 0.0218125 0.0402162 0.50268
0 0.277955 0.597713 0.0136491 0.0251411 0.501956
0 0.787518 0.752225 0.0164377 0.032793 0.501006
0 0.506109 0.34541 0.0194285 0.0359203 0.500045
0 0.302663 0.377662 0.0266192 0.0411396 0.499022
0 0.640239 0.982115 0.0154755 0.0324259 0.49863
0 0.818127 0.3748 0.0145611 0.0354331 0.497024
0 0.202726 0.616254 0.0168329 0.0323325 0.496628
0 0.549645 0.682311 0.0164198 0.0284868 0.49648
0 0.633417 0.720076 0.0253309 0.0439175 0.495419
0 0.199329 0.526375 0.0206499 0.0325304 0.495361
0 0.611086 0.324903 0.0245046 0.0432274 0.494472
0 0.846579 0.881329 0.0153423 0.0308794 0.494162
0 0.00754465 0.688774 0.0150541 0.0455773 0.491766
0 0.877362 0.337602 0.0150291 0.0311789 0.49079
0 0.782909 0.682976 0.022598 0.0329155 0.489934
0 0.162542 0.840223 0.0179734 0.0337555 0.488901
0 0.777563 0.653147 0.0154144 0.0234238 0.48839
0 0.8631 0.221559 0.0236675 0.0436217 0.48725
0 0.982948 0.334503 0.0184196 0.034853 0.484852
0 0.0753133 0.530164 0.0211304 0.0333917 0.484728
0 0.654036 0.629714 0.0198072 0.0349379 0.484712
0 0.192995 0.0575031 0.0150709 0.0307397 0.482729
0 0.692964 0.706846 0.0194695 0.0275487 0.482706
0 0.60662 0.675763 0.0192748 0.0294626 0.482619
0 0.210269 0.497914 0.0186305 0.0299012 0.481325
0 0.810203 0.513071 0.0157887 0.030879 0.479591
0 0.782941 0.888867 0.015188 0.0273856 0.478697
0 0.853436 0.731808 0.0187103 0.034229 0.478287
0 0.964086 0.97818 0.0182041 0.034923 0.477178
0 0.00759345 0.223042 0.0151515 0.0249279 0.476158
0 0.928723 0.0248486 0.0237465 0.0389608 0.475235
0 0.906753 0.77404 0.0159508 0.0265415 0.472689
0 0.838548 0.959832 0.0153889 0.0363997 0.472457
0 0.751328 0.395916 0.014936 0.0303896 0.469775
0 0.723687 0.809553 0.0223473 0.040843 0.468953
0 0.752911 0.452631 0.0171534 0.0267732 0.468765
0 0.902942 0.213888 0.0146582 0.0213556 0.467652
0 0.750706 0.320197 0.0146651 0.0254428 0.467651
0 0.875815 0.300728 0.0116093 0.0259096 0.467014
0 0.346241 0.467103 0.019748 0.0388548 0.466517
0 0.938726 0.832438 0.021624 0.0460095 0.465463
0 0.328923 0.336506 0.0207509 0.0354491 0.465257
0 0.933515 0.252152 0.0119265 0.0237935 0.464971
0 0.00790142 0.906183 0.0154788 0.0284227 0.462144
0 0.981117 0.136461 0.0206066 0.0346284 0.461305
0 0.17573 0.0949994 0.0160167 0.0305131 0.460576
0 0.768365 0.595678 0.0165718 0.0300564 0.460511
0 0.984528 0.459774 0.019339 0.034314 0.455259
0 0.442107 0.468365 0.0250577 0.0419788 0.455071
0 0.775061 0.171923 0.0215525 0.0346608 0.454912
0 0.985007 0.0199538 0.0216431 0.0360085 0.454885
0 0.0582786 0.915846 0.0206365 0.0394524 0.453341
0 0.111523 0.82259 0.0180813 0.0339281 0.452632
0 0.825789 0.162178 0.013203 0.023587 0.450422
0 0.976925 0.368691 0.0145527 0.0239522 0.449865
0 0.823782 0.48046 0.0145101 0.0290097 0.449225
0 0.919104 0.442217 0.0215183 0.034088 0.449191
0 0.994545 0.528578 0.0109106 0.0331438 0.448124
0 0.919113 0.890746 0.0177868 0.0335324 0.448104
0 0.00513869 0.568033 0.0102774 0.0463128 0.447389
0 0.711909 0.661647 0.0165815 0.0345764 0.446956
0 0.06938 0.179123 0.0425498 0.0709994 0.444986
0 0.131648 0.969916 0.0157868 0.0310076 0.444589
0 0.870714 0.510887 0.0148836 0.0271201 0.442183
0 0.823331 0.0160756 0.0157508 0.0315415 0.440171
0 0.895196 0.782642 0.0106689 0.0235213 0.438865
0 0.655718 0.216256 0.0249083 0.0414769 0.432539
0 0.428686 0.241526 0.0210383 0.0406743 0.431806
0 0.654392 0.13151 0.0211729 0.0531056 0.431337
0 0.947678 0.133624 0.0229118 0.0361698 0.429687
0 0.922861 0.791206 0.0123753 0.029447 0.42891
0 0.874602 0.772132 0.0195019 0.037493 0.428717
0 0.964919 0.307851 0.0163598 0.025198 0.428542
0 0.855805 0.295101 0.0135784 0.0224446 0.427254
0 0.759238 0.351284 0.0160988 0.0263758 0.425766
0 0.496388 0.173981 0.0197924 0.0318837 0.424579
0 0.249791 0.391117 0.0152896 0.0321091 0.424126
0 0.350178 0.309171 0.0181485 0.0307687 0.423765
0 0.559588 0.0196038 0.0218678 0.0326748 0.41864
0 0.246779 0.801895 0.020572 0.0332676 0.41858
0 0.701837 0.0504758 0.0193528 0.03616 0.416018
0 0.824894 0.872797 0.0169342 0.0302602 0.413963
0 0.394717 0.747726 0.0183119 0.0327857 0.412985
0 0.662897 0.8073 0.015679 0.0299832 0.412601
0 0.631006 0.849785 0.0173311 0.028521 0.411728
0 0.0244079 0.264814 0.021815 0.0350959 0.411147
0 0.896039 0.533363 0.0188732 0.0301668 0.411115
0 0.0704743 0.77301 0.0156324 0.0276645 0.411031
0 0.80971 0.772932 0.0130661 0.0228295 0.410266
0 0.354731 0.670073 0.0156681 0.0314935 0.407166
0 0.854477 0.143769 0.0183025 0.0368003 0.407034
0 0.845543 0.127377 0.0293591 0.0568456 0.406682
0 0.797435 0.627777 0.0166624 0.0303699 0.406128
0 0.475363 0.185984 0.0206953 0.0370588 0.403859
0 0.330449 0.65194 0.0216218 0.038194 0.401103
0 0.195505 0.703248 0.0183316 0.0350585 0.397643
0 0.973865 0.420094 0.0133475 0.0237443 0.396183
0 0.519561 0.962884 0.018733 0.0334755 0.395556
0 0.667788 0.753545 0.0137947 0.0408942 0.393819
0 0.583269 0.0662558 0.0226369 0.0430458 0.391938
0 0.35881 0.126506 0.0256093 0.0447256 0.390159
0 0.322673 0.919735 0.025111 0.0478441 0.389169
0 0.968697 0.0471449 0.0166143 0.0352869 0.383751
0 0.905262 0.768176 0.0185089 0.0364951 0.377968
0 0.413458 0.0832055 0.0139906 0.0300878 0.377214
0 0.470888 0.774111 0.0130402 0.0268104 0.377069
0 0.759776 0.911434 0.0208274 0.0325823 0.376679
0 0.231248 0.629587 0.0168189 0.0294786 0.375937
0 0.81789 0.964252 0.0178226 0.0311163 0.375332
0 0.928604 0.206004 0.020063 0.0357974 0.374496
0 0.870381 0.851601 0.0170273 0.0273159 0.372771
0 0.15394 0.00936113 0.0251033 0.0186083 0.368678
0 0.0557501 0.807392 0.0173376 0.0316769 0.362585
0 0.626382 0.677306 0.0107185 0.0250708 0.361516
0 0.902696 0.755135 0.0197247 0.0291996 0.361445
0 0.795134 0.852054 0.0215087 0.0352895 0.360939
0 0.421754 0.161078 0.0163145 0.0307932 0.358787
0 0.12326 0.564217 0.0116016 0.0240091 0.358418
0 0.925078 0.740792 0.0191475 0.0339634 0.356986
0 0.803003 0.807718 0.0124781 0.0216888 0.356806
0 0.875892 0.117033 0.0238499 0.0349772 0.356695
0 0.674105 0.42676 0.0242949 0.0407477 0.35557
0 0.63025 0.642233 0.0177845 0.0311642 0.355114
0 0.84244 0.824831 0.0134968 0.0362766 0.354557
0 0.0756644 0.501259 0.0177006 0.0221807 0.354158
0 0.884955 0.190373 0.0163731 0.0219443 0.354005
0 0.469774 0.339822 0.0184214 0.0291194 0.353126
0 0.762006 0.635457 0.0132429 0.0290329 0.353082
0 0.245075 0.89426 0.016941 0.0362246 0.351177
0 0.299555 0.516636 0.0135428 0.0262418 0.350622
0 0.965684 0.935716 0.0183111 0.0330526 0.348541
0 0.88617 0.675098 0.0178837 0.0271023 0.348386
0 0.982726 0.987023 0.0174805 0.0246758 0.348058
0 0.268084 0.194423 0.0167813 0.0293155 0.347734
0 0.859318 0.602726 0.0221619 0.0394895 0.345009
0 0.903815 0.760114 0.0204617 0.039308 0.343361
0 0.132157 0.174899 0.0259859 0.0387339 0.343251
0 0.874386 0.47373 0.0172997 0.031877 0.342501
0 0.890519 0.406862 0.0155029 0.0273369 0.339817
0 0.749154 0.11369 0.0151191 0.0325224 0.337705
0 0.856842 0.915626 0.0182282 0.0359987 0.335512
0 0.417297 0.414701 0.0236532 0.0353419 0.334463
0 0.751356 0.555105 0.0154325 0.0272323 0.333667
0 0.870404 0.708579 0.0191244 0.0360823 0.333588
0 0.938226 0.784038 0.0137653 0.0203276 0.331404
0 0.36934 0.0396599 0.0201049 0.0356045 0.328511
0 0.806605 0.553007 0.018954 0.0350503 0.328069
0 0.942278 0.425941 0.0174614 0.0279385 0.327755
0 0.0163433 0.194439 0.0168369 0.0286543 0.326241
0 0.502266 0.227649 0.0246708 0.0422413 0.323497
0 0.724219 0.524226 0.0132675 0.029832 0.322423
0 0.147256 0.768685 0.0174239 0.0330646 0.321534
0 0.905151 0.822969 0.0249348 0.0420475 0.320482
0 0.225255 0.407502 0.0299275 0.0492125 0.317307
0 0.805751 0.258528 0.0173754 0.0334862 0.316743
0 0.868285 0.274947 0.0145957 0.0277931 0.315035
0 0.119856 0.251613 0.0222027 0.0312816 0.31056
0 0.526767 0.205998 0.0240463 0.0544203 0.310238
0 0.748275 0.742594 0.0112251 0.0212419 0.30864
0 0.386373 0.169125 0.0178618 0.0304635 0.307972
0 0.516675 0.271538 0.0183323 0.0316914 0.307133
0 0.377005 0.845525 0.0209892 0.0392517 0.306512
0 0.897532 0.252654 0.0159103 0.0305179 0.306011
0 0.545961 0.044604 0.0149005 0.0283552 0.305678
0 0.993228 0.217846 0.0135447 0.0289698 0.304949
0 0.148791 0.72928 0.0172196 0.0230896 0.303224
0 0.543116 0.980016 0.0216173 0.0392387 0.30243
0 0.67873 0.842042 0.0165826 0.0241208 0.300708
0 0.00481597 0.937433 0.00957898 0.0295641 0.299331
0 0.830792 0.698938 0.0152182 0.0321086 0.297833
0 0.781794 0.443231 0.0147733 0.0261422 0.297263
0 0.609913 0.727291 0.0189872 0.0351874 0.296847
0 0.370607 0.238212 0.0159116 0.0277843 0.295848
0 0.240397 0.930933 0.0172126 0.0258698 0.295828
0 0.906285 0.0666313 0.0261425 0.040411 0.295274
0 0.953458 0.505732 0.0217937 0.0422133 0.295028
0 0.738139 0.0452082 0.0225665 0.0386876 0.294804
0 0.179186 0.611654 0.0182176 0.0340448 0.294619
0 0.126187 0.471423 0.0221231 0.0386424 0.290715
0 0.9575 0.814641 0.0205751 0.0369893 0.290581
0 0.677766 0.474488 0.015413 0.0289249 0.289505
0 0.958344 0.231435 0.0137602 0.0243626 0.289502
0 0.814812 0.676558 0.0180901 0.0284175 0.289242
0 0.293922 0.719818 0.0201038 0.0443573 0.287568
0 0.762853 0.698065 0.0113469 0.0269868 0.286422
0 0.729552 0.663827 0.0204586 0.0431409 0.28641
0 0.665201 0.511298 0.0230485 0.0371516 0.285263
0 0.815355 0.642725 0.0164549 0.0290194 0.284717
0 0.249974 0.603233 0.022192 0.0342342 0.284177
0 0.884584 0.191707 0.018818 0.0280864 0.283785
0 0.578009 0.22655 0.0297191 0.0525305 0.282937
0 0.995194 0.741594 0.00961266 0.0246267 0.281537
0 0.852589 0.140851 0.0207745 0.0442234 0.280467
0 0.655942 0.114844 0.0192952 0.0269695 0.28042
0 0.198461 0.702134 0.0234132 0.0391786 0.280314
0 0.44167 0.073755 0.0207888 0.0410774 0.27917
0 0.548214 0.228879 0.022067 0.0507517 0.278525
0 0.722275 0.74054 0.0135962 0.0245205 0.278483
0 0.855862 0.32173 0.0167954 0.0312995 0.277973
0 0.403929 0.900591 0.0186508 0.0350684 0.277816
0 0.296257 0.578403 0.0181919 0.0334988 0.276644
0 0.326517 0.200451 0.0247417 0.0460629 0.276292
0 0.507289 0.522207 0.0249737 0.0456266 0.276128
0 0.268591 0.681142 0.018066 0.0225407 0.275994
0 0.00723734 0.379505 0.0143824 0.0405351 0.272893
0 0.568991 0.64459 0.0227327 0.0354931 0.272263
0 0.0431905 0.124388 0.0213845 0.0352809 0.272044
0 0.710837 0.784566 0.016654 0.0355761 0.271576
0 0.956804 0.777475 0.0202558 0.0257797 0.271144
0 0.76041 0.973999 0.0117142 0.020871 0.270975
0 0.415994 0.778143 0.0228701 0.0402849 0.269663
0 0.572195 0.268677 0.0126427 0.0228274 0.265082
0 0.706671 0.904988 0.0231325 0.037424 0.26231
0 0.728837 0.4025 0.016074 0.0222419 0.2616
0 0.26354 0.831236 0.0160347 0.0273119 0.260639
0 0.798168 0.620589 0.0185804 0.0334317 0.260063
0 0.681343 0.148136 0.0225726 0.0380365 0.255748
0 0.0173515 0.832128 0.0270349 0.0562592 0.254733
0 0.0402467 0.720094 0.0192126 0.0297658 0.253885
0 0.995881 0.935283 0.00823803 0.0468183 0.253776
0 0.304087 0.736087 0.0194158 0.0339596 0.252647
0 0.882241 0.237287 0.0164474 0.0408468 0.252407
0 0.897901 0.868631 0.019289 0.031464 0.252042
0 0.173183 0.710457 0.0176243 0.0280124 0.251627
0 0.463086 0.308943 0.0225158 0.0359287 0.251616
0 0.33763 0.806957 0.0165161 0.033177 0.251212
0 0.254245 0.74912 0.0232101 0.0317128 0.250265
0 0.201774 0.945808 0.0268014 0.0383491 0.249042
0 0.348581 0.859671 0.0187868 0.0341732 0.248939
0 0.975377 0.804627 0.0157806 0.0385878 0.247642
0 0.226113 0.755972 0.0140019 0.0198473 0.245001
0 0.914493 0.193172 0.0115189 0.0241745 0.244853
0 0.358875 0.260982 0.0224265 0.0340313 0.243963
0 0.945107 0.576093 0.0102383 0.0317863 0.243115
0 0.396442 0.22582 0.0269245 0.0422376 0.242845
0 0.767026 0.951213 0.0170168 0.0230747 0.240527
0 0.915305 0.641656 0.0162411 0.0274561 0.240449
0 0.815807 0.603229 0.0145609 0.0272898 0.240361
0 0.939816 0.449412 0.0152723 0.0215117 0.239748
0 0.317491 0.775047 0.0251214 0.0346786 0.239076
0 0.460461 0.393607 0.0268429 0.042023 0.238484
0 0.809534 0.148168 0.0184868 0.0295207 0.237141
0 0.618857 0.874001 0.0180832 0.0303824 0.236839
0 0.871793 0.854823 0.0193966 0.0314518 0.236659
0 0.301894 0.991145 0.0162727 0.0162064 0.236391
0 0.864772 0.435636 0.015012 0.0231649 0.233844
0 0.0272793 0.949144 0.020266 0.036256 0.233035
0 0.428029 0.284883 0.0162041 0.0295415 0.230243
0 0.86544 0.88174 0.0143111 0.0213069 0.229933
0 0.299571 0.575671 0.0230183 0.0315273 0.229697
0 0.736989 0.577451 0.0166779 0.0261695 0.228949
0 0.142768 0.698401 0.0140664 0.0331963 0.22757
0 0.658244 0.0714369 0.0202696 0.0329306 0.226825
0 0.800048 0.853327 0.0206024 0.034157 0.224429
0 0.810929 0.723916 0.023547 0.0363814 0.224108
0 0.237122 0.976437 0.0192156 0.0377397 0.223933
0 0.779531 0.623427 0.0158596 0.0309009 0.223333
0 0.755081 0.45486 0.0165195 0.0221542 0.223287
0 0.608837 0.596563 0.0154017 0.0227413 0.222894
0 0.812061 0.217372 0.0141607 0.0270457 0.222154
0 0.268774 0.632565 0.0161216 0.0314476 0.221714
0 0.993207 0.246867 0.0135868 0.0261466 0.220849
0 0.733769 0.106033 0.0119852 0.0267898 0.216859
0 0.470295 0.59278 0.0228123 0.0340815 0.215678
0 0.950451 0.175565 0.0186935 0.0441663 0.215435
0 0.872383 0.714836 0.017815 0.0274641 0.214937
0 0.6138 0.0759911 0.0138083 0.0253209 0.212042
0 0.191427 0.6504 0.0161281 0.0325254 0.211685
0 0.304068 0.471589 0.0190018 0.0355482 0.211199
0 0.780704 0.0958838 0.0203432 0.0349839 0.210168
0 0.24706 0.599094 0.0205057 0.0319004 0.210166
0 0.799201 0.173878 0.0183542 0.0292959 0.210025
0 0.16788 0.581485 0.0162165 0.0220801 0.209768
0 0.886353 0.921292 0.0211111 0.0341878 0.207481
0 0.00479047 0.379991 0.00958094 0.0426915 0.207289
0 0.77455 0.561181 0.0178965 0.0309992 0.206099
0 0.0999757 0.574741 0.0233463 0.0424603 0.205376
0 0.00515709 0.316787 0.00976121 0.024999 0.204494
0 0.0708661 0.63101 0.0180352 0.0307249 0.204175
0 0.484671 0.847424 0.0247591 0.0394331 0.203632
0 0.915041 0.25783 0.0168991 0.0290836 0.201445
0 0.360456 0.876976 0.0112516 0.0268882 0.20127
0 0.803033 0.179142 0.0176141 0.0231289 0.200612
0 0.967751 0.105215 0.0157238 0.0272249 0.197988
0 0.899193 0.85943 0.0187708 0.0321572 0.197726
0 0.933184 0.698466 0.00935135 0.0230557 0.196373
0 0.325249 0.18309 0.0221004 0.0363077 0.196084
0 0.87216 0.471866 0.0161869 0.0338706 0.195755
0 0.812449 0.734169 0.0192085 0.0301152 0.195255
0 0.324374 0.458107 0.016233 0.0308197 0.194892
0 0.210978 0.463131 0.0101082 0.0282987 0.194707
0 0.296906 0.724916 0.0207068 0.0416368 0.193966
0 0.488508 0.523677 0.0179604 0.0390657 0.193323
0 0.822468 0.436496 0.0184227 0.0362454 0.193308
0 0.705745 0.399682 0.0187406 0.0360055 0.193097
0 0.902418 0.0981762 0.0140511 0.0217911 0.191308
0 0.0326671 0.918804 0.0177975 0.0273061 0.191077
0 0.253039 0.60813 0.0198401 0.0321261 0.190858
0 0.528835 0.140144 0.0168529 0.025258 0.190817
0 0.300605 0.730781 0.0208917 0.0368286 0.190705
0 0.785799 0.960694 0.0139881 0.0266805 0.189755
0 0.973348 0.190248 0.0164207 0.0224532 0.188997
0 0.765635 0.0556891 0.0222032 0.0320695 0.18896
0 0.926582 0.403487 0.0144564 0.0244203 0.188114
0 0.175355 0.611631 0.0233501 0.0353726 0.187705
0 0.753293 0.251347 0.0198954 0.0352435 0.187672
0 0.601184 0.197428 0.0247057 0.0426693 0.18732
0 0.339036 0.40731 0.0191806 0.0312913 0.186823
0 0.670196 0.431337 0.0181891 0.0327373 0.186151
0 0.731226 0.269008 0.021521 0.0373374 0.184993
0 0.493785 0.956033 0.0197845 0.034331 0.184134
0 0.266957 0.93136 0.0191766 0.0341404 0.183967
0 0.474191 0.774735 0.0134031 0.0272614 0.183353
0 0.603007 0.772813 0.0140663 0.0217295 0.183165
0 0.146648 0.448154 0.0232872 0.0377399 0.182945
0 0.0195968 0.841347 0.0234857 0.0377262 0.182893
0 0.506205 0.389906 0.0102003 0.0310444 0.182674
0 0.572281 0.126875 0.0172516 0.0334384 0.182522
0 0.260589 0.229951 0.0197554 0.0338431 0.182308
0 0.545936 0.819716 0.0176593 0.0306529 0.182165
0 0.783485 0.989666 0.013927 0.0180352 0.181209
0 0.361303 0.131751 0.0259352 0.0424261 0.178756
0 0.966424 0.00608442 0.0204899 0.0121688 0.178019
0 0.882433 0.239238 0.0119522 0.0364983 0.177979
0 0.429928 0.817943 0.0226377 0.033907 0.176762
0 0.896378 0.874402 0.0181011 0.0253413 0.175703
0 0.189089 0.74405 0.0146453 0.0274875 0.174818
0 0.79377 0.338483 0.0152655 0.0259672 0.174734
0 0.797726 0.970636 0.0150108 0.0215927 0.174703
0 0.739084 0.0456232 0.0194219 0.0290225 0.174191
0 0.949609 0.298273 0.018277 0.0273542 0.173807
0 0.59535 0.490984 0.0261501 0.0436098 0.17326
0 0.70512 0.130899 0.0150383 0.026023 0.172127
0 0.604219 0.825849 0.024696 0.0503126 0.172064
0 0.081749 0.878726 0.0148974 0.0332313 0.171794
0 0.554704 0.177198 0.025584 0.0438598 0.171179
0 0.740487 0.527757 0.0148925 0.0244094 0.171125
0 0.582836 0.84186 0.0168716 0.0303552 0.170944
0 0.533688 0.698314 0.0165197 0.0255139 0.168611
0 0.857275 0.29461 0.0139868 0.0178525 0.168203
0 0.791415 0.569837 0.0149738 0.0257985 0.167799
0 0.142827 0.624068 0.0180068 0.021804 0.167686
0 0.352221 0.705512 0.0143755 0.0219954 0.166492
0 0.528331 0.423809 0.0212356 0.0376528 0.166283
0 0.717676 0.0884728 0.0208793 0.036596 0.166168
0 0.0987806 0.142795 0.0286123 0.0488523 0.16583
0 0.778041 0.374667 0.0162858 0.0272237 0.165424
0 0.203914 0.113303 0.0170173 0.0318111 0.164205
0 0.901421 0.365069 0.0147354 0.033827 0.164082
0 0.23848 0.847227 0.0158977 0.0366115 0.163755
0 0.491452 0.749933 0.0230202 0.0339745 0.163515
0 0.0278205 0.692874 0.0201603 0.0346942 0.163325
0 0.683257 0.144123 0.0210183 0.0350831 0.163131
0 0.0369491 0.333355 0.017649 0.0283365 0.162968
0 0.245308 0.80583 0.0194024 0.0317101 0.162594
0 0.859627 0.621651 0.0205728 0.0325866 0.159864
0 0.774771 0.564234 0.0143736 0.0279051 0.15915
0 0.995729 0.629679 0.00854168 0.0246989 0.158999
0 0.328316 0.149034 0.0241361 0.0322704 0.158895
0 0.230324 0.333598 0.0194899 0.0364345 0.15861
0 0.09037 0.64172 0.0178381 0.0368917 0.157871
0 0.200655 0.1159 0.0209554 0.0342333 0.157795
0 0.541217 0.641098 0.0234834 0.0384349 0.157604
0 0.754575 0.669199 0.0161734 0.0311133 0.157201
0 0.195825 0.117158 0.0222239 0.032963 0.157101
0 0.798604 0.00780119 0.0272088 0.0156024 0.156208
0 0.896079 0.96328 0.0145416 0.0295125 0.155852
0 0.0607617 0.665476 0.0154647 0.0289449 0.15578
0 0.320532 0.865758 0.0184992 0.0264457 0.15537
0 0.618877 0.99107 0.0201628 0.017374 0.155303
0 0.768183 0.740818 0.0188185 0.0374688 0.153416
0 0.213823 0.0745473 0.0192783 0.0327642 0.152256
0 0.858574 0.382021 0.0243519 0.0292616 0.151453
0 0.26806 0.431991 0.0216648 0.0317488 0.150809
0 0.246233 0.538137 0.0161401 0.026096 0.1507
0 0.88809 0.636391 0.0213173 0.0293318 0.150455
0 0.308121 0.829164 0.0120027 0.0307281 0.150235
0 0.529565 0.381568 0.0166471 0.020804 0.150088
