0 0.849934 0.452616 0.0332298 0.0518304 0.728509
0 0.366815 0.435997 0.0284531 0.0580771 0.712016
0 0.412483 0.674035 0.0191648 0.0352649 0.697223
0 0.0493694 0.368218 0.019876 0.0390089 0.689569
0 0.710678 0.185408 0.0230441 0.0396549 0.687787
0 0.717586 0.850891 0.0184214 0.0387917 0.686358
0 0.777602 0.416533 0.0222249 0.0401436 0.679713
0 0.669733 0.112895 0.0234383 0.0428981 0.678265
0 0.813099 0.689533 0.0272323 0.0510661 0.677901
0 0.698375 0.812254 0.0199278 0.0400347 0.676652
0 0.737285 0.213165 0.0193169 0.0319956 0.6743
0 0.653103 0.311651 0.021766 0.0432915 0.673921
0 0.154228 0.236739 0.0224236 0.0504275 0.673737
0 0.192854 0.831247 0.0192479 0.0314402 0.673324
0 0.946558 0.775456 0.0210091 0.0449483 0.672465
0 0.336074 0.353983 0.0180808 0.034263 0.671275
0 0.664494 0.659078 0.0194206 0.0416893 0.670254
0 0.0863782 0.655202 0.0188197 0.0318753 0.669018
0 0.273254 0.460399 0.0191983 0.036117 0.668642
0 0.314547 0.170675 0.025397 0.0381287 0.66818
0 0.357991 0.378015 0.022075 0.0404244 0.668144
0 0.513094 0.486964 0.0276768 0.0425304 0.666361
0 0.338079 0.514989 0.0173101 0.0338033 0.665836
0 0.888807 0.605296 0.0212849 0.0401749 0.662951
0 0.827804 0.241509 0.0229448 0.0445439 0.662517
0 0.0942128 0.774226 0.0203222 0.0342926 0.662456
0 0.524605 0.258685 0.0226288 0.0434297 0.661345
0 0.112273 0.0381186 0.0247982 0.0431011 0.659897
0 0.531484 0.660822 0.0174393 0.0371148 0.659196
0 0.835731 0.39252 0.0294079 0.0505812 0.659026
0 0.708667 0.0825832 0.0220785 0.042635 0.657858
0 0.369555 0.151524 0.0199279 0.0371807 0.656734
0 0.122059 0.273502 0.0220072 0.0401871 0.655984
0 0.0476169 0.141771 0.019086 0.0325446 0.655596
0 0.523312 0.918416 0.0212079 0.0371436 0.655454
0 0.50429 0.541982 0.0200629 0.0296843 0.655325
0 0.458015 0.937366 0.0178337 0.0347409 0.653487
0 0.163178 0.660879 0.0201917 0.0308031 0.649653
0 0.493633 0.844584 0.0170644 0.0268156 0.649367
0 0.430367 0.965096 0.0171103 0.0333766 0.648865
0 0.402453 0.597923 0.0163198 0.0288549 0.647916
0 0.222049 0.672055 0.0277401 0.0450743 0.646956
0 0.698668 0.130681 0.0231756 0.0401829 0.646651
0 0.990848 0.222908 0.0183033 0.046412 0.64466
0 0.952716 0.40002 0.0225836 0.0389564 0.643522
0 0.989567 0.879468 0.0208666 0.0347687 0.642699
0 0.0200656 0.10886 0.0246475 0.0430499 0.64102
0 0.0318983 0.0246885 0.0337043 0.0482159 0.640035
0 0.45509 0.576648 0.0163211 0.0306405 0.639634
0 0.370677 0.819409 0.0151005 0.0305769 0.63877
0 0.269148 0.747399 0.0166862 0.0331431 0.637976
0 0.763277 0.844423 0.0154964 0.0311473 0.637536
0 0.0401568 0.665308 0.0178028 0.0369571 0.636848
0 0.340224 0.147322 0.0249665 0.04824 0.635543
0 0.581707 0.208766 0.0149603 0.0292745 0.634149
0 0.0159184 0.978273 0.0195293 0.0366334 0.634059
0 0.837413 0.597993 0.0175983 0.0324968 0.633654
0 0.558174 0.130519 0.0278683 0.052393 0.633471
0 0.270393 0.178261 0.0204093 0.0346474 0.632545
0 0.512162 0.838396 0.0150457 0.0299204 0.631717
0 0.786375 0.873834 0.0202827 0.0359409 0.631225
0 0.213554 0.242363 0.0206432 0.037896 0.631171
0 0.560178 0.562386 0.0219009 0.0374995 0.630447
0 0.566638 0.223154 0.0169498 0.0319942 0.630386
0 0.355505 0.491856 0.0178333 0.0309 0.630317
0 0.478213 0.522956 0.0168063 0.0373027 0.629943
0 0.317022 0.464115 0.0164507 0.0289697 0.629465
0 0.207118 0.465015 0.0153388 0.0312661 0.628837
0 0.344347 0.619152 0.0164769 0.03094 0.627911
0 0.125356 0.613477 0.0160981 0.0322174 0.62735
0 0.163876 0.812849 0.015592 0.0286848 0.627181
0 0.442597 0.651287 0.0187476 0.0323006 0.626453
0 0.310616 0.373719 0.0209587 0.0372952 0.625867
0 0.294327 0.448622 0.0176563 0.0296713 0.625696
0 0.645188 0.629845 0.0205185 0.0326833 0.624814
0 0.296957 0.891822 0.0160934 0.0283179 0.624402
0 0.0735641 0.272732 0.0179547 0.0332972 0.621726
0 0.977817 0.0234526 0.0237579 0.042054 0.621378
0 0.015446 0.573599 0.0225855 0.0395215 0.62102
0 0.255138 0.431724 0.0170528 0.0310926 0.620566
0 0.629242 0.300043 0.0185546 0.0320207 0.620556
0 0.522273 0.970664 0.0148958 0.0300357 0.619642
0 0.43491 0.290088 0.017629 0.0414592 0.619539
0 0.341338 0.749008 0.0168563 0.0283924 0.619088
0 0.588563 0.633195 0.0184985 0.0310746 0.617805
0 0.212844 0.890624 0.0139139 0.0290939 0.617043
0 0.351223 0.790726 0.0160054 0.028796 0.616991
0 0.223933 0.739837 0.0220108 0.0418572 0.616619
0 0.599216 0.564218 0.0173379 0.0298647 0.6164
0 0.021378 0.47632 0.0207198 0.0343304 0.615948
0 0.425191 0.451867 0.0176746 0.0296345 0.61547
0 0.724729 0.147484 0.0173779 0.0297878 0.615389
0 0.577861 0.971741 0.0166196 0.034205 0.615288
0 0.158306 0.5906 0.024051 0.0332009 0.614568
0 0.00533882 0.148223 0.0106515 0.0328935 0.61393
0 0.754421 0.963334 0.0203678 0.0321543 0.613281
0 0.371954 0.0144365 0.017337 0.028227 0.611064
0 0.686779 0.742009 0.0200715 0.0377711 0.611014
0 0.773537 0.0395083 0.0181952 0.0336024 0.610937
0 0.182158 0.127169 0.0200491 0.037357 0.609551
0 0.754057 0.728114 0.0232016 0.0374298 0.609276
0 0.169153 0.620063 0.0125808 0.0252458 0.609149
0 0.0518852 0.802848 0.0194575 0.0324453 0.608176
0 0.289439 0.604114 0.0162984 0.0389959 0.60666
0 0.584792 0.40154 0.0169325 0.0307281 0.606009
0 0.599937 0.199633 0.0178373 0.0326347 0.606007
0 0.246389 0.501668 0.0165238 0.0327328 0.60495
0 0.192796 0.529924 0.0162573 0.0273561 0.604243
0 0.45723 0.510225 0.0175648 0.0311615 0.604117
0 0.695484 0.870263 0.019768 0.0381422 0.604046
0 0.781507 0.812934 0.0300367 0.0527093 0.603797
0 0.0884436 0.193266 0.0213653 0.0369882 0.603641
0 0.198774 0.345897 0.0164676 0.027791 0.603595
0 0.676214 0.550585 0.0159597 0.0279029 0.603207
0 0.4148 0.273724 0.0189919 0.0363034 0.602705
0 0.545746 0.457118 0.0212111 0.0360724 0.602463
0 0.0910901 0.718423 0.0178086 0.0346961 0.602145
0 0.0493962 0.410625 0.0185347 0.0320425 0.601751
0 0.903197 0.644894 0.0205741 0.0417819 0.601225
0 0.355364 0.200623 0.0179454 0.0406566 0.601196
0 0.585951 0.163377 0.0199609 0.0349079 0.601118
0 0.53952 0.541771 0.0164007 0.0303138 0.60087
0 0.244267 0.90174 0.0172779 0.0325402 0.600779
0 0.0208225 0.0675708 0.0154752 0.0265692 0.600619
0 0.522982 0.794306 0.0133018 0.0260332 0.600184
0 0.237592 0.0670347 0.0202406 0.0404237 0.599719
0 0.278216 0.703958 0.0234617 0.0419763 0.599219
0 0.511576 0.0526411 0.0154003 0.0279803 0.598125
0 0.249341 0.589399 0.0177127 0.030235 0.59805
0 0.963258 0.0591317 0.0157574 0.0333378 0.597709
0 0.196434 0.437242 0.0139874 0.0244013 0.596853
0 0.622901 0.756416 0.0202288 0.0339098 0.596541
0 0.361883 0.570417 0.0150229 0.0315779 0.59652
0 0.73082 0.758679 0.0201673 0.0406301 0.596461
0 0.194677 0.65033 0.0154172 0.0302034 0.596416
0 0.670261 0.0227394 0.0147149 0.0255786 0.596206
0 0.0379581 0.310218 0.0188559 0.0316782 0.595796
0 0.0689955 0.848485 0.0153812 0.0288789 0.595761
0 0.0134484 0.791769 0.0170284 0.0326589 0.595708
0 0.115642 0.943137 0.016348 0.0297289 0.595569
0 0.0856527 0.136902 0.0182584 0.0360783 0.594999
0 0.911375 0.223213 0.0183323 0.035346 0.594478
0 0.941809 0.589297 0.0316032 0.0682879 0.593427
0 0.0247659 0.286119 0.0159651 0.0298977 0.593053
0 0.243749 0.124409 0.0155927 0.0314123 0.592893
0 0.060504 0.296527 0.0159614 0.0300656 0.592778
0 0.36904 0.255595 0.0243461 0.0420896 0.592332
0 0.142738 0.181704 0.0226879 0.0397076 0.592162
0 0.0498333 0.0729954 0.0195597 0.0370426 0.592088
0 0.564859 0.41582 0.0158991 0.0268009 0.591963
0 0.547656 0.914579 0.0142927 0.0269524 0.591938
0 0.505533 0.650085 0.0158176 0.029165 0.591931
0 0.291432 0.665239 0.0201549 0.0347929 0.59114
0 0.0620451 0.10779 0.0192747 0.0358392 0.590428
0 0.775814 0.756076 0.0189332 0.0419786 0.58953
0 0.0318219 0.404001 0.0157844 0.0278577 0.588501
0 0.61643 0.686027 0.016954 0.0320527 0.588481
0 0.796833 0.425395 0.0145885 0.0325838 0.588002
0 0.112035 0.808591 0.0152728 0.0243748 0.587579
0 0.478034 0.960393 0.0155328 0.028732 0.586681
0 0.179501 0.269822 0.0223749 0.036244 0.586523
0 0.193911 0.926786 0.0144356 0.0269243 0.583561
0 0.183702 0.481907 0.0180199 0.0367244 0.583003
0 0.738064 0.0270029 0.01845 0.0308548 0.582501
0 0.10744 0.598742 0.0152176 0.0271763 0.582437
0 0.0733728 0.342547 0.0207833 0.0302592 0.580103
0 0.561285 0.939708 0.0227572 0.034316 0.580067
0 0.00582889 0.25261 0.0116305 0.0356359 0.579672
0 0.319815 0.126514 0.0147866 0.0287579 0.579301
0 0.0669526 0.236437 0.0187358 0.0358082 0.578422
0 0.703184 0.564802 0.0167618 0.0351186 0.577751
0 0.831879 0.645721 0.0217834 0.0375992 0.577357
0 0.624196 0.368729 0.0197882 0.0359931 0.577357
0 0.41441 0.0887241 0.0170255 0.0315558 0.576329
0 0.524787 0.428712 0.018219 0.028438 0.576284
0 0.742903 0.910722 0.0179849 0.0345968 0.576177
0 0.857651 0.623601 0.0218693 0.0452337 0.574659
0 0.288739 0.142625 0.0211787 0.030283 0.574235
0 0.800978 0.138117 0.0204185 0.0374339 0.574199
0 0.407022 0.564921 0.0177019 0.0273263 0.574136
0 0.397307 0.0738576 0.0175241 0.032574 0.573871
0 0.644363 0.792288 0.0194183 0.0514652 0.571736
0 0.412137 0.715 0.0186976 0.0317308 0.571711
0 0.946611 0.71154 0.028455 0.0471685 0.571277
0 0.171291 0.96377 0.0161105 0.029166 0.571106
0 0.17406 0.883278 0.016062 0.0274211 0.571066
0 0.471845 0.623646 0.0146254 0.0303073 0.56903
0 0.565509 0.602945 0.015906 0.0277816 0.567985
0 0.115084 0.863831 0.0158339 0.0264245 0.567968
0 0.513413 0.715786 0.0180779 0.0302868 0.565216
0 0.14201 0.54011 0.0228945 0.0403743 0.565143
0 0.226823 0.33669 0.0164369 0.0295469 0.565025
0 0.433664 0.551884 0.016423 0.0268997 0.564528
0 0.633734 0.0665874 0.0200306 0.0389674 0.562751
0 0.234682 0.548501 0.0174698 0.0297279 0.562351
0 0.357767 0.920949 0.0160077 0.0284559 0.561506
0 0.892352 0.81118 0.0196613 0.0346578 0.561402
0 0.155475 0.110805 0.0223445 0.0389505 0.56136
0 0.894952 0.0570119 0.0138237 0.0278019 0.561326
0 0.56313 0.0732781 0.0154976 0.0323585 0.561312
0 0.413707 0.955751 0.0136335 0.0285103 0.560815
0 0.638173 0.101682 0.017123 0.0358489 0.560033
0 0.935356 0.956264 0.0198822 0.0378417 0.558811
0 0.262792 0.961493 0.0160736 0.028494 0.556973
0 0.237772 0.76777 0.0159316 0.0258192 0.556659
0 0.0218256 0.432053 0.0176808 0.0327812 0.555822
0 0.22873 0.872243 0.0136743 0.0249698 0.555435
0 0.277416 0.0723399 0.0208335 0.0365774 0.55325
0 0.249272 0.852576 0.0228256 0.0300618 0.552622
0 0.114013 0.123594 0.0199606 0.0463814 0.551998
0 0.978066 0.127349 0.018401 0.0340139 0.551331
0 0.100484 0.428391 0.0170743 0.033596 0.550774
0 0.572528 0.662167 0.012278 0.023901 0.550616
0 0.548636 0.273594 0.0163826 0.0276942 0.550152
0 0.647447 0.58051 0.0187382 0.0249183 0.54962
0 0.201081 0.704748 0.0173311 0.0299278 0.549265
0 0.192477 0.755782 0.0259309 0.0385595 0.549184
0 0.466001 0.0841485 0.0159412 0.0250358 0.548928
0 0.537548 0.591665 0.0157836 0.0306571 0.548571
0 0.933619 0.128818 0.0197166 0.0307001 0.546152
0 0.169572 0.925525 0.0157694 0.0273987 0.545688
0 0.144953 0.851532 0.0152951 0.0295468 0.545204
0 0.582089 0.0301049 0.0210085 0.0332152 0.54488
0 0.596876 0.662394 0.0156715 0.0277991 0.543652
0 0.0723497 0.166576 0.0182159 0.0321384 0.543592
0 0.414934 0.147359 0.0177494 0.0342571 0.543208
0 0.217119 0.428557 0.0153433 0.0261893 0.542765
0 0.864829 0.971614 0.0156467 0.0296635 0.542685
0 0.455187 0.144227 0.0176762 0.0338464 0.54263
0 0.1099 0.376601 0.0143803 0.0282696 0.542064
0 0.643943 0.465969 0.0185951 0.0324332 0.54196
0 0.309457 0.96475 0.0139101 0.0230027 0.541642
0 0.156812 0.767459 0.0130391 0.0235262 0.541479
0 0.178332 0.346479 0.0141323 0.0263024 0.541278
0 0.803139 0.830899 0.0145606 0.0300951 0.541011
0 0.418973 0.329652 0.0210489 0.0367627 0.54058
0 0.772453 0.914866 0.0172705 0.0327057 0.54055
0 0.8801 0.0895555 0.0218483 0.0416351 0.539976
0 0.531248 0.736399 0.0187263 0.029955 0.539525
0 0.737171 0.624499 0.0195412 0.029946 0.538826
0 0.307746 0.254923 0.0121 0.0271458 0.538179
0 0.130669 0.915927 0.0163739 0.031208 0.535158
0 0.434702 0.581531 0.0143188 0.0255473 0.534537
0 0.2682 0.926838 0.0138256 0.0306563 0.534081
0 0.291124 0.235616 0.0138596 0.0247622 0.533832
0 0.345207 0.560934 0.0147513 0.0271062 0.533832
0 0.217579 0.785187 0.0188435 0.0340348 0.533666
0 0.509931 0.878846 0.013109 0.0237276 0.53293
0 0.316524 0.787507 0.0162292 0.0304454 0.532359
0 0.51325 0.153866 0.018383 0.0360227 0.531976
0 0.741508 0.856254 0.0187859 0.0451531 0.530559
0 0.413411 0.743732 0.0166693 0.0257065 0.530037
0 0.344635 0.271685 0.0178288 0.0365434 0.529906
0 0.544352 0.977508 0.0166647 0.0293268 0.52946
0 0.038283 0.843981 0.0149325 0.0312497 0.528424
0 0.150865 0.442721 0.0110927 0.0263635 0.528403
0 0.706027 0.71978 0.0192329 0.0372389 0.528346
0 0.662418 0.700293 0.0208703 0.0319498 0.528287
0 0.043972 0.706022 0.0175263 0.0241609 0.527306
0 0.279727 0.867545 0.0231751 0.0403241 0.526324
0 0.0546507 0.50927 0.0200351 0.0290894 0.526169
0 0.497724 0.208597 0.0148252 0.0310954 0.525813
0 0.917394 0.768895 0.0245983 0.0458598 0.524221
0 0.823574 0.571224 0.0217255 0.0383348 0.524096
0 0.565267 0.812537 0.0145862 0.0260529 0.523921
0 0.568597 0.485104 0.0132551 0.0263594 0.523805
0 0.879345 0.0132377 0.0254169 0.0259049 0.523405
0 0.166713 0.165512 0.0212638 0.0379347 0.523345
0 0.914056 0.0646712 0.0167068 0.0338455 0.523122
0 0.552399 0.691692 0.0165697 0.0268746 0.522672
0 0.146246 0.638239 0.0188405 0.0277523 0.521575
0 0.538291 0.306317 0.0135734 0.0253105 0.520885
0 0.00471561 0.183373 0.00938598 0.0275857 0.520194
0 0.837938 0.847254 0.0227695 0.0443207 0.519563
0 0.621999 0.18675 0.0186424 0.0369754 0.518629
0 0.546158 0.501993 0.0241232 0.0312971 0.517584
0 0.551169 0.337848 0.0125036 0.0237373 0.517535
0 0.179673 0.79948 0.0126936 0.0276411 0.516508
0 0.3325 0.40455 0.0307547 0.0409779 0.516134
0 0.462046 0.758499 0.0190397 0.0337056 0.514533
0 0.0860116 0.882939 0.0205804 0.0344372 0.514447
0 0.258518 0.680203 0.0175666 0.0368559 0.514411
0 0.965175 0.104903 0.0156216 0.0299913 0.514185
0 0.844979 0.0120496 0.0156841 0.0218796 0.51356
0 0.00432045 0.0511965 0.00861589 0.0351979 0.513462
0 0.396529 0.0326292 0.0177761 0.0331289 0.513254
0 0.0459241 0.971419 0.0189486 0.0370864 0.511329
0 0.546462 0.380218 0.013486 0.0226284 0.511072
0 0.429138 0.207681 0.0269384 0.0439913 0.510117
0 0.67607 0.918399 0.0163198 0.0300422 0.510053
0 0.851915 0.560075 0.0211801 0.0355236 0.509984
0 0.499474 0.0161777 0.0171384 0.0305199 0.508577
0 0.266665 0.804722 0.0284763 0.0484178 0.506386
0 0.732905 0.0646241 0.0134637 0.0307628 0.506272
0 0.253361 0.20535 0.0125999 0.0206796 0.505878
0 0.421183 0.81492 0.0107716 0.0267693 0.504875
0 0.498648 0.979962 0.0141184 0.0309909 0.503034
0 0.135261 0.9438 0.0127065 0.0216337 0.502149
0 0.110414 0.7223 0.0152888 0.0296766 0.501192
0 0.0789101 0.397974 0.0174686 0.0297563 0.50074
0 0.328091 0.278817 0.0182413 0.034898 0.500316
0 0.785056 0.817047 0.0233721 0.0486545 0.499981
0 0.947954 0.850323 0.017431 0.0327426 0.499926
0 0.593747 0.528063 0.0176767 0.0323807 0.499387
0 0.977161 0.984484 0.0196818 0.0303168 0.498927
0 0.39004 0.542412 0.0135647 0.0245159 0.498786
0 0.120059 0.67985 0.0122623 0.0233045 0.498608
0 0.0775925 0.0842273 0.013632 0.0327899 0.498499
0 0.0670205 0.688594 0.0186523 0.0316569 0.496407
0 0.00513817 0.399424 0.0102163 0.0311915 0.496274
0 0.0823761 0.310172 0.015552 0.0262635 0.496194
0 0.465389 0.360308 0.0131937 0.0267044 0.494583
0 0.26208 0.56139 0.0151813 0.0258509 0.493521
0 0.805141 0.785642 0.0151815 0.0249773 0.492445
0 0.42071 0.050845 0.0151574 0.0306758 0.492386
0 0.426296 0.640175 0.0143086 0.0323467 0.491606
0 0.808075 0.27855 0.019677 0.0284663 0.491562
0 0.170432 0.455643 0.0220786 0.0398806 0.491472
0 0.304173 0.930918 0.013553 0.0244397 0.490382
0 0.837637 0.161506 0.0204196 0.0375851 0.489746
0 0.375355 0.68477 0.016674 0.0278818 0.489467
0 0.680145 0.406442 0.0228947 0.0441176 0.488803
0 0.113523 0.526046 0.015197 0.0300786 0.488795
0 0.0365075 0.917355 0.0203116 0.0340524 0.488154
0 0.899053 0.140911 0.0201244 0.0354865 0.488106
0 0.565343 0.846285 0.0134144 0.022543 0.48782
0 0.609947 0.114306 0.0181046 0.0299703 0.487309
0 0.0909014 0.836366 0.0152169 0.024095 0.486841
0 0.388966 0.119499 0.021673 0.0338769 0.486732
0 0.754048 0.792401 0.0209796 0.0365004 0.486396
0 0.490059 0.400382 0.0153025 0.0258703 0.485192
0 0.37729 0.599984 0.0214996 0.0331128 0.484561
0 0.28444 0.296791 0.0169976 0.034996 0.483144
0 0.561372 0.134474 0.0226501 0.0453725 0.482986
0 0.0701408 0.952221 0.0143399 0.0257117 0.482726
0 0.246397 0.170576 0.014482 0.0321846 0.479975
0 0.178893 0.591451 0.0120944 0.0235938 0.478585
0 0.552524 0.63066 0.0158154 0.0245132 0.477705
0 0.581171 0.0995855 0.0183632 0.0332083 0.477596
0 0.656716 0.933324 0.0234006 0.0380412 0.477271
0 0.00936755 0.877085 0.0181254 0.0258969 0.477063
0 0.230718 0.206412 0.0168871 0.0344318 0.475519
0 0.222812 0.169635 0.0157456 0.0339736 0.475515
0 0.502042 0.790719 0.017198 0.0352614 0.474799
0 0.873196 0.763933 0.0257252 0.0360909 0.474783
0 0.311072 0.618681 0.0135142 0.0249871 0.473849
0 0.671772 0.791618 0.0168432 0.0330894 0.47372
0 0.157097 0.0757716 0.0188752 0.0252895 0.473267
0 0.290455 0.961386 0.0170278 0.03023 0.472377
0 0.880456 0.928707 0.0279724 0.0319645 0.471954
0 0.137004 0.707346 0.0161515 0.0295627 0.471267
0 0.634682 0.261583 0.015626 0.0289726 0.470846
0 0.806188 0.2738 0.022977 0.0369231 0.47067
0 0.127211 0.39584 0.01425 0.0250222 0.470348
0 0.210094 0.0809063 0.024591 0.0363826 0.469449
0 0.797041 0.318517 0.0313913 0.0403893 0.468459
0 0.151589 0.376421 0.0127742 0.0214615 0.468255
0 0.281129 0.861974 0.0254419 0.0440735 0.468182
0 0.866994 0.580498 0.0141815 0.0253649 0.467562
0 0.092176 0.928874 0.0194935 0.0425304 0.467308
0 0.906808 0.0218059 0.0206139 0.029414 0.466604
0 0.666826 0.19366 0.0171781 0.0295651 0.466389
0 0.483851 0.248465 0.0234962 0.0388454 0.465294
0 0.826206 0.574003 0.0197468 0.0348278 0.465067
0 0.652503 0.395232 0.0163762 0.0347149 0.464896
0 0.749515 0.0711894 0.0214499 0.0338155 0.463662
0 0.660117 0.51079 0.0135767 0.0264722 0.46362
0 0.472591 0.896003 0.0154364 0.025569 0.462607
0 0.296307 0.189004 0.0111749 0.0242592 0.462155
0 0.583577 0.0635258 0.0124276 0.0256055 0.46118
0 0.488144 0.432899 0.0165575 0.0298926 0.460023
0 0.39193 0.942423 0.0284838 0.044951 0.459761
0 0.827249 0.0232386 0.0159588 0.0285854 0.459457
0 0.169973 0.314624 0.0127311 0.0268774 0.459436
0 0.0859885 0.0468525 0.0195063 0.0329504 0.458944
0 0.517321 0.620787 0.0131598 0.0237102 0.458514
0 0.284604 0.416872 0.0155624 0.0272923 0.458491
0 0.147361 0.971456 0.0170822 0.0306173 0.457772
0 0.508806 0.574817 0.0101748 0.0244008 0.456204
0 0.834868 0.0924051 0.0284903 0.0521325 0.45546
0 0.945615 0.593559 0.0239981 0.0593638 0.455148
0 0.397469 0.285502 0.0136229 0.031271 0.453723
0 0.533926 0.817936 0.0119139 0.0243278 0.451574
0 0.393057 0.736032 0.0166571 0.0337338 0.451534
0 0.26967 0.602777 0.0142848 0.0222663 0.44994
0 0.303689 0.556818 0.0177713 0.0281876 0.449757
0 0.980623 0.754069 0.0190857 0.0312449 0.448896
0 0.331159 0.240667 0.0130721 0.0249139 0.448484
0 0.507657 0.354109 0.0154676 0.0301677 0.448444
0 0.453305 0.793136 0.0139746 0.0262505 0.448292
0 0.760252 0.349011 0.0137781 0.0254539 0.447377
0 0.357382 0.663855 0.0193711 0.038356 0.446543
0 0.86717 0.319707 0.0154041 0.0300318 0.446506
0 0.256949 0.63597 0.0128703 0.0210414 0.446369
0 0.473991 0.812183 0.0177538 0.0335158 0.445792
0 0.487924 0.573238 0.0164795 0.0309288 0.445731
0 0.00308033 0.469922 0.00612332 0.0303242 0.444859
0 0.130577 0.75893 0.0126425 0.0335324 0.444626
0 0.453929 0.984166 0.0199925 0.0287056 0.443732
0 0.971578 0.604038 0.0171233 0.031915 0.443097
0 0.26347 0.534972 0.0204471 0.0226061 0.442853
0 0.204341 0.130664 0.0149498 0.0264341 0.4398
0 0.357822 0.0462186 0.0171907 0.0322899 0.438465
0 0.28978 0.773518 0.0176343 0.0282437 0.438428
0 0.595474 0.344615 0.0135574 0.0260579 0.437908
0 0.195357 0.231646 0.012589 0.0350196 0.437764
0 0.0208627 0.674375 0.0148572 0.0387087 0.437268
0 0.040611 0.444817 0.0166907 0.0300616 0.436903
0 0.698413 0.408697 0.0185544 0.0464978 0.436391
0 0.227439 0.393468 0.0123055 0.0264963 0.435691
0 0.616106 0.282953 0.0166107 0.0260098 0.435127
0 0.908683 0.0187867 0.0198082 0.0331048 0.432872
0 0.241552 0.236057 0.0123947 0.0278961 0.432242
0 0.724843 0.970183 0.0193659 0.0339223 0.432182
0 0.604577 0.0262457 0.0182934 0.0320676 0.430993
0 0.167876 0.514077 0.0169229 0.0291348 0.429894
0 0.203113 0.160395 0.0115848 0.0231232 0.429847
0 0.392019 0.221708 0.0169689 0.0268372 0.429653
0 0.448155 0.326569 0.0192312 0.0282236 0.428993
0 0.00468221 0.431564 0.00936442 0.024826 0.425893
0 0.294561 0.0500148 0.0173398 0.0311133 0.425873
0 0.786391 0.187393 0.0220189 0.035681 0.4246
0 0.0227023 0.231623 0.0160998 0.0339892 0.423377
0 0.227205 0.921827 0.0142322 0.0258457 0.422754
0 0.313405 0.0274833 0.0156183 0.039993 0.421549
0 0.431747 0.775285 0.0188189 0.0281284 0.421454
0 0.45702 0.872499 0.0149288 0.0240628 0.421119
0 0.788619 0.938095 0.0171854 0.034889 0.421092
0 0.442731 0.749536 0.0143143 0.0273275 0.419899
0 0.489787 0.0993271 0.0131084 0.024182 0.419685
0 0.642715 0.19144 0.0163996 0.0327149 0.419638
0 0.210163 0.947646 0.0141755 0.0233429 0.419419
0 0.157856 0.9094 0.0152179 0.0248739 0.418088
0 0.804929 0.975597 0.0157258 0.0318329 0.416967
0 0.479707 0.255782 0.0253986 0.0342284 0.416709
0 0.996054 0.831965 0.00789146 0.0398644 0.414733
0 0.42082 0.113583 0.0136837 0.0181429 0.413745
0 0.298885 0.824929 0.0143286 0.0300086 0.413106
0 0.349605 0.971289 0.0153273 0.028545 0.411375
0 0.831629 0.350208 0.0194607 0.0322269 0.410149
0 0.446163 0.35738 0.0163631 0.0249193 0.408066
0 0.00312458 0.502609 0.006094 0.0253816 0.407065
0 0.0633366 0.882437 0.0132551 0.026221 0.406599
0 0.268084 0.32977 0.0184087 0.0324542 0.406573
0 0.244182 0.40606 0.0182944 0.0293538 0.406168
0 0.502011 0.618619 0.0110912 0.0267032 0.405609
0 0.128239 0.877521 0.0119822 0.0244069 0.405451
0 0.230188 0.837426 0.0116179 0.0223391 0.405012
0 0.566863 0.348323 0.0123266 0.0217906 0.404946
0 0.782036 0.578682 0.0222671 0.0414501 0.401569
0 0.335476 0.657525 0.0187031 0.0336861 0.401018
0 0.0486827 0.735995 0.0155291 0.0208594 0.400518
0 0.840961 0.103009 0.0172401 0.0341187 0.399466
0 0.0930127 0.359177 0.0113044 0.0201028 0.398049
0 0.405257 0.827792 0.0157067 0.0273836 0.397636
0 0.455828 0.472186 0.0154541 0.0212838 0.397118
0 0.679089 0.51251 0.0149815 0.0304647 0.396645
0 0.115155 0.192482 0.0233294 0.0354608 0.39578
0 0.606563 0.986052 0.0262816 0.0267591 0.395717
0 0.316261 0.886975 0.0137316 0.0250353 0.39557
0 0.421117 0.916732 0.0188019 0.0320957 0.393014
0 0.258715 0.0918108 0.0210693 0.0354667 0.39262
0 0.37008 0.868519 0.0140715 0.0256436 0.391617
0 0.143663 0.322288 0.012783 0.0227461 0.390572
0 0.365636 0.0995174 0.0162353 0.0298986 0.389516
0 0.0935933 0.0824163 0.0159629 0.0298163 0.389485
0 0.429857 0.172641 0.0135815 0.0223411 0.388639
0 0.621865 0.468457 0.0133657 0.0321692 0.386481
0 0.210301 0.976388 0.0146915 0.0260706 0.383126
0 0.20798 0.193422 0.0131032 0.0256966 0.382254
0 0.553337 0.873392 0.0134241 0.0234243 0.382088
0 0.445543 0.906904 0.0134713 0.030681 0.381686
0 0.48272 0.757099 0.0177053 0.0284899 0.381637
0 0.0867623 0.612491 0.0156797 0.0219442 0.381345
0 0.120149 0.351285 0.0144637 0.0277228 0.381219
0 0.167326 0.924309 0.0130641 0.02629 0.380308
0 0.724511 0.479404 0.0185173 0.0368099 0.380234
0 0.371603 0.0990858 0.0159631 0.0295864 0.379979
0 0.619776 0.515832 0.0147462 0.0202194 0.378748
0 0.288597 0.958371 0.0197773 0.0326077 0.378056
0 0.707893 0.0330463 0.0255936 0.0351628 0.37552
0 0.883766 0.984788 0.0162052 0.0285933 0.374236
0 0.392416 0.148924 0.013037 0.0252926 0.374235
0 0.075086 0.990732 0.0159987 0.0178819 0.372553
0 0.492873 0.132651 0.0171494 0.022996 0.371054
0 0.373708 0.0986366 0.0144761 0.02701 0.370579
0 0.44188 0.69778 0.0148323 0.0290988 0.370265
0 0.825003 0.774749 0.0190743 0.0317835 0.369863
0 0.524514 0.572689 0.013434 0.0264475 0.369451
0 0.453 0.245208 0.0155905 0.0264931 0.368704
0 0.303383 0.31684 0.01473 0.0299296 0.368536
0 0.00332755 0.849622 0.00664951 0.0262621 0.368168
0 0.476736 0.687142 0.0134266 0.0264065 0.368072
0 0.498339 0.315524 0.0166058 0.0247398 0.367532
0 0.413183 0.181051 0.0117521 0.0189306 0.367331
0 0.495709 0.168912 0.0158783 0.03009 0.367202
0 0.343227 0.3067 0.0185812 0.0271236 0.366456
0 0.992685 0.712007 0.0146301 0.0243388 0.363793
0 0.445246 0.103855 0.0244699 0.0350163 0.362733
0 0.607638 0.462952 0.0142777 0.0272047 0.361854
0 0.133554 0.445885 0.016075 0.0268381 0.361639
0 0.433047 0.0322906 0.0178833 0.0334607 0.360591
0 0.14648 0.409733 0.0157516 0.0298019 0.359556
0 0.838796 0.0985435 0.0217682 0.0419459 0.358924
0 0.428284 0.874093 0.0135837 0.0244212 0.358842
0 0.172565 0.451756 0.0230399 0.0369191 0.356167
0 0.621973 0.639737 0.0139207 0.0249481 0.355835
0 0.296671 0.473698 0.014681 0.0170906 0.354387
0 0.078421 0.440651 0.0165835 0.0246478 0.354097
0 0.254884 0.795211 0.0185918 0.0324863 0.352117
0 0.459763 0.0338801 0.013875 0.024638 0.351832
0 0.150891 0.291068 0.0129117 0.0351158 0.351036
0 0.500517 0.79557 0.0199469 0.0429684 0.349991
0 0.00600072 0.00887112 0.0120014 0.0173777 0.349592
0 0.213567 0.0834703 0.0200621 0.0349416 0.349219
0 0.0900362 0.27322 0.0133202 0.0232091 0.348589
0 0.292369 0.529907 0.015448 0.0257675 0.348268
0 0.17746 0.174643 0.0154775 0.024842 0.348177
0 0.140879 0.406622 0.0146273 0.0294616 0.347848
0 0.0255246 0.818891 0.0148768 0.0273749 0.347797
0 0.0695692 0.793056 0.0159255 0.0311201 0.347282
0 0.803307 0.319212 0.0190682 0.0367064 0.347132
0 0.439331 0.129737 0.0135791 0.0191571 0.347047
0 0.264036 0.799682 0.0324829 0.0406847 0.345403
0 0.578608 0.714723 0.0128667 0.0269514 0.344398
0 0.951016 0.0961851 0.012477 0.0279493 0.344101
0 0.8646 0.0493442 0.0165761 0.0262283 0.343981
0 0.394913 0.420663 0.0206936 0.0498993 0.343423
0 0.187623 0.690103 0.0152283 0.0248131 0.342805
0 0.0874178 0.501017 0.0221477 0.0358673 0.341303
0 0.110753 0.98208 0.0158314 0.0285882 0.338358
0 0.114049 0.488473 0.0162318 0.0313562 0.337418
0 0.673106 0.483798 0.0165137 0.0279948 0.336635
0 0.786726 0.602619 0.0208204 0.0278801 0.336202
0 0.149654 0.410864 0.0136903 0.0290716 0.333322
0 0.37574 0.101515 0.0107208 0.0232919 0.330886
0 0.564419 0.770453 0.0134182 0.0252487 0.330603
0 0.824909 0.983201 0.0178207 0.0319051 0.328316
0 0.2608 0.0945369 0.0183444 0.0317838 0.327741
0 0.565532 0.376885 0.0164702 0.0227347 0.326033
0 0.977249 0.791722 0.0190044 0.0263536 0.325521
0 0.646141 0.273133 0.0130732 0.0217934 0.324943
0 0.345072 0.86315 0.0118075 0.0229709 0.323964
0 0.765195 0.640967 0.0234716 0.0526815 0.323701
0 0.00392069 0.542742 0.00778784 0.0285903 0.322997
0 0.589612 0.917324 0.0197014 0.0298418 0.322114
0 0.855087 0.564406 0.0174713 0.033842 0.321897
0 0.390787 0.324535 0.0133265 0.0238386 0.321653
0 0.469085 0.679028 0.0194543 0.0258841 0.319245
0 0.0662807 0.0471505 0.0139923 0.0218924 0.318913
0 0.312467 0.527392 0.0135382 0.0248715 0.315959
0 0.167298 0.45839 0.0162528 0.0358146 0.315719
0 0.470222 0.72721 0.0145229 0.0189443 0.315176
0 0.681449 0.365972 0.0131418 0.0273776 0.314773
0 0.611524 0.848697 0.0199062 0.0259399 0.314061
0 0.407247 0.230869 0.0131067 0.0298731 0.311767
0 0.217883 0.041686 0.0148969 0.0293525 0.309434
0 0.765089 0.194983 0.0175987 0.0241615 0.309224
0 0.606891 0.165557 0.0108286 0.0273261 0.308748
0 0.614946 0.612428 0.0204997 0.0319624 0.306894
0 0.553599 0.0243638 0.0279449 0.0459829 0.30636
0 0.250777 0.248102 0.0110427 0.0226247 0.306131
0 0.0217466 0.164713 0.0135235 0.0238847 0.305618
0 0.35292 0.838685 0.0154689 0.0337623 0.304757
0 0.587818 0.876234 0.0266253 0.0443619 0.30455
0 0.616403 0.943151 0.0137589 0.025719 0.304461
0 0.886445 0.930376 0.0176504 0.0260376 0.304405
0 0.214566 0.822724 0.0143419 0.022847 0.304379
0 0.700603 0.501754 0.0144715 0.0275158 0.303714
0 0.00563742 0.662489 0.0111838 0.0332898 0.299845
0 0.608131 0.311848 0.0159634 0.0264522 0.299165
0 0.986566 0.0731189 0.0266713 0.059332 0.298034
0 0.643783 0.00795844 0.0211113 0.0159169 0.297868
0 0.315551 0.881146 0.0143662 0.0263688 0.29473
0 0.526345 0.873986 0.0132257 0.0212433 0.294718
0 0.604133 0.0754997 0.0201523 0.0371271 0.294431
0 0.283882 0.37702 0.0161251 0.0238775 0.293517
0 0.837729 0.890205 0.014996 0.0243422 0.292638
0 0.88423 0.647969 0.0218689 0.04035 0.292625
0 0.36476 0.334277 0.0188249 0.0279984 0.292617
0 0.777762 0.224879 0.0155861 0.0260433 0.292384
0 0.541935 0.187806 0.0174999 0.0285032 0.291246
0 0.172835 0.0536704 0.0150307 0.0292364 0.290948
0 0.176182 0.414306 0.0141064 0.0322537 0.290043
0 0.790245 0.129429 0.0117729 0.0336412 0.289753
0 0.041346 0.265481 0.0144873 0.026989 0.289294
0 0.172442 0.170484 0.0185891 0.030809 0.289012
0 0.393945 0.40893 0.0214551 0.0389431 0.288992
0 0.119666 0.234921 0.021933 0.0202024 0.287361
0 0.325936 0.629005 0.014002 0.0232515 0.28728
0 0.600211 0.491122 0.0178762 0.0217809 0.28522
0 0.0227142 0.371331 0.0203075 0.0289217 0.284947
0 0.248508 0.719242 0.0209253 0.032214 0.282711
0 0.394651 0.6936 0.0148351 0.0252629 0.280692
0 0.528071 0.392484 0.0159865 0.0168528 0.280557
0 0.609173 0.9898 0.030128 0.0197338 0.280046
0 0.0072104 0.338518 0.0143131 0.0306224 0.279782
0 0.03877 0.534423 0.0149393 0.0248744 0.279678
0 0.50751 0.417856 0.0144051 0.0313064 0.279294
0 0.447591 0.106439 0.0220246 0.0291461 0.278825
0 0.00358144 0.298788 0.00712246 0.0343094 0.278146
0 0.052633 0.858624 0.0150203 0.021214 0.273185
0 0.164284 0.161824 0.0213172 0.0396419 0.271216
0 0.125156 0.221388 0.0169793 0.0330708 0.271148
0 0.243215 0.23885 0.0120961 0.0272621 0.271031
0 0.27617 0.645548 0.0112683 0.0250332 0.270822
0 0.481697 0.149761 0.0115059 0.0174628 0.268805
0 0.66077 0.988052 0.0154337 0.0226368 0.268168
0 0.217201 0.562092 0.0182699 0.0315745 0.266668
0 0.39993 0.51644 0.0204743 0.0278814 0.26457
0 0.429175 0.176654 0.0161432 0.0218267 0.264302
0 0.713936 0.655716 0.019857 0.0264465 0.264229
0 0.00636737 0.626793 0.0116558 0.0271679 0.263896
0 0.785842 0.595995 0.0218573 0.0395596 0.263523
0 0.725778 0.483192 0.016934 0.0309535 0.262818
0 0.616456 0.622842 0.021485 0.040094 0.262409
0 0.105463 0.526633 0.0220692 0.0358851 0.261604
0 0.440043 0.408514 0.0165319 0.0302707 0.261603
0 0.806056 0.174512 0.01683 0.0298499 0.26133
0 0.645197 0.540862 0.0270115 0.0468716 0.260484
0 0.319838 0.727818 0.0197912 0.0301353 0.260188
0 0.0251856 0.533127 0.0153689 0.0248815 0.259824
0 0.104296 0.639837 0.0116846 0.0229003 0.256526
0 0.476268 0.128448 0.0101507 0.0228999 0.256384
0 0.0469342 0.23933 0.0165019 0.035672 0.256157
0 0.344979 0.939084 0.0102635 0.0250713 0.255941
0 0.0908861 0.571286 0.0178613 0.0380443 0.255786
0 0.094542 0.357294 0.0112557 0.0210603 0.255079
0 0.272572 0.253894 0.0187252 0.0381057 0.254808
0 0.367471 0.73272 0.0180552 0.0274787 0.254191
0 0.619893 0.241083 0.0188824 0.0348221 0.253939
0 0.168175 0.381814 0.0149446 0.0204978 0.253398
0 0.395469 0.429723 0.0190285 0.0338828 0.252405
0 0.168249 0.702362 0.0181661 0.0363586 0.25181
0 0.0670674 0.682618 0.021356 0.0414385 0.249817
0 0.455261 0.870423 0.0172253 0.0276834 0.249504
0 0.278374 0.558053 0.0129951 0.0221918 0.248372
0 0.466179 0.155806 0.0125383 0.0246571 0.247957
0 0.532086 0.0898558 0.0171255 0.0285891 0.246989
0 0.373494 0.631511 0.0139584 0.0263295 0.246514
0 0.36303 0.101583 0.0139841 0.0287283 0.245666
0 0.603794 0.246776 0.0143057 0.0265115 0.244485
0 0.706909 0.944116 0.0158089 0.028425 0.243797
0 0.327585 0.0184982 0.0172647 0.0357599 0.242711
0 0.490646 0.0513486 0.0143905 0.0281593 0.242418
0 0.440378 0.00602007 0.0204092 0.0117995 0.241165
0 0.0625297 0.469777 0.0206719 0.0260058 0.24112
0 0.721998 0.474253 0.0233527 0.0457458 0.239718
0 0.501107 0.283203 0.0234135 0.0328373 0.239604
0 0.570829 0.895684 0.0145518 0.0253879 0.239417
0 0.0375667 0.187271 0.0173049 0.0320874 0.238349
0 0.78428 0.587873 0.0234413 0.0526113 0.237484
0 0.579426 0.256847 0.012358 0.0258935 0.237374
0 0.680837 0.217278 0.0185211 0.0366898 0.237076
0 0.662167 0.839159 0.0148221 0.021669 0.235931
0 0.226897 0.625307 0.0158636 0.0267294 0.235389
0 0.293367 0.963464 0.0127455 0.0275408 0.235247
0 0.814883 0.892474 0.0149704 0.0291068 0.234881
0 0.374958 0.0581855 0.017704 0.0320396 0.234846
0 0.477152 0.132158 0.0104076 0.0197152 0.234685
0 0.419822 0.111086 0.0142561 0.0181445 0.234587
0 0.467174 0.0490693 0.0165533 0.0269648 0.234136
0 0.265315 0.537809 0.0213426 0.0207286 0.23403
0 0.301512 0.414819 0.016157 0.0305006 0.233591
0 0.549094 0.460737 0.021175 0.0327038 0.233288
0 0.186502 0.571977 0.0156846 0.0236157 0.233282
0 0.248184 0.409092 0.0140715 0.0292828 0.232752
0 0.774844 0.96634 0.0182479 0.0349145 0.231697
0 0.657835 0.743917 0.0170242 0.0243958 0.22979
0 0.246327 0.24269 0.0142386 0.0272921 0.229177
0 0.266181 0.920138 0.0182718 0.0421224 0.229113
0 0.193257 0.865823 0.0170517 0.026022 0.227328
0 0.00298918 0.920679 0.00593823 0.0355506 0.226865
0 0.445682 0.849845 0.017001 0.0320604 0.22476
0 0.449818 0.858244 0.0149673 0.0275182 0.224178
0 0.607156 0.774273 0.0143716 0.0195129 0.223989
0 0.593084 0.794661 0.0166494 0.0249215 0.223525
0 0.481197 0.0277918 0.0166778 0.0249642 0.223366
0 0.557833 0.175322 0.0108028 0.0266501 0.221303
0 0.180449 0.213439 0.0174613 0.0342986 0.219927
0 0.422877 0.0479972 0.0193331 0.0333423 0.218877
0 0.311253 0.0844488 0.0188798 0.0380169 0.217815
0 0.266657 0.235651 0.0159089 0.0184815 0.216416
0 0.291273 0.776381 0.0167037 0.0240629 0.216028
0 0.0397328 0.582492 0.0181264 0.0321539 0.215204
0 0.46866 0.15671 0.01092 0.0229552 0.215043
0 0.103668 0.333125 0.0144346 0.0245794 0.213932
0 0.914488 0.367611 0.0205008 0.0287876 0.213802
0 0.831248 0.0877059 0.0270866 0.0435339 0.213796
0 0.497172 0.283546 0.0256794 0.0343469 0.213361
0 0.741697 0.317318 0.0190514 0.027415 0.212169
0 0.534555 0.121479 0.0151278 0.024743 0.211848
0 0.75566 0.698458 0.0205093 0.0370981 0.211388
0 0.242936 0.238095 0.0167319 0.0310573 0.210899
0 0.993029 0.0859879 0.0139418 0.0370333 0.210176
0 0.352754 0.115149 0.0103354 0.0267444 0.209827
0 0.901824 0.138875 0.0214054 0.0327637 0.209786
0 0.218671 0.296539 0.0152645 0.0309456 0.208719
0 0.00543539 0.696154 0.0108616 0.0279074 0.208707
0 0.325129 0.283165 0.0191462 0.0363861 0.208339
0 0.795738 0.130037 0.0216476 0.0345 0.208201
0 0.838105 0.400297 0.0264256 0.0372289 0.208023
0 0.284003 0.85899 0.0210516 0.0370226 0.207216
0 0.689341 0.176886 0.0159655 0.0288581 0.207049
0 0.60581 0.397962 0.0145046 0.0288411 0.207038
0 0.171201 0.551326 0.0154274 0.0219727 0.205592
0 0.144506 0.749289 0.0123811 0.0203318 0.205587
0 0.00551169 0.337405 0.0105949 0.0298692 0.205488
0 0.52687 0.800357 0.0100451 0.0189972 0.203982
0 0.0362441 0.533461 0.0170722 0.026796 0.203811
0 0.110206 0.526929 0.0210751 0.0339013 0.203528
0 0.826103 0.0274709 0.0166645 0.0335947 0.203189
0 0.775721 0.917571 0.01524 0.0305116 0.202656
0 0.351936 0.709953 0.017706 0.0286194 0.202003
0 0.993873 0.14235 0.0122538 0.0404682 0.20174
0 0.380061 0.605202 0.0222296 0.0383552 0.201708
0 0.534099 0.351602 0.0143769 0.0256912 0.201327
0 0.214471 0.785933 0.0246335 0.0380334 0.201033
0 0.333151 0.793857 0.0170393 0.0274084 0.198149
0 0.808584 0.0992618 0.0132957 0.0230575 0.197115
0 0.227653 0.698367 0.0157881 0.0221022 0.196933
0 0.639028 0.266847 0.0182487 0.0273651 0.195673
0 0.185575 0.0584048 0.0109952 0.024227 0.195488
0 0.20262 0.286208 0.0207735 0.0418551 0.195474
0 0.616233 0.579558 0.0133736 0.0181493 0.195464
0 0.654997 0.0558793 0.0204723 0.0389609 0.193873
0 0.265821 0.28697 0.0139306 0.0140933 0.193235
0 0.462106 0.0402241 0.0149567 0.0302324 0.193206
0 0.0752677 0.0869669 0.0131536 0.0294286 0.193167
0 0.0782958 0.434512 0.0163174 0.025811 0.193056
0 0.883184 0.988718 0.0168427 0.0207992 0.192343
0 0.216696 0.556478 0.0187541 0.0422302 0.191962
0 0.336382 0.894982 0.0170241 0.0267144 0.190932
0 0.193929 0.227012 0.0119992 0.0407604 0.190655
0 0.30057 0.826922 0.0135077 0.0302558 0.190093
0 0.797319 0.0104498 0.0166405 0.0200682 0.18869
0 0.530054 0.163741 0.0132605 0.0259653 0.188522
0 0.293225 0.726633 0.0185804 0.0307485 0.18765
0 0.702023 0.22249 0.0235442 0.0321714 0.187581
0 0.397843 0.799664 0.0131974 0.0235211 0.186924
0 0.609784 0.845387 0.0220074 0.028558 0.186535
0 0.323284 0.936632 0.0155832 0.0308992 0.185024
0 0.544185 0.415663 0.0174877 0.023629 0.184835
0 0.120075 0.227619 0.0236733 0.0351017 0.184533
0 0.389763 0.947163 0.0251468 0.0376431 0.184309
0 0.489214 0.430999 0.0145889 0.023713 0.183925
0 0.656533 0.086154 0.0177448 0.0228044 0.183506
0 0.500697 0.911658 0.0143274 0.0258843 0.18331
0 0.582115 0.327151 0.0115871 0.0207186 0.183255
0 0.101142 0.5271 0.0168492 0.0345513 0.181716
0 0.283945 0.206703 0.0121698 0.022998 0.18143
0 0.137167 0.40322 0.0146287 0.0294775 0.180554
0 0.620016 0.633845 0.0177111 0.0324118 0.180191
0 0.383414 0.30455 0.0172496 0.0239118 0.179647
0 0.320447 0.0217821 0.0275778 0.041449 0.179542
0 0.0757902 0.00923159 0.0178669 0.0173315 0.179415
0 0.239025 0.23423 0.014986 0.0263941 0.178758
0 0.911706 0.015006 0.0184715 0.0289965 0.178666
0 0.4662 0.364032 0.0138943 0.0275352 0.178284
0 0.458592 0.148408 0.0204296 0.0353717 0.178266
0 0.990823 0.0763418 0.0183538 0.0560523 0.178138
0 0.471843 0.781436 0.0122925 0.0152582 0.177128
0 0.036692 0.84144 0.0138804 0.035228 0.176709
0 0.847426 0.970567 0.0131351 0.028864 0.1761
0 0.295942 0.821021 0.019005 0.0326558 0.175928
0 0.644111 0.157339 0.0172902 0.027122 0.175923
0 0.0913827 0.922441 0.0175432 0.0351732 0.175676
0 0.340793 0.857978 0.0158899 0.0288759 0.175261
0 0.61815 0.627404 0.0190142 0.0380001 0.174915
0 0.0306789 0.533864 0.0199582 0.027838 0.174815
0 0.950605 0.0959046 0.0160573 0.0312856 0.17424
0 0.996979 0.928162 0.00604261 0.0511109 0.172784
0 0.212768 0.978233 0.0130766 0.026081 0.172687
0 0.0292828 0.740265 0.0144304 0.0217863 0.171685
0 0.759376 0.239492 0.0127309 0.0237535 0.17053
0 0.788613 0.127574 0.0117165 0.0320007 0.17049
0 0.463495 0.154619 0.0151615 0.0254085 0.170183
0 0.477728 0.325808 0.0160473 0.0287495 0.169978
0 0.218338 0.566134 0.0154412 0.0249493 0.168714
0 0.895496 0.143389 0.0238411 0.0371491 0.168681
0 0.493899 0.173258 0.0193844 0.0294447 0.165898
0 0.00711216 0.69794 0.0139718 0.0249035 0.165834
0 0.452825 0.866803 0.0149506 0.0256541 0.165626
0 0.382348 0.17841 0.0131044 0.0207145 0.165555
0 0.469077 0.723303 0.014163 0.0258201 0.165461
0 0.136665 0.443526 0.0185255 0.0300964 0.165431
0 0.510724 0.713493 0.0223631 0.031742 0.165076
0 0.343103 0.939075 0.0100256 0.0260352 0.163341
0 0.225887 0.667426 0.0228815 0.0355826 0.163184
0 0.488628 0.438039 0.0150934 0.0357559 0.162866
0 0.210795 0.398705 0.0153316 0.0274214 0.162604
0 0.21426 0.56444 0.0201159 0.0297206 0.161995
0 0.356181 0.757136 0.0114756 0.0226713 0.161247
0 0.213108 0.398522 0.0137686 0.0263404 0.160978
0 0.121291 0.783873 0.0141371 0.0245347 0.160975
0 0.250617 0.984496 0.017034 0.0287757 0.160378
0 0.124096 0.566431 0.0227829 0.0332412 0.160347
0 0.796609 0.638281 0.0175256 0.0296543 0.160131
0 0.594927 0.655937 0.01425 0.0274472 0.16012
0 0.691414 0.406663 0.0265952 0.0473433 0.159967
0 0.176844 0.591419 0.0136329 0.0267887 0.159837
0 0.357595 0.759351 0.0124537 0.0233775 0.159757
0 0.475543 0.258135 0.0165392 0.0296182 0.159212
0 0.394919 0.255726 0.0128714 0.0200838 0.159194
0 0.754887 0.713315 0.0232279 0.0658793 0.158764
0 0.241566 0.404194 0.0209694 0.0320755 0.158685
0 0.74064 0.846782 0.0183191 0.0328716 0.158203
0 0.624954 0.251048 0.0136072 0.0275691 0.157761
0 0.0127734 0.507882 0.0144766 0.0244755 0.157456
0 0.31459 0.0225487 0.0162758 0.0420156 0.157326
0 0.19498 0.227984 0.0101245 0.0342397 0.157178
0 0.466225 0.676642 0.0174372 0.0270497 0.156645
0 0.708533 0.72238 0.0240401 0.0361055 0.156625
0 0.290539 0.351145 0.0145542 0.0283494 0.155967
0 0.294599 0.191397 0.0113548 0.0229184 0.155856
0 0.581445 0.167093 0.0257069 0.0356263 0.154399
0 0.812269 0.896193 0.0185507 0.0335161 0.154141
0 0.166995 0.708983 0.0175061 0.0330752 0.153741
0 0.64007 0.427185 0.013796 0.0267517 0.153599
0 0.326869 0.938305 0.019046 0.0305324 0.153455
0 0.457744 0.432136 0.0177076 0.0280874 0.152666
0 0.995556 0.087266 0.00888901 0.0340147 0.152583
0 0.603777 0.983311 0.0231313 0.0307406 0.152469
0 0.269369 0.258688 0.0173139 0.0398136 0.152373
0 0.4921 0.286695 0.0222788 0.0355298 0.152324
0 0.401007 0.881732 0.0167377 0.0241642 0.151619
0 0.866973 0.320592 0.0195841 0.0355524 0.151469
0 0.61989 0.465837 0.0135129 0.0292911 0.150915
