0 0.729999 0.11953 0.0274918 0.0446563 0.730162
0 0.610415 0.882618 0.0214359 0.0404439 0.70228
0 0.108096 0.457593 0.0287069 0.0514038 0.702109
0 0.529959 0.977199 0.0260656 0.0416081 0.699538
0 0.0121874 0.512418 0.0243747 0.0530687 0.695132
0 0.0705125 0.82223 0.0240011 0.0457064 0.686999
0 0.105299 0.706734 0.0221297 0.0402638 0.678941
0 0.0398841 0.554438 0.0308613 0.0575711 0.678241
0 0.0671738 0.692002 0.0215119 0.033488 0.675724
0 0.756523 0.51007 0.021758 0.0451287 0.671919
0 0.396134 0.427911 0.0251513 0.0429925 0.668263
0 0.532256 0.903989 0.017864 0.0386513 0.665985
0 0.446373 0.724354 0.0259453 0.0411214 0.663756
0 0.743665 0.65712 0.0178026 0.0368737 0.661649
0 0.0788448 0.450446 0.023892 0.0566305 0.660395
0 0.538169 0.0974134 0.0185777 0.0340313 0.655426
0 0.0948091 0.618355 0.024405 0.0364334 0.655414
0 0.0394601 0.757698 0.032665 0.0525039 0.654522
0 0.545723 0.261421 0.0188858 0.0382033 0.651191
0 0.551624 0.341274 0.0235111 0.0376832 0.648968
0 0.888549 0.15319 0.0181543 0.0324354 0.648912
0 0.572406 0.910963 0.0172816 0.0324787 0.648468
0 0.41957 0.802286 0.020475 0.0360565 0.648049
0 0.0982502 0.74957 0.0210727 0.0372535 0.647901
0 0.794097 0.153339 0.015402 0.0296915 0.646824
0 0.522355 0.150976 0.0206005 0.0344685 0.645997
0 0.265805 0.658687 0.0248469 0.0558492 0.64545
0 0.644076 0.720635 0.0161293 0.0295213 0.645054
0 0.522585 0.824053 0.026193 0.0433075 0.644187
0 0.449779 0.331146 0.0205538 0.0389823 0.642237
0 0.733322 0.933128 0.0292816 0.0441749 0.641805
0 0.163047 0.981303 0.0186871 0.0348853 0.641256
0 0.205199 0.523203 0.0239514 0.0460538 0.640384
0 0.542987 0.543945 0.0175985 0.0317641 0.639378
0 0.438999 0.169611 0.0157259 0.0303926 0.639276
0 0.261312 0.190651 0.0269056 0.0417959 0.637776
0 0.771985 0.896442 0.0208262 0.0353507 0.637576
0 0.663834 0.715805 0.0191227 0.0343005 0.63676
0 0.0959363 0.798539 0.021309 0.0354942 0.635916
0 0.297404 0.641516 0.0341552 0.0575624 0.635366
0 0.617324 0.0729758 0.0260614 0.0536413 0.63515
0 0.291928 0.754598 0.0280858 0.0387638 0.633443
0 0.587753 0.848439 0.0183174 0.032096 0.633396
0 0.475721 0.340261 0.0217912 0.0377405 0.627586
0 0.622799 0.791088 0.018594 0.0324985 0.626766
0 0.634867 0.416666 0.0302437 0.0453692 0.626117
0 0.78154 0.951603 0.0191444 0.0412066 0.626002
0 0.755827 0.265649 0.0185874 0.0335588 0.624453
0 0.881679 0.310434 0.0226879 0.0379512 0.624293
0 0.419368 0.222953 0.0308041 0.0451593 0.624292
0 0.558735 0.158442 0.0207013 0.0364656 0.624247
0 0.0498 0.236799 0.0197108 0.0397065 0.623195
0 0.724711 0.669961 0.016872 0.0305593 0.622062
0 0.832343 0.36608 0.0138964 0.0265328 0.620273
0 0.31702 0.50583 0.0182175 0.0279616 0.61933
0 0.918264 0.0112479 0.0152588 0.0217265 0.618712
0 0.612187 0.921562 0.0189106 0.030819 0.618231
0 0.329225 0.745299 0.0205749 0.0368988 0.61802
0 0.507195 0.550809 0.0227297 0.032506 0.617973
0 0.814554 0.213264 0.0158245 0.0298317 0.617858
0 0.562748 0.0879667 0.015896 0.0298185 0.617292
0 0.765319 0.637183 0.0155785 0.0306288 0.616833
0 0.13475 0.0674411 0.0163873 0.0299483 0.616679
0 0.785961 0.854626 0.0201162 0.0387797 0.615749
0 0.217467 0.346565 0.0194325 0.035208 0.615429
0 0.114578 0.59491 0.0194656 0.0311044 0.614575
0 0.875801 0.361473 0.0191395 0.0320292 0.612947
0 0.673895 0.939803 0.0168666 0.0319923 0.61172
0 0.94418 0.189947 0.0167364 0.0297695 0.61157
0 0.492685 0.736798 0.0191366 0.0362634 0.610726
0 0.481977 0.282073 0.018595 0.0322934 0.610631
0 0.296322 0.0632276 0.0169344 0.0248227 0.610055
0 0.307815 0.54654 0.0147934 0.0279045 0.60966
0 0.852202 0.669192 0.0140589 0.0248185 0.609443
0 0.724712 0.772811 0.0192451 0.0310845 0.609325
0 0.793038 0.815945 0.0170761 0.0289405 0.608927
0 0.832518 0.286877 0.0151722 0.0272707 0.606849
0 0.765381 0.0223087 0.0208558 0.0420841 0.606419
0 0.93638 0.786223 0.0142998 0.0213384 0.605974
0 0.779998 0.530292 0.0196524 0.0353811 0.604862
0 0.294192 0.0216558 0.0212336 0.039077 0.604383
0 0.656395 0.462563 0.02188 0.0409671 0.603238
0 0.59087 0.093129 0.0153454 0.0290005 0.602492
0 0.496494 0.792054 0.020602 0.036892 0.601717
0 0.0420685 0.806279 0.0240788 0.0311951 0.59976
0 0.330904 0.200273 0.020516 0.0364288 0.596605
0 0.455204 0.464685 0.0185375 0.0299629 0.596561
0 0.638656 0.755555 0.0153648 0.026633 0.595882
0 0.054703 0.885282 0.018208 0.0280056 0.594931
0 0.852407 0.142263 0.0151032 0.0263915 0.594171
0 0.850481 0.215627 0.0166836 0.0285789 0.593833
0 0.697835 0.11504 0.0235903 0.0384083 0.593805
0 0.0299788 0.309954 0.0194698 0.0295682 0.592636
0 0.930966 0.167506 0.0162256 0.0304747 0.591837
0 0.972627 0.577302 0.0156565 0.0244064 0.591485
0 0.536144 0.585943 0.0153189 0.0318974 0.591344
0 0.598929 0.260449 0.0151083 0.0297582 0.590381
0 0.354398 0.414323 0.0199893 0.0288449 0.590213
0 0.482947 0.0280991 0.0178563 0.0296612 0.589883
0 0.273086 0.107465 0.0237972 0.0333371 0.589404
0 0.813261 0.832374 0.0205906 0.0374541 0.589344
0 0.64842 0.648468 0.0201836 0.0323481 0.587747
0 0.913436 0.129814 0.0179623 0.0325357 0.587128
0 0.546442 0.213514 0.0154358 0.0285316 0.584114
0 0.498707 0.293393 0.0139528 0.0230002 0.584092
0 0.764475 0.788901 0.0189952 0.0390476 0.583942
0 0.410349 0.0653678 0.016494 0.0277297 0.583208
0 0.715225 0.974505 0.0190598 0.0314643 0.582525
0 0.579865 0.15207 0.0171813 0.0304157 0.58249
0 0.405372 0.499387 0.021248 0.0349094 0.58156
0 0.942973 0.0401063 0.0157017 0.0292654 0.581391
0 0.676758 0.05443 0.0143147 0.0290713 0.581207
0 0.0874712 0.57821 0.0212562 0.0364332 0.580857
0 0.452958 0.0167238 0.0155524 0.026583 0.580156
0 0.428044 0.396679 0.0206724 0.0340812 0.577535
0 0.91903 0.510452 0.0229502 0.0434363 0.577492
0 0.179204 0.0237393 0.0269433 0.0471493 0.577341
0 0.728647 0.0146835 0.0230757 0.0290751 0.576317
0 0.51772 0.311204 0.0212833 0.0247079 0.576069
0 0.00501341 0.378098 0.00999317 0.0426698 0.57564
0 0.34664 0.367282 0.0268515 0.042235 0.575366
0 0.83775 0.431002 0.0149319 0.0312926 0.575341
0 0.977269 0.191305 0.0152645 0.0280284 0.575029
0 0.892832 0.859874 0.0138226 0.0219428 0.573839
0 0.823543 0.253276 0.014678 0.0310406 0.573803
0 0.628468 0.701438 0.0138156 0.0280121 0.571221
0 0.0837519 0.091263 0.0196601 0.0339348 0.571021
0 0.943609 0.81893 0.0134361 0.0219784 0.570532
0 0.824413 0.397505 0.0136364 0.0256515 0.569755
0 0.49836 0.154422 0.0220156 0.0379342 0.569441
0 0.789194 0.676695 0.0192671 0.0323739 0.568713
0 0.494114 0.851108 0.0218218 0.0329414 0.568408
0 0.384437 0.305031 0.0182264 0.0302474 0.56806
0 0.435131 0.0722394 0.0166977 0.0300166 0.567462
0 0.720403 0.269732 0.0127871 0.0306731 0.567458
0 0.984675 0.112116 0.0161263 0.0337759 0.567162
0 0.666672 0.367082 0.0164406 0.0249888 0.566729
0 0.153567 0.236758 0.0179405 0.030636 0.566
0 0.688979 0.787248 0.0207611 0.0359665 0.565811
0 0.512513 0.738478 0.016363 0.0313548 0.565114
0 0.68819 0.563996 0.0178778 0.0350973 0.564972
0 0.669278 0.75235 0.0150846 0.0280114 0.564958
0 0.87103 0.665575 0.0149218 0.02211 0.564668
0 0.295841 0.176007 0.0160971 0.0303699 0.56432
0 0.514639 0.0698751 0.0167801 0.0276774 0.563904
0 0.923828 0.0728825 0.0170837 0.0322447 0.56356
0 0.888015 0.25215 0.0165902 0.0292435 0.563443
0 0.99333 0.943672 0.013341 0.0237646 0.563212
0 0.247724 0.454244 0.0156115 0.0327679 0.563055
0 0.0317263 0.978758 0.022861 0.0413825 0.562826
0 0.925016 0.720324 0.0149078 0.0221537 0.562273
0 0.871401 0.0626737 0.0163013 0.0294761 0.561372
0 0.617596 0.483962 0.0146893 0.0284866 0.560415
0 0.0764688 0.125835 0.0146915 0.0275979 0.557107
0 0.685459 0.694042 0.0184538 0.0346157 0.556177
0 0.858394 0.702825 0.0145397 0.0231096 0.555707
0 0.602634 0.224587 0.0166271 0.0275809 0.555411
0 0.894202 0.483802 0.0173672 0.0344209 0.554295
0 0.885894 0.0969052 0.0194702 0.0275997 0.554272
0 0.884239 0.62978 0.0146905 0.0259962 0.554187
0 0.842378 0.31991 0.0184011 0.0296337 0.554067
0 0.245263 0.684599 0.020575 0.032098 0.554046
0 0.662853 0.239894 0.0122119 0.0283208 0.553305
0 0.60335 0.946888 0.015674 0.0290226 0.553203
0 0.877201 0.698427 0.0134518 0.0206802 0.551782
0 0.596475 0.0439186 0.0186177 0.0312558 0.551534
0 0.243979 0.540289 0.0172975 0.0315027 0.551229
0 0.898773 0.794676 0.0156178 0.0219381 0.550726
0 0.666935 0.509232 0.0200932 0.0314702 0.55069
0 0.953928 0.579044 0.0153915 0.0268262 0.550613
0 0.552907 0.38383 0.0152602 0.0291309 0.550475
0 0.839806 0.47977 0.0190971 0.0380216 0.549394
0 0.818611 0.162751 0.0165585 0.0274047 0.5483
0 0.309063 0.464733 0.0141836 0.0226305 0.548295
0 0.142593 0.673879 0.0296347 0.0496887 0.547347
0 0.216699 0.159061 0.0209748 0.0438855 0.54635
0 0.935764 0.684626 0.0151965 0.0239953 0.545211
0 0.92208 0.618313 0.014378 0.0226815 0.544507
0 0.518874 0.248821 0.0162348 0.0240748 0.54392
0 0.841822 0.97076 0.024086 0.041748 0.543318
0 0.414978 0.742016 0.0260244 0.048248 0.543018
0 0.112131 0.0730333 0.0199845 0.0342024 0.542785
0 0.365554 0.578746 0.0159812 0.0308746 0.542238
0 0.885433 0.831045 0.0135241 0.0235975 0.541907
0 0.503578 0.369343 0.015329 0.0329405 0.541672
0 0.958056 0.879924 0.0145154 0.0237098 0.541509
0 0.357761 0.0991558 0.0169787 0.0314527 0.539924
0 0.530635 0.443724 0.0186453 0.0345832 0.539762
0 0.906787 0.824788 0.0141354 0.0227561 0.539757
0 0.755683 0.194134 0.0200021 0.0303536 0.539648
0 0.914478 0.276256 0.0166725 0.0282145 0.53903
0 0.75844 0.222791 0.0143392 0.0237813 0.538089
0 0.671435 0.665987 0.0166231 0.0284135 0.536488
0 0.892076 0.76188 0.0151155 0.022423 0.536291
0 0.917555 0.790149 0.0138462 0.0193556 0.535935
0 0.0600659 0.407198 0.0152357 0.0275892 0.534099
0 0.705316 0.695517 0.017948 0.0351017 0.533284
0 0.60466 0.701552 0.0158761 0.027776 0.532598
0 0.964037 0.0426199 0.0141407 0.0342145 0.532343
0 0.23998 0.0953348 0.0218085 0.041274 0.532
0 0.989273 0.643368 0.0162294 0.0252046 0.531934
0 0.0634697 0.164624 0.0219111 0.0391052 0.531923
0 0.795365 0.506512 0.0128885 0.026611 0.531759
0 0.934865 0.584058 0.0154942 0.0242047 0.531618
0 0.543682 0.302392 0.0160583 0.0217211 0.531437
0 0.309919 0.267946 0.0205174 0.0295185 0.530827
0 0.90679 0.926419 0.0149263 0.0251996 0.530427
0 0.584799 0.568483 0.0154936 0.0332461 0.53039
0 0.390068 0.707116 0.0190351 0.0345038 0.529911
0 0.890303 0.660417 0.013913 0.0228422 0.529449
0 0.901415 0.893769 0.0139832 0.0228126 0.529254
0 0.655049 0.964468 0.0186337 0.0310371 0.529157
0 0.836308 0.71345 0.0186863 0.0293589 0.528942
0 0.175693 0.238963 0.0153738 0.0260592 0.528672
0 0.328003 0.543249 0.0174791 0.0308431 0.528517
0 0.885708 0.730583 0.0146444 0.0235782 0.527083
0 0.0416902 0.84202 0.0241336 0.0416877 0.527053
0 0.937651 0.885683 0.0147282 0.0210978 0.525996
0 0.298243 0.230988 0.013635 0.0225715 0.525828
0 0.403259 0.55287 0.0233839 0.0454676 0.524936
0 0.915017 0.956701 0.0144985 0.0217988 0.524383
0 0.842556 0.175183 0.0153393 0.0274196 0.523742
0 0.251777 0.502512 0.0199858 0.0357588 0.522999
0 0.940621 0.229101 0.0175031 0.0360669 0.522739
0 0.256661 0.331796 0.017139 0.0399935 0.522018
0 0.912644 0.756991 0.0146744 0.0223599 0.521816
0 0.00592492 0.839447 0.0118498 0.0309913 0.521667
0 0.717643 0.608269 0.0268274 0.0466981 0.521569
0 0.220825 0.101301 0.0162775 0.0315564 0.520759
0 0.956024 0.681067 0.014591 0.0249565 0.520562
0 0.874518 0.864448 0.0126446 0.0199907 0.51957
0 0.912417 0.856819 0.0142747 0.0199332 0.518816
0 0.92023 0.888954 0.0126534 0.0211297 0.51831
0 0.88425 0.185414 0.0133717 0.0217104 0.518189
0 0.926079 0.821639 0.0134808 0.018317 0.518184
0 0.346107 0.560913 0.0176705 0.030604 0.517531
0 0.931675 0.754082 0.0142715 0.0229387 0.516113
0 0.306092 0.710513 0.0202439 0.0278758 0.514604
0 0.915314 0.587403 0.0139091 0.0216079 0.514497
0 0.910572 0.172716 0.0133434 0.0283291 0.513758
0 0.742587 0.70135 0.0180819 0.0330892 0.513035
0 0.282349 0.22212 0.0143423 0.0223747 0.512676
0 0.649053 0.786944 0.0137287 0.0234856 0.512467
0 0.614802 0.832055 0.0141034 0.0275968 0.51244
0 0.735434 0.729272 0.018873 0.0338233 0.512179
0 0.692784 0.985139 0.0160673 0.025963 0.508133
0 0.382194 0.204696 0.0170541 0.0295889 0.507829
0 0.690475 0.489752 0.0133721 0.0253184 0.507712
0 0.934601 0.953604 0.0132622 0.0186777 0.507544
0 0.944337 0.717286 0.012993 0.0219248 0.506639
0 0.714502 0.743298 0.0158202 0.0283348 0.50619
0 0.90383 0.725682 0.0134773 0.018004 0.505347
0 0.36344 0.774556 0.0220789 0.0297709 0.504275
0 0.726829 0.550617 0.0256193 0.0366177 0.503499
0 0.304818 0.340014 0.0159945 0.0294959 0.502683
0 0.56402 0.255142 0.0136589 0.0252565 0.502545
0 0.693517 0.742453 0.0195004 0.0378033 0.501884
0 0.804083 0.26512 0.0145231 0.0280611 0.501332
0 0.917401 0.68987 0.0125401 0.0208644 0.501062
0 0.374476 0.0655312 0.0162627 0.028468 0.50021
0 0.529875 0.0289672 0.0190031 0.0314276 0.499025
0 0.325197 0.686408 0.0201586 0.0275911 0.498991
0 0.567947 0.22048 0.0196943 0.0332504 0.498371
0 0.962677 0.714021 0.0134714 0.0224311 0.497824
0 0.934992 0.126938 0.0128086 0.0226577 0.497499
0 0.953108 0.952659 0.013826 0.0194343 0.495929
0 0.634242 0.10365 0.0161496 0.0340993 0.494778
0 0.971589 0.845385 0.0141819 0.0222938 0.494039
0 0.444695 0.426513 0.0134073 0.0253457 0.494012
0 0.864688 0.735654 0.015646 0.0251458 0.491722
0 0.236999 0.205587 0.0149845 0.0300012 0.489617
0 0.665123 0.094616 0.029089 0.049683 0.489508
0 0.509617 0.0165892 0.0140999 0.0237504 0.489493
0 0.239206 0.342205 0.018879 0.0454554 0.489461
0 0.184229 0.417416 0.0274278 0.0513973 0.488869
0 0.941782 0.616175 0.0135173 0.0242479 0.48808
0 0.951277 0.749356 0.0134357 0.0229318 0.487766
0 0.985818 0.912182 0.0144502 0.0218628 0.487288
0 0.981662 0.710814 0.0150169 0.0224681 0.487186
0 0.909873 0.656941 0.0138779 0.0214366 0.486565
0 0.945335 0.920447 0.0150565 0.0197489 0.485965
0 0.611778 0.735462 0.0154621 0.0305615 0.485497
0 0.453962 0.382407 0.0141046 0.0198052 0.485294
0 0.90332 0.624009 0.0127605 0.0216043 0.48414
0 0.628822 0.547501 0.022163 0.0364349 0.484095
0 0.341525 0.0126659 0.0159409 0.0251034 0.483953
0 0.63081 0.984573 0.0207012 0.0302072 0.483432
0 0.571069 0.65483 0.0174875 0.0319808 0.483287
0 0.557987 0.94016 0.0150077 0.0228716 0.482586
0 0.835531 0.756699 0.0194401 0.0362179 0.481651
0 0.627754 0.587898 0.0118579 0.0298294 0.480703
0 0.938714 0.985843 0.0144003 0.0229896 0.480059
0 0.434761 0.121269 0.0139264 0.0268432 0.479458
0 0.520641 0.221659 0.0134579 0.0181056 0.4793
0 0.768586 0.732982 0.0244174 0.0474326 0.47902
0 0.992056 0.017796 0.015888 0.0344455 0.478954
0 0.689015 0.457024 0.0184764 0.0304074 0.478922
0 0.671654 0.822525 0.0153242 0.0219108 0.478673
0 0.896807 0.6934 0.0149376 0.0190734 0.476222
0 0.836162 0.132519 0.0174191 0.0319205 0.475934
0 0.382502 0.574134 0.0163763 0.0313548 0.474954
0 0.93343 0.853336 0.0132491 0.0210493 0.473633
0 0.207759 0.0748329 0.0128823 0.0294788 0.47263
0 0.411651 0.284209 0.0185761 0.0306133 0.47235
0 0.383231 0.379854 0.026346 0.0218294 0.472119
0 0.818471 0.612652 0.0172619 0.0319947 0.47194
0 0.360274 0.215273 0.0184444 0.0293874 0.471726
0 0.207842 0.0124098 0.0258723 0.0242687 0.471335
0 0.379929 0.119625 0.0204828 0.0257131 0.470776
0 0.52953 0.747551 0.01515 0.0288309 0.470133
0 0.705874 0.48321 0.0171019 0.0315592 0.469702
0 0.901054 0.991438 0.0145142 0.0166019 0.469389
0 0.572463 0.398407 0.0154291 0.0261812 0.46922
0 0.965917 0.915261 0.0134808 0.0188131 0.468955
0 0.79278 0.609714 0.0215553 0.0412971 0.468769
0 0.94804 0.64896 0.0140553 0.0247136 0.468142
0 0.849261 0.0383876 0.0278572 0.0488572 0.467225
0 0.983849 0.810105 0.0131042 0.0192752 0.467107
0 0.975656 0.944934 0.0126835 0.0191252 0.465698
0 0.394328 0.777459 0.0215025 0.028387 0.46474
0 0.393868 0.0443544 0.0174254 0.0259818 0.462883
0 0.884432 0.897951 0.0125389 0.0185338 0.462807
0 0.735037 0.207727 0.0138746 0.0298186 0.461845
0 0.673355 0.867236 0.0239292 0.0384257 0.460143
0 0.806222 0.446118 0.0164795 0.0314576 0.459344
0 0.573697 0.116713 0.0114464 0.0193875 0.459339
0 0.894806 0.594377 0.0141775 0.0223338 0.458355
0 0.807176 0.687074 0.0130924 0.0240899 0.45832
0 0.619915 0.285664 0.0210398 0.0337727 0.457847
0 0.928915 0.652317 0.0131252 0.0220153 0.45647
0 0.656655 0.328304 0.0243166 0.0355386 0.455591
0 0.72292 0.234994 0.0159173 0.0259845 0.455446
0 0.124707 0.0287872 0.0170851 0.0269529 0.455251
0 0.527142 0.35256 0.0196533 0.0470894 0.454942
0 0.733176 0.42241 0.0226757 0.0448419 0.453912
0 0.878235 0.123078 0.0138311 0.0251686 0.452556
0 0.866859 0.836018 0.011689 0.0173409 0.451079
0 0.190472 0.221227 0.0155584 0.0346284 0.450869
0 0.494548 0.586738 0.0190084 0.0282154 0.450244
0 0.846032 0.605414 0.0178607 0.028731 0.449653
0 0.839232 0.397401 0.0112814 0.025664 0.448217
0 0.375132 0.618399 0.0202694 0.0339327 0.447276
0 0.255546 0.129895 0.0109587 0.0292844 0.446459
0 0.571265 0.874023 0.0143658 0.0250007 0.446436
0 0.802489 0.548121 0.0172264 0.034934 0.445725
0 0.965881 0.812539 0.0143326 0.0209137 0.444951
0 0.801805 0.205013 0.0137355 0.0380388 0.444292
0 0.351087 0.704336 0.0206808 0.0325311 0.444265
0 0.334712 0.500515 0.0112274 0.0232161 0.440081
0 0.303489 0.437097 0.0154341 0.018627 0.439277
0 0.101225 0.404026 0.0257402 0.0513107 0.437969
0 0.805508 0.29939 0.0176699 0.0295948 0.437444
0 0.24765 0.39625 0.0166713 0.0243031 0.436737
0 0.81876 0.516442 0.0214041 0.0378172 0.436727
0 0.805373 0.00892876 0.0203582 0.0176265 0.436371
0 0.750986 0.395927 0.020502 0.0342169 0.434732
0 0.664051 0.178366 0.0179836 0.0346181 0.433689
0 0.758336 0.563294 0.0236282 0.0413618 0.433501
0 0.480852 0.388856 0.0164766 0.0266886 0.433284
0 0.417542 0.125658 0.0161751 0.027793 0.433211
0 0.85973 0.243556 0.0151175 0.0239602 0.430961
0 0.498456 0.622688 0.0176708 0.0274358 0.430827
0 0.927155 0.919818 0.0127831 0.0190642 0.429937
0 0.588782 0.800042 0.0198647 0.0249863 0.429765
0 0.163848 0.0970056 0.0176173 0.0298823 0.429439
0 0.258308 0.0683183 0.0152627 0.0241863 0.428602
0 0.275404 0.0116336 0.0154335 0.021848 0.426244
0 0.16715 0.160884 0.0183107 0.0315548 0.426076
0 0.0339889 0.0948295 0.012258 0.0287595 0.426066
0 0.798533 0.779335 0.0149754 0.0264475 0.425514
0 0.0643883 0.654512 0.0131622 0.0208584 0.425165
0 0.921999 0.989323 0.014978 0.0196818 0.424844
0 0.907875 0.207851 0.0180347 0.0289947 0.424437
0 0.51127 0.104202 0.0219046 0.0292271 0.423969
0 0.183545 0.169441 0.0189506 0.0377921 0.423963
0 0.323327 0.0541037 0.020385 0.0415894 0.423405
0 0.970763 0.741325 0.0140299 0.0182363 0.423172
0 0.539112 0.783088 0.0161909 0.0338155 0.421361
0 0.843215 0.908515 0.0170349 0.0297534 0.42
0 0.25977 0.428055 0.0137041 0.0210855 0.419862
0 0.353848 0.151309 0.0240461 0.0332274 0.419477
0 0.954491 0.319205 0.0191063 0.0303292 0.417581
0 0.965057 0.084443 0.018449 0.0296047 0.417209
0 0.815657 0.0981013 0.0125942 0.0188803 0.41667
0 0.849372 0.0874534 0.022554 0.0351332 0.416585
0 0.279221 0.143573 0.0187972 0.0308424 0.415778
0 0.782391 0.358987 0.0150242 0.0240144 0.415628
0 0.610384 0.660787 0.0151348 0.0307055 0.415159
0 0.149861 0.191276 0.0160297 0.0314039 0.415115
0 0.499255 0.332964 0.0167828 0.032486 0.414756
0 0.774712 0.0917194 0.019401 0.033042 0.414447
0 0.514661 0.104513 0.0174604 0.0298272 0.414222
0 0.278088 0.286629 0.0210922 0.0401176 0.412076
0 0.478684 0.522538 0.0177665 0.0321469 0.41205
0 0.993559 0.576106 0.0128815 0.0224797 0.411931
0 0.9158 0.0426186 0.0119171 0.024391 0.411531
0 0.092634 0.539881 0.0211776 0.0355501 0.411386
0 0.861135 0.803914 0.0145576 0.0214654 0.411281
0 0.489737 0.109865 0.0175885 0.0289283 0.411132
0 0.800355 0.334768 0.0145046 0.0285887 0.410138
0 0.209589 0.203445 0.0175714 0.026282 0.408452
0 0.448427 0.529219 0.0185789 0.035398 0.406851
0 0.517403 0.187302 0.0156176 0.0240177 0.40669
0 0.465048 0.0852872 0.0157689 0.0300188 0.406672
0 0.281003 0.188273 0.0120823 0.0284793 0.406082
0 0.101214 0.116509 0.0191731 0.0358307 0.406072
0 0.889882 0.218379 0.0136979 0.0239962 0.403675
0 0.369489 0.0118222 0.0190655 0.0236444 0.403427
0 0.952176 0.849005 0.013438 0.018496 0.401318
0 0.622168 0.345871 0.0153103 0.0301671 0.401087
0 0.822711 0.922239 0.0214455 0.0418552 0.397672
0 0.9576 0.781455 0.0134923 0.020585 0.397301
0 0.240512 0.0485175 0.0157742 0.0276441 0.39707
0 0.0994351 0.39884 0.0315253 0.0622677 0.396844
0 0.566833 0.814785 0.0189224 0.0319373 0.396557
0 0.462394 0.054142 0.0177469 0.0234682 0.391973
0 0.589058 0.637145 0.0125904 0.024523 0.391913
0 0.5794 0.188979 0.0125373 0.0221397 0.391215
0 0.993754 0.67541 0.0124917 0.023779 0.390955
0 0.851748 0.278262 0.0145489 0.026504 0.390747
0 0.865004 0.572073 0.0218506 0.0328703 0.389607
0 0.734623 0.428824 0.0192229 0.0328477 0.387785
0 0.994007 0.190283 0.011986 0.0318882 0.38624
0 0.940899 0.44299 0.0234119 0.0388643 0.385508
0 0.967646 0.645867 0.0147663 0.0252574 0.381496
0 0.722996 0.471008 0.0156439 0.0293069 0.381475
0 0.273139 0.47405 0.0190475 0.0255349 0.381205
0 0.0645171 0.572716 0.0203155 0.0360943 0.380934
0 0.980254 0.8775 0.0143509 0.0196275 0.380878
0 0.542806 0.486877 0.0173386 0.0324163 0.378743
0 0.0977312 0.0130309 0.0200703 0.0258402 0.378694
0 0.583815 0.667401 0.0146227 0.0291117 0.378222
0 0.192945 0.464099 0.0181842 0.0296607 0.37722
0 0.99058 0.538675 0.0134628 0.0176127 0.376308
0 0.155933 0.0606703 0.0124155 0.020157 0.37579
0 0.0551931 0.854822 0.0170652 0.0252491 0.375054
0 0.766675 0.465072 0.0171153 0.0289829 0.37489
0 0.0198542 0.399174 0.013985 0.0188132 0.374252
0 0.79624 0.650705 0.0152631 0.021869 0.374046
0 0.959251 0.982889 0.0134256 0.0195733 0.373765
0 0.779039 0.241073 0.018929 0.0331308 0.373516
0 0.660927 0.326749 0.0183043 0.0357641 0.373006
0 0.573438 0.989189 0.0173916 0.0203688 0.371924
0 0.679492 0.633173 0.0134521 0.0254893 0.371763
0 0.416877 0.355673 0.0214432 0.0353744 0.371757
0 0.270925 0.0495182 0.0245816 0.0502597 0.371708
0 0.135763 0.973755 0.0296502 0.0507429 0.371145
0 0.432999 0.331683 0.0119602 0.0277287 0.370277
0 0.573988 0.0463479 0.0170889 0.0322747 0.370087
0 0.825158 0.250614 0.0132404 0.0311739 0.368249
0 0.980275 0.978243 0.0142043 0.0211582 0.366099
0 0.0360071 0.421071 0.0131601 0.0202374 0.365432
0 0.695768 0.853403 0.0142838 0.0264289 0.365198
0 0.79239 0.394904 0.0176697 0.02721 0.364182
0 0.322407 0.0605297 0.019304 0.031532 0.362887
0 0.529133 0.706481 0.0117216 0.0251487 0.362868
0 0.559419 0.620702 0.0153305 0.0303826 0.361605
0 0.288246 0.574465 0.0203047 0.0291959 0.360688
0 0.78276 0.778879 0.0123857 0.0225901 0.360326
0 0.425876 0.545869 0.0182919 0.0386519 0.36006
0 0.552525 0.910185 0.015063 0.0294427 0.359196
0 0.957685 0.227575 0.013118 0.0269059 0.357907
0 0.462372 0.26722 0.0162851 0.0305338 0.357218
0 0.67649 0.400165 0.0179705 0.0404192 0.356903
0 0.710914 0.2997 0.0153615 0.0265415 0.356755
0 0.335109 0.686977 0.01255 0.0248325 0.356544
0 0.217188 0.431611 0.0175044 0.0295002 0.35543
0 0.448793 0.582325 0.0199596 0.0305361 0.354907
0 0.443426 0.679658 0.0223385 0.0360653 0.354802
0 0.572499 0.0406532 0.0170963 0.0268472 0.354061
0 0.241278 0.355358 0.0175045 0.0340622 0.353388
0 0.990648 0.842457 0.0150219 0.021029 0.352912
0 0.450181 0.290385 0.0139105 0.0246894 0.351188
0 0.692097 0.0778843 0.0180234 0.0289815 0.350473
0 0.652589 0.330328 0.018679 0.0335301 0.348664
0 0.345985 0.606478 0.0241 0.038161 0.347898
0 0.00595843 0.687346 0.0117369 0.0201072 0.346902
0 0.95028 0.357417 0.0192867 0.0326363 0.34509
0 0.61679 0.610003 0.0171575 0.0284422 0.344279
0 0.834394 0.57128 0.02528 0.0380846 0.343537
0 0.00445478 0.647946 0.00890336 0.0387244 0.343442
0 0.220903 0.065822 0.0160128 0.025047 0.342577
0 0.0671781 0.541593 0.0185163 0.0305327 0.342141
0 0.533126 0.941263 0.013229 0.0189631 0.341691
0 0.59012 0.730748 0.0152136 0.0294691 0.338561
0 0.90227 0.428265 0.0147385 0.0280936 0.336236
0 0.401023 0.186221 0.0123205 0.0246357 0.335137
0 0.934784 0.288813 0.0140583 0.0247112 0.334769
0 0.647512 0.176493 0.0184818 0.0402673 0.334503
0 0.659633 0.582964 0.0315649 0.054538 0.334248
0 0.707493 0.657871 0.010968 0.0226763 0.333516
0 0.972396 0.226091 0.0151655 0.033904 0.332972
0 0.434005 0.47574 0.0147139 0.0288929 0.331529
0 0.731782 0.825382 0.0161922 0.0323698 0.329759
0 0.0334011 0.140307 0.0198256 0.0329861 0.32832
0 0.694163 0.931557 0.0211867 0.0374686 0.327905
0 0.343755 0.303661 0.0173332 0.0317919 0.327873
0 0.616401 0.515479 0.019333 0.0321511 0.325973
0 0.907921 0.349702 0.0159491 0.0265263 0.32588
0 0.8076 0.409996 0.0114231 0.0219866 0.32373
0 0.73737 0.725255 0.0173164 0.0336436 0.323397
0 0.230998 0.450858 0.0151317 0.033463 0.32295
0 0.923936 0.379635 0.0237762 0.036733 0.320793
0 0.686164 0.222873 0.0202242 0.0368606 0.320242
0 0.629001 0.027127 0.0171401 0.0231669 0.320105
0 0.898585 0.0689301 0.0157617 0.0241731 0.318152
0 0.351967 0.275746 0.0201026 0.0262245 0.317573
0 0.830371 0.00911286 0.0171021 0.0180398 0.315553
0 0.956404 0.150644 0.0146923 0.0301723 0.314521
0 0.00511349 0.300986 0.0101945 0.0284444 0.314328
0 0.53119 0.707698 0.0135262 0.0246047 0.313881
0 0.553331 0.0250315 0.0140867 0.0258141 0.312761
0 0.172775 0.07045 0.014352 0.0219189 0.310733
0 0.870373 0.176139 0.015239 0.0250706 0.310091
0 0.739151 0.884775 0.0194593 0.0406002 0.309716
0 0.664008 0.591623 0.0236492 0.0404273 0.307854
0 0.854722 0.768806 0.0117252 0.0184562 0.306626
0 0.569108 0.530587 0.0167871 0.0247625 0.306316
0 0.642484 0.0528681 0.0201847 0.0253295 0.305988
0 0.241042 0.157484 0.0155442 0.0328114 0.304853
0 0.490941 0.425548 0.0185629 0.0399499 0.30463
0 0.0662903 0.916125 0.0165844 0.0219598 0.304009
0 0.855622 0.416546 0.0171227 0.0232883 0.303216
0 0.979802 0.049271 0.0167431 0.0337539 0.301558
0 0.300379 0.101551 0.0173763 0.02322 0.300654
0 0.501446 0.504027 0.018276 0.0306911 0.299774
0 0.356466 0.661245 0.0157977 0.0278872 0.296287
0 0.694461 0.62246 0.0179432 0.0335082 0.295567
0 0.324833 0.44394 0.0141131 0.0203717 0.295097
0 0.691097 0.415972 0.0129077 0.0234661 0.294106
0 0.973648 0.680907 0.0124371 0.0219459 0.293703
0 0.447044 0.104437 0.0158742 0.0240018 0.293693
0 0.145166 0.092848 0.0127311 0.0298417 0.292504
0 0.760324 0.302324 0.0173559 0.022228 0.290302
0 0.0895565 0.907016 0.0184764 0.0307261 0.290159
0 0.856247 0.392671 0.0188717 0.0312295 0.289971
0 0.815262 0.723539 0.0169491 0.0294705 0.28937
0 0.256211 0.24949 0.0257251 0.04508 0.288962
0 0.041733 0.279967 0.019883 0.0336893 0.288877
0 0.463875 0.299123 0.0145329 0.0187684 0.287982
0 0.48889 0.23349 0.0184549 0.0264394 0.287466
0 0.701872 0.325213 0.0149456 0.0275336 0.287083
0 0.677564 0.331509 0.0114079 0.0300896 0.286935
0 0.582188 0.567148 0.0201832 0.0355207 0.286099
0 0.513309 0.596373 0.0124608 0.0228719 0.284916
0 0.870555 0.993203 0.0216019 0.0124495 0.284063
0 0.525098 0.641735 0.0183348 0.02886 0.282314
0 0.8351 0.397241 0.0134148 0.027713 0.281882
0 0.31085 0.306087 0.0135066 0.0204286 0.281434
0 0.00650916 0.26567 0.0126049 0.0314811 0.280057
0 0.788809 0.991931 0.020797 0.0147481 0.278381
0 0.921877 0.382131 0.0191086 0.0322856 0.277978
0 0.418165 0.0295447 0.0196981 0.0294462 0.27784
0 0.737233 0.259457 0.0112666 0.0267927 0.275299
0 0.34434 0.61132 0.0250085 0.0433699 0.274645
0 0.814183 0.981452 0.0181717 0.0342541 0.273388
0 0.212964 0.46451 0.020201 0.029431 0.273208
0 0.991996 0.0694013 0.0157436 0.031975 0.273206
0 0.556486 0.96721 0.016701 0.0202861 0.272631
0 0.646264 0.129536 0.0174255 0.0220283 0.27242
0 0.78034 0.315999 0.0235891 0.033385 0.271066
0 0.519424 0.693591 0.0148428 0.0302234 0.270945
0 0.578913 0.959049 0.0169657 0.0286762 0.27056
0 0.706045 0.657872 0.0103001 0.025395 0.268016
0 0.619332 0.344396 0.0186944 0.0343274 0.266907
0 0.330862 0.413451 0.0156285 0.0250173 0.266572
0 0.835249 0.229542 0.0105724 0.0238377 0.266557
0 0.6807 0.150067 0.0215093 0.0316202 0.263318
0 0.798004 0.775965 0.0171124 0.0251811 0.261287
0 0.761373 0.695293 0.0152725 0.0347078 0.25816
0 0.964625 0.105159 0.0154943 0.0210303 0.256948
0 0.885984 0.416961 0.0163067 0.0278158 0.256935
0 0.0315429 0.260619 0.0221038 0.0484681 0.256569
0 0.736822 0.283525 0.0132372 0.0235453 0.255848
0 0.319556 0.0944211 0.0138738 0.0252882 0.255842
0 0.471697 0.849115 0.0145048 0.0235036 0.255557
0 0.464393 0.419578 0.0134768 0.0416456 0.253911
0 0.557942 0.854773 0.01867 0.0351018 0.253473
0 0.801471 0.264167 0.0185423 0.0298507 0.252918
0 0.583227 0.795211 0.0164316 0.0218201 0.252826
0 0.629109 0.420352 0.019198 0.037744 0.252501
0 0.759433 0.363193 0.0172798 0.0268914 0.252147
0 0.684734 0.896698 0.0202899 0.0295366 0.248981
0 0.382166 0.52108 0.0167427 0.0255008 0.248439
0 0.802602 0.945251 0.01868 0.0389869 0.247343
0 0.0105297 0.560519 0.0184045 0.0277198 0.246282
0 0.848308 0.350375 0.0130174 0.0214989 0.245027
0 0.0342781 0.264214 0.0265325 0.0556548 0.244898
0 0.6944 0.81908 0.0158173 0.025434 0.243258
0 0.086389 0.0936527 0.0172163 0.030971 0.241826
0 0.0916902 0.260191 0.0198058 0.0341414 0.241662
0 0.406418 0.634557 0.017198 0.0264426 0.240352
0 0.379311 0.344876 0.0237989 0.0358326 0.239889
0 0.890457 0.55448 0.0163818 0.0311483 0.239476
0 0.377144 0.474129 0.0118285 0.0191703 0.239125
0 0.520902 0.696442 0.0140111 0.0269384 0.237756
0 0.322654 0.60182 0.016821 0.0298549 0.237578
0 0.650659 0.29116 0.0128927 0.0197781 0.236108
0 0.821016 0.508204 0.0228996 0.0356088 0.234928
0 0.654437 0.578957 0.0235463 0.0468862 0.233418
0 0.794312 0.47464 0.016482 0.025504 0.23305
0 0.020906 0.0480353 0.0182954 0.0270252 0.23299
0 0.34928 0.601897 0.018598 0.030948 0.232745
0 0.738603 0.0715064 0.0210947 0.034412 0.232297
0 0.937707 0.176015 0.0167423 0.0264222 0.231681
0 0.805588 0.409618 0.0115988 0.0232693 0.23146
0 0.957335 0.230013 0.0162388 0.0261942 0.231215
0 0.88773 0.0105018 0.0209749 0.0200022 0.231096
0 0.881313 0.183226 0.0108538 0.0219593 0.231089
0 0.924083 0.342321 0.0160774 0.0260619 0.229134
0 0.0896498 0.154959 0.0154075 0.0247956 0.228838
0 0.220365 0.0391719 0.0141671 0.024226 0.228359
0 0.648173 0.682613 0.013736 0.023121 0.227773
0 0.157717 0.309904 0.0219697 0.0398517 0.226571
0 0.454317 0.20296 0.015159 0.0253627 0.226036
0 0.256634 0.510738 0.020082 0.0332389 0.22395
0 0.915426 0.122048 0.0208408 0.0391973 0.223881
0 0.0626277 0.112066 0.0155934 0.0352693 0.223655
0 0.770922 0.742729 0.0216207 0.0366925 0.223641
0 0.629277 0.661573 0.0110367 0.026887 0.223251
0 0.565301 0.755085 0.0155343 0.0289171 0.223155
0 0.981145 0.0537468 0.0163876 0.0328113 0.222878
0 0.780938 0.244704 0.0183795 0.0280098 0.221904
0 0.919355 0.383803 0.0161478 0.029737 0.220485
0 0.85669 0.10424 0.0182564 0.0352506 0.219679
0 0.995295 0.505931 0.00941067 0.0222032 0.219148
0 0.855702 0.398428 0.0195698 0.037804 0.2191
0 0.129774 0.943374 0.021829 0.0315882 0.218092
0 0.554829 0.991906 0.0168875 0.015174 0.216466
0 0.967692 0.546712 0.0159758 0.0239337 0.216423
0 0.737482 0.413893 0.018911 0.0451982 0.215453
0 0.582891 0.254294 0.0154739 0.0279179 0.213749
0 0.0375091 0.275615 0.0258157 0.0399468 0.21337
0 0.870614 0.272624 0.0144766 0.0277206 0.212709
0 0.375102 0.4195 0.0117417 0.0259876 0.212575
0 0.212038 0.206646 0.0205814 0.0289257 0.212482
0 0.0711175 0.0182696 0.0144185 0.0297905 0.211946
0 0.822331 0.437501 0.0133925 0.0223831 0.211491
0 0.477483 0.516021 0.0199049 0.0408784 0.210253
0 0.29342 0.128223 0.0121468 0.0269742 0.210155
0 0.268073 0.390985 0.0244553 0.044456 0.209507
0 0.534026 0.942605 0.0167377 0.0197971 0.209221
0 0.142512 0.27174 0.0168108 0.019708 0.206964
0 0.703419 0.546338 0.0144442 0.0252361 0.206895
0 0.290385 0.533086 0.0133975 0.0220671 0.206691
0 0.917191 0.112009 0.0183014 0.0314634 0.206386
0 0.523862 0.702084 0.0147915 0.0267276 0.203976
0 0.309574 0.0254419 0.0119579 0.0234761 0.203787
0 0.966755 0.145683 0.0165058 0.0300263 0.203609
0 0.486568 0.426025 0.025739 0.0411224 0.203443
0 0.864182 0.443221 0.0152626 0.0270372 0.203058
0 0.640439 0.275192 0.0181206 0.0320399 0.203039
0 0.523379 0.222764 0.0149811 0.0197042 0.202195
0 0.977515 0.776544 0.0143087 0.0261892 0.201626
0 0.390779 0.0392095 0.0177783 0.030512 0.201244
0 0.933605 0.126667 0.014996 0.0267369 0.198954
0 0.436328 0.118488 0.0139471 0.0241674 0.198581
0 0.0532803 0.0854499 0.0182946 0.0335959 0.198579
0 0.800405 0.915035 0.0178024 0.0227956 0.198178
0 0.553876 0.708646 0.0152382 0.029543 0.197844
0 0.381994 0.348757 0.0293026 0.0411418 0.19732
0 0.328709 0.686166 0.0201277 0.026613 0.197126
0 0.541395 0.0646897 0.0203981 0.0219169 0.196631
0 0.939732 0.0390903 0.0191849 0.0331672 0.196018
0 0.13066 0.238063 0.0164149 0.0323049 0.193972
0 0.823734 0.437696 0.0137264 0.0274966 0.192128
0 0.490981 0.227801 0.0222169 0.037876 0.192128
0 0.669836 0.277668 0.0107853 0.0209141 0.19185
0 0.5124 0.441787 0.0147577 0.0369534 0.191708
0 0.83443 0.1287 0.0178434 0.032585 0.19129
0 0.0487292 0.0313599 0.0203105 0.0299124 0.19112
0 0.88633 0.00808493 0.021734 0.0160735 0.190446
0 0.0147112 0.0760008 0.0233223 0.0362572 0.190258
0 0.854091 0.421318 0.0181068 0.0243085 0.189118
0 0.0190957 0.0761239 0.0175809 0.0327961 0.188421
0 0.480942 0.427733 0.0220892 0.0405758 0.18551
0 0.249941 0.249846 0.0168864 0.0428295 0.183665
0 0.607799 0.138978 0.013067 0.021098 0.183448
0 0.635786 0.818504 0.0162018 0.0274394 0.182542
0 0.260281 0.249265 0.0231722 0.0405455 0.182021
0 0.668459 0.792308 0.0198261 0.035414 0.181959
0 0.091383 0.0582497 0.0128803 0.0219495 0.181728
0 0.374354 0.659355 0.0197168 0.0308697 0.181322
0 0.298655 0.493379 0.015791 0.0266442 0.181269
0 0.737169 0.273519 0.0132627 0.0322259 0.180897
0 0.960309 0.260212 0.0212648 0.0328939 0.180874
0 0.448701 0.81007 0.0152021 0.0243283 0.179566
0 0.526707 0.191388 0.00980339 0.0233338 0.179332
0 0.813313 0.766205 0.0133804 0.0193966 0.178943
0 0.556241 0.937384 0.0166407 0.0251868 0.177284
0 0.506095 0.103649 0.0152203 0.0277139 0.177162
0 0.853699 0.0987996 0.0228416 0.0410166 0.176231
0 0.858657 0.10756 0.0151859 0.0310867 0.174601
0 0.280075 0.291755 0.0210506 0.0340456 0.174559
0 0.529933 0.356545 0.0187155 0.0413352 0.174541
0 0.422812 0.181423 0.0122904 0.0249802 0.173688
0 0.364817 0.741915 0.0234076 0.0334735 0.17305
0 0.728835 0.512611 0.0169247 0.0265844 0.172779
0 0.769972 0.723771 0.0222023 0.0345011 0.172411
0 0.619003 0.230979 0.0118633 0.0291401 0.171602
0 0.238709 0.154981 0.0151773 0.0365626 0.171284
0 0.834782 0.681666 0.0183865 0.024254 0.170969
0 0.121436 0.239632 0.0304577 0.0379291 0.170859
0 0.0695769 0.334087 0.0268767 0.0598573 0.170622
0 0.355413 0.0964516 0.0201544 0.0367201 0.17062
0 0.178557 0.274495 0.0144796 0.0230476 0.170258
0 0.615287 0.286391 0.021105 0.028495 0.169719
0 0.707461 0.655224 0.0102142 0.0308195 0.169485
0 0.668346 0.277454 0.010182 0.0229867 0.169032
0 0.574659 0.0511717 0.0159262 0.0311028 0.168838
0 0.467147 0.4235 0.0186178 0.0456875 0.167612
0 0.0126926 0.954225 0.0253054 0.0377201 0.167569
0 0.80256 0.939013 0.0199999 0.0468671 0.1675
0 0.0618753 0.162147 0.0194123 0.0317746 0.166502
0 0.603728 0.626219 0.01328 0.0229101 0.166046
0 0.683053 0.312651 0.0158766 0.0200481 0.165789
0 0.152327 0.192613 0.018951 0.0319604 0.165721
0 0.52719 0.745018 0.0166187 0.0306888 0.165284
0 0.689165 0.268095 0.0131077 0.0247714 0.164986
0 0.460379 0.056753 0.0196692 0.0228827 0.164659
0 0.766605 0.123714 0.0181634 0.0280085 0.164537
0 0.996935 0.609221 0.00612996 0.0226476 0.164386
0 0.355851 0.655549 0.0155828 0.0295142 0.164111
0 0.158176 0.42515 0.0171301 0.034799 0.163863
0 0.775978 0.206924 0.0160261 0.0233287 0.162825
0 0.572079 0.0374742 0.0206176 0.0332004 0.162032
0 0.676377 0.864425 0.0184569 0.0320173 0.161837
0 0.722324 0.335093 0.0148207 0.0235781 0.161637
0 0.993302 0.409119 0.0133959 0.0273531 0.161199
0 0.573894 0.657869 0.0212516 0.0352866 0.161196
0 0.415325 0.028454 0.0188732 0.0304023 0.161118
0 0.992502 0.32489 0.0149958 0.0382424 0.160561
0 0.461968 0.259518 0.0185008 0.04154 0.159262
0 0.943728 0.0800551 0.0133731 0.0290619 0.159012
0 0.581069 0.663614 0.0193377 0.0364849 0.158951
0 0.497921 0.588876 0.016613 0.0306208 0.15864
0 0.0343225 0.189293 0.0210515 0.0442916 0.157984
0 0.218649 0.388936 0.0206878 0.0316323 0.157791
0 0.425804 0.0294093 0.0172954 0.0266301 0.157175
0 0.723172 0.551742 0.0229286 0.0335588 0.156795
0 0.58893 0.0907065 0.0181335 0.0315983 0.155639
0 0.262565 0.522124 0.0155415 0.024704 0.155325
0 0.578608 0.770269 0.018939 0.0313287 0.154877
0 0.992706 0.370891 0.014588 0.0281776 0.154539
0 0.750596 0.595926 0.0167288 0.0259344 0.153889
0 0.674664 0.330673 0.012626 0.0307107 0.153781
0 0.00386336 0.18893 0.00772673 0.0195473 0.151976
0 0.682128 0.307488 0.0166636 0.0236203 0.15178
0 0.894674 0.276941 0.010918 0.0176773 0.151762
0 0.295913 0.129642 0.0152032 0.0278845 0.151705
0 0.749933 0.600886 0.0156044 0.0254817 0.151699
0 0.00639597 0.035757 0.0127069 0.028077 0.151444
0 0.325214 0.549352 0.0184532 0.0343394 0.151172
0 0.385655 0.208497 0.0192333 0.0334629 0.15107
0 0.86516 0.636584 0.0130711 0.0212126 0.150466
0 0.889384 0.0126368 0.0209187 0.0182081 0.150442
