0 0.478803 0.17997 0.026619 0.0441314 0.69584
0 0.73701 0.693286 0.020403 0.0412448 0.687518
0 0.367534 0.590032 0.0206092 0.0333484 0.68442
0 0.807618 0.716178 0.0280819 0.0449822 0.67921
0 0.663021 0.417913 0.0237656 0.0365396 0.674181
0 0.458466 0.490058 0.0200645 0.0325943 0.672181
0 0.483102 0.837625 0.0214641 0.0333399 0.671492
0 0.291486 0.798445 0.0235615 0.0371609 0.668192
0 0.548509 0.0874311 0.0250429 0.0402688 0.666521
0 0.488398 0.636088 0.0189108 0.03068 0.665047
0 0.188544 0.927873 0.024957 0.0418838 0.662662
0 0.487445 0.22129 0.0237373 0.0304185 0.662656
0 0.331184 0.53098 0.0208204 0.0459023 0.661814
0 0.862901 0.534766 0.0236195 0.0418527 0.660082
0 0.60437 0.323123 0.0197361 0.0308502 0.657558
0 0.85264 0.781735 0.0234081 0.0419566 0.652543
0 0.991646 0.547448 0.0167089 0.0328783 0.644851
0 0.809115 0.873252 0.017017 0.0392188 0.644772
0 0.335381 0.179506 0.0178083 0.0321546 0.6443
0 0.0905875 0.281707 0.0231708 0.0410873 0.642894
0 0.941661 0.472614 0.0245586 0.0363065 0.642328
0 0.4556 0.810732 0.0209999 0.0422581 0.639301
0 0.942997 0.55886 0.0240738 0.0380941 0.638859
0 0.46672 0.281939 0.0222714 0.0420301 0.638532
0 0.908942 0.415875 0.0210152 0.0298265 0.637441
0 0.469246 0.390464 0.0240735 0.0400092 0.633387
0 0.937016 0.0316887 0.0225718 0.0378282 0.63153
0 0.166283 0.0392725 0.0164589 0.035911 0.630832
0 0.91216 0.705455 0.0234486 0.0332845 0.630453
0 0.118403 0.0529558 0.0191591 0.0400227 0.630401
0 0.965397 0.495706 0.023938 0.0520155 0.629147
0 0.502733 0.794827 0.0194489 0.0341348 0.628656
0 0.346254 0.0619925 0.0189716 0.0362047 0.628614
0 0.294106 0.595594 0.024358 0.0392111 0.628333
0 0.529533 0.374635 0.0248652 0.031507 0.62758
0 0.657636 0.474172 0.0218139 0.0379283 0.626815
0 0.317207 0.146198 0.0214651 0.040146 0.626659
0 0.155382 0.360987 0.0194116 0.0357612 0.626118
0 0.891139 0.349029 0.0191647 0.030152 0.625982
0 0.828069 0.573234 0.0207237 0.0334181 0.625545
0 0.198877 0.862537 0.0311684 0.0536804 0.62482
0 0.885783 0.48914 0.0204361 0.0378964 0.624078
0 0.600983 0.503471 0.0171982 0.0304496 0.622347
0 0.827931 0.467021 0.0174072 0.0319206 0.622213
0 0.843561 0.232398 0.0228916 0.0380988 0.61992
0 0.919034 0.580208 0.0182524 0.0310201 0.61968
0 0.390343 0.063417 0.0334257 0.054419 0.619635
0 0.589227 0.396045 0.0200559 0.0406145 0.617684
0 0.824285 0.799278 0.0243181 0.032407 0.617327
0 0.204129 0.557312 0.0182695 0.0358795 0.616035
0 0.988833 0.674193 0.0211937 0.0325625 0.61556
0 0.454557 0.586171 0.0280011 0.0559772 0.615393
0 0.341648 0.460854 0.0203067 0.0362125 0.61492
0 0.292692 0.183911 0.0199738 0.0371103 0.612856
0 0.282243 0.227557 0.0198847 0.0371168 0.612672
0 0.733093 0.307755 0.0240995 0.0432503 0.612494
0 0.263712 0.28846 0.0174734 0.0301569 0.610672
0 0.603163 0.0527198 0.0182896 0.0325334 0.610593
0 0.352891 0.113367 0.0221045 0.0411214 0.610523
0 0.631891 0.906297 0.0302029 0.0492171 0.607491
0 0.142662 0.0213508 0.0233645 0.0414888 0.6064
0 0.957374 0.635443 0.0186317 0.0295627 0.606071
0 0.597853 0.286997 0.0164195 0.0284426 0.60516
0 0.589787 0.196901 0.0183411 0.0305455 0.604795
0 0.71659 0.639075 0.0174652 0.0367479 0.604394
0 0.655633 0.0821102 0.0189762 0.0293167 0.604158
0 0.89895 0.306543 0.0186543 0.037644 0.603281
0 0.415082 0.0217005 0.0205986 0.0409742 0.599036
0 0.691241 0.670127 0.0205106 0.0383252 0.59878
0 0.954047 0.886614 0.0172333 0.0412204 0.598676
0 0.834223 0.155878 0.0237592 0.0464006 0.59862
0 0.462489 0.0757295 0.0186281 0.0333329 0.595995
0 0.489748 0.936939 0.0230005 0.0344948 0.59427
0 0.287176 0.378662 0.0194667 0.0379501 0.59412
0 0.834846 0.840192 0.0271576 0.033628 0.593286
0 0.0681779 0.434611 0.0244502 0.044685 0.59187
0 0.881316 0.434348 0.0216366 0.0402839 0.591795
0 0.913755 0.616388 0.0200451 0.0403439 0.589659
0 0.365963 0.158388 0.020363 0.0424335 0.589123
0 0.879496 0.70564 0.0264305 0.0468801 0.589099
0 0.705741 0.823781 0.013641 0.0295583 0.586933
0 0.761031 0.935953 0.0126975 0.0305288 0.585164
0 0.126192 0.445611 0.0279092 0.0489161 0.584216
0 0.228184 0.354072 0.03581 0.0493508 0.582116
0 0.903059 0.0988068 0.0170877 0.0297977 0.581962
0 0.443671 0.661298 0.0169719 0.0290617 0.581332
0 0.975806 0.445333 0.0233238 0.0438441 0.580277
0 0.417679 0.825637 0.0177656 0.0358704 0.575591
0 0.720953 0.243523 0.018512 0.0258812 0.575342
0 0.775194 0.104884 0.0172506 0.0324209 0.574306
0 0.562309 0.400449 0.0271273 0.0492618 0.57273
0 0.798241 0.241348 0.0219515 0.0369775 0.572399
0 0.896498 0.897914 0.0220989 0.0372945 0.5683
0 0.630422 0.198145 0.0211041 0.0309358 0.564163
0 0.879917 0.832468 0.0144882 0.0312354 0.561726
0 0.552554 0.603119 0.0201424 0.0330937 0.559754
0 0.583802 0.123636 0.0193532 0.0394404 0.559559
0 0.679868 0.223852 0.0221121 0.0418194 0.559203
0 0.739637 0.557205 0.0163801 0.0316689 0.558854
0 0.694022 0.165556 0.0180742 0.0309436 0.557131
0 0.215229 0.0430523 0.0179647 0.0314938 0.554945
0 0.899416 0.461117 0.0166954 0.0254031 0.553646
0 0.299685 0.913944 0.0198336 0.0345747 0.552527
0 0.545041 0.275611 0.0166256 0.0280704 0.551112
0 0.724066 0.0311379 0.0249968 0.0444687 0.549828
0 0.732624 0.358687 0.0175697 0.0352248 0.549687
0 0.763026 0.901076 0.0174868 0.02657 0.549319
0 0.240007 0.677192 0.0262415 0.0411861 0.548676
0 0.335244 0.633603 0.0221516 0.0337923 0.548622
0 0.782387 0.914872 0.0171701 0.0286228 0.548364
0 0.867334 0.216379 0.0165827 0.030941 0.548063
0 0.679965 0.115956 0.015088 0.0298807 0.547774
0 0.912567 0.0120924 0.0258591 0.0241849 0.547284
0 0.342175 0.7692 0.0175705 0.0294861 0.547014
0 0.238725 0.0603938 0.0208807 0.0395291 0.546224
0 0.792204 0.288943 0.0191383 0.0358655 0.544976
0 0.754265 0.159894 0.0222473 0.0423655 0.544091
0 0.646068 0.984192 0.0167646 0.0272054 0.543136
0 0.919807 0.972754 0.0156761 0.0312393 0.542352
0 0.0926499 0.0468496 0.0193367 0.0323711 0.539523
0 0.866513 0.0367897 0.0212986 0.0338389 0.538807
0 0.587342 0.733141 0.0151979 0.0260644 0.538316
0 0.912988 0.94146 0.0168818 0.0297567 0.536955
0 0.288788 0.726437 0.0131336 0.0290022 0.535602
0 0.535724 0.238557 0.0155313 0.0284684 0.534461
0 0.952863 0.591854 0.0172527 0.028178 0.534023
0 0.986714 0.283408 0.0239328 0.0403499 0.529999
0 0.626007 0.447875 0.01917 0.0346661 0.528993
0 0.736928 0.496974 0.017093 0.0289565 0.528802
0 0.579742 0.123277 0.0267939 0.039768 0.528431
0 0.642642 0.544631 0.0237003 0.0469525 0.525628
0 0.628877 0.859806 0.0160791 0.0282617 0.524722
0 0.85771 0.30434 0.0175456 0.0320314 0.522067
0 0.724535 0.817968 0.0141351 0.0221398 0.521194
0 0.41976 0.891181 0.016204 0.033273 0.520789
0 0.91621 0.671167 0.0193649 0.0323507 0.520079
0 0.139812 0.139547 0.0149715 0.0260596 0.515867
0 0.412667 0.691283 0.0256246 0.0531648 0.515018
0 0.657517 0.170398 0.0194566 0.0440537 0.513957
0 0.0557703 0.0233016 0.0258196 0.045392 0.513171
0 0.841766 0.0599281 0.0181171 0.0413712 0.512023
0 0.401303 0.658773 0.0176984 0.0321834 0.511326
0 0.666813 0.949224 0.0180135 0.0336521 0.50926
0 0.80924 0.285939 0.0152084 0.0269425 0.508921
0 0.812808 0.612075 0.0159189 0.0298218 0.508121
0 0.639016 0.589075 0.0172276 0.0191118 0.507637
0 0.655951 0.16476 0.0226594 0.0537541 0.507593
0 0.0833587 0.114102 0.01771 0.0344444 0.505854
0 0.93597 0.710788 0.0137283 0.0306676 0.505766
0 0.630144 0.648001 0.0151124 0.0292718 0.505197
0 0.150592 0.310426 0.0148438 0.0323667 0.504819
0 0.178593 0.238978 0.0233597 0.0353983 0.503517
0 0.883342 0.213928 0.0165972 0.0344699 0.503146
0 0.805207 0.929029 0.0160971 0.0259032 0.503131
0 0.0590224 0.132398 0.0185664 0.0364222 0.499851
0 0.732949 0.460484 0.0169371 0.0283576 0.499357
0 0.885149 0.634934 0.0216511 0.0323204 0.499208
0 0.725105 0.581168 0.0159771 0.0335704 0.495195
0 0.474897 0.987972 0.0180079 0.0231462 0.490372
0 0.656529 0.1155 0.0177551 0.026951 0.490068
0 0.360965 0.524646 0.0136846 0.0285954 0.487751
0 0.691106 0.516797 0.0123772 0.030011 0.487131
0 0.955917 0.668577 0.0223958 0.0348165 0.486372
0 0.628833 0.499609 0.0156534 0.0278751 0.485528
0 0.267754 0.423854 0.0164126 0.0241808 0.485364
0 0.893239 0.591725 0.0172516 0.033315 0.48153
0 0.313006 0.420612 0.0266267 0.0472031 0.479729
0 0.250864 0.719409 0.0148127 0.0266535 0.478985
0 0.803491 0.101619 0.0205658 0.0430732 0.478919
0 0.739185 0.742053 0.0171764 0.033138 0.47695
0 0.80432 0.466091 0.0211158 0.0377914 0.475466
0 0.619316 0.522323 0.0154945 0.0289332 0.473939
0 0.537536 0.159749 0.0240164 0.036611 0.471874
0 0.576043 0.355329 0.0204349 0.0434054 0.469001
0 0.71543 0.407271 0.0149245 0.0233273 0.46879
0 0.299247 0.0223612 0.0180173 0.0384051 0.467701
0 0.855025 0.596866 0.0201801 0.0341748 0.466736
0 0.959538 0.05163 0.0210163 0.0420181 0.466059
0 0.9491 0.786981 0.0221058 0.0308472 0.466015
0 0.675015 0.780087 0.0197041 0.0286002 0.463483
0 0.628123 0.345924 0.0206131 0.0298171 0.463482
0 0.412151 0.697966 0.0231152 0.0443219 0.463161
0 0.630717 0.311579 0.0173489 0.0298789 0.462789
0 0.382551 0.898548 0.0233912 0.0345703 0.462302
0 0.836602 0.883462 0.0224524 0.0330795 0.462162
0 0.191019 0.0180753 0.0157035 0.0270976 0.461307
0 0.53048 0.634744 0.0175531 0.0270554 0.460662
0 0.60879 0.875192 0.0222 0.0396281 0.459546
0 0.800253 0.976451 0.0164181 0.0365469 0.458318
0 0.331285 0.390152 0.0144266 0.0253191 0.457987
0 0.0385006 0.33217 0.0192878 0.0338455 0.453833
0 0.547259 0.685562 0.0297939 0.0591181 0.452449
0 0.285147 0.469705 0.0136752 0.0259806 0.452317
0 0.514875 0.309728 0.0165852 0.0321616 0.450478
0 0.191672 0.520943 0.0205819 0.0378086 0.449887
0 0.211574 0.0807492 0.0254674 0.0381486 0.447284
0 0.376876 0.0188866 0.0258252 0.0364253 0.440832
0 0.0312463 0.151192 0.0200113 0.0342984 0.440221
0 0.703401 0.531116 0.0140409 0.026662 0.434657
0 0.878896 0.313146 0.0149822 0.024667 0.433562
0 0.377411 0.270739 0.0155031 0.0299328 0.433438
0 0.912168 0.155045 0.0132683 0.0259151 0.431702
0 0.518464 0.237532 0.0164253 0.0311633 0.431249
0 0.338985 0.886186 0.0131631 0.021189 0.430679
0 0.932205 0.652924 0.0181414 0.0366309 0.429584
0 0.63922 0.405697 0.015216 0.0294935 0.425837
0 0.267724 0.507427 0.0139514 0.0233063 0.424836
0 0.832541 0.323813 0.0260014 0.0349949 0.422412
0 0.827978 0.430597 0.0178226 0.0302055 0.417857
0 0.400123 0.855905 0.0187439 0.0402323 0.41763
0 0.479676 0.905032 0.0154848 0.0253621 0.417234
0 0.889492 0.255541 0.0176122 0.0302501 0.41575
0 0.551879 0.736846 0.0160303 0.0248854 0.414116
0 0.824307 0.0356462 0.0143316 0.0276204 0.413822
0 0.610114 0.10967 0.0140097 0.024359 0.41331
0 0.797778 0.514087 0.0334929 0.0524699 0.412052
0 0.662688 0.00855361 0.0209639 0.0164293 0.404228
0 0.775104 0.262906 0.016466 0.0265606 0.402022
0 0.768698 0.454961 0.0206867 0.0372887 0.400657
0 0.338554 0.794736 0.0161003 0.0247162 0.400633
0 0.933657 0.595753 0.012245 0.0253227 0.399484
0 0.907696 0.213716 0.0194862 0.0351924 0.397298
0 0.581442 0.676454 0.0180724 0.0279955 0.396015
0 0.205293 0.761553 0.0200859 0.0302599 0.392085
0 0.0915509 0.413343 0.021015 0.0396118 0.390814
0 0.692187 0.401039 0.0182022 0.0305285 0.389746
0 0.687939 0.0325946 0.0213046 0.0401575 0.389426
0 0.709193 0.209875 0.0248266 0.0352133 0.388717
0 0.932571 0.911772 0.0189007 0.0293876 0.388578
0 0.262605 0.955235 0.0183307 0.031176 0.388501
0 0.535725 0.325293 0.0200996 0.0367173 0.388299
0 0.61693 0.262948 0.0154065 0.0314184 0.388215
0 0.103184 0.0089418 0.0176435 0.017126 0.388062
0 0.31906 0.589716 0.0168953 0.0278057 0.387863
0 0.24336 0.42278 0.018956 0.0355979 0.38694
0 0.258137 0.620016 0.0206727 0.0313615 0.386363
0 0.632059 0.246236 0.0186104 0.0283646 0.385858
0 0.935395 0.428285 0.0163754 0.0325807 0.385632
0 0.917187 0.745579 0.0200747 0.029846 0.385036
0 0.970331 0.848836 0.0134609 0.0256246 0.383708
0 0.224185 0.44114 0.0134953 0.028811 0.38329
0 0.695034 0.98833 0.0156998 0.0223226 0.383006
0 0.388121 0.936638 0.0162612 0.0311354 0.382713
0 0.177052 0.102615 0.0153016 0.0283679 0.382385
0 0.540043 0.539057 0.0120906 0.0226939 0.382262
0 0.709191 0.597092 0.0161405 0.0275049 0.381875
0 0.365591 0.640212 0.0130477 0.0305709 0.380975
0 0.184174 0.819381 0.0224432 0.0385327 0.380756
0 0.105575 0.131705 0.015273 0.030402 0.379758
0 0.249344 0.502752 0.0176694 0.0206247 0.378552
0 0.424506 0.614546 0.0276007 0.0502933 0.378395
0 0.751318 0.274511 0.0238227 0.0272222 0.377863
0 0.783608 0.359186 0.0320477 0.0508695 0.376643
0 0.140106 0.286639 0.0159511 0.0205927 0.370941
0 0.953641 0.963631 0.0205341 0.0360051 0.370664
0 0.921189 0.324342 0.0175337 0.0331395 0.368809
0 0.41755 0.967415 0.0154142 0.0251736 0.367825
0 0.0449663 0.404775 0.0253663 0.0424084 0.367139
0 0.902977 0.804158 0.0152123 0.0297077 0.36692
0 0.986579 0.756405 0.0268347 0.0514088 0.366158
0 0.204125 0.30965 0.0157879 0.0314291 0.366144
0 0.990391 0.481878 0.0192181 0.0330514 0.364368
0 0.469434 0.11375 0.0170404 0.0308785 0.359771
0 0.302547 0.698096 0.0100764 0.0250583 0.359261
0 0.277632 0.0227392 0.0195616 0.0423761 0.358397
0 0.432704 0.727894 0.0136511 0.0243313 0.357079
0 0.871071 0.154752 0.0151587 0.0306659 0.356765
0 0.981247 0.964864 0.0134351 0.0317696 0.355694
0 0.928309 0.15091 0.0163586 0.023676 0.35511
0 0.531785 0.0709645 0.0168156 0.0343198 0.354867
0 0.745547 0.882357 0.0129963 0.0340224 0.353232
0 0.365523 0.552881 0.0159238 0.0267024 0.350693
0 0.704976 0.0108191 0.0212441 0.0200185 0.35022
0 0.260424 0.0520509 0.0173928 0.0285399 0.350137
0 0.159861 0.175788 0.0215974 0.0283292 0.349987
0 0.859022 0.48933 0.0198509 0.0313937 0.34968
0 0.666292 0.720095 0.0169521 0.0357985 0.348831
0 0.750715 0.270941 0.0267501 0.0281952 0.347952
0 0.746018 0.623932 0.0234791 0.0465142 0.346279
0 0.465692 0.0131639 0.0213457 0.0263004 0.344046
0 0.894819 0.96009 0.0177999 0.035183 0.343592
0 0.376552 0.81756 0.0123254 0.0288693 0.343186
0 0.524742 0.534021 0.0138693 0.0207511 0.341531
0 0.759825 0.0496569 0.026244 0.0598502 0.337783
0 0.804153 0.564149 0.016077 0.0301015 0.337351
0 0.897968 0.668745 0.0129375 0.0262736 0.336978
0 0.0512199 0.574235 0.0204569 0.0424746 0.336457
0 0.299175 0.255485 0.0215957 0.0436746 0.336232
0 0.37769 0.122023 0.0148926 0.0264484 0.335034
0 0.995477 0.096265 0.00904598 0.0396223 0.334348
0 0.758601 0.0419756 0.0257011 0.0427529 0.333496
0 0.219011 0.48942 0.0177971 0.0383523 0.333179
0 0.992499 0.516381 0.0150028 0.0291792 0.329669
0 0.410575 0.684009 0.0270604 0.0470639 0.324636
0 0.266933 0.821225 0.0210239 0.0387036 0.324156
0 0.0686527 0.257346 0.0163657 0.0270411 0.323573
0 0.857687 0.00797484 0.0203194 0.0159497 0.323049
0 0.703827 0.0806087 0.0150813 0.0290613 0.322518
0 0.271896 0.106753 0.0236547 0.0336485 0.319812
0 0.220244 0.268457 0.0176801 0.029205 0.319369
0 0.393025 0.968133 0.0180797 0.0282017 0.318551
0 0.0132397 0.250445 0.0219296 0.0326836 0.318199
0 0.673667 0.349097 0.017577 0.0324849 0.317963
0 0.00267272 0.17931 0.00534544 0.0288984 0.317924
0 0.881097 0.568807 0.0167585 0.0217683 0.315046
0 0.254416 0.528637 0.012863 0.0258969 0.314978
0 0.671019 0.819668 0.0176596 0.0317027 0.314641
0 0.325989 0.297794 0.0155351 0.0249963 0.313519
0 0.656174 0.266894 0.0298556 0.0490028 0.313374
0 0.109884 0.320959 0.0161451 0.0260327 0.312517
0 0.239166 0.00810584 0.0182301 0.0159922 0.310433
0 0.250406 0.0837953 0.0156858 0.0251479 0.309418
0 0.294815 0.293592 0.0137476 0.020393 0.307755
0 0.830745 0.280023 0.0175686 0.0268013 0.30756
0 0.596898 0.354844 0.0150593 0.021413 0.307548
0 0.712944 0.372411 0.01542 0.0243722 0.307529
0 0.767673 0.869448 0.021471 0.0363603 0.30718
0 0.138135 0.334394 0.0162303 0.0249921 0.30652
0 0.928206 0.262759 0.0164255 0.0268268 0.305635
0 0.768885 0.759597 0.0156147 0.0340247 0.30556
0 0.39009 0.462724 0.0341214 0.0710166 0.305412
0 0.326163 0.715646 0.0172056 0.0310465 0.300447
0 0.338487 0.492715 0.0183331 0.0295227 0.297579
0 0.698837 0.557086 0.0214327 0.0215734 0.29684
0 0.174791 0.339288 0.0188692 0.0356913 0.295627
0 0.242449 0.669915 0.023842 0.0430652 0.294361
0 0.0023343 0.149789 0.00466714 0.0445217 0.293465
0 0.846337 0.647864 0.0259426 0.0353699 0.293345
0 0.921918 0.215417 0.0138222 0.0304293 0.292358
0 0.0321006 0.0472827 0.0191087 0.0348989 0.291995
0 0.645797 0.0306937 0.0236841 0.0447024 0.291301
0 0.310785 0.765005 0.0150913 0.0263435 0.29074
0 0.00664074 0.0774247 0.0130299 0.0258614 0.287633
0 0.899494 0.666687 0.0131115 0.0294859 0.287565
0 0.32491 0.104645 0.0175275 0.0318253 0.28702
0 0.328791 0.970853 0.015432 0.0264852 0.285863
0 0.318083 0.463072 0.0125855 0.0277102 0.285266
0 0.228907 0.580251 0.0183772 0.0319587 0.28405
0 0.00865959 0.450867 0.0170249 0.0299567 0.282113
0 0.656158 0.8437 0.0148912 0.0276947 0.282103
0 0.992959 0.945611 0.014081 0.0340196 0.280647
0 0.645267 0.540277 0.0216202 0.0403412 0.279312
0 0.9956 0.139737 0.00879974 0.0297924 0.279123
0 0.858465 0.475932 0.0201263 0.0560161 0.278997
0 0.995223 0.0551941 0.00955486 0.0342885 0.27889
0 0.311711 0.318586 0.0193239 0.0324885 0.278442
0 0.117777 0.706456 0.0222016 0.0332429 0.277965
0 0.0129226 0.168914 0.0182932 0.0314845 0.277805
0 0.220142 0.355148 0.0219907 0.0434717 0.276474
0 0.577082 0.0158197 0.0170499 0.0238873 0.27523
0 0.0564264 0.232822 0.0177822 0.0295418 0.274832
0 0.0804407 0.321478 0.0206364 0.0357396 0.27473
0 0.246547 0.64493 0.018813 0.0259135 0.272907
0 0.14827 0.39985 0.015985 0.0287882 0.271829
0 0.343061 0.495853 0.0216613 0.0309277 0.271651
0 0.222136 0.404903 0.013141 0.0206974 0.269077
0 0.828853 0.934546 0.0143829 0.0264748 0.266904
0 0.307976 0.644147 0.0160063 0.0282278 0.266527
0 0.7629 0.0642856 0.0217134 0.0401341 0.264506
0 0.857596 0.378727 0.0259773 0.0359333 0.264037
0 0.857025 0.601638 0.0212718 0.0404836 0.263769
0 0.199102 0.383791 0.0302229 0.0526223 0.263156
0 0.733426 0.884352 0.0257747 0.039479 0.262868
0 0.210299 0.912384 0.0172313 0.0328417 0.262783
0 0.055371 0.198781 0.0183908 0.0260225 0.262388
0 0.864313 0.618996 0.015374 0.0291928 0.26187
0 0.77713 0.487912 0.0169086 0.0273127 0.261555
0 0.0938038 0.463375 0.0292535 0.0489916 0.261536
0 0.768657 0.53032 0.0163892 0.0369492 0.26099
0 0.887992 0.396943 0.0161457 0.0238384 0.259967
0 0.71282 0.283411 0.0140505 0.0225453 0.259274
0 0.275682 0.143032 0.0144108 0.0282897 0.258976
0 0.228444 0.540437 0.0174381 0.0328264 0.258204
0 0.516571 0.408849 0.0142439 0.02216 0.258057
0 0.00910399 0.114258 0.0169933 0.0376905 0.257197
0 0.516413 0.918583 0.0181217 0.0298035 0.255369
0 0.690538 0.35592 0.0152042 0.0274346 0.253455
0 0.757751 0.495774 0.0145233 0.0232717 0.253139
0 0.879788 0.215109 0.0199917 0.0343035 0.252674
0 0.193553 0.444578 0.0196361 0.0417642 0.251827
0 0.853168 0.416463 0.0194233 0.0315392 0.25091
0 0.315575 0.463432 0.0131599 0.0263873 0.249385
0 0.710001 0.861106 0.0176889 0.0250787 0.247156
0 0.990934 0.174983 0.0176647 0.0328024 0.246703
0 0.270477 0.257629 0.0106902 0.0407419 0.24618
0 0.804499 0.203311 0.0160133 0.0287702 0.245953
0 0.201375 0.603093 0.015164 0.0277912 0.244296
0 0.891794 0.483849 0.016925 0.0371538 0.243935
0 0.0355734 0.364795 0.0189386 0.0229224 0.243389
0 0.68075 0.287565 0.0169912 0.0244454 0.242469
0 0.215711 0.6883 0.0149788 0.0263415 0.24107
0 0.631477 0.0640384 0.019717 0.0376965 0.240231
0 0.455182 0.934666 0.0218976 0.0328566 0.240021
0 0.721802 0.523521 0.0137886 0.0218032 0.238437
0 0.837575 0.0162141 0.0181399 0.0309588 0.2367
0 0.222981 0.323587 0.0166898 0.0189366 0.236393
0 0.797364 0.519222 0.0268957 0.0437502 0.235053
0 0.162119 0.166109 0.0197846 0.0439282 0.234669
0 0.0780707 0.0283808 0.0148793 0.0221618 0.234529
0 0.309058 0.978249 0.0140093 0.024057 0.234005
0 0.249665 0.0847311 0.0178551 0.0320669 0.233764
0 0.904329 0.848554 0.0216942 0.0368747 0.231812
0 0.336215 0.824705 0.0156523 0.0268911 0.231693
0 0.837874 0.722675 0.0227699 0.0361376 0.231453
0 0.305413 0.554191 0.0187389 0.0294625 0.231365
0 0.604657 0.6664 0.02254 0.0275316 0.230837
0 0.269673 0.466362 0.0110602 0.0214042 0.230569
0 0.371531 0.946371 0.0137108 0.0250987 0.229745
0 0.68556 0.321316 0.0121269 0.0244186 0.228706
0 0.402557 0.857246 0.013966 0.0366655 0.227824
0 0.301795 0.247279 0.0187538 0.032508 0.226862
0 0.863804 0.743248 0.0165922 0.0256778 0.226643
0 0.766219 0.754772 0.0253181 0.0431173 0.224645
0 0.00266546 0.355771 0.00529583 0.0371585 0.224384
0 0.0298791 0.145079 0.0222768 0.0426158 0.223539
0 0.0766596 0.538528 0.016383 0.036365 0.222909
0 0.615464 0.698325 0.0228517 0.0395327 0.222161
0 0.684415 0.962073 0.022511 0.0328696 0.22148
0 0.818691 0.20306 0.0237694 0.0351734 0.219744
0 0.402275 0.248615 0.0203657 0.0350323 0.219291
0 0.839586 0.505969 0.0150194 0.0262263 0.218636
0 0.160292 0.259597 0.0192827 0.0369363 0.216453
0 0.454896 0.0393327 0.0217152 0.0309403 0.216184
0 0.501681 0.858614 0.00975342 0.0240387 0.216123
0 0.911688 0.213741 0.0263334 0.0338853 0.21596
0 0.0800824 0.217631 0.0183886 0.03166 0.214176
0 0.203103 0.386829 0.0229637 0.0435582 0.213828
0 0.106972 0.0985951 0.0181467 0.0293113 0.213795
0 0.112664 0.17465 0.0278631 0.0378116 0.213575
0 0.324359 0.295457 0.0173716 0.0283164 0.213471
0 0.265762 0.387648 0.0166297 0.0317429 0.212092
0 0.790846 0.665367 0.0149231 0.0202037 0.21178
0 0.50118 0.987823 0.0173687 0.023741 0.211047
0 0.538334 0.538091 0.0124325 0.0247188 0.210663
0 0.0909223 0.409932 0.0175271 0.0300501 0.210161
0 0.2726 0.757106 0.014706 0.0258525 0.208427
0 0.0356686 0.262879 0.0154763 0.0319294 0.207847
0 0.0696579 0.486712 0.020978 0.0401282 0.207405
0 0.202255 0.0759277 0.0162835 0.0338813 0.20705
0 0.0538677 0.34538 0.0160606 0.0219305 0.205031
0 0.981364 0.81464 0.017416 0.0291289 0.204383
0 0.509978 0.590144 0.0172165 0.0275719 0.202218
0 0.0730449 0.0611447 0.0228248 0.0361661 0.202173
0 0.603646 0.631679 0.0199735 0.0301925 0.201863
0 0.0679792 0.0625473 0.0229536 0.0328639 0.201788
0 0.186425 0.133153 0.0180744 0.0311615 0.201561
0 0.717437 0.408917 0.0152002 0.0241642 0.201215
0 0.415406 0.423169 0.0170268 0.0330683 0.200666
0 0.095486 0.226383 0.0119266 0.0243915 0.198032
0 0.899418 0.847839 0.0216061 0.0377062 0.197965
0 0.305395 0.481145 0.0153298 0.0217014 0.197873
0 0.699717 0.437187 0.0149069 0.0289946 0.197613
0 0.292337 0.637759 0.0153431 0.0293724 0.197605
0 0.0474075 0.989277 0.0187073 0.0209316 0.197276
0 0.790743 0.707619 0.0106014 0.0281127 0.196565
0 0.971962 0.710567 0.0223713 0.0396582 0.196405
0 0.598868 0.128733 0.0114935 0.0309085 0.195136
0 0.110957 0.354119 0.01786 0.028596 0.194996
0 0.720898 0.45512 0.00964921 0.0285934 0.193731
0 0.192574 0.643437 0.0160937 0.0351265 0.193056
0 0.321053 0.782918 0.0224252 0.032992 0.191535
0 0.353752 0.856123 0.0157819 0.0303134 0.191409
0 0.224322 0.639253 0.0177297 0.0281134 0.1914
0 0.0191562 0.390178 0.0195889 0.0309235 0.190742
0 0.251993 0.798254 0.0187407 0.0242876 0.189451
0 0.0102192 0.118824 0.0153021 0.0306884 0.188845
0 0.374966 0.763631 0.0183873 0.0297302 0.188397
0 0.365572 0.681181 0.0157191 0.0302889 0.188156
0 0.829461 0.984838 0.0172714 0.0279772 0.188115
0 0.0528921 0.309156 0.0130834 0.0262734 0.187947
0 0.259924 0.890439 0.0161809 0.0324344 0.186609
0 0.568193 0.646805 0.0120301 0.0216089 0.184571
0 0.540657 0.687418 0.0438046 0.0673031 0.184569
0 0.219635 0.726446 0.0135889 0.0324054 0.184511
0 0.696245 0.470881 0.0184362 0.0277259 0.184402
0 0.270913 0.202712 0.012687 0.0158003 0.183144
0 0.70057 0.725878 0.0156405 0.0250551 0.182813
0 0.177639 0.595357 0.0120412 0.0255483 0.182367
0 0.782232 0.588742 0.0263056 0.0393014 0.181704
0 0.786217 0.589873 0.0202145 0.0356029 0.181558
0 0.315904 0.286439 0.0119912 0.0226847 0.181141
0 0.358587 0.978983 0.0244944 0.0373726 0.180784
0 0.266147 0.422245 0.0172465 0.0302381 0.18061
0 0.717245 0.453806 0.0122326 0.0260183 0.17899
0 0.856233 0.458492 0.0183746 0.0285857 0.178921
0 0.276572 0.563717 0.015327 0.0245669 0.178713
0 0.351327 0.854545 0.0180291 0.0284849 0.177687
0 0.902136 0.992094 0.0203342 0.0152209 0.177463
0 0.241268 0.48293 0.0151288 0.025704 0.177243
0 0.21422 0.0838769 0.0196918 0.0304691 0.177132
0 0.716608 0.772643 0.0189532 0.0226125 0.176215
0 0.324642 0.0102874 0.0176863 0.0189678 0.175969
0 0.870214 0.260458 0.0160252 0.0310866 0.175455
0 0.618072 0.825112 0.0206173 0.0367596 0.175403
0 0.700557 0.755034 0.0175844 0.0292165 0.175221
0 0.290686 0.762783 0.0138206 0.0233517 0.175032
0 0.600132 0.128402 0.0114117 0.0254233 0.175022
0 0.32385 0.787313 0.0165348 0.0295312 0.174548
0 0.708977 0.31004 0.0155996 0.0262938 0.174459
0 0.913823 0.510346 0.0164035 0.024547 0.174057
0 0.692635 0.428594 0.0150055 0.0259187 0.173658
0 0.523236 0.20282 0.0188606 0.0236213 0.173272
0 0.983752 0.963907 0.0180124 0.0346968 0.172797
0 0.213162 0.961085 0.0183231 0.0293362 0.172672
0 0.750638 0.79144 0.0219002 0.0332001 0.172466
0 0.818016 0.246857 0.01502 0.0327477 0.172427
0 0.345068 0.708518 0.0150444 0.0320597 0.172386
0 0.324422 0.712257 0.0189487 0.0371435 0.172381
0 0.715618 0.780926 0.0189551 0.0307929 0.172219
0 0.246 0.911606 0.0121661 0.0287245 0.172064
0 0.259899 0.334597 0.0179703 0.0342448 0.171228
0 0.314944 0.365165 0.0164456 0.0322973 0.170991
0 0.743563 0.881936 0.0160079 0.0388072 0.170892
0 0.690782 0.424666 0.0169236 0.0294618 0.170791
0 0.0918676 0.375325 0.015018 0.0241687 0.170446
0 0.559485 0.0382301 0.0129991 0.0224368 0.170411
0 0.698259 0.891996 0.0203899 0.0247345 0.170019
0 0.136008 0.98848 0.0158836 0.0222318 0.168891
0 0.228251 0.242317 0.00939779 0.0221066 0.168703
0 0.88849 0.633195 0.0211567 0.0282898 0.168583
0 0.289967 0.95337 0.0211105 0.0286956 0.168491
0 0.18465 0.561558 0.011633 0.0287896 0.168365
0 0.791092 0.870098 0.01741 0.0391815 0.168212
0 0.240303 0.229979 0.0120383 0.0242569 0.164808
0 0.61288 0.828553 0.0286137 0.0436699 0.164745
0 0.207676 0.230345 0.0265763 0.0395581 0.164611
0 0.189092 0.131292 0.0159692 0.0324988 0.1639
0 0.740566 0.883641 0.0210064 0.0372777 0.162965
0 0.982716 0.00668712 0.0182293 0.0133742 0.162765
0 0.20617 0.0785844 0.0222234 0.0371464 0.162721
0 0.697585 0.435275 0.0148399 0.0296916 0.162692
0 0.631165 0.113057 0.0188665 0.0372341 0.161814
0 0.0532596 0.905914 0.0197168 0.0327362 0.16065
0 0.230192 0.891268 0.0188486 0.028655 0.160324
0 0.79102 0.0530419 0.0215248 0.0283386 0.160127
0 0.80433 0.643714 0.010629 0.0215369 0.160108
0 0.989688 0.763783 0.0206232 0.0372929 0.158497
0 0.931532 0.592633 0.0104622 0.0228973 0.15808
0 0.339667 0.742911 0.0137237 0.018434 0.15791
0 0.165018 0.166577 0.0139289 0.0420086 0.15785
0 0.408143 0.139059 0.0104403 0.0311776 0.157225
0 0.687541 0.320305 0.0111544 0.0232651 0.156538
0 0.124023 0.909369 0.0187624 0.0312476 0.155769
0 0.993713 0.951018 0.012575 0.0416516 0.155653
0 0.0273962 0.588497 0.023341 0.0430413 0.152747
0 0.227298 0.244803 0.0110909 0.0201773 0.15249
0 0.365021 0.093676 0.0134439 0.0255071 0.152406
0 0.78553 0.924289 0.017501 0.0317374 0.152297
0 0.221476 0.438378 0.0146894 0.0310054 0.152066
0 0.454934 0.986197 0.0150106 0.0257057 0.151018
0 0.951765 0.720098 0.0163532 0.0310306 0.150425
0 0.0779038 0.597652 0.0161503 0.0315251 0.150239
0 0.687028 0.516646 0.0195122 0.0313402 0.150208
