0 0.0876688 0.65718 0.0216707 0.0377803 0.687818
0 0.777545 0.100828 0.0307566 0.0617343 0.680132
0 0.935454 0.383607 0.0206562 0.0348444 0.675894
0 0.23716 0.166995 0.0276868 0.0509556 0.670137
0 0.421745 0.971142 0.0320663 0.0561917 0.669746
0 0.95658 0.721398 0.0219723 0.0439585 0.669563
0 0.185971 0.75922 0.0234129 0.0412677 0.663553
0 0.793596 0.958201 0.022308 0.0376322 0.663446
0 0.917714 0.601307 0.0218536 0.0337607 0.662331
0 0.466277 0.240054 0.0236444 0.0400124 0.661454
0 0.904402 0.377852 0.0293331 0.0470062 0.659891
0 0.433538 0.568295 0.0280119 0.0509892 0.658686
0 0.152493 0.738876 0.026131 0.0401997 0.656489
0 0.218259 0.560403 0.0272462 0.0515687 0.654548
0 0.885432 0.263356 0.0236618 0.0424554 0.653882
0 0.202957 0.703756 0.0219771 0.0374922 0.653563
0 0.929343 0.502157 0.0195171 0.0366099 0.652588
0 0.0866579 0.874029 0.017568 0.034122 0.650891
0 0.111273 0.631655 0.0224818 0.0398608 0.650639
0 0.902051 0.533454 0.021482 0.0383335 0.645966
0 0.865327 0.474173 0.0216587 0.0383499 0.645281
0 0.747064 0.215955 0.0317396 0.0532766 0.643796
0 0.504832 0.198028 0.0199972 0.0288524 0.642845
0 0.775849 0.672421 0.022806 0.0394766 0.641461
0 0.752221 0.973357 0.0280624 0.0507521 0.639799
0 0.489594 0.144717 0.0193226 0.031317 0.635382
0 0.824034 0.728906 0.0220207 0.0375543 0.632438
0 0.129798 0.941993 0.0205978 0.0323675 0.632169
0 0.851369 0.797268 0.0217308 0.041805 0.631975
0 0.867803 0.733204 0.0258484 0.0350328 0.631212
0 0.178393 0.666034 0.0201706 0.0370452 0.630705
0 0.92186 0.446525 0.0162781 0.0325293 0.630683
0 0.823789 0.353783 0.0178185 0.0332792 0.630082
0 0.889707 0.775367 0.0176117 0.0442824 0.628272
0 0.485188 0.280805 0.0231472 0.0378647 0.625112
0 0.536931 0.291604 0.0210085 0.0346642 0.624177
0 0.925958 0.332279 0.0235004 0.0382733 0.621853
0 0.0217161 0.620982 0.0224901 0.0470822 0.614254
0 0.831817 0.249766 0.0158449 0.0294189 0.613956
0 0.510966 0.417724 0.0178837 0.029481 0.613335
0 0.819523 0.601057 0.0195059 0.0353706 0.613261
0 0.857553 0.356597 0.030633 0.0525265 0.6126
0 0.56154 0.326182 0.0226128 0.0429538 0.610508
0 0.944713 0.144039 0.0263577 0.0362285 0.608804
0 0.933327 0.848407 0.0188658 0.0349043 0.608188
0 0.181182 0.58864 0.0182291 0.033512 0.607959
0 0.582226 0.0421854 0.0163694 0.0267559 0.607627
0 0.921319 0.191479 0.0231808 0.0478336 0.607532
0 0.794088 0.630641 0.0209403 0.0343474 0.607406
0 0.86523 0.933541 0.0285188 0.0503408 0.606715
0 0.763617 0.424607 0.0270317 0.0502872 0.606509
0 0.254694 0.941547 0.02331 0.039212 0.604668
0 0.006222 0.728038 0.0124207 0.033827 0.604579
0 0.23735 0.646856 0.0227396 0.0320291 0.604508
0 0.751348 0.842429 0.0204973 0.0445967 0.603772
0 0.808293 0.376329 0.0192039 0.0268355 0.603708
0 0.12141 0.770605 0.0172752 0.0306474 0.603449
0 0.0937364 0.31018 0.0249532 0.0467736 0.60289
0 0.18238 0.71776 0.018769 0.0344147 0.602672
0 0.0795694 0.832561 0.0174263 0.0274138 0.602587
0 0.0457696 0.750336 0.0186437 0.0314741 0.602192
0 0.0991877 0.693081 0.0207302 0.0331475 0.601534
0 0.950223 0.834802 0.0164836 0.0284227 0.600122
0 0.0663909 0.554862 0.0205667 0.0349801 0.599569
0 0.547091 0.719562 0.0380158 0.0767924 0.599026
0 0.943994 0.651965 0.0194687 0.0371143 0.597673
0 0.124913 0.583776 0.020905 0.036376 0.596739
0 0.116458 0.341274 0.0188679 0.0379342 0.595496
0 0.169589 0.808042 0.0178073 0.0381302 0.595414
0 0.904788 0.897832 0.0193539 0.0284659 0.594028
0 0.49493 0.44604 0.01719 0.0290771 0.593662
0 0.092911 0.564694 0.0226413 0.0426685 0.592993
0 0.845457 0.167852 0.016605 0.0269768 0.591378
0 0.813301 0.206508 0.0145702 0.0279143 0.589733
0 0.355567 0.914026 0.0253132 0.0375441 0.589301
0 0.0223783 0.71712 0.0155862 0.0286716 0.589214
0 0.515 0.296349 0.0178553 0.0291471 0.588098
0 0.489743 0.106952 0.0188464 0.0319106 0.586964
0 0.789147 0.357215 0.0143246 0.0257606 0.585783
0 0.904159 0.698069 0.0184151 0.0287805 0.585759
0 0.114136 0.553724 0.0146352 0.0292052 0.584427
0 0.968288 0.074185 0.0184212 0.0319277 0.583889
0 0.485088 0.218756 0.0216032 0.0330537 0.583152
0 0.0999381 0.944026 0.019177 0.0267328 0.581749
0 0.885937 0.685793 0.0162502 0.0316757 0.580647
0 0.843421 0.579774 0.016592 0.0303318 0.579388
0 0.843162 0.865939 0.0204834 0.030304 0.577734
0 0.977014 0.377748 0.0246801 0.0398543 0.576744
0 0.129555 0.873661 0.0194866 0.0323224 0.576004
0 0.888426 0.326011 0.0219086 0.0404894 0.57599
0 0.970913 0.830256 0.0190174 0.0360219 0.574862
0 0.861644 0.696176 0.0199837 0.0311098 0.572123
0 0.564302 0.222175 0.0203243 0.0358582 0.570735
0 0.381881 0.946713 0.0157583 0.0289888 0.57068
0 0.203801 0.954987 0.0174756 0.0277276 0.568245
0 0.989051 0.289067 0.0218988 0.0467814 0.56736
0 0.391676 0.888889 0.0152626 0.032707 0.567272
0 0.132724 0.65948 0.0197655 0.0300459 0.566861
0 0.761579 0.630436 0.0298085 0.0379051 0.566553
0 0.757215 0.37454 0.0216038 0.040889 0.5663
0 0.061625 0.799364 0.0255539 0.0502753 0.564855
0 0.984364 0.121065 0.0162334 0.0282767 0.56426
0 0.94964 0.240017 0.0184568 0.0323008 0.564085
0 0.904455 0.284496 0.01966 0.0335741 0.560441
0 0.745634 0.583664 0.0246442 0.0473262 0.559917
0 0.808189 0.12619 0.0238156 0.0340861 0.556758
0 0.783206 0.393012 0.0163177 0.0243326 0.556427
0 0.574101 0.299702 0.0160819 0.0270913 0.555747
0 0.773851 0.582727 0.017447 0.0334477 0.553708
0 0.0935537 0.375488 0.0213504 0.0397308 0.552445
0 0.975422 0.0354394 0.0201435 0.0330091 0.551916
0 0.801251 0.332349 0.0187504 0.0230724 0.551136
0 0.886569 0.819836 0.0186449 0.0277337 0.549027
0 0.954618 0.36592 0.0185143 0.0318058 0.546107
0 0.159676 0.954067 0.0311296 0.0582258 0.546064
0 0.0206043 0.826988 0.0211848 0.0378686 0.545736
0 0.938159 0.774562 0.0139629 0.0375203 0.54296
0 0.184429 0.961838 0.0131653 0.0355305 0.540568
0 0.820019 0.473977 0.0269485 0.0396725 0.539518
0 0.742887 0.32298 0.0323538 0.0430762 0.536154
0 0.371601 0.869016 0.0173882 0.0326064 0.535508
0 0.107234 0.406407 0.0157288 0.0318822 0.534375
0 0.112037 0.805618 0.0170765 0.0333552 0.532854
0 0.868097 0.771231 0.0179436 0.0270204 0.531577
0 0.139783 0.615133 0.0164257 0.0279719 0.526213
0 0.228824 0.947998 0.0192798 0.0427856 0.524688
0 0.356303 0.540228 0.0188516 0.0318706 0.520688
0 0.866376 0.837361 0.0178398 0.0317824 0.520016
0 0.948145 0.0929705 0.0194805 0.0378072 0.520004
0 0.200189 0.648213 0.016215 0.0324029 0.516357
0 0.986146 0.597757 0.0152496 0.0282104 0.515475
0 0.155192 0.647208 0.0199263 0.0269755 0.510467
0 0.859423 0.966211 0.0160343 0.0254167 0.508376
0 0.921591 0.130102 0.0172359 0.0281518 0.508374
0 0.936375 0.685761 0.0194874 0.0311303 0.506975
0 0.230191 0.612172 0.0176579 0.0308335 0.505579
0 0.808061 0.568748 0.0159809 0.0259242 0.50498
0 0.967659 0.319083 0.0199528 0.033463 0.501268
0 0.526856 0.143744 0.0245363 0.0432683 0.499899
0 0.840262 0.688678 0.0152766 0.0265366 0.497949
0 0.563118 0.0801142 0.0240358 0.0384296 0.495704
0 0.251598 0.984781 0.0187268 0.0290447 0.494475
0 0.0550094 0.673337 0.0172957 0.0334874 0.492472
0 0.00445442 0.650145 0.00890516 0.0366197 0.488724
0 0.0867945 0.741699 0.0188344 0.0386451 0.487951
0 0.588987 0.407581 0.0179417 0.0348743 0.483018
0 0.0627582 0.464284 0.024551 0.0519409 0.482769
0 0.965274 0.196326 0.0182423 0.0280941 0.47586
0 0.970654 0.874325 0.0153587 0.0286788 0.472436
0 0.911524 0.926693 0.0164848 0.0267832 0.47188
0 0.754463 0.528073 0.0209799 0.0429602 0.471863
0 0.0926687 0.79607 0.0171166 0.0305044 0.469883
0 0.895404 0.865748 0.0141715 0.0266808 0.468333
0 0.329858 0.866481 0.0197774 0.0305437 0.467661
0 0.0219139 0.9426 0.0235901 0.0377359 0.466595
0 0.797004 0.696251 0.0167255 0.031349 0.463537
0 0.784847 0.491896 0.0168602 0.0270309 0.460799
0 0.963608 0.793998 0.0248161 0.0406243 0.457281
0 0.527583 0.0868925 0.0317228 0.0442765 0.455808
0 0.860358 0.55769 0.0134708 0.0227308 0.454777
0 0.120026 0.493167 0.0201023 0.0355861 0.452747
0 0.0405943 0.652775 0.0143839 0.028468 0.446041
0 0.814613 0.66794 0.0180183 0.0287029 0.445891
0 0.505473 0.337914 0.0135432 0.0248823 0.445171
0 0.0420176 0.567759 0.0157547 0.0268516 0.444163
0 0.567261 0.262168 0.018602 0.0374261 0.443427
0 0.0692828 0.956234 0.0172877 0.0278603 0.435563
0 0.192262 0.545666 0.0181051 0.0337617 0.430961
0 0.576746 0.38041 0.0156181 0.029895 0.429435
0 0.038544 0.79039 0.017317 0.0315414 0.425277
0 0.0390756 0.711052 0.0150259 0.0305506 0.42064
0 0.47522 0.18001 0.015939 0.0274437 0.418237
0 0.911622 0.665896 0.0207703 0.0251122 0.417348
0 0.968592 0.608413 0.0177926 0.0334296 0.415358
0 0.158046 0.69431 0.0177313 0.0308622 0.414819
0 0.00501595 0.695598 0.0099225 0.021804 0.411017
0 0.995478 0.0663115 0.00904427 0.0343704 0.410842
0 0.0831937 0.912371 0.0150483 0.0200914 0.407725
0 0.492735 0.377225 0.0159298 0.0316895 0.406006
0 0.0491433 0.852441 0.0178307 0.0289218 0.403512
0 0.00308187 0.961181 0.00616218 0.0320551 0.402974
0 0.109966 0.459995 0.01982 0.0362443 0.398701
0 0.327977 0.936487 0.0148979 0.0281345 0.398485
0 0.789522 0.0373395 0.0409304 0.0621297 0.395135
0 0.139302 0.698593 0.0150959 0.0237691 0.392274
0 0.968123 0.109479 0.015967 0.0282745 0.389856
0 0.92129 0.967965 0.0228268 0.0406525 0.386816
0 0.156137 0.845612 0.0186878 0.0284865 0.386735
0 0.857209 0.399324 0.0159405 0.0246101 0.382815
0 0.774105 0.306689 0.018008 0.0265658 0.379212
0 0.796131 0.525783 0.0167043 0.0296649 0.376271
0 0.0538261 0.257702 0.0475221 0.0677365 0.374088
0 0.0173641 0.751363 0.0117856 0.0228485 0.370182
0 0.115436 0.900097 0.0166107 0.0243781 0.367106
0 0.995088 0.448465 0.00982437 0.0333413 0.365524
0 0.540014 0.0368967 0.0248798 0.0386482 0.359096
0 0.812728 0.0839153 0.0208096 0.0359352 0.357473
0 0.141624 0.905773 0.0171991 0.0248684 0.356413
0 0.0582723 0.674473 0.022658 0.0359843 0.35404
0 0.990583 0.504072 0.0188341 0.0422171 0.351531
0 0.743604 0.483197 0.0161681 0.0257943 0.35126
0 0.504133 0.238113 0.021341 0.0399185 0.350892
0 0.113663 0.718084 0.0165344 0.0296034 0.350492
0 0.154227 0.485703 0.0272643 0.036615 0.348687
0 0.772079 0.543113 0.0146 0.0246964 0.345156
0 0.853773 0.0958294 0.0323906 0.0487455 0.344611
0 0.966828 0.675525 0.0173687 0.029806 0.344295
0 0.131109 0.423193 0.0305296 0.0487545 0.343488
0 0.517181 0.454942 0.0147286 0.02522 0.339507
0 0.865125 0.247705 0.0106834 0.0311056 0.338014
0 0.969452 0.276732 0.0174511 0.0278861 0.337597
0 0.53659 0.0379445 0.0185799 0.0332356 0.335572
0 0.065887 0.399975 0.0199403 0.0373509 0.334522
0 0.930811 0.723744 0.0126108 0.0298913 0.334014
0 0.0569357 0.926223 0.0156676 0.0351342 0.333239
0 0.759712 0.474396 0.0138916 0.0264781 0.331775
0 0.934088 0.735047 0.0132839 0.0220656 0.331313
0 0.85927 0.246641 0.0219765 0.0326437 0.327019
0 0.930372 0.296763 0.0156628 0.0282001 0.326259
0 0.131601 0.520121 0.0168752 0.0253043 0.323809
0 0.949086 0.472671 0.0254837 0.0499939 0.320045
0 0.942372 0.988518 0.0196611 0.0224891 0.318996
0 0.734013 0.264112 0.0174977 0.0321956 0.317218
0 0.00654806 0.238534 0.0129557 0.0493054 0.317088
0 0.194641 0.635656 0.019225 0.030744 0.315996
0 0.0971329 0.98419 0.0224777 0.0310962 0.314895
0 0.0894137 0.447329 0.0263557 0.056726 0.311759
0 0.818531 0.940807 0.0293133 0.0504909 0.308923
0 0.0720661 0.630021 0.0144106 0.0230984 0.308188
0 0.132725 0.456522 0.011689 0.0231566 0.307528
0 0.157488 0.562456 0.0247301 0.0390493 0.305295
0 0.0375952 0.508577 0.0159862 0.034639 0.302337
0 0.354355 0.988719 0.0182648 0.0215461 0.30021
0 0.846317 0.630635 0.0224785 0.0434836 0.298766
0 0.325255 0.982423 0.0170413 0.0333502 0.29861
0 0.984942 0.348773 0.0159683 0.0315294 0.297976
0 0.0166864 0.784331 0.0152563 0.028176 0.294848
0 0.805862 0.900054 0.018969 0.0306783 0.29178
0 0.735589 0.509177 0.0161165 0.028223 0.288085
0 0.117006 0.84222 0.020227 0.0250199 0.287159
0 0.980247 0.157838 0.0210491 0.0332031 0.286242
0 0.0279969 0.672243 0.0174537 0.0308053 0.285014
0 0.783039 0.716315 0.0237167 0.0418771 0.282177
0 0.0418786 0.467 0.0171622 0.0325194 0.282026
0 0.94347 0.597347 0.0161228 0.0389142 0.278927
0 0.542598 0.0357626 0.0301809 0.0470733 0.275528
0 0.822948 0.285185 0.0194889 0.0277922 0.275035
0 0.848621 0.272913 0.0176945 0.0298444 0.270459
0 0.126986 0.693769 0.0114521 0.0243322 0.26906
0 0.530631 0.149826 0.020722 0.0347 0.266178
0 0.0207579 0.321238 0.0234512 0.0428626 0.266054
0 0.786237 0.198021 0.0210363 0.0307605 0.266023
0 0.936407 0.738625 0.0141558 0.0219432 0.265621
0 0.310251 0.977541 0.0175591 0.0311358 0.264572
0 0.889758 0.0753096 0.0207474 0.0355925 0.263252
0 0.941895 0.551978 0.0175339 0.0256976 0.260957
0 0.859811 0.102322 0.0221321 0.0354331 0.260205
0 0.787738 0.422781 0.0147634 0.0271544 0.259545
0 0.820259 0.280451 0.0218502 0.0297862 0.258455
0 0.932882 0.727186 0.013253 0.0313656 0.256619
0 0.986858 0.195639 0.0170208 0.0249141 0.256279
0 0.881719 0.162201 0.0226944 0.0408517 0.254533
0 0.368273 0.961573 0.0128955 0.0235514 0.254242
0 0.00638979 0.911796 0.012569 0.034271 0.252579
0 0.102239 0.769882 0.0112267 0.0175334 0.252022
0 0.369957 0.961088 0.0108713 0.0217942 0.250835
0 0.00473023 0.910128 0.00940071 0.0368523 0.250133
0 0.171001 0.618719 0.0150204 0.0277235 0.246651
0 0.90292 0.115371 0.0143842 0.0216023 0.245535
0 0.838738 0.988516 0.0296959 0.0220608 0.244391
0 0.993227 0.516528 0.013546 0.0431167 0.241612
0 0.843605 0.837032 0.0178916 0.021326 0.240744
0 0.0763119 0.515266 0.0160016 0.0253944 0.234504
0 0.966656 0.227093 0.0119883 0.0254303 0.234134
0 0.168332 0.615461 0.0164761 0.0292358 0.233641
0 0.190248 0.631044 0.0176117 0.0290045 0.22827
0 0.180255 0.900342 0.027885 0.0469686 0.228153
0 0.82427 0.641919 0.0123178 0.0235427 0.228076
0 0.738252 0.354427 0.0190549 0.030319 0.227161
0 0.0625479 0.717665 0.0202115 0.0333374 0.222115
0 0.788239 0.823491 0.0206153 0.0370265 0.220971
0 0.10997 0.71286 0.012939 0.0242259 0.220634
0 0.12055 0.974622 0.00962194 0.0239904 0.220461
0 0.545056 0.0405667 0.0291366 0.0441866 0.220249
0 0.0947226 0.496351 0.021971 0.0348229 0.219736
0 0.918205 0.965253 0.0225803 0.0413808 0.219076
0 0.556691 0.164905 0.0248421 0.0452212 0.216597
0 0.159364 0.549736 0.0289581 0.0590251 0.216381
0 0.9665 0.502284 0.0161011 0.0330414 0.215755
0 0.138249 0.376803 0.0192331 0.0323589 0.214435
0 0.94708 0.235142 0.0227238 0.0399057 0.214235
0 0.997014 0.527627 0.00597153 0.0315459 0.213336
0 0.843909 0.989893 0.0195662 0.0194638 0.212421
0 0.0241319 0.556745 0.0213151 0.036072 0.209616
0 0.828517 0.988443 0.0192902 0.0221723 0.208757
0 0.53081 0.260947 0.0227133 0.0280856 0.20594
0 0.544568 0.70689 0.0314999 0.047691 0.204868
0 0.159343 0.488614 0.0219453 0.0337205 0.204115
0 0.855908 0.241664 0.0259514 0.0390804 0.203493
0 0.316905 0.905861 0.0170667 0.0294854 0.20151
0 0.383262 0.991652 0.0183157 0.0155874 0.200529
0 0.0707048 0.317165 0.0181521 0.0363792 0.195108
0 0.750345 0.580101 0.0296177 0.0442983 0.19427
0 0.953059 0.876125 0.0164936 0.0278697 0.193681
0 0.94679 0.610434 0.0153843 0.0303554 0.1935
0 0.0734339 0.632473 0.0140187 0.0216853 0.193353
0 0.00267196 0.843313 0.00534392 0.0319061 0.193013
0 0.014887 0.5123 0.0244648 0.0433772 0.19153
0 0.0414067 0.914454 0.0149546 0.0311401 0.18983
0 0.945569 0.467724 0.0254223 0.0452901 0.189411
0 0.773778 0.967004 0.0117858 0.0331934 0.189005
0 0.18326 0.904672 0.0278206 0.0499127 0.18829
0 0.182154 0.594308 0.0183122 0.0312252 0.188101
0 0.291471 0.965322 0.0143195 0.0261784 0.185409
0 0.913339 0.640064 0.0171108 0.0247284 0.184724
0 0.85314 0.0200563 0.0467615 0.0397775 0.184521
0 0.556002 0.0576736 0.0177245 0.0258276 0.184498
0 0.901322 0.114483 0.0180468 0.0255277 0.181734
0 0.738559 0.360043 0.0173793 0.0270998 0.180954
0 0.089434 0.623993 0.013479 0.0214601 0.180635
0 0.87839 0.866971 0.0154049 0.0273 0.180604
0 0.951609 0.360703 0.0215921 0.0365011 0.179936
0 0.00302674 0.909482 0.00605348 0.0408303 0.178184
0 0.515629 0.0508356 0.0207053 0.0388247 0.177689
0 0.993753 0.0693205 0.0124933 0.0376811 0.174971
0 0.114582 0.808897 0.0205535 0.0312215 0.174921
0 0.963611 0.970987 0.0270069 0.0411686 0.174232
0 0.820527 0.550013 0.0160511 0.0362276 0.172003
0 0.802772 0.24709 0.0152166 0.0298019 0.170216
0 0.849329 0.635234 0.0274826 0.0516725 0.169813
0 0.916739 0.750115 0.0205191 0.0300547 0.16891
0 0.94903 0.611581 0.0147892 0.0309612 0.165238
0 0.156481 0.772631 0.0171933 0.0244554 0.165141
0 0.00291819 0.312708 0.00579327 0.0366516 0.164138
0 0.109907 0.802299 0.0162611 0.0325144 0.163714
0 0.915037 0.038771 0.0202324 0.0277546 0.159606
0 0.179027 0.51312 0.0178253 0.0282652 0.158842
0 0.989107 0.158159 0.018165 0.0289705 0.158394
0 0.145705 0.486196 0.0167971 0.0342638 0.15808
0 0.948494 0.483733 0.0203712 0.0315309 0.156981
0 0.315124 0.979485 0.0246764 0.0342448 0.155876
0 0.199011 0.907408 0.0193795 0.0429718 0.155478
0 0.157343 0.530516 0.022792 0.0332213 0.15469
0 0.318486 0.842871 0.015704 0.0231647 0.153087
0 0.750917 0.281575 0.0156109 0.0287552 0.152002
0 0.551123 0.0529003 0.0222942 0.0288898 0.151798
0 0.471974 0.39419 0.0227923 0.0362835 0.150321
0 0.988646 0.197858 0.0188459 0.0252179 0.150058
