0 0.343886 0.506075 0.0582502 0.0194487 0.717085
0 0.958223 0.164938 0.0672073 0.0283365 0.709624
0 0.438741 0.562804 0.0617146 0.0223168 0.706129
0 0.966083 0.207947 0.0665856 0.0272131 0.705044
0 0.120123 0.750362 0.0587609 0.0190847 0.702778
0 0.575481 0.399903 0.0656327 0.0217389 0.700501
0 0.404541 0.362954 0.0605344 0.0212419 0.699944
0 0.47774 0.301009 0.0604524 0.0180239 0.699542
0 0.3489 0.586282 0.0688586 0.0245832 0.697639
0 0.772861 0.594675 0.0571209 0.0206004 0.695124
0 0.564156 0.275241 0.0570106 0.0223681 0.693512
0 0.570627 0.357786 0.0545395 0.0202192 0.691583
0 0.517363 0.138264 0.0573348 0.0204025 0.691149
0 0.350004 0.468505 0.0645655 0.0218367 0.690996
0 0.0950454 0.0414932 0.0487425 0.0206637 0.690921
0 0.680126 0.5393 0.059982 0.0214294 0.689401
0 0.425987 0.522058 0.0625588 0.0225023 0.688992
0 0.160878 0.00965974 0.0677132 0.0192033 0.688377
0 0.262619 0.379608 0.0479843 0.0206292 0.688029
0 0.816807 0.291763 0.0564864 0.0193741 0.687965
0 0.528406 0.757026 0.0623211 0.0212555 0.687693
0 0.969231 0.245056 0.060267 0.0251097 0.686
0 0.606327 0.600962 0.0535871 0.0193796 0.684735
0 0.602185 0.816023 0.0600428 0.0237966 0.684611
0 0.765979 0.895737 0.0655008 0.0204312 0.683791
0 0.584484 0.438745 0.0549318 0.0234007 0.683133
0 0.586892 0.480076 0.0605462 0.0207016 0.683109
0 0.100799 0.625731 0.0531037 0.021044 0.682854
0 0.0186616 0.824198 0.0373232 0.0222737 0.682702
0 0.16096 0.0388847 0.0508262 0.020369 0.682615
0 0.515674 0.887469 0.0600761 0.021002 0.682546
0 0.912184 0.128841 0.0598881 0.0213919 0.682458
0 0.596026 0.892732 0.0632733 0.0220089 0.6814
0 0.887195 0.230972 0.0626375 0.024877 0.68126
0 0.0680273 0.600666 0.0509576 0.019489 0.681077
0 0.415154 0.276077 0.0527185 0.0194794 0.680208
0 0.156713 0.488376 0.0472801 0.0184613 0.679708
0 0.30242 0.755324 0.0596903 0.0218956 0.678985
0 0.148195 0.404822 0.056968 0.0201315 0.678746
0 0.601932 0.558774 0.0627745 0.024373 0.678734
0 0.343654 0.544673 0.0678698 0.0234055 0.678267
0 0.523471 0.71913 0.0541045 0.0193947 0.678209
0 0.880571 0.190043 0.068516 0.0233993 0.677784
0 0.481844 0.33937 0.0612404 0.0216442 0.6774
0 0.738441 0.356099 0.0595945 0.0194853 0.676958
0 0.603938 0.737285 0.0595952 0.0193256 0.676948
0 0.43326 0.736763 0.0610718 0.0229118 0.676425
0 0.562948 0.318683 0.0621287 0.021522 0.67622
0 0.0300641 0.918124 0.0580819 0.0253368 0.67597
0 0.667656 0.455344 0.0609732 0.0201378 0.674855
0 0.641034 0.512558 0.0577638 0.0262688 0.674782
0 0.763193 0.475501 0.0663127 0.0198655 0.673819
0 0.288989 0.268969 0.0470663 0.0201755 0.673669
0 0.418084 0.0512984 0.049364 0.0180317 0.673548
0 0.975103 0.287774 0.048915 0.0242328 0.673429
0 0.571307 0.198867 0.0559078 0.021672 0.673251
0 0.155565 0.543779 0.0472316 0.0202837 0.673188
0 0.0393974 0.985491 0.0708979 0.0242523 0.673146
0 0.65632 0.376837 0.058078 0.0239779 0.673049
0 0.911395 0.0651137 0.0533037 0.0219172 0.672724
0 0.690055 0.758314 0.0565237 0.0203694 0.672508
0 0.307558 0.211985 0.0570071 0.0224989 0.67229
0 0.259378 0.958618 0.056643 0.0234913 0.672215
0 0.443523 0.88274 0.0531107 0.0195107 0.671788
0 0.780008 0.73844 0.0549343 0.0212513 0.671752
0 0.238701 0.493774 0.0656323 0.0244042 0.671446
0 0.723873 0.275274 0.0593446 0.0207061 0.671332
0 0.441648 0.602803 0.0614069 0.0252106 0.67129
0 0.687134 0.044894 0.050053 0.0191305 0.671103
0 0.210417 0.467004 0.0605925 0.0195835 0.671067
0 0.0761357 0.544686 0.0479985 0.0194225 0.670655
0 0.182742 0.940312 0.0590432 0.0255785 0.670631
0 0.0836115 0.488818 0.0464237 0.0191845 0.670603
0 0.944892 0.818992 0.0567693 0.0223259 0.670323
0 0.0331672 0.570539 0.0497914 0.0185035 0.670268
0 0.478308 0.163034 0.051922 0.0188141 0.66999
0 0.388956 0.320545 0.0529569 0.0193005 0.669801
0 0.378772 0.701383 0.0582271 0.0216456 0.669609
0 0.0795294 0.346431 0.0490352 0.0189362 0.66954
0 0.248814 0.295138 0.0493335 0.0191006 0.669273
0 0.0775459 0.824986 0.0481584 0.0173916 0.66919
0 0.685615 0.577887 0.0540232 0.0212517 0.668883
0 0.0492264 0.756706 0.0544071 0.0196082 0.668668
0 0.946413 0.592105 0.0542156 0.0216908 0.668406
0 0.743531 0.396238 0.0536641 0.0232444 0.66836
0 0.793732 0.176023 0.0518304 0.0220824 0.66835
0 0.145909 0.859016 0.0535103 0.0231316 0.667836
0 0.0548243 0.457367 0.0513491 0.0185226 0.667606
0 0.505415 0.858242 0.0605166 0.0228176 0.667508
0 0.715871 0.195179 0.0525606 0.0178627 0.667403
0 0.051117 0.726246 0.0561811 0.0209001 0.667363
0 0.321695 0.298715 0.0512753 0.0221223 0.667234
0 0.894907 0.271743 0.0523938 0.0208264 0.667076
0 0.67425 0.983883 0.0527116 0.0189831 0.66701
0 0.125546 0.457506 0.0553075 0.0212637 0.666918
0 0.0651261 0.400567 0.0504689 0.0177794 0.666899
0 0.116435 0.515432 0.0543273 0.0223523 0.666877
0 0.361907 0.384457 0.0511863 0.0211461 0.666737
0 0.659895 0.416535 0.0597459 0.0215016 0.666392
0 0.503396 0.196143 0.0567131 0.0209901 0.666062
0 0.648375 0.335714 0.0574141 0.0220326 0.665942
0 0.111749 0.571807 0.0495146 0.0197475 0.665816
0 0.623195 0.142123 0.0571066 0.0205187 0.665706
0 0.335647 0.050015 0.0632125 0.0195908 0.665694
0 0.490375 0.380898 0.0651839 0.0217701 0.66546
0 0.442921 0.698973 0.0539249 0.0210514 0.665428
0 0.232175 0.351878 0.0472908 0.0202306 0.665315
0 0.304612 0.354476 0.0571151 0.0212753 0.665177
0 0.122705 0.724077 0.0569815 0.0206777 0.664247
0 0.192073 0.519854 0.0523924 0.0194088 0.66411
0 0.417246 0.821234 0.0520619 0.0192829 0.663059
0 0.216464 0.757244 0.0488903 0.0198202 0.662931
0 0.292528 0.724895 0.0578748 0.0199875 0.662888
0 0.687784 0.836098 0.068292 0.0210236 0.662737
0 0.621661 0.176683 0.062767 0.0215833 0.662419
0 0.585485 0.0569074 0.0506043 0.0193452 0.662408
0 0.418328 0.445202 0.0578259 0.0209629 0.662111
0 0.199235 0.730063 0.0634709 0.0212605 0.661936
0 0.638175 0.293043 0.0582972 0.0203629 0.661515
0 0.536434 0.621189 0.0600283 0.0243443 0.661038
0 0.220975 0.410147 0.056078 0.0212961 0.660421
0 0.238112 0.787849 0.0538549 0.019919 0.660287
0 0.514233 0.222847 0.0540278 0.0211399 0.660167
0 0.0769334 0.852284 0.0513026 0.0188841 0.66015
0 0.938047 0.93499 0.0618051 0.020921 0.658353
0 0.587336 0.520584 0.0507077 0.0214308 0.658236
0 0.494837 0.422817 0.0550839 0.0202895 0.658235
0 0.508461 0.541504 0.0606161 0.0215096 0.65813
0 0.460362 0.794516 0.0520547 0.0210394 0.657883
0 0.449955 0.219528 0.0540015 0.0224482 0.657866
0 0.750703 0.435361 0.0558643 0.0211201 0.657686
0 0.600244 0.777458 0.050671 0.0188639 0.657242
0 0.696196 0.156225 0.0570786 0.0182124 0.656967
0 0.224037 0.603321 0.0617864 0.0219364 0.656849
0 0.416684 0.484173 0.056107 0.021917 0.656809
0 0.823521 0.373945 0.0505342 0.0187035 0.656739
0 0.937221 0.897125 0.0606063 0.0199825 0.656013
0 0.258499 0.924093 0.0559416 0.0189182 0.655043
0 0.573527 0.234912 0.0566901 0.0236516 0.654707
0 0.385991 0.216293 0.0555278 0.020973 0.654706
0 0.188523 0.699524 0.0568656 0.0227953 0.654577
0 0.924417 0.432859 0.0501671 0.0182787 0.654142
0 0.715141 0.23417 0.0533257 0.019889 0.653835
0 0.979181 0.0591644 0.0416388 0.0204761 0.653557
0 0.353917 0.846476 0.0526771 0.0197262 0.653528
0 0.915654 0.0966493 0.0566062 0.0210049 0.653313
0 0.594457 0.990666 0.053651 0.0186687 0.653037
0 0.98078 0.0329874 0.0384398 0.0219569 0.652955
0 0.501208 0.0558993 0.0429002 0.0163892 0.652819
0 0.432123 0.852442 0.0498145 0.0182114 0.652557
0 0.195451 0.378983 0.0512676 0.0197484 0.651813
0 0.103118 0.926732 0.0564393 0.0229853 0.65179
0 0.451896 0.0798794 0.0535026 0.0199734 0.651002
0 0.731345 0.314963 0.0494105 0.0195637 0.650908
0 0.0303953 0.952993 0.0573452 0.0212486 0.65058
0 0.169884 0.292058 0.0518253 0.0201671 0.650199
0 0.112225 0.377415 0.045314 0.0166123 0.64956
0 0.0815905 0.0121487 0.0509976 0.0220592 0.64922
0 0.855846 0.839888 0.0487859 0.019096 0.649179
0 0.428508 0.963962 0.0464863 0.0179266 0.649029
0 0.0633534 0.790599 0.0519472 0.0196964 0.648927
0 0.849687 0.916443 0.0648473 0.0218521 0.648874
0 0.330724 0.241942 0.0545754 0.0213411 0.648657
0 0.685499 0.869934 0.067258 0.0247032 0.648162
0 0.341473 0.821279 0.0550113 0.0205937 0.648101
0 0.701256 0.798747 0.0530349 0.0201538 0.647767
0 0.249539 0.43718 0.0553629 0.0218391 0.647705
0 0.859907 0.573095 0.0587772 0.023171 0.647554
0 0.978591 0.123491 0.0426327 0.0179768 0.647367
0 0.257821 0.628387 0.0570579 0.02062 0.647346
0 0.835742 0.102923 0.0530707 0.0209297 0.647326
0 0.293124 0.410138 0.0487581 0.0195122 0.647162
0 0.0875043 0.881431 0.0536957 0.0211866 0.646933
0 0.695075 0.720107 0.0492917 0.0198404 0.646706
0 0.491432 0.46044 0.0516819 0.02043 0.64669
0 0.397583 0.161158 0.0478034 0.0200969 0.64615
0 0.119996 0.124289 0.0444245 0.017954 0.64609
0 0.812574 0.333287 0.0558337 0.0205252 0.646002
0 0.830749 0.413988 0.0527287 0.0174915 0.645605
0 0.311936 0.941387 0.0545591 0.021334 0.644789
0 0.360739 0.428961 0.0526678 0.0211872 0.644649
0 0.541896 0.787689 0.0530015 0.018522 0.644575
0 0.832526 0.4527 0.0554507 0.0208767 0.644542
0 0.799137 0.21151 0.0541242 0.0183598 0.644121
0 0.920043 0.392133 0.0530599 0.0186812 0.643519
0 0.76887 0.854155 0.0497593 0.0182451 0.64321
0 0.861992 0.798514 0.0490212 0.0187609 0.643028
0 0.27202 0.698013 0.057169 0.021269 0.642584
0 0.183007 0.572938 0.0468367 0.0153931 0.642392
0 0.20373 0.322359 0.0498413 0.0204293 0.642334
0 0.405742 0.78058 0.05279 0.0219767 0.641837
0 0.365703 0.901308 0.0481066 0.0171226 0.641822
0 0.833417 0.133523 0.0582638 0.0198437 0.6417
0 0.190918 0.976312 0.054737 0.0199242 0.641447
0 0.0969238 0.430518 0.046006 0.0152319 0.641264
0 0.155179 0.348051 0.0526762 0.0170563 0.640706
0 0.532293 0.0836133 0.0515626 0.0203803 0.640644
0 0.0515566 0.261574 0.053045 0.0187252 0.640468
0 0.12733 0.0703155 0.0496527 0.0183789 0.640239
0 0.173839 0.238007 0.0511671 0.0163924 0.639593
0 0.288301 0.074613 0.0507225 0.0184225 0.63924
0 0.11491 0.696039 0.0558011 0.0235532 0.639226
0 0.133862 0.825013 0.0508442 0.0190842 0.639141
0 0.605655 0.0185863 0.0560402 0.0217584 0.638732
0 0.638618 0.254289 0.0533321 0.0185225 0.638431
0 0.843585 0.0711651 0.0568198 0.0195842 0.637685
0 0.0381923 0.697597 0.0592408 0.0262918 0.636546
0 0.190209 0.181277 0.0487514 0.0171674 0.636391
0 0.409493 0.2412 0.0541086 0.0180769 0.635667
0 0.0246124 0.428265 0.0482878 0.0176663 0.634244
0 0.7628 0.977652 0.047348 0.0180273 0.633746
0 0.0210985 0.0131784 0.0407218 0.0154196 0.633664
0 0.254991 0.0489232 0.0512329 0.018196 0.63366
0 0.334683 0.977047 0.0601743 0.0213681 0.63204
0 0.977038 0.326846 0.0457842 0.0206152 0.632021
0 0.0224205 0.232877 0.0435813 0.018862 0.631683
0 0.0307512 0.369745 0.0534336 0.0191139 0.631389
0 0.044927 0.31658 0.0485673 0.0181441 0.631271
0 0.0965897 0.237739 0.0492788 0.0166839 0.631249
0 0.328572 0.790384 0.0507378 0.0197011 0.630846
0 0.217401 0.863626 0.0469132 0.017257 0.630774
0 0.565709 0.858956 0.0435686 0.0189394 0.630463
0 0.0175759 0.286521 0.0348553 0.017549 0.630423
0 0.708395 0.127658 0.0575152 0.0205823 0.630419
0 0.919502 0.966949 0.0573727 0.0192603 0.629703
0 0.041796 0.515091 0.0531758 0.0191243 0.628834
0 0.453183 0.989205 0.0506982 0.0189831 0.628087
0 0.0267768 0.176928 0.0463516 0.018854 0.627945
0 0.210075 0.263548 0.0501601 0.0177695 0.627726
0 0.617366 0.624462 0.0543848 0.0186384 0.627272
0 0.232114 0.546557 0.0531048 0.0202635 0.627272
0 0.128104 0.318371 0.0456489 0.0156307 0.627243
0 0.604376 0.696682 0.0542338 0.0221529 0.626679
0 0.0924818 0.289641 0.0482021 0.0163158 0.6264
0 0.768789 0.818307 0.0494624 0.0161144 0.626022
0 0.772509 0.648872 0.0791638 0.0275186 0.625832
0 0.914818 0.0324612 0.0542407 0.0160531 0.625343
0 0.773369 0.0715671 0.041739 0.0158048 0.624568
0 0.153928 0.150949 0.0457709 0.018705 0.622564
0 0.254673 0.573305 0.0478649 0.0188183 0.622285
0 0.299315 0.898847 0.0502406 0.0169629 0.622045
0 0.0192613 0.84769 0.0382981 0.0170677 0.621773
0 0.0552871 0.205891 0.0452999 0.0171013 0.621726
0 0.285464 0.87118 0.0530132 0.018671 0.621116
0 0.912657 0.00659018 0.0590275 0.013072 0.62111
0 0.802947 0.252394 0.0536067 0.0190004 0.621004
0 0.634579 0.214984 0.0487101 0.0184226 0.620839
0 0.311388 0.00437898 0.0559869 0.00873714 0.620475
0 0.195787 0.124601 0.0495139 0.0185682 0.619501
0 0.019958 0.484499 0.0398222 0.0177502 0.618726
0 0.479728 0.245202 0.049552 0.019815 0.616491
0 0.0344024 0.623474 0.0433817 0.0187542 0.616317
0 0.150219 0.603837 0.0475887 0.0194811 0.615908
0 0.483733 0.963953 0.0497993 0.017445 0.615364
0 0.565558 0.110569 0.0512069 0.0174791 0.615126
0 0.111159 0.178898 0.0443471 0.0178162 0.613678
0 0.797555 0.540505 0.0550311 0.0203641 0.613555
0 0.854164 0.533591 0.0527635 0.0204906 0.613305
0 0.6941 0.617323 0.0556863 0.0196899 0.612602
0 0.25579 0.23984 0.0451846 0.017006 0.612464
0 0.183046 0.62658 0.0549789 0.0205818 0.612073
0 0.35219 0.185672 0.0597914 0.0203024 0.611882
0 0.527308 0.914903 0.0506871 0.0194611 0.611688
0 0.765624 0.139878 0.0456236 0.0188313 0.611508
0 0.94992 0.717053 0.0571647 0.0187379 0.611161
0 0.130593 0.264825 0.0472865 0.0186552 0.610874
0 0.159405 0.0982605 0.0458214 0.0181532 0.610316
0 0.780319 0.702498 0.0555682 0.020146 0.609762
0 0.119697 0.992442 0.0495903 0.0151155 0.608748
0 0.363714 0.877138 0.0520106 0.0176239 0.607956
0 0.175091 0.435649 0.0432576 0.0161781 0.606072
0 0.380632 0.0774945 0.0389089 0.0159059 0.605679
0 0.329 0.0221966 0.0493346 0.018535 0.604617
0 0.407499 0.40361 0.0523763 0.0177014 0.604389
0 0.0672782 0.152441 0.0500465 0.0167243 0.603392
0 0.519831 0.993637 0.0466019 0.0127257 0.602382
0 0.84983 0.876632 0.0522383 0.0169209 0.600978
0 0.618477 0.0858154 0.0471286 0.0178945 0.599774
0 0.951421 0.993131 0.0529361 0.0137373 0.59922
0 0.852534 0.495458 0.0401658 0.0195106 0.598757
0 0.926827 0.510638 0.0548639 0.0186682 0.59864
0 0.0158984 0.875849 0.0317968 0.0221241 0.597278
0 0.164287 0.884961 0.0507549 0.0170498 0.597255
0 0.14769 0.208767 0.0430312 0.0173376 0.595063
0 0.765141 0.00853869 0.0582295 0.0149001 0.594703
0 0.316978 0.159629 0.0466001 0.0175621 0.593278
0 0.211324 0.8355 0.0501688 0.0189636 0.592833
0 0.831392 0.03579 0.0430604 0.0155629 0.59249
0 0.239114 0.00459002 0.0682692 0.00912324 0.591386
0 0.926363 0.472445 0.0484219 0.017185 0.590459
0 0.385983 0.0197926 0.0424934 0.0136767 0.590203
0 0.949603 0.861009 0.0496197 0.0171974 0.590193
0 0.505401 0.820976 0.0550566 0.0179634 0.590115
0 0.222253 0.892122 0.0455108 0.0177372 0.584098
0 0.943075 0.549824 0.0484106 0.0206694 0.583349
0 0.757494 0.104934 0.046783 0.0209889 0.582868
0 0.981293 0.0893252 0.0374148 0.0175562 0.581529
0 0.94479 0.740875 0.0519065 0.0180296 0.581223
0 0.251952 0.814955 0.05171 0.0170009 0.579405
0 0.897855 0.311038 0.042522 0.0163511 0.57614
0 0.444878 0.908936 0.0495662 0.0186172 0.575891
0 0.268954 0.184525 0.0422988 0.0164673 0.57429
0 0.236731 0.0304144 0.0422155 0.014168 0.573177
0 0.263976 0.841189 0.0455984 0.0169495 0.57303
0 0.355442 0.133541 0.0431887 0.0163371 0.571292
0 0.498442 0.498742 0.0513104 0.0149368 0.570929
0 0.830416 0.00743264 0.0456701 0.014827 0.567515
0 0.496395 0.107788 0.0402614 0.0147205 0.566705
0 0.776658 0.778551 0.0461481 0.0190237 0.564768
0 0.635179 0.0471985 0.041562 0.0174281 0.561536
0 0.984552 0.367636 0.030897 0.0236967 0.560716
0 0.696825 0.0757914 0.0469098 0.0154947 0.559656
0 0.210065 0.0721723 0.0489725 0.0186924 0.559286
0 0.863383 0.759223 0.0582245 0.0202459 0.558777
0 0.559814 0.954485 0.0418193 0.0156526 0.558469
0 0.780747 0.622827 0.0497601 0.0186882 0.558052
0 0.254276 0.991833 0.0691224 0.0163346 0.55609
0 0.839289 0.972559 0.043052 0.0155738 0.552435
0 0.0118632 0.792006 0.0237263 0.0185682 0.548577
0 0.951829 0.622823 0.0526015 0.019714 0.548227
0 0.983265 0.409235 0.03347 0.0196427 0.547888
0 0.028671 0.122621 0.048432 0.0156997 0.545478
0 0.86633 0.159305 0.039139 0.0127578 0.545129
0 0.220087 0.208746 0.0500607 0.0156517 0.537944
0 0.760788 0.0409565 0.0455327 0.013596 0.537314
0 0.466462 0.0144237 0.0585012 0.0148305 0.536375
0 0.611012 0.852935 0.0481612 0.0199106 0.531867
0 0.640923 0.953934 0.0485888 0.0168568 0.531206
0 0.859036 0.612773 0.0453698 0.0186196 0.520867
0 0.326304 0.102975 0.0455669 0.0148064 0.515349
0 0.868109 0.719417 0.0428131 0.0163047 0.513539
0 0.945181 0.780446 0.0437473 0.0170268 0.512878
0 0.121356 0.966245 0.0549269 0.0180717 0.510845
0 0.901749 0.352396 0.0437512 0.0164619 0.507983
0 0.0134981 0.542573 0.0269326 0.0192986 0.500272
0 0.983295 0.981699 0.0330625 0.0181806 0.498314
0 0.0747029 0.0953309 0.0366001 0.0142915 0.489525
0 0.0141714 0.0467665 0.0281766 0.0150344 0.486537
0 0.764558 0.55843 0.0580084 0.0202492 0.485588
0 0.359655 0.922135 0.0488241 0.014513 0.473106
0 0.243438 0.100866 0.0409826 0.0189987 0.469368
0 0.680937 0.494223 0.0512923 0.0200845 0.451111
0 0.868966 0.996275 0.0488165 0.00745013 0.43631
0 0.691949 0.0133621 0.0391186 0.0124969 0.418207
0 0.72581 0.949849 0.0484661 0.0197277 0.415549
0 0.23415 0.158615 0.0388748 0.0129999 0.409497
0 0.161649 0.786914 0.0535699 0.0207329 0.392183
0 0.454151 0.135807 0.0405934 0.0116148 0.385634
0 0.981791 0.0025246 0.03563 0.00501035 0.374852
0 0.35113 0.622196 0.0526381 0.0185541 0.354487
0 0.00899086 0.598085 0.0179817 0.0167451 0.346279
0 0.177668 0.678395 0.0396195 0.0153021 0.291465
0 0.990652 0.530089 0.0176973 0.0180907 0.280695
0 0.773676 0.506419 0.100009 0.038937 0.271442
0 0.246604 0.679916 0.0470137 0.0140245 0.235073
0 0.280878 0.127716 0.0430435 0.0168199 0.223585
0 0.68926 0.0990401 0.0443667 0.0135262 0.219682
0 0.993067 0.447394 0.013213 0.0204031 0.217685
0 0.0106482 0.345399 0.021165 0.0179779 0.196578
0 0.992262 0.94914 0.014566 0.0240901 0.17428
