0 0.0763582 0.807458 0.0182777 0.0284286 0.686112
0 0.312072 0.876041 0.0193039 0.0301073 0.680406
0 0.211502 0.49213 0.0260752 0.0388238 0.671957
0 0.266302 0.545895 0.0243497 0.0384094 0.665903
0 0.34759 0.755808 0.0200225 0.0357296 0.663544
0 0.566581 0.908889 0.0243103 0.0579662 0.657513
0 0.0516428 0.748788 0.0181731 0.0301364 0.630601
0 0.30711 0.48366 0.0230773 0.0351917 0.625297
0 0.580233 0.969996 0.0211645 0.0450134 0.612998
0 0.980723 0.54393 0.0153072 0.0239503 0.611128
0 0.1867 0.688272 0.0202775 0.0281089 0.607954
0 0.245717 0.906636 0.0265189 0.0512348 0.604556
0 0.451715 0.87695 0.0198881 0.0347646 0.599274
0 0.755146 0.940925 0.0137786 0.0229609 0.591427
0 0.583091 0.790755 0.0155528 0.0256195 0.591032
0 0.0376772 0.676853 0.0142267 0.0240512 0.589087
0 0.376787 0.971818 0.0224922 0.034612 0.580604
0 0.104311 0.787219 0.0165131 0.0252296 0.578556
0 0.803905 0.936284 0.0145733 0.0258714 0.578514
0 0.212927 0.0124277 0.0127914 0.0199603 0.57237
0 0.905706 0.917477 0.0148092 0.0219167 0.572298
0 0.971358 0.354046 0.0132351 0.0206855 0.571865
0 0.528037 0.830806 0.019857 0.0353505 0.570942
0 0.422265 0.0343775 0.0127747 0.0212335 0.569268
0 0.362693 0.0336477 0.0160926 0.0214174 0.56791
0 0.403082 0.0358668 0.0147761 0.0253486 0.567638
0 0.982291 0.468558 0.0153725 0.0216834 0.567443
0 0.344024 0.033209 0.0131994 0.0187391 0.563592
0 0.952518 0.603247 0.0132992 0.0206034 0.563127
0 0.460404 0.0554458 0.0217649 0.036773 0.561483
0 0.981521 0.58583 0.0160591 0.0241926 0.560474
0 0.39415 0.00960855 0.0146258 0.0188454 0.558804
0 0.0195299 0.678495 0.0141959 0.0208026 0.556911
0 0.751673 0.832528 0.013951 0.0230835 0.556544
0 0.35657 0.904325 0.0171551 0.026462 0.554573
0 0.00331645 0.679173 0.00663291 0.0219143 0.554565
0 0.991391 0.320348 0.0139158 0.0201835 0.552434
0 0.73445 0.889825 0.0145713 0.0224118 0.549264
0 0.735961 0.924654 0.0149466 0.0237264 0.548893
0 0.977506 0.242333 0.0137653 0.0213014 0.548472
0 0.822084 0.954848 0.0155465 0.0209859 0.546339
0 0.752274 0.867917 0.0142122 0.0215912 0.545292
0 0.678768 0.853862 0.0127031 0.0192708 0.5437
0 0.961597 0.379326 0.0104462 0.0196418 0.543551
0 0.696473 0.831018 0.0148714 0.0198368 0.543365
0 0.715276 0.8434 0.0136683 0.0209651 0.542654
0 0.0756031 0.673731 0.0143523 0.023193 0.541822
0 0.591388 0.0338859 0.0145442 0.0251027 0.541446
0 0.628467 0.0572858 0.014867 0.024903 0.541416
0 0.523707 0.680699 0.0171856 0.0306471 0.540877
0 0.945077 0.699137 0.0129965 0.0210672 0.540862
0 0.947922 0.321801 0.0114609 0.0187206 0.540709
0 0.697491 0.866712 0.0132925 0.019298 0.540229
0 0.982783 0.186636 0.0146847 0.0199861 0.539373
0 0.605231 0.912917 0.0147025 0.0213933 0.539157
0 0.673335 0.71098 0.0130166 0.0200612 0.537781
0 0.325562 0.0327869 0.0136059 0.0199135 0.536874
0 0.58263 0.827785 0.0155994 0.0231072 0.536533
0 0.641815 0.93745 0.0133853 0.0205482 0.535827
0 0.975376 0.297973 0.0117752 0.0219499 0.534535
0 0.293976 0.0999255 0.013473 0.0205527 0.533069
0 0.704352 0.325415 0.012089 0.0182724 0.531778
0 0.679731 0.889343 0.0131527 0.0191522 0.53145
0 0.0162933 0.838663 0.0145583 0.0226715 0.531378
0 0.336799 0.708257 0.0286991 0.0412276 0.531321
0 0.602337 0.878686 0.0137718 0.0210134 0.531237
0 0.929223 0.458047 0.0115761 0.0208739 0.530895
0 0.664226 0.984294 0.0140528 0.0230599 0.528786
0 0.267485 0.0304316 0.0125182 0.0201293 0.527733
0 0.736596 0.959506 0.014598 0.0213383 0.527214
0 0.313659 0.101429 0.0137135 0.0194575 0.526641
0 0.116192 0.815274 0.0111495 0.0192783 0.526546
0 0.935166 0.603946 0.0114639 0.018928 0.525668
0 0.970894 0.211877 0.0138227 0.0237085 0.525466
0 0.619806 0.783599 0.0142422 0.0233475 0.525199
0 0.381674 0.0347801 0.012918 0.0206847 0.52495
0 0.24694 0.0297161 0.0128131 0.0204469 0.524572
0 0.288884 0.131242 0.0149509 0.0262733 0.524546
0 0.22778 0.0291992 0.0121401 0.0192574 0.52438
0 0.592681 0.0673184 0.0141605 0.0211511 0.523629
0 0.956556 0.495123 0.0141064 0.0238669 0.523532
0 0.948265 0.46634 0.0124775 0.0188364 0.520952
0 0.215115 0.124096 0.0136805 0.024022 0.520939
0 0.853571 0.908435 0.0137756 0.0194166 0.520838
0 0.909451 0.985569 0.0147903 0.023426 0.519986
0 0.697708 0.354747 0.0125813 0.0193624 0.519493
0 0.20714 0.0600321 0.0124362 0.0197356 0.518084
0 0.967182 0.268098 0.0108929 0.0195402 0.517606
0 0.623342 0.9627 0.0122645 0.021264 0.517396
0 0.752819 0.902772 0.012711 0.021329 0.517223
0 0.638266 0.756603 0.0135094 0.0211127 0.516727
0 0.94274 0.9396 0.013373 0.026057 0.515433
0 0.627136 0.0900788 0.0127511 0.0215132 0.515388
0 0.660493 0.911578 0.01201 0.0196384 0.514234
0 0.924023 0.926482 0.0125675 0.0223331 0.513756
0 0.601785 0.844404 0.0145227 0.0176883 0.511801
0 0.716733 0.913216 0.0150712 0.0214542 0.510199
0 0.844187 0.402291 0.0178804 0.0221894 0.50989
0 0.0376908 0.80135 0.0167744 0.0214465 0.509302
0 0.89068 0.972216 0.0138925 0.0207187 0.508889
0 0.890599 0.936675 0.0123898 0.0202676 0.50881
0 0.516041 0.86605 0.0131182 0.0232703 0.507571
0 0.952271 0.409619 0.0124523 0.019297 0.507417
0 0.497632 0.844493 0.0147501 0.0236228 0.506698
0 0.609927 0.0480345 0.0156128 0.0212809 0.506294
0 0.963777 0.696862 0.014259 0.0232574 0.506047
0 0.657305 0.734772 0.0123776 0.0216563 0.505948
0 0.733914 0.855406 0.0134577 0.0192539 0.505006
0 0.888875 0.898765 0.014618 0.0204929 0.504951
0 0.608931 0.10927 0.0129742 0.019344 0.50355
0 0.623047 0.92843 0.0152495 0.0220574 0.503101
0 0.954199 0.35261 0.00978966 0.0185962 0.500883
0 0.772887 0.914424 0.0138157 0.0224101 0.500813
0 0.945865 0.520253 0.0128426 0.0184852 0.500615
0 0.628736 0.0247118 0.0130808 0.0218695 0.500484
0 0.620393 0.821026 0.0131622 0.0180128 0.499258
0 0.640628 0.792129 0.0125095 0.0208839 0.498658
0 0.812165 0.446375 0.0124516 0.0185874 0.498359
0 0.439759 0.12697 0.0200872 0.0286501 0.498334
0 0.958741 0.43725 0.0132815 0.0213019 0.497414
0 0.382258 0.840235 0.0196791 0.0348799 0.495951
0 0.953314 0.547025 0.0121574 0.0188834 0.494877
0 0.620341 0.856667 0.0133917 0.0213448 0.49448
0 0.384317 0.138403 0.0140155 0.0229689 0.494244
0 0.35551 0.0102603 0.012956 0.0203825 0.493013
0 0.524583 0.829661 0.0263975 0.0369107 0.491166
0 0.934297 0.405528 0.0124933 0.0180674 0.489158
0 0.922189 0.0418049 0.0111275 0.0199458 0.486644
0 0.210568 0.891077 0.022758 0.0382728 0.485358
0 0.233363 0.125584 0.0142943 0.0249691 0.485146
0 0.946769 0.730491 0.0120365 0.0172312 0.484348
0 0.904378 0.428649 0.0113617 0.0173589 0.483332
0 0.906544 0.176811 0.0110596 0.0189654 0.483026
0 0.601287 0.768392 0.0128681 0.018736 0.48278
0 0.442577 0.0313536 0.014642 0.0224071 0.482698
0 0.920416 0.0114978 0.0118 0.0197708 0.482662
0 0.680457 0.925103 0.0131301 0.0207703 0.481984
0 0.715115 0.369105 0.0118787 0.0181025 0.481768
0 0.609435 0.080644 0.01285 0.0193958 0.481717
0 0.772388 0.276619 0.0108507 0.0179186 0.480688
0 0.331207 0.10154 0.0119394 0.0207493 0.480604
0 0.945556 0.378394 0.0120441 0.0185403 0.480073
0 0.69576 0.795249 0.0139088 0.0226905 0.478134
0 0.727147 0.310187 0.0114793 0.0174887 0.477835
0 0.992311 0.162069 0.0124653 0.0209187 0.475284
0 0.938407 0.00923391 0.0139437 0.0179561 0.473424
0 0.244861 0.0618097 0.0118515 0.0221004 0.473351
0 0.959195 0.573174 0.0116833 0.019054 0.47308
0 0.677518 0.817236 0.0134627 0.0222232 0.473018
0 0.99 0.21759 0.0144558 0.0223033 0.47274
0 0.983616 0.133681 0.0120941 0.0196154 0.47254
0 0.734556 0.454125 0.0117008 0.018315 0.471903
0 0.602025 0.804792 0.0150097 0.0193574 0.471846
0 0.591804 0.101107 0.0138939 0.0201924 0.470726
0 0.771153 0.877562 0.0131388 0.0208913 0.470724
0 0.760076 0.333818 0.0117773 0.0170816 0.470551
0 0.0264769 0.735313 0.0128224 0.017259 0.469503
0 0.58411 0.754393 0.0129732 0.0194481 0.469388
0 0.424683 0.0838542 0.0163681 0.0227789 0.467283
0 0.733242 0.819381 0.0142082 0.0236462 0.467068
0 0.922523 0.238205 0.0116116 0.0173961 0.466997
0 0.746618 0.393662 0.0109503 0.0193489 0.46562
0 0.717874 0.949986 0.0145634 0.0195049 0.465571
0 0.92286 0.430741 0.0105629 0.0157718 0.465461
0 0.878509 0.203779 0.0110657 0.0179012 0.465103
0 0.73416 0.278922 0.0116348 0.0174089 0.464823
0 0.0588739 0.680011 0.0118897 0.0207763 0.464258
0 0.927213 0.515383 0.0114017 0.0197449 0.463907
0 0.709045 0.398577 0.0125531 0.0164215 0.463649
0 0.940437 0.238348 0.0120303 0.0162279 0.463602
0 0.219012 0.0929113 0.0130902 0.0193132 0.463507
0 0.298616 0.830788 0.0195734 0.0298231 0.463033
0 0.72037 0.98563 0.0134506 0.023204 0.462916
0 0.0130439 0.709408 0.0112695 0.0185923 0.462896
0 0.2386 0.962572 0.0206615 0.0299476 0.462784
0 0.637031 0.724036 0.0134123 0.0181393 0.462645
0 0.645462 0.972324 0.0127125 0.0219739 0.462545
0 0.319287 0.0695817 0.011867 0.0164771 0.462202
0 0.732132 0.783702 0.0132151 0.0205522 0.461792
0 0.139522 0.706903 0.0184085 0.03348 0.461169
0 0.621694 0.892069 0.0132229 0.0219089 0.461025
0 0.640171 0.100239 0.0134412 0.0192346 0.459111
0 0.751504 0.365953 0.0122133 0.0165888 0.458261
0 0.662917 0.0276234 0.0152517 0.0329382 0.457283
0 0.939754 0.291995 0.0111523 0.0182215 0.456595
0 0.928788 0.723384 0.0114796 0.0189436 0.456572
0 0.978655 0.976511 0.0155869 0.025158 0.454708
0 0.755801 0.973594 0.0145831 0.0243838 0.453785
0 0.658045 0.771037 0.0138587 0.0184806 0.453275
0 0.909934 0.316115 0.0109535 0.0181756 0.45324
0 0.94902 0.264094 0.0107054 0.0182267 0.453072
0 0.959796 0.957894 0.0140945 0.0230958 0.452865
0 0.798465 0.330674 0.0121562 0.0166701 0.452426
0 0.97084 0.754604 0.0131238 0.0205865 0.451679
0 0.4711 0.152539 0.0181826 0.0299685 0.450964
0 0.917683 0.543715 0.00936546 0.0176724 0.450951
0 0.63979 0.829852 0.0122782 0.0211029 0.450762
0 0.224746 0.0606539 0.011619 0.0199024 0.450084
0 0.940649 0.435847 0.010659 0.0178511 0.449746
0 0.994223 0.780998 0.0115538 0.0255586 0.449225
0 0.884645 0.229886 0.0111517 0.0196497 0.448631
0 0.563185 0.70471 0.0155682 0.0212277 0.44818
0 0.700504 0.939793 0.0143747 0.0211738 0.447893
0 0.698303 0.902641 0.0140294 0.0179373 0.44638
0 0.355603 0.0734132 0.0129017 0.017389 0.446255
0 0.91247 0.262736 0.0120199 0.0189367 0.445737
0 0.967082 0.075173 0.0116402 0.0189929 0.444521
0 0.959907 0.240149 0.0111088 0.0180905 0.444037
0 0.871627 0.923949 0.0141998 0.0220391 0.442964
0 0.350941 0.106148 0.0149839 0.0187198 0.442874
0 0.958487 0.0455806 0.0130026 0.0255193 0.441888
0 0.904157 0.231942 0.0110764 0.019139 0.441563
0 0.0827628 0.744899 0.0113214 0.0226847 0.440841
0 0.91561 0.400439 0.0116764 0.0185478 0.440745
0 0.840541 0.930644 0.0129715 0.0193488 0.439906
0 0.897875 0.150382 0.0106738 0.0187992 0.439667
0 0.901969 0.285633 0.0114635 0.016828 0.439316
0 0.768394 0.675013 0.0240451 0.0304701 0.439159
0 0.464803 0.283257 0.0195919 0.033576 0.438747
0 0.919893 0.488191 0.0104712 0.0175348 0.438055
0 0.198718 0.123627 0.0138602 0.0221041 0.435858
0 0.776383 0.34793 0.0116426 0.0163952 0.435786
0 0.788716 0.289303 0.0122789 0.0184106 0.434278
0 0.918396 0.346406 0.0105965 0.0188847 0.433761
0 0.676021 0.748331 0.0133574 0.0198892 0.433624
0 0.766145 0.304421 0.0111547 0.0175556 0.432792
0 0.337566 0.0686501 0.00990782 0.0166166 0.432702
0 0.305558 0.0302033 0.0108492 0.0181722 0.43262
0 0.750539 0.467422 0.0120052 0.0181685 0.431744
0 0.618775 0.709618 0.0129992 0.020058 0.429568
0 0.84664 0.367852 0.0118176 0.0194095 0.427954
0 0.938674 0.0379138 0.0107891 0.0193259 0.427456
0 0.930571 0.26371 0.00996704 0.0189734 0.42729
0 0.508291 0.738288 0.0136663 0.0215386 0.427249
0 0.0331322 0.710669 0.013119 0.0186682 0.424845
0 0.694353 0.758911 0.0135702 0.0225464 0.424675
0 0.308433 0.130381 0.0146732 0.0213526 0.423753
0 0.90949 0.514895 0.0112759 0.0178055 0.423113
0 0.710452 0.295849 0.0111875 0.0183729 0.422921
0 0.8148 0.34421 0.0104578 0.0174563 0.422312
0 0.97715 0.789915 0.0123344 0.0209161 0.42094
0 0.279564 0.0664052 0.0095369 0.0181999 0.420893
0 0.853552 0.31138 0.0121826 0.0189651 0.42055
0 0.658356 0.804656 0.0129571 0.0198153 0.418735
0 0.93673 0.543504 0.00981445 0.0198547 0.418567
0 0.662136 0.94704 0.0131977 0.0182699 0.417577
0 0.20005 0.0908788 0.0132909 0.0177798 0.417283
0 0.871571 0.890706 0.0132969 0.0193715 0.417278
0 0.712599 0.770421 0.0138887 0.0208411 0.416573
0 0.936179 0.347918 0.0108368 0.0171085 0.416467
0 0.871688 0.369202 0.010911 0.0182056 0.416189
0 0.990735 0.699934 0.0168247 0.0246633 0.415848
0 0.735876 0.354089 0.0118237 0.0171529 0.415811
0 0.89467 0.259145 0.011113 0.0182805 0.415657
0 0.00834024 0.735281 0.012227 0.0168837 0.415529
0 0.110153 0.673692 0.0137604 0.0213166 0.413725
0 0.767268 0.48042 0.0127243 0.0180707 0.413244
0 0.92665 0.571513 0.0108627 0.0191462 0.413085
0 0.177893 0.893179 0.0202704 0.0225554 0.412956
0 0.564762 0.850568 0.0148495 0.0226712 0.412808
0 0.691963 0.384177 0.0125039 0.0182486 0.412415
0 0.876048 0.989944 0.0126078 0.0191535 0.410799
0 0.58369 0.864132 0.0135644 0.0225311 0.410675
0 0.821833 0.218002 0.0121433 0.0226448 0.410573
0 0.725212 0.413771 0.0131897 0.0154985 0.410003
0 0.968727 0.725084 0.013442 0.0194519 0.409786
0 0.208604 0.851304 0.019488 0.0297129 0.409304
0 0.89004 0.36913 0.0114964 0.0165437 0.40868
0 0.890457 0.313855 0.0104565 0.0167533 0.407119
0 0.995388 0.276138 0.00922407 0.0210849 0.406839
0 0.564446 0.779477 0.0132596 0.0202603 0.405021
0 0.62656 0.123087 0.0128661 0.0218421 0.404036
0 0.790947 0.358874 0.0103289 0.0163177 0.402749
0 0.26923 0.898592 0.0151724 0.0248873 0.402052
0 0.387281 0.105633 0.0124794 0.0232168 0.401996
0 0.907932 0.952171 0.0132408 0.020084 0.40072
0 0.402838 0.138617 0.0152088 0.0214288 0.400307
0 0.694907 0.282528 0.0115575 0.0190588 0.40014
0 0.978643 0.0506963 0.0131935 0.019427 0.400113
0 0.936417 0.489327 0.0100176 0.0194577 0.399817
0 0.700659 0.973116 0.0136566 0.0195909 0.399695
0 0.959862 0.628798 0.0142017 0.0207448 0.399227
0 0.902796 0.484299 0.0114445 0.0183011 0.399054
0 0.946417 0.125301 0.0114016 0.0185395 0.398695
0 0.873223 0.255549 0.0105728 0.0173061 0.39784
0 0.877924 0.452547 0.0116768 0.0183981 0.397731
0 0.564442 0.815991 0.0139393 0.0212046 0.395551
0 0.101921 0.722819 0.0137705 0.0198863 0.395196
0 0.542049 0.697818 0.0144325 0.022995 0.394393
0 0.527504 0.0219085 0.0133741 0.0206937 0.393329
0 0.65488 0.700353 0.0126799 0.0203768 0.392231
0 0.823993 0.989323 0.0138416 0.0201463 0.392211
0 0.783533 0.318637 0.0109423 0.0162071 0.391705
0 0.981088 0.506373 0.0139725 0.0203252 0.387391
0 0.973519 0.160438 0.0104717 0.019451 0.386425
0 0.468697 0.755148 0.017358 0.0251049 0.386307
0 0.908052 0.369991 0.0117037 0.0183931 0.386195
0 0.146479 0.670923 0.0135136 0.0188856 0.38534
0 0.545932 0.80173 0.013152 0.0177216 0.382334
0 0.958396 0.294732 0.012116 0.0184954 0.382317
0 0.927696 0.124392 0.0117282 0.018548 0.382162
0 0.929703 0.318272 0.00956802 0.0160908 0.381791
0 0.952065 0.209572 0.0120384 0.0162685 0.381721
0 0.33628 0.00828996 0.0123346 0.0160252 0.381567
0 0.259666 0.00770516 0.0119904 0.0143429 0.378257
0 0.789669 0.191911 0.0129606 0.0164431 0.377675
0 0.861998 0.396832 0.0109111 0.0192571 0.373372
0 0.325844 0.134461 0.0153801 0.0228707 0.37253
0 0.979409 0.820712 0.012875 0.0207262 0.372163
0 0.908774 0.697025 0.01349 0.0254253 0.371998
0 0.806829 0.968753 0.0149939 0.0188812 0.371435
0 0.740659 0.423685 0.0125034 0.0174027 0.37128
0 0.879676 0.3957 0.0104439 0.0174989 0.371124
0 0.713402 0.0561952 0.0113914 0.0209183 0.371035
0 0.902062 0.876887 0.0125829 0.0234826 0.370928
0 0.926186 0.179394 0.0102104 0.0190907 0.369683
0 0.933985 0.208685 0.0111153 0.0179945 0.368724
0 0.681352 0.0240312 0.017539 0.0325561 0.368358
0 0.927142 0.69611 0.0130276 0.022159 0.367962
0 0.995709 0.485893 0.00858135 0.0220156 0.366782
0 0.928584 0.751092 0.0130577 0.0157386 0.366203
0 0.713762 0.80713 0.0128407 0.0177365 0.365974
0 0.823366 0.487689 0.0111164 0.0170813 0.365569
0 0.969025 0.410345 0.0109709 0.0181396 0.363833
0 0.92789 0.966362 0.0125479 0.0185244 0.36175
0 0.960862 0.92452 0.013485 0.0194366 0.361551
0 0.702478 0.25554 0.0116833 0.0168282 0.3597
0 0.950774 0.756425 0.0105324 0.0182862 0.359284
0 0.00375228 0.943811 0.00748922 0.0404152 0.357363
0 0.873313 0.312616 0.00954247 0.0179084 0.356645
0 0.944638 0.976103 0.0139487 0.0206462 0.353482
0 0.956408 0.787257 0.013081 0.019891 0.352714
0 0.486062 0.698476 0.013265 0.0189939 0.352652
0 0.916374 0.152824 0.0110939 0.0183444 0.351463
0 0.252243 0.989756 0.0164299 0.0198525 0.350638
0 0.669282 0.402561 0.0119471 0.01608 0.349923
0 0.882313 0.342111 0.0110367 0.0154848 0.349793
0 0.888054 0.427152 0.01068 0.0176658 0.348865
0 0.869873 0.424509 0.0114033 0.0163717 0.347936
0 0.929543 0.0709126 0.011549 0.0176723 0.347911
0 0.316992 0.00737968 0.0124387 0.0144402 0.346495
0 0.581881 0.720731 0.013474 0.0175629 0.345875
0 0.844175 0.473224 0.0109123 0.0186098 0.344827
0 0.587699 0.901052 0.0139984 0.0221537 0.344146
0 0.834107 0.428462 0.0124969 0.0166417 0.343981
0 0.717022 0.88152 0.0124654 0.0242849 0.343717
0 0.770991 0.846194 0.0114662 0.0179437 0.343022
0 0.996241 0.0514989 0.00751788 0.0214581 0.341988
0 0.802235 0.40511 0.0107162 0.0182929 0.341415
0 0.806362 0.476746 0.0112551 0.0170534 0.341178
0 0.588644 0.935085 0.0126111 0.0189209 0.341025
0 0.92166 0.290037 0.0110703 0.016326 0.341021
0 0.692047 0.723716 0.0122286 0.0172526 0.338369
0 0.234226 0.59378 0.0214631 0.031997 0.338332
0 0.937739 0.0978949 0.011581 0.0195698 0.337343
0 0.339891 0.705538 0.0243485 0.0366657 0.336689
0 0.772826 0.198784 0.0109849 0.0197303 0.336394
0 0.908092 0.570709 0.0111557 0.0172624 0.335936
0 0.92714 0.377107 0.0107906 0.0163471 0.33425
0 0.984525 0.385255 0.0105717 0.019122 0.334243
0 0.85086 0.441972 0.0110641 0.018111 0.333822
0 0.37213 0.0116712 0.0129669 0.019961 0.333113
0 0.262561 0.0646726 0.0122545 0.0195115 0.332317
0 0.721582 0.339752 0.0110703 0.0167756 0.329884
0 0.711114 0.738948 0.0132852 0.019856 0.328817
0 0.839592 0.503133 0.0115875 0.0170638 0.32803
0 0.805156 0.301157 0.0106299 0.0170078 0.327985
0 0.687338 0.688604 0.0103278 0.0215044 0.327406
0 0.676142 0.779918 0.011901 0.0153486 0.325778
0 0.984294 0.430601 0.0132172 0.0212638 0.324724
0 0.740731 0.248637 0.0112299 0.0188433 0.324232
0 0.57478 0.0573241 0.0129693 0.0208227 0.323383
0 0.857003 0.483931 0.0117462 0.0165586 0.322275
0 0.996082 0.522125 0.00783539 0.0216231 0.32058
0 0.883164 0.538601 0.0115949 0.0207395 0.320139
0 0.369595 0.105558 0.0109418 0.0185251 0.319742
0 0.841858 0.965948 0.0133629 0.0166962 0.31896
0 0.772428 0.165223 0.0118542 0.0188152 0.316617
0 0.863355 0.339838 0.0121372 0.0159693 0.315127
0 0.284562 0.518812 0.0236728 0.0327525 0.314363
0 0.833744 0.532521 0.012329 0.0175151 0.314253
0 0.345374 0.134946 0.0167262 0.0242652 0.313663
0 0.899168 0.343178 0.00975494 0.0158296 0.311838
0 0.779975 0.420336 0.0111858 0.0205577 0.311126
0 0.769844 0.80926 0.0127396 0.0209025 0.310561
0 0.726769 0.0818598 0.0132366 0.0181303 0.309908
0 0.896321 0.456643 0.0114342 0.0163759 0.309834
0 0.756044 0.263946 0.0115822 0.0171581 0.309237
0 0.72486 0.237181 0.0141064 0.0185235 0.305632
0 0.916142 0.601567 0.0113914 0.0162417 0.305607
0 0.962265 0.185906 0.0102535 0.0179291 0.305332
0 0.995365 0.242415 0.00926946 0.0208724 0.305237
0 0.563979 0.73951 0.0131625 0.0182166 0.305038
0 0.605437 0.9509 0.0137932 0.0223514 0.304651
0 0.994752 0.363815 0.0104956 0.0234909 0.30358
0 0.528132 0.789338 0.0114583 0.0193271 0.300637
0 0.729653 0.382278 0.0108953 0.0187139 0.30022
0 0.440593 0.228745 0.0184156 0.0341734 0.298785
0 0.772451 0.952676 0.0148888 0.022723 0.298185
0 0.900666 0.542137 0.0110672 0.016732 0.297782
0 0.12404 0.698104 0.0126713 0.0209183 0.297274
0 0.547091 0.833535 0.013144 0.0204027 0.29689
0 0.944571 0.18241 0.0118626 0.0187287 0.295385
0 0.857513 0.940636 0.0111126 0.0204918 0.295377
0 0.429315 0.186465 0.0192556 0.0387087 0.293752
0 0.960099 0.992003 0.0151482 0.0154218 0.292708
0 0.750001 0.796935 0.0136199 0.0225603 0.291805
0 0.520621 0.827103 0.0243334 0.0327013 0.290652
0 0.659527 0.0671898 0.0121467 0.0185376 0.290629
0 0.785332 0.963579 0.0126255 0.0239357 0.290336
0 0.996941 0.73946 0.00611763 0.0273943 0.289969
0 0.462026 0.100092 0.0212429 0.0394319 0.289781
0 0.152936 0.81697 0.0148534 0.0224291 0.289535
0 0.934082 0.858971 0.0125828 0.0239285 0.287106
0 0.619565 0.747946 0.0129665 0.0181515 0.285758
0 0.735781 0.170596 0.0138678 0.0199937 0.282639
0 0.912299 0.457588 0.00975494 0.0167932 0.281242
0 0.882706 0.285165 0.0105366 0.01662 0.281113
0 0.97332 0.941724 0.0117662 0.022601 0.279737
0 0.703762 0.428681 0.0116009 0.0196021 0.279706
0 0.863155 0.146915 0.0134112 0.0207937 0.279435
0 0.79634 0.4334 0.0112719 0.0171395 0.278176
0 0.897951 0.395101 0.0105984 0.0136644 0.277802
0 0.157597 0.68965 0.0125408 0.0193264 0.274712
0 0.82446 0.387233 0.0117186 0.0171878 0.274595
0 0.558429 0.428129 0.0117984 0.0164018 0.274326
0 0.829563 0.357834 0.0114483 0.0188058 0.274089
0 0.545646 0.0268174 0.0105572 0.0168719 0.27234
0 0.757073 0.436745 0.0108818 0.0190937 0.271475
0 0.948951 0.0735571 0.0109953 0.0196907 0.271038
0 0.296818 0.00666289 0.0113877 0.0129447 0.270728
0 0.448003 0.148674 0.0135508 0.0246652 0.2705
0 0.976354 0.103495 0.0128595 0.0168374 0.269602
0 0.0926531 0.67361 0.013365 0.0213489 0.268404
0 0.915369 0.789857 0.012887 0.0196796 0.268119
0 0.849807 0.05823 0.0120949 0.0226193 0.267617
0 0.691336 0.086694 0.0133629 0.0206394 0.267577
0 0.546561 0.378849 0.0149769 0.0209375 0.266934
0 0.0134111 0.810482 0.0166304 0.0219447 0.26586
0 0.912817 0.725878 0.013015 0.0198029 0.26459
0 0.832379 0.0929335 0.0107681 0.0199057 0.263156
0 0.885306 0.482815 0.0104626 0.0157625 0.263102
0 0.857904 0.979314 0.014321 0.0167782 0.262056
0 0.373207 0.736238 0.0298424 0.0359172 0.258473
0 0.527818 0.719566 0.0137288 0.019429 0.255164
0 0.464982 0.212909 0.0137888 0.0159999 0.254423
0 0.827781 0.285327 0.0114807 0.015819 0.251958
0 0.742891 0.321806 0.00993048 0.0176173 0.251958
0 0.738303 0.992762 0.0156707 0.0142531 0.251797
0 0.47141 0.870451 0.0153541 0.0294931 0.251553
0 0.781559 0.520951 0.0121913 0.0175425 0.251171
0 0.693309 0.560966 0.0123056 0.0181916 0.250902
0 0.641757 0.498991 0.0142202 0.0208942 0.248615
0 0.526591 0.756293 0.0125641 0.0187729 0.245877
0 0.659184 0.840424 0.0121202 0.0150436 0.245872
0 0.989015 0.0786651 0.0107681 0.0194786 0.245592
0 0.64386 0.903055 0.0155619 0.01659 0.245228
0 0.580151 0.688524 0.0131348 0.0233559 0.244255
0 0.664684 0.573289 0.0124498 0.0171056 0.243621
0 0.996016 0.821227 0.00796871 0.0204329 0.242067
0 0.401184 0.109719 0.0133395 0.0225805 0.241985
0 0.874527 0.510021 0.00996984 0.0188136 0.241201
0 0.571562 0.395277 0.0107849 0.0194156 0.240728
0 0.642745 0.0729839 0.0111561 0.0173376 0.239825
0 0.300521 0.0679166 0.00980415 0.0150496 0.239351
0 0.783716 0.0115233 0.0139677 0.0222699 0.23785
0 0.842255 0.152803 0.0109724 0.0195692 0.234684
0 0.742957 0.0791747 0.011837 0.0173507 0.231382
0 0.844203 0.345133 0.0108389 0.0177246 0.230464
0 0.152909 0.772345 0.0205538 0.0339413 0.22765
0 0.581897 0.505045 0.0172704 0.0250398 0.226475
0 0.91463 0.20611 0.0101852 0.0160993 0.225828
0 0.718753 0.266899 0.0106635 0.0169128 0.225201
0 0.862713 0.680108 0.0172394 0.023684 0.224962
0 0.764108 0.405042 0.00957502 0.0172379 0.223395
0 0.774972 0.987295 0.0137579 0.0219523 0.220226
0 0.444134 0.142745 0.0167049 0.0259481 0.220138
0 0.942016 0.626391 0.0141548 0.0188673 0.219797
0 0.0886306 0.705468 0.0132978 0.0164753 0.219702
0 0.968503 0.268323 0.0110739 0.0165999 0.218739
0 0.769215 0.377154 0.0105386 0.0159305 0.218574
0 0.821567 0.315263 0.0104733 0.0155956 0.217724
0 0.993523 0.364645 0.0112047 0.0203042 0.217704
0 0.798706 0.0387584 0.0129574 0.020588 0.215527
0 0.90728 0.371402 0.00855408 0.0189775 0.214678
0 0.784344 0.892707 0.0116594 0.0210704 0.214563
0 0.622218 0.167407 0.0128651 0.0214852 0.214125
0 0.727385 0.220249 0.0139011 0.0201991 0.212933
0 0.672139 0.0920416 0.0118437 0.0187791 0.212633
0 0.78935 0.993078 0.0148732 0.012151 0.212229
0 0.546595 0.762011 0.0121372 0.0223129 0.211565
0 0.92835 0.992351 0.0116459 0.0152903 0.210437
0 0.862951 0.282975 0.0104397 0.018074 0.209759
0 0.676107 0.373239 0.0117369 0.0183295 0.207801
0 0.578763 0.684986 0.0130917 0.0261146 0.206737
0 0.7188 0.176588 0.0110365 0.017839 0.206089
0 0.277518 0.00615986 0.0115819 0.0120027 0.199034
0 0.846638 0.542793 0.0116062 0.0172709 0.198662
0 0.86662 0.230468 0.00883484 0.0209204 0.198656
0 0.634744 0.689128 0.0142231 0.0205343 0.196903
0 0.742579 0.422691 0.0110072 0.0144581 0.196078
0 0.845851 0.369028 0.0136776 0.024408 0.194987
0 0.846452 0.119257 0.0139089 0.0191878 0.192665
0 0.841127 0.213929 0.0120691 0.0172136 0.191693
0 0.921021 0.883953 0.0117582 0.0195042 0.191248
0 0.912347 0.755559 0.0121525 0.0183455 0.189435
0 0.717261 0.441674 0.0127806 0.0177583 0.189071
0 0.773139 0.45109 0.0122498 0.0167941 0.188083
0 0.741657 0.112787 0.0112186 0.0205903 0.186347
0 0.92092 0.881222 0.013121 0.0214712 0.185093
0 0.419197 0.00554109 0.0164875 0.0110822 0.182318
0 0.808731 0.373923 0.00979805 0.0149391 0.180445
0 0.198079 0.00774042 0.0117635 0.0152508 0.179993
0 0.266436 0.859357 0.0178361 0.0291975 0.179808
0 0.891426 0.570754 0.010384 0.0179715 0.179599
0 0.741453 0.246491 0.0106171 0.0157617 0.17904
0 0.365018 0.138606 0.0128322 0.0185786 0.178949
0 0.203924 0.914446 0.0300889 0.0124346 0.178286
0 0.820879 0.923536 0.0128857 0.0202365 0.176664
0 0.935724 0.15138 0.0107986 0.0178473 0.176436
0 0.814175 0.0632738 0.013059 0.0199272 0.175938
0 0.725076 0.113066 0.0124094 0.0162877 0.17527
0 0.0494266 0.710674 0.0111951 0.0182417 0.174748
0 0.656748 0.125925 0.0124498 0.0191801 0.172246
0 0.681273 0.432173 0.0138626 0.0186227 0.172209
0 0.957556 0.0384347 0.013662 0.0295154 0.172089
0 0.881955 0.083006 0.0136898 0.021966 0.170862
0 0.23768 0.860135 0.0202007 0.0413211 0.170745
0 0.737845 0.145039 0.0107944 0.0181161 0.170051
0 0.784232 0.488201 0.0117102 0.0167514 0.169428
0 0.817696 0.519234 0.00987625 0.0179661 0.167269
0 0.287791 0.851761 0.0164497 0.0265635 0.16675
0 0.227677 0.00598872 0.0122815 0.0116207 0.16668
0 0.830938 0.355413 0.00970841 0.0149594 0.165685
0 0.0688923 0.705742 0.0113854 0.0137961 0.165579
0 0.514204 0.825731 0.0148899 0.0299069 0.164967
0 0.414329 0.0617099 0.0138842 0.0141716 0.163238
0 0.558837 0.0426101 0.0147937 0.0194266 0.161929
0 0.657386 0.096968 0.0113766 0.0196822 0.161912
0 0.944137 0.573372 0.0117308 0.0158027 0.161898
0 0.329699 0.828895 0.037167 0.0609802 0.16155
0 0.60085 0.736501 0.0136037 0.0159007 0.16138
0 0.896179 0.205634 0.0113667 0.012758 0.161085
0 0.708859 0.22441 0.00919088 0.0165212 0.159456
0 0.755402 0.26617 0.00915044 0.0154373 0.157934
0 0.343155 0.87819 0.0146661 0.0249552 0.156505
0 0.457581 0.186155 0.0144415 0.0229601 0.155105
0 0.719304 0.266297 0.0085434 0.0134997 0.153909
0 0.276917 0.954426 0.0177043 0.0268534 0.152784
0 0.446337 0.146055 0.0156684 0.0273725 0.152655
0 0.105676 0.701177 0.0127054 0.0184665 0.152241
0 0.965258 0.128109 0.0113042 0.0177942 0.150633
