0 0.701262 0.635877 0.0278758 0.0392782 0.686537
0 0.637231 0.307216 0.0210448 0.0400355 0.66328
0 0.866354 0.12239 0.0193676 0.0481834 0.663082
0 0.534102 0.284932 0.0241657 0.0407596 0.652217
0 0.841414 0.115363 0.0227558 0.0475559 0.645452
0 0.81486 0.49047 0.0182487 0.034282 0.644622
0 0.666684 0.505756 0.0234863 0.0407876 0.639068
0 0.697122 0.228398 0.0203381 0.0367564 0.638834
0 0.400975 0.943069 0.0245187 0.0373118 0.637673
0 0.596198 0.713221 0.0208041 0.0383712 0.633402
0 0.548119 0.184189 0.0267088 0.0433687 0.63227
0 0.644766 0.546569 0.0147614 0.027321 0.629005
0 0.695112 0.0656149 0.0187729 0.035317 0.627641
0 0.491039 0.915897 0.0283487 0.0443702 0.624535
0 0.787465 0.459872 0.0236347 0.0471024 0.62428
0 0.626082 0.60162 0.0214155 0.0414854 0.624133
0 0.65474 0.277903 0.0178293 0.0461751 0.623918
0 0.818681 0.108733 0.0193371 0.0322288 0.623565
0 0.72465 0.12751 0.0196468 0.0349006 0.618261
0 0.886135 0.0173293 0.0165627 0.03235 0.617217
0 0.594424 0.758181 0.0188674 0.0356805 0.616225
0 0.955744 0.131648 0.0166622 0.0345449 0.61611
0 0.538096 0.953211 0.0217227 0.0447099 0.613955
0 0.657515 0.564824 0.0146055 0.0275592 0.61123
0 0.894046 0.260156 0.0243622 0.0335851 0.60988
0 0.801714 0.933293 0.0257029 0.0446229 0.607772
0 0.901949 0.299858 0.025724 0.0424445 0.600307
0 0.452682 0.616778 0.0180264 0.0360845 0.600228
0 0.384736 0.706536 0.0171027 0.030139 0.598701
0 0.68824 0.0211827 0.0218283 0.0413243 0.5986
0 0.817549 0.658851 0.0229317 0.038153 0.59718
0 0.753422 0.35261 0.0184451 0.0309021 0.596199
0 0.547399 0.741748 0.0175406 0.0307956 0.592769
0 0.782873 0.25765 0.0155092 0.0345304 0.588634
0 0.614601 0.632042 0.0146893 0.0290071 0.587308
0 0.607546 0.669462 0.0178558 0.0333197 0.585944
0 0.63131 0.355357 0.0198606 0.0346154 0.585499
0 0.91376 0.125806 0.0145252 0.0258742 0.584536
0 0.758445 0.111922 0.0169556 0.0287381 0.583261
0 0.608507 0.775992 0.0175394 0.0302849 0.578019
0 0.14863 0.946176 0.0198508 0.0321489 0.572804
0 0.629919 0.773646 0.0185125 0.0289215 0.572737
0 0.685352 0.685686 0.024567 0.0439398 0.572452
0 0.384563 0.825795 0.0172712 0.0340369 0.570276
0 0.594972 0.641548 0.0148956 0.0252951 0.570082
0 0.480645 0.865923 0.019615 0.0330983 0.568809
0 0.783712 0.0646611 0.016603 0.0278345 0.566246
0 0.870246 0.239818 0.0251804 0.0375704 0.565931
0 0.991763 0.254346 0.016474 0.0356742 0.564573
0 0.409002 0.707433 0.0190826 0.0369111 0.558722
0 0.584173 0.547893 0.0141986 0.0265077 0.558471
0 0.751125 0.17054 0.0184963 0.0274234 0.555959
0 0.503311 0.397053 0.0177065 0.0391466 0.542104
0 0.613376 0.556568 0.0144098 0.0304973 0.540515
0 0.640912 0.449274 0.0291647 0.0570062 0.539076
0 0.56779 0.77316 0.0211828 0.033627 0.538743
0 0.482505 0.783758 0.0140526 0.0253228 0.536365
0 0.627672 0.546119 0.014721 0.0292326 0.536281
0 0.244977 0.844824 0.0267511 0.047367 0.53504
0 0.602454 0.829782 0.0158928 0.0306218 0.534324
0 0.972949 0.0729743 0.0215263 0.0326404 0.533876
0 0.184422 0.966695 0.0210555 0.0387014 0.533762
0 0.613593 0.377419 0.0131437 0.0263923 0.533375
0 0.343453 0.541998 0.0186947 0.0338842 0.528054
0 0.426374 0.921075 0.0178692 0.0323033 0.525714
0 0.192717 0.874226 0.0175183 0.0381209 0.525271
0 0.533006 0.238539 0.0169889 0.0314772 0.524675
0 0.89706 0.187842 0.0123604 0.0252364 0.52165
0 0.478292 0.618072 0.0239565 0.0378377 0.521016
0 0.677447 0.454465 0.0213814 0.0413851 0.52003
0 0.738583 0.704215 0.0227793 0.0350143 0.519045
0 0.73368 0.496297 0.024297 0.0444594 0.51898
0 0.659642 0.602184 0.0163507 0.0306767 0.516996
0 0.568889 0.325413 0.0224474 0.0440284 0.516078
0 0.85461 0.794563 0.0248272 0.0430294 0.51352
0 0.40005 0.899967 0.0159106 0.0336772 0.513276
0 0.70852 0.596927 0.0139257 0.0249242 0.512483
0 0.749017 0.0386621 0.0181202 0.0304971 0.510907
0 0.240222 0.913409 0.0208612 0.0395111 0.510544
0 0.788036 0.139713 0.0161814 0.0265134 0.510386
0 0.844972 0.0605723 0.0204857 0.0366683 0.509992
0 0.660789 0.334167 0.0189529 0.0333525 0.509707
0 0.728841 0.450033 0.0142231 0.0284219 0.506816
0 0.645509 0.590311 0.0124079 0.0291881 0.506497
0 0.829631 0.895356 0.0268471 0.0378509 0.504292
0 0.364641 0.741818 0.0159098 0.0291579 0.503698
0 0.515371 0.942317 0.0132307 0.0244696 0.502577
0 0.430013 0.968855 0.0197381 0.0354954 0.501368
0 0.68157 0.596831 0.0152828 0.0282979 0.500042
0 0.619844 0.865341 0.017581 0.0323515 0.499145
0 0.260336 0.887066 0.0143438 0.031977 0.497569
0 0.842513 0.582902 0.0290497 0.0498135 0.497514
0 0.9136 0.058616 0.0185581 0.0322429 0.495012
0 0.745143 0.392584 0.0257769 0.0415732 0.494542
0 0.700511 0.130095 0.0158105 0.0358596 0.493681
0 0.567887 0.683472 0.0173307 0.0288704 0.493635
0 0.811424 0.0291997 0.0143185 0.0258258 0.483748
0 0.808845 0.841377 0.0249872 0.050246 0.482604
0 0.543473 0.689048 0.0207091 0.0381705 0.477346
0 0.826069 0.0720686 0.0137234 0.0255161 0.475652
0 0.693628 0.565553 0.0190421 0.0361414 0.473915
0 0.571226 0.808942 0.0202694 0.0317359 0.473879
0 0.745423 0.926683 0.0240099 0.0360779 0.469759
0 0.589907 0.80526 0.0136793 0.0243632 0.466253
0 0.404457 0.979548 0.0172652 0.0265408 0.466162
0 0.625502 0.731416 0.0261883 0.0426312 0.464698
0 0.965833 0.550717 0.014826 0.0243429 0.464366
0 0.807493 0.155862 0.018261 0.0382122 0.463911
0 0.667721 0.122238 0.0177511 0.0325256 0.463147
0 0.705147 0.321336 0.0163213 0.0252899 0.462083
0 0.808111 0.287672 0.0151117 0.0260801 0.460622
0 0.753145 0.0645349 0.0143842 0.0277035 0.459424
0 0.432236 0.623406 0.0162457 0.0251526 0.455103
0 0.982172 0.605761 0.0204208 0.0326555 0.45463
0 0.84277 0.236343 0.0210693 0.0434845 0.451578
0 0.663895 0.872117 0.0197034 0.0357612 0.450363
0 0.499031 0.97136 0.0190496 0.0343782 0.446279
0 0.789069 0.398861 0.0315262 0.0452182 0.44607
0 0.518716 0.850582 0.0167164 0.0344014 0.445706
0 0.783814 0.302931 0.0168626 0.0285066 0.445536
0 0.586504 0.195224 0.0197379 0.0308411 0.444603
0 0.71493 0.555969 0.0215562 0.0344601 0.4421
0 0.650773 0.738093 0.0162151 0.0307685 0.440422
0 0.605379 0.0805892 0.022335 0.0407565 0.439049
0 0.543785 0.411713 0.0148566 0.0278247 0.438907
0 0.939593 0.19902 0.0129944 0.0304557 0.437781
0 0.838996 0.623307 0.0228714 0.0324268 0.437087
0 0.992421 0.052166 0.0151577 0.0528295 0.436736
0 0.380104 0.666006 0.0173912 0.0336421 0.436588
0 0.913041 0.932545 0.0216259 0.0376999 0.435306
0 0.552927 0.983684 0.0166383 0.0312326 0.434939
0 0.629903 0.508892 0.0134487 0.03681 0.434146
0 0.681619 0.356398 0.013176 0.02215 0.433657
0 0.60517 0.285399 0.0195864 0.0341955 0.432193
0 0.827363 0.710967 0.019005 0.0344273 0.431211
0 0.613419 0.328874 0.0177198 0.0362439 0.43027
0 0.808564 0.0674604 0.0143417 0.0271547 0.43008
0 0.788182 0.674052 0.0268254 0.056054 0.426764
0 0.366793 0.842794 0.0175436 0.0322519 0.426471
0 0.931899 0.800398 0.015506 0.0293471 0.425237
0 0.475806 0.746772 0.0167271 0.0328389 0.422371
0 0.247777 0.952218 0.014338 0.0246121 0.422015
0 0.777649 0.108621 0.0159748 0.0292551 0.421749
0 0.602747 0.956874 0.0228712 0.0372761 0.416952
0 0.840585 0.532014 0.0174595 0.0326131 0.414986
0 0.515821 0.768736 0.0163711 0.0289971 0.414639
0 0.790652 0.836869 0.0142996 0.0415195 0.414138
0 0.239941 0.758813 0.0144583 0.0227554 0.413904
0 0.870826 0.0478145 0.0229225 0.0374644 0.410102
0 0.582249 0.644387 0.0103474 0.0283998 0.409766
0 0.64213 0.0211833 0.024237 0.0390557 0.40772
0 0.766687 0.545796 0.015728 0.0302005 0.407416
0 0.886836 0.490537 0.0254314 0.0403694 0.404602
0 0.677912 0.0695641 0.0176264 0.0340373 0.400281
0 0.559615 0.508057 0.0161245 0.0264403 0.40023
0 0.590402 0.512894 0.0134312 0.0241785 0.397158
0 0.610803 0.457924 0.0205346 0.0354308 0.396637
0 0.932059 0.282668 0.0292844 0.0508016 0.39632
0 0.412365 0.633144 0.0164593 0.02946 0.395299
0 0.869966 0.316453 0.0171346 0.031941 0.39465
0 0.563886 0.864879 0.0249521 0.0458615 0.393983
0 0.319939 0.956753 0.0145379 0.0295074 0.393187
0 0.338657 0.948572 0.0193395 0.0399946 0.392897
0 0.692071 0.190267 0.0146533 0.0314993 0.392039
0 0.577784 0.71725 0.0140532 0.03017 0.390943
0 0.953462 0.0849937 0.0173992 0.0260142 0.390211
0 0.717494 0.261632 0.0172613 0.028305 0.3898
0 0.728056 0.780287 0.0144662 0.025609 0.388854
0 0.857809 0.669336 0.0258156 0.0440074 0.386958
0 0.718024 0.353466 0.016899 0.0303022 0.385249
0 0.231115 0.972549 0.0167914 0.0310378 0.384737
0 0.815459 0.440172 0.0229187 0.0382967 0.384187
0 0.643065 0.398814 0.0181709 0.0279334 0.382599
0 0.591943 0.413991 0.017821 0.0286838 0.380728
0 0.989778 0.144452 0.019791 0.0349064 0.380375
0 0.461335 0.864329 0.0159329 0.0282886 0.379486
0 0.983837 0.506404 0.0187065 0.0258136 0.379386
0 0.829576 0.0317261 0.0175522 0.0296964 0.379147
0 0.656282 0.400758 0.0162691 0.0336105 0.378958
0 0.165347 0.977377 0.0169605 0.0355537 0.378204
0 0.703296 0.507638 0.0207304 0.0321626 0.376744
0 0.807938 0.344576 0.0137335 0.0236352 0.374662
0 0.61793 0.813658 0.0178323 0.0315294 0.371421
0 0.683363 0.392663 0.021159 0.0347009 0.36971
0 0.399675 0.570518 0.0141465 0.0275721 0.367896
0 0.540307 0.859415 0.0136997 0.0279063 0.367505
0 0.834923 0.37322 0.0182583 0.0346546 0.366518
0 0.956927 0.178923 0.0182243 0.0256835 0.36364
0 0.423702 0.659235 0.020355 0.0328649 0.359603
0 0.479632 0.522969 0.0195742 0.0370933 0.3584
0 0.426492 0.587544 0.0163897 0.0303475 0.357176
0 0.661304 0.98618 0.0229881 0.0264001 0.356499
0 0.137859 0.915568 0.0175256 0.0250628 0.35074
0 0.553798 0.247278 0.012964 0.0269021 0.350725
0 0.625499 0.248578 0.0176868 0.02985 0.349706
0 0.927569 0.167395 0.018581 0.0357667 0.346673
0 0.468154 0.810781 0.0117014 0.0239829 0.340759
0 0.791266 0.183345 0.0219669 0.037766 0.335719
0 0.660844 0.606789 0.018836 0.0365769 0.335014
0 0.307981 0.756298 0.019696 0.0339183 0.33334
0 0.626476 0.151392 0.0149544 0.032483 0.333025
0 0.849833 0.295133 0.015132 0.0354449 0.332982
0 0.722227 0.31648 0.011804 0.018154 0.332294
0 0.752447 0.449538 0.0179873 0.0344935 0.329574
0 0.609075 0.503313 0.0176842 0.0313617 0.328727
0 0.957518 0.589893 0.0223911 0.0382941 0.328686
0 0.725173 0.221837 0.0201303 0.0372251 0.326597
0 0.703599 0.372188 0.0155281 0.0221864 0.32617
0 0.915118 0.802276 0.0161064 0.0326358 0.325474
0 0.729868 0.174574 0.0155243 0.0276345 0.324824
0 0.664509 0.671444 0.0189782 0.0370304 0.323549
0 0.503066 0.620872 0.0196493 0.0319914 0.323488
0 0.375473 0.533755 0.0184706 0.0366353 0.321456
0 0.724551 0.617824 0.0140774 0.0265038 0.319899
0 0.550658 0.465511 0.0171503 0.0333401 0.319432
0 0.695205 0.277871 0.015109 0.0297829 0.318803
0 0.793198 0.354406 0.0145613 0.0294546 0.31834
0 0.578385 0.484998 0.0149837 0.0251528 0.3178
0 0.866608 0.284259 0.0195042 0.0284534 0.316791
0 0.836431 0.485276 0.0214672 0.0406442 0.316325
0 0.277379 0.887749 0.017653 0.0282497 0.316063
0 0.732604 0.0805437 0.0218793 0.0311865 0.312951
0 0.688088 0.102057 0.0154902 0.0248963 0.308631
0 0.800451 0.0121452 0.0203054 0.0216103 0.308622
0 0.582728 0.833909 0.0131123 0.0251395 0.308055
0 0.970745 0.650418 0.0162003 0.0294808 0.306033
0 0.49535 0.81489 0.0150492 0.0255503 0.305185
0 0.518991 0.98114 0.0187401 0.0330363 0.303401
0 0.363613 0.880689 0.015173 0.0358292 0.302366
0 0.558603 0.560665 0.021294 0.0313908 0.302094
0 0.818874 0.599825 0.0198547 0.0386881 0.301005
0 0.583833 0.360726 0.0178341 0.0374844 0.30024
0 0.184094 0.906137 0.0131588 0.0250675 0.298857
0 0.646771 0.493516 0.0123426 0.0218777 0.297628
0 0.896463 0.22184 0.0182114 0.0329799 0.296114
0 0.282263 0.730763 0.0170481 0.0304404 0.293278
0 0.552431 0.591625 0.012564 0.0229485 0.291281
0 0.425564 0.821037 0.0138597 0.0318502 0.291148
0 0.38419 0.491307 0.0400631 0.0601895 0.290021
0 0.943851 0.617836 0.0199522 0.0268816 0.289256
0 0.665588 0.542538 0.0185125 0.0235275 0.289218
0 0.853666 0.453348 0.029937 0.0410519 0.28849
0 0.992151 0.751928 0.0156984 0.0297638 0.288343
0 0.207172 0.933935 0.0113674 0.0191445 0.286846
0 0.835178 0.856389 0.0202961 0.034187 0.286184
0 0.389362 0.983298 0.0127136 0.030575 0.285197
0 0.610064 0.238451 0.0160505 0.0346224 0.285147
0 0.330998 0.726077 0.0176905 0.0314623 0.284421
0 0.92194 0.0138241 0.015844 0.0257747 0.283955
0 0.992465 0.533158 0.0150707 0.0297431 0.281727
0 0.53216 0.784576 0.0172949 0.0287715 0.281226
0 0.695559 0.469975 0.0156452 0.0263338 0.281048
0 0.219278 0.860817 0.0164225 0.0285319 0.280993
0 0.632315 0.682688 0.0184694 0.0304789 0.278128
0 0.305774 0.982124 0.016085 0.0290534 0.277164
0 0.374878 0.97707 0.0182048 0.0354298 0.276122
0 0.211773 0.811501 0.0147902 0.0270735 0.274831
0 0.613192 0.461219 0.0162902 0.0301103 0.273864
0 0.462883 0.898382 0.0214731 0.0372392 0.272857
0 0.463868 0.667321 0.0150457 0.0281066 0.271975
0 0.774027 0.5787 0.0175832 0.0224743 0.271729
0 0.628266 0.728475 0.0230429 0.0401165 0.270566
0 0.283678 0.951787 0.0122447 0.0291991 0.269608
0 0.790367 0.833145 0.017714 0.0466254 0.268888
0 0.296048 0.710433 0.0134542 0.0258531 0.26868
0 0.245908 0.793223 0.0140098 0.0275193 0.268247
0 0.967458 0.482617 0.019014 0.0289619 0.266979
0 0.864935 0.41155 0.0162944 0.0295171 0.265999
0 0.305689 0.813807 0.0173262 0.0316428 0.264588
0 0.728239 0.04258 0.019206 0.0460911 0.264173
0 0.453063 0.952478 0.0166943 0.0280046 0.263875
0 0.772164 0.0199942 0.0250694 0.0375491 0.262653
0 0.626166 0.117253 0.01259 0.0258111 0.26201
0 0.548558 0.323963 0.0171677 0.0302198 0.261256
0 0.94302 0.726184 0.0160645 0.0332698 0.259209
0 0.872009 0.616225 0.0246082 0.0404137 0.258987
0 0.711745 0.0261336 0.0169347 0.0293927 0.257751
0 0.845584 0.586783 0.024625 0.0428363 0.257164
0 0.106892 0.952906 0.0264063 0.0372501 0.25672
0 0.911501 0.201631 0.0179962 0.0324081 0.255902
0 0.883661 0.399382 0.0234451 0.0393394 0.255279
0 0.947031 0.759832 0.0140049 0.0252584 0.25392
0 0.307017 0.901976 0.0178398 0.0337958 0.253646
0 0.880232 0.366843 0.0152168 0.0208118 0.253503
0 0.76189 0.695728 0.0190079 0.036427 0.252706
0 0.302498 0.948782 0.0184029 0.0315338 0.252539
0 0.588861 0.198435 0.0233791 0.0376189 0.251426
0 0.232876 0.976664 0.0141974 0.0316058 0.249961
0 0.983139 0.0122798 0.0277298 0.0244626 0.24996
0 0.879488 0.202127 0.0157608 0.0295408 0.249689
0 0.992521 0.473541 0.0149582 0.0278723 0.248835
0 0.750562 0.0463808 0.0181938 0.0330182 0.244536
0 0.73357 0.637046 0.0123722 0.0271278 0.243875
0 0.734109 0.535428 0.0186703 0.026675 0.242755
0 0.751841 0.0674575 0.0146459 0.0262345 0.242711
0 0.98732 0.214252 0.0172779 0.0311512 0.241468
0 0.956752 0.00526722 0.0176956 0.0105344 0.240844
0 0.295519 0.637497 0.0146828 0.0251017 0.23965
0 0.74007 0.0876904 0.0141306 0.0220635 0.239461
0 0.297024 0.593321 0.0115611 0.0222043 0.239306
0 0.944531 0.0288158 0.0216162 0.0327893 0.239078
0 0.64698 0.660205 0.0154003 0.0228265 0.238245
0 0.621987 0.281437 0.0138632 0.0268027 0.236857
0 0.717652 0.419254 0.0180077 0.0288469 0.234923
0 0.971684 0.136587 0.0156871 0.0288955 0.233846
0 0.6671 0.366756 0.0119652 0.0222634 0.233806
0 0.662616 0.227654 0.0164528 0.029068 0.233348
0 0.339245 0.6842 0.0202253 0.0342202 0.233333
0 0.750134 0.654106 0.0170484 0.02433 0.231523
0 0.287174 0.986499 0.0173137 0.0260689 0.231447
0 0.211733 0.781345 0.0153936 0.0246762 0.230876
0 0.741172 0.627479 0.0185791 0.0333927 0.230287
0 0.725581 0.449179 0.0195858 0.030416 0.229541
0 0.477076 0.838379 0.0173666 0.0224976 0.227681
0 0.898085 0.363682 0.0153806 0.0251809 0.227481
0 0.481235 0.399292 0.01651 0.0349196 0.227361
0 0.161703 0.905423 0.0228764 0.038108 0.225498
0 0.270966 0.839826 0.0156685 0.0256261 0.22533
0 0.269044 0.807101 0.0173436 0.0275028 0.225112
0 0.355398 0.924195 0.0134916 0.0230027 0.225
0 0.588871 0.671555 0.0108546 0.0246299 0.224451
0 0.671919 0.837721 0.0118265 0.0205683 0.224291
0 0.580998 0.645932 0.0116923 0.0325135 0.224068
0 0.823369 0.175784 0.0133862 0.0278009 0.223785
0 0.640069 0.630402 0.0133249 0.0232324 0.22377
0 0.284075 0.667771 0.0115587 0.0208908 0.2237
0 0.554805 0.379721 0.0201836 0.0336467 0.222804
0 0.712929 0.827747 0.0141045 0.0290915 0.221182
0 0.588584 0.273559 0.0173775 0.0336027 0.220148
0 0.735386 0.0841195 0.0215591 0.0292353 0.219972
0 0.643994 0.361385 0.0145327 0.0287915 0.219336
0 0.650139 0.400459 0.0237919 0.0334286 0.219077
0 0.527097 0.366189 0.0151972 0.0314524 0.218187
0 0.497977 0.551064 0.0146132 0.0238096 0.217957
0 0.410636 0.816266 0.0156805 0.0332023 0.217893
0 0.818259 0.606309 0.0210032 0.0385484 0.21666
0 0.946641 0.790053 0.0139441 0.0255585 0.215891
0 0.517177 0.515909 0.0197477 0.030512 0.215348
0 0.827455 0.414859 0.0199699 0.038853 0.212762
0 0.785749 0.682618 0.0270631 0.0423377 0.212614
0 0.377049 0.909463 0.0155675 0.0337999 0.212068
0 0.86233 0.673871 0.0295859 0.0396178 0.210902
0 0.289167 0.833691 0.0156026 0.0273573 0.210742
0 0.792944 0.583914 0.0175952 0.0309732 0.210665
0 0.500831 0.483039 0.0146215 0.024316 0.209767
0 0.991764 0.423575 0.0164713 0.0437373 0.208503
0 0.437344 0.705587 0.0168472 0.025179 0.208163
0 0.439299 0.840763 0.0107536 0.0241079 0.207645
0 0.473119 0.69375 0.0135756 0.0279056 0.207596
0 0.840381 0.170369 0.0165073 0.030626 0.206601
0 0.696526 0.868919 0.0362043 0.0566366 0.205159
0 0.79255 0.184168 0.0158295 0.03235 0.205071
0 0.921433 0.0185864 0.0167442 0.0255185 0.203729
0 0.453404 0.83194 0.0172035 0.0257579 0.203524
0 0.518334 0.571101 0.0171524 0.0311154 0.20253
0 0.564918 0.659297 0.0197062 0.0238617 0.200668
0 0.561578 0.724102 0.0130875 0.0326006 0.200656
0 0.780037 0.612441 0.0225986 0.0357895 0.200163
0 0.454482 0.70825 0.0153738 0.0297295 0.199932
0 0.6347 0.357183 0.0245598 0.033523 0.199615
0 0.665119 0.223999 0.0168407 0.0332592 0.199591
0 0.539153 0.814068 0.0135966 0.0242259 0.199335
0 0.100909 0.98531 0.0189938 0.0283911 0.199126
0 0.776424 0.168309 0.0182426 0.0360927 0.198551
0 0.600191 0.826539 0.0135447 0.0300481 0.197769
0 0.687143 0.396091 0.0178833 0.0315604 0.197621
0 0.867719 0.352421 0.0157484 0.0249056 0.197048
0 0.358714 0.97143 0.0130229 0.0232944 0.195615
0 0.965624 0.035334 0.0132149 0.0246558 0.195423
0 0.67291 0.766445 0.0154037 0.0264184 0.194868
0 0.66521 0.677333 0.0172436 0.0330185 0.194516
0 0.565707 0.677342 0.0193377 0.0374861 0.193476
0 0.799915 0.404152 0.0156145 0.0317769 0.192972
0 0.728281 0.226001 0.0181431 0.0324328 0.192029
0 0.991327 0.43495 0.017346 0.0498589 0.1912
0 0.454899 0.748495 0.0145107 0.0263534 0.190972
0 0.809729 0.0270044 0.0164036 0.0299288 0.190643
0 0.981776 0.0142659 0.0215811 0.0264742 0.189477
0 0.800717 0.00829138 0.0226057 0.0165828 0.188991
0 0.466941 0.900543 0.0133953 0.0337221 0.188589
0 0.765925 0.811793 0.0154108 0.0249544 0.188551
0 0.624352 0.196462 0.0200504 0.0298835 0.188254
0 0.793814 0.402718 0.0261407 0.0373097 0.187524
0 0.766663 0.0634243 0.0125237 0.0288117 0.186285
0 0.853278 0.832399 0.0195847 0.0285583 0.185528
0 0.338488 0.885347 0.018273 0.0432249 0.185335
0 0.670253 0.649881 0.0170223 0.0229811 0.184642
0 0.854549 0.0301728 0.0173023 0.0232869 0.184363
0 0.554895 0.837249 0.0176677 0.0218157 0.183421
0 0.890257 0.943665 0.0179559 0.0290534 0.182883
0 0.264383 0.757041 0.0164096 0.0340441 0.182043
0 0.615522 0.551929 0.0139473 0.0331338 0.180756
0 0.285249 0.763799 0.0139585 0.028009 0.179418
0 0.941164 0.0268701 0.0176258 0.0303045 0.179198
0 0.619476 0.905101 0.017824 0.0291033 0.179104
0 0.464249 0.776731 0.013998 0.0234297 0.178118
0 0.673111 0.57303 0.0111108 0.019272 0.177803
0 0.823813 0.293555 0.0125294 0.0208099 0.177017
0 0.770814 0.305287 0.00943222 0.0256539 0.176259
0 0.600378 0.593024 0.017935 0.0274699 0.175466
0 0.834924 0.479432 0.0199181 0.0435863 0.173721
0 0.597744 0.321742 0.0140867 0.0282739 0.173572
0 0.609527 0.453094 0.0224094 0.0444478 0.173024
0 0.496458 0.510377 0.0124239 0.0235088 0.173014
0 0.196791 0.929416 0.0124814 0.0254178 0.17275
0 0.867217 0.0059247 0.0197994 0.0118494 0.171396
0 0.499552 0.883437 0.0129843 0.02372 0.170847
0 0.380639 0.494146 0.0307409 0.0540198 0.170616
0 0.796736 0.618179 0.0173613 0.0306191 0.170214
0 0.320968 0.986923 0.0160438 0.024634 0.169791
0 0.621122 0.285046 0.0100286 0.0311161 0.168854
0 0.299634 0.872315 0.0186811 0.0289844 0.16844
0 0.268308 0.956126 0.0193314 0.0319353 0.166963
0 0.723664 0.384025 0.012842 0.0240524 0.166416
0 0.667101 0.545402 0.0161308 0.0196392 0.165705
0 0.845909 0.75486 0.0167833 0.0248233 0.165222
0 0.435452 0.622141 0.0139015 0.029911 0.165107
0 0.58622 0.611455 0.0141077 0.0252764 0.164532
0 0.529642 0.364617 0.0194168 0.0288628 0.164145
0 0.618775 0.415064 0.0170479 0.0246318 0.164106
0 0.950716 0.346197 0.01917 0.0277173 0.163058
0 0.146863 0.987114 0.0186609 0.0248574 0.162761
0 0.758604 0.490755 0.022263 0.0357797 0.162317
0 0.749518 0.148735 0.0177137 0.0224898 0.16216
0 0.331447 0.574097 0.0191555 0.0300946 0.160393
0 0.22852 0.796253 0.0122856 0.0222493 0.160383
0 0.667084 0.658601 0.0210709 0.0357657 0.159962
0 0.871553 0.678098 0.0136196 0.0301884 0.159567
0 0.493308 0.724643 0.0190393 0.0313508 0.158654
0 0.732174 0.642323 0.0117386 0.0221631 0.157733
0 0.462049 0.664266 0.0174389 0.0338845 0.15731
0 0.586989 0.359742 0.0158064 0.0373703 0.157214
0 0.756977 0.495113 0.0203928 0.0362916 0.156525
0 0.22835 0.80219 0.0117922 0.0322038 0.155788
0 0.57177 0.206653 0.0107187 0.0266395 0.155749
0 0.676364 0.572506 0.0126156 0.020919 0.154348
0 0.385223 0.980995 0.0117789 0.032533 0.153592
0 0.599861 0.322547 0.0126606 0.0327877 0.153392
0 0.500928 0.973737 0.0150712 0.0340893 0.153193
0 0.245096 0.989732 0.0193596 0.0196865 0.153049
0 0.351662 0.758378 0.0119562 0.0217468 0.152932
0 0.882198 0.153164 0.0215752 0.0365385 0.152599
0 0.432162 0.736784 0.014776 0.0247214 0.152408
0 0.916666 0.854066 0.0190498 0.0318071 0.151825
0 0.711513 0.768864 0.0164188 0.0260983 0.151047
0 0.422116 0.913604 0.0193256 0.0275492 0.150745
0 0.656191 0.0550369 0.011683 0.0309557 0.150687
0 0.614367 0.238895 0.0231627 0.0395622 0.150033
