0 0.831655 0.730196 0.0254604 0.0421365 0.675425
0 0.647521 0.742245 0.0193174 0.0356788 0.670357
0 0.883176 0.138129 0.0252956 0.0377727 0.642054
0 0.786116 0.205825 0.0223984 0.0410461 0.641775
0 0.856218 0.686393 0.0211895 0.0330775 0.636305
0 0.660231 0.437495 0.0176563 0.0371331 0.636134
0 0.63389 0.96333 0.0249912 0.0450343 0.633712
0 0.712464 0.797406 0.018824 0.0354777 0.633283
0 0.754821 0.71646 0.0206608 0.0397532 0.627922
0 0.726973 0.540616 0.0236658 0.0408176 0.6244
0 0.854322 0.291593 0.0306847 0.0496383 0.624232
0 0.802181 0.798409 0.0229274 0.0398175 0.616875
0 0.972982 0.142764 0.0271618 0.0488456 0.614474
0 0.757151 0.146842 0.0294595 0.0523262 0.61345
0 0.964387 0.0337971 0.0246737 0.0483019 0.605994
0 0.697645 0.592176 0.0140157 0.0269943 0.60193
0 0.850605 0.121471 0.0287148 0.0418449 0.60174
0 0.77971 0.458095 0.0212414 0.0339346 0.600658
0 0.745793 0.673771 0.0249315 0.0425239 0.598262
0 0.688172 0.824862 0.0260621 0.0416884 0.597615
0 0.820322 0.916927 0.0234417 0.0468536 0.596788
0 0.826132 0.0817802 0.0212484 0.0325729 0.595263
0 0.724134 0.705358 0.0190685 0.0310699 0.590858
0 0.0782658 0.464415 0.0223325 0.0386536 0.587191
0 0.682179 0.45815 0.0162849 0.0377356 0.586832
0 0.831088 0.206892 0.0177606 0.0291726 0.582353
0 0.669993 0.760266 0.0176128 0.0334717 0.57962
0 0.992388 0.222254 0.0152241 0.042536 0.576292
0 0.85423 0.20216 0.0177822 0.0342636 0.574776
0 0.761393 0.556932 0.025212 0.0434326 0.572026
0 0.588243 0.835757 0.0132484 0.0339352 0.561472
0 0.653612 0.935634 0.0171399 0.0360314 0.556901
0 0.883592 0.243954 0.0167502 0.0296712 0.553636
0 0.66613 0.717634 0.016534 0.0333157 0.548671
0 0.81484 0.228209 0.0210523 0.0333491 0.542616
0 0.974962 0.203825 0.0201516 0.0347716 0.526717
0 0.856073 0.243814 0.0182556 0.0314433 0.524741
0 0.807115 0.0489703 0.0221787 0.0318005 0.521608
0 0.895572 0.0953506 0.0162933 0.0294851 0.520883
0 0.483735 0.919266 0.0155255 0.0258477 0.518445
0 0.00867644 0.211889 0.0173165 0.0510315 0.511635
0 0.484016 0.961593 0.028072 0.0411451 0.506243
0 0.804809 0.185485 0.0163521 0.0296981 0.505066
0 0.769979 0.50632 0.0239377 0.0336452 0.501676
0 0.833286 0.0328906 0.0231445 0.034649 0.500747
0 0.686975 0.972036 0.0268255 0.0434441 0.495925
0 0.987215 0.0288984 0.0163845 0.0332363 0.493593
0 0.887186 0.207151 0.0216385 0.0335083 0.492838
0 0.238312 0.0849655 0.0242869 0.0482231 0.479999
0 0.904381 0.944689 0.024691 0.0432463 0.470919
0 0.536385 0.904481 0.0215323 0.0380556 0.467409
0 0.67708 0.884206 0.0214909 0.0418905 0.467078
0 0.796345 0.394837 0.0214233 0.0392351 0.465133
0 0.730778 0.416018 0.0145034 0.0384691 0.461361
0 0.595582 0.885381 0.0223715 0.0340165 0.457419
0 0.694758 0.647785 0.0121533 0.0351386 0.457408
0 0.880148 0.169399 0.0101601 0.0217382 0.451004
0 0.73857 0.189907 0.0283531 0.0600401 0.450402
0 0.658497 0.834307 0.020056 0.0325233 0.448313
0 0.682326 0.513544 0.012884 0.0320841 0.4468
0 0.0952375 0.0106113 0.0217577 0.0212225 0.441499
0 0.742428 0.756535 0.0142267 0.0245555 0.436515
0 0.616416 0.787909 0.0190798 0.0306512 0.435589
0 0.826746 0.258019 0.0210243 0.0297142 0.434557
0 0.71757 0.644326 0.0249804 0.0416616 0.43413
0 0.252294 0.0515592 0.0149122 0.0230821 0.431312
0 0.243523 0.160867 0.0266541 0.0496424 0.427532
0 0.513006 0.942357 0.0189356 0.0356433 0.426886
0 0.731999 0.791351 0.0145566 0.0279785 0.425209
0 0.816694 0.372232 0.0149006 0.0254445 0.423548
0 0.994205 0.153529 0.0115904 0.0461994 0.411698
0 0.844082 0.450477 0.0211929 0.0358225 0.408417
0 0.799347 0.274554 0.0283697 0.038164 0.408222
0 0.747178 0.416338 0.0154496 0.0311447 0.402584
0 0.699212 0.928479 0.0191528 0.0359233 0.398384
0 0.856218 0.942859 0.0481735 0.0768951 0.39794
0 0.757596 0.0125627 0.0184891 0.0247696 0.395825
0 0.707002 0.736431 0.0117421 0.023209 0.38952
0 0.717842 0.952649 0.02345 0.0504205 0.389036
0 0.0557223 0.466703 0.0205867 0.0459707 0.386338
0 0.167461 0.147473 0.020811 0.0379259 0.385955
0 0.630667 0.774457 0.0137547 0.0248049 0.385878
0 0.01069 0.353906 0.0207385 0.0632366 0.383844
0 0.205414 0.130228 0.0148717 0.0276835 0.383456
0 0.983749 0.0859644 0.0210759 0.0438423 0.382393
0 0.670498 0.338485 0.0280746 0.0492052 0.381695
0 0.576319 0.957018 0.0235329 0.0421973 0.38039
0 0.924065 0.502843 0.0300987 0.0472946 0.378774
0 0.891811 0.498052 0.0190174 0.0333052 0.368755
0 0.595977 0.936817 0.0148237 0.0351383 0.360792
0 0.952041 0.941158 0.0348068 0.0607961 0.359814
0 0.742865 0.577549 0.0181779 0.0288578 0.357264
0 0.828187 0.561991 0.0181488 0.0324402 0.35714
0 0.788087 0.166578 0.0186914 0.0272005 0.356834
0 0.0108046 0.467636 0.0209361 0.0447562 0.350874
0 0.673485 0.341352 0.0232135 0.0431841 0.350046
0 0.742344 0.460634 0.0206086 0.035506 0.350021
0 0.896151 0.321539 0.0191257 0.0314509 0.348117
0 0.807245 0.00936653 0.0244434 0.018247 0.347363
0 0.502709 0.789148 0.0220947 0.0462884 0.34611
0 0.249692 0.321378 0.0445228 0.0798732 0.345979
0 0.450507 0.908135 0.0174035 0.0335198 0.342912
0 0.712029 0.885388 0.0282547 0.0496894 0.341352
0 0.709319 0.889266 0.0223109 0.0405501 0.338947
0 0.201372 0.0424511 0.0171949 0.0356318 0.337058
0 0.64637 0.886589 0.0229923 0.0437303 0.330894
0 0.755065 0.960845 0.0245624 0.05459 0.329874
0 0.629952 0.892225 0.0131035 0.0296115 0.328362
0 0.700913 0.704575 0.0168465 0.0247335 0.324619
0 0.584404 0.672567 0.0313538 0.0510406 0.318675
0 0.99398 0.356091 0.0120411 0.0305472 0.316663
0 0.816307 0.472026 0.0168774 0.0333884 0.313169
0 0.669548 0.934929 0.0158029 0.0309324 0.312773
0 0.663249 0.562479 0.0158599 0.0309848 0.309129
0 0.916444 0.0841766 0.0140591 0.0254601 0.304977
0 0.222859 0.402982 0.0381314 0.0634432 0.303608
0 0.767915 0.848202 0.0158146 0.0381398 0.302993
0 0.877563 0.461182 0.0197477 0.0352927 0.300031
0 0.125832 0.49174 0.0201906 0.0394763 0.297218
0 0.78673 0.909834 0.0182356 0.0366789 0.295919
0 0.598399 0.986224 0.0199532 0.0270435 0.295487
0 0.557416 0.892072 0.0155106 0.0377734 0.294999
0 0.80332 0.351935 0.0161409 0.0266487 0.289986
0 0.934484 0.982412 0.0163982 0.0338201 0.289092
0 0.664827 0.968698 0.0197625 0.0318328 0.288717
0 0.682675 0.426227 0.0114122 0.0216142 0.288513
0 0.960736 0.351945 0.0130417 0.0256555 0.285559
0 0.834454 0.487345 0.019937 0.0349262 0.284564
0 0.0134379 0.111762 0.0251415 0.0431251 0.283698
0 0.145947 0.0495838 0.0150932 0.0277372 0.277373
0 0.943593 0.169024 0.0174322 0.0299506 0.27692
0 0.818824 0.471699 0.0215488 0.0374281 0.275794
0 0.764241 0.506395 0.0320275 0.035159 0.269434
0 0.694103 0.773453 0.017514 0.0315698 0.265375
0 0.802273 0.482325 0.0133042 0.0287771 0.262664
0 0.0362766 0.448559 0.0215412 0.0434133 0.262108
0 0.65667 0.475557 0.012793 0.0286424 0.260949
0 0.992961 0.0620351 0.0140781 0.0276235 0.260888
0 0.708998 0.443588 0.0189558 0.033157 0.260374
0 0.110117 0.38934 0.0261984 0.0431688 0.251452
0 0.010659 0.343758 0.0205721 0.0461398 0.248201
0 0.630408 0.924509 0.0158932 0.0201413 0.246784
0 0.611868 0.835788 0.0181669 0.037266 0.245805
0 0.0413029 0.252408 0.0162466 0.0267886 0.244598
0 0.963869 0.485095 0.0193829 0.0336111 0.243975
0 0.924573 0.328579 0.0165232 0.0254855 0.243653
0 0.632079 0.777184 0.011718 0.022816 0.237118
0 0.916062 0.00813898 0.0251015 0.016278 0.232081
0 0.220992 0.0573161 0.0212974 0.0456572 0.231898
0 0.763883 0.846068 0.0232578 0.0410677 0.228855
0 0.781015 0.0131571 0.0195533 0.0252249 0.227676
0 0.184003 0.0344821 0.0187012 0.0345897 0.226928
0 0.639864 0.796881 0.0137417 0.0194692 0.226308
0 0.104931 0.265078 0.0299251 0.0674933 0.224927
0 0.936928 0.115619 0.0115734 0.0339556 0.224716
0 0.534394 0.613032 0.033858 0.0629391 0.223671
0 0.574249 0.895361 0.0187305 0.0290127 0.222224
0 0.802975 0.27167 0.0232939 0.0432673 0.219129
0 0.722487 0.955235 0.02605 0.0595354 0.215999
0 0.81384 0.416214 0.00909882 0.0301953 0.213731
0 0.86174 0.432646 0.0139732 0.0301863 0.21361
0 0.971092 0.444014 0.0199268 0.0282108 0.213289
0 0.695718 0.926468 0.0235119 0.0364487 0.211702
0 0.00462689 0.0753033 0.00921508 0.0336134 0.211518
0 0.956945 0.323139 0.0144938 0.0267046 0.209661
0 0.701136 0.522742 0.0158609 0.0271586 0.208251
0 0.769551 0.851631 0.0131498 0.0319353 0.207943
0 0.860871 0.950169 0.0295803 0.0571261 0.207128
0 0.0284147 0.0898707 0.0152665 0.0291482 0.201082
0 0.715326 0.406693 0.0149651 0.0237283 0.20051
0 0.491371 0.962692 0.0199977 0.0397551 0.20021
0 0.509955 0.941253 0.0243505 0.0424496 0.198913
0 0.0140067 0.0354719 0.0191222 0.0307783 0.197088
0 0.826259 0.430369 0.0155837 0.0268884 0.196824
0 0.0066603 0.0737151 0.012986 0.0348366 0.196308
0 0.026672 0.217058 0.0143572 0.0316867 0.196163
0 0.828068 0.265091 0.0224112 0.0410563 0.195878
0 0.718541 0.761899 0.0113906 0.0198646 0.194797
0 0.560239 0.721806 0.0284634 0.0422304 0.194652
0 0.886321 0.356137 0.0195792 0.0318177 0.193596
0 0.320328 0.0377755 0.0640789 0.075551 0.191155
0 0.131677 0.281454 0.0281811 0.0449416 0.188268
0 0.0705001 0.243565 0.0337771 0.055465 0.185794
0 0.983879 0.466498 0.0136606 0.0258511 0.185338
0 0.186 0.139157 0.0178066 0.0350473 0.185
0 0.746171 0.457526 0.0206984 0.0372735 0.18452
0 0.987881 0.510897 0.0231773 0.0367152 0.184068
0 0.125631 0.0670504 0.0158008 0.0321339 0.182262
0 0.457476 0.885786 0.0157436 0.0229462 0.181592
0 0.00714702 0.00638314 0.014028 0.0127663 0.180938
0 0.651583 0.65111 0.0142876 0.0284515 0.180817
0 0.0826347 0.366694 0.0184905 0.0329398 0.180682
0 0.0652979 0.287379 0.0192187 0.0350446 0.179342
0 0.943898 0.368035 0.0160211 0.0261785 0.178109
0 0.629159 0.771271 0.0138628 0.030561 0.177976
0 0.212104 0.184044 0.0228657 0.0545344 0.177491
0 0.877332 0.0077269 0.025071 0.0149776 0.177051
0 0.616046 0.745127 0.0139423 0.0325731 0.173369
0 0.979862 0.281277 0.0239979 0.0411516 0.172322
0 0.0792986 0.060262 0.0221803 0.0417552 0.17143
0 0.746268 0.0133631 0.0404707 0.0260209 0.170327
0 0.807979 0.00663786 0.0286545 0.0129345 0.170117
0 0.996828 0.413765 0.00634422 0.0235075 0.169977
0 0.972549 0.241174 0.0195839 0.0274187 0.16979
0 0.674512 0.482524 0.0143265 0.0158172 0.166702
0 0.676697 0.795743 0.0164557 0.0252302 0.16585
0 0.0361972 0.355307 0.0245637 0.0486703 0.165469
0 0.572592 0.957168 0.0220203 0.0447202 0.16458
0 0.946484 0.092128 0.0151201 0.0256918 0.162937
0 0.766907 0.415924 0.0151482 0.0277113 0.161857
0 0.675428 0.64713 0.0142879 0.01953 0.160223
0 0.812382 0.413531 0.0116535 0.0349101 0.154672
0 0.951212 0.469831 0.0105351 0.0282389 0.15405
0 0.59404 0.938694 0.0141197 0.0358494 0.15375
0 0.977308 0.449755 0.0164059 0.0252002 0.153154
0 0.0127701 0.430442 0.0200481 0.0321288 0.151101
