0 0.779478 0.784246 0.0202883 0.04522 0.698401
0 0.780464 0.486657 0.0209039 0.0350358 0.684408
0 0.969158 0.341333 0.0172596 0.0414232 0.679576
0 0.693039 0.855118 0.0242744 0.0587509 0.675353
0 0.755045 0.274808 0.0197186 0.0380788 0.671474
0 0.623348 0.553823 0.0211681 0.0381105 0.67087
0 0.882411 0.0644149 0.0175426 0.0414024 0.669009
0 0.77029 0.197258 0.017547 0.0411445 0.667568
0 0.220369 0.383268 0.0219841 0.0561566 0.666743
0 0.346352 0.82918 0.0220325 0.0427781 0.659435
0 0.598633 0.249907 0.0176043 0.0340322 0.656916
0 0.312447 0.277411 0.0192638 0.0400047 0.653748
0 0.435596 0.739133 0.0215363 0.0420868 0.649908
0 0.59719 0.529975 0.022785 0.0381827 0.649055
0 0.929984 0.10325 0.0234783 0.0379192 0.648349
0 0.315454 0.518256 0.0174124 0.0410644 0.64433
0 0.601134 0.762301 0.021294 0.0342326 0.643397
0 0.866598 0.619441 0.0217766 0.0428873 0.643146
0 0.216037 0.151741 0.0207052 0.0415922 0.641984
0 0.888027 0.314304 0.0288685 0.0531887 0.6417
0 0.957926 0.20569 0.0211605 0.0435766 0.640555
0 0.784065 0.839049 0.0213747 0.0360858 0.63919
0 0.721142 0.21899 0.0234665 0.0455027 0.638735
0 0.201604 0.454774 0.0235304 0.0426 0.638466
0 0.980338 0.437323 0.0168112 0.0323114 0.636586
0 0.975772 0.787955 0.0164661 0.0380333 0.635107
0 0.70135 0.796912 0.0218894 0.0371861 0.632118
0 0.54724 0.506563 0.0278895 0.0515096 0.631601
0 0.737433 0.260346 0.0158356 0.0282227 0.631437
0 0.904725 0.622933 0.0189026 0.0388697 0.630685
0 0.581729 0.141935 0.01673 0.0363926 0.625833
0 0.991706 0.0512813 0.0165887 0.0414026 0.623797
0 0.636464 0.780133 0.0178312 0.0383956 0.623479
0 0.801478 0.296888 0.0268867 0.0597348 0.621353
0 0.696453 0.455945 0.0166456 0.0444365 0.620991
0 0.635263 0.491911 0.0163649 0.0378103 0.618938
0 0.604591 0.812748 0.0171048 0.0359309 0.618301
0 0.780342 0.435786 0.019912 0.0449033 0.616311
0 0.674386 0.393712 0.0194756 0.0404555 0.614101
0 0.540451 0.751757 0.0164881 0.0337392 0.608261
0 0.714646 0.641394 0.0165348 0.0335776 0.607466
0 0.648011 0.864847 0.0251078 0.0520991 0.60737
0 0.911282 0.574741 0.0178265 0.0364432 0.604844
0 0.820686 0.195304 0.0214737 0.035574 0.604574
0 0.907705 0.494599 0.0135359 0.028939 0.603095
0 0.711725 0.570652 0.0177588 0.028513 0.602803
0 0.739842 0.109457 0.016848 0.0329364 0.597019
0 0.85453 0.709174 0.0171352 0.0356679 0.596321
0 0.91524 0.239578 0.0173519 0.0322077 0.596299
0 0.313678 0.187854 0.0149359 0.0340331 0.595101
0 0.785258 0.54813 0.0165841 0.035823 0.594834
0 0.128674 0.558035 0.0196077 0.037851 0.594307
0 0.926672 0.625027 0.0150902 0.0343313 0.591773
0 0.927562 0.316581 0.0213074 0.0481994 0.588187
0 0.945571 0.335847 0.019186 0.0426655 0.587994
0 0.477781 0.0170399 0.0182411 0.0331495 0.585726
0 0.634129 0.365262 0.0163876 0.0248574 0.585209
0 0.878028 0.182913 0.0211842 0.0310828 0.58444
0 0.972363 0.680359 0.0173757 0.0418859 0.583179
0 0.585952 0.847892 0.0164163 0.0257837 0.583161
0 0.717903 0.287414 0.0274567 0.0488107 0.582268
0 0.625318 0.826533 0.0175951 0.0387063 0.580691
0 0.574543 0.916119 0.0139883 0.0312778 0.579818
0 0.940611 0.671641 0.0154526 0.0261852 0.579625
0 0.851292 0.0260255 0.0140029 0.0279951 0.578904
0 0.507708 0.422286 0.0153676 0.0338152 0.577981
0 0.838798 0.267434 0.0179668 0.0402526 0.577139
0 0.734359 0.170835 0.012746 0.0299267 0.576122
0 0.977497 0.931948 0.0179276 0.0341257 0.575822
0 0.671845 0.458238 0.0163486 0.0341188 0.574984
0 0.613002 0.430734 0.0183708 0.0322913 0.574148
0 0.264362 0.211939 0.0201781 0.0509697 0.573352
0 0.860783 0.0816323 0.0158466 0.0320219 0.572524
0 0.892377 0.77595 0.0193396 0.0330866 0.568844
0 0.577289 0.662597 0.0170881 0.0401019 0.564345
0 0.976599 0.862829 0.0144547 0.0290268 0.564275
0 0.0912127 0.394959 0.0156193 0.0262257 0.561443
0 0.560997 0.0866355 0.0265886 0.0459039 0.560915
0 0.471076 0.276715 0.0192358 0.039024 0.559663
0 0.143125 0.923124 0.0206281 0.0399988 0.55565
0 0.375671 0.679238 0.0194558 0.0431594 0.553343
0 0.557926 0.697472 0.0201979 0.0417687 0.551723
0 0.265306 0.0160656 0.0240083 0.0321313 0.549117
0 0.92622 0.804634 0.0185076 0.0448371 0.545601
0 0.676539 0.322908 0.0216854 0.0412352 0.545475
0 0.638388 0.627221 0.0164815 0.0366655 0.542921
0 0.656223 0.672858 0.0157543 0.0368155 0.542884
0 0.409466 0.677258 0.0290397 0.0497383 0.541704
0 0.585796 0.789221 0.0143597 0.0271157 0.541668
0 0.812224 0.468663 0.0182953 0.0446655 0.54127
0 0.669849 0.767599 0.0243432 0.0322353 0.540073
0 0.966013 0.0994284 0.0196713 0.030103 0.539322
0 0.756377 0.879684 0.0156594 0.0368407 0.539089
0 0.615905 0.484358 0.0189949 0.0454401 0.538827
0 0.937792 0.143878 0.0150223 0.0276061 0.537922
0 0.494412 0.833128 0.0189746 0.0379672 0.537841
0 0.721114 0.0774398 0.015955 0.0294624 0.536557
0 0.884512 0.128358 0.0281405 0.0521119 0.536208
0 0.00933983 0.728283 0.0160955 0.0272192 0.534999
0 0.332318 0.394957 0.0139745 0.0441685 0.534521
0 0.991615 0.675265 0.0165295 0.0319314 0.533185
0 0.233083 0.312252 0.0179911 0.0357696 0.532262
0 0.581268 0.610509 0.0149155 0.0303356 0.530907
0 0.918952 0.0682649 0.021455 0.0388002 0.529797
0 0.742147 0.203368 0.0128048 0.0245178 0.527404
0 0.813005 0.399402 0.0199151 0.0319976 0.524843
0 0.158074 0.669084 0.0187097 0.0572093 0.523417
0 0.829008 0.0276679 0.0142236 0.0261781 0.519578
0 0.96537 0.144796 0.015263 0.0261184 0.518147
0 0.919307 0.662714 0.0176987 0.0302058 0.517829
0 0.824506 0.359359 0.018877 0.0328098 0.511976
0 0.644656 0.045977 0.0190371 0.0435107 0.510589
0 0.392496 0.634256 0.0186007 0.0353912 0.507831
0 0.672638 0.9165 0.0170394 0.03329 0.507189
0 0.847239 0.319652 0.0231655 0.0514705 0.506522
0 0.618309 0.136724 0.0149844 0.0405094 0.50246
0 0.758924 0.319627 0.0224936 0.042268 0.501028
0 0.646626 0.914823 0.0187698 0.0339859 0.498473
0 0.579633 0.339774 0.0135502 0.0332792 0.498237
0 0.552368 0.902671 0.0203348 0.0471553 0.496108
0 0.529766 0.716864 0.0147011 0.0358239 0.494602
0 0.658118 0.976812 0.01933 0.0427337 0.494251
0 0.959486 0.490117 0.0187237 0.0284719 0.492849
0 0.777834 0.29022 0.0131064 0.0211644 0.491341
0 0.921525 0.744809 0.0166363 0.0407003 0.488082
0 0.0125868 0.281178 0.0237696 0.0409296 0.487717
0 0.0405512 0.93472 0.0179055 0.0344074 0.486999
0 0.972677 0.268697 0.0140854 0.0272726 0.486408
0 0.633595 0.172343 0.0121532 0.0297795 0.484098
0 0.954305 0.888607 0.0152737 0.0372235 0.48398
0 0.627649 0.727794 0.0139805 0.0337706 0.482168
0 0.83849 0.0813418 0.0122047 0.0221384 0.479537
0 0.682398 0.25313 0.0169609 0.0342632 0.479493
0 0.569899 0.882791 0.0138805 0.0305164 0.479
0 0.566053 0.464968 0.0132837 0.0264812 0.476871
0 0.53429 0.870142 0.0213043 0.0435329 0.476582
0 0.874937 0.54733 0.0197372 0.0465709 0.471869
0 0.71933 0.842708 0.0228235 0.0355996 0.471792
0 0.753005 0.837621 0.0161127 0.0299345 0.471509
0 0.52786 0.0813757 0.0139225 0.0273417 0.471227
0 0.886167 0.458756 0.0154108 0.0243574 0.467747
0 0.857132 0.98754 0.0172211 0.0245402 0.462659
0 0.447901 0.297394 0.017378 0.0357354 0.461854
0 0.507667 0.734794 0.0187352 0.0391888 0.460599
0 0.0243457 0.660788 0.0170777 0.0275718 0.458919
0 0.238301 0.740692 0.015192 0.0387298 0.455071
0 0.790721 0.120546 0.028754 0.0597464 0.45475
0 0.62831 0.67091 0.0179235 0.031316 0.45006
0 0.870404 0.21838 0.0165302 0.0274535 0.450024
0 0.0476925 0.385468 0.0132615 0.0268968 0.449523
0 0.47252 0.815757 0.0201702 0.0412118 0.448989
0 0.604102 0.363033 0.019693 0.0359626 0.448455
0 0.95834 0.93926 0.0129337 0.0281089 0.446815
0 0.562896 0.840489 0.021608 0.0437129 0.443015
0 0.732031 0.789228 0.0165993 0.0335328 0.44095
0 0.84171 0.761686 0.0150129 0.0326475 0.440791
0 0.430305 0.598098 0.0225746 0.0400732 0.431029
0 0.0511386 0.667933 0.0172519 0.0303428 0.431016
0 0.882902 0.905593 0.0151493 0.0339766 0.428486
0 0.527637 0.350452 0.0217415 0.058489 0.426848
0 0.642179 0.70345 0.0202947 0.0340848 0.426547
0 0.841894 0.137415 0.0182396 0.0325465 0.426146
0 0.952992 0.735976 0.0122572 0.0316862 0.422999
0 0.802534 0.76541 0.0167849 0.027652 0.419734
0 0.55964 0.984023 0.0168069 0.0319536 0.417286
0 0.798138 0.935276 0.0158344 0.0341135 0.415029
0 0.83917 0.588525 0.022729 0.0400065 0.414955
0 0.450519 0.227488 0.0185097 0.0389159 0.414872
0 0.628311 0.306861 0.0155856 0.0258055 0.412152
0 0.114386 0.324835 0.0196477 0.0404542 0.412112
0 0.990904 0.974034 0.0168732 0.0336756 0.410887
0 0.74972 0.014172 0.0139161 0.0283439 0.409873
0 0.685799 0.184984 0.0157806 0.0322739 0.408069
0 0.768812 0.592848 0.0168762 0.0248504 0.405302
0 0.853618 0.163838 0.0145233 0.0228866 0.404416
0 0.810785 0.978863 0.018246 0.0399097 0.393062
0 0.581148 0.443421 0.0124355 0.0319616 0.391793
0 0.00434819 0.244984 0.00867389 0.0270128 0.387868
0 0.501009 0.0511085 0.0135427 0.0247217 0.387376
0 0.135761 0.239121 0.012553 0.0263125 0.384765
0 0.654884 0.128293 0.0164309 0.0277205 0.382532
0 0.983401 0.192306 0.014595 0.0204462 0.382211
0 0.434821 0.799584 0.0163553 0.030216 0.381097
0 0.600386 0.617632 0.0169256 0.0321231 0.380743
0 0.181626 0.629243 0.0181383 0.0375935 0.378795
0 0.453029 0.823317 0.0119936 0.0286594 0.375767
0 0.993378 0.608779 0.0132452 0.0371287 0.375618
0 0.496165 0.293054 0.0150251 0.0333733 0.375094
0 0.762178 0.966281 0.0188871 0.0407037 0.374703
0 0.458762 0.733389 0.0143597 0.0308336 0.374404
0 0.304532 0.0134648 0.0146906 0.0269296 0.36848
0 0.395194 0.855725 0.0156965 0.0323262 0.367011
0 0.821838 0.308348 0.0161312 0.039208 0.365597
0 0.972494 0.0428349 0.0166397 0.0405879 0.361205
0 0.584566 0.0959947 0.0168182 0.03481 0.360778
0 0.514647 0.390516 0.014572 0.028548 0.36053
0 0.942629 0.00775384 0.0286524 0.0155077 0.360469
0 0.989673 0.16549 0.0203529 0.0393817 0.360427
0 0.315709 0.815467 0.0208446 0.0425973 0.357864
0 0.188404 0.579834 0.0218857 0.050441 0.356202
0 0.744802 0.068309 0.016242 0.0277979 0.355877
0 0.362546 0.877633 0.0136299 0.034899 0.351627
0 0.564482 0.827535 0.0221222 0.0593004 0.348485
0 0.73287 0.692279 0.0135389 0.0257749 0.34558
0 0.991581 0.715518 0.0162718 0.0316101 0.344265
0 0.925691 0.188647 0.0232155 0.0432272 0.343992
0 0.878152 0.836118 0.0190004 0.0378255 0.343956
0 0.559994 0.0416155 0.0147455 0.02883 0.341896
0 0.105055 0.287371 0.0188252 0.0381006 0.338938
0 0.562984 0.771282 0.017947 0.0345296 0.338802
0 0.995249 0.464252 0.00950305 0.0238445 0.337433
0 0.00696847 0.649033 0.0138958 0.0236103 0.33664
0 0.0330175 0.751545 0.0126018 0.0258851 0.335597
0 0.61652 0.944139 0.0183155 0.0330716 0.330076
0 0.657092 0.233373 0.0166557 0.0312626 0.329177
0 0.190255 0.413225 0.0155461 0.0322618 0.32388
0 0.429766 0.844856 0.0141157 0.0320329 0.321943
0 0.559363 0.157206 0.0170902 0.0392064 0.321336
0 0.648147 0.921592 0.0199642 0.0333126 0.320747
0 0.670953 0.848269 0.0101784 0.0259268 0.320378
0 0.851779 0.882592 0.0246109 0.045413 0.318345
0 0.283406 0.552399 0.016281 0.0411386 0.317471
0 0.805711 0.594508 0.0194569 0.03291 0.317254
0 0.994944 0.23154 0.0101128 0.0547893 0.315116
0 0.620187 0.778698 0.015189 0.0369841 0.312629
0 0.292249 0.182119 0.0204086 0.0362576 0.312509
0 0.288059 0.74917 0.0158295 0.0363086 0.312078
0 0.331023 0.0534521 0.0148636 0.029304 0.307896
0 0.638431 0.143873 0.011418 0.0229641 0.306987
0 0.21413 0.545234 0.0148476 0.0350983 0.306595
0 0.845695 0.14032 0.0147182 0.0297625 0.302716
0 0.598764 0.694706 0.0161089 0.0429602 0.302579
0 0.220309 0.589599 0.0211617 0.0447652 0.297719
0 0.349661 0.63923 0.0228786 0.0431893 0.29714
0 0.817992 0.87719 0.0298782 0.0544868 0.296629
0 0.324088 0.464807 0.0138733 0.025049 0.292054
0 0.94237 0.933051 0.0126705 0.0343297 0.291862
0 0.707286 0.342916 0.0165634 0.0272675 0.287816
0 0.56665 0.812494 0.018157 0.0317928 0.286684
0 0.62454 0.912863 0.0132372 0.02097 0.281782
0 0.655277 0.5918 0.0183006 0.0320793 0.280063
0 0.721726 0.0377017 0.0128345 0.0225428 0.279837
0 0.600016 0.971095 0.0150314 0.0424246 0.275304
0 0.981959 0.0116952 0.0168331 0.0197343 0.27408
0 0.541083 0.589717 0.0189551 0.032639 0.273018
0 0.824654 0.932521 0.0191601 0.0315274 0.272711
0 0.668549 0.0666178 0.0127815 0.0269302 0.271168
0 0.921266 0.185744 0.0321514 0.0490438 0.271044
0 0.0126511 0.501325 0.0186005 0.0417363 0.267765
0 0.57456 0.513083 0.015361 0.0347553 0.267577
0 0.922781 0.483321 0.0115194 0.0241117 0.265254
0 0.450924 0.863269 0.0142595 0.0233062 0.265244
0 0.984351 0.546606 0.0166267 0.0345069 0.264213
0 0.951772 0.978984 0.0128833 0.0269364 0.263487
0 0.780988 0.740194 0.0170595 0.0335693 0.261317
0 0.608444 0.0779331 0.0268728 0.0524255 0.261303
0 0.00717901 0.576591 0.0112758 0.0246123 0.260051
0 0.601789 0.33073 0.0110685 0.0254409 0.256603
0 0.779283 0.375238 0.0116849 0.025675 0.254675
0 0.876096 0.4853 0.00788485 0.0243376 0.253444
0 0.494735 0.783262 0.0192972 0.0412337 0.253072
0 0.631551 0.968573 0.0200814 0.0339693 0.249301
0 0.43439 0.881762 0.015455 0.0275383 0.247671
0 0.113215 0.136518 0.0140131 0.0275552 0.245629
0 0.664361 0.812232 0.0141574 0.0263708 0.244917
0 0.572443 0.734957 0.0151855 0.0219994 0.24428
0 0.437961 0.333983 0.0128765 0.0344073 0.243727
0 0.611098 0.868236 0.0196676 0.0354471 0.241796
0 0.897938 0.123168 0.0195164 0.0402022 0.237673
0 0.228187 0.218708 0.0206263 0.038132 0.228881
0 0.902245 0.121585 0.0147377 0.0323656 0.228684
0 0.770142 0.661121 0.0163537 0.0264228 0.228655
0 0.0111914 0.909605 0.0143095 0.0278648 0.227282
0 0.662296 0.636535 0.0154261 0.0206654 0.225507
0 0.794366 0.401765 0.0138217 0.0220574 0.225014
0 0.744322 0.145249 0.0108398 0.0204012 0.2246
0 0.996424 0.234636 0.00715256 0.0568899 0.22453
0 0.759672 0.101302 0.0145491 0.0289342 0.224064
0 0.0178789 0.236541 0.0137695 0.0328719 0.222964
0 0.614753 0.947983 0.0159138 0.0346458 0.222649
0 0.786324 0.185312 0.0138562 0.0274755 0.220849
0 0.644042 0.404702 0.0141853 0.0371156 0.218551
0 0.98781 0.906957 0.0131308 0.0206099 0.218429
0 0.72469 0.516463 0.0274121 0.0478858 0.216643
0 0.00398563 0.937645 0.00797126 0.0275108 0.216376
0 0.210928 0.327018 0.0162899 0.0394899 0.214859
0 0.671029 0.7269 0.0160351 0.0350794 0.214762
0 0.406029 0.767821 0.0152235 0.0362036 0.213784
0 0.886261 0.980728 0.0188657 0.035359 0.213693
0 0.958984 0.497205 0.0201569 0.0418465 0.213669
0 0.19797 0.749728 0.0155386 0.0313041 0.212285
0 0.760882 0.806393 0.0163591 0.0270794 0.212139
0 0.314991 0.0712269 0.0158516 0.0268354 0.211873
0 0.413162 0.842123 0.0153299 0.0306209 0.210258
0 0.766257 0.328107 0.0254811 0.0322932 0.205867
0 0.779933 0.935547 0.0160213 0.0352554 0.204428
0 0.39155 0.718107 0.0121095 0.0309999 0.20367
0 0.742626 0.147723 0.0112853 0.0171174 0.201354
0 0.330127 0.115839 0.017834 0.0367996 0.200841
0 0.760987 0.14272 0.0170355 0.0260308 0.199406
0 0.733586 0.59576 0.0114613 0.0221995 0.197529
0 0.60834 0.646382 0.0130422 0.0187899 0.194055
0 0.710813 0.123265 0.0141287 0.0254508 0.192981
0 0.665738 0.54468 0.0135093 0.0238771 0.191871
0 0.372349 0.562722 0.0150814 0.0312732 0.191123
0 0.0846542 0.0142313 0.0184816 0.0284626 0.190555
0 0.215082 0.739644 0.0184589 0.0455345 0.188257
0 0.0273238 0.40162 0.0144925 0.0270547 0.187757
0 0.0203971 0.538638 0.0137791 0.0262981 0.187526
0 0.955602 0.0426519 0.0156391 0.0298705 0.187443
0 0.967931 0.0444992 0.0227311 0.0407506 0.187025
0 0.687879 0.187917 0.0203924 0.0376573 0.186916
0 0.995402 0.572417 0.00919666 0.0341826 0.18513
0 0.779109 0.893849 0.0138387 0.0261124 0.182991
0 0.864154 0.262747 0.013763 0.0273993 0.181081
0 0.842762 0.758675 0.0188492 0.0388697 0.178987
0 0.903764 0.0118187 0.0246563 0.0219255 0.178227
0 0.515997 0.700009 0.0128404 0.0259288 0.177936
0 0.109276 0.886601 0.0231368 0.0561443 0.175858
0 0.98767 0.547082 0.0195937 0.0325531 0.174891
0 0.747796 0.549444 0.0181889 0.0256374 0.171524
0 0.961683 0.0455549 0.0263523 0.0375974 0.165561
0 0.720491 0.293003 0.0284197 0.0421668 0.164997
0 0.431922 0.636376 0.0171927 0.0220822 0.164156
0 0.338113 0.528404 0.0204101 0.0423958 0.16389
0 0.99329 0.130343 0.0134197 0.034276 0.161546
0 0.684878 0.97302 0.0234699 0.0517099 0.161484
0 0.738555 0.930317 0.0186872 0.0354548 0.160996
0 0.73636 0.966776 0.0207371 0.0296015 0.158767
0 0.64341 0.711902 0.0197514 0.0286254 0.158713
0 0.726256 0.00917572 0.0173913 0.0183514 0.157876
0 0.378036 0.0166035 0.0217611 0.0332069 0.157353
0 0.365374 0.880848 0.0167751 0.0368236 0.156884
0 0.293552 0.101633 0.0176935 0.0362234 0.154785
0 0.554999 0.415816 0.0175251 0.0330652 0.15315
