0 0.228367 0.594487 0.0324713 0.046067 0.713581
0 0.72503 0.418349 0.0296902 0.0427533 0.70837
0 0.294451 0.544879 0.0213139 0.0429743 0.706554
0 0.147826 0.877096 0.0289437 0.0449548 0.702601
0 0.534658 0.63663 0.0262894 0.043666 0.700026
0 0.63901 0.668503 0.0237007 0.040796 0.682449
0 0.132543 0.328372 0.0328176 0.0592072 0.682008
0 0.463051 0.318248 0.020699 0.0357921 0.681999
0 0.00713293 0.197905 0.0142659 0.040765 0.676412
0 0.121911 0.390838 0.0280181 0.0446762 0.666191
0 0.69803 0.238792 0.0282051 0.041165 0.662252
0 0.1338 0.686935 0.0233078 0.0430816 0.662186
0 0.614994 0.862164 0.0209236 0.037572 0.655764
0 0.795255 0.158854 0.0224461 0.0361865 0.655163
0 0.152205 0.753645 0.0239712 0.0402429 0.655002
0 0.045043 0.641744 0.0243 0.046352 0.647022
0 0.660057 0.272906 0.0336046 0.0514708 0.645987
0 0.198477 0.0599032 0.0295627 0.0517004 0.644407
0 0.337295 0.707796 0.0255208 0.0497999 0.641997
0 0.181122 0.489064 0.0275931 0.0474048 0.640347
0 0.0094352 0.481907 0.0188704 0.0465595 0.639539
0 0.548916 0.252171 0.0223727 0.0351223 0.637147
0 0.212863 0.697189 0.0237042 0.0424098 0.635839
0 0.973323 0.168393 0.0207153 0.0342177 0.635533
0 0.696807 0.0746932 0.0236691 0.0364904 0.633534
0 0.526203 0.48661 0.0208572 0.0406846 0.632934
0 0.62483 0.300409 0.019297 0.0335238 0.630044
0 0.360967 0.6309 0.0223463 0.0395382 0.629476
0 0.164072 0.369076 0.0281384 0.0435268 0.628147
0 0.819861 0.919329 0.0183659 0.0353707 0.627566
0 0.701116 0.373894 0.0246901 0.0374924 0.626306
0 0.071184 0.22165 0.0286999 0.0546413 0.625499
0 0.482383 0.401111 0.0189705 0.0332894 0.623366
0 0.785992 0.64576 0.0201076 0.0372979 0.618784
0 0.10746 0.281007 0.0249923 0.0424997 0.618567
0 0.812318 0.78298 0.0282063 0.0434397 0.61805
0 0.770517 0.139264 0.0178101 0.0279556 0.617921
0 0.552241 0.576056 0.0284321 0.0582143 0.611045
0 0.97065 0.521485 0.0140203 0.0233932 0.607834
0 0.0771994 0.168402 0.0189934 0.0313342 0.606444
0 0.602862 0.648639 0.0185708 0.0355365 0.601524
0 0.742398 0.122438 0.0218147 0.0320955 0.600471
0 0.192173 0.799693 0.0248699 0.0438624 0.600234
0 0.769484 0.952193 0.019045 0.0322825 0.59826
0 0.924642 0.225772 0.0191669 0.0340918 0.597151
0 0.227525 0.925614 0.0223577 0.0408967 0.594976
0 0.0454317 0.177871 0.0251348 0.0431361 0.594889
0 0.732521 0.232136 0.0217365 0.0335933 0.593375
0 0.387035 0.901529 0.0162189 0.0320162 0.593121
0 0.797547 0.932261 0.0201215 0.036751 0.593088
0 0.951265 0.185475 0.0208584 0.0331443 0.590758
0 0.0430245 0.227201 0.0227111 0.043965 0.590058
0 0.988392 0.379214 0.0230091 0.0396126 0.589679
0 0.478155 0.620986 0.0190805 0.0307897 0.589355
0 0.353766 0.773212 0.0288899 0.0529171 0.588476
0 0.205505 0.97752 0.0179691 0.0339761 0.588399
0 0.720222 0.615806 0.0194916 0.0370377 0.587862
0 0.770604 0.206603 0.0212948 0.034144 0.585197
0 0.990174 0.494711 0.0189293 0.0356262 0.5839
0 0.220483 0.535924 0.0229899 0.0368539 0.583731
0 0.570063 0.464157 0.0182689 0.0367892 0.578374
0 0.152974 0.822915 0.0212542 0.0320931 0.577362
0 0.626585 0.583734 0.0151975 0.0313457 0.571534
0 0.992331 0.564399 0.015338 0.0298705 0.571516
0 0.984414 0.844163 0.0195319 0.0336609 0.567683
0 0.882683 0.0604341 0.0211094 0.0367467 0.566574
0 0.85909 0.582487 0.0212225 0.0373711 0.560159
0 0.918457 0.69785 0.0203491 0.0334355 0.556235
0 0.215579 0.478098 0.0239804 0.0423553 0.555471
0 0.902611 0.465801 0.0225176 0.0389518 0.553597
0 0.940615 0.646951 0.0158405 0.0315459 0.552785
0 0.413112 0.466071 0.0209414 0.0378527 0.549581
0 0.820686 0.172265 0.0184406 0.0273501 0.548287
0 0.760945 0.437083 0.0250841 0.0376494 0.540088
0 0.239781 0.659523 0.0201863 0.0303326 0.5377
0 0.377827 0.695883 0.0224786 0.037537 0.536432
0 0.652747 0.963429 0.0207472 0.039297 0.535824
0 0.106397 0.670089 0.0157272 0.029276 0.534152
0 0.768145 0.167321 0.0176899 0.024064 0.533097
0 0.879928 0.760063 0.0189573 0.0319594 0.531117
0 0.471004 0.361703 0.0240627 0.0353012 0.530947
0 0.47838 0.753133 0.0188552 0.0296419 0.530106
0 0.0189749 0.565802 0.0233045 0.0429837 0.527812
0 0.842246 0.606191 0.0189289 0.0352093 0.525565
0 0.84181 0.746313 0.0206642 0.0370222 0.525129
0 0.663424 0.564598 0.0153568 0.0290865 0.524967
0 0.548751 0.705763 0.0288405 0.0431736 0.519239
0 0.265419 0.618006 0.018761 0.0339791 0.51746
0 0.578697 0.530294 0.0192459 0.0353973 0.51348
0 0.795725 0.881308 0.0256717 0.0346022 0.513469
0 0.0554848 0.279186 0.0179833 0.0281154 0.510781
0 0.900166 0.571227 0.0132626 0.0293898 0.505867
0 0.226089 0.750542 0.0179585 0.0391168 0.503607
0 0.882921 0.69512 0.0215332 0.0337872 0.502853
0 0.976182 0.337213 0.0144076 0.0280741 0.500705
0 0.100621 0.313579 0.0214343 0.0334856 0.498509
0 0.0862342 0.664727 0.0230146 0.0458121 0.49734
0 0.834742 0.2995 0.0243416 0.0408605 0.494654
0 0.82182 0.839152 0.0153137 0.0284512 0.493432
0 0.89189 0.66168 0.0140846 0.0267185 0.493323
0 0.686263 0.740968 0.0252647 0.0371592 0.492954
0 0.979042 0.278214 0.0335842 0.0554772 0.492943
0 0.92065 0.393843 0.0181644 0.0378136 0.491967
0 0.681853 0.971887 0.0252516 0.0448703 0.490093
0 0.193047 0.878726 0.0145574 0.0290795 0.489981
0 0.70569 0.800055 0.0191837 0.0369119 0.489121
0 0.700237 0.431813 0.0202232 0.0341443 0.488343
0 0.363578 0.667684 0.0152939 0.0247375 0.487228
0 0.768902 0.35609 0.0206339 0.0358681 0.487183
0 0.928119 0.846338 0.0227467 0.0380264 0.484998
0 0.244077 0.716787 0.0265624 0.0472547 0.481657
0 0.150561 0.418332 0.0214192 0.0365821 0.48165
0 0.241949 0.478828 0.0199053 0.0348562 0.481319
0 0.754321 0.720528 0.0176149 0.0346432 0.480376
0 0.526736 0.555135 0.0223141 0.0389871 0.480169
0 0.654044 0.955455 0.0220731 0.053352 0.479564
0 0.245952 0.721021 0.0220301 0.039109 0.478122
0 0.62982 0.134915 0.025513 0.046736 0.473678
0 0.954014 0.89837 0.0200523 0.0325029 0.471695
0 0.863368 0.0986872 0.0175034 0.0266493 0.471167
0 0.927777 0.175075 0.0148174 0.036103 0.469153
0 0.106514 0.0427933 0.0165041 0.0254356 0.463985
0 0.25947 0.529893 0.0225214 0.0319045 0.463567
0 0.175794 0.917109 0.0161424 0.0312649 0.463037
0 0.902522 0.539119 0.0130596 0.0263255 0.460512
0 0.736977 0.035893 0.0271592 0.0438937 0.459568
0 0.866264 0.877058 0.0222813 0.0357659 0.456849
0 0.791335 0.357564 0.015964 0.0212224 0.453611
0 0.117737 0.717906 0.0183228 0.0271874 0.452045
0 0.688843 0.56598 0.0192593 0.0313863 0.45168
0 0.468015 0.670065 0.0194017 0.0319956 0.444204
0 0.845249 0.946701 0.0249111 0.0479394 0.442664
0 0.765876 0.829718 0.0230794 0.0418277 0.441491
0 0.716191 0.0426146 0.0191277 0.0288353 0.438546
0 0.795953 0.32715 0.0203595 0.0344596 0.438042
0 0.977623 0.683811 0.0203575 0.0324519 0.437668
0 0.422683 0.983103 0.017878 0.0324974 0.435529
0 0.668037 0.826995 0.020187 0.0310691 0.435528
0 0.203666 0.507416 0.0158853 0.0256301 0.432022
0 0.937807 0.0694463 0.0284147 0.0536408 0.427019
0 0.596317 0.411077 0.0219786 0.0389052 0.420609
0 0.614183 0.951495 0.018706 0.0325633 0.418216
0 0.864738 0.818935 0.0173794 0.0357795 0.417962
0 0.955653 0.340156 0.0175448 0.0323404 0.413597
0 0.5867 0.629101 0.0190804 0.0356274 0.413176
0 0.905816 0.889588 0.0245045 0.0407428 0.411297
0 0.165197 0.588668 0.0214947 0.0352676 0.410971
0 0.433417 0.823617 0.017358 0.0323572 0.410666
0 0.202355 0.937721 0.0200737 0.0343522 0.40573
0 0.923651 0.941247 0.0218109 0.0352539 0.405574
0 0.42899 0.639926 0.0142732 0.0274099 0.401607
0 0.510771 0.390791 0.0198054 0.0321381 0.400958
0 0.451813 0.821503 0.0155366 0.0356735 0.400492
0 0.394623 0.653755 0.0186385 0.0483058 0.394084
0 0.260274 0.494783 0.0149807 0.0255771 0.393442
0 0.969096 0.868652 0.0146538 0.0313775 0.392202
0 0.928512 0.586486 0.0165413 0.0309462 0.392167
0 0.0216552 0.172436 0.0178526 0.0302116 0.39148
0 0.468435 0.707911 0.0249105 0.0435562 0.390215
0 0.744122 0.379646 0.0245586 0.0351583 0.388059
0 0.586468 0.81415 0.0218189 0.0379747 0.382124
0 0.370008 0.861754 0.0192034 0.0326379 0.381232
0 0.0784482 0.985489 0.0249383 0.0281952 0.379631
0 0.276336 0.574902 0.018041 0.0335922 0.374869
0 0.442269 0.896036 0.0186157 0.0368176 0.371534
0 0.460167 0.747016 0.0150518 0.0275326 0.371361
0 0.0430088 0.946942 0.0209939 0.0361187 0.370407
0 0.584143 0.888424 0.0223178 0.0426432 0.367546
0 0.993594 0.340572 0.012812 0.0284929 0.36716
0 0.924685 0.46345 0.0149586 0.0272005 0.362921
0 0.401127 0.774103 0.0186109 0.0344334 0.361943
0 0.964796 0.474307 0.0168015 0.0264855 0.359515
0 0.854478 0.965739 0.0176006 0.0360502 0.357604
0 0.847514 0.952544 0.0267086 0.0534717 0.353837
0 0.379775 0.819534 0.0163496 0.0269155 0.353187
0 0.146264 0.282718 0.0132809 0.0232103 0.351874
0 0.469748 0.260442 0.0211794 0.0321444 0.348407
0 0.645267 0.58105 0.0144124 0.0273251 0.34445
0 0.0965887 0.010474 0.0147962 0.0206659 0.343945
0 0.566474 0.66671 0.0291956 0.0425568 0.338497
0 0.59792 0.697716 0.0145342 0.0237495 0.33843
0 0.490223 0.8319 0.0197402 0.0385196 0.338163
0 0.768798 0.834477 0.0209557 0.0357992 0.336361
0 0.710675 0.18471 0.0226517 0.0383392 0.330625
0 0.554359 0.463063 0.012781 0.0273953 0.328981
0 0.413396 0.905074 0.0139677 0.029639 0.327452
0 0.356733 0.725719 0.0135921 0.0285885 0.326816
0 0.966567 0.65076 0.0181188 0.0302249 0.326403
0 0.432192 0.519077 0.0174885 0.032231 0.323557
0 0.825561 0.984624 0.0160263 0.0287047 0.321251
0 0.450212 0.860544 0.0177589 0.0331813 0.320776
0 0.776821 0.0082448 0.0295464 0.0160094 0.320428
0 0.793484 0.194288 0.0216978 0.0311877 0.31953
0 0.925515 0.638879 0.0182539 0.0334981 0.318833
0 0.666885 0.616786 0.0325085 0.0494091 0.315412
0 0.977057 0.786295 0.0230434 0.0404812 0.309429
0 0.444261 0.653066 0.0156332 0.0286475 0.30841
0 0.686711 0.800558 0.0144156 0.0289229 0.303818
0 0.676621 0.416833 0.0252792 0.0364348 0.30345
0 0.500561 0.728704 0.0234217 0.0365104 0.303103
0 0.274621 0.67889 0.0175516 0.027576 0.301204
0 0.199464 0.375565 0.0206024 0.0339366 0.30115
0 0.885217 0.501998 0.0196948 0.031268 0.300821
0 0.0409136 0.144409 0.0204952 0.0303804 0.296965
0 0.993013 0.643731 0.0139734 0.0321436 0.295684
0 0.672288 0.613911 0.0226912 0.0456711 0.293662
0 0.63737 0.816871 0.0215336 0.0330711 0.291223
0 0.992202 0.136587 0.0155829 0.0329282 0.29036
0 0.454175 0.516188 0.0251049 0.0533934 0.288341
0 0.957182 0.582651 0.0282543 0.0423708 0.287093
0 0.849514 0.95884 0.0253677 0.0483912 0.286678
0 0.874859 0.938869 0.0240837 0.0357825 0.284005
0 0.299402 0.630483 0.0213725 0.0327264 0.283312
0 0.525832 0.596279 0.0148344 0.025756 0.281706
0 0.454062 0.569319 0.0152622 0.0296972 0.276697
0 0.166935 0.454129 0.0236307 0.0397602 0.27661
0 0.701666 0.872219 0.0204502 0.0364029 0.27631
0 0.842358 0.805151 0.0219162 0.0395715 0.275912
0 0.438635 0.699787 0.0222869 0.0359656 0.274999
0 0.901791 0.810146 0.0147224 0.0257499 0.272802
0 0.396183 0.644251 0.0165995 0.0346819 0.270986
0 0.736272 0.761325 0.02121 0.0319119 0.266663
0 0.414463 0.671071 0.0181213 0.0361574 0.266309
0 0.681922 0.527458 0.0206987 0.0336333 0.265091
0 0.816109 0.679161 0.021413 0.0291132 0.25949
0 0.708164 0.57966 0.0131959 0.0248237 0.25801
0 0.660823 0.625046 0.0211525 0.0408938 0.253538
0 0.405567 0.530968 0.0172688 0.0302911 0.25223
0 0.555685 0.709797 0.0173518 0.0381928 0.247529
0 0.936971 0.31025 0.0181572 0.0307 0.246294
0 0.400878 0.832389 0.0105242 0.0304786 0.246289
0 0.517141 0.278615 0.0218176 0.0360673 0.245923
0 0.852286 0.962248 0.0204525 0.0459428 0.242367
0 0.722048 0.957913 0.0164735 0.0305099 0.23792
0 0.946245 0.500676 0.0193512 0.0330838 0.237501
0 0.658953 0.894852 0.0197413 0.0325632 0.236935
0 0.452324 0.56603 0.0154985 0.0302338 0.235947
0 0.0730875 0.594289 0.0233862 0.0374639 0.233084
0 0.603762 0.592576 0.0155085 0.0289041 0.229193
0 0.249859 0.0205217 0.0198875 0.0321133 0.226663
0 0.459829 0.584969 0.0152592 0.0326591 0.226628
0 0.883644 0.606773 0.0172203 0.02531 0.224374
0 0.546159 0.86775 0.0142395 0.0242171 0.224154
0 0.997222 0.0906955 0.00555687 0.0418946 0.223998
0 0.979911 0.888059 0.014666 0.027872 0.222941
0 0.981595 0.957154 0.0196686 0.0307067 0.222135
0 0.974028 0.0408057 0.043943 0.0597965 0.221129
0 0.364975 0.592115 0.021397 0.0334101 0.22033
0 0.68131 0.853411 0.0193796 0.0307918 0.219019
0 0.70469 0.953528 0.0151189 0.0276398 0.218762
0 0.588628 0.728049 0.0165596 0.0304552 0.218608
0 0.920572 0.987471 0.0176727 0.0242218 0.216597
0 0.810211 0.969812 0.0206874 0.0322193 0.213098
0 0.78522 0.483312 0.0343936 0.0525308 0.210459
0 0.780824 0.918697 0.0204636 0.0353495 0.210394
0 0.655079 0.939989 0.0216042 0.0333045 0.209862
0 0.175462 0.772542 0.0179117 0.0289571 0.209527
0 0.22484 0.423031 0.0260606 0.0386976 0.209169
0 0.456323 0.529138 0.0206425 0.0296573 0.208589
0 0.265018 0.990971 0.0159008 0.0172055 0.206637
0 0.665266 0.623167 0.0297511 0.0435888 0.201743
0 0.743918 0.670376 0.0246599 0.0391452 0.201325
0 0.653996 0.127365 0.0191402 0.0267454 0.198243
0 0.964733 0.828375 0.0122871 0.0186276 0.198173
0 0.814113 0.373595 0.0174942 0.0322139 0.196644
0 0.909823 0.162563 0.0191471 0.0320407 0.196158
0 0.592385 0.457528 0.0135579 0.0275148 0.195882
0 0.556493 0.76228 0.0213885 0.0295078 0.195666
0 0.506663 0.663538 0.0199606 0.0384648 0.194027
0 0.373434 0.553699 0.0153606 0.0281282 0.193783
0 0.394353 0.574362 0.0189775 0.0272534 0.193143
0 0.0538389 0.563662 0.0283259 0.0449649 0.190489
0 0.496355 0.295852 0.0215671 0.0295068 0.190359
0 0.457531 0.582632 0.0167377 0.0341432 0.189736
0 0.357186 0.944231 0.0244343 0.0403957 0.188336
0 0.430594 0.641735 0.0121378 0.027762 0.188152
0 0.889384 0.107379 0.022929 0.0394428 0.186538
0 0.732605 0.928677 0.00935014 0.0260234 0.18541
0 0.959536 0.621439 0.0124153 0.0201985 0.184876
0 0.559397 0.843333 0.015943 0.0276939 0.184723
0 0.967371 0.927853 0.0142061 0.025157 0.183911
0 0.749282 0.935924 0.0159247 0.0326211 0.183517
0 0.365943 0.970041 0.019918 0.032881 0.179194
0 0.947773 0.954719 0.0225811 0.0347645 0.17813
0 0.0197927 0.626282 0.0202369 0.0308364 0.176601
0 0.374797 0.514553 0.0182481 0.0235206 0.17296
0 0.213927 0.895999 0.0199324 0.0340366 0.171425
0 0.744066 0.174638 0.0105076 0.021456 0.171198
0 0.9512 0.236912 0.0174534 0.027131 0.170662
0 0.969359 0.727885 0.0163525 0.0258745 0.170643
0 0.0797081 0.266737 0.0195386 0.0264697 0.167785
0 0.518482 0.672313 0.0234672 0.0377648 0.16649
0 0.069875 0.309836 0.0190722 0.0366448 0.163694
0 0.415256 0.839011 0.0140242 0.0291704 0.162588
0 0.780422 0.394723 0.0178436 0.0260885 0.159324
0 0.153025 0.972707 0.0147513 0.0308885 0.158465
0 0.848898 0.659088 0.0201154 0.0318978 0.156382
0 0.74087 0.579374 0.032408 0.0495063 0.155747
0 0.0938587 0.342901 0.024141 0.0302257 0.152957
0 0.979623 0.797896 0.0232822 0.0392127 0.150202
0 0.698969 0.614397 0.0188908 0.0327558 0.150101
