0 0.176714 0.165905 0.021481 0.0341738 0.684246
0 0.951993 0.0483652 0.0241961 0.0401987 0.682408
0 0.10249 0.217723 0.0254946 0.0472933 0.669917
0 0.096663 0.0647111 0.0210573 0.0404135 0.667505
0 0.410387 0.867428 0.0203228 0.0387745 0.666378
0 0.768355 0.818487 0.0189575 0.038196 0.666115
0 0.956013 0.0916654 0.018713 0.0319686 0.663851
0 0.316166 0.537736 0.0233594 0.0428185 0.662087
0 0.443735 0.48095 0.0268543 0.0454579 0.658997
0 0.948044 0.860616 0.0210485 0.0350488 0.657719
0 0.930589 0.192226 0.0206963 0.0384844 0.656578
0 0.443963 0.37282 0.0230314 0.0397118 0.654084
0 0.895675 0.266874 0.0163479 0.0324988 0.654007
0 0.0111026 0.34599 0.0210837 0.0507911 0.652496
0 0.0754983 0.935593 0.0230945 0.0450469 0.649307
0 0.363651 0.784878 0.0188767 0.0389265 0.646148
0 0.632271 0.584615 0.0174803 0.0342927 0.644845
0 0.270086 0.350882 0.0219924 0.0418269 0.642431
0 0.0530424 0.504361 0.019482 0.0365128 0.641931
0 0.200903 0.868063 0.0181678 0.0343445 0.639664
0 0.100092 0.89652 0.0222357 0.0415992 0.639424
0 0.00759571 0.63848 0.0151914 0.034422 0.637866
0 0.552095 0.234348 0.024504 0.041801 0.636741
0 0.794215 0.372746 0.0230197 0.0358091 0.636381
0 0.96344 0.730078 0.0258038 0.0427544 0.634734
0 0.389762 0.487947 0.0155014 0.030376 0.634232
0 0.662328 0.131814 0.0260042 0.0400646 0.633925
0 0.717432 0.159065 0.020453 0.038505 0.633812
0 0.311701 0.787013 0.0183133 0.0379723 0.631189
0 0.979454 0.701712 0.0173933 0.0320632 0.630789
0 0.688987 0.737164 0.0185541 0.0330709 0.63049
0 0.108296 0.602823 0.0258787 0.0462072 0.628583
0 0.826763 0.800763 0.0209801 0.0368027 0.62455
0 0.62494 0.926138 0.0176734 0.0314551 0.621068
0 0.0260949 0.686598 0.0182676 0.03253 0.617376
0 0.85448 0.910384 0.0186378 0.0376885 0.616612
0 0.980893 0.292085 0.022192 0.040534 0.615717
0 0.864663 0.311918 0.0204517 0.0365815 0.614693
0 0.951652 0.525294 0.0135895 0.0297519 0.612426
0 0.401695 0.457098 0.0177053 0.0405603 0.611337
0 0.543012 0.456187 0.0200309 0.0395433 0.611125
0 0.915564 0.125625 0.015266 0.0280063 0.610711
0 0.107285 0.349096 0.0199991 0.0340727 0.610317
0 0.493978 0.985358 0.0168385 0.0274119 0.609634
0 0.112265 0.546058 0.0178755 0.0330752 0.609293
0 0.733526 0.127728 0.0132364 0.0251105 0.608584
0 0.667621 0.651063 0.0162657 0.0328929 0.608348
0 0.894578 0.555312 0.01818 0.0311197 0.608217
0 0.564386 0.516779 0.0163738 0.0345367 0.607895
0 0.405941 0.818421 0.0204803 0.0382762 0.606755
0 0.979654 0.0504548 0.0190306 0.0353888 0.60619
0 0.280603 0.70172 0.0185334 0.0342332 0.604388
0 0.718181 0.424546 0.018446 0.0374474 0.604381
0 0.243625 0.725968 0.0179232 0.0324726 0.604011
0 0.562846 0.38728 0.0235811 0.0479234 0.60383
0 0.551721 0.540107 0.0193565 0.0344757 0.603087
0 0.275158 0.914409 0.0170532 0.0277266 0.602512
0 0.417385 0.496238 0.0224314 0.0422501 0.602194
0 0.790464 0.862629 0.0196772 0.0379728 0.600547
0 0.539753 0.62391 0.0186447 0.0339389 0.599579
0 0.619334 0.156785 0.0240383 0.0394336 0.599287
0 0.0633605 0.0116179 0.0185152 0.0225646 0.598131
0 0.269818 0.456646 0.0247446 0.0367267 0.597669
0 0.750581 0.746293 0.0174971 0.0301146 0.597329
0 0.454712 0.310201 0.0246559 0.0438043 0.597119
0 0.981466 0.153814 0.0165199 0.0316486 0.596905
0 0.496774 0.864397 0.0138641 0.0287322 0.596681
0 0.19655 0.369284 0.024967 0.0396091 0.596506
0 0.467622 0.417327 0.0185585 0.0325448 0.596464
0 0.233164 0.406066 0.0239622 0.0366752 0.59423
0 0.0347269 0.194047 0.0128343 0.0235685 0.593684
0 0.666761 0.715394 0.0134716 0.0285143 0.59333
0 0.11515 0.793772 0.0184651 0.0343593 0.593296
0 0.820505 0.414605 0.0132771 0.0301651 0.593108
0 0.419574 0.928918 0.0166956 0.0307278 0.592489
0 0.357802 0.530987 0.0242064 0.0427728 0.591955
0 0.370307 0.820835 0.0187702 0.0292575 0.591553
0 0.183192 0.953626 0.016045 0.0362349 0.589559
0 0.244592 0.780548 0.0233484 0.0383765 0.586372
0 0.462087 0.837133 0.0167168 0.0307719 0.586193
0 0.80064 0.900289 0.0159649 0.0319275 0.586083
0 0.315312 0.141988 0.0174397 0.0327615 0.585477
0 0.58999 0.586803 0.0132172 0.0287244 0.584581
0 0.990487 0.951789 0.019026 0.0405338 0.583934
0 0.213008 0.627137 0.0177413 0.0308692 0.58342
0 0.471875 0.617272 0.014893 0.0306178 0.583199
0 0.225527 0.749162 0.0176142 0.03361 0.582606
0 0.547937 0.0647466 0.0240139 0.0374895 0.58161
0 0.13666 0.530015 0.018252 0.0335337 0.581496
0 0.937443 0.635408 0.018185 0.031359 0.581066
0 0.075952 0.297557 0.0155828 0.0408939 0.579669
0 0.741265 0.820275 0.0216072 0.0418681 0.579589
0 0.206713 0.0533321 0.0199092 0.0321398 0.579581
0 0.248066 0.360062 0.0208356 0.0429928 0.579405
0 0.876852 0.658026 0.0164692 0.0308617 0.578769
0 0.0504152 0.230297 0.0127095 0.0248504 0.578512
0 0.403153 0.942108 0.0147602 0.0276871 0.576835
0 0.812842 0.474569 0.0190144 0.032003 0.576815
0 0.333245 0.847365 0.0134174 0.0257953 0.576691
0 0.224615 0.0116606 0.0161202 0.0223009 0.574778
0 0.127611 0.854908 0.0174951 0.0281051 0.574764
0 0.895988 0.513018 0.014196 0.0279741 0.574545
0 0.363643 0.313042 0.0138363 0.0267718 0.573668
0 0.773647 0.973289 0.0222535 0.0372111 0.573386
0 0.942429 0.745828 0.0179062 0.0307726 0.573082
0 0.495891 0.383149 0.0151273 0.0226279 0.572715
0 0.455684 0.590613 0.0144979 0.0324707 0.57043
0 0.366895 0.455219 0.0201741 0.0347354 0.570123
0 0.0550737 0.0529818 0.0172372 0.0403701 0.567083
0 0.389086 0.836616 0.0145775 0.026158 0.566323
0 0.949213 0.599395 0.0168758 0.0322347 0.565584
0 0.10564 0.310894 0.0167626 0.0367698 0.565029
0 0.313878 0.853856 0.018877 0.0342957 0.564513
0 0.357048 0.381506 0.0155996 0.0277534 0.56414
0 0.518563 0.747147 0.0198536 0.0419037 0.563409
0 0.137359 0.119603 0.0161167 0.0380775 0.562824
0 0.843006 0.092375 0.0177444 0.0273343 0.562627
0 0.245221 0.516859 0.0167048 0.0328072 0.5624
0 0.245906 0.118013 0.0235686 0.0442521 0.561972
0 0.376885 0.344724 0.011336 0.024857 0.56172
0 0.673504 0.517011 0.0199425 0.0339397 0.561668
0 0.15203 0.13064 0.0145127 0.0281911 0.561592
0 0.0326647 0.472156 0.0156677 0.0379415 0.561405
0 0.464435 0.459062 0.0157778 0.0386571 0.560955
0 0.745718 0.924338 0.0165319 0.0316844 0.560249
0 0.475663 0.807682 0.0155569 0.0340461 0.560009
0 0.48444 0.678412 0.0132129 0.0236231 0.559954
0 0.295021 0.44078 0.0222664 0.0369556 0.559369
0 0.648615 0.213558 0.0183928 0.0342559 0.559015
0 0.0437734 0.27362 0.016984 0.0281112 0.558939
0 0.0641627 0.75644 0.0198514 0.0379927 0.55755
0 0.429561 0.100982 0.0367615 0.0474265 0.557521
0 0.866766 0.117298 0.0192577 0.0305574 0.556861
0 0.285646 0.619304 0.0180811 0.0312992 0.556719
0 0.804664 0.825218 0.0200378 0.0322673 0.556701
0 0.889856 0.332699 0.0126411 0.0307591 0.556353
0 0.968414 0.337814 0.0201256 0.0343956 0.555443
0 0.949814 0.560986 0.0139553 0.0273139 0.554075
0 0.507648 0.957241 0.0243303 0.0400419 0.553814
0 0.354754 0.484841 0.0199301 0.036382 0.552837
0 0.493791 0.101937 0.0267191 0.0443418 0.551305
0 0.144809 0.868119 0.017918 0.0370531 0.551243
0 0.865619 0.0795332 0.0190193 0.0349335 0.550775
0 0.223055 0.324758 0.0205248 0.0385064 0.550351
0 0.962142 0.394868 0.0236164 0.0458932 0.548399
0 0.87515 0.150208 0.0176392 0.0323031 0.54644
0 0.929158 0.539811 0.0138668 0.0282787 0.544535
0 0.888792 0.416066 0.016011 0.0305869 0.544401
0 0.801294 0.647119 0.0151789 0.0308531 0.54325
0 0.908686 0.774881 0.0212612 0.0428267 0.543155
0 0.621116 0.885853 0.0198729 0.0371117 0.543043
0 0.383909 0.0428904 0.0309977 0.0614933 0.54197
0 0.467499 0.722586 0.0130112 0.0258687 0.541685
0 0.883363 0.0838841 0.0158615 0.0322711 0.540225
0 0.16413 0.769127 0.0163521 0.0289903 0.540189
0 0.80535 0.563848 0.0197367 0.0338233 0.539546
0 0.00922502 0.705686 0.0127019 0.024166 0.539454
0 0.159416 0.879687 0.0146689 0.0328406 0.539342
0 0.634086 0.849735 0.0137615 0.0245453 0.538442
0 0.751917 0.788572 0.0170363 0.027299 0.538424
0 0.536121 0.921759 0.0128043 0.0252655 0.537989
0 0.952615 0.302465 0.0246894 0.0447604 0.537515
0 0.654485 0.769228 0.0181499 0.0327657 0.537379
0 0.465927 0.0974111 0.0199448 0.0383293 0.536721
0 0.652239 0.594244 0.0127159 0.028076 0.536051
0 0.721938 0.199227 0.0187207 0.0317824 0.535697
0 0.382594 0.897928 0.0163301 0.0255486 0.53547
0 0.82136 0.131974 0.0226509 0.0412372 0.535147
0 0.88999 0.228469 0.0166031 0.0288474 0.534442
0 0.233252 0.0665865 0.0222696 0.0457248 0.534113
0 0.715979 0.970313 0.0201176 0.0355801 0.532866
0 0.936282 0.136961 0.0186523 0.032284 0.531444
0 0.0892084 0.135158 0.0244791 0.0512769 0.53124
0 0.881739 0.85533 0.0199694 0.0377407 0.531083
0 0.826175 0.682378 0.015303 0.0315584 0.530967
0 0.196866 0.0124327 0.0223023 0.0238715 0.530395
0 0.270278 0.866812 0.0145967 0.0267144 0.530363
0 0.440544 0.431455 0.0166569 0.0321942 0.527348
0 0.1739 0.322868 0.0172933 0.0321589 0.527109
0 0.264126 0.023881 0.018819 0.0341063 0.526275
0 0.323269 0.0643688 0.0195894 0.0315268 0.525942
0 0.442268 0.552383 0.0201921 0.0325795 0.524852
0 0.542634 0.33442 0.016539 0.034485 0.522724
0 0.503032 0.594299 0.0237883 0.040185 0.522036
0 0.263507 0.755153 0.016529 0.025651 0.521777
0 0.676894 0.609141 0.0167379 0.033561 0.520847
0 0.926857 0.676924 0.014715 0.0315133 0.520608
0 0.178601 0.131188 0.0111819 0.0276751 0.520531
0 0.675051 0.330235 0.0150112 0.0385451 0.519218
0 0.0296686 0.638021 0.0164644 0.0316779 0.518491
0 0.512912 0.389907 0.0140109 0.0313875 0.516559
0 0.0454469 0.96521 0.0352934 0.0671265 0.515913
0 0.691557 0.495304 0.0160697 0.0304694 0.515248
0 0.841722 0.409551 0.0210516 0.0348095 0.515069
0 0.226683 0.659848 0.0173975 0.0303043 0.514855
0 0.569373 0.732817 0.0126453 0.0271466 0.514567
0 0.0199861 0.219668 0.0222141 0.035444 0.513857
0 0.127381 0.97742 0.0156562 0.0335875 0.513743
0 0.0629323 0.338578 0.0183301 0.0362369 0.51368
0 0.578345 0.936009 0.0188713 0.0341688 0.513015
0 0.251547 0.422274 0.0145943 0.0268979 0.511119
0 0.564334 0.442016 0.0221727 0.0437095 0.510731
0 0.969235 0.522373 0.0136896 0.0299427 0.510245
0 0.907868 0.695061 0.015715 0.0266308 0.509851
0 0.380695 0.861648 0.0188198 0.0319911 0.509502
0 0.100214 0.0190389 0.0253735 0.0368337 0.508988
0 0.800546 0.426345 0.0247929 0.0428301 0.508387
0 0.965711 0.723609 0.0234989 0.0417175 0.507767
0 0.281279 0.0455169 0.01838 0.0267229 0.507533
0 0.771466 0.67009 0.0204797 0.0348731 0.50732
0 0.890356 0.050476 0.0161713 0.0271691 0.507027
0 0.153385 0.828006 0.0174568 0.0330427 0.506906
0 0.665412 0.929925 0.0146915 0.0264577 0.506385
0 0.926403 0.919158 0.0145638 0.0297399 0.506072
0 0.199858 0.140973 0.0154497 0.0309896 0.505897
0 0.112746 0.169704 0.0191714 0.038336 0.504841
0 0.541417 0.378733 0.0111974 0.0337141 0.504621
0 0.335919 0.882972 0.0155984 0.0299082 0.504608
0 0.171682 0.565938 0.0204386 0.0405921 0.503841
0 0.686307 0.463202 0.0170956 0.0286627 0.503208
0 0.28187 0.950149 0.016032 0.02679 0.502665
0 0.503542 0.353334 0.011978 0.0291125 0.502643
0 0.722957 0.533071 0.0222363 0.0383046 0.501983
0 0.964956 0.803269 0.0152863 0.0286692 0.501898
0 0.916551 0.614444 0.0127007 0.0242268 0.501771
0 0.790441 0.184241 0.0142503 0.0271233 0.501421
0 0.580317 0.206071 0.0173674 0.0312215 0.501405
0 0.643888 0.733807 0.0183101 0.0351108 0.499754
0 0.387116 0.958341 0.0173079 0.0342138 0.49856
0 0.765612 0.775031 0.0158319 0.029972 0.498534
0 0.243098 0.171203 0.0269623 0.0575037 0.496463
0 0.331415 0.4464 0.0291745 0.0528915 0.495982
0 0.489922 0.720936 0.0180084 0.0333594 0.495639
0 0.0403929 0.771457 0.0187677 0.0371524 0.494705
0 0.17747 0.235771 0.0151908 0.0264815 0.493692
0 0.521223 0.62341 0.0135702 0.0266997 0.493325
0 0.282879 0.081944 0.0153843 0.0296746 0.492297
0 0.0795293 0.631068 0.0190968 0.0344491 0.491562
0 0.203219 0.932247 0.013294 0.028028 0.490692
0 0.340649 0.358191 0.0141508 0.021025 0.490461
0 0.788589 0.339103 0.0163951 0.0278644 0.489407
0 0.186858 0.779525 0.0161904 0.0386071 0.489237
0 0.63217 0.547719 0.0163116 0.0305603 0.489199
0 0.330083 0.269692 0.0282609 0.0380545 0.4891
0 0.653591 0.089112 0.0137985 0.026675 0.487941
0 0.621912 0.433588 0.0228836 0.0370338 0.486844
0 0.903341 0.305294 0.0138676 0.0249783 0.486452
0 0.302618 0.71944 0.0161032 0.0288608 0.48521
0 0.277749 0.220754 0.0228029 0.0340775 0.485038
0 0.305681 0.48888 0.0236918 0.0413379 0.48484
0 0.18847 0.629713 0.0202654 0.0441301 0.484636
0 0.290438 0.545313 0.0141018 0.0283253 0.484603
0 0.462918 0.760222 0.0172596 0.0275269 0.483562
0 0.658285 0.900869 0.0150509 0.029156 0.483403
0 0.466897 0.685519 0.0137297 0.0268715 0.482945
0 0.851388 0.448861 0.020182 0.033513 0.480589
0 0.953388 0.69333 0.015868 0.0261858 0.480421
0 0.0562346 0.545608 0.0162103 0.030532 0.480087
0 0.895522 0.639872 0.015568 0.0354579 0.478782
0 0.592186 0.462635 0.0195679 0.0361365 0.478545
0 0.325744 0.577389 0.0189437 0.033314 0.477941
0 0.0644087 0.400182 0.013786 0.0259784 0.476995
0 0.346422 0.984106 0.0163538 0.0298218 0.476818
0 0.178203 0.0381182 0.0182609 0.0404993 0.476429
0 0.0301665 0.728943 0.0192316 0.0334392 0.476233
0 0.776201 0.198816 0.0133392 0.0267383 0.474711
0 0.420496 0.609088 0.0160194 0.0285665 0.474652
0 0.438034 0.903087 0.0135773 0.0326981 0.472977
0 0.545628 0.291366 0.0132065 0.0373194 0.472423
0 0.0303881 0.24915 0.0170324 0.0323515 0.472391
0 0.0217642 0.149638 0.0148965 0.0272135 0.47209
0 0.249735 0.957091 0.017465 0.0373529 0.472064
0 0.8674 0.314479 0.0198933 0.0340362 0.472001
0 0.578698 0.661307 0.0227413 0.0385488 0.470891
0 0.689612 0.801466 0.0118083 0.025255 0.470435
0 0.233511 0.69174 0.0171897 0.0314718 0.470081
0 0.398253 0.907942 0.0169037 0.0302473 0.469705
0 0.577451 0.153238 0.0213863 0.0379513 0.468449
0 0.469609 0.349383 0.0158827 0.0267708 0.467487
0 0.339652 0.941797 0.0133199 0.0205834 0.466261
0 0.405604 0.65338 0.0166686 0.0330323 0.46492
0 0.196847 0.679715 0.0163871 0.036765 0.464802
0 0.920549 0.385351 0.0136932 0.0303122 0.464063
0 0.5241 0.342435 0.0186317 0.0341187 0.46392
0 0.116333 0.127489 0.0159507 0.025103 0.463898
0 0.75378 0.136244 0.0154297 0.0308779 0.463167
0 0.695218 0.118992 0.0145756 0.0250705 0.463063
0 0.460258 0.146401 0.0308723 0.0558239 0.46168
0 0.519605 0.986077 0.0151418 0.0262383 0.461482
0 0.727245 0.368812 0.014481 0.0327293 0.46056
0 0.933282 0.467571 0.0142399 0.0252376 0.460207
0 0.728481 0.609435 0.0168582 0.0307694 0.459897
0 0.208991 0.903848 0.0162586 0.0283875 0.459829
0 0.32002 0.898966 0.0196348 0.0432203 0.459706
0 0.204174 0.55326 0.026223 0.0422719 0.457908
0 0.468844 0.783282 0.0165752 0.0236599 0.45594
0 0.319649 0.371338 0.0175388 0.0308408 0.455658
0 0.0490655 0.584306 0.0172088 0.0274867 0.455595
0 0.304666 0.955333 0.018045 0.0305271 0.451847
0 0.156673 0.923164 0.0180674 0.0313714 0.451305
0 0.655224 0.96734 0.0193478 0.0313124 0.451081
0 0.243087 0.46236 0.0205995 0.0394292 0.450781
0 0.96444 0.0109644 0.0256081 0.0210481 0.45072
0 0.0586864 0.291887 0.013419 0.0267267 0.449595
0 0.852814 0.638014 0.0134472 0.0226879 0.449502
0 0.626371 0.78726 0.0145105 0.028422 0.448969
0 0.128518 0.297006 0.0192839 0.0346822 0.448331
0 0.65795 0.310785 0.0157236 0.0363571 0.448257
0 0.478811 0.584036 0.0123137 0.0246101 0.448205
0 0.929507 0.078897 0.018248 0.0266459 0.447682
0 0.448036 0.719215 0.0145071 0.0229577 0.44688
0 0.32421 0.825121 0.0160383 0.0240929 0.444265
0 0.518276 0.884429 0.0144447 0.0278133 0.443663
0 0.560756 0.52369 0.0132996 0.0358996 0.443518
0 0.593728 0.150269 0.0159431 0.0388936 0.443494
0 0.739865 0.159474 0.0133073 0.0259958 0.443084
0 0.486893 0.93203 0.0155359 0.0282811 0.442254
0 0.0110581 0.553794 0.020786 0.0328999 0.441232
0 0.390303 0.525547 0.0105335 0.0314172 0.440626
0 0.386968 0.418354 0.0184368 0.0384408 0.440431
0 0.906793 0.0768481 0.0155491 0.0323798 0.440343
0 0.755957 0.182266 0.0156933 0.0244028 0.439714
0 0.0767199 0.239751 0.0239483 0.0506213 0.439645
0 0.513321 0.529303 0.0203449 0.0286509 0.439029
0 0.991437 0.488984 0.0171263 0.0363012 0.438706
0 0.92131 0.866046 0.013483 0.0305386 0.438261
0 0.604981 0.855727 0.0187178 0.0325836 0.438061
0 0.870315 0.276122 0.0146503 0.0257424 0.435369
0 0.925585 0.017088 0.0198626 0.0331438 0.435317
0 0.347182 0.128244 0.0313632 0.0627342 0.434816
0 0.660631 0.176696 0.0191292 0.0295088 0.430934
0 0.373602 0.506737 0.0141457 0.0193509 0.430169
0 0.978853 0.111737 0.0160564 0.0331969 0.429868
0 0.919816 0.461566 0.0134764 0.0256953 0.429799
0 0.842481 0.356858 0.0193356 0.0332107 0.429079
0 0.732742 0.955451 0.0186424 0.0308289 0.428876
0 0.289405 0.144292 0.0146211 0.0325459 0.427156
0 0.707748 0.261045 0.0137714 0.0275924 0.426736
0 0.439949 0.651569 0.0156149 0.0286788 0.426264
0 0.0241382 0.222662 0.0154842 0.0269329 0.426208
0 0.93995 0.912387 0.0124959 0.0237301 0.426202
0 0.906926 0.40165 0.012405 0.0170875 0.426037
0 0.387052 0.989775 0.0173326 0.0198568 0.425255
0 0.553319 0.605249 0.0101547 0.0258384 0.425168
0 0.0192972 0.273417 0.0119186 0.0216288 0.424545
0 0.0310354 0.533858 0.017145 0.036569 0.424417
0 0.839312 0.683075 0.0106144 0.0299906 0.423847
0 0.700183 0.590668 0.0190142 0.0363571 0.42353
0 0.495394 0.781768 0.0156199 0.0272213 0.42285
0 0.586023 0.286895 0.029172 0.0613551 0.422191
0 0.130933 0.628312 0.0159783 0.0361623 0.421989
0 0.124997 0.827436 0.0161417 0.0257002 0.421623
0 0.501502 0.903205 0.0139931 0.0301409 0.421231
0 0.0784021 0.9422 0.0217884 0.0369798 0.419971
0 0.924682 0.756774 0.0170612 0.030815 0.419851
0 0.257636 0.0811265 0.0107318 0.0277753 0.419696
0 0.196364 0.736593 0.0142086 0.0260023 0.418505
0 0.90696 0.864835 0.0158122 0.0373293 0.417539
0 0.978269 0.235788 0.0193792 0.0385368 0.417201
0 0.799658 0.955047 0.0160428 0.0370995 0.416874
0 0.816427 0.0911347 0.0175148 0.0294995 0.415557
0 0.75205 0.132224 0.0174323 0.0346931 0.413423
0 0.26613 0.947872 0.0143186 0.025517 0.413384
0 0.805878 0.0503762 0.0185711 0.0320389 0.410527
0 0.589334 0.788538 0.0165632 0.0326002 0.409896
0 0.476263 0.38371 0.0144747 0.022987 0.408848
0 0.0240294 0.595939 0.0192588 0.0429461 0.408142
0 0.496946 0.810575 0.0149845 0.027474 0.40778
0 0.310676 0.98689 0.0159311 0.0254978 0.406976
0 0.119474 0.88675 0.0136148 0.0313187 0.405782
0 0.00347032 0.389763 0.00691389 0.0331787 0.40551
0 0.830187 0.924314 0.0165468 0.030388 0.405317
0 0.841554 0.290796 0.021246 0.0353327 0.403967
0 0.588362 0.8251 0.0133717 0.0292011 0.403137
0 0.551267 0.726392 0.0161084 0.0296914 0.402576
0 0.677396 0.884833 0.0152217 0.0242964 0.401557
0 0.839399 0.590455 0.0215852 0.0318658 0.401416
0 0.481844 0.476424 0.0161585 0.0267841 0.401031
0 0.691175 0.320089 0.0127977 0.0285925 0.400636
0 0.919147 0.30997 0.0175497 0.0293257 0.398297
0 0.0837763 0.406566 0.0169848 0.0297389 0.397628
0 0.765606 0.908902 0.0199064 0.0387763 0.39744
0 0.876284 0.889831 0.0153282 0.0317888 0.397258
0 0.573387 0.286855 0.016713 0.0424539 0.396393
0 0.591779 0.687753 0.0129023 0.0293949 0.395508
0 0.889737 0.184753 0.0194008 0.040681 0.395271
0 0.642182 0.640842 0.018782 0.0282008 0.394467
0 0.241942 0.162247 0.0265125 0.040563 0.39364
0 0.416893 0.774804 0.0117771 0.0245429 0.393256
0 0.910758 0.89772 0.015226 0.0275445 0.39313
0 0.743141 0.419247 0.0161694 0.0274024 0.392549
0 0.637283 0.986334 0.0115117 0.0257053 0.392406
0 0.183012 0.209988 0.0149632 0.0267342 0.392287
0 0.399179 0.457853 0.0168162 0.0442612 0.391825
0 0.270845 0.306701 0.0155672 0.0316325 0.391544
0 0.466285 0.505642 0.0173143 0.0295461 0.385909
0 0.509434 0.845417 0.0149033 0.0261938 0.38409
0 0.61194 0.818232 0.0154987 0.0302209 0.383402
0 0.738954 0.246077 0.0118153 0.0195386 0.383072
0 0.675386 0.852669 0.0204636 0.0376865 0.38262
0 0.683469 0.953008 0.0130621 0.0197964 0.380777
0 0.678864 0.819061 0.0132095 0.0225932 0.380098
0 0.292683 0.580353 0.0155277 0.031649 0.379765
0 0.711537 0.797901 0.0287617 0.0450344 0.378711
0 0.864008 0.416654 0.0128189 0.0249902 0.377943
0 0.864883 0.381754 0.0136814 0.0263914 0.377328
0 0.357099 0.310288 0.0207397 0.0305425 0.376665
0 0.174062 0.489397 0.0191624 0.0315633 0.376277
0 0.502241 0.418526 0.0154414 0.0283969 0.375384
0 0.228749 0.985084 0.0177186 0.0281717 0.374307
0 0.968788 0.911036 0.0205788 0.0373471 0.374185
0 0.638789 0.944075 0.0143115 0.0263224 0.374018
0 0.0519194 0.112232 0.0133337 0.0278848 0.373889
0 0.609607 0.775243 0.0168894 0.0274146 0.373743
0 0.822584 0.535874 0.0141823 0.0320112 0.373733
0 0.0545233 0.182607 0.0146009 0.024314 0.373292
0 0.660166 0.49366 0.0120355 0.0217139 0.373249
0 0.945414 0.430155 0.0126774 0.0247158 0.37277
0 0.0874926 0.970209 0.0195876 0.0355835 0.37171
0 0.439253 0.848809 0.0148274 0.0268748 0.371379
0 0.531595 0.860574 0.0150255 0.0304292 0.371035
0 0.300355 0.907391 0.0153408 0.0305091 0.370935
0 0.903726 0.589229 0.0151825 0.0287729 0.370366
0 0.195696 0.830426 0.0132696 0.0284641 0.370216
0 0.767822 0.376187 0.0175912 0.0265839 0.368111
0 0.487499 0.0264384 0.0188066 0.0349872 0.367114
0 0.489925 0.444234 0.014994 0.0310196 0.366911
0 0.418769 0.967005 0.0177078 0.0278716 0.366375
0 0.787084 0.136279 0.0150648 0.0287866 0.365891
0 0.00836385 0.820261 0.0166222 0.0358582 0.365869
0 0.823138 0.368861 0.00841961 0.0330928 0.365797
0 0.630682 0.227438 0.0159253 0.0442235 0.365032
0 0.323962 0.891722 0.0147975 0.0351339 0.364807
0 0.226089 0.877175 0.0159972 0.0262312 0.364322
0 0.951017 0.931294 0.0197166 0.0350596 0.364033
0 0.906443 0.822601 0.0163806 0.0357941 0.361668
0 0.582543 0.508767 0.0184638 0.0284439 0.359295
0 0.544173 0.809759 0.0179021 0.0347571 0.359206
0 0.0317874 0.120507 0.0170769 0.0263256 0.358757
0 0.520837 0.831636 0.0123573 0.0214969 0.358581
0 0.599042 0.640007 0.0186885 0.037026 0.358514
0 0.882399 0.943234 0.0189823 0.0370772 0.358484
0 0.581611 0.484006 0.016929 0.025978 0.357416
0 0.175298 0.686437 0.021468 0.0335247 0.354474
0 0.588627 0.966592 0.0111752 0.0285527 0.354397
0 0.918145 0.988273 0.0178 0.0228668 0.352952
0 0.0654737 0.261199 0.0150122 0.0241458 0.352527
0 0.00223341 0.739101 0.00439202 0.0557295 0.350834
0 0.332932 0.982507 0.0100386 0.0306986 0.350456
0 0.882681 0.508344 0.0124752 0.0273617 0.3503
0 0.419204 0.713253 0.0159098 0.0292952 0.349908
0 0.499246 0.901298 0.0151526 0.0301042 0.347939
0 0.909886 0.954673 0.0143881 0.0306963 0.345774
0 0.737172 0.775743 0.0131002 0.0257629 0.345381
0 0.993278 0.840247 0.0134446 0.0358259 0.344285
0 0.960117 0.125618 0.0137363 0.0210472 0.343842
0 0.0644662 0.154982 0.0171088 0.0349121 0.343559
0 0.32788 0.45829 0.0237673 0.0352031 0.343506
0 0.476891 0.647864 0.0129314 0.0251668 0.343472
0 0.56477 0.870386 0.0324293 0.0567546 0.342843
0 0.741036 0.390173 0.0188117 0.0292227 0.341546
0 0.271375 0.101393 0.012943 0.0251088 0.340702
0 0.445349 0.987296 0.0202906 0.023821 0.33953
0 0.181166 0.456951 0.0190085 0.0332934 0.339095
0 0.657179 0.81783 0.0211952 0.0350525 0.338874
0 0.754248 0.288641 0.0145671 0.0222216 0.338349
0 0.42558 0.992418 0.0160554 0.0142548 0.336658
0 0.171978 0.318449 0.018494 0.0328865 0.335493
0 0.486948 0.215178 0.0238335 0.0342595 0.335283
0 0.362211 0.85801 0.0137457 0.0312388 0.334379
0 0.848979 0.504873 0.0180916 0.0304749 0.334005
0 0.589099 0.104089 0.017359 0.0297115 0.333958
0 0.995699 0.140619 0.00860233 0.0295263 0.333874
0 0.08053 0.578898 0.020271 0.0421339 0.333814
0 0.647448 0.686046 0.0185265 0.0356996 0.333461
0 0.352858 0.592968 0.0271291 0.0503494 0.331216
0 0.0185496 0.59734 0.0289178 0.0450361 0.330865
0 0.714807 0.110204 0.01392 0.0350631 0.329987
0 0.873448 0.738336 0.0149031 0.0320285 0.329906
0 0.636781 0.107975 0.0249371 0.0428329 0.326892
0 0.77527 0.417423 0.0153421 0.0298093 0.326363
0 0.473991 0.989559 0.0173288 0.0199228 0.326271
0 0.24706 0.657251 0.0123424 0.0275759 0.326233
0 0.677996 0.8883 0.0145953 0.0230908 0.3245
0 0.181707 0.907419 0.0203102 0.0296818 0.323793
0 0.716269 0.798403 0.0209376 0.04153 0.323412
0 0.768843 0.147462 0.0100933 0.0285399 0.322201
0 0.00300596 0.0786479 0.00600021 0.0253919 0.321172
0 0.891222 0.450537 0.0131798 0.0257891 0.320858
0 0.121659 0.0927557 0.0165775 0.0315111 0.320375
0 0.121463 0.137546 0.0150801 0.0251725 0.320213
0 0.151677 0.239518 0.014611 0.027696 0.320174
0 0.0712659 0.695274 0.0313254 0.0506822 0.31929
0 0.124056 0.139477 0.0150731 0.0241136 0.319018
0 0.621715 0.842454 0.0117989 0.0283885 0.314191
0 0.528175 0.502691 0.0229329 0.0380018 0.313784
0 0.225495 0.929737 0.0153832 0.0337423 0.312782
0 0.558086 0.176202 0.0235962 0.0383535 0.311789
0 0.818133 0.646385 0.0168848 0.0317483 0.311532
0 0.12073 0.476297 0.0141158 0.0261141 0.309903
0 0.387221 0.798412 0.0151981 0.0257975 0.309326
0 0.206731 0.0472133 0.0209814 0.0427145 0.308438
0 0.693595 0.359549 0.0196331 0.0402928 0.307565
0 0.176695 0.840675 0.0187058 0.032398 0.307414
0 0.974332 0.772459 0.0169868 0.0261771 0.30709
0 0.066639 0.759017 0.0188586 0.0354662 0.306656
0 0.933711 0.404218 0.0161605 0.0323101 0.306035
0 0.287526 0.967986 0.00884902 0.0342007 0.305937
0 0.730209 0.0818077 0.00989285 0.0281507 0.305487
0 0.641239 0.48293 0.0218684 0.0328115 0.304844
0 0.370567 0.988795 0.0138552 0.0210387 0.304765
0 0.6465 0.0494776 0.0188253 0.0323777 0.304589
0 0.429534 0.526686 0.0166615 0.0228489 0.304148
0 0.299262 0.400266 0.0193296 0.0344649 0.302956
0 0.695668 0.885869 0.0139551 0.0232443 0.302546
0 0.20854 0.502582 0.014832 0.0280011 0.302501
0 0.944339 0.347221 0.0171835 0.0306343 0.30168
0 0.741996 0.30745 0.0101189 0.0316785 0.301542
0 0.218106 0.137968 0.0147733 0.0265096 0.301228
0 0.743527 0.351139 0.0137647 0.0229614 0.301205
0 0.254347 0.301057 0.0234725 0.0417257 0.301202
0 0.118242 0.12931 0.0184646 0.028962 0.301195
0 0.590482 0.33761 0.0125973 0.0360965 0.300369
0 0.473186 0.802593 0.0172352 0.0318424 0.300362
0 0.9153 0.511092 0.0135379 0.0213984 0.300081
0 0.817919 0.20718 0.0205128 0.0343536 0.299671
0 0.136707 0.20739 0.0197644 0.0334656 0.29893
0 0.322691 0.953605 0.0134238 0.026561 0.298771
0 0.453692 0.235528 0.017749 0.0315033 0.296696
0 0.268621 0.505167 0.0172574 0.0314399 0.295721
0 0.616118 0.56032 0.0175827 0.0231494 0.29572
0 0.251491 0.00697728 0.0190409 0.0139546 0.295205
0 0.533271 0.882012 0.0151342 0.0239733 0.295178
0 0.412271 0.0227931 0.0249896 0.0416856 0.295006
0 0.0813475 0.536424 0.0178584 0.0313341 0.294473
0 0.468773 0.0423971 0.0225746 0.0418373 0.294129
0 0.835659 0.629877 0.0183617 0.0322018 0.293965
0 0.344079 0.0251382 0.0191739 0.0259063 0.293829
0 0.167181 0.354541 0.02192 0.0467726 0.293618
0 0.506232 0.354465 0.00945225 0.0307714 0.292841
0 0.361266 0.312729 0.0173718 0.0286527 0.291882
0 0.204314 0.771401 0.0193079 0.035254 0.291688
0 0.954734 0.775144 0.0141332 0.0253981 0.291686
0 0.87139 0.00758075 0.0195093 0.0149565 0.291421
0 0.269982 0.603257 0.01271 0.0320513 0.290896
0 0.710075 0.936428 0.0177341 0.0339522 0.290292
0 0.34416 0.914101 0.0172275 0.0284278 0.289994
0 0.519209 0.441591 0.0161233 0.0331421 0.28979
0 0.698914 0.416077 0.0155361 0.0280129 0.289198
0 0.831074 0.321995 0.0161093 0.0264077 0.288936
0 0.767237 0.262209 0.0152027 0.0265147 0.288907
0 0.526998 0.710585 0.0107731 0.0301332 0.288469
0 0.784912 0.234171 0.0103008 0.0231984 0.28844
0 0.80487 0.156291 0.0174568 0.0297941 0.287724
0 0.0308728 0.426666 0.0145022 0.0329829 0.28751
0 0.440848 0.784489 0.0165073 0.0294227 0.28582
0 0.924525 0.023996 0.0205878 0.0425424 0.283953
0 0.675745 0.783626 0.0154923 0.0354458 0.28369
0 0.688463 0.0225361 0.018572 0.0370242 0.283639
0 0.862203 0.23651 0.0167583 0.0282039 0.283227
0 0.333103 0.790221 0.0164203 0.0274797 0.282806
0 0.834786 0.649477 0.015659 0.0192515 0.282153
0 0.0123523 0.406526 0.0208976 0.0387546 0.282146
0 0.922264 0.157247 0.0135307 0.0188595 0.28153
0 0.530314 0.95333 0.0141115 0.0295356 0.281087
0 0.286498 0.661304 0.0169805 0.032064 0.280747
0 0.539814 0.405565 0.011747 0.0265387 0.279321
0 0.00417998 0.146132 0.00827004 0.0262332 0.27852
0 0.520975 0.708384 0.0181572 0.0319694 0.278083
0 0.749241 0.633702 0.0314209 0.0544032 0.277945
0 0.289193 0.78622 0.0157567 0.0250448 0.277177
0 0.466704 0.950333 0.0124932 0.0226295 0.276956
0 0.678915 0.573735 0.0128793 0.0256476 0.275865
0 0.249219 0.812143 0.0157826 0.0170237 0.274071
0 0.166679 0.974349 0.0188364 0.0391144 0.273912
0 0.774854 0.744596 0.0120094 0.0279914 0.27285
0 0.714286 0.340871 0.0151381 0.0254617 0.272516
0 0.877387 0.381164 0.0142651 0.0243864 0.272473
0 0.403516 0.277801 0.0181916 0.0417901 0.272443
0 0.103453 0.0154499 0.0222074 0.0301168 0.27157
0 0.48874 0.756584 0.0138591 0.0201436 0.271484
0 0.540932 0.269545 0.0139987 0.0197603 0.271307
0 0.259466 0.666442 0.0153465 0.02895 0.27102
0 0.586647 0.967493 0.0123352 0.0261549 0.27038
0 0.0465541 0.695563 0.014214 0.0251512 0.269894
0 0.512733 0.25407 0.0187944 0.0328821 0.268276
0 0.347242 0.586278 0.0217959 0.0466102 0.268253
0 0.870846 0.61706 0.0125375 0.0272777 0.267219
0 0.639911 0.11121 0.0207983 0.0383025 0.26661
0 0.762117 0.345032 0.0182896 0.0234725 0.266243
0 0.635447 0.330603 0.0200061 0.0342325 0.265979
0 0.932967 0.599473 0.0106922 0.0241384 0.264333
0 0.424077 0.412987 0.0192436 0.0386654 0.264297
0 0.182787 0.744313 0.012913 0.0280097 0.264212
0 0.149446 0.0154261 0.0139614 0.0297327 0.263789
0 0.768244 0.912234 0.0172068 0.0327672 0.263376
0 0.794383 0.685346 0.0225569 0.0357444 0.262868
0 0.766534 0.147683 0.0120548 0.0285115 0.262818
0 0.576018 0.287927 0.0221024 0.0484873 0.261982
0 0.755758 0.142462 0.0133644 0.0212368 0.26158
0 0.224545 0.508065 0.0131844 0.0212904 0.261082
0 0.834571 0.465437 0.0139084 0.0265449 0.260939
0 0.524607 0.710612 0.0146712 0.0318503 0.259903
0 0.685695 0.391451 0.0156954 0.0173538 0.259578
0 0.653782 0.348552 0.0120235 0.0245187 0.258896
0 0.282957 0.856828 0.0138015 0.0346313 0.25829
0 0.0936751 0.661779 0.0150989 0.0278442 0.258109
0 0.294503 0.316554 0.022169 0.035243 0.257686
0 0.477986 0.534786 0.0205469 0.0336354 0.257589
0 0.704024 0.683395 0.0161526 0.0278975 0.257359
0 0.908287 0.220425 0.0132065 0.0277872 0.257328
0 0.28852 0.969709 0.00651283 0.0332265 0.256804
0 0.90645 0.0375386 0.0134462 0.0322452 0.25505
0 0.869961 0.490453 0.0141731 0.0248266 0.254364
0 0.683342 0.772967 0.0152809 0.0273726 0.25378
0 0.707576 0.636323 0.0193593 0.0370338 0.253512
0 0.918282 0.457913 0.0172438 0.0291967 0.253086
0 0.354965 0.0821736 0.0181875 0.0270082 0.252595
0 0.351461 0.309814 0.0147309 0.0307338 0.252363
0 0.265015 0.758196 0.0187025 0.0316772 0.252214
0 0.151379 0.301991 0.0192133 0.0336946 0.252107
0 0.99259 0.450788 0.0148191 0.0324634 0.251926
0 0.255659 0.0510345 0.013029 0.0227163 0.251565
0 0.0103802 0.410956 0.0202764 0.0386846 0.251297
0 0.917628 0.432897 0.0173557 0.0276169 0.250782
0 0.652755 0.969054 0.0189711 0.028047 0.250673
0 0.792959 0.7867 0.0239837 0.0440075 0.250135
0 0.437589 0.948587 0.0127218 0.02526 0.247683
0 0.0969915 0.552447 0.0119044 0.0255268 0.246529
0 0.938324 0.912721 0.0117535 0.0275428 0.246288
0 0.961751 0.461206 0.0164228 0.0251146 0.245693
0 0.569121 0.618469 0.0192036 0.0256634 0.245421
0 0.657392 0.56373 0.0157829 0.0317875 0.24468
0 0.991952 0.376794 0.0160959 0.0453903 0.244606
0 0.388709 0.866354 0.015199 0.0316857 0.244314
0 0.391573 0.918428 0.0141802 0.0207625 0.244201
0 0.128764 0.94339 0.0178686 0.0300409 0.243429
0 0.0892814 0.470806 0.0129652 0.0249573 0.242957
0 0.905907 0.922834 0.0162972 0.0252041 0.242722
0 0.390369 0.920731 0.0136806 0.0232513 0.241802
0 0.221219 0.782816 0.0104437 0.0266273 0.24152
0 0.032666 0.0813629 0.0169526 0.0309236 0.241263
0 0.566202 0.630479 0.0171822 0.0256911 0.241184
0 0.760594 0.948236 0.019988 0.018456 0.240424
0 0.892621 0.424868 0.01894 0.0230959 0.240358
0 0.519375 0.698822 0.0202881 0.0486892 0.239393
0 0.967731 0.63817 0.0167057 0.023728 0.238151
0 0.415782 0.367179 0.0172019 0.0362203 0.236558
0 0.00499767 0.0202352 0.00994426 0.0365905 0.236443
0 0.188419 0.993439 0.0172255 0.012011 0.236211
0 0.840736 0.352927 0.0205658 0.033793 0.236102
0 0.435153 0.692753 0.0111626 0.0292169 0.23566
0 0.0291628 0.00699995 0.0187099 0.0139518 0.235202
0 0.871902 0.0106757 0.0207092 0.0203246 0.234842
0 0.449169 0.985581 0.0198093 0.0271844 0.234764
0 0.92628 0.83158 0.0142624 0.0266407 0.234521
0 0.479521 0.867725 0.0162331 0.0338989 0.234215
0 0.357186 0.592397 0.0206008 0.0442951 0.234031
0 0.646062 0.737211 0.0174199 0.0337697 0.233626
0 0.0882506 0.337847 0.0103809 0.0226168 0.233601
0 0.889238 0.780718 0.0228382 0.0372744 0.231464
0 0.970579 0.919387 0.0190311 0.0423045 0.231431
0 0.933892 0.409038 0.0155914 0.0270901 0.231421
0 0.743897 0.306735 0.00870171 0.0295367 0.231293
0 0.234023 0.808816 0.0102367 0.0179149 0.230196
0 0.636618 0.9432 0.0137289 0.0251563 0.228503
0 0.191513 0.508786 0.0157089 0.0356198 0.227478
0 0.852165 0.802143 0.0149712 0.0358061 0.226631
0 0.612016 0.70668 0.0174266 0.0319923 0.226399
0 0.855658 0.948425 0.0201042 0.0332214 0.226379
0 0.0307068 0.424124 0.0117357 0.0320996 0.226198
0 0.00432805 0.252318 0.00856796 0.0362399 0.226108
0 0.681233 0.815457 0.0120317 0.0196657 0.225955
0 0.362997 0.347441 0.0135944 0.0303721 0.225513
0 0.640588 0.776075 0.0110541 0.0326894 0.225098
0 0.337913 0.542963 0.0112373 0.0305305 0.22496
0 0.864782 0.348975 0.0157459 0.0235326 0.224834
0 0.799969 0.949313 0.017908 0.0360259 0.224078
0 0.797687 0.485116 0.0164701 0.0334038 0.224038
0 0.328348 0.612305 0.0189174 0.0322981 0.223818
0 0.966075 0.90725 0.0217266 0.0311273 0.223751
0 0.956021 0.15739 0.0174792 0.0241787 0.223398
0 0.152095 0.353623 0.0106568 0.0430615 0.223361
0 0.934418 0.714261 0.0189753 0.0303579 0.22329
0 0.929551 0.496226 0.0190754 0.0309536 0.223078
0 0.746963 0.63791 0.0269557 0.0440635 0.222375
0 0.591675 0.78986 0.0151747 0.0304581 0.221933
0 0.568126 0.627434 0.0177902 0.0271437 0.221656
0 0.197503 0.325007 0.0150592 0.023128 0.221464
0 0.335981 0.543352 0.0106575 0.0308816 0.221348
0 0.899469 0.104472 0.0130852 0.0270825 0.22106
0 0.83265 0.725445 0.0137798 0.0333303 0.220814
0 0.12544 0.144293 0.0156829 0.0230148 0.220163
0 0.394421 0.869158 0.010147 0.0324122 0.219761
0 0.182904 0.815048 0.0160649 0.0202838 0.219734
0 0.862396 0.0426607 0.0165886 0.0265996 0.219442
0 0.0129373 0.119426 0.0158504 0.029491 0.219049
0 0.847722 0.847498 0.0112175 0.0326501 0.218929
0 0.678977 0.778885 0.0168901 0.0343838 0.218812
0 0.362614 0.958662 0.0156124 0.0323775 0.218741
0 0.0900863 0.958748 0.0165512 0.0302531 0.218448
0 0.205123 0.18945 0.0164008 0.0297362 0.218072
0 0.847088 0.179869 0.0228555 0.0428663 0.217904
0 0.762272 0.0105576 0.0139538 0.0204827 0.216099
0 0.138766 0.124389 0.0132671 0.0384991 0.214961
0 0.37167 0.386674 0.0118576 0.025418 0.214933
0 0.920848 0.463556 0.0107658 0.0268587 0.214818
0 0.771797 0.542894 0.0194466 0.0252404 0.213564
0 0.798374 0.683096 0.0190242 0.0309828 0.212802
0 0.140265 0.0688931 0.0157929 0.0286793 0.212604
0 0.329585 0.452546 0.0272373 0.0460809 0.212477
0 0.0315512 0.365519 0.0155991 0.0264279 0.21233
0 0.0553203 0.297892 0.0146895 0.0295227 0.211534
0 0.394213 0.376885 0.0123017 0.0256278 0.21149
0 0.35449 0.0528611 0.0207133 0.0390404 0.211464
0 0.776358 0.933965 0.0150362 0.0225566 0.211401
0 0.207324 0.907242 0.0173525 0.0268148 0.210485
0 0.0164966 0.198278 0.0156434 0.0183211 0.210369
0 0.993018 0.566845 0.0139641 0.0389818 0.210167
0 0.0827508 0.0208 0.0128262 0.0313139 0.210007
0 0.548208 0.680906 0.0147193 0.0261795 0.209015
0 0.204864 0.969635 0.0136106 0.0307918 0.208914
0 0.218839 0.443896 0.0141007 0.0251103 0.208517
0 0.742011 0.453266 0.0181995 0.0304448 0.208193
0 0.166165 0.519015 0.0115453 0.0253641 0.208112
0 0.676732 0.981758 0.0162486 0.0341236 0.207432
0 0.611268 0.505368 0.0224184 0.0395908 0.206973
0 0.584377 0.788607 0.0192692 0.0349789 0.20657
0 0.0136657 0.400906 0.0192026 0.033549 0.206345
0 0.679309 0.611211 0.011655 0.0315096 0.204902
0 0.217589 0.169004 0.0155571 0.0250435 0.204861
0 0.406694 0.280886 0.0158618 0.0369673 0.204802
0 0.519245 0.0366179 0.0235183 0.0450983 0.204576
0 0.132856 0.337656 0.0166091 0.0312169 0.204083
0 0.513753 0.841325 0.0121035 0.0235657 0.203966
0 0.655074 0.0203757 0.0172943 0.0328857 0.203915
0 0.732338 0.481323 0.0178522 0.028685 0.202499
0 0.495706 0.865327 0.0152708 0.0366765 0.201862
0 0.038862 0.392035 0.00960214 0.0182678 0.201017
0 0.631204 0.757015 0.0103547 0.0275594 0.200782
0 0.74686 0.523077 0.0146767 0.0250619 0.200401
0 0.978878 0.439121 0.0166828 0.0294276 0.200057
0 0.15289 0.306408 0.0180045 0.0315092 0.200057
0 0.0151734 0.0712185 0.01931 0.0370708 0.199735
0 0.596208 0.642869 0.0174964 0.0402651 0.199104
0 0.953819 0.663595 0.0134186 0.0268449 0.198898
0 0.33284 0.43936 0.0286957 0.0458006 0.198778
0 0.931936 0.406989 0.016058 0.0314495 0.19869
0 0.905547 0.0406397 0.0166309 0.033515 0.198399
0 0.849534 0.741996 0.0134553 0.0370765 0.198284
0 0.781897 0.57237 0.0160768 0.0256752 0.197983
0 0.797374 0.0221288 0.0173331 0.0225447 0.197056
0 0.0793655 0.860394 0.0217226 0.0375946 0.196632
0 0.694347 0.980344 0.0173448 0.0371329 0.196301
0 0.611479 0.0251164 0.0164896 0.026846 0.196147
0 0.499809 0.863112 0.0100882 0.0290185 0.195858
0 0.956229 0.185983 0.0170921 0.0255809 0.195444
0 0.561162 0.787835 0.0182133 0.0287096 0.195443
0 0.0561556 0.662538 0.0135477 0.0344935 0.195246
0 0.922873 0.347777 0.015519 0.0299131 0.194624
0 0.997066 0.674943 0.00586764 0.0453068 0.194222
0 0.0417969 0.660875 0.0159212 0.0250071 0.192728
0 0.449504 0.517118 0.0142081 0.0253151 0.192693
0 0.773546 0.713001 0.0141633 0.030633 0.192024
0 0.854451 0.800916 0.0101865 0.0355164 0.191768
0 0.763787 0.777637 0.0159607 0.0303826 0.191577
0 0.227289 0.283197 0.0174487 0.0309035 0.191533
0 0.533945 0.885443 0.0140499 0.0243302 0.191267
0 0.11327 0.270228 0.0148149 0.0364049 0.190937
0 0.409324 0.538013 0.0173773 0.0239941 0.190861
0 0.539957 0.266887 0.0149643 0.0251004 0.189028
0 0.654191 0.530145 0.00805931 0.024965 0.188945
0 0.131156 0.786504 0.00825559 0.0329081 0.18823
0 0.487824 0.928667 0.0129544 0.0315162 0.187894
0 0.992289 0.616231 0.0154222 0.039907 0.187735
0 0.0594454 0.543229 0.0192895 0.0323641 0.187443
0 0.365601 0.428708 0.0138584 0.0208252 0.1874
0 0.710665 0.632862 0.0152129 0.0307405 0.187327
0 0.883613 0.580871 0.013578 0.0216914 0.187089
0 0.995989 0.218876 0.00802231 0.0507548 0.186728
0 0.301121 0.881376 0.0153459 0.0150987 0.186503
0 0.390009 0.412008 0.0182673 0.0332294 0.186397
0 0.345079 0.581232 0.0176172 0.0382094 0.186338
0 0.685622 0.979617 0.0310164 0.0398295 0.185914
0 0.451709 0.943584 0.0144751 0.0290592 0.185317
0 0.845047 0.253067 0.010519 0.0260433 0.184596
0 0.578034 0.896941 0.0131616 0.0266032 0.183446
0 0.466163 0.917213 0.0114521 0.0198851 0.182989
0 0.523171 0.583892 0.0118397 0.0243646 0.1828
0 0.481086 0.877738 0.0151684 0.0285901 0.182095
0 0.0536468 0.728566 0.0145484 0.030501 0.181922
0 0.89112 0.421552 0.0194918 0.0292243 0.18192
0 0.524986 0.408486 0.0134722 0.0303599 0.181901
0 0.428733 0.807367 0.0145931 0.0201596 0.18182
0 0.564141 0.667015 0.00873394 0.0305328 0.181358
0 0.328671 0.615025 0.0164047 0.0245635 0.18131
0 0.741109 0.710011 0.0122477 0.0260335 0.180911
0 0.0150434 0.76323 0.0219898 0.0384274 0.180678
0 0.269668 0.143714 0.0155511 0.0347165 0.179909
0 0.996484 0.228622 0.00703303 0.0403491 0.179335
0 0.848924 0.186378 0.0215561 0.0419857 0.179146
0 0.823891 0.261646 0.0219414 0.0435643 0.17881
0 0.766759 0.576602 0.0137398 0.032196 0.178762
0 0.269912 0.988842 0.0220874 0.0216196 0.178481
0 0.745276 0.887785 0.0132179 0.0236403 0.178277
0 0.808058 0.707575 0.0132593 0.0259517 0.177969
0 0.157673 0.192729 0.0139728 0.0289623 0.177599
0 0.683399 0.424184 0.0219459 0.0413033 0.177496
0 0.699777 0.714248 0.0118629 0.022692 0.177408
0 0.791375 0.792659 0.0248957 0.0415966 0.177395
0 0.566998 0.565297 0.0135485 0.0269931 0.177209
0 0.744029 0.0650994 0.0140595 0.0284926 0.176999
0 0.669056 0.269694 0.0153044 0.037157 0.176974
0 0.333914 0.886125 0.0149655 0.0299547 0.176917
0 0.871971 0.32007 0.0134048 0.0251989 0.176375
0 0.481601 0.288903 0.0226313 0.0341768 0.176249
0 0.0565895 0.290718 0.0133655 0.026764 0.176123
0 0.843877 0.362643 0.0169268 0.0303659 0.17583
0 0.133897 0.208315 0.0227206 0.0384482 0.175807
0 0.50983 0.312639 0.0209624 0.025612 0.175554
0 0.873562 0.439889 0.0103863 0.0265532 0.174889
0 0.555668 0.974285 0.0145641 0.0410672 0.17479
0 0.950578 0.696013 0.0133575 0.0277527 0.174681
0 0.480892 0.584431 0.0119425 0.027353 0.174679
0 0.872352 0.437469 0.0110806 0.0283212 0.17466
0 0.736553 0.558237 0.00998287 0.0334086 0.17445
0 0.406926 0.428771 0.0133301 0.0226471 0.174349
0 0.847705 0.808153 0.0165382 0.0283837 0.174042
0 0.385923 0.866971 0.0193187 0.0331818 0.173993
0 0.568768 0.631546 0.0186195 0.0249428 0.173853
0 0.00644045 0.411409 0.0124391 0.0390359 0.173504
0 0.955959 0.666232 0.0121204 0.0313319 0.173448
0 0.0178533 0.211105 0.0191535 0.0365303 0.173213
0 0.815383 0.336258 0.0136736 0.0195658 0.173124
0 0.181713 0.212926 0.0167923 0.023308 0.173069
0 0.841231 0.0465853 0.0158611 0.0272459 0.17281
0 0.857054 0.539114 0.0108969 0.0186561 0.172655
0 0.108096 0.950986 0.0147248 0.0290995 0.172131
0 0.518419 0.441739 0.0128335 0.0282418 0.172056
0 0.171367 0.931379 0.0118073 0.0191155 0.171901
0 0.706431 0.71451 0.0187433 0.0275247 0.171606
0 0.875507 0.325418 0.0117504 0.0297306 0.17152
0 0.376998 0.922767 0.00859137 0.0240238 0.171313
0 0.302258 0.607206 0.0154207 0.0236891 0.170877
0 0.185035 0.209656 0.0165623 0.0299602 0.170832
0 0.971248 0.59812 0.0177373 0.0322218 0.17058
0 0.329743 0.982423 0.014494 0.0288859 0.170223
0 0.131728 0.23739 0.0117306 0.0191768 0.170155
0 0.625601 0.391364 0.0181243 0.0302294 0.169675
0 0.914084 0.508503 0.0139107 0.0262053 0.169482
0 0.341623 0.642583 0.0125849 0.0321554 0.169451
0 0.918248 0.261384 0.0187176 0.0275103 0.169293
0 0.38757 0.921083 0.0132918 0.0244897 0.169091
0 0.00592531 0.14658 0.0112861 0.0263335 0.168962
0 0.919114 0.724249 0.0144989 0.0186842 0.16894
0 0.0614621 0.541073 0.0162679 0.028659 0.168732
0 0.374097 0.566728 0.017852 0.0277464 0.168728
0 0.0889591 0.364938 0.0117796 0.0264562 0.168331
0 0.315193 0.857155 0.016432 0.0285194 0.168195
0 0.927363 0.792884 0.0143528 0.0253628 0.168014
0 0.807721 0.822916 0.0209508 0.033068 0.167639
0 0.685665 0.270165 0.0129047 0.0321071 0.167534
0 0.568921 0.62339 0.0197449 0.0258165 0.16735
0 0.553032 0.175919 0.0234563 0.0406557 0.167171
0 0.856885 0.0286175 0.0222149 0.0396957 0.166761
0 0.731627 0.031733 0.0161915 0.0302736 0.166406
0 0.440522 0.848168 0.012607 0.0221468 0.166319
0 0.104449 0.445697 0.0174553 0.0259079 0.166294
0 0.131658 0.777965 0.00838548 0.0291598 0.165907
0 0.940632 0.803896 0.0130089 0.0317586 0.165334
0 0.845769 0.55267 0.0152426 0.0259006 0.165168
0 0.610639 0.309783 0.0115791 0.0273169 0.164982
0 0.591814 0.291013 0.0194098 0.0534719 0.164889
0 0.994801 0.139058 0.0103991 0.0375926 0.164747
0 0.816597 0.334294 0.0112232 0.019048 0.164649
0 0.54034 0.383657 0.0125362 0.0376661 0.164487
0 0.758242 0.143106 0.0118721 0.0223309 0.164353
0 0.167688 0.981601 0.0152571 0.0319278 0.164064
0 0.646569 0.046437 0.0233952 0.038073 0.164036
0 0.745362 0.883671 0.0148623 0.023682 0.163822
0 0.95653 0.777174 0.0129215 0.0234453 0.163725
0 0.912753 0.213168 0.0154209 0.0342176 0.163527
0 0.996795 0.311373 0.00641009 0.0400201 0.163272
0 0.709266 0.744822 0.0130753 0.0239994 0.163164
0 0.995542 0.0846609 0.00891571 0.0287817 0.163124
0 0.933367 0.233861 0.0193466 0.0269345 0.162565
0 0.564697 0.573008 0.015626 0.0253446 0.162509
0 0.344571 0.400702 0.0162474 0.0292982 0.162479
0 0.372309 0.72263 0.0150119 0.0224548 0.161704
0 0.829363 0.845263 0.0175863 0.0253252 0.161627
0 0.728831 0.304984 0.0120272 0.029448 0.161206
0 0.90766 0.0066527 0.0174068 0.0124134 0.16119
0 0.154638 0.877272 0.00986695 0.033315 0.160883
0 0.80318 0.744201 0.018557 0.0311852 0.160407
0 0.265476 0.834038 0.0132112 0.0226489 0.160182
0 0.646815 0.878821 0.0108176 0.018965 0.16003
0 0.402761 0.778845 0.0127302 0.0283668 0.159891
0 0.26748 0.303816 0.0190502 0.0377859 0.159165
0 0.355926 0.663165 0.0178174 0.0315938 0.159164
0 0.358989 0.888313 0.0121759 0.0236735 0.159036
0 0.556516 0.984413 0.0145596 0.027792 0.158849
0 0.441991 0.820108 0.014016 0.0308933 0.158767
0 0.938345 0.806001 0.0171303 0.0335683 0.158454
0 0.759115 0.710586 0.0154163 0.0230524 0.157976
0 0.425267 0.963019 0.0103348 0.0251736 0.157913
0 0.828447 0.562263 0.0137367 0.0152391 0.157795
0 0.681748 0.572879 0.0121002 0.0269825 0.157402
0 0.764221 0.372963 0.0153725 0.0286096 0.156993
0 0.978923 0.444561 0.0155628 0.0319344 0.156363
0 0.903579 0.361361 0.0154071 0.0243459 0.156338
0 0.255986 0.0807367 0.0117851 0.0320432 0.155488
0 0.951116 0.963599 0.0187248 0.0294247 0.154885
0 0.22169 0.780953 0.013155 0.0277384 0.154884
0 0.390514 0.833962 0.0160733 0.0264235 0.154734
0 0.404267 0.689671 0.020675 0.0286151 0.154707
0 0.894595 0.744983 0.0176262 0.0231422 0.154654
0 0.710855 0.717398 0.0147719 0.0297821 0.154272
0 0.91196 0.178251 0.0141655 0.0244179 0.154143
0 0.993778 0.790768 0.0124444 0.0352668 0.153802
0 0.91364 0.545868 0.0129696 0.0188714 0.153563
0 0.0642564 0.264424 0.0153598 0.0206071 0.153532
0 0.679444 0.981123 0.020825 0.0369435 0.153385
0 0.653811 0.846098 0.0138962 0.0203915 0.152109
0 0.743402 0.887112 0.0118668 0.0258762 0.151615
0 0.880638 0.850561 0.0222055 0.050292 0.151577
0 0.120327 0.928535 0.0171224 0.0291212 0.151014
0 0.984044 0.658693 0.0176123 0.0331638 0.150946
0 0.994089 0.908034 0.0118224 0.0474016 0.150938
0 0.397196 0.62254 0.0162529 0.0307726 0.150655
0 0.859655 0.037702 0.0195459 0.0318704 0.150569
0 0.577387 0.667102 0.0195165 0.0444797 0.150454
0 0.415729 0.974478 0.0195149 0.0324466 0.150287
