0 0.369417 0.440254 0.0206728 0.0351974 0.706367
0 0.438335 0.755343 0.0266218 0.0437402 0.680728
0 0.375957 0.531468 0.0252257 0.0323104 0.673546
0 0.0443504 0.751637 0.0227232 0.0423429 0.670872
0 0.826679 0.96527 0.0259342 0.0433612 0.670866
0 0.859074 0.958361 0.0251949 0.0413636 0.669323
0 0.231295 0.0587031 0.0189755 0.0328621 0.66224
0 0.929671 0.90455 0.0205784 0.0389309 0.657342
0 0.432554 0.0914351 0.02412 0.0334194 0.657154
0 0.757549 0.176939 0.0203822 0.0372569 0.651993
0 0.548368 0.417377 0.0223648 0.0403514 0.651231
0 0.0261313 0.312214 0.0229417 0.0384766 0.650207
0 0.837176 0.754366 0.0214169 0.04218 0.650138
0 0.112182 0.833057 0.0213185 0.0382192 0.649849
0 0.0818244 0.359383 0.0279971 0.0328696 0.649608
0 0.443884 0.954086 0.0229127 0.0348077 0.644802
0 0.412733 0.677801 0.0158373 0.0299541 0.643453
0 0.790461 0.967136 0.0225755 0.0409838 0.642318
0 0.643646 0.797017 0.021288 0.0358618 0.642087
0 0.435442 0.299595 0.0277092 0.0505452 0.640767
0 0.728215 0.624776 0.0201482 0.0319967 0.640203
0 0.239144 0.659027 0.0145783 0.0290371 0.640093
0 0.315004 0.465401 0.0214971 0.0414804 0.639651
0 0.449396 0.597259 0.0173275 0.0312133 0.639222
0 0.155753 0.711475 0.0284175 0.0544934 0.639124
0 0.766692 0.634494 0.0169113 0.0288571 0.63902
0 0.207076 0.423681 0.0233498 0.0368545 0.637772
0 0.211384 0.22157 0.0222889 0.0364312 0.637654
0 0.0781689 0.203123 0.0263068 0.0442711 0.637217
0 0.889437 0.555929 0.0249111 0.0461157 0.635574
0 0.71043 0.265569 0.0252825 0.0377563 0.633304
0 0.624296 0.500419 0.0215264 0.0296501 0.629892
0 0.825864 0.608289 0.0196693 0.0317055 0.624421
0 0.396081 0.380342 0.0171301 0.0297711 0.624143
0 0.69318 0.464492 0.0207994 0.0326087 0.623628
0 0.428891 0.442419 0.0230415 0.0374652 0.622821
0 0.199039 0.957834 0.0199135 0.0345638 0.619263
0 0.777432 0.713926 0.0157501 0.0287674 0.618777
0 0.451006 0.648158 0.0196905 0.0320326 0.618429
0 0.307114 0.402556 0.022159 0.0372355 0.618285
0 0.343696 0.427311 0.0197491 0.0276458 0.611248
0 0.342897 0.98191 0.0188194 0.0346488 0.609896
0 0.430218 0.540682 0.0178203 0.0308097 0.608218
0 0.891384 0.80328 0.0179199 0.0318234 0.607809
0 0.468657 0.219075 0.0158823 0.0300902 0.606675
0 0.527165 0.960457 0.0207542 0.0318089 0.606267
0 0.307651 0.0935878 0.0193462 0.0346895 0.606063
0 0.202065 0.293787 0.0222419 0.0423608 0.60585
0 0.739507 0.524541 0.0135963 0.0329765 0.605658
0 0.270558 0.64069 0.0176536 0.0329607 0.603373
0 0.918164 0.74788 0.0178448 0.0336633 0.603051
0 0.991129 0.767474 0.0174816 0.0311378 0.602415
0 0.844383 0.63567 0.0129571 0.0318363 0.602163
0 0.461189 0.301891 0.0175552 0.0259372 0.601906
0 0.882926 0.0468438 0.0155035 0.0306298 0.601434
0 0.464669 0.579885 0.015198 0.0280936 0.600887
0 0.0376639 0.804444 0.0268829 0.0338803 0.600797
0 0.975702 0.486253 0.0302343 0.0458744 0.600668
0 0.918165 0.953209 0.0202633 0.0311646 0.598778
0 0.443692 0.706367 0.01689 0.030092 0.596738
0 0.335406 0.253339 0.022145 0.0332239 0.596077
0 0.648834 0.285703 0.0218999 0.0404157 0.593622
0 0.268464 0.278639 0.0241387 0.0414482 0.592619
0 0.428228 0.503021 0.0151529 0.0254023 0.591825
0 0.475833 0.715117 0.0176667 0.0324575 0.590517
0 0.981864 0.712669 0.019318 0.0325882 0.58943
0 0.766949 0.98258 0.018454 0.0329647 0.58883
0 0.563249 0.0816842 0.0167797 0.0307613 0.587066
0 0.71478 0.823091 0.0171036 0.0275018 0.585342
0 0.359337 0.727824 0.0215199 0.0398159 0.585038
0 0.808357 0.0461132 0.0165133 0.0299431 0.584914
0 0.748688 0.602174 0.0175643 0.0345136 0.58354
0 0.315173 0.514006 0.023817 0.0312346 0.583428
0 0.717694 0.582718 0.0195512 0.0303356 0.583386
0 0.968745 0.77884 0.0178055 0.0310311 0.582223
0 0.334058 0.208481 0.0213452 0.0382358 0.581508
0 0.196661 0.577926 0.0191547 0.0349815 0.579678
0 0.748539 0.782098 0.0174925 0.0431664 0.579532
0 0.590583 0.309209 0.0227298 0.0346721 0.577816
0 0.806049 0.631783 0.0196274 0.025129 0.57753
0 0.617362 0.792764 0.0158202 0.0275319 0.576879
0 0.0271187 0.088761 0.0209096 0.0373227 0.576758
0 0.700166 0.701417 0.015362 0.0280021 0.576385
0 0.700706 0.377528 0.021381 0.0378138 0.576214
0 0.107613 0.693163 0.0187508 0.0314621 0.575998
0 0.524713 0.394661 0.0209871 0.0308158 0.574648
0 0.46565 0.0623198 0.0195292 0.0310349 0.574599
0 0.651331 0.0462132 0.0264762 0.0302435 0.57445
0 0.443523 0.876761 0.0149141 0.0240984 0.574349
0 0.500425 0.980033 0.0229309 0.0365428 0.574136
0 0.252457 0.623562 0.0172544 0.0282762 0.572686
0 0.307625 0.729592 0.0142132 0.0289103 0.572492
0 0.135614 0.840412 0.015355 0.0271532 0.571612
0 0.269768 0.230572 0.0235664 0.0283149 0.571499
0 0.14726 0.494823 0.0162857 0.0314489 0.571408
0 0.255284 0.481348 0.0136547 0.0246243 0.570894
0 0.549159 0.484376 0.0180362 0.0278605 0.570832
0 0.127052 0.62143 0.0168283 0.0268561 0.569337
0 0.572823 0.269935 0.018015 0.0271462 0.569173
0 0.992942 0.59231 0.0140472 0.0289588 0.56893
0 0.747194 0.730911 0.0162217 0.0353294 0.567766
0 0.530583 0.617369 0.0218485 0.0378795 0.567578
0 0.982525 0.0913455 0.0157295 0.0281828 0.5663
0 0.42358 0.159796 0.0161266 0.0317359 0.564909
0 0.164757 0.311031 0.0148673 0.0265847 0.563309
0 0.746112 0.44111 0.0161669 0.0307212 0.562697
0 0.0815564 0.525973 0.0162173 0.0299249 0.562087
0 0.274853 0.468221 0.0235419 0.0542213 0.561739
0 0.00589266 0.0834863 0.0117853 0.0347109 0.561011
0 0.166017 0.655143 0.0226394 0.0323638 0.560741
0 0.847852 0.900372 0.0277386 0.0480214 0.559072
0 0.980342 0.343532 0.0203068 0.0288397 0.558979
0 0.314638 0.963144 0.0213725 0.0314445 0.558826
0 0.146979 0.317891 0.0167365 0.0315369 0.558598
0 0.992321 0.847396 0.0153574 0.0285424 0.558211
0 0.529052 0.798321 0.0161181 0.0371575 0.557995
0 0.58852 0.506186 0.0188528 0.0302656 0.556964
0 0.15653 0.0842317 0.017052 0.0316942 0.556584
0 0.177269 0.169754 0.0159697 0.0289596 0.556535
0 0.0656928 0.828264 0.0137393 0.0272044 0.556106
0 0.214595 0.816651 0.0197574 0.0294227 0.555601
0 0.259466 0.512139 0.0127069 0.0276803 0.554795
0 0.491866 0.332953 0.0188869 0.0337975 0.553687
0 0.18228 0.127081 0.0175749 0.0289772 0.552793
0 0.156967 0.420025 0.0183007 0.0308777 0.552392
0 0.397969 0.452428 0.0165845 0.0295639 0.552067
0 0.723014 0.514706 0.0110067 0.0269307 0.551673
0 0.217427 0.530067 0.0165978 0.0411881 0.55054
0 0.285652 0.385755 0.0172727 0.0339021 0.550435
0 0.141599 0.446191 0.0169287 0.0297732 0.549753
0 0.235418 0.772476 0.0205661 0.030916 0.548886
0 0.511161 0.924629 0.018375 0.0326521 0.548422
0 0.365757 0.344037 0.0123148 0.0241925 0.548355
0 0.477694 0.459944 0.0129855 0.0272569 0.547156
0 0.367088 0.0139106 0.020196 0.0276603 0.546891
0 0.506349 0.637901 0.0165001 0.0312289 0.546533
0 0.233692 0.435335 0.0183577 0.0338156 0.546356
0 0.0997018 0.289762 0.025713 0.0457194 0.546312
0 0.323083 0.554704 0.0181999 0.0312753 0.545604
0 0.341528 0.751402 0.0182755 0.0345971 0.544816
0 0.268271 0.77968 0.0194879 0.0327908 0.543765
0 0.36451 0.864635 0.0167225 0.0324982 0.543495
0 0.0512607 0.596741 0.0145603 0.0274633 0.542912
0 0.385226 0.59492 0.0154462 0.0219408 0.542016
0 0.239595 0.504268 0.0170753 0.0304546 0.541642
0 0.16757 0.489315 0.0162652 0.0275343 0.541343
0 0.30832 0.202991 0.0187199 0.0334868 0.540149
0 0.514257 0.357624 0.0145746 0.0192551 0.539567
0 0.896321 0.078989 0.0144169 0.0271548 0.539414
0 0.841259 0.144637 0.0142011 0.0274806 0.538232
0 0.400011 0.574032 0.0189859 0.0302633 0.536709
0 0.832681 0.512802 0.0184303 0.0336418 0.536431
0 0.619827 0.702986 0.0155376 0.0281222 0.535405
0 0.21065 0.850013 0.0140213 0.0274563 0.534935
0 0.0229512 0.61116 0.014617 0.0274624 0.534007
0 0.529044 0.697831 0.0158773 0.0291389 0.533574
0 0.0465957 0.130748 0.019669 0.0288658 0.533305
0 0.0517344 0.392668 0.0236435 0.0458416 0.531323
0 0.854717 0.0644618 0.0196198 0.0350011 0.531115
0 0.0483969 0.0233456 0.0267507 0.0463633 0.530528
0 0.946713 0.546637 0.015609 0.0272653 0.530327
0 0.859481 0.812423 0.0181554 0.0364495 0.529915
0 0.971541 0.583628 0.0140587 0.0286041 0.529602
0 0.0786913 0.315102 0.0147419 0.0264158 0.529023
0 0.70616 0.195488 0.0175529 0.0293599 0.52848
0 0.150343 0.871965 0.0169293 0.028737 0.528421
0 0.57211 0.44157 0.0143873 0.0305105 0.528186
0 0.604275 0.754768 0.0176898 0.0305164 0.527832
0 0.337384 0.687679 0.0134832 0.022321 0.526978
0 0.589397 0.610474 0.0174015 0.028195 0.526226
0 0.0440373 0.854052 0.0178017 0.0301809 0.5253
0 0.866998 0.479106 0.0270224 0.0439251 0.524821
0 0.799827 0.575052 0.0173462 0.0321714 0.524728
0 0.270962 0.731383 0.0166132 0.0260312 0.523973
0 0.288654 0.336381 0.0201663 0.031066 0.52353
0 0.625529 0.323988 0.0237949 0.0317028 0.523384
0 0.667656 0.439872 0.0214584 0.0321117 0.523082
0 0.766866 0.586859 0.0143717 0.0349196 0.523079
0 0.0142075 0.717904 0.0261784 0.040506 0.521316
0 0.0510071 0.557621 0.0128056 0.0307899 0.521209
0 0.375303 0.959923 0.0322589 0.0607016 0.519954
0 0.461108 0.380537 0.0140383 0.0377498 0.519881
0 0.420335 0.383595 0.0243128 0.041205 0.519497
0 0.919868 0.124538 0.0126808 0.0287267 0.519402
0 0.15776 0.5488 0.0224343 0.0461551 0.518989
0 0.1476 0.379696 0.015615 0.0243346 0.518793
0 0.0273164 0.515271 0.0190765 0.029462 0.51867
0 0.302563 0.804163 0.0197573 0.0385201 0.518652
0 0.237329 0.69033 0.0190542 0.0271356 0.518052
0 0.208264 0.104814 0.015686 0.028506 0.517712
0 0.424522 0.595231 0.0172441 0.0312606 0.517616
0 0.338573 0.800432 0.0232126 0.0340359 0.517338
0 0.253453 0.409218 0.0211878 0.021837 0.517185
0 0.595122 0.148807 0.0214021 0.0359396 0.516909
0 0.510863 0.217036 0.0146605 0.0268008 0.51676
0 0.0334427 0.242576 0.0146918 0.0232575 0.515929
0 0.824659 0.714814 0.0128393 0.0276916 0.51506
0 0.605028 0.569584 0.0186792 0.0295781 0.514274
0 0.333325 0.647973 0.0191811 0.0278429 0.51123
0 0.881348 0.752705 0.0193737 0.0332584 0.510646
0 0.116029 0.470552 0.0240202 0.0370191 0.509414
0 0.284152 0.0984233 0.0186748 0.0298005 0.509113
0 0.401238 0.905521 0.018966 0.03518 0.508924
0 0.354531 0.373958 0.0190285 0.0244095 0.508639
0 0.786709 0.886439 0.0178018 0.0287994 0.507597
0 0.921066 0.160327 0.0164917 0.0303214 0.507187
0 0.968665 0.261665 0.0183517 0.0338628 0.506551
0 0.282497 0.538268 0.0249979 0.0392385 0.504988
0 0.0754968 0.280211 0.0130488 0.0222034 0.504251
0 0.647173 0.489115 0.0205966 0.055551 0.503536
0 0.21039 0.0117093 0.0213212 0.0234145 0.502986
0 0.96307 0.179881 0.012476 0.0300283 0.502558
0 0.0966376 0.776962 0.0238431 0.0387327 0.501829
0 0.138602 0.558013 0.0163261 0.0350358 0.500688
0 0.823306 0.665768 0.0168465 0.0303141 0.500226
0 0.0296233 0.27232 0.0156101 0.0208159 0.50001
0 0.978645 0.897004 0.0184357 0.0374434 0.49961
0 0.521747 0.987717 0.0173128 0.0222903 0.499298
0 0.481549 0.371669 0.0133858 0.03823 0.498933
0 0.504908 0.594314 0.0261578 0.0332781 0.498037
0 0.102504 0.56704 0.0163645 0.0304791 0.497409
0 0.702568 0.742994 0.0196103 0.0338409 0.494914
0 0.978788 0.0319375 0.0209633 0.0352997 0.493632
0 0.163537 0.0334969 0.0177871 0.0313341 0.493251
0 0.397659 0.331418 0.017809 0.0394888 0.493062
0 0.920673 0.281752 0.0311868 0.0474992 0.492297
0 0.503438 0.982539 0.0191887 0.033846 0.491807
0 0.0709172 0.666873 0.0260305 0.0361162 0.491134
0 0.936576 0.124364 0.0146889 0.0289674 0.490077
0 0.00740888 0.293161 0.0144889 0.0314282 0.489942
0 0.916919 0.827429 0.0214531 0.0310259 0.488976
0 0.263186 0.188508 0.0143219 0.0235899 0.488597
0 0.482226 0.935818 0.0200403 0.0338377 0.488372
0 0.993625 0.304596 0.0127499 0.0310622 0.487369
0 0.386961 0.62811 0.0181749 0.0319948 0.487225
0 0.554627 0.931384 0.0176708 0.0297228 0.486658
0 0.718978 0.784837 0.0184909 0.0296455 0.486648
0 0.0926262 0.728883 0.019453 0.0348842 0.485362
0 0.915456 0.0276613 0.0230934 0.0403352 0.485194
0 0.719986 0.168658 0.0133806 0.0307546 0.484388
0 0.0244091 0.126044 0.0180966 0.0310344 0.483885
0 0.136925 0.15846 0.0148116 0.0239997 0.482193
0 0.00622752 0.0200108 0.0124467 0.0390483 0.480645
0 0.841676 0.351207 0.0183426 0.0298391 0.4799
0 0.980379 0.488056 0.0214317 0.0422228 0.478906
0 0.926486 0.706445 0.0130192 0.0257909 0.47867
0 0.883521 0.96073 0.0124199 0.0247828 0.478413
0 0.130634 0.904252 0.0212747 0.0381085 0.47799
0 0.499043 0.852343 0.0174681 0.0277146 0.477414
0 0.794857 0.0608209 0.0123467 0.0235622 0.477164
0 0.558878 0.701865 0.0132282 0.0215542 0.476334
0 0.0185459 0.908128 0.0207118 0.0409634 0.475084
0 0.415379 0.317058 0.0147003 0.0263774 0.474154
0 0.489837 0.261501 0.0151097 0.0237619 0.473481
0 0.189514 0.622252 0.0181521 0.0281676 0.47314
0 0.447835 0.511074 0.0169111 0.0235936 0.472794
0 0.607796 0.911615 0.014571 0.0289298 0.471731
0 0.333472 0.394981 0.0189627 0.0367989 0.470388
0 0.207986 0.76705 0.0198512 0.0368212 0.469873
0 0.772236 0.826607 0.0152227 0.0296457 0.469701
0 0.753804 0.488138 0.0173419 0.0272256 0.467955
0 0.120513 0.58098 0.0160948 0.0306559 0.467889
0 0.542005 0.827552 0.0156024 0.0259332 0.467467
0 0.00982095 0.477711 0.0194662 0.033706 0.4672
0 0.10429 0.208061 0.0192791 0.0273538 0.466987
0 0.568017 0.594666 0.0213148 0.034826 0.466152
0 0.90683 0.783128 0.0143423 0.0240306 0.46606
0 0.951981 0.58718 0.0190052 0.029998 0.466001
0 0.954278 0.251512 0.0132038 0.0313739 0.465725
0 0.633454 0.729537 0.0127492 0.0263918 0.464574
0 0.879518 0.927776 0.0173855 0.0270327 0.463641
0 0.0450258 0.208113 0.0270986 0.039791 0.46201
0 0.410076 0.615398 0.0172209 0.0370717 0.461983
0 0.465888 0.436774 0.0151314 0.0196742 0.460009
0 0.310174 0.282209 0.0189878 0.0297403 0.459347
0 0.249289 0.0468443 0.0148911 0.0362107 0.459283
0 0.775845 0.755422 0.0140958 0.0292501 0.457758
0 0.294558 0.469245 0.0146639 0.0250594 0.457176
0 0.506078 0.787402 0.0147736 0.025709 0.455356
0 0.125755 0.0889186 0.0180802 0.0276419 0.454413
0 0.813444 0.789577 0.0142918 0.0346663 0.454238
0 0.641301 0.685493 0.0147053 0.0249535 0.453114
0 0.337911 0.524724 0.0158957 0.0291534 0.45233
0 0.826815 0.0174612 0.0177963 0.0270208 0.45208
0 0.907241 0.698108 0.0171993 0.02996 0.451483
0 0.522558 0.657315 0.0170633 0.0258469 0.451455
0 0.536383 0.0331336 0.0193403 0.0261999 0.451395
0 0.0243932 0.661046 0.0220397 0.0446622 0.450749
0 0.466094 0.270539 0.0154833 0.0263508 0.449475
0 0.553119 0.970997 0.0213121 0.0340999 0.448733
0 0.496792 0.543557 0.0153301 0.0277564 0.447029
0 0.584425 0.0240323 0.0160928 0.0269434 0.447004
0 0.929662 0.556066 0.0176336 0.0316694 0.445758
0 0.0493092 0.0888093 0.018295 0.0322391 0.444576
0 0.190857 0.988062 0.0143465 0.0222734 0.444085
0 0.648021 0.0446468 0.0212845 0.0286257 0.441065
0 0.857107 0.740047 0.0142153 0.0349986 0.439878
0 0.399011 0.759685 0.018792 0.0350125 0.438926
0 0.135179 0.773865 0.0193438 0.0305688 0.436387
0 0.513937 0.248819 0.0156101 0.0225908 0.434218
0 0.132201 0.369192 0.0110027 0.0239539 0.433463
0 0.424046 0.888454 0.0154346 0.0297924 0.432737
0 0.531767 0.331465 0.0205099 0.031807 0.431834
0 0.180263 0.218921 0.0141773 0.0238521 0.430527
0 0.416102 0.715477 0.0221575 0.0323289 0.429984
0 0.589277 0.753945 0.0102646 0.0229905 0.429455
0 0.292581 0.690459 0.0160253 0.0302428 0.429185
0 0.0641727 0.0635495 0.0226213 0.0380844 0.42916
0 0.806711 0.899298 0.0169247 0.035223 0.427805
0 0.46959 0.666057 0.0182417 0.0314669 0.427231
0 0.875794 0.807315 0.0117775 0.0384664 0.425936
0 0.709917 0.615842 0.0130809 0.023178 0.425615
0 0.0783151 0.927782 0.0271974 0.039081 0.424791
0 0.957648 0.896804 0.0155787 0.0322611 0.424694
0 0.696949 0.0526191 0.0178814 0.0293382 0.423451
0 0.840296 0.816264 0.0163589 0.0343455 0.422534
0 0.373881 0.493397 0.01464 0.0265209 0.422516
0 0.942315 0.508468 0.0116596 0.0250268 0.421618
0 0.00985463 0.789585 0.018492 0.0296058 0.420419
0 0.852388 0.385218 0.013184 0.0267661 0.420127
0 0.429013 0.644239 0.0137387 0.0241561 0.420003
0 0.994386 0.0653874 0.0112284 0.0269154 0.419741
0 0.528892 0.752378 0.0153214 0.0321315 0.419374
0 0.0919368 0.0624951 0.0212716 0.0327686 0.419284
0 0.818513 0.406034 0.0177843 0.0312643 0.418978
0 0.713815 0.441313 0.0118618 0.0228365 0.418372
0 0.686041 0.507913 0.0159883 0.0252019 0.417232
0 0.228648 0.36621 0.0196154 0.0438726 0.416243
0 0.031343 0.349256 0.0146307 0.0267963 0.414725
0 0.911989 0.229802 0.017613 0.0402138 0.412739
0 0.509818 0.328833 0.0129908 0.0220065 0.412252
0 0.488915 0.690776 0.012446 0.022531 0.412174
0 0.0699224 0.148935 0.0212444 0.0424444 0.411822
0 0.828743 0.0476022 0.0201923 0.0340304 0.411025
0 0.0854256 0.700805 0.0199049 0.0237653 0.408725
0 0.894046 0.752518 0.0166021 0.0334469 0.407269
0 0.166172 0.385276 0.0123737 0.0232868 0.406694
0 0.976641 0.146678 0.0128353 0.0260761 0.406672
0 0.516838 0.829195 0.0149691 0.0262207 0.40562
0 0.29294 0.43526 0.0159964 0.0194022 0.405583
0 0.318518 0.606479 0.0129304 0.0254656 0.405422
0 0.152516 0.346329 0.0123437 0.0206448 0.404926
0 0.655981 0.554382 0.0195576 0.0334891 0.403403
0 0.744256 0.831348 0.024677 0.0317413 0.403215
0 0.476287 0.965683 0.0228488 0.0330179 0.40233
0 0.857574 0.539897 0.0147526 0.027456 0.401737
0 0.259921 0.55682 0.0188467 0.0470756 0.400819
0 0.416421 0.275605 0.00957851 0.0212472 0.398974
0 0.541154 0.0653348 0.0165224 0.0315923 0.397706
0 0.108192 0.879972 0.0212482 0.0358822 0.397333
0 0.608946 0.28797 0.0153107 0.0242446 0.3971
0 0.92073 0.0671342 0.0127413 0.0284222 0.396331
0 0.73046 0.443384 0.0140247 0.0317654 0.396057
0 0.153756 0.182941 0.0204403 0.0295052 0.395782
0 0.24625 0.331516 0.0166503 0.0272843 0.39532
0 0.628924 0.833428 0.0192986 0.0272325 0.394872
0 0.944156 0.374429 0.0137703 0.0312683 0.393309
0 0.954717 0.0411743 0.0206512 0.0312999 0.393281
0 0.222445 0.886155 0.0155872 0.0198853 0.392421
0 0.782637 0.593844 0.0131529 0.0239617 0.392192
0 0.744078 0.268385 0.0196969 0.0309534 0.391562
0 0.3664 0.310362 0.0131852 0.0260753 0.391377
0 0.405834 0.0897739 0.0222256 0.0397049 0.391116
0 0.386891 0.698698 0.0254699 0.0393545 0.390443
0 0.78496 0.0863809 0.024069 0.0286452 0.3901
0 0.640731 0.55828 0.012017 0.0319461 0.389596
0 0.881277 0.11168 0.0173763 0.0340696 0.388655
0 0.936469 0.0913651 0.017437 0.0286581 0.388436
0 0.403473 0.512714 0.015042 0.0254331 0.388293
0 0.0171848 0.360865 0.0128585 0.0286409 0.387422
0 0.146142 0.812297 0.0161276 0.0229299 0.38596
0 0.333992 0.941432 0.0165777 0.0277035 0.38584
0 0.114234 0.0662183 0.0122648 0.0217796 0.385312
0 0.272653 0.894894 0.017812 0.0357112 0.384128
0 0.303229 0.564274 0.0130537 0.0291766 0.382048
0 0.799207 0.358664 0.017956 0.03094 0.381673
0 0.534645 0.915626 0.017893 0.0322005 0.380389
0 0.163584 0.658596 0.0257874 0.0374763 0.376325
0 0.0283133 0.480788 0.0110866 0.0235378 0.376066
0 0.238948 0.738417 0.0136024 0.0215373 0.375935
0 0.299531 0.0205258 0.0219688 0.04058 0.37454
0 0.351944 0.542787 0.0131398 0.0223343 0.374445
0 0.252188 0.889335 0.014014 0.0295385 0.374298
0 0.586678 0.551587 0.0208594 0.0427653 0.374011
0 0.519846 0.54914 0.013423 0.0310053 0.373455
0 0.222669 0.132618 0.0165673 0.0227174 0.371902
0 0.322141 0.743285 0.0125052 0.0219242 0.370014
0 0.536431 0.22939 0.0192766 0.0390939 0.369252
0 0.224525 0.467333 0.0137366 0.0245295 0.368877
0 0.237334 0.198878 0.025172 0.0389245 0.36884
0 0.374126 0.370451 0.0109854 0.0217755 0.366625
0 0.657623 0.0860246 0.0155048 0.0229693 0.364564
0 0.84018 0.546982 0.0158504 0.0202842 0.364078
0 0.457866 0.466983 0.0145878 0.0225187 0.363161
0 0.57231 0.745581 0.0161903 0.0230469 0.363047
0 0.0516439 0.699208 0.0168326 0.0283919 0.36215
0 0.435203 0.988716 0.0113109 0.0211568 0.362067
0 0.0921052 0.0914695 0.0232612 0.0293421 0.361884
0 0.599872 0.258049 0.0192595 0.0316242 0.361763
0 0.855207 0.589238 0.0192364 0.0311938 0.359689
0 0.251568 0.932978 0.0155124 0.028044 0.359514
0 0.620099 0.459912 0.0253412 0.0370304 0.358996
0 0.205026 0.884571 0.0152043 0.0241631 0.357264
0 0.685416 0.551278 0.0257276 0.0322062 0.356959
0 0.870769 0.879913 0.0150568 0.0286431 0.3553
0 0.561156 0.811069 0.0161489 0.0268456 0.355141
0 0.281057 0.833206 0.0184939 0.0275787 0.353109
0 0.303668 0.133026 0.016939 0.0221017 0.35265
0 0.0114611 0.830071 0.0200604 0.0265967 0.352382
0 0.211494 0.627526 0.0185799 0.0282778 0.351071
0 0.267239 0.032652 0.0181588 0.0360501 0.350909
0 0.627626 0.860296 0.0199488 0.027593 0.350088
0 0.531092 0.752813 0.013653 0.0297658 0.349982
0 0.127408 0.277836 0.0199105 0.033138 0.349574
0 0.145242 0.215489 0.0132087 0.0194677 0.347954
0 0.42459 0.830228 0.0197823 0.0358632 0.347547
0 0.349871 0.499762 0.0159313 0.0268462 0.346024
0 0.145203 0.630781 0.01772 0.0363754 0.344594
0 0.37003 0.311648 0.0111387 0.0294452 0.34298
0 0.340108 0.127314 0.0173331 0.0281195 0.342139
0 0.968746 0.855938 0.0166283 0.0278931 0.342124
0 0.383754 0.0921438 0.0150734 0.0315017 0.342039
0 0.129737 0.735168 0.0211719 0.035033 0.341471
0 0.111529 0.93854 0.017114 0.0270101 0.339751
0 0.567566 0.401994 0.0119994 0.0230494 0.339217
0 0.128755 0.196075 0.0113956 0.0237664 0.338466
0 0.625165 0.89563 0.0149914 0.0261944 0.338333
0 0.306733 0.848641 0.0160546 0.0287957 0.337819
0 0.552664 0.896527 0.011662 0.018692 0.337122
0 0.0460274 0.670448 0.0157952 0.0294009 0.334704
0 0.573655 0.151076 0.0194187 0.0342887 0.333305
0 0.240107 0.474146 0.0125718 0.0244097 0.333099
0 0.105171 0.294428 0.0220222 0.0412434 0.331998
0 0.289783 0.198362 0.0152359 0.0258878 0.331601
0 0.778381 0.489785 0.0184485 0.0275626 0.330759
0 0.129053 0.341564 0.0123794 0.0225846 0.329693
0 0.335402 0.0742216 0.0175475 0.0233846 0.327508
0 0.262646 0.380922 0.0150227 0.0267112 0.327107
0 0.44074 0.678228 0.0147668 0.0233643 0.325809
0 0.508564 0.591853 0.0249407 0.0324674 0.324979
0 0.0110237 0.208647 0.0162373 0.0245956 0.324465
0 0.652157 0.406955 0.0175673 0.0281521 0.323795
0 0.228238 0.719687 0.0171585 0.0258531 0.32344
0 0.412678 0.523358 0.0110075 0.0253766 0.323054
0 0.944432 0.168738 0.0165686 0.0329843 0.322492
0 0.817921 0.299285 0.0204218 0.0351835 0.321453
0 0.654746 0.888439 0.0177071 0.0286804 0.32087
0 0.729798 0.983095 0.0179392 0.0312609 0.320143
0 0.195529 0.910889 0.0205776 0.0252972 0.319821
0 0.381432 0.401143 0.0160985 0.0194061 0.318882
0 0.924647 0.482266 0.0129745 0.0265758 0.317246
0 0.528921 0.503036 0.0155544 0.0246683 0.316971
0 0.933288 0.643707 0.0148403 0.0270776 0.316119
0 0.505804 0.714981 0.0194424 0.028635 0.314577
0 0.0774261 0.485432 0.0171881 0.0344452 0.313686
0 0.530145 0.480611 0.0173357 0.0217088 0.313035
0 0.193349 0.174432 0.0124621 0.0257393 0.312691
0 0.291065 0.252793 0.0156723 0.0246595 0.312634
0 0.56531 0.521311 0.0109932 0.0209616 0.307387
0 0.0137926 0.208777 0.015198 0.0232819 0.307349
0 0.326703 0.897892 0.0211748 0.0371958 0.305918
0 0.890101 0.752721 0.021913 0.0345412 0.305464
0 0.805189 0.675266 0.0162699 0.0344596 0.302238
0 0.932934 0.212352 0.0224743 0.0372818 0.3022
0 0.723844 0.55457 0.0173868 0.0254979 0.301383
0 0.134003 0.904854 0.0287428 0.0408244 0.300592
0 0.435378 0.478209 0.0153624 0.0206767 0.297896
0 0.601861 0.957613 0.0204365 0.043029 0.297337
0 0.790757 0.527855 0.0249189 0.0271705 0.295679
0 0.26432 0.963991 0.0161693 0.0288517 0.295289
0 0.228958 0.323097 0.0112499 0.0215533 0.294992
0 0.954991 0.936946 0.0185726 0.0327772 0.292587
0 0.792313 0.784895 0.0206384 0.0297321 0.29248
0 0.344353 0.61406 0.0136125 0.0312332 0.292298
0 0.0688749 0.722898 0.016076 0.0261666 0.291993
0 0.890971 0.930025 0.012468 0.0253418 0.290858
0 0.979075 0.397025 0.0126564 0.0201416 0.290807
0 0.968251 0.650062 0.01908 0.0316196 0.290694
0 0.993574 0.125853 0.0128527 0.0277344 0.290199
0 0.632085 0.935079 0.0185789 0.034668 0.288831
0 0.602242 0.950502 0.0191266 0.0366542 0.284767
0 0.0899678 0.602076 0.0147877 0.0245867 0.28467
0 0.989443 0.272253 0.015416 0.0206936 0.284639
0 0.316427 0.344503 0.0207893 0.030748 0.282612
0 0.961382 0.81145 0.0158592 0.0261976 0.280608
0 0.0706473 0.984943 0.0194038 0.029322 0.279812
0 0.418757 0.240878 0.0149003 0.024852 0.27877
0 0.0527152 0.244374 0.0153747 0.0216425 0.27824
0 0.491285 0.0235175 0.0194626 0.0276531 0.276733
0 0.900236 0.957536 0.0132999 0.0265373 0.276425
0 0.956883 0.254244 0.0107681 0.0334151 0.276086
0 0.510072 0.878989 0.0137863 0.0235956 0.275787
0 0.586815 0.921871 0.0141649 0.0270935 0.275248
0 0.519756 0.0691596 0.0176317 0.0283808 0.274991
0 0.990099 0.906639 0.0174642 0.0257326 0.273687
0 0.893387 0.876015 0.0196266 0.0316932 0.273447
0 0.194041 0.523511 0.0165403 0.0279675 0.273285
0 0.816841 0.355534 0.0200472 0.0364064 0.272518
0 0.86404 0.416142 0.013369 0.0226091 0.269095
0 0.144943 0.808583 0.0156072 0.0269533 0.268878
0 0.352697 0.573126 0.0136563 0.0280531 0.266719
0 0.879412 0.703102 0.0199284 0.0339519 0.266034
0 0.292732 0.887061 0.0221344 0.0362752 0.264518
0 0.672768 0.470014 0.0145741 0.020845 0.263801
0 0.210284 0.988275 0.0183864 0.0223551 0.262705
0 0.20712 0.48461 0.0204077 0.0312052 0.261657
0 0.363467 0.267677 0.0158577 0.027488 0.260654
0 0.35 0.538758 0.0118396 0.0199389 0.259037
0 0.225594 0.71789 0.0174588 0.0271088 0.256537
0 0.134042 0.985514 0.0209021 0.0277962 0.256125
0 0.323501 0.828864 0.0143261 0.0180298 0.255927
0 0.452418 0.824482 0.0144722 0.0245268 0.25394
0 0.0479372 0.923364 0.0180349 0.0276978 0.253715
0 0.368522 0.311614 0.00859467 0.02696 0.253575
0 0.825881 0.822325 0.0127644 0.0314746 0.252495
0 0.890743 0.335247 0.0137896 0.0281995 0.252
0 0.52773 0.856109 0.0107221 0.0218408 0.251782
0 0.848033 0.0238741 0.017617 0.0305461 0.250247
0 0.305838 0.630765 0.0156677 0.0231968 0.24921
0 0.993096 0.234784 0.0138088 0.0424254 0.248777
0 0.33343 0.0207384 0.0139388 0.0233669 0.247376
0 0.173756 0.096919 0.0104322 0.0210842 0.246706
0 0.709268 0.963253 0.0181294 0.028228 0.246323
0 0.852998 0.85522 0.0199829 0.0295892 0.245742
0 0.57864 0.940903 0.0156832 0.0247848 0.24458
0 0.302569 0.905609 0.0158493 0.0258772 0.244037
0 0.0644178 0.77731 0.0191562 0.0257782 0.243577
0 0.884496 0.510257 0.0129826 0.0227532 0.242564
0 0.444788 0.395761 0.0128455 0.0234758 0.242413
0 0.707012 0.307616 0.0179281 0.0237431 0.241149
0 0.309144 0.318696 0.0144384 0.0250817 0.240621
0 0.603142 0.945811 0.0196762 0.0306301 0.240223
0 0.522442 0.274968 0.0139349 0.0191105 0.23986
0 0.182618 0.00639323 0.0192934 0.0127865 0.237756
0 0.589785 0.361634 0.0287955 0.0327192 0.235991
0 0.894372 0.931011 0.00902901 0.0236813 0.235867
0 0.172296 0.249871 0.0184877 0.0307013 0.235545
0 0.282071 0.0243421 0.0150825 0.0326984 0.23508
0 0.231639 0.926371 0.016798 0.028518 0.234885
0 0.518637 0.826594 0.0129507 0.0262448 0.234767
0 0.962017 0.121502 0.0199769 0.0339438 0.234466
0 0.490923 0.264961 0.0162011 0.0244349 0.233849
0 0.99354 0.155797 0.0129197 0.0239051 0.233321
0 0.496412 0.665922 0.011315 0.0213606 0.23299
0 0.354849 0.463517 0.0109806 0.0259697 0.232959
0 0.841584 0.474296 0.0136951 0.021003 0.232406
0 0.968813 0.432596 0.0126709 0.0249222 0.232256
0 0.348252 0.570808 0.0157861 0.0307154 0.231653
0 0.903687 0.697354 0.0217079 0.0336786 0.231548
0 0.179395 0.340861 0.00995636 0.02068 0.230254
0 0.809982 0.747284 0.0141094 0.0248783 0.228917
0 0.905641 0.483921 0.0145767 0.0306613 0.227538
0 0.0657826 0.482771 0.0272151 0.0390218 0.226359
0 0.225219 0.271511 0.0190859 0.0357376 0.226145
0 0.00799628 0.334073 0.0157422 0.0320058 0.224601
0 0.552378 0.776597 0.0196198 0.0264691 0.224105
0 0.172957 0.777525 0.0240476 0.0427348 0.223927
0 0.869952 0.853522 0.0162671 0.0244046 0.223284
0 0.123511 0.656493 0.0183584 0.0343536 0.222226
0 0.165928 0.214719 0.009021 0.0205735 0.222035
0 0.982251 0.901808 0.0187958 0.0330431 0.221764
0 0.787399 0.20567 0.0234584 0.0390251 0.22137
0 0.547364 0.727379 0.0184832 0.0273114 0.221348
0 0.476976 0.60111 0.0113041 0.0239751 0.220291
0 0.564757 0.811733 0.0158333 0.0282277 0.220119
0 0.981617 0.396842 0.0118954 0.020787 0.219592
0 0.54108 0.866476 0.0168839 0.0286384 0.21875
0 0.840318 0.70234 0.0106045 0.0191617 0.216741
0 0.336478 0.316753 0.0165755 0.0336608 0.216449
0 0.387141 0.420278 0.0163637 0.0193453 0.216401
0 0.576688 0.712563 0.017029 0.0279394 0.216321
0 0.391683 0.698921 0.0175514 0.0393317 0.215952
0 0.144444 0.127281 0.0124637 0.02378 0.215877
0 0.193878 0.176495 0.0101878 0.023535 0.215813
0 0.104094 0.879032 0.0284902 0.0407693 0.21556
0 0.00656171 0.616796 0.0131135 0.0294986 0.214974
0 0.406254 0.987493 0.0154697 0.0233495 0.214357
0 0.0521724 0.927959 0.0159111 0.0269553 0.214123
0 0.647074 0.441226 0.00511856 0.0227553 0.213561
0 0.294189 0.155759 0.0175134 0.0261085 0.213412
0 0.319844 0.684021 0.0149565 0.027571 0.213332
0 0.762154 0.714177 0.0114413 0.031053 0.213021
0 0.0435093 0.628016 0.0192816 0.0268411 0.212953
0 0.817255 0.487105 0.0151775 0.0231865 0.211573
0 0.236501 0.580468 0.0247582 0.0386843 0.21118
0 0.0516205 0.302284 0.0170128 0.0240196 0.210658
0 0.127566 0.811328 0.0135703 0.0259182 0.210577
0 0.19239 0.22649 0.0105256 0.0274775 0.210486
0 0.24206 0.245077 0.0168101 0.0239609 0.210473
0 0.77177 0.792427 0.012809 0.0197624 0.209123
0 0.729287 0.687818 0.0170139 0.0250873 0.208582
0 0.754915 0.0564536 0.0179024 0.0326433 0.208339
0 0.174301 0.442759 0.0244864 0.0421105 0.207305
0 0.931258 0.250551 0.0151649 0.0259566 0.206922
0 0.578166 0.715594 0.0159575 0.024529 0.206832
0 0.303123 0.629618 0.014632 0.0228405 0.206743
0 0.236953 0.739331 0.0147108 0.0205251 0.205754
0 0.582007 0.819866 0.0160954 0.0256619 0.205365
0 0.446741 0.14966 0.0143674 0.0220685 0.205244
0 0.867472 0.654327 0.0147577 0.0276986 0.204152
0 0.402009 0.817286 0.0199499 0.0323673 0.202453
0 0.290169 0.691508 0.016454 0.0312068 0.201822
0 0.404754 0.940577 0.0132503 0.0259159 0.199628
0 0.156824 0.156958 0.0147144 0.0234902 0.199617
0 0.937413 0.684982 0.0142445 0.0271787 0.199561
0 0.740062 0.887946 0.0140106 0.026416 0.199286
0 0.193873 0.230607 0.0121166 0.0285991 0.199127
0 0.00430583 0.666649 0.00857562 0.0369236 0.199125
0 0.149653 0.345497 0.0154523 0.0188056 0.199042
0 0.981697 0.304105 0.0146904 0.0272306 0.19854
0 0.807379 0.425084 0.0178272 0.0342609 0.196975
0 0.747154 0.559221 0.0208207 0.0201617 0.196114
0 0.704055 0.899335 0.0149004 0.0269084 0.195577
0 0.899071 0.630611 0.0178194 0.028675 0.195572
0 0.687396 0.639182 0.0171018 0.0334001 0.195055
0 0.505757 0.985946 0.0143211 0.0274845 0.194979
0 0.985876 0.19371 0.0154669 0.0253699 0.194833
0 0.229096 0.856878 0.0119427 0.0238115 0.194414
0 0.607254 0.40221 0.0198266 0.0333416 0.194335
0 0.0417079 0.889697 0.0153576 0.0200216 0.194115
0 0.667543 0.871352 0.0109716 0.0252333 0.193904
0 0.526122 0.752657 0.0182089 0.0344805 0.193711
0 0.25495 0.732142 0.0108836 0.023831 0.193441
0 0.258597 0.731476 0.0101664 0.0262789 0.193303
0 0.601377 0.965562 0.020668 0.029758 0.193113
0 0.91017 0.409902 0.0195797 0.0250843 0.193026
0 0.410839 0.521989 0.0123037 0.0253303 0.192492
0 0.984365 0.0627403 0.0104267 0.025196 0.192337
0 0.604665 0.816841 0.0148753 0.0240628 0.192244
0 0.563061 0.516883 0.011853 0.0246071 0.192191
0 0.308597 0.637569 0.0142464 0.0226471 0.191906
0 0.357712 0.401515 0.0154708 0.0227843 0.191731
0 0.373659 0.791105 0.0154904 0.0226539 0.191407
0 0.126514 0.0387667 0.0197525 0.0364519 0.191156
0 0.16444 0.850605 0.012871 0.0191389 0.191097
0 0.404603 0.815358 0.0148372 0.0345259 0.190309
0 0.520949 0.452583 0.0156542 0.0255608 0.18992
0 0.72769 0.683135 0.018943 0.0283151 0.189451
0 0.333561 0.314067 0.0190139 0.0328264 0.189338
0 0.990747 0.554276 0.0157982 0.0255433 0.189059
0 0.992453 0.908488 0.0133289 0.0245158 0.188678
0 0.568095 0.523044 0.0119951 0.0248033 0.188273
0 0.960996 0.647181 0.0337343 0.0382711 0.187991
0 0.655064 0.405968 0.0237555 0.0308729 0.187644
0 0.651533 0.921567 0.0135626 0.0200138 0.187561
0 0.156869 0.605884 0.0215677 0.033262 0.187445
0 0.426549 0.92353 0.016958 0.0252943 0.187384
0 0.974431 0.947838 0.0162003 0.0271654 0.187231
0 0.766069 0.341765 0.0274164 0.0420613 0.186656
0 0.183037 0.0375269 0.0105999 0.0170866 0.186212
0 0.341012 0.0511658 0.0211676 0.0222067 0.185883
0 0.389304 0.910328 0.00815163 0.0298442 0.185197
0 0.748851 0.977739 0.0159521 0.0333072 0.183939
0 0.680664 0.844798 0.0162863 0.0315828 0.183907
0 0.669221 0.667188 0.0196775 0.0294528 0.183237
0 0.376371 0.368621 0.0140505 0.021906 0.182931
0 0.384075 0.750047 0.013189 0.028254 0.182841
0 0.46565 0.104023 0.0194321 0.0259338 0.182766
0 0.408812 0.519009 0.0150652 0.0255413 0.182287
0 0.353166 0.339831 0.00804119 0.0208337 0.18204
0 0.185394 0.821032 0.0147404 0.0289503 0.182005
0 0.197159 0.0587012 0.0242684 0.0383566 0.18176
0 0.00729349 0.554693 0.011637 0.0228282 0.181353
0 0.451725 0.926131 0.0145939 0.0261217 0.180754
0 0.354416 0.95131 0.0145855 0.0327759 0.180327
0 0.989143 0.622162 0.0207714 0.0268988 0.180271
0 0.190816 0.907019 0.0199811 0.0299204 0.180262
0 0.285778 0.977172 0.0225342 0.0374928 0.179772
0 0.382355 0.403697 0.0180042 0.0197539 0.17859
0 0.191805 0.398124 0.0120708 0.0286399 0.178334
0 0.861349 0.686118 0.0155209 0.0264994 0.178109
0 0.414085 0.198864 0.0230175 0.0290559 0.17801
0 0.782474 0.597445 0.0117958 0.0240323 0.177974
0 0.247927 0.0426578 0.0168789 0.0434795 0.177864
0 0.31195 0.646161 0.0135909 0.0198008 0.177535
0 0.712018 0.618142 0.0104781 0.0291267 0.177396
0 0.154695 0.34652 0.0129308 0.0212805 0.17565
0 0.974351 0.1466 0.0127049 0.0259185 0.174957
0 0.359537 0.310337 0.0163817 0.0233712 0.173932
0 0.634168 0.931705 0.0176439 0.030761 0.173511
0 0.12827 0.0429272 0.0165536 0.0310068 0.173357
0 0.346997 0.91625 0.013936 0.0275469 0.17267
0 0.4485 0.523267 0.01723 0.0251889 0.172486
0 0.72765 0.667916 0.0188024 0.0305247 0.171761
0 0.463853 0.268883 0.0183033 0.0269802 0.171425
0 0.959331 0.734335 0.0205166 0.0326311 0.170599
0 0.356624 0.950174 0.0112805 0.0326803 0.170268
0 0.248287 0.332617 0.0168496 0.0317475 0.169987
0 0.191661 0.82226 0.0185058 0.0343479 0.169306
0 0.128534 0.313708 0.014406 0.0308837 0.169102
0 0.760378 0.71553 0.0115242 0.0270237 0.168356
0 0.715216 0.714353 0.0109216 0.019656 0.167775
0 0.160453 0.0318154 0.0215848 0.0327658 0.166996
0 0.231634 0.82347 0.0111103 0.0221872 0.166638
0 0.842386 0.385398 0.0199028 0.023671 0.166597
0 0.48684 0.689725 0.0152297 0.0174301 0.166316
0 0.128428 0.514702 0.0155031 0.0271065 0.165978
0 0.0558973 0.269967 0.0116301 0.0194856 0.165717
0 0.709304 0.95924 0.0211565 0.0389678 0.165019
0 0.469766 0.853882 0.0171741 0.02484 0.164931
0 0.261759 0.857415 0.0165616 0.0294644 0.164836
0 0.631117 0.728939 0.0117729 0.029283 0.164491
0 0.265251 0.38251 0.0119229 0.0278469 0.163231
0 0.0237261 0.578734 0.00979 0.0282707 0.162991
0 0.941947 0.829296 0.0171757 0.0232632 0.162158
0 0.862324 0.0176084 0.020005 0.0301648 0.162015
0 0.965565 0.0902231 0.0133495 0.0247677 0.1617
0 0.151016 0.260718 0.0188201 0.0325382 0.16148
0 0.851281 0.0202637 0.0193123 0.0358094 0.160614
0 0.154373 0.759264 0.0128626 0.0166097 0.16026
0 0.484766 0.43059 0.0157445 0.0221311 0.160087
0 0.702242 0.666343 0.00717716 0.022807 0.160044
0 0.616001 0.700345 0.0201435 0.0335245 0.159671
0 0.232363 0.616464 0.0134106 0.0183551 0.159275
0 0.466431 0.676483 0.0160362 0.0259562 0.159128
0 0.579279 0.857095 0.0155514 0.022839 0.158907
0 0.892914 0.930645 0.0127533 0.0238983 0.158598
0 0.516919 0.251287 0.0156199 0.0249394 0.158128
0 0.927861 0.33974 0.0214191 0.0362222 0.15799
0 0.229998 0.822049 0.0113432 0.0238251 0.156727
0 0.739464 0.0272107 0.0218143 0.0298431 0.156385
0 0.59285 0.88225 0.0162974 0.0279782 0.156007
0 0.0548899 0.929747 0.0144114 0.0264316 0.155608
0 0.975955 0.749977 0.0133114 0.0194638 0.155252
0 0.226988 0.372359 0.0184142 0.0398226 0.154643
0 0.944692 0.0660601 0.0161514 0.0262218 0.154475
0 0.620401 0.758372 0.011881 0.0247379 0.153526
0 0.345961 0.851845 0.0147282 0.0265869 0.153488
0 0.643061 0.382969 0.0173917 0.0293301 0.153069
0 0.623908 0.445867 0.0299633 0.0465385 0.152974
0 0.435986 0.252738 0.01651 0.0235311 0.151906
0 0.0689044 0.866695 0.0130223 0.0265184 0.151496
0 0.151368 0.92729 0.0165249 0.0307836 0.151414
0 0.871517 0.217575 0.0235989 0.0345799 0.151005
0 0.604205 0.214566 0.0207098 0.0323349 0.150988
0 0.930888 0.644806 0.0186131 0.0287125 0.150499
0 0.0413814 0.206481 0.0243244 0.0333902 0.150152
0 0.750108 0.142629 0.0173073 0.0248302 0.150062
