0 0.00938782 0.177474 0.0187756 0.0356341 0.747363
0 0.023372 0.275887 0.0377027 0.0615238 0.705249
0 0.239778 0.0183427 0.0284138 0.0354393 0.69258
0 0.348837 0.0413326 0.0271253 0.0433828 0.688219
0 0.113972 0.427528 0.0302376 0.0501812 0.685125
0 0.117698 0.0662671 0.0269162 0.0465635 0.674335
0 0.112992 0.842734 0.0250567 0.0405599 0.669559
0 0.0422377 0.199195 0.0280322 0.0469971 0.668324
0 0.349862 0.239494 0.0247931 0.0371557 0.666972
0 0.18152 0.240076 0.020824 0.0368557 0.66432
0 0.074063 0.637664 0.0239162 0.0357502 0.661263
0 0.27073 0.770571 0.023393 0.0389316 0.658733
0 0.0607151 0.153997 0.0175465 0.0271081 0.657265
0 0.298342 0.725142 0.0244548 0.0404438 0.656178
0 0.265145 0.0597685 0.0208484 0.0352107 0.648821
0 0.281821 0.326414 0.0232655 0.0487388 0.64778
0 0.126698 0.772054 0.0232018 0.0395786 0.646576
0 0.194842 0.737136 0.0235994 0.0370073 0.646347
0 0.141171 0.730322 0.0236968 0.0342733 0.645187
0 0.1031 0.886184 0.0206185 0.0339376 0.642672
0 0.079456 0.112627 0.0247911 0.038972 0.640322
0 0.382801 0.172901 0.0202211 0.0342279 0.639281
0 0.363423 0.460879 0.0234964 0.0417221 0.637601
0 0.107311 0.126541 0.0176002 0.0279524 0.636761
0 0.221278 0.092037 0.0212482 0.0379017 0.630104
0 0.439747 0.132217 0.0240189 0.0472351 0.628543
0 0.315991 0.600154 0.0227561 0.0443106 0.627892
0 0.0743395 0.0223552 0.0227246 0.0419709 0.62764
0 0.158591 0.101087 0.0263282 0.0436494 0.626112
0 0.439822 0.0692936 0.0312046 0.0632376 0.625596
0 0.465758 0.12151 0.0233179 0.0417136 0.625594
0 0.262594 0.545497 0.018698 0.0352545 0.62072
0 0.141393 0.446259 0.0180723 0.0440226 0.619273
0 0.0828451 0.319804 0.0190631 0.0377632 0.618443
0 0.263038 0.666505 0.0179717 0.035356 0.616572
0 0.0453187 0.965738 0.0271181 0.0374742 0.616212
0 0.375157 0.218992 0.0181837 0.0332625 0.615598
0 0.469626 0.0640973 0.0218422 0.0362606 0.61434
0 0.138462 0.124489 0.0203493 0.0318317 0.612941
0 0.13988 0.212367 0.0215768 0.0362121 0.612769
0 0.0607728 0.691173 0.0228192 0.0404685 0.611678
0 0.17688 0.0197307 0.02205 0.0379927 0.609796
0 0.0426938 0.673561 0.0186728 0.0344165 0.608076
0 0.052033 0.76251 0.0169918 0.0319603 0.607915
0 0.190595 0.366273 0.0218494 0.0354681 0.602587
0 0.173034 0.537444 0.023623 0.0472483 0.602474
0 0.0581963 0.344131 0.0223142 0.0357637 0.602186
0 0.323043 0.517725 0.030947 0.0571775 0.600553
0 0.202602 0.854879 0.0200517 0.0385509 0.597624
0 0.106442 0.94016 0.0160969 0.0308346 0.59649
0 0.0987643 0.0162921 0.0216951 0.0322745 0.595037
0 0.17288 0.761532 0.0193352 0.0342611 0.594192
0 0.00514829 0.786862 0.0102801 0.0375461 0.593853
0 0.00764688 0.478474 0.0148179 0.027642 0.592886
0 0.3833 0.265328 0.0218011 0.0414964 0.592635
0 0.406614 0.0965299 0.0186249 0.0360022 0.589527
0 0.282077 0.682786 0.0152296 0.0252094 0.58935
0 0.339369 0.361836 0.0212443 0.0452142 0.588935
0 0.121049 0.537048 0.0205457 0.0357123 0.588037
0 0.159787 0.373923 0.016807 0.02783 0.587965
0 0.18337 0.0895841 0.0150641 0.0249435 0.576252
0 0.178943 0.399753 0.0169665 0.0262961 0.57541
0 0.0684377 0.896607 0.0182266 0.0312564 0.575318
0 0.114958 0.710475 0.0183968 0.0305265 0.574688
0 0.286016 0.0977793 0.0191285 0.0339282 0.573421
0 0.00671654 0.419808 0.0134249 0.0342967 0.572504
0 0.252234 0.352734 0.0202195 0.0339772 0.567961
0 0.242082 0.639597 0.0183191 0.0368796 0.567504
0 0.106999 0.803125 0.0186471 0.0298387 0.566901
0 0.191759 0.633444 0.0237636 0.0504086 0.566691
0 0.325223 0.184367 0.0182171 0.0311105 0.565423
0 0.229954 0.233959 0.0218607 0.0432639 0.563584
0 0.305296 0.425544 0.0203849 0.0442418 0.55994
0 0.0613768 0.806295 0.0179287 0.0291178 0.557697
0 0.0747047 0.85642 0.0186373 0.030034 0.557001
0 0.203073 0.0637823 0.0241857 0.0493007 0.556913
0 0.0483389 0.914736 0.0193415 0.0386727 0.556026
0 0.215056 0.3428 0.0145505 0.020802 0.552226
0 0.0185246 0.0684673 0.0147665 0.0204467 0.552012
0 0.101502 0.613313 0.021798 0.0433797 0.550965
0 0.273954 0.239729 0.0155277 0.0282448 0.550731
0 0.155664 0.693268 0.013937 0.030317 0.550256
0 0.0839921 0.943195 0.0153478 0.0279504 0.548808
0 0.26325 0.805262 0.0181885 0.0368022 0.542698
0 0.43423 0.241986 0.0216641 0.0422564 0.541903
0 0.0260543 0.122296 0.0221011 0.0364225 0.537845
0 0.143972 0.495466 0.0146167 0.0265828 0.535222
0 0.207066 0.895715 0.0205664 0.0414181 0.533719
0 0.139705 0.0253715 0.0215335 0.0440899 0.533232
0 0.158964 0.153017 0.0176641 0.027671 0.532557
0 0.179751 0.318227 0.0170929 0.0355515 0.528275
0 0.291159 0.246105 0.0144386 0.0252997 0.527068
0 0.0121538 0.546733 0.0194141 0.0309705 0.526667
0 0.021449 0.952462 0.0165257 0.0274658 0.526266
0 0.277389 0.38826 0.0229993 0.0534165 0.523343
0 0.0194029 0.375543 0.0317356 0.0455734 0.523013
0 0.143474 0.371319 0.014411 0.0334541 0.522809
0 0.126331 0.887563 0.0148206 0.0295559 0.522653
0 0.0884855 0.757003 0.0216551 0.0364774 0.520883
0 0.377697 0.0173615 0.0136018 0.0269461 0.520459
0 0.097038 0.183374 0.0189281 0.0328022 0.519714
0 0.380833 0.0587162 0.0195333 0.0330719 0.515787
0 0.314513 0.329294 0.0185444 0.0335036 0.514338
0 0.273983 0.505226 0.023193 0.0438881 0.506562
0 0.329931 0.263333 0.0183678 0.0296929 0.504286
0 0.322878 0.225645 0.0181232 0.0313242 0.499081
0 0.357488 0.111783 0.0168164 0.0351135 0.498928
0 0.142188 0.540642 0.0132768 0.0244734 0.497473
0 0.220755 0.842532 0.0174403 0.0303877 0.496799
0 0.254536 0.394444 0.0203701 0.0359237 0.496105
0 0.295454 0.061051 0.0151211 0.0234246 0.491221
0 0.0950825 0.687696 0.0138622 0.0287989 0.490066
0 0.01601 0.812612 0.0144271 0.026157 0.486926
0 0.49048 0.022681 0.0260976 0.0446297 0.48579
0 0.355233 0.200141 0.0178297 0.0348606 0.483234
0 0.0279095 0.756217 0.0194215 0.0284949 0.477415
0 0.311087 0.288482 0.0200155 0.0336412 0.476772
0 0.167702 0.65261 0.014782 0.0326592 0.473961
0 0.0830668 0.981504 0.0217575 0.0353825 0.473814
0 0.113069 0.372837 0.0196661 0.034647 0.473759
0 0.211805 0.184868 0.0203289 0.0462771 0.472898
0 0.0636359 0.580949 0.0158212 0.0278066 0.469402
0 0.174504 0.810406 0.0235283 0.042925 0.46626
0 0.0419056 0.813647 0.0157064 0.0264142 0.462839
0 0.0747548 0.551187 0.026518 0.0450354 0.458719
0 0.16882 0.614062 0.0191352 0.0306003 0.458645
0 0.152366 0.793753 0.0146714 0.0277461 0.452928
0 0.0495349 0.636365 0.012988 0.0236357 0.450138
0 0.134947 0.172961 0.0186037 0.0358171 0.43932
0 0.380742 0.0898258 0.0156004 0.0251837 0.438617
0 0.416286 0.328688 0.0177361 0.0313522 0.436582
0 0.142999 0.403225 0.0170693 0.0270816 0.434658
0 0.128837 0.493993 0.0136369 0.0332821 0.426054
0 0.193713 0.126186 0.0132492 0.023726 0.424541
0 0.339199 0.455192 0.0231889 0.0395183 0.417869
0 0.219105 0.547314 0.0140137 0.023483 0.416483
0 0.201917 0.0684947 0.0193906 0.0425265 0.41379
0 0.0392093 0.105531 0.0154124 0.0233781 0.409778
0 0.173567 0.585475 0.0199848 0.0269341 0.409545
0 0.00689764 0.641475 0.0137728 0.031842 0.406884
0 0.232716 0.858474 0.0255855 0.0448985 0.406413
0 0.246623 0.275132 0.0142059 0.0212038 0.405951
0 0.243969 0.718737 0.0223724 0.0418876 0.405711
0 0.15979 0.987869 0.0238455 0.0237004 0.400715
0 0.420308 0.0647271 0.0145912 0.030405 0.397663
0 0.0148709 0.863172 0.0138911 0.0201219 0.39701
0 0.00983579 0.682024 0.0196688 0.0352423 0.396908
0 0.250378 0.604969 0.0253436 0.0409751 0.395891
0 0.287561 0.55733 0.018968 0.0359046 0.391395
0 0.264851 0.0227156 0.0119357 0.0179994 0.390484
0 0.00264823 0.0966931 0.00529646 0.039267 0.389236
0 0.368673 0.118847 0.0175098 0.0347197 0.387197
0 0.1367 0.971635 0.0209497 0.0335813 0.38635
0 0.152766 0.640536 0.0200203 0.0349438 0.381804
0 0.351514 0.151431 0.0200798 0.0350735 0.377349
0 0.0684463 0.931809 0.0158771 0.0289615 0.375843
0 0.00448203 0.937583 0.00893524 0.0195799 0.375723
0 0.0333383 0.595919 0.0144103 0.0282705 0.375335
0 0.293345 0.65605 0.0140617 0.0302553 0.374615
0 0.110759 0.560416 0.0139932 0.0240698 0.374187
0 0.00876648 0.518239 0.0168645 0.0272461 0.374154
0 0.425931 0.0192586 0.0201464 0.0354162 0.373211
0 0.0736684 0.259728 0.0224061 0.0371742 0.372088
0 0.22854 0.597813 0.0139185 0.027073 0.371999
0 0.112049 0.985073 0.0192984 0.0278297 0.359811
0 0.377169 0.339015 0.02315 0.0462388 0.359038
0 0.0611602 0.089808 0.0180266 0.0223491 0.357522
0 0.0312098 0.843263 0.0159014 0.0256985 0.357114
0 0.120945 0.10877 0.0152535 0.0255511 0.356527
0 0.0513825 0.497635 0.0181736 0.0448507 0.356201
0 0.21302 0.619335 0.0162962 0.0324556 0.352746
0 0.00427666 0.581532 0.00847617 0.0360521 0.352433
0 0.18265 0.927053 0.0182958 0.0269491 0.349714
0 0.114916 0.705842 0.020165 0.0389018 0.348599
0 0.361652 0.114466 0.0235781 0.0376343 0.344592
0 0.10413 0.328185 0.0159419 0.031917 0.337146
0 0.221247 0.284977 0.0122636 0.0180273 0.335023
0 0.326192 0.308935 0.0136601 0.0295988 0.333795
0 0.00768748 0.713995 0.0152234 0.0267965 0.332351
0 0.0864706 0.830892 0.0192637 0.0294605 0.33198
0 0.46783 0.0276703 0.0217489 0.0327971 0.327045
0 0.180484 0.902821 0.0264179 0.0551348 0.321326
0 0.221056 0.72682 0.0138981 0.0309967 0.315721
0 0.243661 0.790802 0.0247685 0.0557917 0.31534
0 0.244193 0.530413 0.0173913 0.0289504 0.314806
0 0.19482 0.774798 0.01362 0.0264407 0.310376
0 0.0125633 0.840259 0.0158879 0.0184896 0.302621
0 0.0185827 0.342024 0.0225817 0.0258796 0.296295
0 0.298856 0.517692 0.0163736 0.0347273 0.293478
0 0.397183 0.359243 0.024946 0.0472037 0.292933
0 0.184559 0.891526 0.0198265 0.0351067 0.292755
0 0.284755 0.00585207 0.0183077 0.0117041 0.290684
0 0.38706 0.129017 0.0161604 0.0295947 0.289646
0 0.349582 0.300259 0.0210138 0.0341283 0.289599
0 0.169847 0.583274 0.0231075 0.0302515 0.287733
0 0.15252 0.286909 0.0149683 0.0233453 0.285576
0 0.300674 0.0242286 0.0220938 0.0366978 0.284478
0 0.34979 0.191553 0.0215296 0.0351102 0.284139
0 0.158128 0.645642 0.0238156 0.0357236 0.277014
0 0.0653837 0.437401 0.0221283 0.0396996 0.273752
0 0.0944596 0.393576 0.0151923 0.028361 0.271918
0 0.18136 0.917434 0.0227948 0.0418939 0.269165
0 0.366565 0.114747 0.0215781 0.0373419 0.267033
0 0.0693284 0.54653 0.0236222 0.0388754 0.26225
0 0.35224 0.196385 0.0226509 0.0407163 0.259846
0 0.401772 0.025135 0.0208205 0.0363062 0.258987
0 0.252623 0.137786 0.0115786 0.0162642 0.256356
0 0.217008 0.142144 0.0122116 0.0184255 0.255373
0 0.129408 0.945644 0.0166342 0.0274167 0.255177
0 0.139056 0.821757 0.0191807 0.0354248 0.255016
0 0.359513 0.0724755 0.0119761 0.0218916 0.253115
0 0.271812 0.732437 0.0165118 0.0323941 0.248022
0 0.397813 0.132398 0.01415 0.0246492 0.247696
0 0.296538 0.515382 0.0195184 0.0366867 0.246593
0 0.0378021 0.102121 0.0192812 0.0294264 0.246053
0 0.00233873 0.303878 0.00467351 0.0355526 0.245914
0 0.185893 0.700639 0.0124469 0.0248172 0.244735
0 0.16134 0.433434 0.0149916 0.0214673 0.241934
0 0.356858 0.394501 0.0242693 0.0333831 0.241567
0 0.398058 0.0771036 0.0146598 0.027798 0.236685
0 0.344887 0.186491 0.0156557 0.0279969 0.236289
0 0.35834 0.339737 0.0143229 0.0282495 0.232305
0 0.273519 0.507858 0.01973 0.0356276 0.224244
0 0.0635287 0.492598 0.0283474 0.0477139 0.223792
0 0.230826 0.867306 0.0256077 0.0338928 0.218201
0 0.209204 0.697741 0.0181721 0.0213091 0.217971
0 0.0282964 0.119258 0.0206587 0.0365854 0.217749
0 0.219335 0.579056 0.0186747 0.0282847 0.216497
0 0.217914 0.79281 0.0197 0.0428043 0.21529
0 0.313642 0.0556097 0.0163087 0.0351722 0.214791
0 0.256613 0.10465 0.0175205 0.0304329 0.211456
0 0.0708263 0.93342 0.0182679 0.0320374 0.210992
0 0.322874 0.420568 0.0134356 0.03477 0.207998
0 0.172811 0.61596 0.016125 0.0301181 0.20684
0 0.166993 0.953677 0.0206717 0.0301551 0.206123
0 0.136809 0.818546 0.0211459 0.0331607 0.206034
0 0.124696 0.492911 0.019243 0.0355685 0.203182
0 0.347476 0.148612 0.0264941 0.0377077 0.193067
0 0.157525 0.0579818 0.0169648 0.0299783 0.192803
0 0.0854564 0.752507 0.0270838 0.0444041 0.192573
0 0.0342759 0.531228 0.0156126 0.023476 0.189824
0 0.146838 0.841412 0.0197405 0.0405124 0.188477
0 0.400069 0.134057 0.0147058 0.0217208 0.183036
0 0.212939 0.67364 0.0211539 0.0319032 0.181867
0 0.155498 0.253354 0.0163601 0.0224699 0.181308
0 0.227056 0.595661 0.0174168 0.0305023 0.180245
0 0.0943235 0.387464 0.0158473 0.0401079 0.179451
0 0.116222 0.230791 0.0218834 0.0410537 0.178357
0 0.414892 0.287331 0.0318563 0.0473987 0.177569
0 0.0683517 0.490485 0.0192543 0.0440456 0.177072
0 0.0585469 0.422482 0.0363662 0.0704144 0.176155
0 0.183167 0.89687 0.0223561 0.0447058 0.174634
0 0.00237617 0.238768 0.00474903 0.0355208 0.174463
0 0.0107573 0.52151 0.0199275 0.0302706 0.172112
0 0.119516 0.543928 0.0214276 0.0260425 0.171982
0 0.190934 0.672196 0.0144459 0.020693 0.170391
0 0.116981 0.492148 0.0158702 0.0361577 0.16964
0 0.208165 0.761301 0.0137488 0.0206648 0.168646
0 0.0181314 0.99392 0.0215722 0.0114728 0.168197
0 0.252713 0.600552 0.0216673 0.0368042 0.161758
0 0.196926 0.817705 0.0185853 0.0352467 0.161321
0 0.218546 0.142849 0.0151078 0.0212458 0.160877
0 0.29642 0.607638 0.0189765 0.0453281 0.160519
0 0.0368799 0.728852 0.0162196 0.0247979 0.158562
0 0.247594 0.274394 0.0173898 0.0253005 0.15761
0 0.30403 0.378027 0.014852 0.0300734 0.156373
0 0.151024 0.690407 0.0225008 0.0308298 0.154765
0 0.291519 0.287692 0.0128148 0.0277143 0.154449
0 0.223686 0.500949 0.0206438 0.0354692 0.154013
0 0.170558 0.691844 0.0145924 0.0283707 0.153636
0 0.423152 0.280167 0.0171747 0.0354187 0.152943
0 0.0335912 0.72713 0.0203209 0.026877 0.15261
0 0.181294 0.931153 0.0167687 0.0210633 0.152489
0 0.069481 0.404385 0.0141873 0.023848 0.150018
