0 0.56101 0.908586 0.0901018 0.0402847 0.701982
0 0.837599 0.0139767 0.06087 0.0260906 0.679044
0 0.28534 0.459246 0.0621374 0.0313418 0.674882
0 0.285584 0.563868 0.0489869 0.0221365 0.66785
0 0.545019 0.431602 0.0772559 0.0352282 0.663036
0 0.075228 0.655486 0.0620192 0.0295017 0.66122
0 0.789344 0.0855851 0.0571147 0.0260286 0.657967
0 0.274234 0.53571 0.0416109 0.0180803 0.657643
0 0.90557 0.0942232 0.0624872 0.0286305 0.649853
0 0.278492 0.486365 0.0387142 0.0168627 0.646236
0 0.241453 0.608811 0.0496257 0.0286568 0.645772
0 0.198689 0.637529 0.073649 0.0306113 0.642479
0 0.100098 0.621165 0.0702313 0.0347145 0.640648
0 0.0319315 0.444901 0.0625437 0.0465339 0.622979
0 0.0798848 0.695562 0.052835 0.0218113 0.618671
0 0.233746 0.558305 0.0364458 0.0163524 0.616472
0 0.28334 0.509596 0.03801 0.0172392 0.61602
0 0.854501 0.0808346 0.0411713 0.0184785 0.61121
0 0.1538 0.512574 0.0530001 0.023558 0.606305
0 0.138546 0.708348 0.0507473 0.0230381 0.592941
0 0.256583 0.583579 0.0431085 0.0167661 0.584343
0 0.420378 0.917393 0.042357 0.0185467 0.574302
0 0.741327 0.765429 0.0533247 0.0196836 0.560225
0 0.672781 0.0903888 0.0683023 0.0330022 0.546706
0 0.307643 0.384769 0.0407768 0.0200113 0.539091
0 0.0439238 0.334985 0.0463798 0.0230897 0.515572
0 0.634334 0.600565 0.0774892 0.0328962 0.502291
0 0.249307 0.339483 0.0365896 0.0186427 0.48945
0 0.789039 0.113724 0.0618126 0.0254538 0.473197
0 0.482629 0.933554 0.0382611 0.019162 0.463969
0 0.638498 0.750964 0.0387255 0.0176989 0.453837
0 0.157083 0.687125 0.056206 0.0199983 0.448508
0 0.0296738 0.680499 0.0492772 0.0182567 0.426665
0 0.932817 0.0759616 0.0430794 0.0151845 0.414928
0 0.410124 0.608313 0.0376196 0.0173199 0.394484
0 0.125376 0.667431 0.0520594 0.0258705 0.394087
0 0.206281 0.445146 0.0697257 0.0308864 0.393543
0 0.743918 0.103327 0.0372962 0.016225 0.389083
0 0.0422206 0.613957 0.0513792 0.0228283 0.373662
0 0.853316 0.133357 0.0869346 0.0338757 0.363252
0 0.295487 0.428975 0.0498201 0.0238197 0.360902
0 0.011027 0.629343 0.0220541 0.0198888 0.358577
0 0.438227 0.635019 0.0434033 0.0186016 0.353156
0 0.0454337 0.610298 0.0539275 0.0294111 0.350257
0 0.845742 0.108386 0.0551075 0.0222989 0.349572
0 0.191401 0.606207 0.0469761 0.0209778 0.338143
0 0.104975 0.535173 0.0627276 0.0252958 0.318941
0 0.172277 0.984367 0.0353205 0.014629 0.310105
0 0.322975 0.636227 0.0548461 0.0267215 0.297788
0 0.178542 0.560188 0.0374527 0.0176245 0.272802
0 0.0375135 0.616648 0.0494042 0.0211746 0.267569
0 0.0610303 0.58161 0.0558038 0.0238573 0.260994
0 0.170015 0.240039 0.0620847 0.0320317 0.260457
0 0.205017 0.586202 0.0358272 0.0145288 0.259508
0 0.3964 0.991987 0.0282613 0.0159149 0.247853
0 0.263434 0.401332 0.0372299 0.0206095 0.246388
0 0.950453 0.99704 0.0921746 0.00591984 0.243932
0 0.459516 0.844593 0.0448562 0.0194149 0.2429
0 0.436677 0.944711 0.0505158 0.0215022 0.236538
0 0.845047 0.111909 0.0596773 0.0294335 0.228912
0 0.309993 0.343734 0.0440134 0.0170474 0.225918
0 0.0402602 0.99076 0.0490453 0.0184793 0.212108
0 0.183766 0.538359 0.0447992 0.0180079 0.201112
0 0.851006 0.125113 0.0840571 0.0494559 0.186595
0 0.541003 0.972012 0.0497715 0.0232655 0.182749
0 0.219004 0.447662 0.0560051 0.0316467 0.180184
0 0.0787115 0.561387 0.0651814 0.0303854 0.177337
0 0.334623 0.608973 0.031326 0.0160723 0.161054
0 0.38616 0.843709 0.0357238 0.0183386 0.16099
0 0.435803 0.948078 0.0537398 0.0293017 0.158429
0 0.864802 0.133667 0.0658858 0.0320281 0.157777
0 0.355979 0.624962 0.0288609 0.0134864 0.151008
