0 0.85147 0.486732 0.0280655 0.0586652 0.706932
0 0.765144 0.833656 0.0237639 0.0298035 0.704379
0 0.249776 0.0672692 0.025884 0.0419482 0.693316
0 0.695942 0.4591 0.0179182 0.0408377 0.693214
0 0.684403 0.267698 0.0238866 0.0424954 0.691392
0 0.757284 0.585528 0.0243085 0.0486139 0.691248
0 0.970509 0.822416 0.0240726 0.0453322 0.689915
0 0.906545 0.514744 0.0327267 0.0547746 0.689403
0 0.188254 0.952651 0.0188818 0.0383805 0.688187
0 0.939987 0.553645 0.03092 0.0566614 0.687131
0 0.939775 0.75844 0.0314842 0.053165 0.683856
0 0.14254 0.59923 0.0205273 0.0343604 0.681379
0 0.529131 0.806869 0.0230717 0.0328403 0.677462
0 0.893039 0.651836 0.0231926 0.0404412 0.673031
0 0.0905133 0.696 0.0236258 0.0394063 0.671886
0 0.967122 0.691895 0.0212517 0.0325755 0.671716
0 0.181764 0.876275 0.0206033 0.0341763 0.670776
0 0.0298068 0.841382 0.0215105 0.041077 0.670503
0 0.0700812 0.730428 0.0164526 0.0304121 0.668161
0 0.622527 0.192432 0.0241255 0.0375981 0.666442
0 0.886557 0.979095 0.0219902 0.0383792 0.666227
0 0.896478 0.379648 0.02393 0.043011 0.660619
0 0.97921 0.450436 0.0239811 0.0553285 0.659433
0 0.843182 0.703252 0.0203112 0.0299238 0.658682
0 0.540423 0.432198 0.0195397 0.0314997 0.658323
0 0.377223 0.909168 0.0255215 0.0375088 0.658255
0 0.991933 0.746353 0.0161338 0.0399563 0.655828
0 0.796088 0.578783 0.0239512 0.0344716 0.655013
0 0.337828 0.12316 0.0183581 0.03591 0.654984
0 0.37521 0.311443 0.0199187 0.0340697 0.653101
0 0.47104 0.807436 0.0236275 0.0381497 0.652937
0 0.0780038 0.891571 0.0182151 0.0319204 0.652066
0 0.59528 0.662939 0.0230873 0.0316538 0.651359
0 0.498425 0.241053 0.0177816 0.0332252 0.651227
0 0.447516 0.0994652 0.0195558 0.029758 0.64952
0 0.819424 0.853989 0.0189724 0.0295056 0.649466
0 0.347882 0.271836 0.0209261 0.0368536 0.648064
0 0.950201 0.236698 0.0196636 0.0397724 0.64744
0 0.991543 0.617788 0.0169132 0.0372654 0.646377
0 0.620214 0.663637 0.0219255 0.0407228 0.645603
0 0.404744 0.712569 0.0230089 0.0417979 0.645477
0 0.735525 0.601084 0.0169139 0.026003 0.643329
0 0.417691 0.10515 0.0226249 0.0338053 0.642842
0 0.632673 0.298457 0.0198807 0.043606 0.641186
0 0.929947 0.309885 0.0192736 0.0294326 0.637815
0 0.392064 0.77621 0.0224274 0.0332776 0.636785
0 0.306066 0.127974 0.0214559 0.0381754 0.636685
0 0.245955 0.630784 0.0179358 0.035306 0.636305
0 0.20523 0.280378 0.0195926 0.0312825 0.635456
0 0.445669 0.957084 0.0204873 0.0353691 0.634815
0 0.667187 0.242523 0.0190206 0.0329778 0.634589
0 0.86395 0.649286 0.0230995 0.035999 0.633543
0 0.204789 0.0437911 0.0198192 0.0322593 0.632868
0 0.303082 0.590916 0.0202559 0.0340107 0.631887
0 0.445146 0.864439 0.0156832 0.0296278 0.630169
0 0.663161 0.454995 0.0184433 0.0383143 0.629563
0 0.250414 0.372494 0.0208945 0.0330829 0.625942
0 0.356916 0.623383 0.0188118 0.0306466 0.62534
0 0.796615 0.723786 0.0260354 0.0510878 0.624229
0 0.751055 0.130038 0.0155199 0.0309361 0.623101
0 0.779906 0.3617 0.0191783 0.032225 0.622723
0 0.992041 0.796759 0.0159172 0.0372477 0.622375
0 0.0118921 0.074466 0.0225375 0.0366945 0.622128
0 0.653041 0.671097 0.0209117 0.0329385 0.618335
0 0.171037 0.271176 0.0184034 0.0288038 0.616549
0 0.774392 0.931036 0.019038 0.0316284 0.615763
0 0.0656017 0.4482 0.0141524 0.0294605 0.611782
0 0.511462 0.486461 0.0267162 0.0410127 0.609695
0 0.123932 0.977173 0.0233435 0.0417584 0.60961
0 0.295645 0.299954 0.0235697 0.0420734 0.609113
0 0.264234 0.204137 0.0208656 0.0474842 0.607922
0 0.278562 0.07377 0.0177994 0.0300054 0.607553
0 0.193515 0.806702 0.0157063 0.0317237 0.606531
0 0.462278 0.882352 0.0137108 0.0269836 0.605961
0 0.275301 0.60195 0.0200339 0.0364358 0.605423
0 0.718913 0.586574 0.0156114 0.0316329 0.604349
0 0.488934 0.763775 0.0202641 0.032516 0.604099
0 0.683826 0.743872 0.0208244 0.0357507 0.602048
0 0.556847 0.352832 0.0198914 0.0317632 0.601278
0 0.403925 0.0737623 0.0215712 0.0331651 0.600758
0 0.0695265 0.849743 0.0183988 0.0287584 0.600651
0 0.444607 0.91245 0.018549 0.031904 0.599474
0 0.476179 0.59585 0.0250811 0.0384515 0.59934
0 0.600817 0.263362 0.0217295 0.0329826 0.598088
0 0.156917 0.181821 0.0276977 0.0554558 0.597657
0 0.520391 0.975084 0.0199233 0.0344432 0.597088
0 0.942427 0.805861 0.0230858 0.0308165 0.596076
0 0.676528 0.0382347 0.0156522 0.0332637 0.595713
0 0.746947 0.871619 0.0191526 0.0344486 0.595337
0 0.459012 0.760904 0.0229662 0.0346503 0.593806
0 0.107089 0.154938 0.0161964 0.0247511 0.591049
0 0.571977 0.979227 0.022847 0.0383474 0.590695
0 0.954701 0.885249 0.0183527 0.028398 0.589917
0 0.614873 0.416292 0.017894 0.0292052 0.589636
0 0.210867 0.336226 0.0209085 0.0398316 0.589516
0 0.790003 0.236271 0.016226 0.026456 0.588989
0 0.0189121 0.962816 0.0161919 0.0255232 0.588919
0 0.691579 0.317973 0.0178812 0.0262359 0.588796
0 0.703026 0.765328 0.0181773 0.0297434 0.588406
0 0.0828742 0.262426 0.0223365 0.0278244 0.585825
0 0.781431 0.976081 0.0228881 0.04443 0.585396
0 0.418499 0.559936 0.0299496 0.0573296 0.585087
0 0.816966 0.931643 0.0160427 0.0283841 0.584274
0 0.452839 0.649067 0.0206324 0.0376439 0.583756
0 0.389063 0.621617 0.0257455 0.0421794 0.583096
0 0.602319 0.0900029 0.0209705 0.0257697 0.580585
0 0.487334 0.663441 0.0187857 0.0284051 0.580073
0 0.559393 0.166942 0.0203652 0.030518 0.579896
0 0.59409 0.428616 0.0171257 0.0322737 0.578444
0 0.178855 0.779229 0.0146069 0.0279134 0.576811
0 0.291738 0.403996 0.0206226 0.0396483 0.57538
0 0.877303 0.612715 0.0144137 0.0239212 0.575205
0 0.672216 0.0900774 0.0131705 0.0242754 0.575019
0 0.867367 0.434175 0.0213261 0.0330357 0.574974
0 0.419595 0.872772 0.0143198 0.0284732 0.574607
0 0.02013 0.896451 0.0230759 0.0320094 0.574519
0 0.736854 0.247395 0.0163459 0.0282778 0.573858
0 0.0438679 0.738827 0.0152152 0.0271313 0.573613
0 0.345493 0.324214 0.0287536 0.0402587 0.573004
0 0.664002 0.96753 0.0193467 0.0403645 0.572626
0 0.392004 0.033037 0.0187607 0.0332021 0.57195
0 0.902453 0.300086 0.0167866 0.0264845 0.571826
0 0.791385 0.806573 0.0144055 0.026513 0.57131
0 0.737837 0.3862 0.017477 0.0345244 0.56909
0 0.02414 0.516241 0.015601 0.0250453 0.568996
0 0.417723 0.791875 0.0171421 0.0296546 0.568778
0 0.854399 0.875753 0.0159821 0.0254595 0.567691
0 0.810065 0.382374 0.018615 0.0294817 0.565553
0 0.581288 0.211216 0.0211073 0.0379091 0.563386
0 0.0557191 0.604529 0.0230736 0.0422689 0.562896
0 0.713959 0.240908 0.0172583 0.0296217 0.562819
0 0.490951 0.123888 0.01933 0.0404888 0.561695
0 0.805488 0.541842 0.0147213 0.0309192 0.560069
0 0.111325 0.1236 0.0157069 0.0234383 0.55976
0 0.640307 0.863041 0.0200657 0.0332601 0.559131
0 0.576526 0.121149 0.016803 0.0304429 0.558651
0 0.488568 0.727101 0.0154755 0.0281182 0.557594
0 0.0996203 0.049227 0.0253211 0.0428678 0.55537
0 0.243952 0.326677 0.016317 0.0320424 0.554344
0 0.82275 0.201078 0.0171566 0.0263721 0.552964
0 0.390295 0.1099 0.0163145 0.0258078 0.550849
0 0.960093 0.407106 0.0149483 0.0269796 0.550256
0 0.248957 0.0183103 0.020706 0.032438 0.547903
0 0.10468 0.908614 0.0226622 0.0399146 0.547761
0 0.369435 0.358786 0.0143148 0.0266782 0.547653
0 0.403846 0.247234 0.0160377 0.0301857 0.546238
0 0.885862 0.311605 0.0133327 0.0270147 0.545807
0 0.265689 0.97178 0.0164649 0.0276262 0.545671
0 0.549644 0.983662 0.0166849 0.0307794 0.545023
0 0.704832 0.282289 0.0196894 0.0401478 0.544798
0 0.988858 0.579036 0.0220753 0.035703 0.544484
0 0.267361 0.292901 0.0220335 0.0335422 0.543314
0 0.976519 0.126546 0.0146083 0.0285188 0.54207
0 0.602018 0.150179 0.0219679 0.0344972 0.540808
0 0.580194 0.344554 0.0174028 0.0395821 0.538212
0 0.021301 0.713934 0.0145962 0.0212728 0.538097
0 0.872578 0.39715 0.0181358 0.0268319 0.536917
0 0.93155 0.978638 0.0227913 0.0416642 0.536557
0 0.00606752 0.631001 0.012135 0.0206438 0.535789
0 0.353002 0.465185 0.0255849 0.0409477 0.5357
0 0.0802299 0.108592 0.0184912 0.0286627 0.535008
0 0.990729 0.906321 0.0184442 0.0306281 0.5346
0 0.0524121 0.202024 0.0206632 0.0372529 0.534255
0 0.635407 0.450884 0.0219574 0.0307471 0.534003
0 0.942597 0.842277 0.0241278 0.0424435 0.53258
0 0.650212 0.235514 0.0140648 0.0207807 0.529582
0 0.817689 0.15426 0.0210335 0.0443246 0.528873
0 0.442902 0.824044 0.0197758 0.0378801 0.526866
0 0.14469 0.93651 0.0195176 0.0347517 0.526065
0 0.332994 0.730591 0.0147428 0.0241241 0.524896
0 0.853391 0.816876 0.0147013 0.0231549 0.523876
0 0.327469 0.0397445 0.0140104 0.0271424 0.523581
0 0.509784 0.83844 0.0149667 0.0297506 0.521983
0 0.432036 0.389853 0.0220263 0.0461227 0.521058
0 0.712934 0.32824 0.0176413 0.0269108 0.520173
0 0.58346 0.527116 0.0206629 0.032025 0.518847
0 0.657131 0.800821 0.0301562 0.0460559 0.51781
0 0.723219 0.827363 0.0166479 0.0390811 0.51744
0 0.700204 0.620756 0.0211194 0.0344868 0.516266
0 0.00401955 0.737545 0.0080391 0.0386068 0.515747
0 0.890848 0.0176921 0.0181507 0.0349931 0.514682
0 0.217856 0.946561 0.0145808 0.0283795 0.514569
0 0.183456 0.0869962 0.0219617 0.032231 0.514184
0 0.5832 0.0503051 0.016375 0.0297388 0.513892
0 0.468693 0.191516 0.0209069 0.0420272 0.513361
0 0.270648 0.25147 0.0184225 0.0257382 0.512615
0 0.00475764 0.981754 0.00946374 0.0305056 0.509263
0 0.366978 0.0293465 0.0231082 0.0404965 0.507987
0 0.471791 0.147973 0.0164411 0.0308223 0.50694
0 0.963313 0.164435 0.0217363 0.0390755 0.50329
0 0.680656 0.391236 0.02244 0.0351342 0.501763
0 0.66351 0.190201 0.0225245 0.051145 0.501605
0 0.599499 0.0341002 0.0135804 0.0242106 0.501583
0 0.0659627 0.489321 0.0134751 0.0236212 0.50157
0 0.235008 0.519557 0.019304 0.0344442 0.501004
0 0.205165 0.494779 0.0151759 0.0247491 0.499959
0 0.612054 0.465318 0.01682 0.0294381 0.499314
0 0.128297 0.653786 0.0126652 0.0221802 0.498294
0 0.0795938 0.0725363 0.0192609 0.0336773 0.49796
0 0.375788 0.565385 0.0164534 0.0231714 0.497456
0 0.74589 0.549845 0.020076 0.0306766 0.49634
0 0.196868 0.244781 0.0220112 0.0239944 0.494135
0 0.181501 0.139772 0.0248654 0.0486315 0.493969
0 0.0436639 0.441262 0.018317 0.028655 0.491307
0 0.239893 0.205039 0.020379 0.0362185 0.490455
0 0.566539 0.777573 0.0195641 0.0313134 0.489687
0 0.806519 0.895111 0.0159321 0.0264745 0.489594
0 0.682133 0.180429 0.0140757 0.0281783 0.486206
0 0.329344 0.074617 0.0156159 0.0292849 0.486202
0 0.648883 0.570726 0.0210739 0.0270983 0.485329
0 0.148821 0.0957639 0.0332883 0.0339032 0.482731
0 0.495959 0.392021 0.0205959 0.0366433 0.48095
0 0.282709 0.019739 0.0259727 0.038516 0.479366
0 0.522345 0.671818 0.0212334 0.0330237 0.478244
0 0.377633 0.990093 0.0209168 0.0195984 0.476927
0 0.369251 0.596096 0.0137302 0.024529 0.476031
0 0.76622 0.893898 0.0192793 0.0330282 0.475306
0 0.248757 0.552064 0.0153082 0.028986 0.473501
0 0.477183 0.696188 0.0130321 0.0226982 0.471906
0 0.813533 0.323418 0.0197712 0.0267042 0.471449
0 0.76131 0.515721 0.0166126 0.0286022 0.470232
0 0.329152 0.461344 0.0189898 0.0392519 0.469178
0 0.635431 0.989033 0.0233061 0.0216905 0.468497
0 0.881222 0.341137 0.0164242 0.026552 0.468457
0 0.660396 0.282416 0.0193181 0.025924 0.466695
0 0.873957 0.908081 0.0173676 0.0287676 0.46596
0 0.843098 0.0663946 0.0194508 0.0246444 0.462678
0 0.380039 0.388688 0.0202485 0.0359684 0.462662
0 0.93404 0.0947035 0.01199 0.028104 0.459803
0 0.964681 0.57218 0.0199871 0.036761 0.459791
0 0.425178 0.282546 0.0158442 0.0290062 0.458717
0 0.902911 0.187059 0.0133373 0.0201541 0.457653
0 0.797754 0.451666 0.0162326 0.0274231 0.456959
0 0.705034 0.87394 0.0185785 0.0289698 0.456637
0 0.0586843 0.311683 0.0147204 0.0233735 0.456483
0 0.44506 0.0332562 0.0166475 0.0307738 0.4556
0 0.992161 0.12308 0.0156782 0.0330011 0.45241
0 0.324655 0.403435 0.0199609 0.0291868 0.451066
0 0.64146 0.344786 0.0179485 0.0351413 0.448249
0 0.156085 0.835554 0.0192387 0.0367622 0.446878
0 0.604839 0.496075 0.0209899 0.0281511 0.446787
0 0.224186 0.0885085 0.018745 0.0315994 0.443314
0 0.667426 0.762662 0.020089 0.0301305 0.442716
0 0.145988 0.118629 0.0237837 0.0272108 0.442527
0 0.753649 0.943915 0.0204383 0.0420933 0.442347
0 0.291674 0.462373 0.0256758 0.0360353 0.439651
0 0.651411 0.407725 0.0194042 0.0298809 0.437997
0 0.772715 0.248115 0.0143665 0.0227911 0.437838
0 0.597889 0.565582 0.0178125 0.0324563 0.437293
0 0.178884 0.483533 0.0161442 0.0262517 0.436912
0 0.350889 0.166914 0.0193394 0.0380713 0.434932
0 0.920023 0.399291 0.0134076 0.0174254 0.430759
0 0.0304008 0.335479 0.0119738 0.021975 0.427537
0 0.0709259 0.226641 0.0133816 0.0277857 0.426931
0 0.217195 0.564752 0.0149323 0.0275505 0.424488
0 0.518907 0.240824 0.018709 0.0410011 0.42432
0 0.0420569 0.396686 0.0197689 0.031317 0.423734
0 0.425984 0.0639724 0.0174971 0.0216934 0.422174
0 0.104728 0.514963 0.0207475 0.0403437 0.419349
0 0.386079 0.239071 0.0205188 0.0365822 0.417444
0 0.441383 0.909977 0.023538 0.0356574 0.416784
0 0.011387 0.016971 0.0226997 0.033879 0.414201
0 0.148007 0.105356 0.0300268 0.0500101 0.412438
0 0.192498 0.187943 0.0158897 0.030668 0.411435
0 0.758565 0.353627 0.0172205 0.0303996 0.411233
0 0.275474 0.428616 0.0130017 0.0246406 0.408697
0 0.0357784 0.701188 0.0108177 0.0245609 0.408167
0 0.634112 0.55266 0.0170329 0.0312403 0.407671
0 0.50614 0.836878 0.0215643 0.0330594 0.405939
0 0.284218 0.644906 0.0234163 0.0267228 0.40492
0 0.218263 0.22819 0.0172483 0.0252237 0.402981
0 0.857243 0.148278 0.0139637 0.0356277 0.399608
0 0.482743 0.0220551 0.0179262 0.0299823 0.399423
0 0.790471 0.0229507 0.0163799 0.0307683 0.398993
0 0.215465 0.790583 0.0197298 0.0377301 0.395392
0 0.989978 0.393459 0.0200443 0.0631456 0.394194
0 0.533185 0.35183 0.0136131 0.0271044 0.393455
0 0.71634 0.175971 0.0178752 0.0323724 0.390617
0 0.455475 0.65561 0.0207155 0.0294164 0.389467
0 0.115061 0.673852 0.0132519 0.0224031 0.388766
0 0.446513 0.553614 0.019949 0.0337656 0.38697
0 0.304182 0.635773 0.0109508 0.0200342 0.386466
0 0.844009 0.397577 0.0226231 0.0439017 0.38456
0 0.11777 0.565528 0.0170915 0.0267073 0.384237
0 0.026788 0.125244 0.0197785 0.0321588 0.384172
0 0.823929 0.24797 0.0235859 0.0419851 0.384053
0 0.513361 0.748494 0.0173825 0.0302815 0.383749
0 0.991043 0.259169 0.017915 0.0340624 0.382787
0 0.484077 0.0750664 0.0159957 0.0277433 0.380562
0 0.676049 0.911554 0.018324 0.0370565 0.379291
0 0.553985 0.641537 0.0265163 0.0439794 0.379102
0 0.419076 0.631656 0.0210364 0.0301132 0.378185
0 0.308355 0.0411006 0.0207026 0.0353049 0.376571
0 0.665853 0.203155 0.0183419 0.0308105 0.376096
0 0.900218 0.0712317 0.0290958 0.0413934 0.374899
0 0.262594 0.742812 0.0183819 0.0284319 0.374629
0 0.845761 0.0159818 0.0190136 0.0299131 0.374398
0 0.204882 0.109036 0.0145322 0.0307166 0.373649
0 0.503866 0.167183 0.0174088 0.032647 0.373182
0 0.790032 0.506395 0.0207825 0.0304921 0.371462
0 0.545918 0.223361 0.0209948 0.0364868 0.369862
0 0.0264298 0.189492 0.0173335 0.0327841 0.368348
0 0.989418 0.383814 0.0207088 0.0457507 0.367868
0 0.504581 0.608341 0.0189356 0.0318954 0.367567
0 0.57397 0.425672 0.0163382 0.0324422 0.367009
0 0.440516 0.756367 0.0165012 0.0374491 0.366419
0 0.0730407 0.521152 0.0146094 0.025333 0.363259
0 0.455847 0.00761673 0.0201785 0.0152335 0.362793
0 0.936119 0.420885 0.0125019 0.0194195 0.3607
0 0.517122 0.440502 0.0181192 0.0303207 0.35983
0 0.933626 0.141245 0.0189468 0.0313197 0.359068
0 0.241675 0.267323 0.011133 0.0253059 0.356829
0 0.964143 0.654214 0.0125629 0.0202488 0.353591
0 0.557864 0.485607 0.0324713 0.0479126 0.349642
0 0.247303 0.241196 0.0132178 0.0226513 0.347793
0 0.0175978 0.381596 0.0158251 0.0278836 0.345536
0 0.322252 0.292277 0.0226728 0.0365893 0.343139
0 0.0505061 0.553213 0.0190605 0.0360068 0.342963
0 0.16268 0.0453385 0.0151832 0.0343547 0.341943
0 0.564006 0.590319 0.0142939 0.0256219 0.341308
0 0.920546 0.0489215 0.0180023 0.031008 0.340037
0 0.996318 0.705033 0.00736313 0.0368278 0.339775
0 0.46899 0.336528 0.0225843 0.038763 0.339429
0 0.574142 0.670447 0.013645 0.019924 0.336692
0 0.645475 0.00780013 0.0181668 0.0151773 0.334314
0 0.285028 0.236291 0.0102985 0.024786 0.333668
0 0.162301 0.573196 0.0203919 0.0385635 0.332734
0 0.420665 0.464695 0.0219023 0.03633 0.33162
0 0.398169 0.670957 0.0238951 0.0318899 0.330727
0 0.816939 0.451799 0.0152172 0.0252714 0.328857
0 0.131882 0.698231 0.0139409 0.0255093 0.32817
0 0.991952 0.541191 0.0160956 0.0339657 0.326982
0 0.308684 0.0745877 0.0150906 0.023003 0.324417
0 0.212105 0.742207 0.0163256 0.0319744 0.323233
0 0.533282 0.578616 0.0246424 0.0454485 0.321488
0 0.72779 0.7359 0.0209833 0.0308499 0.320946
0 0.548063 0.0591505 0.0159561 0.0295027 0.320889
0 0.908948 0.954741 0.028019 0.0396786 0.319471
0 0.720956 0.823506 0.020504 0.0443088 0.317878
0 0.629527 0.734664 0.0350053 0.049841 0.317385
0 0.943018 0.279661 0.0169941 0.0319353 0.317147
0 0.955271 0.854988 0.0171883 0.0250418 0.316454
0 0.806357 0.111077 0.0165082 0.0258967 0.316313
0 0.82285 0.889282 0.0133648 0.0217955 0.315059
0 0.824659 0.0595773 0.0145816 0.0240324 0.31482
0 0.776304 0.293666 0.0135294 0.0287411 0.314816
0 0.0462164 0.807565 0.0138788 0.019553 0.314781
0 0.804925 0.106442 0.0183898 0.0353305 0.314726
0 0.282966 0.787913 0.0126627 0.0236769 0.313989
0 0.381341 0.869906 0.0168531 0.0272356 0.312333
0 0.35303 0.884487 0.0160411 0.0260337 0.311475
0 0.345453 0.0484264 0.013399 0.0363436 0.311162
0 0.695574 0.652548 0.0217993 0.0269721 0.310494
0 0.967177 0.541277 0.0184586 0.0295553 0.310464
0 0.966439 0.916883 0.0172474 0.0232842 0.310079
0 0.729801 0.154925 0.019677 0.0390701 0.309832
0 0.868796 0.282959 0.0114849 0.0198309 0.307099
0 0.990289 0.156133 0.0165231 0.0237379 0.306576
0 0.425756 0.67455 0.0173611 0.0285497 0.306327
0 0.0822078 0.145791 0.0176033 0.023273 0.305725
0 0.429387 0.165073 0.0196361 0.0354675 0.305659
0 0.839777 0.352058 0.022081 0.030457 0.302644
0 0.244984 0.919706 0.0182848 0.0329071 0.301893
0 0.860764 0.0462584 0.0162281 0.0244169 0.299826
0 0.551402 0.836124 0.0181918 0.0360765 0.299564
0 0.00771039 0.268938 0.0153128 0.0322158 0.299271
0 0.852542 0.622245 0.0211128 0.0255486 0.299049
0 0.84801 0.203726 0.0177704 0.0193566 0.295149
0 0.527419 0.0712995 0.0157799 0.0315084 0.294366
0 0.982168 0.0922825 0.0178669 0.0353046 0.293185
0 0.312795 0.522428 0.018635 0.0365655 0.292577
0 0.985386 0.0937762 0.0175268 0.0314109 0.290904
0 0.0363424 0.958759 0.0138486 0.0224259 0.290014
0 0.543043 0.9569 0.0176778 0.0236505 0.2896
0 0.69382 0.217362 0.0212385 0.0294313 0.289418
0 0.33722 0.909862 0.0248738 0.0467873 0.2888
0 0.510278 0.20346 0.0163103 0.0254773 0.287461
0 0.516209 0.306033 0.017063 0.0377062 0.281872
0 0.661541 0.330426 0.019653 0.038561 0.281588
0 0.102326 0.0954358 0.0147756 0.0184922 0.277695
0 0.360929 0.0741844 0.0162282 0.0198316 0.277238
0 0.994893 0.41548 0.0102137 0.0367744 0.276448
0 0.501563 0.608971 0.0228266 0.0358498 0.276404
0 0.133664 0.0597034 0.0196008 0.031076 0.275736
0 0.59043 0.701275 0.0195463 0.0347565 0.27569
0 0.862907 0.0933089 0.0275549 0.0383655 0.275601
0 0.694498 0.942806 0.0149349 0.0242356 0.271384
0 0.350134 0.800407 0.0199001 0.0362053 0.26728
0 0.492871 0.527619 0.0156967 0.0297915 0.266417
0 0.538446 0.0988555 0.011269 0.0204926 0.2654
0 0.877855 0.103331 0.0163284 0.0357387 0.264976
0 0.472914 0.725004 0.0117031 0.0265995 0.262926
0 0.372294 0.157561 0.0122765 0.0284941 0.255571
0 0.209558 0.88006 0.0165925 0.0291106 0.253903
0 0.254255 0.70221 0.0166904 0.0283259 0.25353
0 0.931905 0.261552 0.0221472 0.0498203 0.25279
0 0.410183 0.410334 0.0244369 0.0369015 0.252042
0 0.802332 0.0987274 0.0222124 0.0456447 0.250816
0 0.508698 0.774997 0.0134741 0.0147708 0.250485
0 0.420262 0.51087 0.0149703 0.0254415 0.248851
0 0.154716 0.991701 0.0185664 0.0161991 0.248851
0 0.459516 0.398479 0.0208864 0.0321589 0.248502
0 0.470796 0.337218 0.0273168 0.0460103 0.247477
0 0.271266 0.540085 0.0130195 0.0232846 0.24727
0 0.393787 0.511079 0.0182732 0.0254732 0.246847
0 0.730072 0.898831 0.0235577 0.0269038 0.245804
0 0.66707 0.457562 0.0149191 0.0359262 0.245702
0 0.934443 0.179936 0.0178107 0.0282759 0.245184
0 0.410708 0.201901 0.0192238 0.0393459 0.244696
0 0.437989 0.701258 0.0177713 0.0339633 0.243905
0 0.0523275 0.513662 0.0122147 0.0233632 0.243558
0 0.717956 0.02403 0.0332548 0.0472739 0.241426
0 0.395593 0.296098 0.0182473 0.0356201 0.239478
0 0.638398 0.0376866 0.0185112 0.0269504 0.238923
0 0.581769 0.348239 0.0156017 0.0393325 0.238153
0 0.00748377 0.278411 0.0149499 0.0515158 0.237346
0 0.136526 0.0619747 0.0237339 0.0309712 0.237004
0 0.556949 0.263942 0.0189822 0.0285323 0.236874
0 0.575516 0.257597 0.016828 0.0323824 0.236717
0 0.75528 0.176367 0.0184999 0.0281653 0.233864
0 0.362992 0.42702 0.0184586 0.0276813 0.233182
0 0.992972 0.402101 0.0140564 0.059031 0.231521
0 0.794527 0.183534 0.0206753 0.0318231 0.229805
0 0.990934 0.221767 0.0181314 0.0419878 0.228265
0 0.256128 0.521804 0.0133137 0.0211447 0.228062
0 0.468751 0.931565 0.0127028 0.0234928 0.227697
0 0.838157 0.107397 0.0159441 0.0294826 0.22769
0 0.360909 0.429391 0.0208556 0.0271082 0.227672
0 0.135369 0.0517645 0.0238195 0.0495251 0.227636
0 0.359756 0.754574 0.0210101 0.0303691 0.226988
0 0.112141 0.014432 0.0219431 0.0280828 0.225875
0 0.356336 0.111112 0.0175051 0.0333989 0.224426
0 0.6631 0.721319 0.0203089 0.029757 0.223877
0 0.90921 0.559843 0.0205532 0.0249269 0.22276
0 0.936727 0.268185 0.0244724 0.0467877 0.218884
0 0.616283 0.73496 0.0157496 0.0347741 0.218845
0 0.104986 0.206836 0.0155862 0.0314189 0.218728
0 0.751609 0.0288287 0.0270641 0.0562705 0.216447
0 0.530287 0.398132 0.0163252 0.0288823 0.216021
0 0.948789 0.0310818 0.0201489 0.0300743 0.215815
0 0.256551 0.673101 0.0195007 0.0254713 0.215464
0 0.37316 0.109532 0.0133803 0.0337041 0.215256
0 0.0406655 0.877923 0.020291 0.0278242 0.214353
0 0.718499 0.934471 0.0124931 0.0237532 0.213497
0 0.965399 0.778635 0.0216248 0.0322202 0.213263
0 0.951029 0.852272 0.021312 0.0291073 0.211081
0 0.0294462 0.288357 0.017114 0.0271939 0.210256
0 0.385619 0.426367 0.0166006 0.0241852 0.208863
0 0.732779 0.281277 0.0158016 0.0208679 0.208451
0 0.774852 0.291222 0.014997 0.0310867 0.207233
0 0.184122 0.381971 0.0156 0.0261913 0.205329
0 0.60255 0.350687 0.0170593 0.030106 0.203669
0 0.992721 0.0131223 0.0145586 0.0253942 0.201918
0 0.664853 0.332364 0.0158634 0.0402711 0.201476
0 0.996345 0.0563315 0.0073101 0.0274262 0.201254
0 0.686132 0.860359 0.0175313 0.0271908 0.199709
0 0.332437 0.54378 0.0242315 0.0415462 0.198585
0 0.814307 0.766897 0.0110996 0.0177483 0.195857
0 0.490347 0.199558 0.0162249 0.0295639 0.193541
0 0.568718 0.422936 0.0221382 0.0310731 0.192278
0 0.428687 0.157694 0.0209942 0.046628 0.191142
0 0.879643 0.206785 0.0141968 0.0284906 0.189977
0 0.761377 0.452562 0.0132849 0.0284478 0.189808
0 0.354604 0.718749 0.0158675 0.027789 0.189369
0 0.938664 0.277313 0.0228981 0.0353246 0.188389
0 0.866905 0.099142 0.0333645 0.0398425 0.187735
0 0.131714 0.0343781 0.0177063 0.0269784 0.187717
0 0.854059 0.628757 0.0208473 0.0277622 0.187548
0 0.511754 0.0110225 0.0148832 0.0216016 0.18644
0 0.263634 0.930472 0.0132562 0.0241038 0.185631
0 0.921001 0.0749474 0.0145461 0.0256971 0.183634
0 0.839726 0.173792 0.0120903 0.0182984 0.183115
0 0.279635 0.824649 0.0106516 0.02585 0.182875
0 0.216004 0.225355 0.019346 0.0277521 0.182437
0 0.609918 0.335485 0.0253104 0.0549346 0.181203
0 0.0076341 0.295639 0.0149404 0.0427804 0.179386
0 0.16479 0.0503691 0.0162946 0.0334119 0.178645
0 0.532063 0.766791 0.0185938 0.0363515 0.177707
0 0.723091 0.447403 0.0172905 0.0219533 0.17754
0 0.574856 0.0107518 0.0263894 0.0200261 0.177127
0 0.970947 0.0181299 0.0146437 0.0314828 0.175559
0 0.952684 0.0831973 0.0181971 0.0327159 0.171862
0 0.993744 0.0569034 0.0125128 0.02635 0.171359
0 0.00554124 0.978235 0.0109972 0.0264998 0.170169
0 0.460597 0.661876 0.0161396 0.0221618 0.17003
0 0.314436 0.526194 0.0173615 0.036573 0.168226
0 0.279058 0.64372 0.0172678 0.0281065 0.168179
0 0.427529 0.335976 0.0131989 0.0334383 0.167255
0 0.714972 0.964714 0.0155224 0.0222557 0.167178
0 0.893481 0.218618 0.01446 0.0259048 0.164687
0 0.586784 0.773821 0.0191402 0.0342662 0.163792
0 0.223827 0.0616023 0.016796 0.026563 0.163639
0 0.424182 0.468264 0.0200344 0.0357964 0.163224
0 0.541434 0.132115 0.0192907 0.0263166 0.162376
0 0.420862 0.246808 0.013397 0.024933 0.160243
0 0.606677 0.3432 0.0253807 0.0457372 0.159448
0 0.287263 0.643382 0.0183091 0.02213 0.159089
0 0.511313 0.528442 0.016832 0.03184 0.157514
0 0.39164 0.588362 0.0201731 0.0277869 0.157437
0 0.200006 0.245709 0.0241941 0.0208678 0.156644
0 0.219661 0.138537 0.0163054 0.0262647 0.155625
0 0.0275356 0.284342 0.0187807 0.0325021 0.155334
0 0.220662 0.0132599 0.0152928 0.0206145 0.154928
0 0.17778 0.144966 0.0207656 0.0459135 0.154857
0 0.871982 0.369651 0.0178726 0.0156309 0.153998
0 0.15001 0.646355 0.0164959 0.025923 0.153956
0 0.227439 0.269166 0.017085 0.0361527 0.152892
0 0.0261381 0.643057 0.0118877 0.0202111 0.152721
0 0.32813 0.394933 0.0202168 0.0345292 0.152212
0 0.596782 0.0359255 0.0167021 0.0315483 0.151557
0 0.498511 0.438781 0.0152267 0.028034 0.150847
0 0.591688 0.426769 0.0185323 0.0329726 0.15027
