0 0.498667 0.766934 0.0778454 0.0243649 0.727854
0 0.725159 0.412114 0.0893008 0.0279596 0.722952
0 0.96878 0.455205 0.0615962 0.0372865 0.720686
0 0.909573 0.536694 0.0769798 0.0247738 0.715388
0 0.86149 0.664868 0.0712714 0.0259359 0.711591
0 0.804425 0.64074 0.0705296 0.024501 0.708228
0 0.675377 0.642843 0.0655455 0.0259802 0.700525
0 0.745299 0.667254 0.0725679 0.0254682 0.699931
0 0.741977 0.61744 0.0728899 0.0257475 0.69812
0 0.435204 0.745046 0.0616732 0.0218012 0.691544
0 0.0841374 0.850392 0.0629701 0.0218216 0.689231
0 0.743448 0.715097 0.070435 0.0225046 0.686117
0 0.560757 0.64369 0.062077 0.02169 0.684429
0 0.85682 0.562944 0.0801343 0.0259052 0.684287
0 0.804177 0.691637 0.0708978 0.0234077 0.683865
0 0.733554 0.564119 0.0678325 0.0236883 0.682669
0 0.322811 0.793536 0.0720147 0.024612 0.674742
0 0.796254 0.591029 0.07716 0.0220692 0.664645
0 0.0370024 0.221674 0.0693851 0.0295966 0.664518
0 0.0320399 0.877352 0.0620618 0.0227284 0.663417
0 0.560323 0.739231 0.0637427 0.0184662 0.662145
0 0.620623 0.669745 0.0734197 0.0263414 0.660159
0 0.9703 0.613557 0.0580272 0.024242 0.659239
0 0.142488 0.822421 0.0630155 0.021587 0.658148
0 0.948004 0.112905 0.0612077 0.0165119 0.652914
0 0.97138 0.559139 0.0550989 0.0194904 0.651916
0 0.795513 0.538927 0.0619089 0.0264227 0.651549
0 0.784267 0.485858 0.0534545 0.0162483 0.650715
0 0.618305 0.614884 0.0635072 0.0240152 0.648265
0 0.0293843 0.828415 0.055402 0.020841 0.646055
0 0.430988 0.647531 0.0549586 0.020619 0.639824
0 0.72659 0.516395 0.0492018 0.0169583 0.635227
0 0.543551 0.918534 0.0477418 0.0182549 0.634962
0 0.0411487 0.928473 0.0498009 0.022226 0.634637
0 0.870653 0.709358 0.0585689 0.0208718 0.633908
0 0.760871 0.803279 0.0748341 0.0315195 0.633884
0 0.434571 0.691488 0.0594049 0.021624 0.633647
0 0.893239 0.440239 0.0810975 0.0213436 0.629629
0 0.37528 0.81173 0.0588267 0.0195518 0.628931
0 0.363212 0.245922 0.0859611 0.0341007 0.623516
0 0.662068 0.294496 0.0522205 0.0146108 0.619194
0 0.606942 0.565574 0.0661454 0.0203913 0.617462
0 0.555679 0.788024 0.055444 0.0192825 0.616324
0 0.0221918 0.158975 0.0432987 0.018012 0.615565
0 0.296027 0.176529 0.0488028 0.0138307 0.614526
0 0.844864 0.511666 0.048571 0.0163344 0.61257
0 0.256254 0.82373 0.0502085 0.0183208 0.612511
0 0.86118 0.762728 0.0555746 0.0205678 0.612005
0 0.412446 0.207731 0.0437525 0.0149663 0.611582
0 0.621045 0.716235 0.0703158 0.0183125 0.611338
0 0.151514 0.875599 0.0528374 0.0180576 0.610801
0 0.917431 0.585222 0.0792871 0.0205031 0.607869
0 0.681217 0.740294 0.0538413 0.0183356 0.605534
0 0.541516 0.049348 0.0518628 0.01517 0.603862
0 0.638931 0.378884 0.0946253 0.0374292 0.603391
0 0.669299 0.541047 0.0536959 0.018878 0.602473
0 0.49296 0.619945 0.0631493 0.0225623 0.599427
0 0.374338 0.769594 0.0655078 0.0190075 0.596571
0 0.733636 0.318268 0.0553551 0.0135189 0.593243
0 0.967603 0.507704 0.0546587 0.0196121 0.592782
0 0.892581 0.13993 0.0538879 0.015344 0.592035
0 0.372669 0.718118 0.055785 0.0172086 0.591678
0 0.0968224 0.899562 0.057292 0.0184769 0.591105
0 0.623354 0.0388341 0.0480665 0.01379 0.589236
0 0.0226188 0.0157478 0.0430739 0.0164267 0.587621
0 0.936722 0.736601 0.0545935 0.0184345 0.58717
0 0.551039 0.592164 0.0563784 0.0216744 0.587113
0 0.439695 0.791145 0.0693564 0.0217037 0.58606
0 0.48788 0.0370206 0.0429954 0.0137843 0.584274
0 0.760367 0.0376892 0.0439141 0.0165289 0.583906
0 0.49412 0.668889 0.071761 0.0245109 0.581579
0 0.963292 0.919414 0.0436392 0.014748 0.578961
0 0.910857 0.901548 0.0422782 0.0151867 0.576194
0 0.684174 0.990718 0.047434 0.0160667 0.575949
0 0.534751 0.138863 0.0450579 0.0147982 0.574653
0 0.115509 0.0679989 0.0480714 0.015968 0.574073
0 0.652947 0.164243 0.0494804 0.0159105 0.571507
0 0.0828891 0.0282295 0.0494748 0.0177468 0.570726
0 0.243236 0.157415 0.0439119 0.0156613 0.56739
0 0.775909 0.195483 0.0488947 0.0164529 0.564196
0 0.278112 0.254998 0.0599944 0.0224901 0.562912
0 0.856949 0.616086 0.0744541 0.0304353 0.556501
0 0.232188 0.00674408 0.0449009 0.013409 0.556378
0 0.503687 0.100916 0.0481641 0.0149818 0.554613
0 0.679352 0.0512613 0.0469147 0.0161603 0.554316
0 0.971486 0.160741 0.0509917 0.0151714 0.552561
0 0.188057 0.247882 0.0834578 0.0302296 0.550198
0 0.44106 0.0880073 0.041291 0.0131255 0.549639
0 0.951073 0.94696 0.0457471 0.0152508 0.548697
0 0.723848 0.270594 0.0483108 0.0177247 0.548578
0 0.895278 0.929403 0.0436539 0.0155189 0.546693
0 0.496877 0.719341 0.0794331 0.0228976 0.546262
0 0.163719 0.0145185 0.0438773 0.0191973 0.546253
0 0.871383 0.988355 0.0399517 0.0147529 0.545118
0 0.289525 0.110659 0.0469812 0.0139541 0.545065
0 0.686608 0.691607 0.060152 0.0229249 0.544854
0 0.408913 0.0469375 0.0465129 0.0139859 0.542562
0 0.677205 0.59337 0.0634824 0.0248272 0.539042
0 0.446941 0.836248 0.0427575 0.0204025 0.538956
0 0.525245 0.0783137 0.0430051 0.0143085 0.538302
0 0.797847 0.29237 0.0516754 0.0171134 0.537655
0 0.0475694 0.976934 0.0532897 0.0174292 0.536267
0 0.821742 0.46829 0.0456605 0.016579 0.534228
0 0.578008 0.952182 0.0396613 0.012521 0.529389
0 0.846169 0.217671 0.047968 0.0167711 0.529047
0 0.611358 0.216984 0.0383123 0.0147299 0.528476
0 0.396842 0.139134 0.0480646 0.015708 0.528446
0 0.493058 0.815089 0.0516292 0.0170559 0.528433
0 0.264595 0.134885 0.0444578 0.0137498 0.528306
0 0.950819 0.812135 0.0402897 0.0139106 0.527591
0 0.598847 0.0612621 0.045714 0.0143776 0.52575
0 0.676911 0.141255 0.043835 0.0139201 0.523758
0 0.199912 0.793596 0.0549047 0.0183729 0.523732
0 0.199403 0.05689 0.0391271 0.0121263 0.522578
0 0.642727 0.0116596 0.0482356 0.0168235 0.522075
0 0.215919 0.0287335 0.043205 0.0142798 0.521558
0 0.476235 0.216274 0.0389827 0.0121873 0.520682
0 0.577875 0.0898608 0.0434858 0.0132575 0.520666
0 0.899597 0.0400469 0.0421314 0.0167696 0.519795
0 0.205152 0.846947 0.0528048 0.0169853 0.519725
0 0.589976 0.00383553 0.0378049 0.00766154 0.519077
0 0.762982 0.950464 0.0462514 0.0136471 0.518278
0 0.632228 0.970257 0.0413957 0.0138 0.51664
0 0.804827 0.863595 0.0417985 0.0141023 0.515984
0 0.0336713 0.194428 0.0471652 0.0240645 0.515249
0 0.831716 0.168427 0.0594561 0.0190342 0.513018
0 0.143235 0.0411506 0.0418547 0.0163168 0.512021
0 0.274172 0.0435867 0.0440105 0.0132369 0.511184
0 0.166614 0.95847 0.0425627 0.0145633 0.510897
0 0.487498 0.189418 0.042612 0.0131774 0.510031
0 0.315297 0.743541 0.0579612 0.0186454 0.508469
0 0.513028 0.938864 0.0607631 0.0226989 0.504791
0 0.882991 0.959313 0.0414566 0.0151989 0.504697
0 0.73922 0.0616174 0.0496217 0.0149499 0.503346
0 0.650684 0.0747646 0.0476673 0.0153452 0.502197
0 0.61626 0.128274 0.0436653 0.0134413 0.501858
0 0.978987 0.89055 0.0403714 0.0126474 0.499354
0 0.778449 0.243705 0.0466664 0.0154787 0.498361
0 0.723826 0.224761 0.0503372 0.0148784 0.497792
0 0.364025 0.0983437 0.0464539 0.0157387 0.497776
0 0.337966 0.124231 0.0443664 0.0124111 0.497378
0 0.557535 0.693707 0.0761578 0.0273879 0.492342
0 0.691343 0.111936 0.0447467 0.0158152 0.489525
0 0.540133 0.318371 0.10467 0.0377087 0.489313
0 0.0886771 0.80235 0.0509179 0.0139529 0.488989
0 0.231054 0.0951957 0.0475792 0.018099 0.488968
0 0.0842016 0.189919 0.0593114 0.0277032 0.487518
0 0.642129 0.942201 0.0367483 0.0130816 0.486292
0 0.817143 0.834038 0.0395074 0.0143226 0.484393
0 0.882554 0.0880848 0.050047 0.0148129 0.483785
0 0.380499 0.165233 0.0422332 0.0130504 0.483274
0 0.820504 0.968494 0.0373161 0.0134508 0.477566
0 0.563167 0.0240776 0.0419091 0.0146407 0.476304
0 0.568568 0.981661 0.0412648 0.0109906 0.474474
0 0.699951 0.959774 0.0383401 0.0142875 0.473966
0 0.801688 0.338198 0.0447337 0.0138932 0.47194
0 0.582234 0.240517 0.0468247 0.0137425 0.471679
0 0.71039 0.932355 0.0456975 0.0132286 0.47106
0 0.93694 0.842511 0.0442376 0.0141191 0.470136
0 0.805689 0.997008 0.0494723 0.00598337 0.468679
0 0.28954 0.015442 0.0427276 0.0135549 0.46814
0 0.367317 0.00819059 0.0464304 0.0158067 0.464101
0 0.464389 0.0627347 0.042365 0.0136317 0.461939
0 0.941895 0.00366097 0.0639161 0.00729587 0.460979
0 0.904119 0.191542 0.0530594 0.0191449 0.455674
0 0.619315 0.996484 0.0433762 0.00703238 0.454485
0 0.531466 0.225736 0.0404481 0.0116728 0.450281
0 0.83519 0.940235 0.0392264 0.0146576 0.449812
0 0.254043 0.76933 0.0499797 0.0181149 0.449396
0 0.502469 0.252977 0.0401573 0.0120791 0.449296
0 0.440522 0.986757 0.0877855 0.0264856 0.448369
0 0.383823 0.0742219 0.0432631 0.0134384 0.446125
0 0.841543 0.0239979 0.0510238 0.0172823 0.446001
0 0.49413 0.857977 0.0519518 0.0178452 0.445428
0 0.325756 0.151022 0.0392383 0.013104 0.44307
0 0.348352 0.0328124 0.0450062 0.0121265 0.439634
0 0.899599 0.489687 0.0477507 0.0156608 0.43731
0 0.846562 0.910798 0.0428737 0.015136 0.43431
0 0.0669131 0.054177 0.0335739 0.0139318 0.432929
0 0.662644 0.231179 0.0459504 0.0174111 0.427999
0 0.285212 0.862376 0.0388379 0.0141312 0.4277
0 0.861427 0.00314856 0.0418079 0.00622969 0.426438
0 0.982786 0.995267 0.034428 0.00946689 0.4256
0 0.821779 0.116291 0.0474309 0.0138338 0.42411
0 0.283438 0.234921 0.0530501 0.0201951 0.422715
0 0.622425 0.191698 0.0430965 0.0126682 0.422435
0 0.458895 0.153553 0.040862 0.014989 0.421937
0 0.870059 0.852198 0.0392432 0.0142435 0.421755
0 0.749359 0.127969 0.0362528 0.0127314 0.415016
0 0.793666 0.07771 0.0432701 0.0143629 0.413806
0 0.428103 0.0203801 0.0420371 0.0131377 0.413297
0 0.277296 0.944755 0.0433387 0.0164571 0.409439
0 0.750726 0.845828 0.0409646 0.0136684 0.403199
0 0.985906 0.860829 0.028148 0.0146991 0.400947
0 0.255852 0.915013 0.0485898 0.0150848 0.400388
0 0.707297 0.0273571 0.0505935 0.0161997 0.395856
0 0.0140888 0.0417374 0.0281776 0.0142925 0.393443
0 0.574665 0.897122 0.0467377 0.0126873 0.38997
0 0.946729 0.0575028 0.040339 0.0153152 0.386338
0 0.685958 0.789115 0.0732222 0.0341757 0.383421
0 0.66615 0.881135 0.0445519 0.0150173 0.380163
0 0.858014 0.267032 0.058195 0.0180244 0.378245
0 0.55649 0.263168 0.0446013 0.0104247 0.375925
0 0.257349 0.0701586 0.0445983 0.0140829 0.374483
0 0.369377 0.989356 0.0480169 0.0203705 0.373658
0 0.397593 0.928339 0.0494786 0.0204355 0.367945
0 0.656177 0.912445 0.0372819 0.0122596 0.365473
0 0.508776 0.0103566 0.0414565 0.0135185 0.359924
0 0.775636 0.921413 0.0362342 0.0118794 0.352271
0 0.893664 0.795121 0.0368344 0.0123095 0.346861
0 0.741359 0.872795 0.0372457 0.0122399 0.346688
0 0.861555 0.881955 0.041598 0.0147698 0.342014
0 0.990669 0.831294 0.0186093 0.0139362 0.339021
0 0.93675 0.978689 0.0467495 0.0139112 0.335851
0 0.787492 0.0108829 0.0431792 0.0153866 0.334846
0 0.564347 0.202044 0.0378649 0.00937614 0.331537
0 0.251001 0.995587 0.0423375 0.00882647 0.331371
0 0.933622 0.333152 0.0513283 0.0134278 0.330328
0 0.719652 0.00240442 0.0487448 0.00475692 0.328119
0 0.721034 0.903076 0.0455291 0.0149708 0.324532
0 0.793131 0.891762 0.0425814 0.0154254 0.319996
0 0.209925 0.121483 0.0407365 0.0141381 0.310925
0 0.989792 0.711495 0.0200165 0.0228861 0.308126
0 0.581935 0.174551 0.0378163 0.0105741 0.30235
0 0.737425 0.362179 0.0554856 0.0207744 0.30072
0 0.803174 0.33808 0.0537849 0.0187881 0.296498
0 0.356018 0.870119 0.0406627 0.0156186 0.289219
0 0.323721 0.84989 0.0465945 0.0159126 0.28516
0 0.588785 0.922861 0.0369654 0.00926321 0.28157
0 0.633537 0.24986 0.0450643 0.0136332 0.274406
0 0.676603 0.321303 0.0403058 0.00792632 0.269275
0 0.307839 0.0836088 0.0371902 0.0120114 0.265321
0 0.792098 0.73779 0.0618305 0.021928 0.264867
0 0.493983 0.911132 0.0357201 0.0137646 0.263359
0 0.713637 0.0883845 0.0436006 0.0153386 0.261387
0 0.982756 0.189397 0.0341419 0.0135592 0.25868
0 0.757563 0.979196 0.0383927 0.0125901 0.253503
0 0.7144 0.764422 0.0586236 0.0227271 0.247739
0 0.223509 0.966971 0.0486299 0.0161815 0.238866
0 0.265431 0.214252 0.0397276 0.0198348 0.226478
0 0.454046 0.238111 0.0411693 0.0113229 0.225062
0 0.674691 0.858443 0.0579322 0.0180912 0.221693
0 0.0768036 0.656313 0.0564608 0.0201139 0.22105
0 0.819886 0.051328 0.0449068 0.015964 0.220094
0 0.0199021 0.683464 0.0398041 0.0163272 0.21993
0 0.571769 0.370543 0.0561335 0.0247418 0.219017
0 0.923114 0.871688 0.0426133 0.0117498 0.217157
0 0.186133 0.91137 0.054401 0.0158547 0.208966
0 0.37082 0.668064 0.051953 0.0158585 0.206373
0 0.327929 0.919286 0.0519088 0.018878 0.205883
0 0.0986951 0.221988 0.050663 0.0210307 0.205215
0 0.55724 0.316275 0.0961218 0.0282569 0.203912
0 0.143791 0.932335 0.0406961 0.0148804 0.203385
0 0.837768 0.170221 0.0586719 0.0197881 0.202421
0 0.722097 0.248659 0.0375143 0.012118 0.201819
0 0.991825 0.969848 0.0157888 0.0123216 0.200273
0 0.990841 0.0281364 0.0176653 0.0129381 0.199761
0 0.946705 0.0579815 0.0494065 0.0195601 0.199344
0 0.483948 0.965062 0.0513159 0.0159997 0.183767
0 0.986242 0.23689 0.0271785 0.0129428 0.181275
0 0.598554 0.849771 0.0451607 0.020177 0.173102
0 0.101717 0.00478714 0.0330017 0.00940506 0.172881
0 0.85916 0.268738 0.0652914 0.0230429 0.17208
0 0.884088 0.824093 0.0434867 0.0159062 0.171606
0 0.660337 0.234503 0.052218 0.0229252 0.169909
0 0.366863 0.898281 0.0461076 0.01698 0.164318
0 0.423332 0.115223 0.0408622 0.0126002 0.161044
0 0.991363 0.260639 0.0166767 0.0167092 0.158555
0 0.101802 0.00285304 0.0321195 0.00567696 0.157272
0 0.00915148 0.0689864 0.0179267 0.0131662 0.153482
0 0.194068 0.18845 0.0610799 0.0270297 0.151707
0 0.988806 0.212298 0.0216615 0.0136262 0.150694
