0 0.776246 0.679951 0.0196209 0.0404248 0.696625
0 0.508842 0.216162 0.0274256 0.0366236 0.685626
0 0.881214 0.661071 0.02267 0.0524412 0.685477
0 0.0809251 0.64093 0.0295057 0.0545841 0.684981
0 0.644438 0.640869 0.0292635 0.0437988 0.680252
0 0.594014 0.909759 0.0218413 0.0426476 0.678064
0 0.643448 0.68552 0.0207047 0.0395413 0.67649
0 0.674755 0.299936 0.0192976 0.0376319 0.672177
0 0.674073 0.946576 0.0326576 0.0498137 0.665911
0 0.430514 0.142495 0.0166191 0.0333963 0.663757
0 0.43067 0.323207 0.0213414 0.0465076 0.662838
0 0.716523 0.0263425 0.0208681 0.0426788 0.660358
0 0.617951 0.508714 0.0260195 0.0429588 0.660157
0 0.523584 0.0958609 0.0206565 0.0369812 0.660075
0 0.363979 0.762185 0.0264256 0.0385488 0.659495
0 0.589923 0.681012 0.0173993 0.0292631 0.658688
0 0.30611 0.887632 0.0160897 0.0287014 0.656816
0 0.64349 0.217649 0.0235171 0.0478671 0.656139
0 0.457967 0.11511 0.0172544 0.0341841 0.653091
0 0.815773 0.792809 0.0267002 0.0483148 0.652963
0 0.419646 0.814792 0.0176359 0.0373606 0.652278
0 0.810071 0.670629 0.0220126 0.0434912 0.650828
0 0.765561 0.189807 0.0211943 0.0382297 0.650016
0 0.168299 0.77458 0.0188935 0.0365668 0.64845
0 0.806157 0.454917 0.0151932 0.0334356 0.648193
0 0.796835 0.208594 0.0215466 0.038307 0.648113
0 0.343764 0.251368 0.0174095 0.0294378 0.646904
0 0.032242 0.932924 0.0192888 0.0331061 0.643942
0 0.580704 0.483713 0.0308025 0.0514627 0.643901
0 0.192399 0.0126916 0.0196126 0.0247015 0.643506
0 0.577613 0.149647 0.0169655 0.0350494 0.642084
0 0.067846 0.501515 0.0207301 0.0297648 0.641923
0 0.91809 0.744568 0.0205395 0.044222 0.64113
0 0.274715 0.31902 0.0273075 0.0418956 0.640456
0 0.675698 0.642047 0.0207514 0.0344962 0.639736
0 0.00883648 0.581506 0.017673 0.0465098 0.63888
0 0.785759 0.465638 0.0209736 0.0426534 0.637842
0 0.989816 0.0573864 0.0203686 0.0341613 0.637456
0 0.686789 0.75312 0.0188246 0.0299815 0.635683
0 0.615599 0.662083 0.0221764 0.0384293 0.635234
0 0.582254 0.274033 0.016551 0.0247543 0.635122
0 0.600009 0.30274 0.0217779 0.0375595 0.634781
0 0.905224 0.311546 0.020472 0.0392873 0.634228
0 0.522311 0.147934 0.0144857 0.0296829 0.633509
0 0.155686 0.482879 0.0233284 0.0356376 0.633434
0 0.296912 0.0696832 0.0159273 0.0277503 0.633134
0 0.562144 0.685798 0.0207347 0.0354015 0.63237
0 0.244293 0.0797984 0.0172897 0.0329417 0.632178
0 0.0956322 0.745241 0.0178771 0.0262102 0.631565
0 0.0993392 0.952493 0.0190741 0.0353472 0.631335
0 0.610443 0.552359 0.0219319 0.0388033 0.631324
0 0.322929 0.507852 0.0167783 0.0312174 0.629982
0 0.812798 0.924189 0.0210361 0.0351935 0.629842
0 0.699979 0.289738 0.0225347 0.0439788 0.629717
0 0.541815 0.641244 0.0181694 0.0321841 0.627304
0 0.778542 0.413317 0.020816 0.0357982 0.627196
0 0.777292 0.557512 0.0231069 0.0474711 0.626542
0 0.526891 0.25777 0.0171041 0.0341363 0.625305
0 0.655581 0.858722 0.0186567 0.0341164 0.625046
0 0.586047 0.641643 0.0222317 0.0379591 0.624928
0 0.263907 0.680656 0.0161729 0.0286837 0.624374
0 0.992281 0.303695 0.0154375 0.0303961 0.624334
0 0.504936 0.269316 0.0183821 0.0342378 0.623558
0 0.447381 0.644865 0.0202189 0.0402106 0.622084
0 0.388199 0.424272 0.0173993 0.0277215 0.621998
0 0.785286 0.952056 0.0251453 0.0409779 0.621868
0 0.8137 0.975481 0.0300179 0.0471968 0.620982
0 0.358649 0.611706 0.0175881 0.0315451 0.620197
0 0.16564 0.269447 0.0197495 0.0269136 0.620103
0 0.616694 0.705764 0.0184268 0.0279466 0.61976
0 0.678333 0.848148 0.0202349 0.0361077 0.617845
0 0.755012 0.141659 0.0194087 0.0333927 0.617679
0 0.0953356 0.386076 0.0172852 0.0309531 0.617638
0 0.134809 0.880057 0.0180836 0.0317677 0.617166
0 0.737687 0.705225 0.0171448 0.0323293 0.616984
0 0.176253 0.899061 0.0195812 0.0316237 0.616804
0 0.139598 0.584609 0.014124 0.0321069 0.61674
0 0.976047 0.168793 0.0216274 0.0434608 0.615972
0 0.850073 0.497425 0.0189598 0.0315095 0.615843
0 0.62144 0.826684 0.0150687 0.0296295 0.615221
0 0.511966 0.0165597 0.0154449 0.0312482 0.615176
0 0.799019 0.368306 0.0154917 0.0253909 0.614802
0 0.483259 0.495771 0.0178402 0.0399143 0.614044
0 0.705765 0.550807 0.0137365 0.027248 0.613998
0 0.262485 0.138746 0.0147815 0.0267232 0.612772
0 0.725158 0.147977 0.0180134 0.0334096 0.612622
0 0.575845 0.731874 0.0176905 0.0408118 0.612382
0 0.226918 0.827568 0.0170955 0.0319319 0.612004
0 0.700559 0.59763 0.0159531 0.0322791 0.611396
0 0.719585 0.401809 0.0170818 0.0371695 0.611317
0 0.199804 0.494478 0.0161681 0.0272715 0.611067
0 0.739087 0.338873 0.0193008 0.0341715 0.611021
0 0.108179 0.308705 0.0136406 0.029151 0.610988
0 0.123594 0.773341 0.0195328 0.0277332 0.610583
0 0.763112 0.0230194 0.0161612 0.0319551 0.610163
0 0.786579 0.0518895 0.019514 0.0350606 0.609981
0 0.918025 0.499236 0.0262705 0.0406755 0.609932
0 0.552182 0.200279 0.0171815 0.0332147 0.609757
0 0.824066 0.176569 0.0211369 0.0386184 0.609743
0 0.81392 0.509645 0.0258815 0.0567746 0.609571
0 0.335608 0.550795 0.0197888 0.0309121 0.609499
0 0.0762228 0.174948 0.0148127 0.0289503 0.609291
0 0.636117 0.55996 0.016884 0.0371009 0.608422
0 0.737667 0.405614 0.0174528 0.0316809 0.60803
0 0.719944 0.664807 0.0213702 0.0357021 0.607544
0 0.408623 0.763227 0.0219174 0.0351078 0.607144
0 0.216848 0.213288 0.0197516 0.0349138 0.606911
0 0.67616 0.203211 0.0187907 0.0374713 0.60641
0 0.595853 0.714572 0.0165689 0.0324071 0.606044
0 0.232429 0.632535 0.0207714 0.0397201 0.606001
0 0.0915358 0.323009 0.0141217 0.0316713 0.605688
0 0.262324 0.426691 0.015073 0.0344448 0.605299
0 0.703671 0.87706 0.0177701 0.0342882 0.605192
0 0.708348 0.361757 0.015506 0.0326959 0.605052
0 0.866693 0.618164 0.0179417 0.0383653 0.605012
0 0.628516 0.270547 0.0179771 0.0309755 0.604038
0 0.224147 0.680846 0.0165813 0.0272208 0.603714
0 0.88541 0.716519 0.0179308 0.0310632 0.603
0 0.309524 0.141341 0.0133708 0.0219562 0.602868
0 0.777496 0.372854 0.0196228 0.0356318 0.602057
0 0.457296 0.849558 0.0147613 0.0331824 0.602045
0 0.231975 0.873504 0.0166107 0.0283291 0.601458
0 0.293505 0.23292 0.016117 0.0288269 0.601365
0 0.53744 0.695048 0.0161377 0.0283936 0.600522
0 0.37179 0.836764 0.0163958 0.0325202 0.599398
0 0.580252 0.571454 0.0174305 0.0318304 0.599069
0 0.639014 0.416275 0.0252796 0.0325058 0.59847
0 0.643154 0.894397 0.0188065 0.0401133 0.598292
0 0.020582 0.348411 0.0288028 0.073691 0.598171
0 0.962868 0.845409 0.0228706 0.0347087 0.597776
0 0.478603 0.834519 0.0164225 0.0287147 0.597095
0 0.828677 0.862073 0.0233807 0.0536102 0.596558
0 0.213076 0.0686954 0.0131966 0.0284739 0.59621
0 0.184198 0.309589 0.0169681 0.0283765 0.595811
0 0.243853 0.240968 0.0164157 0.0352034 0.595731
0 0.115442 0.12051 0.0167718 0.0299018 0.594899
0 0.0138149 0.910904 0.0181405 0.0379171 0.594457
0 0.377219 0.682491 0.019045 0.0333269 0.593959
0 0.250725 0.375059 0.0169491 0.033597 0.59333
0 0.513749 0.844336 0.0155208 0.0267697 0.593159
0 0.176485 0.645912 0.0195208 0.0401269 0.592363
0 0.443588 0.58466 0.0132999 0.0298425 0.592108
0 0.458023 0.187142 0.017661 0.0303796 0.591964
0 0.564699 0.631441 0.0163617 0.0297957 0.591794
0 0.0728024 0.553474 0.0154934 0.028792 0.591793
0 0.194292 0.104383 0.0141325 0.0259569 0.589483
0 0.743377 0.0887073 0.0177431 0.0346268 0.589404
0 0.529317 0.305347 0.0179606 0.0303746 0.58857
0 0.417717 0.592296 0.022443 0.032173 0.588258
0 0.13868 0.404837 0.0164554 0.0303084 0.587984
0 0.701469 0.929551 0.0177382 0.0334249 0.587658
0 0.547789 0.0925615 0.0137785 0.0265453 0.587393
0 0.102624 0.704908 0.0165546 0.0323151 0.586807
0 0.731418 0.894356 0.0190493 0.0387921 0.586612
0 0.171413 0.141802 0.0154982 0.0287703 0.586173
0 0.478143 0.138178 0.0142168 0.0272369 0.586017
0 0.838832 0.431332 0.0153511 0.0267344 0.586011
0 0.400758 0.512543 0.0151882 0.0295542 0.585517
0 0.371126 0.387844 0.0121988 0.0254778 0.585325
0 0.0479262 0.146338 0.0226779 0.0407921 0.584725
0 0.0907182 0.280243 0.0137493 0.0246104 0.584561
0 0.904554 0.793857 0.0247269 0.0324202 0.584149
0 0.0155058 0.155069 0.0192677 0.0352118 0.584038
0 0.875582 0.250029 0.0233761 0.0359139 0.58379
0 0.669075 0.79061 0.0151836 0.0301029 0.583709
0 0.148183 0.644386 0.0221222 0.0452423 0.58177
0 0.594174 0.80586 0.0189209 0.0328671 0.581136
0 0.0797641 0.970356 0.014834 0.0310158 0.58092
0 0.106136 0.21973 0.0165866 0.0300526 0.580594
0 0.569369 0.303402 0.0200621 0.0341809 0.579973
0 0.413862 0.133637 0.0129938 0.0272435 0.579395
0 0.69553 0.0506168 0.0201998 0.0370473 0.579381
0 0.48914 0.197607 0.0136147 0.0241959 0.579114
0 0.357869 0.0988568 0.0155744 0.0274857 0.577955
0 0.134397 0.218967 0.0147884 0.0259675 0.576541
0 0.493854 0.0195335 0.0173273 0.0323021 0.575365
0 0.294359 0.170603 0.0244016 0.030905 0.575184
0 0.385039 0.491866 0.0151544 0.0269002 0.572635
0 0.750211 0.303084 0.0159716 0.0332907 0.57162
0 0.0185161 0.802537 0.0188642 0.0366334 0.571224
0 0.888853 0.214699 0.0199162 0.0335677 0.570919
0 0.265417 0.926035 0.0160449 0.030721 0.570906
0 0.793396 0.795268 0.0167544 0.0374953 0.570757
0 0.36686 0.936164 0.0177382 0.0351269 0.569377
0 0.0981243 0.797771 0.0189218 0.0354604 0.569347
0 0.228823 0.0486894 0.0139839 0.0254721 0.56931
0 0.268433 0.105968 0.0131412 0.0267021 0.568866
0 0.479221 0.664491 0.0174164 0.0288995 0.56848
0 0.250211 0.164094 0.017589 0.0339184 0.568452
0 0.301149 0.268068 0.01515 0.0224721 0.567969
0 0.210779 0.979017 0.0185748 0.0365116 0.567352
0 0.011494 0.703022 0.0218746 0.0425379 0.566781
0 0.455919 0.227681 0.0144991 0.0275394 0.56634
0 0.358059 0.405763 0.0155494 0.0275484 0.565353
0 0.315906 0.226635 0.0156515 0.0281765 0.565326
0 0.490666 0.855068 0.014042 0.0280807 0.565289
0 0.392206 0.11817 0.0282115 0.0477647 0.565145
0 0.678532 0.350684 0.0176645 0.0341516 0.5649
0 0.865562 0.151662 0.0161807 0.0300689 0.564393
0 0.42119 0.433507 0.0127175 0.0249395 0.564319
0 0.139369 0.951275 0.014121 0.0343362 0.564079
0 0.22798 0.587856 0.0142125 0.0265428 0.563842
0 0.403941 0.836864 0.0150622 0.0309313 0.563811
0 0.675966 0.714802 0.0168571 0.0341133 0.563423
0 0.756756 0.410441 0.0170598 0.0428621 0.563378
0 0.192175 0.179155 0.0208543 0.0274622 0.563062
0 0.389776 0.812832 0.0141253 0.0246574 0.562221
0 0.79082 0.734821 0.0241531 0.0413298 0.561985
0 0.0512062 0.616884 0.0181164 0.0331072 0.561029
0 0.154152 0.548986 0.0147057 0.0292705 0.560729
0 0.277569 0.522567 0.0148853 0.0288955 0.560353
0 0.757212 0.852276 0.0134393 0.0304206 0.560203
0 0.928733 0.61817 0.0163841 0.0377811 0.559903
0 0.248991 0.0301371 0.0211255 0.0275731 0.558885
0 0.679681 0.51504 0.0179619 0.035084 0.558677
0 0.173428 0.0609688 0.0157338 0.0267602 0.558617
0 0.619727 0.235695 0.0141363 0.0247111 0.5582
0 0.0486544 0.929002 0.0138591 0.0351874 0.558101
0 0.433612 0.236882 0.0184637 0.0325637 0.558095
0 0.191146 0.938059 0.0185098 0.0311232 0.55801
0 0.0899927 0.0133238 0.0168331 0.0247615 0.55756
0 0.935188 0.132232 0.0201798 0.0409725 0.556459
0 0.0131136 0.63914 0.0223139 0.0374461 0.556205
0 0.0575952 0.817136 0.0159663 0.0312731 0.55606
0 0.115243 0.0418855 0.0156658 0.0255691 0.556005
0 0.0613253 0.711978 0.0174462 0.0297992 0.554935
0 0.741395 0.0337005 0.0191839 0.0459918 0.554298
0 0.509826 0.0560251 0.0137154 0.0254579 0.554124
0 0.700169 0.678558 0.0147085 0.0245216 0.554115
0 0.203088 0.30817 0.0127212 0.0317632 0.55387
0 0.468057 0.533036 0.0154689 0.0288957 0.55301
0 0.282192 0.47963 0.0174639 0.0284721 0.552554
0 0.891799 0.440794 0.0185841 0.0292106 0.552183
0 0.806973 0.846136 0.017738 0.0324968 0.551915
0 0.736358 0.65629 0.0178507 0.0323591 0.55098
0 0.753145 0.593833 0.0144251 0.0283681 0.550046
0 0.436981 0.888061 0.0212554 0.0366275 0.54964
0 0.13651 0.256097 0.01402 0.0281965 0.548289
0 0.169411 0.103204 0.015408 0.0266015 0.548069
0 0.424017 0.200672 0.0193497 0.0357534 0.547769
0 0.302515 0.516741 0.0144693 0.0296455 0.547636
0 0.475025 0.592724 0.0151608 0.0277521 0.547554
0 0.170244 0.36498 0.0201874 0.0318732 0.546958
0 0.561193 0.117705 0.0227373 0.0337477 0.545821
0 0.119943 0.279643 0.0149071 0.0244096 0.54232
0 0.264689 0.588053 0.0151345 0.0263693 0.541164
0 0.197912 0.363505 0.01645 0.0277259 0.540068
0 0.241958 0.526343 0.0162003 0.0288511 0.539896
0 0.416084 0.651339 0.0129681 0.0278463 0.539759
0 0.0688237 0.0263144 0.0156977 0.0281762 0.539694
0 0.473226 0.955976 0.0200052 0.0403531 0.539487
0 0.511267 0.815791 0.0155777 0.0288069 0.538403
0 0.0729434 0.335278 0.0189816 0.0397692 0.538095
0 0.749425 0.73853 0.0168695 0.0293359 0.537896
0 0.284162 0.681445 0.0151937 0.0273759 0.537893
0 0.0778414 0.840231 0.012932 0.0280155 0.536866
0 0.352659 0.844063 0.0186095 0.0398153 0.536678
0 0.41566 0.269894 0.0157503 0.0310666 0.536453
0 0.775978 0.860421 0.0250205 0.04829 0.536174
0 0.682034 0.986643 0.016847 0.0255007 0.536085
0 0.661403 0.166519 0.0150074 0.0294079 0.535942
0 0.627373 0.448008 0.0152582 0.0290947 0.535416
0 0.121416 0.91572 0.0155876 0.0306268 0.534683
0 0.636923 0.354617 0.0133221 0.0285475 0.534607
0 0.455238 0.30601 0.0127953 0.0253452 0.534451
0 0.733029 0.603796 0.0208372 0.0414565 0.533998
0 0.177761 0.471857 0.015351 0.0294364 0.533492
0 0.553329 0.248047 0.014201 0.0275097 0.532396
0 0.917833 0.668625 0.0230114 0.0387678 0.531369
0 0.3741 0.225508 0.01294 0.0252578 0.531128
0 0.784485 0.0134445 0.016817 0.025641 0.530988
0 0.289945 0.572362 0.0147662 0.0259278 0.529907
0 0.292066 0.791312 0.0187012 0.0431294 0.529875
0 0.401336 0.701441 0.0157723 0.0277518 0.529333
0 0.837539 0.0258631 0.0233116 0.0470998 0.529237
0 0.154084 0.902401 0.0176445 0.0257799 0.529217
0 0.660855 0.252206 0.0150392 0.0303666 0.528874
0 0.626361 0.74449 0.0121897 0.0263603 0.52873
0 0.245401 0.705253 0.0146134 0.0257423 0.528727
0 0.152554 0.815407 0.0163771 0.0301358 0.527435
0 0.384858 0.875196 0.0167371 0.0251499 0.527093
0 0.0090333 0.770872 0.0157442 0.0297567 0.525386
0 0.853107 0.463269 0.011935 0.027532 0.525256
0 0.820028 0.403085 0.022068 0.0422667 0.525201
0 0.539733 0.562745 0.0203666 0.0321879 0.52442
0 0.396123 0.671627 0.0132989 0.0241517 0.523176
0 0.771401 0.625485 0.0128694 0.0256855 0.52256
0 0.147548 0.158174 0.0190166 0.0477414 0.522522
0 0.190301 0.266748 0.0130622 0.0255977 0.522005
0 0.665818 0.760709 0.0159997 0.0265674 0.521574
0 0.656877 0.111391 0.0243249 0.0366052 0.521289
0 0.137328 0.514214 0.0146231 0.0297685 0.521172
0 0.0863434 0.529846 0.0150766 0.0288001 0.521045
0 0.118991 0.802843 0.0155371 0.0275606 0.520469
0 0.290322 0.137819 0.0165105 0.0272423 0.520192
0 0.492918 0.81367 0.012706 0.0258172 0.519837
0 0.252004 0.853588 0.0172557 0.0368717 0.519745
0 0.450276 0.257635 0.0116657 0.0262524 0.519396
0 0.31684 0.676118 0.0213926 0.0439507 0.519382
0 0.103937 0.463833 0.0169344 0.0321147 0.519262
0 0.641698 0.748815 0.0159423 0.0276354 0.519038
0 0.760338 0.652373 0.0184528 0.0314226 0.518927
0 0.754636 0.480816 0.0245402 0.0342591 0.518917
0 0.626375 0.310608 0.0170162 0.0282392 0.518379
0 0.10292 0.430164 0.0166239 0.0333442 0.518257
0 0.301783 0.591674 0.0172846 0.0343589 0.518246
0 0.43716 0.989978 0.0180719 0.0192885 0.518053
0 0.556631 0.356154 0.0337048 0.0438515 0.517433
0 0.409358 0.19416 0.0149453 0.034663 0.516524
0 0.303961 0.379189 0.016374 0.0485118 0.516248
0 0.654817 0.572351 0.0157962 0.027713 0.515222
0 0.607752 0.422287 0.0158298 0.0272139 0.515165
0 0.224487 0.271665 0.0165517 0.0314494 0.514729
0 0.676604 0.588633 0.0187814 0.0470856 0.514535
0 0.131031 0.0932795 0.0172089 0.030533 0.513353
0 0.811239 0.586616 0.0132486 0.0317527 0.512996
0 0.431811 0.685407 0.0220076 0.0303221 0.512696
0 0.654967 0.504985 0.0189203 0.0309143 0.512608
0 0.171322 0.94015 0.0127729 0.0281253 0.512542
0 0.190777 0.231299 0.0150246 0.029718 0.512048
0 0.318343 0.17374 0.0177528 0.028721 0.511917
0 0.218592 0.474804 0.0157369 0.0305558 0.511722
0 0.042974 0.296516 0.0316162 0.0498832 0.511629
0 0.498546 0.156588 0.013723 0.0301351 0.510589
0 0.3651 0.45442 0.012871 0.0312342 0.509906
0 0.0296139 0.230567 0.0168905 0.034571 0.509316
0 0.116176 0.742484 0.0145752 0.0261773 0.509273
0 0.482712 0.436545 0.0130596 0.0239685 0.509133
0 0.182914 0.392103 0.0152735 0.0249886 0.509061
0 0.455769 0.338998 0.0130875 0.0225335 0.50904
0 0.504719 0.542722 0.0185501 0.0333974 0.508677
0 0.54463 0.152556 0.0156833 0.0259183 0.50787
0 0.388955 0.947584 0.0158535 0.0306254 0.507617
0 0.396777 0.274157 0.0166454 0.0296693 0.507205
0 0.802463 0.0119917 0.0164806 0.0236629 0.50694
0 0.08535 0.907734 0.0161936 0.0282732 0.506576
0 0.0365527 0.0952633 0.0194159 0.0330698 0.506069
0 0.69886 0.629338 0.0145112 0.0183797 0.505216
0 0.847973 0.657421 0.0252407 0.038239 0.504356
0 0.1083 0.172127 0.0182357 0.0373581 0.503726
0 0.472733 0.0729389 0.0149343 0.0246932 0.503485
0 0.0704502 0.129552 0.0132179 0.0250368 0.503266
0 0.289116 0.946943 0.0155862 0.0357418 0.503028
0 0.202579 0.828105 0.0192555 0.031901 0.502289
0 0.245616 0.971042 0.0151009 0.0280555 0.502184
0 0.67638 0.0959377 0.0154344 0.0291006 0.502052
0 0.904827 0.250179 0.0204464 0.0375946 0.501511
0 0.719616 0.844566 0.0143695 0.027693 0.501345
0 0.493231 0.771148 0.0149192 0.0311601 0.500538
0 0.35391 0.360029 0.0195346 0.0310722 0.500171
0 0.00919122 0.0546346 0.0182128 0.0258125 0.499989
0 0.100214 0.508826 0.0180098 0.0362427 0.499457
0 0.990284 0.645366 0.0194323 0.0545866 0.499178
0 0.508663 0.697024 0.0186024 0.034056 0.498799
0 0.215621 0.904718 0.0153081 0.0304327 0.498665
0 0.307652 0.768962 0.0158033 0.0246226 0.498234
0 0.742702 0.256621 0.0181083 0.0384861 0.498036
0 0.64232 0.984335 0.0219279 0.0292297 0.497324
0 0.285216 0.382635 0.0158743 0.0300508 0.496836
0 0.892745 0.479889 0.0202747 0.0368303 0.4967
0 0.0628646 0.218028 0.0249254 0.0334193 0.495401
0 0.210188 0.124609 0.0136998 0.0215854 0.495038
0 0.637476 0.796521 0.0207382 0.0383124 0.49468
0 0.707731 0.808849 0.0149593 0.0259928 0.494605
0 0.862982 0.314496 0.0179981 0.0329443 0.493169
0 0.322957 0.915777 0.0184388 0.0355346 0.493142
0 0.897253 0.748921 0.0166882 0.0338104 0.492941
0 0.776318 0.310521 0.0327145 0.0463762 0.492884
0 0.751524 0.559167 0.0143406 0.0290088 0.492306
0 0.257249 0.817433 0.0184423 0.0214389 0.491819
0 0.18339 0.427649 0.0149756 0.0303882 0.491174
0 0.406638 0.976867 0.0188953 0.0351091 0.491095
0 0.521126 0.936867 0.0145647 0.025992 0.490442
0 0.577184 0.98713 0.0193205 0.0248056 0.489859
0 0.577297 0.794152 0.012636 0.0221941 0.485971
0 0.0872574 0.0610698 0.0182078 0.0330261 0.485433
0 0.3386 0.621759 0.0158958 0.0271979 0.485235
0 0.213217 0.606333 0.016777 0.0309956 0.48502
0 0.731872 0.494711 0.0171364 0.0356467 0.484842
0 0.608202 0.761135 0.0165627 0.0533864 0.484835
0 0.526565 0.742887 0.0127747 0.0291076 0.48441
0 0.305009 0.109093 0.0145185 0.0256447 0.484181
0 0.436705 0.530731 0.028388 0.0488306 0.483514
0 0.701408 0.715803 0.0171345 0.0363798 0.48153
0 0.139065 0.312299 0.0151143 0.0276028 0.480552
0 0.859681 0.916044 0.0367241 0.065925 0.480453
0 0.200219 0.656921 0.0156791 0.0304942 0.480415
0 0.602293 0.393577 0.0197767 0.0244741 0.480049
0 0.139096 0.365977 0.0141195 0.0320287 0.479966
0 0.0550596 0.875642 0.0128377 0.0281236 0.479788
0 0.561409 0.279573 0.0125579 0.024092 0.479018
0 0.864411 0.389244 0.0191803 0.0388796 0.477708
0 0.279335 0.0461793 0.0221217 0.0381786 0.477639
0 0.0628395 0.584546 0.017177 0.0264161 0.477488
0 0.133535 0.623271 0.0120431 0.0224012 0.477199
0 0.487463 0.257732 0.0136004 0.0230231 0.476433
0 0.47736 0.632496 0.0169214 0.0260346 0.475962
0 0.408174 0.40055 0.0116686 0.0234491 0.475533
0 0.0647702 0.764004 0.0200384 0.0388756 0.474485
0 0.0923055 0.10614 0.0200096 0.0447541 0.473487
0 0.722624 0.974858 0.0236003 0.0422831 0.473429
0 0.708012 0.478319 0.0189376 0.0295295 0.473423
0 0.655504 0.347429 0.0189724 0.0304702 0.473195
0 0.317284 0.461961 0.0159779 0.0312492 0.472806
0 0.462846 0.782878 0.0143274 0.037834 0.471048
0 0.0968439 0.86077 0.0173541 0.0287435 0.469623
0 0.679782 0.356035 0.0169105 0.0331998 0.469187
0 0.816315 0.251995 0.0192242 0.0368768 0.469045
0 0.122325 0.592388 0.0143634 0.0259545 0.467746
0 0.947686 0.0287197 0.0184956 0.0344017 0.465544
0 0.542326 0.277798 0.0123494 0.0267781 0.463392
0 0.322842 0.723762 0.0200877 0.0334049 0.462086
0 0.722698 0.733246 0.0160636 0.0314029 0.46189
0 0.0541999 0.656468 0.0144945 0.0290579 0.460037
0 0.145404 0.0294087 0.0155449 0.0291839 0.459408
0 0.252981 0.61957 0.0119718 0.0260425 0.458961
0 0.804689 0.15443 0.0141352 0.0297829 0.458943
0 0.603364 0.163326 0.0158306 0.0257067 0.458489
0 0.884264 0.163558 0.014077 0.0245943 0.458409
0 0.701749 0.417607 0.0135939 0.0219801 0.457919
0 0.398059 0.61044 0.0134087 0.0239841 0.457867
0 0.226728 0.0997301 0.0131077 0.0254185 0.457711
0 0.599163 0.463291 0.0171142 0.0320828 0.457609
0 0.590109 0.865301 0.0268059 0.040584 0.455411
0 0.381081 0.345561 0.028464 0.0415234 0.455222
0 0.699755 0.786937 0.0144741 0.0266201 0.454669
0 0.183666 0.815293 0.0133581 0.0271291 0.452705
0 0.275924 0.738436 0.0179169 0.0310198 0.452661
0 0.56491 0.0249396 0.0140844 0.0223639 0.452472
0 0.12431 0.664787 0.0162146 0.0330123 0.4519
0 0.187569 0.547298 0.0170956 0.0383569 0.450844
0 0.142491 0.434755 0.0127642 0.0206379 0.449455
0 0.455522 0.375267 0.0155062 0.02913 0.447074
0 0.485532 0.396701 0.0148214 0.0277909 0.446499
0 0.0378084 0.0220488 0.0166657 0.0326512 0.445626
0 0.678163 0.463695 0.015799 0.0333055 0.44448
0 0.626799 0.867089 0.0209759 0.0370636 0.444086
0 0.5248 0.652242 0.0138254 0.029837 0.442585
0 0.194494 0.609785 0.0111452 0.0288699 0.441979
0 0.738942 0.836164 0.0162965 0.0312046 0.441535
0 0.157796 0.0887196 0.0158063 0.0276839 0.440561
0 0.378108 0.265831 0.0192894 0.0418679 0.440305
0 0.872752 0.461258 0.0168634 0.0266736 0.43991
0 0.0335145 0.600685 0.0182945 0.0393347 0.439522
0 0.442015 0.806668 0.0213903 0.0366838 0.437411
0 0.742345 0.372247 0.017544 0.0251571 0.435877
0 0.0468432 0.691526 0.0161142 0.0329707 0.434884
0 0.571026 0.0726769 0.014835 0.0260922 0.433514
0 0.684688 0.252966 0.0189997 0.029969 0.433187
0 0.866055 0.817439 0.0232714 0.0473718 0.433023
0 0.332338 0.825198 0.0197323 0.0336544 0.432334
0 0.543857 0.507645 0.0206726 0.0351542 0.427521
0 0.781461 0.310427 0.0233114 0.0469031 0.425072
0 0.84714 0.149942 0.0132895 0.0283485 0.425025
0 0.772054 0.0940469 0.0168338 0.0306991 0.423917
0 0.857254 0.739816 0.0159042 0.0327287 0.423808
0 0.445907 0.0849081 0.0129089 0.0297388 0.423235
0 0.120061 0.955083 0.0178376 0.0330895 0.423185
0 0.134996 0.121256 0.0124362 0.0220175 0.423147
0 0.789833 0.116863 0.0157248 0.0315626 0.422842
0 0.457068 0.050339 0.0153236 0.0229731 0.421711
0 0.171709 0.200576 0.0160977 0.0248032 0.421519
0 0.328291 0.866786 0.0132809 0.0271352 0.421307
0 0.236306 0.930995 0.0242179 0.0385254 0.420075
0 0.583197 0.219058 0.0135743 0.0274879 0.419887
0 0.345177 0.0411115 0.0127181 0.0252815 0.419831
0 0.099941 0.252889 0.0121701 0.023385 0.418414
0 0.0834106 0.709804 0.0150864 0.027144 0.417388
0 0.443336 0.43844 0.018778 0.0348083 0.416252
0 0.280973 0.0410246 0.0245317 0.0411306 0.415124
0 0.466566 0.62792 0.0107679 0.0249006 0.413333
0 0.590229 0.0554205 0.0218094 0.040655 0.413256
0 0.689246 0.550619 0.0136422 0.0213773 0.412456
0 0.409907 0.945149 0.016037 0.0288283 0.41157
0 0.565583 0.359753 0.0197447 0.0346987 0.411515
0 0.0219157 0.856552 0.016826 0.0211572 0.40984
0 0.19792 0.703345 0.0191256 0.0314148 0.408914
0 0.234072 0.435917 0.0149813 0.030236 0.407751
0 0.472351 0.463519 0.012516 0.0234005 0.405222
0 0.278646 0.860928 0.0175925 0.0335178 0.404354
0 0.511884 0.698389 0.0228841 0.0334584 0.403579
0 0.388836 0.194889 0.0213404 0.0375531 0.402025
0 0.399274 0.552629 0.0151829 0.0257359 0.401781
0 0.775456 0.146294 0.0172108 0.0353267 0.40145
0 0.176497 0.507535 0.0166166 0.0318414 0.401047
0 0.74369 0.978586 0.0133654 0.0312579 0.399553
0 0.683318 0.424227 0.0139595 0.0300105 0.399327
0 0.170745 0.553603 0.0133222 0.023534 0.396821
0 0.367497 0.161541 0.0163871 0.0341717 0.396758
0 0.0354912 0.0879603 0.0221258 0.0467475 0.394257
0 0.323449 0.272374 0.0249366 0.0448491 0.393249
0 0.346538 0.892885 0.0139453 0.031013 0.392946
0 0.536111 0.82794 0.0230034 0.0322194 0.391313
0 0.277054 0.625827 0.0126685 0.0251809 0.390904
0 0.829798 0.459859 0.0173773 0.039983 0.389407
0 0.360663 0.546051 0.0175285 0.0365405 0.386798
0 0.00340027 0.0268786 0.00680054 0.0274297 0.386427
0 0.861364 0.921275 0.0310215 0.053146 0.385665
0 0.609624 0.94848 0.015079 0.0348133 0.385664
0 0.541078 0.94874 0.0167017 0.0240377 0.384668
0 0.615073 0.360365 0.0210896 0.0409285 0.384303
0 0.995745 0.015859 0.00850945 0.0303383 0.384295
0 0.858703 0.555393 0.015929 0.0265222 0.384259
0 0.323392 0.586886 0.0156814 0.030285 0.383997
0 0.580066 0.824732 0.0127506 0.0309672 0.383964
0 0.486851 0.544616 0.0118446 0.0304221 0.383291
0 0.0991708 0.596873 0.0165997 0.0308928 0.382106
0 0.40559 0.0108853 0.018169 0.0206644 0.380351
0 0.589479 0.0944605 0.0193938 0.0294375 0.380269
0 0.718819 0.444016 0.0226308 0.0385935 0.380085
0 0.791899 0.616343 0.0235048 0.0461563 0.3793
0 0.720378 0.59233 0.0123624 0.02501 0.378223
0 0.166975 0.102021 0.0130068 0.0260908 0.377404
0 0.559451 0.809935 0.016824 0.0327857 0.377322
0 0.408382 0.875158 0.015483 0.0264258 0.376974
0 0.155861 0.745879 0.0161693 0.0270454 0.376896
0 0.860086 0.201105 0.0210724 0.0442315 0.376638
0 0.776831 0.252035 0.0356166 0.0510783 0.376296
0 0.763168 0.522064 0.0172086 0.0249171 0.376236
0 0.201678 0.420108 0.0147867 0.0242527 0.37543
0 0.388408 0.587801 0.0138032 0.0206736 0.3754
0 0.0779429 0.929933 0.0106156 0.0249188 0.374653
0 0.661061 0.536236 0.0188227 0.0272769 0.374213
0 0.876572 0.106295 0.0237486 0.0297876 0.372425
0 0.224171 0.170014 0.017764 0.0331671 0.372302
0 0.0756942 0.687644 0.0147394 0.0290373 0.370161
0 0.40911 0.32882 0.0164309 0.035714 0.369309
0 0.0632759 0.0590391 0.0139935 0.0289402 0.369013
0 0.607601 0.610791 0.0132624 0.0251749 0.368937
0 0.389863 0.841996 0.0135106 0.0256446 0.368699
0 0.770061 0.787249 0.0179012 0.0312961 0.367951
0 0.345088 0.459656 0.0195534 0.0329415 0.367297
0 0.267973 0.103321 0.0157416 0.0311566 0.366906
0 0.630843 0.947623 0.017859 0.0297418 0.365542
0 0.216521 0.56022 0.0144571 0.0253868 0.364285
0 0.476985 0.368709 0.0202486 0.0327376 0.363859
0 0.770924 0.819954 0.0187357 0.0282974 0.363019
0 0.128712 0.055891 0.0117378 0.0243248 0.362003
0 0.629154 0.860366 0.0203648 0.0375831 0.361862
0 0.85492 0.770399 0.0212406 0.0297121 0.360995
0 0.0704768 0.283544 0.0151744 0.0250641 0.360813
0 0.490876 0.698772 0.0102776 0.0205983 0.360596
0 0.553277 0.0507774 0.0138416 0.0235973 0.359003
0 0.704227 0.174312 0.0177108 0.0285357 0.358068
0 0.887112 0.107635 0.015155 0.0260041 0.35744
0 0.971536 0.269642 0.0196552 0.0293728 0.357416
0 0.392473 0.63962 0.0116513 0.0248749 0.35705
0 0.316525 0.0674175 0.0133011 0.0202679 0.356486
0 0.023984 0.355645 0.0240795 0.0605474 0.356412
0 0.36984 0.0455591 0.0145914 0.0269199 0.355055
0 0.231325 0.0110123 0.0191878 0.0212603 0.35505
0 0.274274 0.625592 0.0154595 0.0252673 0.353701
0 0.00435389 0.85419 0.00865443 0.0198327 0.35356
0 0.343499 0.961376 0.0164951 0.0245087 0.352596
0 0.237871 0.200218 0.0128183 0.0241422 0.352372
0 0.502694 0.938168 0.0197613 0.0287052 0.351577
0 0.145425 0.842214 0.0109183 0.0176475 0.351421
0 0.53886 0.873896 0.0191632 0.0349823 0.347079
0 0.424576 0.389987 0.0128783 0.0291621 0.34636
0 0.067793 0.935917 0.0184865 0.0282993 0.346178
0 0.389829 0.730489 0.0143334 0.0289702 0.344817
0 0.364266 0.721184 0.0158428 0.0280409 0.344589
0 0.00489629 0.983268 0.00979258 0.0322849 0.344012
0 0.746183 0.530328 0.0146711 0.0215748 0.342346
0 0.322474 0.787582 0.0146861 0.0250495 0.340471
0 0.159265 0.482564 0.0183313 0.0350058 0.336578
0 0.351545 0.503612 0.0240153 0.035114 0.335606
0 0.33329 0.290387 0.0168788 0.0297323 0.335525
0 0.802912 0.411092 0.0177802 0.0333694 0.335446
0 0.37737 0.56053 0.0132817 0.0290548 0.332934
0 0.195093 0.876811 0.0155298 0.0261241 0.331151
0 0.504443 0.446457 0.0162806 0.0319972 0.330408
0 0.164223 0.626746 0.0110433 0.0208373 0.330151
0 0.122178 0.334075 0.0139763 0.0260847 0.329044
0 0.526184 0.0512548 0.0137073 0.0222143 0.327925
0 0.794781 0.531901 0.0138568 0.0290134 0.327385
0 0.523438 0.64879 0.0126709 0.0286344 0.325668
0 0.406129 0.835223 0.0133817 0.0276008 0.324514
0 0.837579 0.0678668 0.0148575 0.0245868 0.323462
0 0.208054 0.928192 0.0130021 0.0225996 0.32284
0 0.428624 0.0518454 0.01291 0.0247583 0.321622
0 0.621829 0.990127 0.0128685 0.0191047 0.319243
0 0.453255 0.502358 0.0134472 0.023599 0.31717
0 0.435991 0.686177 0.026492 0.0305533 0.316828
0 0.706823 0.123323 0.0159049 0.0265298 0.316635
0 0.329959 0.359953 0.0145106 0.0305981 0.316585
0 0.625534 0.871873 0.0195225 0.0324433 0.316025
0 0.421423 0.0956865 0.0185657 0.0292382 0.315762
0 0.539887 0.91797 0.0122616 0.0164879 0.315593
0 0.746915 0.740111 0.0208242 0.0322235 0.315102
0 0.158547 0.521861 0.0138194 0.0211168 0.314755
0 0.110929 0.176175 0.0156925 0.0340414 0.31154
0 0.275459 0.770512 0.0157719 0.0245511 0.310503
0 0.0520753 0.249089 0.0154557 0.0219042 0.307853
0 0.257309 0.273851 0.0208967 0.0387869 0.306076
0 0.814113 0.0719344 0.0175189 0.0370054 0.305848
0 0.549133 0.975129 0.0182663 0.0343445 0.305561
0 0.996694 0.706197 0.00661221 0.0656751 0.304477
0 0.547511 0.507828 0.0278917 0.0382621 0.304471
0 0.173967 0.58981 0.0197617 0.0301893 0.302306
0 0.956109 0.497781 0.0240312 0.040168 0.302195
0 0.702191 0.844147 0.0185369 0.0267225 0.301304
0 0.509286 0.749815 0.0172604 0.0343299 0.30073
0 0.0521692 0.0367814 0.0159528 0.0229286 0.29923
0 0.212522 0.731228 0.0148785 0.0180047 0.299083
0 0.61899 0.364814 0.0162341 0.0421867 0.298966
0 0.155372 0.988934 0.0142831 0.0211297 0.298902
0 0.371742 0.643809 0.0136302 0.0198672 0.298885
0 0.117134 0.837204 0.0111351 0.0212726 0.29591
0 0.616202 0.121122 0.0130171 0.0256102 0.295452
0 0.277194 0.0493728 0.0166389 0.0325015 0.294492
0 0.329046 0.280295 0.0211177 0.0454892 0.293098
0 0.0404958 0.6512 0.0179378 0.0426046 0.292348
0 0.244313 0.476133 0.0138052 0.0255178 0.29103
0 0.794178 0.165847 0.0167728 0.0278369 0.289208
0 0.720871 0.730689 0.0194702 0.0383006 0.288902
0 0.316341 0.0636 0.0134193 0.022189 0.288899
0 0.657602 0.294042 0.0142157 0.0319589 0.288464
0 0.260521 0.528316 0.0136318 0.021225 0.288384
0 0.734942 0.547197 0.0113571 0.0309743 0.288119
0 0.0667261 0.907737 0.0129464 0.0153965 0.285969
0 0.135237 0.703791 0.0153307 0.0284838 0.284776
0 0.479194 0.90289 0.0223797 0.0348416 0.284002
0 0.703922 0.221736 0.0264681 0.0388999 0.283877
0 0.840362 0.189759 0.0110958 0.0272865 0.283783
0 0.119663 0.230209 0.00884581 0.0258211 0.28239
0 0.514654 0.898525 0.016505 0.0322384 0.281693
0 0.59421 0.861744 0.0209057 0.0376584 0.280961
0 0.620014 0.188973 0.0188128 0.0305839 0.277362
0 0.596827 0.859697 0.0157979 0.0339413 0.274613
0 0.3482 0.502147 0.0192867 0.0325358 0.272504
0 0.47748 0.773669 0.0137482 0.0250546 0.272284
0 0.0838889 0.0592396 0.021661 0.037337 0.270476
0 0.835574 0.259807 0.0159565 0.0283783 0.27011
0 0.27995 0.891926 0.0171939 0.0226147 0.269971
0 0.955554 0.511562 0.0286875 0.0571069 0.268983
0 0.034034 0.828034 0.0128862 0.0223558 0.267954
0 0.19424 0.767953 0.0145158 0.0236949 0.267773
0 0.48307 0.989626 0.0170997 0.0197229 0.267218
0 0.0452846 0.848853 0.0120489 0.0175416 0.265687
0 0.298979 0.587929 0.0144526 0.0323773 0.263884
0 0.82711 0.340013 0.0243114 0.0319972 0.263052
0 0.294487 0.440627 0.0230392 0.0332087 0.263002
0 0.475993 0.714311 0.0216534 0.0465863 0.262413
0 0.960389 0.205541 0.017238 0.0276782 0.262052
0 0.613516 0.0274832 0.0151733 0.0236915 0.261086
0 0.890796 0.921955 0.0176491 0.029943 0.258082
0 0.739531 0.866826 0.0169395 0.0244846 0.257463
0 0.582111 0.823851 0.00972805 0.0279305 0.256895
0 0.467226 0.461972 0.0133681 0.0254586 0.25594
0 0.589407 0.335451 0.0164946 0.0148983 0.255668
0 0.799522 0.279467 0.0121366 0.0202489 0.255403
0 0.408408 0.239352 0.0155636 0.0266143 0.254469
0 0.354223 0.2182 0.0189479 0.0236859 0.253353
0 0.217556 0.78942 0.00958805 0.0239505 0.25143
0 0.848243 0.600406 0.0193975 0.0354211 0.250851
0 0.613034 0.35609 0.0222535 0.0357798 0.24986
0 0.421396 0.542004 0.0142891 0.0326589 0.249791
0 0.451568 0.711779 0.0125191 0.0257594 0.248247
0 0.113173 0.374805 0.0102862 0.0269799 0.248087
0 0.344835 0.116437 0.0101774 0.023945 0.244945
0 0.0775474 0.692654 0.0158696 0.0256829 0.244407
0 0.0336864 0.895028 0.0152087 0.0155703 0.243782
0 0.442294 0.385127 0.0162856 0.0308473 0.243553
0 0.051127 0.287351 0.0194407 0.0333524 0.243537
0 0.772396 0.311183 0.0263856 0.0413144 0.2408
0 0.0263828 0.365203 0.0195465 0.0427698 0.24004
0 0.0410681 0.976434 0.0153392 0.0367279 0.237772
0 0.555687 0.755767 0.0225307 0.0518656 0.23727
0 0.129575 0.456008 0.010925 0.028141 0.237154
0 0.739914 0.373256 0.019308 0.0288289 0.235039
0 0.835531 0.942446 0.0156176 0.0204193 0.234012
0 0.779145 0.855562 0.0214752 0.0537999 0.233055
0 0.552823 0.506866 0.0256827 0.0364136 0.23287
0 0.279054 0.268103 0.0170291 0.020615 0.230737
0 0.83207 0.624745 0.0119789 0.0199045 0.230359
0 0.318672 0.985978 0.0188217 0.0269198 0.230083
0 0.469396 0.401847 0.0110201 0.0237851 0.229316
0 0.514634 0.482951 0.0187542 0.0370777 0.229048
0 0.0977332 0.171777 0.0186717 0.0327553 0.228729
0 0.21213 0.529907 0.0143035 0.0222677 0.227432
0 0.426626 0.387747 0.0131485 0.0323627 0.226553
0 0.477276 0.907544 0.021126 0.0341105 0.226397
0 0.34388 0.0380741 0.0147493 0.031854 0.225447
0 0.284856 0.0363261 0.0181021 0.0329729 0.225442
0 0.24255 0.559869 0.0141654 0.0242356 0.224074
0 0.0808625 0.253364 0.0136813 0.0229311 0.223975
0 0.470636 0.591258 0.0187157 0.0306531 0.222632
0 0.477984 0.98919 0.026675 0.0202372 0.220978
0 0.052205 0.654155 0.0175536 0.0339211 0.219213
0 0.99675 0.106471 0.00650044 0.0536043 0.218768
0 0.516177 0.700019 0.017713 0.0330891 0.218679
0 0.621866 0.368892 0.0135012 0.042338 0.218401
0 0.229196 0.991191 0.0169291 0.0171217 0.217456
0 0.406484 0.400807 0.0113343 0.0270474 0.21716
0 0.522422 0.469037 0.0185827 0.0373406 0.215413
0 0.423884 0.649863 0.0176441 0.0311439 0.214257
0 0.0384704 0.647011 0.0146838 0.0401611 0.211945
0 0.483734 0.393917 0.0178288 0.0303523 0.211829
0 0.830426 0.340632 0.0189228 0.0304631 0.211083
0 0.401409 0.837542 0.0150457 0.0317634 0.210564
0 0.447525 0.0301475 0.016913 0.0306937 0.210186
0 0.00883513 0.270485 0.0167588 0.0228014 0.209813
0 0.418491 0.913518 0.0137648 0.0226698 0.208736
0 0.118909 0.664678 0.019798 0.0341476 0.208246
0 0.0776697 0.870637 0.0139669 0.0214172 0.207729
0 0.1211 0.457085 0.0115689 0.0312461 0.207523
0 0.159913 0.395255 0.0133088 0.0237175 0.207174
0 0.40946 0.741156 0.0237043 0.032882 0.206917
0 0.643319 0.15168 0.0257787 0.0470866 0.206501
0 0.00289262 0.098129 0.00573818 0.0349439 0.206035
0 0.606223 0.765464 0.0186775 0.0482412 0.205773
0 0.154611 0.34033 0.0093318 0.0234256 0.205221
0 0.744699 0.863857 0.0111968 0.0268212 0.202772
0 0.454872 0.0481117 0.0183123 0.0270565 0.202736
0 0.477084 0.340027 0.0180754 0.0268942 0.201177
0 0.889859 0.751799 0.0287355 0.0386095 0.200659
0 0.0109049 0.738739 0.0210493 0.0279399 0.200477
0 0.506866 0.628311 0.015941 0.0309165 0.199794
0 0.252122 0.167309 0.0136219 0.0313723 0.198205
0 0.955795 0.528062 0.0293903 0.0315223 0.198098
0 0.354905 0.506123 0.0209062 0.0331563 0.197153
0 0.883877 0.107202 0.0199543 0.0278726 0.197139
0 0.157206 0.585276 0.0173185 0.0298864 0.196117
0 0.577389 0.797562 0.013493 0.0219915 0.194097
0 0.567016 0.596567 0.0111298 0.0256255 0.194061
0 0.742514 0.179257 0.0152813 0.0303012 0.194011
0 0.164106 0.313219 0.0158276 0.0280592 0.193574
0 0.442972 0.444751 0.0199177 0.0483482 0.192685
0 0.268205 0.00564113 0.0204134 0.010889 0.192398
0 0.239682 0.931712 0.0195241 0.0365146 0.192385
0 0.31161 0.839117 0.0173429 0.0240587 0.19094
0 0.450311 0.0361555 0.016715 0.0287199 0.190521
0 0.114432 0.225589 0.0142533 0.0295747 0.190137
0 0.363675 0.550154 0.0235601 0.0405018 0.190103
0 0.86771 0.810999 0.0220694 0.0405228 0.189147
0 0.457952 0.555081 0.0092989 0.0176475 0.188895
0 0.697516 0.00549524 0.0201283 0.0109905 0.187313
0 0.883165 0.160937 0.0162435 0.0318332 0.187241
0 0.57041 0.195768 0.0175034 0.0300284 0.187009
0 0.16936 0.589304 0.0205691 0.0334997 0.185577
0 0.678796 0.468105 0.0150891 0.026008 0.185091
0 0.824083 0.336349 0.0297546 0.0383154 0.18458
0 0.746714 0.533694 0.0158894 0.0207644 0.183695
0 0.369413 0.989592 0.020322 0.0201551 0.183656
0 0.953566 0.518326 0.0332382 0.051623 0.182508
0 0.835505 0.257225 0.0187494 0.0353962 0.180813
0 0.375696 0.224963 0.0143491 0.0215921 0.180798
0 0.168359 0.942449 0.0151479 0.031818 0.180798
0 0.478208 0.721225 0.0173536 0.034559 0.180526
0 0.741962 0.865249 0.0154711 0.0273916 0.177306
0 0.456051 0.55651 0.0102409 0.019848 0.175826
0 0.586398 0.42256 0.0203884 0.0299703 0.174281
0 0.613608 0.209414 0.017205 0.0254868 0.17311
0 0.479679 0.233116 0.0198097 0.0271386 0.172621
0 0.747059 0.227039 0.0124193 0.0185979 0.171916
0 0.0914282 0.0994399 0.0175708 0.0352044 0.171249
0 0.400753 0.0593966 0.0167459 0.0258654 0.169968
0 0.156002 0.581348 0.0176641 0.0279914 0.169873
0 0.463334 0.460954 0.0124632 0.0284686 0.168905
0 0.541492 0.56975 0.0228043 0.0422384 0.168472
0 0.506523 0.748274 0.0201187 0.0350979 0.168299
0 0.675215 0.0395625 0.0219931 0.0469434 0.168283
0 0.740154 0.53872 0.0129589 0.0215854 0.167262
0 0.603791 0.988914 0.0147378 0.0203935 0.167027
0 0.131621 0.455504 0.0122633 0.0266513 0.166784
0 0.459824 0.780047 0.0186804 0.0382294 0.166438
0 0.343337 0.451116 0.0191487 0.0393077 0.165923
0 0.609009 0.766624 0.0136572 0.0441411 0.16488
0 0.343353 0.327615 0.0196043 0.0232195 0.164535
0 0.269994 0.174532 0.0168525 0.0257457 0.163856
0 0.993725 0.0149935 0.0125494 0.0295145 0.163853
0 0.774555 0.0958926 0.0147666 0.0291539 0.16349
0 0.343099 0.99115 0.016797 0.0176114 0.163321
0 0.0289109 0.368683 0.0162687 0.0361132 0.162936
0 0.519271 0.367106 0.0158873 0.0357276 0.162479
0 0.913411 0.563881 0.0201832 0.0491256 0.162011
0 0.214068 0.0103694 0.0130995 0.0189435 0.161948
0 0.205283 0.585335 0.011154 0.0192868 0.161823
0 0.697716 0.597484 0.0198146 0.0344651 0.16181
0 0.744039 0.534087 0.0156267 0.0238859 0.16171
0 0.205132 0.42014 0.015998 0.0256155 0.161431
0 0.322738 0.439395 0.0160442 0.0234993 0.161356
0 0.0769854 0.684819 0.0150589 0.0250536 0.160898
0 0.754763 0.959093 0.0184111 0.0267273 0.15997
0 0.0351011 0.824996 0.0137395 0.0219279 0.157685
0 0.706586 0.843659 0.0191711 0.0306712 0.157654
0 0.0205462 0.201106 0.0150612 0.0231691 0.15557
0 0.475288 0.70804 0.0229137 0.0354499 0.155215
0 0.0445796 0.694828 0.0179333 0.0343028 0.154412
0 0.71302 0.263471 0.0156783 0.0234334 0.153234
0 0.234315 0.304238 0.0127893 0.0231455 0.152962
0 0.732414 0.550556 0.00936432 0.0316861 0.152583
0 0.119255 0.839513 0.0134629 0.0242611 0.152491
0 0.732337 0.375885 0.0158112 0.0234416 0.152311
0 0.428301 0.731337 0.00930119 0.0210056 0.152065
0 0.539882 0.82919 0.018829 0.0339449 0.150992
0 0.696762 0.504852 0.0124065 0.0267107 0.150903
0 0.301442 0.00725636 0.0148837 0.0136321 0.150877
0 0.472431 0.861329 0.0114559 0.0221356 0.150503
