0 0.202862 0.852611 0.0351508 0.0783207 0.710765
0 0.0914313 0.791825 0.0239133 0.0498664 0.683516
0 0.096204 0.648605 0.0199757 0.0370066 0.673773
0 0.125543 0.940978 0.0283535 0.0635093 0.67036
0 0.277478 0.196818 0.0214818 0.0398257 0.662739
0 0.64619 0.242593 0.0264897 0.0502822 0.662087
0 0.506081 0.202651 0.0314431 0.0491637 0.661472
0 0.291335 0.337694 0.0253073 0.0575732 0.658314
0 0.0838245 0.580844 0.0211605 0.0362083 0.650609
0 0.295987 0.267199 0.0222424 0.0408659 0.648501
0 0.525634 0.254631 0.0249592 0.037006 0.647593
0 0.275911 0.620952 0.0268436 0.0429693 0.645131
0 0.0282724 0.906684 0.0235214 0.0383877 0.637468
0 0.684587 0.275375 0.0245452 0.0522786 0.636088
0 0.591753 0.248011 0.0215109 0.037571 0.626812
0 0.405837 0.0460599 0.0203194 0.0433664 0.62267
0 0.111242 0.398978 0.031253 0.0504656 0.622239
0 0.410537 0.168673 0.0195541 0.0313493 0.619614
0 0.542692 0.215086 0.0262384 0.0425923 0.618883
0 0.492795 0.842437 0.0172332 0.0264296 0.616647
0 0.67106 0.231717 0.0214274 0.036508 0.610806
0 0.366564 0.963658 0.0309682 0.0523115 0.608831
0 0.0234806 0.969198 0.0337675 0.0597957 0.607857
0 0.474972 0.81824 0.017259 0.0280097 0.607727
0 0.523034 0.976384 0.0172237 0.0274562 0.6077
0 0.300634 0.184483 0.0190701 0.0328635 0.607225
0 0.429881 0.0108491 0.0243421 0.021109 0.606056
0 0.128336 0.216614 0.0197488 0.0359132 0.605308
0 0.764005 0.626185 0.0195398 0.027642 0.60132
0 0.50756 0.908328 0.0158339 0.0257451 0.601271
0 0.603831 0.580184 0.0180921 0.0335153 0.599338
0 0.465001 0.234483 0.019927 0.0368007 0.597074
0 0.469609 0.187007 0.0199602 0.0359681 0.594995
0 0.604995 0.703377 0.0191938 0.0313775 0.592504
0 0.10538 0.0846041 0.0157141 0.0219913 0.591903
0 0.361496 0.511714 0.0149901 0.0250305 0.591146
0 0.409813 0.511127 0.0319346 0.0586122 0.590303
0 0.492703 0.800414 0.0143099 0.0223445 0.588689
0 0.150031 0.567242 0.016281 0.0254935 0.58801
0 0.871164 0.274066 0.020311 0.0263446 0.582468
0 0.49138 0.883743 0.0161727 0.0251506 0.580712
0 0.611462 0.747864 0.0208828 0.034698 0.580616
0 0.601565 0.630399 0.02071 0.0439477 0.579949
0 0.372084 0.821889 0.0154832 0.0259498 0.579189
0 0.547915 0.917848 0.0146585 0.0235297 0.578125
0 0.352852 0.609376 0.01743 0.0294442 0.577264
0 0.504751 0.951606 0.0139986 0.0245717 0.577201
0 0.537542 0.813388 0.0141561 0.0247225 0.576195
0 0.755984 0.304707 0.0152448 0.0229939 0.576085
0 0.83645 0.327804 0.014669 0.02468 0.575568
0 0.531414 0.892715 0.0168303 0.0223548 0.570665
0 0.628372 0.596561 0.0202185 0.0331941 0.569643
0 0.921345 0.352827 0.0141041 0.0225662 0.569027
0 0.762539 0.2462 0.0140007 0.0218386 0.568807
0 0.00460519 0.171595 0.00921038 0.0204328 0.567632
0 0.870541 0.31696 0.0158375 0.0244211 0.566815
0 0.130074 0.523914 0.0148208 0.0233671 0.564528
0 0.00414376 0.0727889 0.00825704 0.0248424 0.564421
0 0.770939 0.467331 0.0143856 0.0214943 0.563649
0 0.589322 0.310377 0.0296415 0.0554057 0.563639
0 0.511952 0.869016 0.0155643 0.0247647 0.563098
0 0.421463 0.8813 0.0295973 0.0443146 0.561917
0 0.52194 0.297471 0.0237535 0.0352934 0.561293
0 0.751538 0.36588 0.0143937 0.0216822 0.560971
0 0.058054 0.05783 0.0145689 0.0239158 0.559913
0 0.67079 0.0323072 0.0145523 0.0226345 0.557485
0 0.151875 0.529924 0.0130631 0.0230875 0.557191
0 0.886302 0.345503 0.0144596 0.0221239 0.556576
0 0.463864 0.677946 0.0141489 0.0210901 0.55481
0 0.472855 0.645951 0.0141771 0.0227892 0.554639
0 0.589384 0.384326 0.0245192 0.0395555 0.553902
0 0.743518 0.330701 0.013802 0.0208684 0.552885
0 0.503808 0.770958 0.0146212 0.024349 0.552804
0 0.94608 0.303505 0.0141825 0.0222304 0.552449
0 0.0856093 0.089809 0.0143362 0.0214691 0.549295
0 0.148684 0.603654 0.0147625 0.0228348 0.548726
0 0.510593 0.822853 0.0135201 0.0226874 0.548168
0 0.0376157 0.0635827 0.0149283 0.0214035 0.546398
0 0.134439 0.49212 0.0157698 0.0216927 0.544397
0 0.436227 0.771232 0.01695 0.0262689 0.544269
0 0.0942127 0.121573 0.0145734 0.0223952 0.543963
0 0.917908 0.392044 0.0124634 0.0181652 0.542816
0 0.770172 0.277373 0.0133289 0.0194502 0.541675
0 0.157022 0.453249 0.0159474 0.0227473 0.54162
0 0.127538 0.564314 0.0153377 0.0235406 0.54126
0 0.469395 0.90119 0.0156804 0.0230387 0.541086
0 0.770659 0.371477 0.0137225 0.0218959 0.540285
0 0.255748 0.908975 0.0216337 0.0331392 0.539827
0 0.928648 0.275388 0.0139437 0.019034 0.539796
0 0.487492 0.926544 0.0168835 0.0217021 0.538088
0 0.876143 0.698176 0.0150925 0.0259332 0.537021
0 0.834834 0.423399 0.0135571 0.0235088 0.536442
0 0.0148469 0.134321 0.0144718 0.0211567 0.536276
0 0.473041 0.780768 0.014516 0.0195802 0.535243
0 0.466203 0.945595 0.0147853 0.0228105 0.534373
0 0.352606 0.798112 0.0144798 0.0247208 0.533973
0 0.890116 0.299046 0.014219 0.0227947 0.532748
0 0.941581 0.340203 0.0137421 0.0204933 0.531828
0 0.978719 0.351728 0.0135665 0.0202199 0.531516
0 0.749312 0.201302 0.0135471 0.0202447 0.531255
0 0.268955 0.139744 0.0167888 0.0322842 0.531188
0 0.0975737 0.53479 0.0324519 0.0518263 0.531172
0 0.0389233 0.163356 0.0141922 0.0216651 0.53053
0 0.784142 0.435248 0.0125971 0.0202166 0.529207
0 0.137503 0.18868 0.0203894 0.0338089 0.528232
0 0.765703 0.526183 0.0130457 0.0244522 0.527609
0 0.471853 0.859564 0.0141556 0.0236428 0.527452
0 0.0345951 0.131278 0.0131659 0.0185714 0.527206
0 0.00726711 0.104987 0.0136494 0.0224997 0.526243
0 0.0198504 0.0671235 0.0130114 0.0220545 0.526204
0 0.117814 0.147147 0.0143991 0.0219519 0.525316
0 0.763893 0.337343 0.0137478 0.0211539 0.524621
0 0.96142 0.327499 0.0139511 0.0186252 0.523738
0 0.159232 0.417585 0.013597 0.0194138 0.523596
0 0.338212 0.341152 0.0145084 0.0194145 0.522928
0 0.553836 0.698534 0.0142078 0.0196264 0.522699
0 0.545448 0.958749 0.0147036 0.0222008 0.52186
0 0.0967664 0.0523418 0.013887 0.0222366 0.521414
0 0.169263 0.265852 0.0134951 0.0176372 0.521223
0 0.520589 0.655651 0.0144181 0.0187741 0.520953
0 0.333703 0.863085 0.0138495 0.0206473 0.520426
0 0.0333214 0.0307855 0.0134879 0.0221434 0.520125
0 0.0116032 0.0345561 0.0153247 0.0207456 0.519964
0 0.249244 0.982897 0.0183421 0.0333158 0.519795
0 0.393385 0.807202 0.0159045 0.0228105 0.519768
0 0.981997 0.316163 0.0137398 0.0202513 0.51939
0 0.672199 0.0692612 0.013563 0.0202982 0.518956
0 0.173111 0.53389 0.0156685 0.0202571 0.518232
0 0.211577 0.2812 0.0153867 0.025726 0.517128
0 0.053002 0.130177 0.0134548 0.0187172 0.514239
0 0.841294 0.457022 0.0149452 0.0227566 0.514187
0 0.202263 0.432729 0.014687 0.0199712 0.513598
0 0.435269 0.412589 0.0130507 0.0214525 0.513098
0 0.866837 0.506385 0.0241428 0.0398561 0.512914
0 0.5419 0.729972 0.016649 0.0215576 0.512037
0 0.190311 0.64749 0.013649 0.0213082 0.512023
0 0.491162 0.66559 0.0139496 0.0233039 0.511727
0 0.214185 0.546485 0.0147457 0.0195396 0.511543
0 0.953855 0.203819 0.0163705 0.0286363 0.510625
0 0.467504 0.727616 0.0134207 0.0226976 0.510343
0 0.218602 0.0467773 0.0204626 0.0356413 0.509286
0 0.777429 0.499426 0.0133157 0.0212034 0.507845
0 0.314661 0.608419 0.0204996 0.0348201 0.507392
0 0.0406277 0.35403 0.0124951 0.0205736 0.506838
0 0.591591 0.211916 0.0222862 0.0339866 0.505508
0 0.169289 0.64339 0.0121325 0.0180366 0.505393
0 0.84381 0.360621 0.0137779 0.0202676 0.504894
0 0.765508 0.433399 0.0125614 0.0208227 0.503889
0 0.32863 0.150163 0.016511 0.0229922 0.503275
0 0.389391 0.401413 0.0137138 0.0199819 0.503151
0 0.184619 0.38704 0.0143146 0.0211789 0.502876
0 0.985552 0.278471 0.0138584 0.0214743 0.502181
0 0.964817 0.290365 0.0132425 0.0188977 0.502138
0 0.0136319 0.470848 0.0143968 0.020603 0.500231
0 0.497045 0.717194 0.0135513 0.0207248 0.499463
0 0.322388 0.31853 0.0131197 0.0229549 0.499382
0 0.772492 0.561484 0.0140761 0.022697 0.499234
0 0.00862975 0.581074 0.013575 0.0191732 0.499223
0 0.532175 0.761027 0.0140258 0.0218982 0.497942
0 0.0589936 0.426993 0.013475 0.0223762 0.496493
0 0.0709313 0.023006 0.0140037 0.0210448 0.496043
0 0.490789 0.529801 0.0131956 0.0194953 0.495202
0 0.745945 0.424443 0.0130264 0.0198863 0.495147
0 0.740658 0.0236475 0.0127789 0.0183136 0.494793
0 0.177349 0.460524 0.0124678 0.0202027 0.494714
0 0.776131 0.4043 0.0122728 0.0209396 0.494052
0 0.946667 0.750966 0.0155315 0.0231618 0.49166
0 0.0525696 0.53902 0.0129639 0.0228093 0.491615
0 0.976866 0.387973 0.0146435 0.0171339 0.491422
0 0.168505 0.307883 0.0120007 0.02117 0.490931
0 0.0828671 0.30973 0.0146172 0.0205048 0.490918
0 0.905043 0.326983 0.0126817 0.01813 0.490574
0 0.251149 0.0601234 0.0234296 0.0414804 0.4893
0 0.0812113 0.347612 0.0127661 0.019535 0.488492
0 0.033135 0.540396 0.0135362 0.0218157 0.488151
0 0.180917 0.423199 0.0166883 0.0176203 0.487492
0 0.838261 0.516974 0.015617 0.0242772 0.48741
0 0.0460813 0.243061 0.013306 0.0205303 0.487306
0 0.19374 0.235601 0.0140214 0.020143 0.487075
0 0.0453632 0.0982073 0.0150531 0.0190432 0.486205
0 0.866279 0.355523 0.0147572 0.0193841 0.485458
0 0.0657845 0.0928851 0.0132268 0.0180632 0.484421
0 0.146301 0.340603 0.0127663 0.0203781 0.484309
0 0.462554 0.539601 0.0138283 0.020262 0.483053
0 0.232995 0.820956 0.0350962 0.0745521 0.481858
0 0.379255 0.301093 0.0127018 0.0215878 0.48182
0 0.400747 0.373058 0.0124224 0.0233242 0.48153
0 0.502878 0.637592 0.0138716 0.0212179 0.481342
0 0.724481 0.0766793 0.014292 0.0178572 0.480273
0 0.878519 0.734674 0.0158052 0.0250192 0.479581
0 0.515375 0.739821 0.0133249 0.0201826 0.479404
0 0.0539224 0.501839 0.0133834 0.0213979 0.479318
0 0.535438 0.678051 0.0137945 0.0178904 0.478895
0 0.548091 0.78288 0.0152472 0.0210995 0.478388
0 0.929137 0.319116 0.0129364 0.0204706 0.478354
0 0.508917 0.688566 0.0134274 0.0186754 0.47826
0 0.374062 0.784895 0.0164895 0.0223637 0.478225
0 0.135368 0.667901 0.012486 0.0191252 0.477599
0 0.17307 0.500424 0.0124331 0.0213138 0.477204
0 0.353427 0.557906 0.0223856 0.0480106 0.47567
0 0.327724 0.236454 0.0141103 0.0245633 0.474436
0 0.0376808 0.390167 0.0132565 0.0202864 0.473563
0 0.959008 0.365979 0.0129492 0.0188962 0.473364
0 0.486392 0.751678 0.0143696 0.0218035 0.472383
0 0.742172 0.241644 0.0138327 0.0219065 0.472246
0 0.149898 0.63899 0.0128923 0.0201822 0.472186
0 0.521435 0.789356 0.0144207 0.0212627 0.471602
0 0.502809 0.500189 0.0127373 0.0195904 0.471409
0 0.344857 0.255207 0.012851 0.0187299 0.470119
0 0.526417 0.845739 0.013928 0.0190971 0.469752
0 0.103939 0.303378 0.0130417 0.0204859 0.469709
0 0.0757385 0.122469 0.0124388 0.018599 0.468668
0 0.352334 0.108445 0.0145712 0.0212205 0.467271
0 0.219027 0.00912311 0.0222582 0.01786 0.466479
0 0.708744 0.132184 0.011978 0.0180851 0.465887
0 0.740348 0.091468 0.0122119 0.0188798 0.464829
0 0.45219 0.435948 0.0130384 0.0191623 0.464587
0 0.730907 0.270598 0.0139488 0.0200958 0.463754
0 0.378543 0.434657 0.0137184 0.0197101 0.463559
0 0.276658 0.106373 0.0181692 0.0301478 0.463402
0 0.84687 0.301664 0.0143904 0.0216521 0.462814
0 0.739974 0.487975 0.0126773 0.0235023 0.462789
0 0.155259 0.672475 0.0127654 0.0188604 0.462785
0 0.0520157 0.0265756 0.0137487 0.0190988 0.462655
0 0.117367 0.0466155 0.0119512 0.0207926 0.462587
0 0.0800007 0.0554421 0.0132539 0.0196558 0.462252
0 0.022601 0.167779 0.0125845 0.0205407 0.462098
0 0.0111143 0.509635 0.0131939 0.0189603 0.461558
0 0.125358 0.0789494 0.0147721 0.0216809 0.460277
0 0.0271322 0.0977067 0.0126953 0.0194576 0.460003
0 0.156378 0.492054 0.0153649 0.0194819 0.458715
0 0.75838 0.398234 0.0135383 0.0194551 0.458144
0 0.17728 0.679067 0.0125529 0.0193522 0.457693
0 0.904941 0.368948 0.0136176 0.0179272 0.456839
0 0.497849 0.582981 0.0125437 0.0205931 0.456761
0 0.392371 0.842389 0.0136551 0.0211053 0.45657
0 0.0609159 0.352738 0.0126696 0.019745 0.45604
0 0.036743 0.43028 0.0137198 0.0189996 0.456025
0 0.342745 0.392544 0.0126058 0.0223444 0.455771
0 0.564235 0.985249 0.0151741 0.0254239 0.455407
0 0.192293 0.277688 0.014555 0.0190685 0.455164
0 0.527565 0.939222 0.0148061 0.0219045 0.455161
0 0.0342886 0.466696 0.0128888 0.0182963 0.455154
0 0.7542 0.0978551 0.0118439 0.0158056 0.455127
0 0.396402 0.319963 0.0116352 0.0206599 0.453476
0 0.354596 0.361802 0.0125634 0.020383 0.453407
0 0.570485 0.856476 0.0124086 0.0213977 0.453331
0 0.228773 0.917447 0.0258883 0.0620076 0.453283
0 0.164347 0.344773 0.0127839 0.018993 0.452475
0 0.126062 0.598923 0.0158453 0.0207932 0.450712
0 0.49125 0.394413 0.0136948 0.0181236 0.450555
0 0.152072 0.978001 0.0226909 0.0421926 0.450349
0 0.513777 0.604981 0.0132875 0.022295 0.450276
0 0.72089 0.0475691 0.0130126 0.0184026 0.449704
0 0.791496 0.5686 0.0134247 0.0231011 0.449697
0 0.426184 0.882449 0.0250593 0.0404968 0.449395
0 0.459128 0.760551 0.012355 0.0191189 0.449256
0 0.909618 0.290271 0.0140598 0.0201752 0.44844
0 0.251815 0.876105 0.0227827 0.0305261 0.448146
0 0.996626 0.34016 0.00674801 0.0214616 0.448107
0 0.462214 0.975488 0.0156545 0.0244354 0.447509
0 0.184672 0.348794 0.0125358 0.0188395 0.447346
0 0.196628 0.503562 0.012902 0.0231765 0.446435
0 0.514265 0.469726 0.013973 0.0203934 0.445925
0 0.784785 0.530019 0.0120644 0.0187066 0.444574
0 0.656498 0.0870943 0.0121027 0.0178423 0.444534
0 0.72806 0.177779 0.0134087 0.0214494 0.4443
0 0.70902 0.0964388 0.0123766 0.0192769 0.443845
0 0.175777 0.0354144 0.0135338 0.0211661 0.443671
0 0.21433 0.244111 0.0123708 0.0196323 0.443464
0 0.170215 0.608195 0.0136314 0.018121 0.44317
0 0.543494 0.866926 0.0166819 0.0220083 0.442969
0 0.752744 0.459657 0.0125243 0.0192685 0.442428
0 0.480254 0.424316 0.0141819 0.0214783 0.442397
0 0.0317599 0.579363 0.0136713 0.0189392 0.442365
0 0.508832 0.549671 0.0127018 0.0204801 0.440645
0 0.0611268 0.317244 0.0130599 0.019889 0.440494
0 0.567332 0.415159 0.0200556 0.0313168 0.440148
0 0.189433 0.310667 0.0136953 0.0178747 0.439907
0 0.995153 0.373382 0.00969353 0.0205653 0.439073
0 0.204913 0.389557 0.012307 0.0207292 0.439072
0 0.676281 0.101672 0.0123257 0.020091 0.438658
0 0.635803 0.719028 0.0252394 0.0388092 0.438
0 0.190018 0.616493 0.0119538 0.0207497 0.437406
0 0.465317 0.405106 0.0123444 0.021342 0.435333
0 0.0129568 0.54575 0.0135475 0.0219586 0.434765
0 0.37317 0.250016 0.0147566 0.0207108 0.434045
0 0.327039 0.805991 0.0141754 0.0207743 0.433737
0 0.745213 0.520964 0.0145075 0.019632 0.43261
0 0.829712 0.391116 0.013089 0.017675 0.432564
0 0.451372 0.70651 0.0142546 0.0227003 0.432456
0 0.476345 0.507119 0.0118132 0.02275 0.431975
0 0.525083 0.572699 0.0131429 0.021285 0.431666
0 0.440776 0.468062 0.0138348 0.0219021 0.430686
0 0.229314 0.928968 0.0245928 0.0403459 0.429854
0 0.484688 0.615427 0.0171173 0.0206694 0.426712
0 0.70561 0.060977 0.0145472 0.0199779 0.425676
0 0.469688 0.458101 0.0126951 0.0206648 0.424879
0 0.419149 0.747511 0.0139577 0.0190531 0.42484
0 0.372249 0.102501 0.0132858 0.0195657 0.423655
0 0.142046 0.376343 0.013635 0.0190842 0.423607
0 0.327232 0.371618 0.0130213 0.0169053 0.423264
0 0.947595 0.272873 0.0142864 0.023804 0.421548
0 0.615975 0.256177 0.0236333 0.0399139 0.420935
0 0.732677 0.454716 0.0130105 0.0185972 0.420422
0 0.105735 0.266969 0.0124801 0.022619 0.42026
0 0.363544 0.2762 0.0130149 0.0205162 0.419868
0 0.152823 0.150369 0.0267228 0.0541315 0.41836
0 0.966627 0.763979 0.0139786 0.0206926 0.416776
0 0.730206 0.359362 0.013858 0.0199378 0.416366
0 0.112657 0.116852 0.0120713 0.0214411 0.415929
0 0.481344 0.560793 0.0115035 0.0232567 0.415604
0 0.564521 0.803676 0.0117566 0.0193831 0.413809
0 0.542131 0.59678 0.0123453 0.019219 0.413255
0 0.364907 0.135432 0.0136215 0.021043 0.413238
0 0.0591696 0.159792 0.0122655 0.0185272 0.412854
0 0.749834 0.271118 0.0132757 0.0180174 0.412666
0 0.0840324 0.269252 0.0139318 0.0188764 0.412282
0 0.64252 0.179316 0.0159553 0.0208063 0.412194
0 0.558541 0.750838 0.0133953 0.0172468 0.41138
0 0.23591 0.543889 0.0174377 0.0354931 0.411266
0 0.0167077 0.436351 0.0117601 0.0211529 0.41049
0 0.349774 0.882565 0.0135057 0.0202786 0.409318
0 0.148878 0.303073 0.0129163 0.0196715 0.40848
0 0.399795 0.764697 0.0138528 0.0228322 0.406994
0 0.358778 0.713806 0.0139516 0.0196513 0.405894
0 0.0646757 0.274945 0.0125599 0.0182153 0.405439
0 0.715238 0.446149 0.0132236 0.0187242 0.404665
0 0.654838 0.0524217 0.0127935 0.0207287 0.402379
0 0.552887 0.835042 0.0138827 0.019862 0.402094
0 0.371943 0.380129 0.0130706 0.0187154 0.400451
0 0.845789 0.0783567 0.0136592 0.0194734 0.399648
0 0.80207 0.536563 0.0133603 0.0175531 0.398634
0 0.687137 0.0471572 0.0119069 0.0181342 0.398543
0 0.360807 0.0748972 0.0132396 0.022151 0.39852
0 0.211859 0.620398 0.0134787 0.0220532 0.398149
0 0.212729 0.58713 0.0149384 0.0178713 0.398148
0 0.0544304 0.4626 0.0117633 0.0215423 0.39783
0 0.348749 0.0158406 0.0220709 0.0316812 0.397162
0 0.546843 0.51208 0.0134304 0.0204234 0.39708
0 0.576563 0.775868 0.0113108 0.0201379 0.396786
0 0.15691 0.0388967 0.0147112 0.0243584 0.396678
0 0.43699 0.812527 0.0146505 0.0206156 0.396521
0 0.567021 0.942948 0.0133146 0.0184862 0.396369
0 0.485172 0.475568 0.0123941 0.0182149 0.396363
0 0.0444207 0.279524 0.0115489 0.019112 0.396159
0 0.308712 0.881216 0.0135035 0.0201928 0.396052
0 0.829994 0.0980634 0.0127449 0.0185545 0.394475
0 0.311391 0.0203846 0.0315647 0.0396406 0.394339
0 0.209473 0.31569 0.0139608 0.0186572 0.394312
0 0.690738 0.687067 0.0159018 0.0310816 0.394283
0 0.127388 0.31839 0.0223553 0.0386506 0.393087
0 0.626084 0.166724 0.0144854 0.0195464 0.391046
0 0.00497664 0.330194 0.00995328 0.0257611 0.39089
0 0.423027 0.144408 0.012364 0.0212049 0.389326
0 0.136206 0.0451875 0.0153938 0.0235689 0.388674
0 0.168459 0.00847563 0.0157276 0.0166143 0.388557
0 0.414505 0.344305 0.0134145 0.0201727 0.38542
0 0.211302 0.652205 0.0104463 0.01844 0.384575
0 0.448889 0.948091 0.0133651 0.018738 0.381862
0 0.841813 0.267124 0.0134113 0.0159833 0.381148
0 0.896506 0.746783 0.0130985 0.0209242 0.380317
0 0.866741 0.0886085 0.0137085 0.0174285 0.379588
0 0.289007 0.899116 0.0125813 0.0190877 0.379443
0 0.27142 0.056601 0.0140973 0.026674 0.378851
0 0.452163 0.148842 0.0142477 0.0232431 0.377418
0 0.815933 0.414827 0.0122572 0.0181985 0.377188
0 0.531661 0.622481 0.0137072 0.0192691 0.376689
0 0.809972 0.290535 0.0124203 0.0173354 0.376217
0 0.429881 0.364522 0.0114021 0.0199256 0.37437
0 0.400055 0.934034 0.0204479 0.043234 0.373602
0 0.417184 0.79033 0.0130648 0.0184465 0.37357
0 0.740372 0.0580753 0.0126406 0.0172334 0.372634
0 0.475568 0.373801 0.0148053 0.0242658 0.371146
0 0.200974 0.0230695 0.0177872 0.0288823 0.369255
0 0.163725 0.379216 0.0109439 0.0194959 0.369083
0 0.19029 0.581078 0.0143681 0.0174719 0.368812
0 0.407214 0.288413 0.0117762 0.0182891 0.36881
0 0.525044 0.708764 0.0142693 0.0165476 0.368797
0 0.0169471 0.395577 0.0138898 0.0195243 0.367077
0 0.304207 0.794038 0.014664 0.0228512 0.366707
0 0.645347 0.483883 0.0179541 0.0325297 0.36638
0 0.387189 0.159802 0.013728 0.0258025 0.36459
0 0.455237 0.79559 0.018283 0.0245221 0.364509
0 0.56042 0.886848 0.0134386 0.0203413 0.362503
0 0.00719139 0.00748891 0.0138262 0.0149778 0.361898
0 0.481581 0.263573 0.0241034 0.0356121 0.361884
0 0.425586 0.715906 0.0138252 0.0175201 0.361785
0 0.0802091 0.155871 0.0143095 0.019832 0.360818
0 0.820031 0.190649 0.0137871 0.0202481 0.360592
0 0.424337 0.217522 0.0232597 0.0402637 0.358335
0 0.726575 0.111899 0.0140318 0.0176596 0.35813
0 0.881548 0.768526 0.0155716 0.0229735 0.356375
0 0.759793 0.494466 0.0121658 0.0168118 0.355955
0 0.689771 0.0801673 0.0130961 0.0205588 0.355218
0 0.883589 0.378519 0.0132636 0.0193892 0.355135
0 0.637802 0.642951 0.0201489 0.0324935 0.352882
0 0.078284 0.41907 0.0118217 0.0188712 0.350025
0 0.238324 0.829771 0.0232114 0.0576141 0.345534
0 0.483745 0.261007 0.0282837 0.0436096 0.345313
0 0.802056 0.256402 0.0130013 0.0190099 0.34512
0 0.152163 0.229731 0.0130711 0.0164055 0.341636
0 0.299522 0.703953 0.0184626 0.0302945 0.341002
0 0.378636 0.740241 0.0135198 0.0192495 0.340391
0 0.677405 0.137695 0.0109934 0.0178965 0.339111
0 0.993175 0.403385 0.0134956 0.0166858 0.338648
0 0.475424 0.00780712 0.0274021 0.0149498 0.338366
0 0.82107 0.262594 0.0134649 0.0213289 0.338317
0 0.341142 0.777362 0.0149812 0.0267846 0.336983
0 0.753229 0.55533 0.0119558 0.0178287 0.335868
0 0.0355466 0.503304 0.0115752 0.0172613 0.335531
0 0.709913 0.415413 0.0127169 0.0178466 0.334968
0 0.104945 0.343057 0.0162911 0.0273898 0.334535
0 0.554466 0.564162 0.0120182 0.019557 0.334482
0 0.429606 0.214665 0.0346107 0.0456753 0.333949
0 0.301469 0.15518 0.0199684 0.0313589 0.333757
0 0.613332 0.482681 0.0200974 0.03531 0.331713
0 0.990742 0.843629 0.0157219 0.0231584 0.331226
0 0.127667 0.634061 0.0116722 0.0201113 0.330663
0 0.384978 0.350991 0.0128507 0.0203382 0.329642
0 0.436398 0.686277 0.0145079 0.0225033 0.329426
0 0.0589925 0.387658 0.0126041 0.0181342 0.328172
0 0.413339 0.586914 0.0236207 0.0412153 0.327782
0 0.639791 0.0752374 0.0132511 0.0172138 0.327207
0 0.457076 0.488702 0.0128095 0.0195751 0.325421
0 0.295978 0.860204 0.0124646 0.016626 0.324722
0 0.755517 0.0749758 0.0121212 0.0209549 0.324639
0 0.310665 0.484091 0.0124016 0.0194205 0.323953
0 0.110903 0.0136093 0.0142747 0.0233722 0.32275
0 0.636692 0.0439559 0.0133897 0.019088 0.322323
0 0.675684 0.713916 0.0191952 0.0371997 0.321984
0 0.321033 0.453211 0.0124992 0.0225394 0.321769
0 0.405768 0.11212 0.0131228 0.0198273 0.317489
0 0.381584 0.569625 0.0229988 0.0391036 0.3153
0 0.778028 0.0566939 0.0134149 0.0191171 0.314282
0 0.169105 0.873728 0.0267318 0.0361881 0.313734
0 0.497588 0.448395 0.0110512 0.0197024 0.31298
0 0.36758 0.330556 0.0120664 0.0168595 0.311554
0 0.790241 0.471455 0.0122119 0.0159224 0.311376
0 0.340271 0.20426 0.0117496 0.0188221 0.310304
0 0.376346 0.534305 0.0228331 0.0358033 0.309808
0 0.201196 0.467268 0.012769 0.0217147 0.308325
0 0.63963 0.434643 0.0234414 0.0463567 0.306841
0 0.447554 0.384505 0.013109 0.0175042 0.306293
0 0.00613542 0.218896 0.01193 0.0203367 0.303326
0 0.555654 0.27404 0.0292627 0.0484522 0.3011
0 0.619333 0.674341 0.0180939 0.0314518 0.300607
0 0.0692541 0.740767 0.0345411 0.0653817 0.300496
0 0.831805 0.0677316 0.0124102 0.0189202 0.298585
0 0.352176 0.309488 0.0113918 0.0208793 0.298096
0 0.730306 0.206792 0.0139364 0.0173734 0.296007
0 0.914845 0.243952 0.0145302 0.0244874 0.295259
0 0.139334 0.415662 0.0135299 0.0192428 0.292949
0 0.657146 0.751262 0.0197605 0.0288657 0.292777
0 0.602946 0.0814334 0.0121237 0.0176611 0.291971
0 0.795604 0.508595 0.0127583 0.0197216 0.291087
0 0.0755007 0.458115 0.0156895 0.0227531 0.289831
0 0.546027 0.648057 0.0129473 0.0193097 0.288146
0 0.284725 0.664971 0.024716 0.0393399 0.28799
0 0.460939 0.0436074 0.0133919 0.0203573 0.287539
0 0.412339 0.825519 0.0138306 0.0210002 0.287158
0 0.327542 0.902338 0.0135311 0.0164836 0.286955
0 0.411505 0.538076 0.0217384 0.0298635 0.286389
0 0.853301 0.184886 0.0128658 0.0160639 0.285215
0 0.571387 0.72089 0.0126026 0.0196304 0.284441
0 0.383936 0.21339 0.0138981 0.0183515 0.284431
0 0.22209 0.433632 0.0155805 0.022051 0.284037
0 0.863459 0.756907 0.0162989 0.0246941 0.282057
0 0.388569 0.0369176 0.0127394 0.0177419 0.280969
0 0.519786 0.520878 0.0126551 0.0201253 0.280693
0 0.401597 0.720412 0.0131581 0.017827 0.278273
0 0.900039 0.779428 0.0172407 0.0237101 0.276878
0 0.227409 0.128388 0.021783 0.028462 0.274722
0 0.941492 0.377187 0.0152035 0.0211925 0.274613
0 0.469185 0.59162 0.012145 0.0175349 0.274517
0 0.30986 0.347959 0.0122913 0.0183938 0.272714
0 0.985841 0.80777 0.0131847 0.023996 0.27267
0 0.417514 0.594494 0.0319447 0.0581419 0.270574
0 0.510846 0.418797 0.0148956 0.0208171 0.27045
0 0.207328 0.353946 0.0155303 0.0206244 0.269908
0 0.922276 0.204111 0.0156616 0.0264501 0.269881
0 0.19359 0.0586278 0.0164509 0.0359013 0.269755
0 0.877332 0.156739 0.0147247 0.022083 0.266492
0 0.829189 0.480845 0.0135895 0.0180991 0.26649
0 0.603402 0.0458483 0.0130664 0.0214153 0.263159
0 0.177758 0.124718 0.0114055 0.0175809 0.262024
0 0.795821 0.102031 0.0114843 0.0179202 0.261238
0 0.6556 0.018137 0.0118745 0.018237 0.260571
0 0.432011 0.198836 0.0400055 0.0676844 0.260143
0 0.0654172 0.243725 0.0139154 0.0228881 0.258892
0 0.442913 0.739551 0.0134167 0.0213503 0.258266
0 0.376808 0.00891406 0.0131629 0.017546 0.256332
0 0.89392 0.71199 0.0141991 0.0204931 0.253761
0 0.643291 0.63788 0.0296028 0.0373756 0.251908
0 0.27262 0.691059 0.0240267 0.0368778 0.250939
0 0.656266 0.665712 0.0155987 0.028699 0.250753
0 0.383221 0.569222 0.0281555 0.0481972 0.25065
0 0.850946 0.393326 0.015295 0.0196498 0.249764
0 0.122004 0.833481 0.0415394 0.0679413 0.248751
0 0.619967 0.0251166 0.0147519 0.0215651 0.248708
0 0.287482 0.58588 0.0191655 0.0369301 0.248317
0 0.616826 0.224983 0.0209364 0.0327116 0.248199
0 0.635703 0.55957 0.0184766 0.0369773 0.247408
0 0.65769 0.286266 0.021641 0.0394949 0.246679
0 0.760245 0.0380163 0.0121428 0.0163762 0.246215
0 0.742064 0.126916 0.0125397 0.0151235 0.246174
0 0.829714 0.295221 0.0112452 0.0177889 0.245732
0 0.420139 0.957191 0.0258087 0.0373701 0.241635
0 0.229925 0.625413 0.0134476 0.0222651 0.239632
0 0.724227 0.00708281 0.0117627 0.0139926 0.239233
0 0.665246 0.655412 0.0190556 0.0388789 0.23715
0 0.814625 0.0846189 0.0118317 0.0192204 0.236549
0 0.26663 0.579381 0.0209396 0.0354493 0.235619
0 0.497951 0.991457 0.0218471 0.0162035 0.235317
0 0.172917 0.234087 0.0161747 0.0192041 0.234343
0 0.389672 0.984546 0.0256519 0.030413 0.233634
0 0.735871 0.300519 0.0141463 0.0184843 0.233565
0 0.306341 0.921459 0.0128753 0.0186774 0.23217
0 0.480186 0.699749 0.0132263 0.0179682 0.232121
0 0.197056 0.123512 0.0146804 0.0196444 0.230648
0 0.458488 0.0747388 0.0119074 0.0195787 0.230185
0 0.218289 0.47225 0.0148952 0.0229638 0.229685
0 0.195825 0.542751 0.0116759 0.0166403 0.229659
0 0.772901 0.0184931 0.0112001 0.0162218 0.229174
0 0.950209 0.783341 0.0123081 0.0213762 0.225149
0 0.815761 0.32129 0.013586 0.0181403 0.224283
0 0.45791 0.355246 0.0116765 0.0177477 0.223792
0 0.179005 0.927994 0.0226265 0.0353522 0.221073
0 0.126903 0.867751 0.0252688 0.0377314 0.219845
0 0.868843 0.46952 0.0223515 0.0397257 0.219218
0 0.232617 0.588863 0.0138795 0.0192067 0.219193
0 0.658685 0.66397 0.0155588 0.0300512 0.219093
0 0.310826 0.83773 0.0111387 0.0184002 0.218849
0 0.320666 0.0831677 0.0266874 0.0420529 0.218674
0 0.122309 0.698392 0.01149 0.0175978 0.217571
0 0.57123 0.0189481 0.0132067 0.0209571 0.216781
0 0.932606 0.205227 0.0167942 0.0267406 0.215415
0 0.560293 0.616929 0.0129262 0.0201395 0.215316
0 0.28109 0.726127 0.0230121 0.0347121 0.214524
0 0.575293 0.455124 0.021862 0.0290899 0.209971
0 0.623631 0.129702 0.0130666 0.019838 0.207852
0 0.240431 0.096058 0.0196159 0.0293875 0.207127
0 0.0684263 0.674774 0.0333381 0.0562575 0.206617
0 0.135409 0.452854 0.01494 0.0208854 0.206575
0 0.956348 0.398087 0.0135314 0.0206563 0.206069
0 0.564041 0.667617 0.0135316 0.0179299 0.205874
0 0.925884 0.204364 0.02181 0.0275683 0.205719
0 0.223329 0.398938 0.0148685 0.025322 0.205687
0 0.244496 0.493939 0.0300707 0.041473 0.205663
0 0.421849 0.0913427 0.0135174 0.0173581 0.204758
0 0.553126 0.27714 0.0230976 0.0419103 0.20252
0 0.338994 0.475748 0.0135658 0.0196277 0.20041
0 0.430116 0.885188 0.0206627 0.0347397 0.199771
0 0.558764 0.268834 0.0289584 0.0490393 0.198479
0 0.316747 0.400865 0.0142024 0.0210144 0.19833
0 0.964282 0.247075 0.0170277 0.0197992 0.197042
0 0.0972282 0.157011 0.0131261 0.02212 0.19616
0 0.289651 0.126317 0.0205525 0.0404362 0.195338
0 0.590137 0.51997 0.0175018 0.0309833 0.194809
0 0.293577 0.115295 0.0239951 0.0498682 0.194525
0 0.440879 0.245941 0.0191696 0.0337568 0.193267
0 0.251218 0.128499 0.0172794 0.03115 0.19257
0 0.333909 0.592873 0.0218198 0.0343446 0.192494
0 0.407143 0.424132 0.0103476 0.0199255 0.191699
0 0.150896 0.267096 0.0125373 0.0163169 0.189724
0 0.333997 0.111923 0.0105395 0.0187998 0.189328
0 0.810977 0.0454252 0.0153921 0.0170436 0.187532
0 0.389057 0.267906 0.0103482 0.0220651 0.185742
0 0.83249 0.168227 0.0191818 0.0213078 0.18331
0 0.362985 0.656517 0.0195242 0.0348979 0.181284
0 0.440646 0.984063 0.0137299 0.0209054 0.18102
0 0.290178 0.584478 0.0231269 0.0416806 0.180204
0 0.613906 0.433768 0.0174943 0.0344879 0.178957
0 0.287434 0.131046 0.0164815 0.0312858 0.178148
0 0.794527 0.0670878 0.0128025 0.0168788 0.175959
0 0.969028 0.797821 0.014616 0.0206267 0.175468
0 0.374943 0.639138 0.0248144 0.0435958 0.175164
0 0.197229 0.199934 0.0140071 0.0211515 0.174366
0 0.153252 0.985902 0.0215449 0.0281952 0.173303
0 0.726639 0.358935 0.0209104 0.0199404 0.171261
0 0.954151 0.819072 0.0148685 0.0190676 0.170379
0 0.872999 0.200152 0.016354 0.0221288 0.169463
0 0.450781 0.568118 0.0119454 0.0196465 0.169349
0 0.0417356 0.316108 0.0120073 0.0139195 0.169055
0 0.717885 0.29291 0.0143449 0.0214561 0.168972
0 0.631422 0.290029 0.0195099 0.0390396 0.168656
0 0.350813 0.442227 0.0120176 0.0219492 0.167371
0 0.0557303 0.837902 0.0272379 0.047447 0.16713
0 0.486444 0.344516 0.0157475 0.0228445 0.166437
0 0.35131 0.176405 0.0104515 0.0187806 0.166125
0 0.777613 0.125161 0.0138107 0.0174131 0.166114
0 0.706848 0.632048 0.0233711 0.0332178 0.165926
0 0.932255 0.321017 0.00833524 0.0190826 0.165872
0 0.332243 0.285095 0.00935122 0.0201287 0.164249
0 0.170251 0.574077 0.0160163 0.0136026 0.164047
0 0.995676 0.338902 0.00864754 0.0223901 0.163468
0 0.868307 0.485249 0.0236978 0.0673823 0.163386
0 0.646317 0.636929 0.0258526 0.032388 0.162975
0 0.672621 0.489994 0.0333352 0.0545128 0.16246
0 0.367763 0.466125 0.0149482 0.0145981 0.161949
0 0.584686 0.484176 0.018104 0.0244802 0.161804
0 0.452374 0.876041 0.014187 0.0198643 0.161646
0 0.307246 0.018963 0.022237 0.0368525 0.161083
0 0.394737 0.456521 0.0138436 0.0186969 0.16035
0 0.217773 0.159624 0.0220127 0.0363732 0.160173
0 0.0362573 0.865472 0.0308212 0.0306373 0.159874
0 0.984649 0.774765 0.0121262 0.0230781 0.159582
0 0.589747 0.13611 0.0122013 0.0182701 0.158474
0 0.537721 0.543076 0.0122723 0.0206284 0.15793
0 0.688626 0.690893 0.0140873 0.0292759 0.156605
0 0.453225 0.83508 0.012302 0.0141376 0.156262
0 0.402978 0.142097 0.014236 0.0171363 0.15556
0 0.420956 0.394607 0.0112232 0.0147702 0.154854
0 0.793517 0.0357926 0.0146401 0.021141 0.154038
0 0.439471 0.183439 0.0259684 0.0356212 0.153014
0 0.438023 0.0848384 0.0133977 0.0168051 0.152804
0 0.4928 0.0839247 0.0127708 0.0199775 0.15197
0 0.656459 0.281776 0.0199546 0.0337483 0.150858
0 0.0796225 0.385913 0.0105011 0.0154193 0.15072
