0 0.193464 0.845495 0.0269969 0.0450165 0.718032
0 0.41943 0.153427 0.0342703 0.063856 0.699498
0 0.0692544 0.439508 0.0202469 0.0380612 0.690017
0 0.206389 0.657895 0.0247023 0.0457475 0.68646
0 0.274049 0.684597 0.0200714 0.0369242 0.679556
0 0.648703 0.864743 0.0184428 0.0340146 0.675178
0 0.0820935 0.753118 0.0239509 0.043497 0.671328
0 0.726015 0.907435 0.0201502 0.0381853 0.668927
0 0.215638 0.363354 0.0208633 0.0337405 0.668121
0 0.175627 0.772788 0.0202598 0.0422496 0.667037
0 0.793449 0.1357 0.0222131 0.0368437 0.6667
0 0.752054 0.157293 0.0290399 0.0608021 0.664831
0 0.293462 0.848617 0.020738 0.0452901 0.66117
0 0.238734 0.636344 0.0189194 0.0384321 0.660891
0 0.0151524 0.805449 0.0209226 0.0433951 0.65892
0 0.313057 0.634676 0.0171548 0.0306998 0.658558
0 0.853216 0.304069 0.0223427 0.0316972 0.657741
0 0.592989 0.509608 0.0205991 0.0434738 0.657655
0 0.153177 0.615233 0.0196874 0.0405497 0.657253
0 0.0377884 0.403641 0.0212983 0.0373433 0.656542
0 0.183033 0.712443 0.0186399 0.0354399 0.65643
0 0.983031 0.692492 0.0288589 0.0473811 0.655089
0 0.851621 0.34785 0.0184158 0.0330965 0.652744
0 0.813353 0.220019 0.0197292 0.0377258 0.649228
0 0.81351 0.458728 0.0216 0.0338621 0.647678
0 0.299188 0.674119 0.0202254 0.0380714 0.647671
0 0.392214 0.217337 0.0221372 0.0374505 0.647388
0 0.43634 0.973563 0.0204948 0.0343458 0.645781
0 0.132528 0.349484 0.0221551 0.0382363 0.645585
0 0.130005 0.119488 0.0207306 0.0325397 0.644895
0 0.26222 0.215386 0.0228999 0.0360906 0.644655
0 0.406748 0.820705 0.0199635 0.036672 0.643513
0 0.307136 0.772065 0.0223419 0.0327053 0.640773
0 0.861353 0.439637 0.0197704 0.0314801 0.63771
0 0.178629 0.355156 0.0230658 0.0393619 0.637316
0 0.086465 0.051819 0.0180971 0.035058 0.636005
0 0.0512059 0.497912 0.0215506 0.037775 0.635706
0 0.387381 0.88705 0.0182751 0.0336416 0.632923
0 0.789634 0.743745 0.0174797 0.0284233 0.632611
0 0.932825 0.0247371 0.0210772 0.0399906 0.63193
0 0.255025 0.12036 0.0228228 0.0408363 0.631492
0 0.117068 0.395909 0.0271199 0.0406937 0.630226
0 0.204995 0.417356 0.0215721 0.035386 0.627791
0 0.981891 0.499295 0.0207611 0.0395872 0.627071
0 0.493933 0.693722 0.0174237 0.0359658 0.626462
0 0.679087 0.947391 0.0185678 0.0371795 0.626455
0 0.355651 0.398534 0.018672 0.033404 0.626364
0 0.707625 0.892989 0.0126993 0.0293264 0.626
0 0.151638 0.535815 0.0223841 0.038377 0.62596
0 0.398807 0.419606 0.0168353 0.0366791 0.625223
0 0.154126 0.666934 0.0212347 0.0450138 0.621756
0 0.413782 0.273787 0.0164682 0.028041 0.621287
0 0.774571 0.845259 0.021138 0.042842 0.620128
0 0.00792047 0.905861 0.0156839 0.0520101 0.619906
0 0.518583 0.680206 0.0206355 0.0314384 0.619901
0 0.355372 0.0912332 0.0250362 0.0367474 0.619387
0 0.405105 0.5155 0.018499 0.0349336 0.618053
0 0.251634 0.16847 0.0201973 0.0355593 0.614703
0 0.368549 0.679979 0.0186368 0.0315733 0.614321
0 0.656098 0.905732 0.0159113 0.0273921 0.61379
0 0.564559 0.843426 0.0202625 0.0335876 0.612661
0 0.475927 0.898192 0.0167443 0.0297045 0.612585
0 0.155813 0.351054 0.0176121 0.0382022 0.611173
0 0.0941246 0.945669 0.0225946 0.0426514 0.610991
0 0.885698 0.354931 0.0193485 0.036013 0.61094
0 0.650793 0.748814 0.0235806 0.0404965 0.609708
0 0.115279 0.249687 0.0242332 0.0375544 0.609279
0 0.289728 0.266166 0.0218043 0.038752 0.607968
0 0.285054 0.803133 0.0179547 0.0338267 0.606887
0 0.536394 0.862015 0.0174273 0.0330249 0.605497
0 0.407257 0.651371 0.0209476 0.0339263 0.603964
0 0.354013 0.167614 0.0166505 0.0279216 0.598972
0 0.382116 0.844063 0.0179741 0.0338823 0.598801
0 0.313069 0.814819 0.0172857 0.0327735 0.598184
0 0.691751 0.907119 0.0163692 0.0302765 0.597425
0 0.976284 0.401187 0.0309517 0.0454571 0.597348
0 0.587913 0.746514 0.0191643 0.0351573 0.596353
0 0.363701 0.868139 0.020132 0.0400231 0.595915
0 0.515047 0.879705 0.0209024 0.0367792 0.595835
0 0.391491 0.066753 0.015762 0.0328506 0.595661
0 0.0325189 0.841117 0.023948 0.0317488 0.595093
0 0.635585 0.795524 0.0186063 0.0340542 0.594732
0 0.167392 0.290584 0.017955 0.0351471 0.593952
0 0.233813 0.202041 0.0212723 0.0379068 0.592294
0 0.20387 0.13246 0.0185471 0.0291856 0.592258
0 0.325444 0.215906 0.018637 0.0343791 0.592203
0 0.0843035 0.551364 0.0222912 0.0396935 0.591883
0 0.697906 0.946614 0.0155052 0.0347794 0.591123
0 0.381521 0.124893 0.0152853 0.0283801 0.590186
0 0.159952 0.129356 0.0301975 0.0532662 0.589054
0 0.3797 0.416834 0.0130285 0.0371558 0.586231
0 0.0106586 0.707022 0.0147601 0.032489 0.58436
0 0.0914212 0.88793 0.014663 0.029557 0.583871
0 0.00515958 0.849582 0.0102571 0.0320489 0.583297
0 0.29149 0.387447 0.0199878 0.0389808 0.582277
0 0.0974948 0.16294 0.0203185 0.0347921 0.580387
0 0.652321 0.581509 0.0241812 0.0364712 0.57739
0 0.203044 0.614749 0.0179734 0.0304096 0.577351
0 0.143053 0.253762 0.0139638 0.0261536 0.575966
0 0.617602 0.775652 0.0171732 0.0294473 0.575363
0 0.267752 0.729083 0.0166394 0.0356957 0.573986
0 0.865114 0.112243 0.0275524 0.050813 0.573654
0 0.504968 0.488252 0.0193993 0.0326642 0.571085
0 0.482522 0.776041 0.0161489 0.0274689 0.570636
0 0.576194 0.214389 0.0188375 0.0304673 0.569207
0 0.29868 0.334562 0.0161897 0.0276449 0.568539
0 0.525589 0.554705 0.0209997 0.0332291 0.568386
0 0.332062 0.252746 0.0145007 0.0279282 0.567133
0 0.198103 0.581091 0.01566 0.0283791 0.566493
0 0.455905 0.696675 0.0217715 0.0382734 0.566315
0 0.47186 0.753126 0.0150122 0.0296622 0.56615
0 0.353045 0.289812 0.0124744 0.024984 0.566146
0 0.184171 0.138382 0.0139169 0.0358078 0.565171
0 0.228864 0.12703 0.0191993 0.0449474 0.564814
0 0.156746 0.0190165 0.0258147 0.0370265 0.564404
0 0.843324 0.0436218 0.0211843 0.0329197 0.564002
0 0.329084 0.676699 0.0208493 0.0390493 0.561619
0 0.286747 0.499922 0.0177699 0.0321199 0.561125
0 0.683599 0.666958 0.0166428 0.0301164 0.56092
0 0.165267 0.181089 0.0239866 0.038596 0.560542
0 0.565211 0.953458 0.0194192 0.0342552 0.559711
0 0.616886 0.899496 0.0264163 0.0453193 0.559
0 0.148837 0.712561 0.0219375 0.0362901 0.558235
0 0.667757 0.717289 0.0198248 0.0434109 0.556163
0 0.413737 0.861928 0.012026 0.028921 0.552678
0 0.148989 0.793353 0.0161095 0.0350633 0.552651
0 0.686428 0.628889 0.0208635 0.0360619 0.550875
0 0.0216626 0.119579 0.0232305 0.0352828 0.550444
0 0.129228 0.0514685 0.0202076 0.031748 0.550373
0 0.0999666 0.122123 0.0187644 0.0260466 0.550316
0 0.114153 0.670617 0.0139735 0.0294821 0.549761
0 0.386175 0.729791 0.0156315 0.0282026 0.549753
0 0.904666 0.0759083 0.0191502 0.0284952 0.547827
0 0.19692 0.248766 0.0274252 0.0352722 0.546417
0 0.0813994 0.613022 0.0197243 0.0361578 0.545769
0 0.962538 0.151041 0.0251587 0.0348339 0.54539
0 0.176124 0.404201 0.0301938 0.039229 0.543825
0 0.231305 0.249014 0.0193424 0.0304704 0.54258
0 0.495964 0.836115 0.0175467 0.0327145 0.541951
0 0.350613 0.631053 0.0178155 0.0283482 0.541295
0 0.569308 0.640944 0.0184818 0.0292787 0.541244
0 0.088357 0.279283 0.0188654 0.0329664 0.540287
0 0.32364 0.166595 0.0202555 0.0400798 0.539508
0 0.0800855 0.0121979 0.0169517 0.0231337 0.538963
0 0.0503281 0.372843 0.0161869 0.0323815 0.536624
0 0.786309 0.587324 0.0204773 0.035434 0.5355
0 0.502456 0.795834 0.0152627 0.0262814 0.535423
0 0.0652287 0.170277 0.0142709 0.0269246 0.533973
0 0.126973 0.69659 0.0151183 0.0312176 0.533834
0 0.371184 0.0467193 0.0185684 0.0337463 0.533312
0 0.0901366 0.381587 0.0204792 0.0352921 0.532374
0 0.918704 0.142614 0.0215374 0.0379094 0.531222
0 0.101065 0.517659 0.0146121 0.0298524 0.530571
0 0.454454 0.936606 0.019745 0.0453796 0.530561
0 0.41494 0.228377 0.0159185 0.0342601 0.529945
0 0.403449 0.693023 0.0150651 0.0266564 0.529919
0 0.568781 0.884488 0.0171401 0.0289341 0.528201
0 0.780099 0.369701 0.0188807 0.0340739 0.525058
0 0.474592 0.980299 0.0205723 0.0381816 0.524957
0 0.230832 0.696348 0.0207239 0.0441088 0.52467
0 0.0639833 0.788935 0.0199809 0.0398231 0.524115
0 0.71437 0.707766 0.0200741 0.0323089 0.523746
0 0.343422 0.834118 0.0226056 0.0437631 0.52347
0 0.310871 0.731148 0.0175847 0.0313022 0.52293
0 0.219187 0.519728 0.017097 0.0306727 0.522559
0 0.414508 0.345485 0.0149855 0.0324171 0.522199
0 0.614989 0.732988 0.0127028 0.0296841 0.52205
0 0.0272449 0.251796 0.0137579 0.0295182 0.520402
0 0.740123 0.88434 0.00979023 0.0273458 0.519481
0 0.135948 0.849366 0.018975 0.0320879 0.516959
0 0.754404 0.83525 0.0182218 0.037402 0.513903
0 0.45709 0.461668 0.0190506 0.0342385 0.513089
0 0.014449 0.660802 0.02144 0.0371517 0.5127
0 0.4479 0.75329 0.0168062 0.0275682 0.512393
0 0.0477242 0.768608 0.0134037 0.0239549 0.511002
0 0.431194 0.884915 0.0162855 0.02895 0.510955
0 0.932258 0.285518 0.0164196 0.0267784 0.509978
0 0.865838 0.268961 0.0151352 0.0257312 0.509473
0 0.421636 0.943612 0.0187876 0.0307635 0.508054
0 0.434919 0.703897 0.0152151 0.0316169 0.507205
0 0.0207424 0.933188 0.0149333 0.0278358 0.507196
0 0.315668 0.886457 0.0158899 0.0313846 0.506312
0 0.949916 0.0131143 0.0162994 0.0254907 0.505797
0 0.959573 0.480067 0.0169018 0.0250583 0.502443
0 0.12586 0.899089 0.0287363 0.0423347 0.500298
0 0.400638 0.330651 0.0135003 0.0311454 0.49913
0 0.589395 0.829327 0.0147589 0.0289022 0.497063
0 0.196927 0.986514 0.0202343 0.0255568 0.493945
0 0.0578481 0.55351 0.023677 0.0468844 0.493386
0 0.636167 0.480389 0.0178252 0.0377209 0.492807
0 0.561512 0.72849 0.0132076 0.0345028 0.491654
0 0.297414 0.201015 0.018089 0.0360499 0.491583
0 0.905974 0.281955 0.0202694 0.0343601 0.490895
0 0.557852 0.618077 0.0116488 0.0294005 0.490019
0 0.0200466 0.179165 0.0248152 0.0381665 0.4887
0 0.00872463 0.306237 0.0163999 0.0294709 0.487437
0 0.181147 0.628904 0.0213331 0.0278429 0.486528
0 0.302097 0.305581 0.0150318 0.0232324 0.486156
0 0.787098 0.304164 0.0206949 0.0364255 0.485605
0 0.937647 0.180816 0.0265617 0.0490693 0.485121
0 0.426837 0.499943 0.0175447 0.031583 0.483656
0 0.647928 0.821731 0.0180578 0.0348102 0.482985
0 0.944049 0.344661 0.0269436 0.0431615 0.481678
0 0.758802 0.561135 0.0233955 0.0364263 0.478056
0 0.591356 0.607838 0.0212311 0.0395886 0.47619
0 0.460058 0.647828 0.020853 0.0345043 0.476029
0 0.420126 0.754158 0.0163982 0.0292372 0.471774
0 0.415114 0.592579 0.0140392 0.0247677 0.471559
0 0.578161 0.694876 0.0233479 0.032916 0.471364
0 0.304515 0.985859 0.0175795 0.0266608 0.469612
0 0.820495 0.28871 0.0270039 0.0458524 0.46947
0 0.694488 0.787928 0.0185695 0.032309 0.468749
0 0.558332 0.982966 0.0137727 0.0289668 0.466674
0 0.133803 0.663341 0.0137436 0.0272321 0.466641
0 0.438651 0.667699 0.0152421 0.031073 0.466609
0 0.349172 0.257333 0.0102855 0.0298121 0.466288
0 0.696361 0.841269 0.0140903 0.0254036 0.464275
0 0.140411 0.2162 0.0174729 0.0311547 0.462577
0 0.0797193 0.484266 0.0244116 0.0412129 0.462188
0 0.0684546 0.135462 0.0176252 0.0301214 0.460536
0 0.321271 0.851072 0.0164738 0.0318522 0.458296
0 0.738528 0.684599 0.0175627 0.0348735 0.457842
0 0.811589 0.830803 0.0206879 0.0365087 0.45778
0 0.843885 0.181199 0.0233017 0.0373606 0.453934
0 0.0919223 0.665941 0.0257947 0.0476581 0.453811
0 0.327689 0.113514 0.0154722 0.0291361 0.450737
0 0.329508 0.0441112 0.0207209 0.0310898 0.45069
0 0.186584 0.302644 0.0131519 0.0275355 0.449684
0 0.13039 0.903872 0.0233615 0.0412143 0.44951
0 0.26625 0.291649 0.0155969 0.0353003 0.448494
0 0.756623 0.745363 0.0206682 0.0337782 0.44707
0 0.632059 0.705555 0.0185865 0.0294655 0.446624
0 0.166212 0.818962 0.0173936 0.0303067 0.446089
0 0.357154 0.911049 0.0166887 0.0280416 0.442101
0 0.4856 0.47176 0.0195705 0.0295321 0.441866
0 0.0689696 0.289332 0.0189617 0.0320866 0.439977
0 0.449524 0.328453 0.0198268 0.0299078 0.439965
0 0.742721 0.64036 0.0180038 0.0287284 0.439007
0 0.988144 0.347201 0.0237 0.0406131 0.437052
0 0.00298311 0.137896 0.00596622 0.0291626 0.436776
0 0.40111 0.911929 0.0112686 0.023583 0.434761
0 0.344042 0.329409 0.0219151 0.040323 0.433648
0 0.718946 0.959234 0.0150544 0.0336635 0.432202
0 0.384172 0.807238 0.0127076 0.0249951 0.431065
0 0.320937 0.299028 0.0158591 0.0270264 0.430778
0 0.00635976 0.529772 0.0125177 0.040837 0.430302
0 0.0613398 0.557437 0.018181 0.038261 0.430055
0 0.316866 0.848257 0.0159179 0.0307051 0.429571
0 0.0648479 0.319474 0.016685 0.0278857 0.428042
0 0.577378 0.575415 0.0187345 0.0363697 0.421552
0 0.859788 0.143908 0.0150921 0.0240385 0.420366
0 0.641364 0.623428 0.0229192 0.0359929 0.419595
0 0.684632 0.877223 0.0116098 0.0245931 0.419399
0 0.212291 0.177688 0.0214581 0.0426837 0.416526
0 0.0841557 0.800399 0.0197914 0.0340305 0.416231
0 0.608232 0.687813 0.0236609 0.0383569 0.415547
0 0.327576 0.405938 0.0215894 0.0553293 0.414107
0 0.247383 0.761197 0.0258147 0.0373084 0.413516
0 0.478437 0.93368 0.0181618 0.0306173 0.412854
0 0.130528 0.470683 0.0193078 0.0356564 0.41273
0 0.495589 0.532394 0.0210398 0.0389867 0.410132
0 0.250111 0.675096 0.0162333 0.0321821 0.410058
0 0.618035 0.83624 0.0161399 0.0286755 0.404841
0 0.0883719 0.325704 0.0157267 0.0309037 0.404089
0 0.0568507 0.104725 0.0145487 0.0330463 0.403866
0 0.727797 0.857678 0.0174624 0.0308801 0.403423
0 0.462784 0.294454 0.0190002 0.0317141 0.402957
0 0.3914 0.303914 0.0138021 0.024309 0.402811
0 0.459939 0.352079 0.0173122 0.0280094 0.402336
0 0.142809 0.566229 0.0153862 0.0220379 0.402308
0 0.801842 0.186103 0.0197821 0.0302042 0.399765
0 0.283411 0.946691 0.0140982 0.0243039 0.390944
0 0.164856 0.285848 0.0212214 0.0426886 0.390669
0 0.118145 0.582007 0.0180623 0.0350861 0.38875
0 0.0831759 0.0902172 0.0148894 0.0194977 0.386009
0 0.153702 0.943344 0.0153827 0.0283993 0.384358
0 0.752361 0.0263217 0.018013 0.0341661 0.382947
0 0.723728 0.773241 0.0218733 0.0511586 0.381203
0 0.449329 0.586018 0.0205714 0.0353788 0.380174
0 0.621593 0.632489 0.0166492 0.036245 0.379191
0 0.0380029 0.300106 0.0178635 0.0320776 0.378791
0 0.360458 0.912784 0.0224806 0.0334705 0.378453
0 0.696596 0.73332 0.0147193 0.0287367 0.378436
0 0.184366 0.528115 0.0234648 0.040198 0.376987
0 0.0507683 0.682396 0.0205696 0.0414269 0.373339
0 0.00762071 0.403544 0.0141714 0.0272154 0.371173
0 0.970729 0.0515173 0.0148275 0.0298751 0.370592
0 0.414151 0.907482 0.0174419 0.0255595 0.370184
0 0.92167 0.247102 0.0191349 0.0393041 0.369944
0 0.840591 0.981719 0.0219772 0.0358185 0.369893
0 0.58964 0.933503 0.0123997 0.0199796 0.369809
0 0.345031 0.829046 0.0241507 0.0416117 0.369073
0 0.833518 0.803653 0.0185528 0.0331596 0.367648
0 0.0606271 0.740527 0.0144436 0.0302412 0.366803
0 0.379475 0.177108 0.0218016 0.0302417 0.365891
0 0.556961 0.682447 0.0146982 0.0276211 0.365633
0 0.153586 0.221671 0.0134588 0.0323259 0.365401
0 0.365958 0.447589 0.0238827 0.0472685 0.364609
0 0.467487 0.553283 0.0142094 0.0282511 0.363488
0 0.378913 0.367928 0.01875 0.0292674 0.362398
0 0.308912 0.15449 0.0138371 0.0271992 0.361795
0 0.288144 0.984854 0.0127448 0.0275264 0.359471
0 0.385131 0.94556 0.0204405 0.0405429 0.358522
0 0.103487 0.432128 0.0148213 0.0281464 0.358186
0 0.323656 0.4048 0.0281212 0.0577929 0.355987
0 0.328726 0.934829 0.0158743 0.032132 0.354781
0 0.30926 0.933931 0.0131163 0.0263184 0.354007
0 0.702898 0.680492 0.0129778 0.0201823 0.351132
0 0.484701 0.803549 0.0111101 0.0226101 0.350914
0 0.95403 0.052276 0.0161316 0.033342 0.350841
0 0.604441 0.563525 0.0171202 0.0363148 0.350089
0 0.487625 0.864859 0.0228744 0.0336846 0.349538
0 0.740092 0.754657 0.00972277 0.0288171 0.349185
0 0.0511265 0.220336 0.0195885 0.0282813 0.348844
0 0.477824 0.525294 0.015958 0.0289382 0.347146
0 0.5501 0.918892 0.0162507 0.0284868 0.345944
0 0.267644 0.63659 0.0233066 0.0306664 0.345757
0 0.243908 0.47339 0.0243709 0.0396734 0.34544
0 0.561819 0.562796 0.0130482 0.0296413 0.344607
0 0.0229937 0.177121 0.0225608 0.033921 0.338336
0 0.0459874 0.162825 0.0174987 0.031322 0.337814
0 0.49655 0.949189 0.0128915 0.0265234 0.337772
0 0.895611 0.0431366 0.0150974 0.0292646 0.33711
0 0.0613453 0.923102 0.018388 0.0366961 0.336598
0 0.27939 0.921726 0.0160803 0.0271254 0.336383
0 0.55928 0.620412 0.0101885 0.0282861 0.335734
0 0.0789848 0.227279 0.0217118 0.0370472 0.334146
0 0.115564 0.0772158 0.0165897 0.0256031 0.33283
0 0.291743 0.581213 0.0172417 0.027337 0.331948
0 0.138101 0.316496 0.0157964 0.0294817 0.331786
0 0.114444 0.207297 0.0142911 0.0254715 0.330382
0 0.367494 0.252049 0.0239274 0.0358165 0.330107
0 0.429352 0.849064 0.0198076 0.0329807 0.328561
0 0.292341 0.142608 0.0136096 0.0240568 0.328535
0 0.0150856 0.761369 0.017932 0.0267437 0.327445
0 0.669916 0.77156 0.0158312 0.0303097 0.325444
0 0.726119 0.294608 0.0170438 0.0306666 0.325412
0 0.91058 0.103248 0.0143616 0.0237383 0.324261
0 0.0142058 0.449288 0.0171328 0.0341461 0.323953
0 0.537692 0.752199 0.0195324 0.0342726 0.323216
0 0.368086 0.141191 0.0135028 0.0208403 0.322817
0 0.0394965 0.731206 0.0220807 0.0383703 0.321583
0 0.60623 0.812858 0.0153182 0.0261739 0.321376
0 0.365354 0.938413 0.0162392 0.0273992 0.319971
0 0.364014 0.809759 0.01953 0.0247133 0.316248
0 0.369472 0.257141 0.0197459 0.0301258 0.316181
0 0.640416 0.978448 0.0149242 0.0286289 0.316146
0 0.106855 0.328737 0.0209934 0.0381898 0.315271
0 0.888469 0.317783 0.0151043 0.0293861 0.311344
0 0.214424 0.465416 0.0162586 0.0269115 0.31095
0 0.782139 0.783276 0.0201969 0.0327426 0.310152
0 0.428853 0.53752 0.0148952 0.023805 0.308745
0 0.268119 0.831884 0.0247413 0.0281592 0.308598
0 0.94174 0.247258 0.018586 0.0335113 0.304907
0 0.269604 0.86246 0.0199406 0.0291031 0.304233
0 0.430689 0.609614 0.0183231 0.0338111 0.303997
0 0.0189388 0.0125648 0.0214025 0.0251297 0.303629
0 0.117118 0.589314 0.0167307 0.0350294 0.302729
0 0.677471 0.907624 0.0100043 0.0244164 0.302723
0 0.619679 0.575501 0.0189013 0.0382535 0.299133
0 0.310761 0.260222 0.0153294 0.0231198 0.298661
0 0.867572 0.0188635 0.0203529 0.0345801 0.298606
0 0.142187 0.0836179 0.0176202 0.0246506 0.296898
0 0.180693 0.402231 0.022886 0.0377638 0.296413
0 0.316651 0.0832037 0.0156781 0.0284444 0.294872
0 0.232316 0.965371 0.0170422 0.039319 0.294635
0 0.136393 0.752006 0.0201088 0.028127 0.2912
0 0.0436701 0.799512 0.012735 0.0237016 0.290309
0 0.194081 0.185644 0.0228859 0.0371502 0.289729
0 0.749975 0.493678 0.0158602 0.0282925 0.289556
0 0.413507 0.724223 0.0128847 0.0180498 0.287398
0 0.256803 0.383842 0.0149822 0.0251593 0.286174
0 0.40579 0.462951 0.0214979 0.0366575 0.285994
0 0.155039 0.946882 0.0145021 0.0237795 0.285988
0 0.178962 0.0731951 0.0271088 0.03731 0.284193
0 0.668469 0.880056 0.0136641 0.0208397 0.28381
0 0.8724 0.76122 0.0183247 0.0293966 0.282937
0 0.200604 0.911271 0.0217727 0.0417769 0.282756
0 0.893366 0.417804 0.015527 0.0261983 0.28268
0 0.214385 0.584844 0.0173685 0.0287499 0.282167
0 0.403355 0.955459 0.0164933 0.026597 0.280812
0 0.195792 0.473734 0.0158818 0.0332806 0.279893
0 0.969434 0.0100085 0.0211849 0.019747 0.278024
0 0.0353978 0.298465 0.021308 0.0328778 0.273887
0 0.371823 0.260453 0.0179359 0.0270562 0.273125
0 0.256551 0.588482 0.0218966 0.0303696 0.272646
0 0.396539 0.367462 0.0143122 0.030787 0.272297
0 0.00751456 0.228358 0.014921 0.0379817 0.271706
0 0.00671517 0.626241 0.0126268 0.023558 0.270095
0 0.563232 0.56502 0.0105198 0.0309191 0.268901
0 0.154639 0.855808 0.0185456 0.0321179 0.268811
0 0.38765 0.469263 0.0146973 0.0277258 0.267717
0 0.711379 0.588538 0.0192827 0.0310107 0.267468
0 0.901449 0.214188 0.0207212 0.0347532 0.265295
0 0.72041 0.669737 0.0168358 0.0309625 0.264097
0 0.364434 0.803163 0.020517 0.0358229 0.263652
0 0.367077 0.243786 0.0245068 0.0478173 0.261502
0 0.161493 0.899428 0.0218523 0.0401428 0.260144
0 0.461677 0.827192 0.0244597 0.0375485 0.259967
0 0.0277472 0.327644 0.0175291 0.0274394 0.258557
0 0.826931 0.960836 0.0187205 0.0337138 0.258209
0 0.221981 0.742422 0.0218369 0.0345778 0.257667
0 0.420707 0.987036 0.0151289 0.0247888 0.255977
0 0.418576 0.564644 0.0154736 0.0253432 0.255695
0 0.00642671 0.0894311 0.0126144 0.0338496 0.254601
0 0.374149 0.261928 0.0160902 0.0253931 0.253001
0 0.509242 0.914406 0.0106976 0.0232907 0.252345
0 0.00420815 0.0877952 0.00835887 0.0373078 0.251801
0 0.356904 0.368393 0.0140336 0.020469 0.250004
0 0.747282 0.969497 0.0219501 0.0373824 0.248668
0 0.993973 0.257573 0.0120543 0.0395288 0.248134
0 0.021514 0.487968 0.0235151 0.0282855 0.247099
0 0.791294 0.789186 0.0123185 0.0299033 0.245054
0 0.64858 0.520932 0.0249237 0.0358947 0.243265
0 0.513617 0.819463 0.0108986 0.0226158 0.242522
0 0.0219737 0.528411 0.021261 0.0412672 0.23954
0 0.699438 0.565677 0.0172344 0.0256968 0.236166
0 0.912513 0.192501 0.0181938 0.037239 0.234618
0 0.0323629 0.295452 0.0177348 0.0275154 0.234362
0 0.214815 0.819821 0.0140248 0.0249607 0.233578
0 0.416166 0.396743 0.019772 0.0314031 0.233554
0 0.272382 0.885375 0.0159341 0.0208177 0.232926
0 0.296133 0.640867 0.0150736 0.0235284 0.232612
0 0.479662 0.603977 0.0209227 0.035231 0.231963
0 0.439063 0.800988 0.0305141 0.0446779 0.23067
0 0.105751 0.850028 0.0287402 0.0441932 0.229682
0 0.426697 0.32179 0.0145512 0.0295757 0.229638
0 0.29177 0.585763 0.0196308 0.038059 0.22948
0 0.368822 0.45186 0.025491 0.0505373 0.229401
0 0.0800852 0.856152 0.0210013 0.0303792 0.229339
0 0.331704 0.794829 0.0201706 0.0337623 0.228564
0 0.613809 0.773143 0.0197478 0.0282747 0.227863
0 0.200485 0.91907 0.0202207 0.0387214 0.227688
0 0.466044 0.290602 0.0238094 0.0429397 0.226072
0 0.309672 0.571879 0.0142797 0.030188 0.224382
0 0.773359 0.0159522 0.0467328 0.0312771 0.223547
0 0.049848 0.457959 0.0171752 0.0333274 0.222684
0 0.201343 0.795868 0.0142258 0.0299729 0.221615
0 0.511561 0.819933 0.0109715 0.0253331 0.221473
0 0.0415904 0.0925296 0.0141888 0.0315832 0.221087
0 0.694711 0.838869 0.0175947 0.0297085 0.220263
0 0.519852 0.765499 0.0116699 0.0294488 0.218439
0 0.347454 0.122888 0.0123588 0.0183794 0.217263
0 0.249719 0.886062 0.018329 0.0353485 0.217003
0 0.743934 0.284338 0.0164015 0.0327003 0.216573
0 0.415812 0.349236 0.0151556 0.0342273 0.213689
0 0.723652 0.789102 0.0181262 0.033332 0.213274
0 0.107553 0.626009 0.0135249 0.0205084 0.213086
0 0.057789 0.922945 0.0241884 0.0380637 0.212365
0 0.457671 0.886333 0.0167667 0.0247314 0.211155
0 0.341508 0.894009 0.0174306 0.0290362 0.210824
0 0.883288 0.277371 0.0148821 0.0292883 0.209606
0 0.738225 0.885739 0.0110366 0.0268143 0.209485
0 0.619147 0.576274 0.0148092 0.033882 0.206187
0 0.623468 0.63632 0.019363 0.0407355 0.204818
0 0.034636 0.55957 0.0163364 0.0304782 0.20361
0 0.368112 0.790567 0.0148297 0.033917 0.203005
0 0.504467 0.655152 0.0166203 0.0272303 0.202156
0 0.121931 0.640989 0.0126165 0.0188648 0.199755
0 0.0107487 0.245979 0.0160655 0.0318302 0.199113
0 0.0556297 0.247306 0.016681 0.0227349 0.198338
0 0.262483 0.546456 0.0176408 0.0386514 0.198276
0 0.627894 0.847412 0.014329 0.0290207 0.198179
0 0.164345 0.480429 0.0179772 0.0359602 0.196708
0 0.422173 0.415982 0.0135221 0.022152 0.19616
0 0.0140868 0.246833 0.0116892 0.0306609 0.195439
0 0.0483504 0.0299107 0.0183534 0.0296373 0.19538
0 0.458154 0.502683 0.0215176 0.0323288 0.194694
0 0.528629 0.715916 0.0185417 0.032261 0.193256
0 0.0400227 0.302525 0.0136592 0.0276998 0.19274
0 0.690954 0.702354 0.01073 0.0267229 0.192588
0 0.758434 0.888544 0.0203798 0.0316274 0.191563
0 0.372728 0.461668 0.0216663 0.0352373 0.191403
0 0.365277 0.797039 0.0207416 0.0391478 0.190963
0 0.385333 0.774992 0.0155011 0.0284692 0.190715
0 0.301832 0.957022 0.0124307 0.018945 0.190658
0 0.0547179 0.219959 0.0196925 0.0279735 0.190638
0 0.84299 0.186485 0.0242809 0.0314483 0.19033
0 0.426354 0.366722 0.0118603 0.0237088 0.190284
0 0.23261 0.507073 0.0169771 0.0289052 0.189643
0 0.205399 0.497694 0.0108394 0.0212624 0.189262
0 0.157458 0.323553 0.0170232 0.0143078 0.189207
0 0.238 0.537164 0.0104338 0.0230184 0.188734
0 0.0804834 0.355743 0.0133515 0.0221208 0.187762
0 0.576549 0.581049 0.0192418 0.049573 0.185498
0 0.178162 0.672296 0.0140081 0.021663 0.184394
0 0.341243 0.940526 0.0133303 0.0276302 0.183334
0 0.512894 0.359737 0.0279366 0.0538383 0.183164
0 0.969763 0.00727553 0.022467 0.0145511 0.182101
0 0.181544 0.898399 0.0145265 0.0340318 0.181188
0 0.844533 0.175818 0.0212854 0.0385555 0.18085
0 0.123112 0.69406 0.0117689 0.0294367 0.180678
0 0.701008 0.987 0.0239391 0.0249979 0.179943
0 0.0919922 0.234583 0.0112483 0.0286037 0.17993
0 0.450748 0.421427 0.0169931 0.0280326 0.179244
0 0.792649 0.792304 0.0102188 0.0268623 0.178246
0 0.452642 0.389471 0.0144651 0.0234445 0.177426
0 0.732259 0.900903 0.0120012 0.0320077 0.175936
0 0.331655 0.935779 0.0140627 0.0307383 0.175579
0 0.543659 0.642375 0.0181566 0.0325194 0.175437
0 0.297971 0.454468 0.019133 0.0294467 0.175149
0 0.393513 0.306423 0.0129569 0.0206464 0.174708
0 0.24313 0.336909 0.024322 0.0325962 0.174619
0 0.732955 0.720703 0.0161746 0.0261295 0.174514
0 0.066101 0.319274 0.0212351 0.0234818 0.174334
0 0.520161 0.596285 0.0244125 0.0322991 0.173988
0 0.343679 0.943331 0.0150091 0.0267321 0.172516
0 0.347075 0.65737 0.0122865 0.01954 0.1718
0 0.0287243 0.988827 0.0180302 0.0211099 0.171633
0 0.630409 0.849559 0.0119858 0.0285767 0.171351
0 0.0647937 0.678811 0.0208938 0.0431543 0.171316
0 0.0122147 0.58132 0.0198251 0.0398035 0.171125
0 0.332586 0.569165 0.0117044 0.0231253 0.170587
0 0.398829 0.32896 0.0129682 0.0325424 0.16917
0 0.127641 0.529136 0.0128994 0.0237393 0.168859
0 0.278729 0.551036 0.0122369 0.025374 0.16752
0 0.455253 0.506217 0.0226385 0.0323195 0.16712
0 0.531773 0.785102 0.0131508 0.024529 0.166773
0 0.271446 0.943737 0.0114657 0.0256595 0.166747
0 0.352295 0.199407 0.0169103 0.0233415 0.166257
0 0.818618 0.1231 0.0269848 0.0410172 0.166081
0 0.413049 0.591103 0.0184597 0.0282082 0.165987
0 0.327355 0.794765 0.0156629 0.0296694 0.165885
0 0.104697 0.467428 0.0146279 0.0263149 0.165819
0 0.652018 0.948063 0.0188232 0.0253914 0.165474
0 0.187012 0.534307 0.0198589 0.0318485 0.164543
0 0.558088 0.727589 0.0196641 0.0355206 0.163826
0 0.633367 0.750323 0.00979996 0.0316586 0.163798
0 0.0448041 0.219222 0.0201752 0.0334342 0.162575
0 0.273616 0.785746 0.0142484 0.0332049 0.162337
0 0.762605 0.889121 0.0179783 0.0306937 0.162031
0 0.357149 0.986835 0.0127333 0.0218672 0.161139
0 0.268445 0.632368 0.026758 0.0379695 0.161123
0 0.200714 0.0819491 0.0168678 0.0329361 0.160493
0 0.452318 0.331238 0.0197458 0.0301644 0.159795
0 0.231972 0.961655 0.0210588 0.043277 0.159556
0 0.0935807 0.237174 0.0102783 0.0266247 0.159244
0 0.736072 0.880346 0.0105034 0.0271634 0.158531
0 0.417452 0.595276 0.0118788 0.0234058 0.1571
0 0.435521 0.665296 0.0186223 0.0296566 0.156977
0 0.653855 0.953182 0.0224599 0.0355235 0.156976
0 0.116327 0.209021 0.0183332 0.0290978 0.156617
0 0.153479 0.486488 0.0189968 0.0361588 0.156609
0 0.602523 0.686434 0.0159618 0.0342283 0.155882
0 0.0592688 0.679684 0.0320601 0.0462244 0.155701
0 0.455944 0.941679 0.0164988 0.0370548 0.155329
0 0.376102 0.466674 0.018651 0.0311638 0.155116
0 0.0124675 0.758531 0.023081 0.0319938 0.154839
0 0.00280576 0.373544 0.00559987 0.0262043 0.154812
0 0.00785671 0.277775 0.0152283 0.0247204 0.154007
0 0.507569 0.912581 0.0150444 0.0277568 0.153269
0 0.185097 0.795541 0.0118493 0.0182278 0.15219
0 0.779565 0.780532 0.016992 0.0318434 0.152053
0 0.0157745 0.0518272 0.0200124 0.036225 0.151587
0 0.266704 0.421072 0.0193015 0.0394488 0.150817
0 0.0529659 0.681613 0.0275421 0.0486289 0.150283
0 0.0463024 0.459037 0.0198505 0.0346983 0.15019
