0 0.061605 0.570308 0.0234428 0.044801 0.698886
0 0.19592 0.794151 0.0219649 0.0378214 0.688923
0 0.740572 0.397418 0.0241726 0.0487942 0.678804
0 0.210534 0.750691 0.0196155 0.0361693 0.665609
0 0.112822 0.517645 0.0280944 0.0458496 0.660385
0 0.472285 0.367398 0.0232932 0.039953 0.657895
0 0.226281 0.574372 0.025707 0.0448903 0.650674
0 0.912472 0.318836 0.0157154 0.0270732 0.650582
0 0.166665 0.658586 0.0255499 0.0407147 0.647884
0 0.638915 0.402337 0.0176556 0.032314 0.644648
0 0.885131 0.261664 0.0213036 0.0363771 0.643872
0 0.53619 0.797012 0.0190929 0.0340129 0.639211
0 0.0805195 0.361225 0.0208759 0.0383824 0.63871
0 0.0519485 0.220299 0.0200266 0.0354557 0.636424
0 0.815394 0.456147 0.0206589 0.0404492 0.636209
0 0.157521 0.543025 0.0249612 0.0459764 0.632009
0 0.227439 0.962466 0.0171016 0.035311 0.630129
0 0.231101 0.69528 0.0288904 0.0497886 0.622903
0 0.0397357 0.541163 0.0200323 0.0355038 0.622713
0 0.0955871 0.985213 0.0247926 0.0284867 0.622061
0 0.798644 0.240537 0.0234979 0.0375841 0.619801
0 0.0456192 0.348701 0.0252144 0.0371959 0.613489
0 0.238447 0.618342 0.0240953 0.0339481 0.612431
0 0.101854 0.636948 0.0232301 0.0362076 0.610745
0 0.461576 0.739201 0.0199641 0.0346347 0.607636
0 0.707163 0.136041 0.0235901 0.0390752 0.601957
0 0.0861947 0.506912 0.0174809 0.0263048 0.601549
0 0.539151 0.392099 0.021673 0.0380143 0.600529
0 0.226529 0.45197 0.0188781 0.0311768 0.600249
0 0.477479 0.783617 0.0173082 0.0336729 0.596455
0 0.00848364 0.941799 0.0169673 0.0321397 0.593619
0 0.00748818 0.901689 0.0142165 0.0277279 0.592401
0 0.483241 0.312043 0.0257422 0.039471 0.588364
0 0.14165 0.324434 0.0192777 0.0327571 0.585459
0 0.0638463 0.153832 0.0144231 0.0279667 0.584168
0 0.2042 0.0440512 0.0261183 0.0425587 0.581693
0 0.169535 0.811505 0.0242582 0.0381436 0.579659
0 0.680007 0.803134 0.0150181 0.0274478 0.578909
0 0.840144 0.244827 0.0193911 0.0425214 0.577438
0 0.936593 0.287758 0.0174737 0.0279908 0.575981
0 0.91629 0.351079 0.0151537 0.0249478 0.571281
0 0.854738 0.271579 0.0195969 0.0332223 0.567683
0 0.472475 0.48662 0.0224711 0.0458421 0.566969
0 0.0824319 0.167799 0.015043 0.029752 0.566939
0 0.863246 0.0175624 0.0146445 0.0270476 0.562908
0 0.697564 0.314487 0.017807 0.027852 0.560685
0 0.166102 0.318715 0.0151625 0.0289276 0.560198
0 0.0216733 0.777084 0.0199392 0.0359263 0.559954
0 0.254462 0.786511 0.0190851 0.0286153 0.558592
0 0.266029 0.82486 0.0195086 0.0376173 0.557802
0 0.556901 0.980304 0.0197825 0.035418 0.557567
0 0.0634299 0.935709 0.0195892 0.0356596 0.557472
0 0.589711 0.328933 0.0161516 0.0268897 0.556845
0 0.637058 0.63112 0.0229687 0.0375307 0.555987
0 0.17808 0.129546 0.0189124 0.0394251 0.552164
0 0.0242698 0.963281 0.0198427 0.0328324 0.550617
0 0.720466 0.307984 0.0177252 0.0308779 0.549952
0 0.978087 0.422742 0.025864 0.0434472 0.549473
0 0.939161 0.514686 0.0143757 0.0265895 0.548832
0 0.926409 0.589274 0.0256641 0.0480688 0.546837
0 0.561007 0.60456 0.0223248 0.0359307 0.544576
0 0.968392 0.278998 0.0167377 0.0310077 0.544141
0 0.593822 0.133531 0.0182323 0.0293301 0.544122
0 0.938867 0.0890269 0.0164903 0.0297454 0.542848
0 0.158229 0.0711755 0.023044 0.0391208 0.54215
0 0.860137 0.447064 0.0153786 0.0295337 0.54012
0 0.0476314 0.848062 0.0174964 0.0349762 0.538011
0 0.722025 0.0994434 0.0165243 0.0327685 0.53499
0 0.012164 0.54012 0.0134929 0.0267995 0.53229
0 0.804131 0.0399376 0.0230818 0.0344169 0.531586
0 0.300683 0.0637823 0.0213166 0.0370929 0.531192
0 0.912617 0.194943 0.0146519 0.027446 0.530735
0 0.0769049 0.640841 0.0181071 0.0419271 0.530259
0 0.877286 0.140502 0.0170902 0.0308557 0.526381
0 0.352893 0.257918 0.0269386 0.050462 0.525244
0 0.130442 0.20851 0.0215038 0.0379985 0.52524
0 0.614147 0.117652 0.0196085 0.0326926 0.525027
0 0.0285445 0.200741 0.025694 0.0442851 0.52465
0 0.559285 0.73575 0.0188388 0.0334791 0.522006
0 0.663176 0.804151 0.0147078 0.0301761 0.52141
0 0.193811 0.289801 0.0187707 0.0337096 0.517325
0 0.244472 0.0134832 0.0178247 0.0259116 0.514111
0 0.834133 0.289207 0.0211006 0.0370964 0.513712
0 0.869293 0.66897 0.0242329 0.0437983 0.509495
0 0.941134 0.141738 0.0165231 0.0286144 0.505418
0 0.227261 0.28942 0.0202313 0.0458593 0.501491
0 0.277698 0.877391 0.0141167 0.0252608 0.498982
0 0.213971 0.393114 0.0221188 0.0384993 0.497466
0 0.368172 0.0270727 0.0203747 0.0332858 0.496234
0 0.768184 0.413633 0.0248873 0.0375293 0.495867
0 0.914088 0.0570916 0.0174332 0.0317171 0.494303
0 0.207261 0.863223 0.0186772 0.0340152 0.493373
0 0.213576 0.153208 0.0199817 0.0364383 0.493087
0 0.484219 0.708529 0.0189405 0.0293616 0.492091
0 0.887007 0.0214858 0.0221298 0.0315647 0.491655
0 0.833074 0.18826 0.0185688 0.0332133 0.491377
0 0.910856 0.263788 0.0206871 0.0297012 0.488487
0 0.132269 0.893374 0.0222615 0.036948 0.488307
0 0.655119 0.659914 0.0196095 0.0362412 0.48746
0 0.569867 0.143105 0.0209699 0.0440735 0.485218
0 0.325473 0.0107761 0.01758 0.0215522 0.482406
0 0.838103 0.470044 0.019492 0.0337929 0.482134
0 0.289404 0.707722 0.0151449 0.0279057 0.480404
0 0.19737 0.707972 0.0162067 0.0280277 0.479083
0 0.146014 0.794571 0.015245 0.0329593 0.47508
0 0.674173 0.396953 0.0163897 0.0285668 0.47301
0 0.305335 0.777833 0.0189405 0.0394192 0.471772
0 0.0770452 0.962437 0.0193651 0.0320336 0.469376
0 0.58525 0.981053 0.016927 0.030622 0.467919
0 0.969869 0.613509 0.0223574 0.0378297 0.46751
0 0.964118 0.0603618 0.0166599 0.0311726 0.463611
0 0.452619 0.331703 0.0209645 0.0399362 0.46221
0 0.118522 0.248586 0.0160086 0.0300242 0.462039
0 0.54275 0.208384 0.020029 0.0393713 0.460101
0 0.167797 0.206942 0.0188449 0.0319776 0.45975
0 0.773099 0.0140036 0.0243759 0.0279655 0.457661
0 0.873027 0.716932 0.0161652 0.0294374 0.455775
0 0.241698 0.844092 0.0202585 0.0335805 0.45531
0 0.178569 0.0380688 0.0131657 0.0254395 0.454814
0 0.216055 0.915856 0.0178415 0.0327891 0.452176
0 0.294539 0.74009 0.0152764 0.0269335 0.449068
0 0.102133 0.434029 0.0188841 0.0364383 0.448205
0 0.557737 0.418859 0.018428 0.0346556 0.448099
0 0.278222 0.100749 0.0256963 0.0394706 0.446931
0 0.70582 0.575408 0.0182758 0.03347 0.446839
0 0.128117 0.434309 0.0167187 0.0345372 0.44198
0 0.292276 0.620119 0.0224306 0.0359098 0.439811
0 0.561466 0.535661 0.016095 0.0299883 0.439694
0 0.286964 0.425741 0.0139627 0.0253425 0.439
0 0.921101 0.131044 0.0162654 0.0278929 0.438227
0 0.532078 0.961022 0.018218 0.0288723 0.438007
0 0.0619972 0.189063 0.0180948 0.029229 0.437741
0 0.668297 0.231844 0.0163798 0.0307475 0.436364
0 0.617609 0.706807 0.0172318 0.0293925 0.4361
0 0.0769018 0.899263 0.0214502 0.0370739 0.435153
0 0.12697 0.153327 0.0206399 0.0333801 0.433333
0 0.0263776 0.357367 0.0124693 0.0269335 0.432907
0 0.269314 0.709492 0.019688 0.0355364 0.428357
0 0.293626 0.463219 0.0216867 0.036061 0.427962
0 0.276723 0.753757 0.0189189 0.0315964 0.426554
0 0.820699 0.2305 0.0177109 0.0306085 0.422824
0 0.193529 0.154768 0.0129796 0.0268591 0.420778
0 0.19862 0.95943 0.0208319 0.0376462 0.41547
0 0.245979 0.948955 0.0162997 0.0299434 0.407271
0 0.0725689 0.317349 0.0216015 0.0317473 0.407039
0 0.132376 0.0653305 0.0223027 0.0371789 0.405721
0 0.944102 0.21773 0.0178076 0.0310136 0.405703
0 0.856879 0.495079 0.0181171 0.0320769 0.401701
0 0.950682 0.32678 0.0176765 0.0348744 0.400707
0 0.0413233 0.0169367 0.0192133 0.0334334 0.400689
0 0.882418 0.441782 0.0218784 0.0375731 0.400235
0 0.611947 0.511511 0.0178753 0.0299969 0.397023
0 0.802364 0.573055 0.0157696 0.0268221 0.394581
0 0.261834 0.569882 0.0286225 0.056839 0.394532
0 0.16568 0.952215 0.0214671 0.0278222 0.394285
0 0.303082 0.657349 0.0201207 0.036156 0.393949
0 0.130963 0.804701 0.0147562 0.0294766 0.393543
0 0.10705 0.180586 0.0224692 0.0432629 0.390194
0 0.857192 0.604872 0.0199204 0.0325529 0.387458
0 0.0780452 0.435631 0.0157891 0.0308011 0.38508
0 0.475105 0.847964 0.0262873 0.054548 0.382299
0 0.264851 0.860938 0.0151832 0.0193458 0.381719
0 0.0660459 0.113075 0.0180187 0.0319497 0.37995
0 0.15133 0.707644 0.0145915 0.0243277 0.377915
0 0.14398 0.597658 0.0222809 0.0436873 0.377687
0 0.602114 0.360261 0.014511 0.0211573 0.376606
0 0.383852 0.0620192 0.0154482 0.0245909 0.375957
0 0.220446 0.119076 0.00944061 0.0231369 0.374484
0 0.993453 0.236374 0.0130946 0.0283672 0.365995
0 0.00966043 0.331235 0.0183444 0.0363521 0.36544
0 0.251916 0.89264 0.0156433 0.0278205 0.364783
0 0.915063 0.0209773 0.0157581 0.023923 0.364747
0 0.636498 0.237819 0.0209206 0.0350586 0.364548
0 0.184062 0.329366 0.0131451 0.0269494 0.362813
0 0.793367 0.758077 0.0161383 0.0369188 0.359227
0 0.184367 0.20219 0.0139499 0.0242407 0.359166
0 0.162438 0.600075 0.0146947 0.0348073 0.358523
0 0.975407 0.23864 0.0147602 0.0252815 0.355555
0 0.586201 0.479159 0.0189688 0.0355128 0.35344
0 0.541752 0.906546 0.0175928 0.0286804 0.352751
0 0.074914 0.959759 0.017042 0.0298659 0.351513
0 0.81057 0.696338 0.0185852 0.0319268 0.350111
0 0.0207246 0.727761 0.0195739 0.034442 0.347452
0 0.495939 0.767442 0.0183836 0.0309363 0.345405
0 0.440927 0.610342 0.0205136 0.0378023 0.345385
0 0.650837 0.199792 0.014029 0.0298394 0.343716
0 0.0189441 0.0688475 0.017827 0.0308263 0.341982
0 0.501177 0.985277 0.0159817 0.0260751 0.339269
0 0.173273 0.258292 0.0228625 0.0396721 0.336906
0 0.107932 0.380524 0.0232424 0.034781 0.336307
0 0.761268 0.51009 0.0173758 0.0276699 0.332435
0 0.493276 0.95972 0.0170589 0.0315447 0.331744
0 0.693455 0.725071 0.0139759 0.027182 0.330845
0 0.0102967 0.190394 0.0161395 0.0352459 0.330756
0 0.968531 0.213581 0.0141232 0.0196526 0.330545
0 0.590062 0.672918 0.0162223 0.0297752 0.329261
0 0.226704 0.489359 0.0263328 0.0346713 0.328622
0 0.241926 0.615505 0.0219793 0.0344333 0.328168
0 0.604163 0.964011 0.0195679 0.0280964 0.327989
0 0.0146372 0.601553 0.0159708 0.0298205 0.325624
0 0.139866 0.262827 0.018122 0.0352485 0.322036
0 0.0088259 0.863272 0.0152017 0.025961 0.320194
0 0.139128 0.383623 0.0151152 0.0265692 0.319338
0 0.0107262 0.989917 0.0193857 0.0193648 0.318883
0 0.739718 0.206726 0.0184782 0.0336739 0.317411
0 0.0612831 0.376243 0.0125102 0.0283945 0.317163
0 0.351798 0.37939 0.0288543 0.0533985 0.316366
0 0.304187 0.283574 0.0149098 0.0282435 0.313791
0 0.357054 0.718222 0.0208435 0.0330821 0.312561
0 0.883392 0.514362 0.0227871 0.0372148 0.309925
0 0.61303 0.468868 0.0284932 0.0432994 0.30878
0 0.0524338 0.291898 0.0154983 0.0293597 0.307654
0 0.663544 0.157909 0.0163822 0.0325594 0.306623
0 0.745751 0.015236 0.0172593 0.0288026 0.305033
0 0.437489 0.483103 0.0267693 0.0402503 0.30267
0 0.657143 0.443092 0.0231966 0.0366714 0.302357
0 0.211998 0.624303 0.0224181 0.0366011 0.302265
0 0.139231 0.498371 0.0214363 0.0352701 0.301879
0 0.869668 0.17768 0.0175606 0.0265818 0.300371
0 0.754461 0.0570858 0.0202927 0.0356649 0.298852
0 0.0138832 0.400346 0.0207948 0.0392105 0.297771
0 0.615941 0.224455 0.0150801 0.0233511 0.295768
0 0.174264 0.915671 0.0185901 0.032281 0.293384
0 0.144477 0.65283 0.0153318 0.0280541 0.291404
0 0.0596825 0.990006 0.0213195 0.0186062 0.289304
0 0.733317 0.791273 0.0137329 0.0252801 0.288745
0 0.247123 0.653729 0.0197561 0.0300371 0.286598
0 0.823493 0.0156885 0.018078 0.0292731 0.283397
0 0.0549358 0.21666 0.0210674 0.0376555 0.283392
0 0.0983742 0.914736 0.0106592 0.0272276 0.282522
0 0.571792 0.567551 0.0144836 0.0243202 0.282393
0 0.688134 0.773911 0.01622 0.0260175 0.281544
0 0.341401 0.980212 0.0183028 0.0330058 0.27995
0 0.411241 0.970937 0.0190523 0.0335753 0.279741
0 0.0788523 0.90379 0.0207007 0.0324527 0.279335
0 0.996038 0.377252 0.0079237 0.0366474 0.276247
0 0.128145 0.65102 0.016309 0.0273691 0.27587
0 0.0187351 0.250631 0.0211689 0.0331668 0.274915
0 0.206321 0.518633 0.0159709 0.0260539 0.272972
0 0.371515 0.909079 0.0156406 0.0262665 0.271756
0 0.991125 0.160635 0.0177507 0.0363683 0.271402
0 0.130998 0.95968 0.0190086 0.0375956 0.270723
0 0.359729 0.418452 0.0133048 0.0266159 0.270268
0 0.991103 0.818647 0.0177944 0.0389696 0.264911
0 0.539672 0.145815 0.0182789 0.0368951 0.263289
0 0.477632 0.155086 0.0171618 0.0323446 0.263266
0 0.0617969 0.52964 0.0165521 0.0278871 0.26319
0 0.880642 0.633593 0.0158482 0.0244515 0.261654
0 0.301972 0.0151198 0.0204224 0.0264043 0.261345
0 0.639303 0.443445 0.0147371 0.0282249 0.261336
0 0.90259 0.116149 0.0153778 0.0306179 0.261183
0 0.579063 0.418615 0.0121679 0.0234502 0.261113
0 0.119275 0.473355 0.0152962 0.0248593 0.260382
0 0.912994 0.0938423 0.0178519 0.0255907 0.25945
0 0.742757 0.515734 0.0120966 0.025208 0.257962
0 0.058692 0.646972 0.0145364 0.0282754 0.257561
0 0.0596877 0.985647 0.0204992 0.0263387 0.25743
0 0.392013 0.55454 0.0207172 0.0381778 0.252278
0 0.996906 0.630489 0.00618884 0.0336884 0.249655
0 0.00885683 0.755088 0.0172621 0.0299259 0.248099
0 0.486623 0.0120824 0.0203741 0.0241649 0.247676
0 0.193835 0.0863867 0.0180401 0.0282411 0.247342
0 0.744802 0.0986796 0.0212749 0.035357 0.246747
0 0.0298845 0.319322 0.0144425 0.0252624 0.246451
0 0.245115 0.372459 0.0220935 0.0394051 0.244675
0 0.520728 0.992692 0.014959 0.0140344 0.244119
0 0.358579 0.928421 0.0140942 0.0297668 0.243611
0 0.174423 0.460755 0.0298354 0.0544505 0.240799
0 0.899112 0.600922 0.0199642 0.0367679 0.240645
0 0.920831 0.653224 0.0152065 0.0284019 0.240348
0 0.617095 0.0105746 0.0255389 0.0211415 0.240105
0 0.163511 0.771736 0.0156065 0.0274384 0.239399
0 0.365152 0.765908 0.0181499 0.0248268 0.238745
0 0.192159 0.934437 0.0160574 0.0245816 0.238653
0 0.693294 0.41598 0.0183141 0.0343628 0.237963
0 0.267337 0.357726 0.0173419 0.0370314 0.237676
0 0.718126 0.607746 0.0132923 0.0268852 0.23559
0 0.790249 0.0702781 0.0168357 0.0256332 0.234728
0 0.765026 0.915284 0.017879 0.0313733 0.234683
0 0.561808 0.661849 0.0144061 0.025273 0.234309
0 0.150581 0.358862 0.0143456 0.0222239 0.233706
0 0.34188 0.437361 0.0185536 0.0308467 0.233543
0 0.58428 0.365721 0.0153463 0.0295934 0.231071
0 0.175124 0.451231 0.0269846 0.0358281 0.231065
0 0.00340346 0.436048 0.00680462 0.0338989 0.229835
0 0.477883 0.841577 0.0215168 0.0514113 0.229138
0 0.274221 0.464118 0.0159626 0.0296449 0.228641
0 0.60701 0.468041 0.0179588 0.0371836 0.22789
0 0.478095 0.988078 0.0192509 0.0227854 0.22701
0 0.0510877 0.412855 0.0180496 0.0354701 0.226804
0 0.783253 0.485195 0.0187393 0.0352596 0.224065
0 0.228341 0.0821824 0.0159002 0.0250691 0.224013
0 0.200118 0.669473 0.0268248 0.0421231 0.223916
0 0.706465 0.419815 0.0344165 0.0484907 0.223747
0 0.0982588 0.469382 0.0188822 0.0240092 0.223242
0 0.54679 0.678129 0.0138933 0.021162 0.221548
0 0.343536 0.601048 0.0209161 0.0364812 0.22153
0 0.170636 0.707463 0.0224532 0.0287208 0.219091
0 0.00589193 0.636316 0.0115163 0.0389641 0.218984
0 0.966321 0.544371 0.0145733 0.0252603 0.217806
0 0.956165 0.250867 0.016677 0.0309561 0.215992
0 0.811664 0.517402 0.0146797 0.0288699 0.215868
0 0.260606 0.450281 0.0184805 0.0310604 0.211905
0 0.036753 0.651805 0.0163472 0.0300683 0.210502
0 0.202943 0.675084 0.022997 0.0363405 0.209281
0 0.539192 0.718287 0.0161248 0.0294708 0.209278
0 0.616361 0.3378 0.0163477 0.0381828 0.209262
0 0.927227 0.53466 0.0143787 0.0300189 0.208826
0 0.279026 0.0305145 0.0196333 0.0333603 0.208142
0 0.479581 0.532414 0.01605 0.0299746 0.207438
0 0.112475 0.779 0.0180416 0.0311215 0.204386
0 0.283207 0.805833 0.0168566 0.0304036 0.204344
0 0.265028 0.871455 0.0142838 0.0239363 0.203958
0 0.211993 0.242384 0.0239265 0.0405498 0.203227
0 0.441808 0.133547 0.0203452 0.0342757 0.202748
0 0.239219 0.128039 0.0234371 0.0377679 0.201452
0 0.774402 0.449614 0.0148802 0.0257894 0.201367
0 0.310559 0.719041 0.016247 0.0264225 0.200948
0 0.60908 0.990176 0.0171561 0.0188049 0.200474
0 0.361384 0.207361 0.0211348 0.0346534 0.200308
0 0.703072 0.644443 0.0134254 0.0252533 0.199148
0 0.128289 0.14697 0.0247622 0.0431773 0.19576
0 0.686589 0.656734 0.0121757 0.0252651 0.195749
0 0.520631 0.423845 0.0131859 0.025461 0.195718
0 0.171892 0.70172 0.0241854 0.0389195 0.194189
0 0.996988 0.443253 0.00602455 0.0343188 0.19373
0 0.968461 0.673433 0.0157551 0.0273963 0.191009
0 0.593819 0.599165 0.0210161 0.0399246 0.189583
0 0.730714 0.736414 0.0151045 0.0312676 0.18951
0 0.281463 0.380995 0.0189648 0.0360309 0.189104
0 0.682861 0.699286 0.0119568 0.02169 0.188859
0 0.6579 0.43932 0.0279194 0.0433722 0.187424
0 0.22732 0.0260442 0.015927 0.0269125 0.186526
0 0.883771 0.441504 0.0250277 0.0539422 0.186436
0 0.707482 0.530974 0.0187064 0.0301115 0.186144
0 0.951926 0.252533 0.0224083 0.0352255 0.185485
0 0.178086 0.0375205 0.0177523 0.0294164 0.184399
0 0.885807 0.456725 0.0226115 0.0347943 0.18311
0 0.0342616 0.821741 0.0166127 0.0285061 0.181056
0 0.26608 0.648325 0.0198458 0.0389527 0.181011
0 0.0491301 0.466725 0.0214217 0.0417685 0.179843
0 0.0756453 0.397572 0.0137473 0.0243037 0.179229
0 0.318553 0.617422 0.0151766 0.0284468 0.178781
0 0.335918 0.482092 0.0182315 0.0315543 0.177304
0 0.746827 0.729313 0.0141795 0.0306953 0.176638
0 0.533264 0.757658 0.0195271 0.0333196 0.17623
0 0.871835 0.0538639 0.0175743 0.0243261 0.175808
0 0.685305 0.218702 0.0146357 0.0238625 0.175554
0 0.512837 0.032199 0.0219008 0.0306832 0.174207
0 0.600293 0.0828368 0.0182051 0.0382688 0.173928
0 0.0970591 0.885895 0.0151872 0.0238595 0.173541
0 0.983058 0.268847 0.00923538 0.0197196 0.173232
0 0.0147182 0.406686 0.0161805 0.0298343 0.172283
0 0.701897 0.418401 0.0334085 0.0411357 0.172094
0 0.200642 0.554282 0.0196694 0.0348285 0.171879
0 0.0550598 0.294801 0.0175297 0.0313451 0.171516
0 0.266465 0.931965 0.0167939 0.0330149 0.171286
0 0.399177 0.131256 0.0193331 0.0401013 0.171078
0 0.0103552 0.0160217 0.0200025 0.0320434 0.170069
0 0.139063 0.738178 0.0201964 0.033827 0.169691
0 0.180534 0.604954 0.0164619 0.0260003 0.1696
0 0.572417 0.0388153 0.0245087 0.03857 0.169456
0 0.197747 0.249437 0.0112902 0.0285105 0.169211
0 0.746311 0.587445 0.0183758 0.0292748 0.168021
0 0.668165 0.759032 0.013467 0.025668 0.166018
0 0.0962222 0.949787 0.0167139 0.0288255 0.165737
0 0.0175445 0.300148 0.0166215 0.0192021 0.165288
0 0.266191 0.6578 0.0213348 0.0411318 0.164261
0 0.197809 0.664438 0.0256407 0.0380787 0.164142
0 0.268379 0.666111 0.0194541 0.0308313 0.163617
0 0.916406 0.81092 0.0133837 0.0280304 0.162614
0 0.956937 0.495972 0.018288 0.0361348 0.162047
0 0.245306 0.944293 0.0161997 0.0333967 0.161119
0 0.944916 0.039674 0.0139656 0.024168 0.160929
0 0.896621 0.08797 0.0120214 0.0181323 0.160598
0 0.992053 0.570795 0.015723 0.0273219 0.159801
0 0.613283 0.645545 0.0175316 0.0285753 0.159703
0 0.884508 0.451078 0.0251045 0.0465853 0.159546
0 0.480524 0.0714059 0.0195784 0.0357531 0.158715
0 0.266623 0.874009 0.01442 0.0293339 0.158609
0 0.238892 0.547744 0.014603 0.0241813 0.157612
0 0.260756 0.0842878 0.0180209 0.0320658 0.157569
0 0.31894 0.208154 0.0220397 0.0414873 0.156025
0 0.667522 0.0179959 0.0174295 0.0332912 0.155787
0 0.616762 0.466342 0.0248388 0.0412661 0.155233
0 0.694807 0.0751999 0.0170221 0.0276444 0.15471
0 0.882929 0.106348 0.0147949 0.0232526 0.154688
0 0.942842 0.259309 0.0173889 0.0238759 0.154619
0 0.491772 0.127941 0.0139504 0.0222418 0.154151
0 0.579157 0.69979 0.020586 0.0366575 0.154065
0 0.962868 0.517731 0.0168959 0.0240799 0.153466
0 0.133064 0.119978 0.0222686 0.0279768 0.153459
0 0.0513634 0.419942 0.0183953 0.0360555 0.153432
0 0.359998 0.0691213 0.0191047 0.0346987 0.152726
0 0.619272 0.345485 0.0149653 0.0297999 0.152564
0 0.0177253 0.395017 0.017732 0.028185 0.151854
0 0.931265 0.326243 0.0136578 0.0214532 0.151749
0 0.912238 0.163167 0.014805 0.0237306 0.150922
0 0.179701 0.524507 0.0227999 0.0330912 0.150688
0 0.725164 0.347927 0.0132437 0.0227664 0.150491
