0 0.876479 0.276352 0.016349 0.0319728 0.666378
0 0.266896 0.157848 0.0200593 0.0359625 0.659197
0 0.360687 0.056506 0.0229048 0.0478923 0.655078
0 0.866696 0.104821 0.0191975 0.0364331 0.653529
0 0.775955 0.311436 0.016442 0.0372933 0.653226
0 0.899611 0.547279 0.0187191 0.0347572 0.65014
0 0.638422 0.230612 0.0149451 0.0369215 0.649737
0 0.580639 0.929326 0.0219231 0.0384915 0.648259
0 0.962304 0.796997 0.0165517 0.0353397 0.647691
0 0.630705 0.103033 0.0214547 0.0393717 0.64667
0 0.243066 0.679398 0.0208705 0.0355871 0.646426
0 0.816126 0.602175 0.0330334 0.0564492 0.646046
0 0.839369 0.648871 0.021757 0.0304509 0.644625
0 0.757963 0.328703 0.0185841 0.0392596 0.644331
0 0.454206 0.702673 0.0207602 0.0380225 0.643185
0 0.90248 0.463531 0.020838 0.0373555 0.637206
0 0.894367 0.227456 0.0159279 0.0314549 0.63704
0 0.244428 0.86944 0.0271999 0.0381115 0.636275
0 0.167452 0.232074 0.0172531 0.0320145 0.63496
0 0.278274 0.423954 0.0296071 0.0515706 0.634856
0 0.75449 0.222412 0.018663 0.0318521 0.634693
0 0.420685 0.571904 0.0187024 0.037292 0.632379
0 0.60525 0.0582592 0.0214811 0.0501642 0.631062
0 0.425301 0.141273 0.0164589 0.033369 0.630634
0 0.401008 0.732625 0.0169966 0.0299591 0.629838
0 0.133071 0.336415 0.0124981 0.0278428 0.629057
0 0.943831 0.371425 0.0260841 0.0424733 0.628481
0 0.127869 0.935732 0.0175317 0.0303328 0.628044
0 0.33271 0.209303 0.021696 0.0313161 0.628018
0 0.817172 0.962097 0.015958 0.0303843 0.627459
0 0.383024 0.0528845 0.0194909 0.0418108 0.627376
0 0.506182 0.0972873 0.0185853 0.0315812 0.627207
0 0.688092 0.79486 0.0171789 0.0309014 0.624825
0 0.929363 0.232231 0.0193228 0.0315792 0.624369
0 0.460181 0.57492 0.0184616 0.0358254 0.624181
0 0.591706 0.606039 0.0191616 0.0332376 0.624031
0 0.448327 0.0836877 0.0220301 0.037743 0.621853
0 0.149326 0.0584936 0.0191375 0.0312255 0.62176
0 0.208349 0.284234 0.0146536 0.0257197 0.621498
0 0.28029 0.622969 0.0200863 0.0380633 0.621382
0 0.448655 0.359261 0.020985 0.038221 0.620537
0 0.925537 0.70278 0.0166111 0.0354099 0.620221
0 0.914269 0.672192 0.0143448 0.0246433 0.619347
0 0.246127 0.44401 0.0267557 0.0454902 0.61889
0 0.166056 0.392503 0.0140358 0.0357225 0.618066
0 0.395488 0.69193 0.0131412 0.025434 0.617626
0 0.706717 0.230346 0.0163292 0.0292057 0.616623
0 0.919012 0.369949 0.0169212 0.0385718 0.615974
0 0.769202 0.722954 0.0163759 0.026472 0.615654
0 0.981148 0.0212314 0.025478 0.0418156 0.615647
0 0.654878 0.87237 0.0174185 0.0334857 0.615139
0 0.643736 0.690597 0.0198322 0.0362901 0.614176
0 0.436213 0.260034 0.018552 0.0391679 0.61372
0 0.673906 0.391485 0.0155872 0.0413657 0.613323
0 0.910695 0.588746 0.012941 0.0280882 0.612868
0 0.434332 0.860106 0.0164976 0.0302755 0.611279
0 0.965399 0.112805 0.0168978 0.0337992 0.610993
0 0.420935 0.732348 0.0146792 0.029069 0.610477
0 0.894849 0.68125 0.0142162 0.0245323 0.609698
0 0.251939 0.731755 0.0149973 0.0301821 0.609183
0 0.845104 0.753431 0.0146133 0.0310513 0.609026
0 0.281617 0.123215 0.0161598 0.0353421 0.608667
0 0.605772 0.514249 0.0183497 0.0335567 0.60685
0 0.0725115 0.115572 0.0151838 0.0301189 0.60665
0 0.699279 0.611836 0.0184355 0.0317171 0.60641
0 0.978755 0.621286 0.0205345 0.0329051 0.605841
0 0.826608 0.475197 0.0173729 0.0392685 0.605809
0 0.441309 0.208787 0.0179751 0.0361337 0.605587
0 0.941563 0.821773 0.0159008 0.0272207 0.605485
0 0.225958 0.930965 0.0170146 0.0293189 0.605322
0 0.434091 0.438207 0.0222184 0.0340476 0.604671
0 0.453206 0.307107 0.0173492 0.0426149 0.604621
0 0.151193 0.241011 0.0128972 0.0240992 0.602667
0 0.229088 0.284869 0.0168835 0.0290337 0.602616
0 0.315339 0.355198 0.0218561 0.0416629 0.600117
0 0.840977 0.10168 0.0158958 0.0282226 0.600112
0 0.62505 0.29271 0.0203643 0.0370428 0.600093
0 0.42227 0.908555 0.0171083 0.0310265 0.598571
0 0.19703 0.792012 0.0151075 0.0265457 0.598112
0 0.539322 0.179782 0.0131373 0.0285832 0.597973
0 0.8214 0.260443 0.015974 0.0301846 0.59742
0 0.637831 0.601483 0.0186077 0.0415251 0.59716
0 0.350589 0.175029 0.0206791 0.0367544 0.596202
0 0.972145 0.243513 0.0144329 0.0266697 0.595945
0 0.602126 0.914059 0.0144547 0.0285845 0.595679
0 0.151855 0.409419 0.0120342 0.0271456 0.595388
0 0.519157 0.519306 0.0144297 0.027785 0.595292
0 0.388005 0.306552 0.0198519 0.0328638 0.59469
0 0.576211 0.0505801 0.0132464 0.0290178 0.594161
0 0.532796 0.456004 0.0167817 0.0298735 0.594028
0 0.621549 0.635753 0.0235619 0.0350917 0.593968
0 0.949693 0.0880122 0.0191982 0.0351837 0.593634
0 0.182555 0.748923 0.0171762 0.0321327 0.592764
0 0.213013 0.774692 0.0107966 0.0234536 0.592651
0 0.896315 0.100366 0.0144363 0.0305056 0.591968
0 0.894958 0.0406794 0.0148398 0.0289771 0.591884
0 0.535565 0.556194 0.0150063 0.0327042 0.591882
0 0.0929342 0.0716732 0.0176246 0.0369488 0.591583
0 0.30588 0.793966 0.0175576 0.0339847 0.591545
0 0.330274 0.776193 0.0148861 0.0276148 0.591528
0 0.210067 0.882438 0.0134558 0.0310449 0.590924
0 0.195985 0.844583 0.013552 0.028358 0.589918
0 0.869231 0.310235 0.0192635 0.032129 0.589274
0 0.764518 0.396683 0.0131121 0.029077 0.589229
0 0.538033 0.254377 0.0179126 0.0307834 0.588926
0 0.85164 0.197497 0.0137356 0.0230729 0.588844
0 0.513732 0.818402 0.0146736 0.0392588 0.588802
0 0.442642 0.572883 0.0143012 0.0302357 0.58702
0 0.1877 0.2878 0.0214883 0.0425825 0.586959
0 0.226451 0.330156 0.0188427 0.0384193 0.586951
0 0.649562 0.759716 0.0182268 0.0345317 0.586519
0 0.704541 0.120162 0.0177795 0.0345773 0.585375
0 0.742652 0.799725 0.0190634 0.0342936 0.584641
0 0.823994 0.381131 0.0195307 0.0340191 0.583389
0 0.457156 0.265381 0.0161053 0.0279549 0.58336
0 0.0224698 0.0579792 0.0258972 0.0532157 0.58313
0 0.23761 0.581683 0.0140134 0.0359209 0.582615
0 0.889356 0.493479 0.0141674 0.0259527 0.582561
0 0.425079 0.957045 0.0144238 0.0291571 0.582352
0 0.489061 0.744581 0.0154861 0.0290493 0.58186
0 0.665361 0.63979 0.0187389 0.0341024 0.580316
0 0.252789 0.519002 0.0162556 0.0301789 0.579874
0 0.817706 0.164523 0.0155674 0.0314082 0.578809
0 0.863559 0.417537 0.0176701 0.0323688 0.57798
0 0.175392 0.709043 0.0175094 0.039039 0.577089
0 0.831244 0.418355 0.0162441 0.0317817 0.57673
0 0.16781 0.330817 0.0181367 0.0369961 0.576444
0 0.516316 0.286459 0.017679 0.0397241 0.575061
0 0.630983 0.059078 0.0221465 0.0364327 0.574882
0 0.893267 0.153688 0.0207844 0.038681 0.57478
0 0.629991 0.942174 0.0190276 0.0322784 0.573732
0 0.874903 0.691605 0.0156101 0.026012 0.573688
0 0.378771 0.775693 0.0132722 0.0266581 0.573464
0 0.299358 0.520713 0.0152323 0.0266281 0.572792
0 0.877916 0.204851 0.0162712 0.0291374 0.572135
0 0.447792 0.965021 0.0172169 0.0376199 0.571824
0 0.608384 0.202756 0.0155696 0.0279094 0.571117
0 0.713384 0.468357 0.0240374 0.0350383 0.570992
0 0.379764 0.227869 0.0200981 0.0321601 0.570776
0 0.389311 0.645366 0.0145589 0.0282529 0.56861
0 0.0735389 0.0792837 0.013569 0.0317334 0.56746
0 0.459301 0.181258 0.0141771 0.0312033 0.567426
0 0.411846 0.827091 0.00940971 0.0289571 0.566663
0 0.950011 0.600395 0.0120712 0.0213406 0.566421
0 0.512078 0.914451 0.0145853 0.0323669 0.566358
0 0.327426 0.702768 0.0156073 0.0312347 0.565446
0 0.303689 0.187388 0.0181981 0.0307406 0.564472
0 0.792485 0.34912 0.0206272 0.0317041 0.564444
0 0.89047 0.349989 0.0117424 0.0284594 0.564404
0 0.876148 0.395083 0.0108827 0.0253257 0.564136
0 0.400643 0.559241 0.0125939 0.0279795 0.563947
0 0.751533 0.727619 0.0142399 0.0295631 0.563942
0 0.516572 0.567172 0.0197729 0.0359152 0.563692
0 0.934563 0.787465 0.0181734 0.0313873 0.563667
0 0.733245 0.454331 0.0168416 0.0319044 0.563621
0 0.428234 0.0680187 0.0136765 0.0252199 0.562437
0 0.241115 0.133314 0.0156189 0.0251366 0.561782
0 0.102763 0.215492 0.0197159 0.0312475 0.561244
0 0.350466 0.849738 0.0193107 0.0323062 0.560589
0 0.127567 0.279341 0.0135533 0.0298364 0.560345
0 0.899119 0.512943 0.0115318 0.0229936 0.560033
0 0.568838 0.562173 0.0135169 0.0253347 0.559379
0 0.378702 0.376201 0.0203869 0.0382688 0.55919
0 0.665756 0.68074 0.0184189 0.0314325 0.558588
0 0.234291 0.167776 0.0147621 0.0260758 0.558568
0 0.375269 0.168246 0.0155417 0.03822 0.557442
0 0.319477 0.48294 0.019823 0.0334218 0.556333
0 0.676242 0.34658 0.0129344 0.0222592 0.55558
0 0.166414 0.798504 0.0160738 0.0272817 0.555414
0 0.586748 0.969394 0.0125025 0.0271421 0.555045
0 0.609698 0.335419 0.0230272 0.0419266 0.554725
0 0.143809 0.641578 0.0168995 0.0324029 0.55467
0 0.142793 0.465754 0.0196136 0.0310295 0.554123
0 0.714464 0.271695 0.0171946 0.0341075 0.553914
0 0.802301 0.82021 0.0144257 0.0309875 0.552715
0 0.4714 0.0904397 0.0119407 0.0272547 0.55205
0 0.579468 0.492336 0.0171093 0.0334522 0.55188
0 0.170837 0.571746 0.0114333 0.024408 0.551803
0 0.67209 0.950775 0.0149995 0.0313352 0.550821
0 0.563423 0.170251 0.0176346 0.0319233 0.550641
0 0.546013 0.859598 0.0159894 0.0295519 0.550324
0 0.97398 0.176981 0.0306622 0.0464222 0.550307
0 0.864944 0.749259 0.0171814 0.0294946 0.550212
0 0.822723 0.524015 0.0148582 0.0277223 0.549923
0 0.538974 0.946427 0.0127592 0.0319927 0.549462
0 0.597371 0.235776 0.0169716 0.0361828 0.548419
0 0.785078 0.981282 0.0178904 0.0296024 0.547641
0 0.720894 0.812938 0.0131411 0.0333588 0.547331
0 0.575683 0.833558 0.0144081 0.0255746 0.547075
0 0.729053 0.299837 0.016031 0.026926 0.545963
0 0.280471 0.534774 0.0191602 0.031464 0.545814
0 0.870382 0.504326 0.0167786 0.0304043 0.545718
0 0.737022 0.753629 0.0135823 0.0258557 0.545544
0 0.12731 0.612184 0.0137821 0.0297056 0.543995
0 0.498791 0.184552 0.016669 0.0284677 0.543947
0 0.733981 0.266924 0.0122084 0.0221265 0.543734
0 0.413881 0.690523 0.0133345 0.0251834 0.543601
0 0.88454 0.969008 0.0154522 0.0284132 0.543247
0 0.945743 0.219296 0.0107628 0.0289312 0.543192
0 0.838928 0.55686 0.0175955 0.033426 0.542365
0 0.371383 0.654584 0.0136499 0.0264838 0.53998
0 0.81683 0.742281 0.0153885 0.0263692 0.538889
0 0.538336 0.111356 0.0136566 0.0253501 0.538822
0 0.470898 0.290801 0.0125662 0.0307695 0.538384
0 0.930212 0.572804 0.0226589 0.0350655 0.537769
0 0.74735 0.616872 0.0165825 0.0351748 0.537382
0 0.82925 0.926089 0.0174589 0.034672 0.535487
0 0.560014 0.0713793 0.0164944 0.0364073 0.535185
0 0.119402 0.0746778 0.0165797 0.0315475 0.534086
0 0.291467 0.0286831 0.0183023 0.0333805 0.53352
0 0.898257 0.647676 0.0176826 0.0321931 0.533226
0 0.852799 0.621963 0.0126572 0.0261991 0.533062
0 0.177515 0.102114 0.0187758 0.0313532 0.532976
0 0.514321 0.421643 0.0137432 0.0293744 0.532012
0 0.788222 0.413454 0.0155634 0.0331699 0.531911
0 0.946312 0.65673 0.0153126 0.0278564 0.531843
0 0.138441 0.240749 0.0122328 0.0273848 0.531189
0 0.920473 0.428391 0.0168468 0.0350221 0.530841
0 0.470252 0.764192 0.0143771 0.0291619 0.529477
0 0.70043 0.544153 0.0161175 0.0224278 0.529196
0 0.386582 0.596822 0.0146209 0.0242478 0.529137
0 0.0548968 0.0433845 0.0192866 0.037452 0.528371
0 0.184223 0.218574 0.0135355 0.0259349 0.527964
0 0.222313 0.464812 0.0139404 0.0230973 0.527954
0 0.854288 0.717138 0.0172522 0.0330526 0.527781
0 0.854061 0.284806 0.0179031 0.0262467 0.527028
0 0.819715 0.126572 0.0210503 0.0342879 0.526454
0 0.305067 0.424478 0.0189531 0.036988 0.526436
0 0.606401 0.577529 0.0155695 0.0292264 0.525681
0 0.804576 0.222275 0.0183357 0.0478916 0.525287
0 0.192759 0.969286 0.018588 0.031308 0.524887
0 0.703269 0.820213 0.0150023 0.026771 0.524478
0 0.814798 0.043545 0.0235487 0.0379849 0.5243
0 0.568813 0.454921 0.0140518 0.0292411 0.523381
0 0.340494 0.916033 0.019209 0.0349965 0.523068
0 0.155091 0.137221 0.0219677 0.0388836 0.523062
0 0.862099 0.822434 0.0191601 0.042335 0.522771
0 0.198362 0.905611 0.0162942 0.0315857 0.52212
0 0.272423 0.563202 0.0129467 0.0333095 0.521467
0 0.717123 0.0319181 0.0232708 0.047549 0.520677
0 0.224427 0.429154 0.0171117 0.0294924 0.520573
0 0.27909 0.234604 0.0143009 0.0233031 0.520422
0 0.496993 0.270528 0.0212951 0.0406877 0.520294
0 0.574303 0.0180398 0.0190739 0.0323231 0.52016
0 0.119119 0.194388 0.0128138 0.0276616 0.519571
0 0.105277 0.167573 0.0126449 0.0230589 0.518335
0 0.513559 0.709709 0.0137354 0.0268173 0.518272
0 0.166519 0.435871 0.0145295 0.0246227 0.517334
0 0.92864 0.747246 0.0154362 0.025746 0.516332
0 0.370783 0.74499 0.0110867 0.0254927 0.516158
0 0.46383 0.212582 0.0141844 0.0269305 0.515051
0 0.488086 0.0629978 0.0271284 0.0474595 0.514443
0 0.246933 0.630952 0.0154376 0.0291828 0.514246
0 0.86459 0.144277 0.0162945 0.0303533 0.51407
0 0.78137 0.178033 0.0150837 0.0303903 0.512803
0 0.578002 0.653384 0.013759 0.023997 0.512796
0 0.80983 0.415968 0.0122434 0.0311289 0.512778
0 0.864801 0.593229 0.0149246 0.0294169 0.512019
0 0.667777 0.811759 0.0181831 0.0371267 0.510834
0 0.580877 0.311497 0.0138811 0.0336484 0.509374
0 0.590998 0.538647 0.0142008 0.0254722 0.508694
0 0.356142 0.904718 0.017609 0.0375766 0.508474
0 0.442703 0.617931 0.0115202 0.0263508 0.508449
0 0.724125 0.851954 0.014209 0.0239516 0.508306
0 0.46696 0.372065 0.013035 0.0356684 0.508122
0 0.734084 0.945817 0.0226244 0.0400967 0.506432
0 0.317749 0.862133 0.0180147 0.0298273 0.505692
0 0.61235 0.876118 0.0167083 0.0276221 0.505486
0 0.452975 0.651315 0.0169004 0.0345789 0.505116
0 0.658081 0.979079 0.0193239 0.0351165 0.505041
0 0.781541 0.787043 0.0162117 0.0291046 0.50492
0 0.783261 0.705745 0.0144812 0.0249409 0.50481
0 0.90475 0.332417 0.0175339 0.0287846 0.504028
0 0.486233 0.975436 0.016812 0.0383409 0.503832
0 0.725177 0.508475 0.0148067 0.0343921 0.503076
0 0.90357 0.386697 0.014101 0.0238676 0.502731
0 0.552296 0.450937 0.0148546 0.0292271 0.502091
0 0.693947 0.360562 0.0126251 0.029904 0.501812
0 0.623344 0.491263 0.0155334 0.0358695 0.501608
0 0.960678 0.0425003 0.0166912 0.0310004 0.501411
0 0.346212 0.668742 0.0232062 0.0335868 0.501303
0 0.986242 0.103883 0.0188614 0.0312466 0.500036
0 0.776622 0.140063 0.0135309 0.0290073 0.499953
0 0.419593 0.180488 0.0195146 0.0335868 0.499616
0 0.500243 0.692844 0.0156101 0.0278924 0.499506
0 0.30541 0.950543 0.0192552 0.0312606 0.498857
0 0.423863 0.0165718 0.014464 0.0326257 0.498296
0 0.849755 0.0637709 0.0170345 0.0312553 0.496018
0 0.864084 0.231207 0.0131072 0.0189386 0.494829
0 0.793332 0.632308 0.0201746 0.042257 0.493816
0 0.397195 0.795796 0.019105 0.0315294 0.493764
0 0.674536 0.873026 0.0172979 0.0279217 0.493394
0 0.567274 0.756545 0.0171963 0.0403926 0.492814
0 0.879812 0.0536936 0.0182606 0.0322126 0.491465
0 0.972088 0.491316 0.0135738 0.0311771 0.490726
0 0.483422 0.498253 0.0234139 0.0391911 0.49032
0 0.347917 0.796743 0.0188208 0.0345976 0.488462
0 0.744537 0.0769024 0.0169341 0.0307845 0.488354
0 0.726905 0.719649 0.0148497 0.0301198 0.487434
0 0.770702 0.270573 0.017686 0.0353321 0.486527
0 0.365175 0.827847 0.0118262 0.0261599 0.485742
0 0.790732 0.132497 0.0142874 0.0320498 0.485582
0 0.979614 0.396749 0.0189552 0.0370026 0.485537
0 0.181601 0.921047 0.0125472 0.0242473 0.485133
0 0.190164 0.594352 0.0165233 0.0307107 0.483915
0 0.391617 0.176178 0.014294 0.0283446 0.48378
0 0.161836 0.620898 0.0180383 0.0335536 0.483173
0 0.200137 0.940797 0.0131423 0.0255778 0.482491
0 0.979851 0.783794 0.0154922 0.0289978 0.482048
0 0.980593 0.745378 0.0171827 0.0286367 0.480713
0 0.827358 0.228566 0.0179302 0.0311855 0.480697
0 0.330038 0.402641 0.0220574 0.0397147 0.479261
0 0.98893 0.981433 0.0221396 0.0347577 0.479012
0 0.598986 0.473466 0.0108639 0.0290869 0.478435
0 0.413703 0.658356 0.0142344 0.0267801 0.477769
0 0.323326 0.932112 0.0146195 0.0254818 0.476471
0 0.8194 0.317215 0.016507 0.0292023 0.476383
0 0.267377 0.0197014 0.0222161 0.0385668 0.476124
0 0.728471 0.220094 0.0149911 0.0276241 0.475728
0 0.908124 0.620223 0.014986 0.0264121 0.475467
0 0.91129 0.758328 0.0150715 0.0257763 0.47544
0 0.776488 0.2386 0.0155 0.0258876 0.473817
0 0.408708 0.418007 0.0166039 0.0303958 0.473618
0 0.684051 0.461842 0.0187632 0.0319706 0.473353
0 0.733773 0.586649 0.0123514 0.023499 0.473286
0 0.587306 0.773313 0.0235038 0.0372114 0.470892
0 0.885128 0.790486 0.0169039 0.0313007 0.469449
0 0.769168 0.0724521 0.015497 0.0237218 0.46889
0 0.919297 0.29473 0.0165108 0.0289927 0.468308
0 0.347326 0.284093 0.0167545 0.030896 0.468015
0 0.486923 0.434016 0.0143456 0.02828 0.46801
0 0.247119 0.781992 0.0141073 0.0217985 0.467874
0 0.750072 0.983108 0.0135457 0.0302185 0.467092
0 0.269332 0.205118 0.0244175 0.0360789 0.465573
0 0.709658 0.710197 0.0170947 0.0292336 0.465305
0 0.329724 0.157318 0.0153691 0.0279949 0.465145
0 0.0825345 0.9873 0.0186047 0.0240293 0.464435
0 0.363295 0.269242 0.0121084 0.0215025 0.463943
0 0.556056 0.516113 0.0171745 0.0263375 0.463923
0 0.962868 0.355006 0.0137444 0.0323228 0.463757
0 0.66305 0.490285 0.0150431 0.0274419 0.463484
0 0.932244 0.645864 0.0140001 0.0290632 0.463036
0 0.0121382 0.473832 0.022509 0.0404585 0.461628
0 0.663882 0.362768 0.0117058 0.0242487 0.460956
0 0.515486 0.247737 0.014328 0.0304935 0.45948
0 0.840565 0.508046 0.0164406 0.0282305 0.458958
0 0.676557 0.267382 0.013838 0.0265378 0.458397
0 0.814301 0.790039 0.0180517 0.0317553 0.457487
0 0.661352 0.571199 0.0189021 0.0357595 0.455314
0 0.923307 0.510199 0.0245434 0.0395498 0.455155
0 0.0756049 0.326231 0.0136566 0.0348929 0.454564
0 0.0898174 0.777531 0.0153595 0.0274033 0.454086
0 0.494798 0.635115 0.0142246 0.025931 0.45251
0 0.889577 0.401101 0.0124222 0.0267241 0.45126
0 0.323853 0.599887 0.0189391 0.030135 0.450676
0 0.976582 0.843703 0.0158428 0.0349135 0.449908
0 0.660835 0.261788 0.0141811 0.0286012 0.449252
0 0.959562 0.210281 0.0159809 0.0333584 0.448942
0 0.964545 0.700996 0.0178959 0.0262475 0.448065
0 0.48806 0.354803 0.0189217 0.0307399 0.447984
0 0.964267 0.669697 0.0178341 0.0295417 0.44774
0 0.178233 0.840034 0.0149969 0.0320374 0.447596
0 0.24911 0.0389082 0.0174598 0.0297503 0.447353
0 0.794702 0.678329 0.0158637 0.0282684 0.447258
0 0.699438 0.190877 0.0109305 0.0233694 0.447169
0 0.485403 0.801788 0.0113647 0.0300415 0.446401
0 0.551195 0.380149 0.0182611 0.0329849 0.445754
0 0.231691 0.1104 0.0172746 0.0298354 0.445644
0 0.404428 0.267246 0.0202862 0.0377076 0.445497
0 0.39714 0.21501 0.0114607 0.025706 0.445458
0 0.643217 0.90261 0.018674 0.0276664 0.444625
0 0.884422 0.621927 0.0148289 0.0214856 0.444384
0 0.961855 0.472172 0.0140383 0.0232453 0.443563
0 0.701139 0.441506 0.018145 0.0274161 0.44211
0 0.120922 0.240056 0.0120986 0.0285678 0.441987
0 0.912229 0.0734256 0.0230827 0.0477149 0.441704
0 0.111954 0.349922 0.0109456 0.0259781 0.440907
0 0.664401 0.367168 0.0108654 0.019714 0.440716
0 0.565127 0.324548 0.0176338 0.0264979 0.440218
0 0.716804 0.600295 0.0159543 0.0393351 0.440024
0 0.568459 0.219978 0.0166638 0.0341202 0.439907
0 0.912176 0.11669 0.0156975 0.0283654 0.439786
0 0.202159 0.454914 0.0115074 0.0263689 0.439522
0 0.835537 0.159175 0.0121639 0.024558 0.439437
0 0.735181 0.0562744 0.0135653 0.0212219 0.438224
0 0.926603 0.334317 0.0114498 0.0243962 0.437947
0 0.00718277 0.973792 0.0143364 0.0469113 0.436708
0 0.45224 0.524913 0.0136057 0.0302271 0.435367
0 0.231781 0.787621 0.0135857 0.0251928 0.43535
0 0.942921 0.938963 0.0197657 0.0312134 0.435205
0 0.945451 0.476419 0.012751 0.0262342 0.434914
0 0.632904 0.465906 0.0117313 0.0236588 0.434653
0 0.931106 0.861832 0.0197731 0.0430052 0.434339
0 0.737449 0.880015 0.0157444 0.029008 0.434009
0 0.412062 0.47204 0.0162649 0.0328335 0.432838
0 0.736538 0.358399 0.0203934 0.0332851 0.432526
0 0.58537 0.893562 0.0100897 0.0246313 0.432271
0 0.938842 0.618448 0.0128605 0.0201357 0.432215
0 0.370069 0.555845 0.0183181 0.0353304 0.431483
0 0.388138 0.89804 0.0158022 0.022374 0.431309
0 0.851339 0.161993 0.0128647 0.0283962 0.431181
0 0.45885 0.763261 0.00853678 0.0349974 0.43096
0 0.543158 0.81593 0.0103292 0.0260501 0.430055
0 0.365787 0.600409 0.0156937 0.0289458 0.42988
0 0.967196 0.969477 0.0185324 0.0339722 0.429433
0 0.397465 0.0225807 0.0152998 0.0273838 0.426051
0 0.152179 0.100091 0.0105586 0.0229839 0.425867
0 0.552113 0.411104 0.0120478 0.0231862 0.424629
0 0.625703 0.8377 0.0130503 0.028832 0.424476
0 0.883798 0.731994 0.0156344 0.0298357 0.424165
0 0.324317 0.804275 0.0125079 0.0284064 0.423949
0 0.784119 0.850618 0.0198681 0.0355601 0.423586
0 0.357315 0.697462 0.0152155 0.0247951 0.423582
0 0.0665522 0.435302 0.0214333 0.0397198 0.422429
0 0.927119 0.123238 0.0246666 0.0493813 0.42218
0 0.519337 0.771092 0.0137388 0.0235558 0.422101
0 0.185296 0.13194 0.0222725 0.0341956 0.421326
0 0.767212 0.476239 0.0127815 0.0257802 0.419549
0 0.429215 0.826032 0.0151963 0.0307115 0.419263
0 0.178151 0.666291 0.0172646 0.0292312 0.41714
0 0.896036 0.873307 0.0154104 0.0382192 0.416898
0 0.261993 0.698745 0.0115513 0.0225269 0.416538
0 0.436545 0.506493 0.0160702 0.0252722 0.416468
0 0.644833 0.280485 0.0140849 0.0305817 0.415393
0 0.528804 0.412535 0.011927 0.0327615 0.414428
0 0.756299 0.185227 0.0189449 0.0320546 0.41342
0 0.796555 0.955183 0.0139286 0.0229614 0.413148
0 0.629368 0.774056 0.0214716 0.041119 0.41296
0 0.165343 0.761165 0.015375 0.0291716 0.411822
0 0.615491 0.162047 0.0168294 0.0311476 0.411635
0 0.967579 0.582074 0.0203346 0.0398356 0.411436
0 0.961106 0.350563 0.01577 0.0357055 0.41116
0 0.480483 0.652364 0.0153894 0.0280796 0.410758
0 0.51966 0.938001 0.0130651 0.0323289 0.410203
0 0.115046 0.39381 0.015205 0.0313365 0.408834
0 0.397462 0.788932 0.0193756 0.0382955 0.408522
0 0.753349 0.253871 0.0147041 0.0188361 0.408425
0 0.382714 0.833531 0.01464 0.0282988 0.408368
0 0.632889 0.562834 0.0167987 0.0299117 0.407095
0 0.49079 0.0680602 0.0240101 0.0387535 0.406298
0 0.498874 0.404111 0.0111954 0.0245061 0.405497
0 0.170942 0.464491 0.015774 0.030444 0.404469
0 0.689723 0.315426 0.0101929 0.0230243 0.403336
0 0.82807 0.697697 0.0135502 0.0249424 0.4029
0 0.893544 0.884055 0.0168381 0.0408739 0.402535
0 0.940377 0.335036 0.0129894 0.0207933 0.402496
0 0.498372 0.454689 0.010238 0.0261195 0.402021
0 0.466524 0.942517 0.0162649 0.0260163 0.401529
0 0.555076 0.281787 0.0195233 0.0309257 0.400997
0 0.900496 0.271779 0.0151485 0.0301567 0.400748
0 0.883169 0.110989 0.0105312 0.02984 0.400278
0 0.28224 0.369831 0.0127195 0.0285325 0.400042
0 0.0399626 0.0305497 0.0144732 0.0323596 0.399921
0 0.635452 0.788224 0.0181572 0.0274506 0.399535
0 0.684739 0.53331 0.0128001 0.022662 0.398609
0 0.875526 0.0175524 0.0191532 0.031608 0.397674
0 0.330942 0.294315 0.0140763 0.0255852 0.396742
0 0.71498 0.507208 0.0105402 0.031635 0.396737
0 0.753885 0.0376848 0.0183339 0.0309357 0.396571
0 0.658771 0.219912 0.0171501 0.0276948 0.396263
0 0.865561 0.541009 0.0141769 0.0269795 0.394028
0 0.410722 0.0446816 0.0203056 0.0317402 0.393747
0 0.718612 0.410496 0.0189777 0.0449025 0.393599
0 0.206667 0.581505 0.0105741 0.0281691 0.392267
0 0.847909 0.452774 0.01241 0.0263872 0.391968
0 0.199667 0.90179 0.0140134 0.0321462 0.391827
0 0.658089 0.29444 0.0127688 0.0229169 0.391318
0 0.881441 0.570361 0.0160288 0.0239319 0.390808
0 0.532818 0.374002 0.0135066 0.0265027 0.390338
0 0.21345 0.955068 0.0122164 0.0299012 0.390141
0 0.527951 0.987705 0.013056 0.0230335 0.389917
0 0.519296 0.679181 0.00902176 0.0231502 0.389572
0 0.966931 0.407277 0.00975723 0.029118 0.389336
0 0.575357 0.979005 0.0165995 0.0352232 0.387726
0 0.0996479 0.418547 0.0140443 0.0262656 0.387301
0 0.503143 0.966965 0.0135708 0.025936 0.38704
0 0.627975 0.196711 0.0143836 0.0321425 0.386122
0 0.693197 0.644463 0.0182423 0.0274138 0.385684
0 0.683954 0.229602 0.0163366 0.030107 0.385621
0 0.844949 0.863885 0.0239376 0.0389282 0.38516
0 0.689918 0.697115 0.0137473 0.0232131 0.384591
0 0.40892 0.939936 0.0213856 0.0360247 0.384359
0 0.846229 0.862359 0.0225613 0.0281197 0.384075
0 0.99277 0.21052 0.0144594 0.0229986 0.383961
0 0.131358 0.785215 0.0159297 0.0264092 0.382979
0 0.589328 0.180168 0.0177649 0.0291305 0.382134
0 0.701057 0.05827 0.0167014 0.0307428 0.38137
0 0.865484 0.0654167 0.012115 0.0297242 0.38113
0 0.695412 0.577713 0.0158424 0.0307657 0.379816
0 0.239984 0.755932 0.0152566 0.0240753 0.379133
0 0.74053 0.36434 0.0220736 0.032568 0.379104
0 0.121953 0.132914 0.012827 0.0343756 0.378844
0 0.00562422 0.107105 0.0112057 0.0356924 0.378342
0 0.155911 0.821859 0.0142802 0.0241543 0.377591
0 0.146654 0.802423 0.0117075 0.0219676 0.377104
0 0.766992 0.934883 0.0173275 0.0298659 0.377043
0 0.939084 0.16175 0.0100882 0.0277514 0.376638
0 0.631799 0.878422 0.016451 0.0278578 0.376635
0 0.209886 0.345637 0.0137815 0.0229304 0.376508
0 0.765236 0.671139 0.0158165 0.0402546 0.376495
0 0.921235 0.179982 0.020826 0.0426131 0.376159
0 0.257755 0.914121 0.0198085 0.0353987 0.375925
0 0.655351 0.0473824 0.0120971 0.0212703 0.375245
0 0.826892 0.0906799 0.0136353 0.0227836 0.37418
0 0.602377 0.970929 0.0118488 0.0238935 0.373794
0 0.784983 0.06074 0.0141727 0.027275 0.373752
0 0.302599 0.48734 0.0126999 0.0237718 0.373525
0 0.457624 0.499236 0.014001 0.0230766 0.37321
0 0.972953 0.0738087 0.0161049 0.0272599 0.372111
0 0.670552 0.455429 0.00837161 0.0334825 0.371706
0 0.992179 0.582516 0.0156427 0.0368604 0.371564
0 0.103326 0.260569 0.0155004 0.0248879 0.36974
0 0.828237 0.293973 0.011359 0.0181949 0.369663
0 0.536679 0.728438 0.015318 0.0276177 0.369603
0 0.0495985 0.107494 0.0172864 0.0299894 0.368801
0 0.99012 0.481016 0.0149172 0.0249706 0.368729
0 0.649009 0.192254 0.013937 0.0224179 0.3686
0 0.691027 0.413984 0.0151655 0.0247239 0.368295
0 0.583532 0.46032 0.0104885 0.0255389 0.367339
0 0.518667 0.94759 0.0152682 0.0319716 0.366764
0 0.702383 0.517652 0.0134914 0.0265065 0.365021
0 0.252925 0.558387 0.0165359 0.0217088 0.363975
0 0.901878 0.304346 0.0138445 0.0180827 0.363178
0 0.545109 0.780253 0.0195519 0.0334633 0.363094
0 0.931177 0.0503961 0.0208462 0.0349818 0.362963
0 0.959142 0.830413 0.0145676 0.0227464 0.361837
0 0.714424 0.152089 0.016527 0.0300296 0.361233
0 0.716616 0.0754445 0.00971184 0.0262375 0.360253
0 0.429333 0.704006 0.0164624 0.0297323 0.359876
0 0.801938 0.303291 0.0171071 0.0313803 0.359393
0 0.767419 0.977969 0.0167951 0.038737 0.359253
0 0.652715 0.55128 0.0151329 0.0208554 0.359078
0 0.554543 0.968325 0.0188597 0.0430611 0.358587
0 0.984282 0.448059 0.0196659 0.033342 0.357766
0 0.233393 0.073462 0.0136188 0.0248307 0.356655
0 0.784373 0.932562 0.0151007 0.02602 0.35579
0 0.616872 0.447187 0.0183283 0.0295227 0.354403
0 0.851117 0.399288 0.017654 0.0363156 0.35393
0 0.355992 0.144645 0.0206604 0.0316404 0.353905
0 0.229759 0.394633 0.0154628 0.0265127 0.353669
0 0.587907 0.141101 0.0181071 0.0264601 0.353346
0 0.556903 0.136204 0.0152119 0.0255829 0.353324
0 0.81684 0.676432 0.0160187 0.0306193 0.351762
0 0.989264 0.918371 0.0120701 0.0241757 0.350411
0 0.660652 0.48507 0.0163907 0.0278032 0.35013
0 0.214618 0.91877 0.0113881 0.0285919 0.348443
0 0.201542 0.7524 0.0145201 0.0222276 0.34796
0 0.259212 0.967538 0.016557 0.0288371 0.347897
0 0.0104391 0.0124956 0.0194239 0.0244885 0.346227
0 0.871123 0.18167 0.0142258 0.0154622 0.346097
0 0.180872 0.46109 0.0156827 0.0346191 0.345868
0 0.554105 0.232983 0.0126575 0.0300454 0.344734
0 0.451802 0.405888 0.0125752 0.0228962 0.344524
0 0.641601 0.825463 0.0205783 0.0402574 0.343958
0 0.640115 0.149647 0.0138368 0.0293725 0.343743
0 0.258707 0.909012 0.0201268 0.0359338 0.343637
0 0.7091 0.763656 0.016415 0.0275672 0.343447
0 0.493181 0.570746 0.0151279 0.0252981 0.341832
0 0.952771 0.979188 0.0169083 0.0324267 0.341027
0 0.219818 0.703436 0.0151999 0.0378418 0.340845
0 0.881883 0.43226 0.0144091 0.0268692 0.340491
0 0.768577 0.908326 0.0220589 0.0375539 0.340233
0 0.289873 0.181527 0.0113114 0.0233883 0.339586
0 0.350971 0.780059 0.0175708 0.0354614 0.338699
0 0.467571 0.73263 0.0113843 0.0274192 0.3384
0 0.123964 0.577324 0.0155613 0.025176 0.33549
0 0.24572 0.276763 0.00997505 0.028526 0.334956
0 0.986768 0.303728 0.0155666 0.0292234 0.33449
0 0.881241 0.726812 0.0181369 0.0321693 0.333925
0 0.849022 0.354066 0.0109161 0.023959 0.333669
0 0.509546 0.479376 0.0110723 0.0215228 0.333497
0 0.536703 0.328321 0.0118597 0.0338397 0.333201
0 0.934325 0.44288 0.0135365 0.0345124 0.333184
0 0.210646 0.395038 0.0112605 0.0243662 0.333039
0 0.444619 0.894974 0.0178181 0.0284363 0.332744
0 0.688895 0.899027 0.0159538 0.0298031 0.332629
0 0.210641 0.116624 0.0194768 0.0293976 0.332491
0 0.564046 0.414682 0.0111521 0.0196101 0.332388
0 0.805181 0.988002 0.018321 0.0219996 0.331716
0 0.2142 0.550692 0.0122972 0.0247375 0.330808
0 0.302624 0.589153 0.0124882 0.0246756 0.330674
0 0.753892 0.919011 0.0119872 0.0260935 0.33018
0 0.765942 0.521744 0.0245426 0.0428052 0.329977
0 0.413223 0.777143 0.0151707 0.0247152 0.32959
0 0.85831 0.2579 0.0130796 0.0207894 0.329358
0 0.788426 0.0959985 0.018524 0.0308695 0.329322
0 0.228282 0.826079 0.0141654 0.0290297 0.329035
0 0.662362 0.364126 0.0115496 0.0269265 0.328215
0 0.151243 0.77023 0.0107305 0.0277781 0.327116
0 0.876391 0.647576 0.0109238 0.0289007 0.326256
0 0.60201 0.819547 0.0156557 0.0271389 0.325963
0 0.969188 0.312791 0.0115456 0.0222756 0.325563
0 0.553254 0.104519 0.0146252 0.0189025 0.324989
0 0.402796 0.438997 0.0146364 0.0202409 0.324605
0 0.349592 0.784571 0.0199241 0.0433865 0.324119
0 0.56638 0.709098 0.0119871 0.0316632 0.323076
0 0.376525 0.774775 0.0151346 0.027474 0.322558
0 0.328438 0.407614 0.0194548 0.0415998 0.322087
0 0.883539 0.850943 0.0181744 0.0276947 0.321526
0 0.524722 0.850067 0.0123922 0.0237101 0.321409
0 0.550031 0.4125 0.0146792 0.0219319 0.320441
0 0.511724 0.360368 0.0146273 0.0291495 0.319588
0 0.406957 0.124019 0.014379 0.0293589 0.319538
0 0.837525 0.195841 0.0122681 0.0259011 0.319398
0 0.300609 0.309165 0.0147213 0.027784 0.319241
0 0.0206704 0.130561 0.0164434 0.039093 0.31871
0 0.29179 0.669974 0.0174168 0.0272336 0.318302
0 0.487428 0.0107408 0.0283012 0.0210528 0.318166
0 0.341007 0.753501 0.0112227 0.0224004 0.317762
0 0.680247 0.12349 0.0196879 0.0333849 0.317682
0 0.426666 0.342894 0.0184858 0.0418977 0.316612
0 0.176437 0.955099 0.00992384 0.0224588 0.314034
0 0.0994645 0.457379 0.0211554 0.0416791 0.31253
0 0.668631 0.187114 0.0150199 0.0341644 0.311885
0 0.0409131 0.978756 0.0229083 0.0401872 0.311218
0 0.243655 0.362697 0.0159917 0.0340356 0.310003
0 0.468205 0.365726 0.0127745 0.0436555 0.309946
0 0.501706 0.042791 0.00948067 0.0254348 0.309437
0 0.850957 0.355252 0.0118004 0.0256199 0.308501
0 0.758842 0.119995 0.0185501 0.0326102 0.30848
0 0.947796 0.00870943 0.015078 0.0172161 0.308413
0 0.691278 0.575882 0.0196449 0.0332119 0.308273
0 0.328114 0.975687 0.0171206 0.0315611 0.307959
0 0.576535 0.25074 0.0107536 0.0279752 0.306873
0 0.402557 0.271204 0.018939 0.0412597 0.306373
0 0.883326 0.455042 0.00908127 0.0237339 0.306023
0 0.744611 0.432921 0.0144643 0.0284192 0.305861
0 0.70289 0.877945 0.0138584 0.0258314 0.30473
0 0.536266 0.697344 0.0164539 0.0280906 0.304503
0 0.0101037 0.666852 0.0194578 0.0398473 0.304195
0 0.548422 0.781281 0.0191593 0.0335598 0.303922
0 0.243369 0.821117 0.0179238 0.0351959 0.303897
0 0.302813 0.949516 0.0229023 0.0354626 0.302884
0 0.175998 0.462962 0.0204228 0.0333103 0.302867
0 0.426958 0.700915 0.013833 0.0257928 0.302863
0 0.764241 0.100679 0.0202712 0.0325113 0.302652
0 0.934634 0.531626 0.0147152 0.0278859 0.301064
0 0.435768 0.536765 0.0155797 0.0274601 0.300091
0 0.684576 0.611698 0.00782534 0.0295125 0.299724
0 0.93944 0.311139 0.0146832 0.0223295 0.299304
0 0.63184 0.785055 0.0218145 0.0316117 0.299189
0 0.834522 0.728806 0.0131447 0.018031 0.298306
0 0.492067 0.855207 0.0179374 0.0356062 0.298087
0 0.659215 0.480267 0.0159964 0.0298201 0.296295
0 0.685784 0.467501 0.0190475 0.0303536 0.295988
0 0.157399 0.583889 0.0114815 0.0244851 0.295968
0 0.190017 0.372966 0.016765 0.0277593 0.295411
0 0.88296 0.594826 0.0151619 0.0218393 0.295166
0 0.678408 0.993169 0.0167416 0.0130891 0.293121
0 0.403864 0.185112 0.0104302 0.0299728 0.292351
0 0.498908 0.778532 0.0213219 0.0306257 0.292105
0 0.213788 0.820202 0.0121866 0.0244941 0.291974
0 0.341413 0.339724 0.0290758 0.0497369 0.291412
0 0.640047 0.600439 0.0134148 0.0389947 0.289615
0 0.75498 0.0420583 0.0171701 0.0321013 0.289049
0 0.776701 0.755921 0.0115965 0.0305528 0.288427
0 0.0705569 0.480524 0.020337 0.0341138 0.286983
0 0.991367 0.340012 0.0172663 0.0325267 0.285961
0 0.783557 0.482978 0.0155846 0.0357079 0.285952
0 0.108002 0.933651 0.0177966 0.0290625 0.285402
0 0.901844 0.783942 0.0128586 0.0209415 0.285076
0 0.533111 0.585499 0.0129885 0.0212919 0.284569
0 0.659145 0.425032 0.0177984 0.0323151 0.284461
0 0.709021 0.373308 0.0150572 0.0250581 0.284104
0 0.944373 0.220114 0.01236 0.0349334 0.282046
0 0.210609 0.0903536 0.0220299 0.0267542 0.282033
0 0.494123 0.0491793 0.0200815 0.0289734 0.281341
0 0.535011 0.0182009 0.0148223 0.0320465 0.281253
0 0.0784165 0.206563 0.0144363 0.0222056 0.281019
0 0.0326632 0.246285 0.0132735 0.0305856 0.280993
0 0.277822 0.901046 0.0179756 0.0245673 0.280912
0 0.837072 0.822318 0.0150187 0.030208 0.280543
0 0.944856 0.417325 0.0172424 0.027694 0.279794
0 0.482872 0.0109347 0.02411 0.0213156 0.279109
0 0.962403 0.475501 0.0157909 0.0263853 0.279066
0 0.647801 0.363861 0.0126459 0.021811 0.279028
0 0.396611 0.385345 0.0133263 0.022931 0.278843
0 0.411218 0.859501 0.0134598 0.0216383 0.27764
0 0.885886 0.733379 0.014043 0.0301124 0.27729
0 0.36797 0.484231 0.0192378 0.0396789 0.277249
0 0.686321 0.683693 0.0167187 0.0272472 0.27715
0 0.767506 0.929662 0.0200375 0.0384186 0.276963
0 0.695916 0.739694 0.0163069 0.0225162 0.276728
0 0.381946 0.259042 0.0166088 0.0256571 0.276337
0 0.558797 0.835691 0.0118881 0.0189904 0.27565
0 0.698247 0.273444 0.0108967 0.0237601 0.275498
0 0.681065 0.227504 0.0171982 0.0311502 0.275209
0 0.320064 0.611227 0.0222542 0.0438001 0.274984
0 0.880804 0.849852 0.0170021 0.0260671 0.274966
0 0.179962 0.183163 0.0160434 0.0331458 0.274753
0 0.991772 0.97888 0.0164556 0.0392839 0.273984
0 0.184114 0.493034 0.0126146 0.020603 0.27372
0 0.198518 0.239927 0.0154139 0.0298472 0.273111
0 0.129977 0.781501 0.01583 0.0278127 0.272596
0 0.730095 0.223186 0.0152863 0.0283334 0.272407
0 0.915717 0.886341 0.0199978 0.0331356 0.272275
0 0.0862361 0.938578 0.0203517 0.0301514 0.271785
0 0.909737 0.818284 0.0161177 0.0287618 0.271488
0 0.774471 0.140993 0.0151754 0.0290724 0.271292
0 0.450851 0.00940351 0.023208 0.0183948 0.27121
0 0.60961 0.264261 0.0107351 0.0224621 0.270947
0 0.86243 0.470576 0.0142929 0.0253022 0.270673
0 0.728231 0.979642 0.0162865 0.0251733 0.26981
0 0.727886 0.118822 0.0147209 0.0294284 0.268632
0 0.703289 0.965779 0.0152748 0.0222833 0.268494
0 0.983311 0.655707 0.0144108 0.0229645 0.267458
0 0.545797 0.751173 0.0126925 0.0218618 0.267291
0 0.27103 0.745588 0.0108841 0.0212975 0.266547
0 0.550752 0.670961 0.00961895 0.0227798 0.26647
0 0.847291 0.484421 0.0151806 0.0235897 0.266324
0 0.997445 0.630883 0.00510941 0.0335164 0.266272
0 0.581493 0.975497 0.0152589 0.038281 0.265959
0 0.329288 0.638981 0.0151794 0.0319377 0.265959
0 0.00436455 0.436882 0.00859317 0.0302583 0.265826
0 0.308942 0.560709 0.0123995 0.0238032 0.26547
0 0.709437 0.312367 0.0131683 0.0228919 0.264015
0 0.64381 0.980794 0.0116418 0.0345185 0.263564
0 0.757115 0.764413 0.0189593 0.0311488 0.263139
0 0.700822 0.273268 0.00897147 0.0278697 0.263053
0 0.590447 0.185433 0.0177658 0.0358223 0.262789
0 0.444588 0.149644 0.0155211 0.0268003 0.262685
0 0.978409 0.401745 0.0183369 0.032901 0.262636
0 0.628096 0.00733133 0.0202193 0.0146627 0.262445
0 0.00897097 0.51889 0.0176095 0.0332585 0.262127
0 0.134103 0.534742 0.0137926 0.0198714 0.262109
0 0.0878871 0.244287 0.0152989 0.0272498 0.262086
0 0.467743 0.984997 0.0180918 0.0277948 0.261785
0 0.685799 0.231568 0.0148745 0.0263367 0.261468
0 0.118604 0.484388 0.0180157 0.0292305 0.260851
0 0.879323 0.242314 0.0130808 0.0259428 0.260667
0 0.737778 0.533814 0.0111933 0.0323172 0.25995
0 0.741417 0.203821 0.0119438 0.0210868 0.259562
0 0.566227 0.886845 0.019449 0.0187047 0.259443
0 0.29589 0.758825 0.0128548 0.0216882 0.259297
0 0.682773 0.19118 0.0112762 0.0279288 0.25892
0 0.273024 0.206124 0.0200607 0.0340351 0.258099
0 0.883884 0.10466 0.0108105 0.0370963 0.258015
0 0.520087 0.45914 0.00893192 0.0280116 0.257346
0 0.275147 0.989534 0.0158674 0.0198897 0.257193
0 0.16361 0.989061 0.0207812 0.0207808 0.256821
0 0.264801 0.647632 0.01547 0.0227843 0.255109
0 0.136422 0.429271 0.0207727 0.0314835 0.254959
0 0.411945 0.94337 0.0185522 0.0338808 0.254705
0 0.668327 0.456114 0.00870514 0.0298252 0.254208
0 0.860423 0.663791 0.0128719 0.0202905 0.254001
0 0.321243 0.604035 0.0229461 0.0405042 0.253946
0 0.99337 0.735214 0.0132605 0.0319929 0.253223
0 0.646787 0.648932 0.0141502 0.0269706 0.253191
0 0.581471 0.408697 0.0159824 0.0260395 0.252837
0 0.695395 0.481514 0.00949834 0.0270405 0.25252
0 0.606383 0.00758271 0.0195318 0.014982 0.252384
0 0.76047 0.114536 0.0198779 0.0359623 0.250759
0 0.734511 0.650956 0.0202875 0.0280694 0.250615
0 0.467342 0.412919 0.0155582 0.0309865 0.250074
0 0.108832 0.868384 0.015465 0.0295105 0.249406
0 0.265577 0.471147 0.0131271 0.0236096 0.249034
0 0.136907 0.827631 0.0157472 0.0267797 0.248222
0 0.584625 0.895142 0.0136281 0.027764 0.247969
0 0.167959 0.468101 0.011588 0.026341 0.247685
0 0.579332 0.355019 0.0183586 0.034147 0.247449
0 0.532594 0.219726 0.0120989 0.0284158 0.247143
0 0.61589 0.980966 0.0196285 0.0355438 0.246706
0 0.755114 0.886369 0.013246 0.0233806 0.246705
0 0.960423 0.86599 0.0160267 0.0310911 0.246703
0 0.753353 0.560155 0.0180386 0.025977 0.246629
0 0.531318 0.0786299 0.0172683 0.0324568 0.246061
0 0.151218 0.715702 0.0143384 0.0261763 0.245913
0 0.930018 0.273877 0.0162769 0.0251255 0.245203
0 0.396496 0.530896 0.0144623 0.0242849 0.245007
0 0.331292 0.0329024 0.0174538 0.0414477 0.244944
0 0.548764 0.671173 0.0107213 0.0218387 0.244638
0 0.110859 0.314688 0.0172806 0.0366385 0.244514
0 0.574571 0.251733 0.0149171 0.0294406 0.244189
0 0.181662 0.804118 0.00980941 0.0218719 0.243935
0 0.63956 0.980623 0.0177052 0.0341306 0.243849
0 0.881524 0.241388 0.0110191 0.0236911 0.243733
0 0.211108 0.772216 0.0120251 0.0279934 0.243394
0 0.667144 0.184201 0.0124278 0.0342102 0.242663
0 0.534595 0.334501 0.012648 0.0286038 0.242582
0 0.620971 0.714602 0.0271192 0.0509687 0.241918
0 0.378322 0.703855 0.0123518 0.0223994 0.241515
0 0.164212 0.181514 0.0157477 0.030767 0.241513
0 0.589198 0.862438 0.0165421 0.0298495 0.241476
0 0.595235 0.300297 0.0171755 0.0271209 0.239688
0 0.851389 0.127818 0.00946693 0.0212451 0.238825
0 0.788683 0.447937 0.0149539 0.0208874 0.238787
0 0.158237 0.482412 0.009934 0.0219701 0.238684
0 0.209039 0.113089 0.0223991 0.035538 0.238107
0 0.728194 0.180878 0.0141333 0.0258523 0.238063
0 0.189536 0.36655 0.0153171 0.0310747 0.237885
0 0.197115 0.0604735 0.0139367 0.0297102 0.23782
0 0.804025 0.530473 0.0145657 0.0329267 0.237742
0 0.716904 0.507153 0.0151824 0.0326426 0.236246
0 0.431085 0.395783 0.0147813 0.0287401 0.235654
0 0.278605 0.927408 0.0200506 0.0312378 0.234964
0 0.280306 0.501421 0.0181291 0.0207238 0.234299
0 0.654302 0.327444 0.0137592 0.0252164 0.232385
0 0.147468 0.292928 0.0224447 0.0321784 0.232313
0 0.790667 0.0985073 0.0207791 0.0336616 0.231539
0 0.218658 0.667565 0.0176156 0.0262389 0.231515
0 0.679089 0.300874 0.0165717 0.027775 0.231243
0 0.571234 0.290184 0.0118631 0.0250855 0.231096
0 0.428062 0.348077 0.0166376 0.0415863 0.230845
0 0.978979 0.532135 0.0135256 0.0253947 0.230835
0 0.722168 0.778816 0.0132882 0.0258814 0.230821
0 0.341681 0.980011 0.0141128 0.0350671 0.230783
0 0.613432 0.951951 0.0138616 0.0191928 0.230737
0 0.821419 0.853104 0.0149742 0.0264058 0.230707
0 0.532165 0.414092 0.0122185 0.0298139 0.230447
0 0.330572 0.187736 0.0199369 0.0248982 0.230172
0 0.653217 0.140479 0.0155094 0.0244598 0.230164
0 0.882623 0.428858 0.0144497 0.0237734 0.230095
0 0.567634 0.891387 0.0171049 0.019103 0.229873
0 0.311877 0.386668 0.0124792 0.0231593 0.229559
0 0.213619 0.915233 0.0129976 0.027965 0.228518
0 0.894993 0.878571 0.0158823 0.0441481 0.228414
0 0.088538 0.0152558 0.0294085 0.0303946 0.228274
0 0.696247 0.160933 0.0126757 0.0172986 0.227235
0 0.182816 0.0394285 0.019632 0.0312936 0.226305
0 0.198674 0.554006 0.0120581 0.0212592 0.226211
0 0.56277 0.661545 0.0157101 0.0256412 0.226069
0 0.132092 0.970524 0.014827 0.024972 0.226053
0 0.58534 0.214353 0.0145788 0.018036 0.225457
0 0.735631 0.456089 0.0168615 0.0316644 0.225122
0 0.286354 0.857275 0.0192164 0.0405745 0.222831
0 0.620421 0.235837 0.0155529 0.0270309 0.222194
0 0.114137 0.62049 0.0125882 0.0292981 0.221907
0 0.484453 0.118353 0.0214537 0.0347774 0.221793
0 0.00326972 0.368454 0.00645601 0.0280797 0.221017
0 0.565147 0.880997 0.0184418 0.0247972 0.220764
0 0.251206 0.175304 0.0119944 0.0166134 0.220515
0 0.0333231 0.897204 0.016577 0.0323795 0.219486
0 0.705685 0.933494 0.0182285 0.0309455 0.219278
0 0.925508 0.983861 0.0222618 0.0314716 0.21919
0 0.466066 0.614821 0.0116278 0.0246574 0.217964
0 0.657601 0.477814 0.0139278 0.0304632 0.217874
0 0.888432 0.398518 0.014008 0.0236805 0.217746
0 0.310447 0.389288 0.01115 0.0205805 0.216883
0 0.283806 0.727778 0.0141485 0.0208588 0.216764
0 0.39696 0.341272 0.0136843 0.0217828 0.216598
0 0.0101536 0.0182623 0.0200045 0.0355654 0.216398
0 0.994555 0.787505 0.0108897 0.0524233 0.216016
0 0.645373 0.423956 0.012126 0.0294781 0.2158
0 0.605522 0.75632 0.0111825 0.026578 0.213714
0 0.451102 0.836017 0.0150045 0.0286814 0.213436
0 0.201374 0.55377 0.00985117 0.0218894 0.213429
0 0.486365 0.383246 0.0165087 0.0215039 0.213179
0 0.716878 0.664946 0.0123927 0.0317664 0.21289
0 0.848323 0.227834 0.013628 0.0204308 0.212824
0 0.289341 0.694677 0.0144427 0.018712 0.21282
0 0.17503 0.350815 0.0168638 0.0239643 0.212542
0 0.615554 0.451282 0.0170106 0.0304059 0.212355
0 0.449237 0.907397 0.0176613 0.0257268 0.211758
0 0.480458 0.16284 0.0213877 0.0319193 0.211747
0 0.903217 0.960432 0.0170961 0.0332675 0.211628
0 0.117038 0.979935 0.0174865 0.0333223 0.21162
0 0.411835 0.413939 0.0147701 0.0301874 0.211396
0 0.396957 0.345302 0.0150238 0.0173632 0.210625
0 0.922208 0.43418 0.0186356 0.0456791 0.21002
0 0.143763 0.199245 0.0174948 0.0320839 0.210003
0 0.513179 0.212297 0.0153405 0.021136 0.209752
0 0.231673 0.0708448 0.0155811 0.0261519 0.209141
0 0.637165 0.152288 0.0138452 0.0286717 0.209051
0 0.211782 0.344261 0.0124372 0.0269875 0.208691
0 0.352692 0.782846 0.0137191 0.0403924 0.208491
0 0.0643599 0.172461 0.0131971 0.0226226 0.207786
0 0.553946 0.975406 0.0171345 0.0369015 0.207716
0 0.455204 0.801377 0.0133677 0.0226627 0.207604
0 0.93034 0.753994 0.0162726 0.0238945 0.207433
0 0.322087 0.249267 0.0180789 0.0318091 0.207335
0 0.635515 0.0594433 0.0149254 0.0357914 0.207112
0 0.342254 0.753163 0.0097579 0.0194088 0.206887
0 0.865354 0.420583 0.0167141 0.0280552 0.206689
0 0.327201 0.813152 0.0129285 0.0210303 0.206564
0 0.993355 0.839513 0.013291 0.0344296 0.206184
0 0.651996 0.948968 0.0134827 0.0206375 0.205945
0 0.995699 0.389493 0.00860272 0.0408749 0.205849
0 0.381216 0.263329 0.0174926 0.0280724 0.205002
0 0.688045 0.692078 0.0165913 0.0272968 0.20449
0 0.271185 0.742065 0.0115764 0.018847 0.203692
0 0.652281 0.00816911 0.0186203 0.0160328 0.203168
0 0.553585 0.959391 0.0180639 0.040862 0.203108
0 0.0525715 0.863097 0.0231746 0.0460532 0.202517
0 0.332399 0.746252 0.0108192 0.0301812 0.202193
0 0.886439 0.625698 0.013496 0.0196403 0.202051
0 0.65351 0.720385 0.0134045 0.0232751 0.201968
0 0.138782 0.131587 0.014483 0.0330468 0.201543
0 0.349434 0.673043 0.0256545 0.040073 0.201391
0 0.321643 0.930494 0.0165873 0.030089 0.201085
0 0.828372 0.475719 0.012278 0.0378315 0.200107
0 0.561675 0.412664 0.0102137 0.0226 0.199452
0 0.520503 0.775119 0.0116169 0.0252046 0.199283
0 0.593135 0.861658 0.0138154 0.0272247 0.198909
0 0.333584 0.853746 0.0094326 0.0270006 0.198636
0 0.397002 0.779066 0.016148 0.0245366 0.198367
0 0.77336 0.010827 0.0180069 0.0208611 0.198099
0 0.205903 0.70541 0.013986 0.037774 0.197919
0 0.382704 0.739144 0.0156366 0.0326681 0.197721
0 0.718036 0.666409 0.0148417 0.0251146 0.197338
0 0.605869 0.793221 0.0135557 0.0195994 0.197297
0 0.105245 0.650423 0.0174334 0.0270662 0.197135
0 0.159296 0.135258 0.0167214 0.0418358 0.197063
0 0.530772 0.343849 0.012954 0.0184608 0.196542
0 0.472864 0.681371 0.0104753 0.026748 0.196102
0 0.428216 0.360642 0.0140643 0.0239826 0.195557
0 0.848178 0.317795 0.0135977 0.0223354 0.194547
0 0.154334 0.585958 0.0146538 0.0271498 0.194313
0 0.659914 0.522314 0.0182478 0.0269385 0.194088
0 0.609522 0.207993 0.0145774 0.0263357 0.193503
0 0.148078 0.330266 0.0123026 0.0261879 0.193472
0 0.670464 0.71161 0.0130196 0.018565 0.192866
0 0.447293 0.903371 0.0188309 0.0298947 0.192701
0 0.279957 0.923238 0.0194862 0.0299628 0.192419
0 0.997003 0.0932025 0.00599384 0.036544 0.192022
0 0.703434 0.443518 0.0164427 0.0249748 0.192003
0 0.963566 0.730798 0.0151323 0.027429 0.191466
0 0.717484 0.559194 0.0154366 0.0240491 0.191332
0 0.688346 0.574092 0.0193751 0.0340542 0.191262
0 0.701417 0.933595 0.0234814 0.0320451 0.191101
0 0.313451 0.738244 0.0176802 0.0316817 0.190768
0 0.00791369 0.15854 0.014395 0.0340193 0.190749
0 0.713438 0.987627 0.0142944 0.0233893 0.190085
0 0.716945 0.274866 0.0147545 0.0397259 0.190043
0 0.791578 0.381259 0.0126385 0.0236325 0.189923
0 0.346089 0.570916 0.0179585 0.0302998 0.189823
0 0.736568 0.531463 0.0102516 0.0308395 0.189531
0 0.903474 0.725971 0.0140858 0.0219559 0.188888
0 0.0495988 0.260907 0.0186116 0.0349074 0.188879
0 0.456143 0.0380287 0.0172036 0.0267267 0.188623
0 0.40468 0.526176 0.011656 0.0272547 0.188137
0 0.132542 0.965215 0.013854 0.0212244 0.187597
0 0.697982 0.578831 0.0136611 0.0307983 0.187229
0 0.720501 0.54908 0.0146198 0.02039 0.186786
0 0.481932 0.261338 0.0144064 0.0259272 0.186713
0 0.589918 0.141133 0.0139467 0.021961 0.186508
0 0.941388 0.721925 0.0118909 0.0261431 0.18647
0 0.308721 0.230394 0.0139927 0.0236704 0.186153
0 0.720022 0.885383 0.0105261 0.0245297 0.186138
0 0.125676 0.870271 0.0152532 0.0314219 0.185995
0 0.518081 0.954607 0.0148312 0.0238068 0.185957
0 0.515189 0.814663 0.0125656 0.0400581 0.185852
0 0.0841659 0.174585 0.0125739 0.0168978 0.185652
0 0.309129 0.98493 0.0200644 0.0264262 0.18546
0 0.609747 0.874808 0.0185843 0.0303073 0.185456
0 0.870989 0.399719 0.0111833 0.0230765 0.185441
0 0.0577388 0.307825 0.019801 0.0342299 0.185279
0 0.733713 0.0553455 0.0145631 0.026533 0.185245
0 0.645712 0.468152 0.0107943 0.0271315 0.184379
0 0.838405 0.506225 0.0143799 0.0286005 0.184361
0 0.471822 0.0310178 0.0132513 0.0251097 0.183276
0 0.409917 0.884128 0.0155762 0.0193937 0.183144
0 0.994201 0.583754 0.0115976 0.037255 0.183123
0 0.62954 0.766624 0.0186649 0.034139 0.183118
0 0.0835342 0.644 0.0154283 0.0261451 0.182689
0 0.494893 0.938884 0.0156219 0.0216115 0.182548
0 0.478499 0.465632 0.0145496 0.0239414 0.182544
0 0.177006 0.518587 0.0104723 0.0235699 0.182452
0 0.584946 0.972332 0.0140415 0.032141 0.182339
0 0.592781 0.535056 0.0142158 0.0257936 0.182207
0 0.587459 0.775278 0.0197062 0.0310435 0.182193
0 0.577824 0.123082 0.0173698 0.0298199 0.181554
0 0.654859 0.789729 0.0103271 0.0214967 0.181017
0 0.767518 0.985967 0.0160096 0.0271509 0.180919
0 0.308047 0.102354 0.0182164 0.0341034 0.180772
0 0.268969 0.317511 0.0189176 0.0292648 0.180392
0 0.258579 0.374124 0.0181328 0.0335222 0.1795
0 0.977666 0.838734 0.0144772 0.0320953 0.179055
0 0.212011 0.551152 0.0114908 0.0265036 0.178717
0 0.253218 0.0904449 0.0144854 0.0237945 0.178529
0 0.203216 0.755849 0.0134057 0.0209696 0.178035
0 0.0272417 0.214762 0.014337 0.0287412 0.17758
0 0.777877 0.711365 0.00929165 0.0206228 0.177513
0 0.650542 0.0100478 0.0160931 0.0194522 0.17739
0 0.730749 0.911635 0.0159441 0.0261478 0.177364
0 0.650188 0.363466 0.011808 0.0229006 0.177052
0 0.781036 0.480616 0.0220026 0.0406932 0.176963
0 0.654604 0.556721 0.0160543 0.0206194 0.176484
0 0.218719 0.365764 0.0162748 0.0238351 0.176383
0 0.467478 0.40897 0.0131384 0.0244449 0.176381
0 0.838781 0.789331 0.0168037 0.0248689 0.176082
0 0.210693 0.986893 0.0139668 0.0246067 0.176023
0 0.340672 0.248143 0.0110498 0.0286267 0.175831
0 0.163503 0.534543 0.0102137 0.0283729 0.175501
0 0.233634 0.966906 0.0187986 0.0348573 0.175177
0 0.715185 0.468369 0.017749 0.0320744 0.174919
0 0.535856 0.659818 0.0145597 0.0154733 0.174715
0 0.56477 0.869636 0.0181407 0.0319322 0.174563
0 0.486588 0.852011 0.0261802 0.0371575 0.174333
0 0.924035 0.182667 0.0248669 0.0431405 0.173759
0 0.331256 0.977735 0.0203163 0.0368577 0.17346
0 0.493299 0.00924149 0.0262915 0.0182881 0.17304
0 0.124466 0.615696 0.0172723 0.0348059 0.17263
0 0.475095 0.879523 0.0170101 0.0267975 0.172605
0 0.348122 0.57336 0.0159931 0.0308165 0.172458
0 0.835857 0.336999 0.0172064 0.018718 0.172126
0 0.854762 0.0107206 0.0109406 0.0201714 0.172075
0 0.139154 0.361818 0.0114988 0.0213338 0.172057
0 0.5022 0.692879 0.0151381 0.0244042 0.172033
0 0.641231 0.466239 0.00700448 0.026868 0.172033
0 0.745073 0.149245 0.014539 0.0267341 0.171575
0 0.615226 0.552222 0.0139586 0.022747 0.171436
0 0.796429 0.760632 0.0244788 0.041018 0.171126
0 0.806762 0.928013 0.01366 0.024565 0.171116
0 0.729819 0.940781 0.01974 0.0344618 0.170921
0 0.42738 0.707172 0.0151503 0.0306498 0.170911
0 0.653478 0.784654 0.0118366 0.0189002 0.170857
0 0.393574 0.531972 0.0130554 0.0236386 0.170776
0 0.890917 0.859019 0.0133446 0.0179735 0.170114
0 0.678864 0.191493 0.0132341 0.0303292 0.169976
0 0.0951717 0.463408 0.024124 0.0357466 0.169941
0 0.928212 0.857874 0.0251602 0.0438171 0.169906
0 0.7196 0.507991 0.0154703 0.0357268 0.169862
0 0.402105 0.527775 0.0144989 0.0277319 0.169772
0 0.306673 0.987301 0.0220343 0.0243741 0.169621
0 0.599428 0.11812 0.0123138 0.0268618 0.16962
0 0.883498 0.122263 0.0102173 0.0173804 0.169548
0 0.950572 0.632011 0.0125818 0.0200971 0.169452
0 0.327313 0.159169 0.0182473 0.0323761 0.169168
0 0.589827 0.567772 0.012854 0.0241614 0.169068
0 0.743504 0.0828676 0.0156288 0.0307945 0.168891
0 0.858421 0.667452 0.012022 0.0174991 0.168818
0 0.793736 0.381518 0.0114119 0.0247691 0.168755
0 0.165885 0.990519 0.0175293 0.0181486 0.168652
0 0.48371 0.293601 0.0128059 0.0253235 0.168352
0 0.521769 0.622441 0.0126488 0.0189093 0.168019
0 0.635571 0.360825 0.0139542 0.0230637 0.167775
0 0.943557 0.473943 0.012706 0.032151 0.167718
0 0.804797 0.21277 0.0167964 0.0307084 0.167234
0 0.518561 0.770537 0.0154963 0.0302626 0.167219
0 0.218203 0.922517 0.0143165 0.0301717 0.167142
0 0.0632296 0.230724 0.0211691 0.0338104 0.166858
0 0.144756 0.699358 0.0174348 0.0232432 0.166842
0 0.928894 0.01845 0.0213158 0.0347494 0.166835
0 0.142204 0.239103 0.0117803 0.0264715 0.165141
0 0.594787 0.290718 0.0166147 0.0323488 0.165024
0 0.432423 0.600171 0.0137783 0.0219577 0.16502
0 0.402909 0.442494 0.0155855 0.0201009 0.165
0 0.260402 0.901667 0.0181999 0.0323123 0.16473
0 0.624636 0.713419 0.0221012 0.0420119 0.164245
0 0.371569 0.293463 0.0143003 0.0253099 0.163947
0 0.557818 0.58949 0.0125984 0.0235287 0.163587
0 0.67018 0.460455 0.00826836 0.0331119 0.162134
0 0.711763 0.189274 0.0126055 0.0250793 0.16208
0 0.265361 0.643347 0.0145824 0.027906 0.162068
0 0.803092 0.298881 0.0176689 0.0278785 0.161478
0 0.631087 0.464802 0.012211 0.021845 0.161192
0 0.523035 0.0210635 0.0192699 0.0295868 0.160741
0 0.981611 0.944406 0.0150688 0.0269741 0.160494
0 0.386286 0.119612 0.0166954 0.0290617 0.160155
0 0.957633 0.252164 0.0146446 0.0297715 0.160153
0 0.56383 0.71348 0.0169571 0.0373027 0.159931
0 0.661937 0.42646 0.0149273 0.0270221 0.15974
0 0.759127 0.760698 0.0173098 0.0307726 0.159045
0 0.414125 0.472805 0.0110701 0.0310213 0.159031
0 0.760331 0.186163 0.0161914 0.0327383 0.158995
0 0.77809 0.137169 0.0113192 0.0330349 0.158312
0 0.850846 0.124299 0.00959778 0.0251301 0.158212
0 0.533691 0.728488 0.0168882 0.025021 0.157891
0 0.134795 0.0594908 0.00684898 0.0296799 0.15765
0 0.870261 0.178709 0.0152378 0.0174698 0.157254
0 0.919976 0.119484 0.0287842 0.0382971 0.157196
0 0.147485 0.706775 0.0175259 0.0267088 0.15706
0 0.334379 0.858345 0.00944258 0.0236209 0.156996
0 0.288977 0.180145 0.0146391 0.0233971 0.156897
0 0.11235 0.547077 0.0129601 0.0244637 0.156639
0 0.127797 0.659484 0.0146315 0.0310753 0.15654
0 0.370813 0.299759 0.0133495 0.0296751 0.156168
0 0.493429 0.936679 0.016094 0.0223193 0.155795
0 0.572193 0.254024 0.01602 0.0287959 0.15579
0 0.655439 0.143269 0.0162029 0.0291951 0.15522
0 0.651709 0.0764983 0.0175659 0.0358541 0.154977
0 0.967623 0.975392 0.0157073 0.0422278 0.154678
0 0.545395 0.300328 0.0174244 0.0233113 0.154596
0 0.2659 0.619652 0.0111848 0.0318095 0.154328
0 0.520468 0.743968 0.00974112 0.0318119 0.153855
0 0.742365 0.684083 0.0173833 0.0261984 0.153779
0 0.126239 0.452241 0.0106279 0.021874 0.153607
0 0.715707 0.407652 0.0237814 0.0432738 0.153596
0 0.948528 0.426555 0.023111 0.0437288 0.152696
0 0.483142 0.263416 0.0112198 0.026138 0.152689
0 0.695266 0.7341 0.0169173 0.0285304 0.152677
0 0.587876 0.570017 0.0136509 0.0221293 0.152122
0 0.161745 0.264115 0.0123463 0.0199631 0.151481
0 0.357576 0.295731 0.012839 0.0222063 0.151385
0 0.576813 0.0172958 0.0128845 0.0312496 0.151143
0 0.298844 0.986344 0.0173614 0.0237573 0.151062
0 0.164455 0.66024 0.00885585 0.0243245 0.150884
0 0.849219 0.455506 0.0138096 0.0311902 0.150785
0 0.737905 0.0199945 0.0132034 0.0297759 0.150512
