0 0.322389 0.722732 0.0236416 0.0394202 0.706558
0 0.203262 0.288533 0.0247617 0.0345963 0.694471
0 0.30399 0.295957 0.0273619 0.0404015 0.690772
0 0.214475 0.532738 0.0280602 0.0459512 0.677325
0 0.500515 0.958363 0.0230778 0.047046 0.676117
0 0.375007 0.828853 0.0238959 0.0442952 0.674011
0 0.111819 0.223823 0.0199168 0.0350273 0.673965
0 0.14406 0.552858 0.0195807 0.0303073 0.672404
0 0.140346 0.249506 0.0216065 0.0385697 0.671141
0 0.580318 0.74214 0.0256325 0.0424903 0.670335
0 0.149871 0.512793 0.021439 0.0382918 0.669624
0 0.1444 0.394842 0.0283566 0.0491645 0.669203
0 0.0760558 0.673043 0.0215275 0.0380092 0.668342
0 0.166909 0.341783 0.0208111 0.0317129 0.667173
0 0.81018 0.885709 0.0240148 0.0393405 0.665081
0 0.159976 0.17148 0.0208643 0.0364789 0.662802
0 0.78453 0.83205 0.0255152 0.0400789 0.661995
0 0.526668 0.870822 0.025808 0.0384743 0.660427
0 0.196734 0.341409 0.0204678 0.0372835 0.657686
0 0.406466 0.844702 0.0216219 0.0338915 0.655371
0 0.200276 0.737349 0.0204296 0.0352407 0.654892
0 0.867841 0.922695 0.0305321 0.0470586 0.654367
0 0.380486 0.713777 0.0212229 0.0337051 0.653704
0 0.446656 0.667726 0.0261135 0.0458432 0.653272
0 0.612266 0.720989 0.0242231 0.0393602 0.65131
0 0.407048 0.942288 0.0196676 0.0362339 0.647934
0 0.647137 0.98599 0.0261387 0.0277479 0.647573
0 0.602768 0.765245 0.018531 0.0317167 0.645504
0 0.120237 0.447857 0.0305428 0.0542072 0.643514
0 0.28797 0.667055 0.019277 0.0316935 0.641349
0 0.133814 0.333197 0.0249371 0.0365184 0.640913
0 0.312757 0.775434 0.0180083 0.0296 0.639052
0 0.176165 0.577908 0.0215091 0.0418512 0.63752
0 0.215744 0.0881755 0.0212837 0.0374328 0.63188
0 0.460914 0.590364 0.0262051 0.0452422 0.629786
0 0.647855 0.876505 0.0206689 0.0325877 0.628727
0 0.270905 0.307059 0.0240934 0.0381341 0.628441
0 0.126075 0.0655572 0.0189246 0.0305077 0.627256
0 0.508779 0.640384 0.0260756 0.0424553 0.626693
0 0.339418 0.318177 0.0224983 0.0397632 0.626548
0 0.314378 0.422188 0.0215038 0.0540929 0.625777
0 0.299717 0.576804 0.0168614 0.0312033 0.621716
0 0.770673 0.876869 0.0222548 0.037833 0.621481
0 0.282197 0.545676 0.0175238 0.0271462 0.618996
0 0.238535 0.579962 0.0187869 0.0289291 0.615577
0 0.276874 0.438101 0.0190838 0.0292243 0.614861
0 0.226326 0.734979 0.0181726 0.0296773 0.614351
0 0.115522 0.700549 0.0230526 0.0417281 0.610761
0 0.0383878 0.54936 0.0169796 0.0343353 0.60933
0 0.0881789 0.714842 0.0141938 0.0318383 0.606706
0 0.321402 0.823042 0.0205787 0.033847 0.605863
0 0.392229 0.883195 0.020863 0.0317981 0.60219
0 0.276893 0.398769 0.0189213 0.037697 0.600307
0 0.435614 0.55646 0.0258959 0.0513845 0.599997
0 0.0216995 0.421341 0.0215161 0.0426487 0.597705
0 0.0778778 0.84501 0.023404 0.0426329 0.597524
0 0.0405223 0.747721 0.0256119 0.0403817 0.596785
0 0.570624 0.911607 0.0264571 0.0403924 0.596367
0 0.16184 0.0553916 0.0245608 0.0479792 0.589394
0 0.261707 0.705431 0.0243808 0.0355771 0.589321
0 0.0630205 0.881121 0.0157575 0.0326029 0.58782
0 0.0123945 0.728792 0.0234504 0.0417631 0.585989
0 0.173547 0.66215 0.0207222 0.0370397 0.585883
0 0.674991 0.966044 0.0234045 0.0420707 0.585751
0 0.056033 0.568383 0.0213942 0.041665 0.585694
0 0.101841 0.572482 0.0264059 0.0350595 0.585544
0 0.432823 0.847792 0.0177886 0.0312937 0.584172
0 0.478114 0.636131 0.0199238 0.0374946 0.5832
0 0.0270013 0.482911 0.0230805 0.0420181 0.583168
0 0.757742 0.832011 0.0215803 0.0382178 0.582651
0 0.356703 0.901686 0.020809 0.0411548 0.579971
0 0.133857 0.729887 0.021107 0.0368401 0.576365
0 0.344244 0.14258 0.0199185 0.0405883 0.574481
0 0.10115 0.66754 0.0163792 0.0334961 0.574383
0 0.229184 0.479114 0.0176991 0.0321035 0.571199
0 0.0135633 0.624225 0.0224478 0.0419059 0.568269
0 0.184601 0.187408 0.015742 0.025265 0.567019
0 0.127941 0.931731 0.0252509 0.0456423 0.565786
0 0.0482152 0.626346 0.0207828 0.0376841 0.562275
0 0.080749 0.607198 0.0227272 0.0523965 0.561751
0 0.416652 0.516651 0.0229263 0.0408052 0.561195
0 0.579968 0.699739 0.0213301 0.0381329 0.559007
0 0.349378 0.769463 0.0171723 0.029305 0.558394
0 0.360452 0.691561 0.0247824 0.0392623 0.556706
0 0.264739 0.580879 0.0185974 0.0338698 0.556594
0 0.38209 0.605834 0.0174623 0.034266 0.554357
0 0.618735 0.855932 0.0245113 0.0405215 0.551523
0 0.420188 0.683801 0.0178362 0.0297224 0.550943
0 0.0784036 0.948507 0.0204361 0.0376446 0.550238
0 0.18077 0.478703 0.0207296 0.041355 0.550235
0 0.131725 0.839256 0.0201628 0.035396 0.549989
0 0.13597 0.663665 0.0170951 0.0350668 0.54923
0 0.550285 0.983432 0.0275513 0.032835 0.548705
0 0.258703 0.633141 0.0351041 0.0443309 0.548284
0 0.115867 0.525861 0.0162524 0.0283772 0.546605
0 0.657584 0.801906 0.0204802 0.0313748 0.545889
0 0.0129637 0.888166 0.0206159 0.0363795 0.543015
0 0.710892 0.823434 0.0220375 0.0345176 0.529494
0 0.0990069 0.960493 0.0185941 0.0380812 0.526561
0 0.0378159 0.592499 0.016505 0.0307366 0.525818
0 0.431637 0.903003 0.022804 0.0373194 0.525429
0 0.272588 0.0992604 0.0252494 0.0447726 0.524035
0 0.306845 0.651267 0.0156197 0.0281258 0.523622
0 0.689309 0.771573 0.0367443 0.0619276 0.522107
0 0.757047 0.905941 0.0196438 0.0248698 0.517062
0 0.384644 0.264157 0.0236062 0.0384471 0.516537
0 0.364878 0.317857 0.0224743 0.0484788 0.507387
0 0.00686855 0.402936 0.0135375 0.0461863 0.505756
0 0.589859 0.59908 0.0240104 0.047011 0.498681
0 0.0651817 0.927424 0.0157382 0.0308353 0.498003
0 0.887226 0.955025 0.0171986 0.0306156 0.485519
0 0.00709859 0.5825 0.0141793 0.0330431 0.484024
0 0.532607 0.660772 0.023105 0.0362739 0.474979
0 0.393468 0.531778 0.0247729 0.0389581 0.471186
0 0.178586 0.122853 0.0191681 0.0267285 0.470675
0 0.0880437 0.894293 0.0294557 0.0620026 0.46987
0 0.256399 0.159261 0.0182372 0.0299418 0.469358
0 0.27232 0.242589 0.0218656 0.0359009 0.468419
0 0.376325 0.215979 0.0289078 0.0576959 0.46482
0 0.0881958 0.496276 0.0197048 0.0313939 0.454653
0 0.29285 0.169395 0.0194517 0.033207 0.451808
0 0.735725 0.823827 0.0212301 0.0400358 0.448487
0 0.673378 0.839014 0.0197311 0.0353865 0.44629
0 0.14384 0.588261 0.0148482 0.0310714 0.444142
0 0.527511 0.707727 0.0216396 0.0350501 0.438447
0 0.418783 0.466641 0.0311146 0.0487949 0.437901
0 0.359874 0.256988 0.0218761 0.0413562 0.432932
0 0.581668 0.988939 0.0180454 0.0214175 0.43257
0 0.264628 0.469757 0.0133656 0.0225333 0.429612
0 0.741368 0.731938 0.0241877 0.043531 0.421497
0 0.403297 0.334347 0.0273862 0.0447183 0.420753
0 0.358799 0.850484 0.0141397 0.0245694 0.420136
0 0.449646 0.925066 0.0151318 0.027808 0.418705
0 0.20312 0.587124 0.0177953 0.0307943 0.410881
0 0.400386 0.226893 0.0200318 0.0382533 0.402749
0 0.351511 0.178283 0.0211398 0.041008 0.391226
0 0.723602 0.711146 0.0199169 0.0394076 0.383635
0 0.325308 0.245778 0.0428968 0.0657961 0.382805
0 0.788088 0.762426 0.0202105 0.0392778 0.37781
0 0.0512774 0.918844 0.0121368 0.0280775 0.377141
0 0.295471 0.417493 0.0142758 0.0246928 0.37612
0 0.483063 0.418268 0.0177638 0.0301766 0.366524
0 0.456936 0.970463 0.0243853 0.0417623 0.355988
0 0.383109 0.306263 0.0147032 0.0288542 0.354797
0 0.0322686 0.951342 0.0197348 0.0313338 0.353546
0 0.143339 0.784778 0.0259329 0.0615228 0.353145
0 0.253178 0.128187 0.0143723 0.0240748 0.348762
0 0.75423 0.779183 0.0241077 0.036084 0.346128
0 0.654306 0.770559 0.0176609 0.0311378 0.343399
0 0.00730327 0.844095 0.0141299 0.0320316 0.339202
0 0.00554766 0.96505 0.0110782 0.0422444 0.334942
0 0.804162 0.792075 0.0161293 0.0291711 0.333762
0 0.264747 0.669617 0.0182722 0.0284383 0.329908
0 0.105429 0.36907 0.0183481 0.026082 0.32956
0 0.267691 0.103581 0.0202537 0.0362651 0.325369
0 0.168704 0.53449 0.0220055 0.0310259 0.325119
0 0.107807 0.419642 0.0172634 0.0259638 0.322182
0 0.385286 0.97008 0.0290579 0.0340381 0.32182
0 0.278959 0.137208 0.0177182 0.0252693 0.320802
0 0.314761 0.601695 0.0120623 0.025372 0.319239
0 0.230035 0.130327 0.0200141 0.0301825 0.318718
0 0.892411 0.903935 0.013155 0.0264791 0.31805
0 0.0726227 0.736201 0.0169811 0.024814 0.316613
0 0.137804 0.0243205 0.0154582 0.0215048 0.314053
0 0.275301 0.242313 0.0268796 0.0415983 0.312354
0 0.0154573 0.691696 0.0121748 0.0198104 0.309955
0 0.524753 0.602216 0.0265328 0.0396528 0.305528
0 0.00659962 0.481357 0.0130284 0.0285821 0.304535
0 0.0940596 0.52611 0.0174817 0.0253586 0.304471
0 0.25885 0.0309034 0.0178687 0.0320684 0.303282
0 0.226176 0.260586 0.0166556 0.0262631 0.30299
0 0.375843 0.224693 0.0238066 0.0422612 0.298435
0 0.470109 0.392684 0.0194622 0.0322342 0.298434
0 0.831715 0.789415 0.024353 0.0388716 0.295288
0 0.159761 0.643776 0.0166649 0.027061 0.290248
0 0.00752677 0.553961 0.0148521 0.0225722 0.286346
0 0.296494 0.721359 0.0188667 0.0292165 0.285777
0 0.340005 0.210551 0.0176977 0.033796 0.284016
0 0.00630213 0.512621 0.0124386 0.0288422 0.283978
0 0.0921312 0.911275 0.0200778 0.0374295 0.278049
0 0.500319 0.896758 0.0151502 0.0230213 0.266787
0 0.00719598 0.445809 0.0140978 0.0251587 0.266464
0 0.283194 0.0437113 0.0157798 0.0229212 0.263629
0 0.102087 0.76406 0.022552 0.0514959 0.25932
0 0.605656 0.897158 0.0214718 0.0357147 0.257931
0 0.477316 0.540463 0.0253127 0.0414958 0.255535
0 0.494849 0.721133 0.0211102 0.0332279 0.247927
0 0.911178 0.951872 0.0212189 0.0349244 0.244476
0 0.829002 0.862617 0.0135132 0.0337155 0.240316
0 0.404604 0.292172 0.024311 0.0407655 0.235356
0 0.00599984 0.846885 0.0119363 0.0270911 0.234547
0 0.843644 0.902731 0.0165712 0.0265523 0.231032
0 0.190098 0.0834799 0.0162155 0.0268075 0.229631
0 0.92983 0.97728 0.0305939 0.0435914 0.227279
0 0.540819 0.638342 0.0179694 0.0268372 0.22423
0 0.599506 0.683008 0.0198286 0.0341934 0.222293
0 0.26553 0.76624 0.0150607 0.0325765 0.222148
0 0.0523783 0.712962 0.0176324 0.0280865 0.221864
0 0.850159 0.866386 0.0211315 0.0372409 0.218841
0 0.924212 0.836727 0.0334042 0.0674981 0.213004
0 0.00963183 0.925122 0.0155676 0.0222202 0.212539
0 0.0192422 0.525726 0.0148699 0.0251183 0.208891
0 0.0628721 0.992568 0.0214086 0.0140571 0.20602
0 0.496966 0.505244 0.030657 0.0549932 0.205831
0 0.300001 0.12913 0.0185057 0.0301992 0.203142
0 0.580935 0.541951 0.0172843 0.0294137 0.202533
0 0.0103464 0.840801 0.0176985 0.0330071 0.201376
0 0.00721427 0.560032 0.0140797 0.0364094 0.200373
0 0.642474 0.692652 0.0178931 0.0347738 0.199422
0 0.241237 0.0133048 0.0189193 0.0256863 0.199056
0 0.581161 0.959856 0.0241992 0.0277208 0.194543
0 0.409493 0.438265 0.0181639 0.0296104 0.193854
0 0.166958 0.209002 0.0183539 0.0265209 0.193623
0 0.319957 0.944936 0.0248143 0.0467499 0.191996
0 0.413655 0.455838 0.0262735 0.0590244 0.18881
0 0.0201153 0.779716 0.0168692 0.0271599 0.185205
0 0.494202 0.579315 0.0279318 0.041726 0.184993
0 0.25942 0.201284 0.0173968 0.0309749 0.180794
0 0.166907 0.538335 0.0235841 0.02797 0.178877
0 0.709262 0.941364 0.0274202 0.0435312 0.1755
0 0.0970635 0.914659 0.0199905 0.0367015 0.172139
0 0.338104 0.206395 0.020954 0.0428799 0.171317
0 0.5631 0.639468 0.0217664 0.041713 0.170888
0 0.889089 0.809421 0.02352 0.03781 0.163451
0 0.616633 0.668096 0.0292584 0.0571913 0.16303
0 0.198418 0.0507469 0.0208283 0.04227 0.162101
0 0.0731798 0.731406 0.0178861 0.0253029 0.16081
0 0.829829 0.793793 0.0229284 0.0347087 0.159397
0 0.12961 0.979783 0.0374841 0.0386624 0.155704
0 0.227268 0.698074 0.0163102 0.0277616 0.155456
0 0.102214 0.91873 0.019251 0.0384223 0.15539
0 0.168836 0.74053 0.0192344 0.0229031 0.154655
0 0.250982 0.635658 0.0211885 0.0356091 0.154169
0 0.451548 0.974113 0.0360748 0.0486508 0.15297
0 0.040412 0.793945 0.0205091 0.0333354 0.151714
0 0.152625 0.834154 0.0186586 0.0347042 0.150601
0 0.340917 0.252881 0.0153864 0.0496693 0.150423
