0 0.0682872 0.379192 0.0288216 0.0407786 0.709314
0 0.227341 0.544168 0.0267427 0.0481523 0.708241
0 0.092802 0.593289 0.0219063 0.0473753 0.699675
0 0.895223 0.110058 0.0264202 0.0406222 0.698332
0 0.0874289 0.322693 0.0209451 0.0362862 0.693973
0 0.272989 0.302883 0.031235 0.0468333 0.692642
0 0.894 0.380367 0.0182724 0.0329158 0.685357
0 0.139465 0.354856 0.0277992 0.0427574 0.682446
0 0.10891 0.367783 0.0202321 0.0380542 0.679367
0 0.369406 0.713905 0.0209734 0.0319787 0.675085
0 0.241167 0.838287 0.0216231 0.0376868 0.671562
0 0.0335194 0.734788 0.0253631 0.0462168 0.671339
0 0.813156 0.472363 0.0259819 0.0428306 0.670971
0 0.762871 0.382821 0.0175145 0.0322759 0.668818
0 0.197144 0.802862 0.0232849 0.0388601 0.668232
0 0.535925 0.0647947 0.0176304 0.0295544 0.665927
0 0.653187 0.959573 0.0240746 0.0427602 0.662597
0 0.402288 0.207917 0.0199057 0.0317767 0.659561
0 0.285566 0.659226 0.0216431 0.0373155 0.65872
0 0.803983 0.701339 0.0178303 0.0274492 0.657892
0 0.934212 0.6881 0.0265685 0.0469253 0.657782
0 0.101029 0.745402 0.0166954 0.0268002 0.655561
0 0.443241 0.33124 0.0181994 0.0332712 0.653717
0 0.771509 0.521588 0.0170767 0.0331789 0.652319
0 0.818305 0.225342 0.0178754 0.0331347 0.651401
0 0.0502628 0.343141 0.0191945 0.0322025 0.648893
0 0.327876 0.470009 0.0171237 0.0262973 0.648698
0 0.278712 0.835395 0.0173562 0.0306071 0.648295
0 0.822259 0.645032 0.0198013 0.0330378 0.647298
0 0.941347 0.0654206 0.0190586 0.0339608 0.645448
0 0.804559 0.573746 0.0254005 0.0476564 0.644945
0 0.869203 0.771547 0.0172581 0.0273409 0.644895
0 0.680089 0.513043 0.0248489 0.0393737 0.644073
0 0.19305 0.617802 0.0262003 0.0528605 0.643853
0 0.0364753 0.792503 0.0193557 0.0349314 0.643734
0 0.675667 0.364128 0.0200935 0.0317374 0.642921
0 0.392953 0.48849 0.0202374 0.0294537 0.640049
0 0.00597102 0.66834 0.011941 0.0267154 0.639789
0 0.151209 0.587986 0.0179621 0.0335259 0.637627
0 0.00547802 0.109678 0.0109494 0.0316662 0.634395
0 0.439673 0.245823 0.0199593 0.0354273 0.634017
0 0.0885093 0.243354 0.0180553 0.0282901 0.63354
0 0.684077 0.459129 0.0185666 0.0371265 0.633031
0 0.271509 0.73946 0.0222977 0.0330441 0.631593
0 0.760345 0.817178 0.0236262 0.0437095 0.631447
0 0.168126 0.812884 0.0236261 0.0391895 0.631154
0 0.703814 0.808816 0.0180069 0.0273254 0.630761
0 0.700364 0.049363 0.0179417 0.0307786 0.630228
0 0.911799 0.358004 0.0180368 0.0343082 0.630054
0 0.0696306 0.593271 0.0190537 0.0320716 0.629833
0 0.238606 0.372976 0.0156087 0.0331488 0.629176
0 0.799947 0.963123 0.0191573 0.0354121 0.6288
0 0.772773 0.553072 0.0170815 0.0231993 0.628697
0 0.865719 0.630709 0.0215738 0.0357107 0.628539
0 0.380475 0.244696 0.034672 0.0550588 0.628324
0 0.0094373 0.500176 0.0188498 0.0345766 0.627653
0 0.864934 0.811198 0.0187296 0.0272322 0.627623
0 0.545978 0.0155435 0.0239124 0.0308721 0.627052
0 0.784739 0.423442 0.0162445 0.0297345 0.626602
0 0.669263 0.411411 0.0232138 0.0284503 0.626273
0 0.231595 0.603497 0.0260476 0.0516098 0.626179
0 0.772773 0.976181 0.0200336 0.0367597 0.625649
0 0.716079 0.732695 0.0198659 0.0332516 0.62314
0 0.990747 0.711051 0.0185068 0.0424059 0.621519
0 0.598403 0.480733 0.0229891 0.0401245 0.620445
0 0.467491 0.806517 0.0201972 0.0332496 0.620376
0 0.809744 0.522577 0.0180088 0.0377253 0.619813
0 0.234746 0.280883 0.0172985 0.0298091 0.619531
0 0.279102 0.415497 0.0200893 0.0382599 0.619231
0 0.440878 0.18755 0.0210258 0.0313321 0.61899
0 0.424451 0.529177 0.0176472 0.0304082 0.618909
0 0.625295 0.477914 0.017005 0.0294317 0.617569
0 0.958948 0.477319 0.0170448 0.0282406 0.61667
0 0.468119 0.19531 0.0223885 0.0415309 0.616365
0 0.446556 0.0941879 0.0194658 0.0337836 0.616243
0 0.750988 0.554935 0.0157613 0.0258553 0.614697
0 0.00585631 0.917254 0.011683 0.0319061 0.614634
0 0.790439 0.37894 0.0232206 0.0426041 0.614076
0 0.779506 0.646474 0.0225853 0.0390948 0.613084
0 0.74785 0.351325 0.0184535 0.0308613 0.613073
0 0.300949 0.480985 0.0214198 0.0391332 0.611873
0 0.907241 0.664244 0.0204678 0.0306044 0.611363
0 0.0777118 0.942225 0.0218371 0.0358029 0.610389
0 0.605292 0.567027 0.0201773 0.0396983 0.609582
0 0.830031 0.781102 0.0292084 0.0398183 0.609078
0 0.629864 0.030213 0.0159859 0.0280697 0.608438
0 0.554751 0.126011 0.0205154 0.0341969 0.607795
0 0.00631682 0.145442 0.0126125 0.0313791 0.607792
0 0.777428 0.705992 0.0172736 0.0332801 0.607461
0 0.860053 0.900305 0.0199451 0.0356601 0.607268
0 0.127043 0.930146 0.0201099 0.033901 0.606243
0 0.0159912 0.285509 0.0179611 0.0294141 0.606224
0 0.953208 0.644837 0.0255432 0.0307943 0.605207
0 0.204961 0.741594 0.0198603 0.0313238 0.604357
0 0.345919 0.444292 0.0165858 0.0266886 0.603302
0 0.511653 0.829019 0.0178543 0.0338642 0.60322
0 0.421654 0.357269 0.021673 0.0416118 0.603075
0 0.175682 0.250959 0.0184443 0.0332922 0.60161
0 0.571566 0.0597098 0.0191376 0.032851 0.599894
0 0.410914 0.950647 0.0169556 0.0293582 0.599347
0 0.885407 0.837487 0.0176384 0.031496 0.598976
0 0.772412 0.330861 0.0270396 0.0436791 0.59831
0 0.839726 0.329721 0.0181446 0.0369792 0.598274
0 0.4665 0.641621 0.0152344 0.029577 0.598184
0 0.0299924 0.625657 0.0259728 0.0374834 0.597988
0 0.79659 0.614483 0.0161778 0.0288118 0.596372
0 0.392987 0.659952 0.0198363 0.0368359 0.596325
0 0.879846 0.433124 0.0280266 0.0419318 0.595433
0 0.556144 0.616309 0.0183943 0.031976 0.595408
0 0.507463 0.25864 0.0191678 0.0306245 0.595332
0 0.928677 0.450281 0.0158365 0.0259616 0.593912
0 0.13197 0.623989 0.0237039 0.0308359 0.593033
0 0.427963 0.0799737 0.0169349 0.0268163 0.591747
0 0.0594726 0.769351 0.0162905 0.0256 0.591714
0 0.483197 0.0255754 0.0228069 0.0436366 0.590925
0 0.164611 0.646033 0.0139423 0.0227453 0.589612
0 0.0970431 0.634806 0.0161155 0.0288095 0.589584
0 0.0276134 0.951314 0.016946 0.0259576 0.589057
0 0.0290232 0.105315 0.0167865 0.0270925 0.588386
0 0.925606 0.746593 0.0207195 0.0332764 0.587338
0 0.0528109 0.0716461 0.0177798 0.0228012 0.586598
0 0.31962 0.579901 0.0203378 0.0372884 0.586323
0 0.277028 0.366713 0.0241647 0.0327574 0.5855
0 0.915845 0.399811 0.0167797 0.026108 0.585064
0 0.761404 0.426764 0.0202599 0.0323125 0.584305
0 0.301595 0.787873 0.0245729 0.0416941 0.583462
0 0.963525 0.220141 0.0181023 0.0311199 0.583176
0 0.787194 0.0898628 0.0190467 0.0244529 0.581896
0 0.812052 0.0722213 0.0189049 0.0316163 0.580773
0 0.889425 0.927365 0.016116 0.0342882 0.578681
0 0.886867 0.706596 0.0185129 0.0325699 0.578502
0 0.36738 0.466782 0.0152104 0.0252272 0.577769
0 0.385034 0.174703 0.0172391 0.0269183 0.577026
0 0.791815 0.528537 0.0148123 0.0262563 0.576335
0 0.078547 0.886724 0.0145058 0.0249474 0.576064
0 0.38644 0.893296 0.0194913 0.0330558 0.575785
0 0.720019 0.585215 0.018648 0.0317547 0.575767
0 0.0837515 0.731336 0.0145588 0.0242966 0.575609
0 0.818505 0.265414 0.0174122 0.0290653 0.575382
0 0.811567 0.017422 0.0204634 0.0320126 0.574496
0 0.639355 0.862689 0.0220188 0.0385963 0.574097
0 0.441391 0.701662 0.0188665 0.0303711 0.573986
0 0.788535 0.0225375 0.0192103 0.0331353 0.572427
0 0.738691 0.63157 0.0192543 0.0355018 0.571899
0 0.831319 0.886568 0.017992 0.0319658 0.57165
0 0.518098 0.618428 0.0194756 0.0280497 0.57126
0 0.331201 0.527734 0.0181574 0.0275808 0.570178
0 0.231563 0.460427 0.0197574 0.0364177 0.569032
0 0.911075 0.471251 0.0176323 0.0360385 0.569024
0 0.836474 0.449999 0.0185074 0.030846 0.568326
0 0.727962 0.844694 0.0264576 0.0436727 0.56819
0 0.6938 0.857106 0.0203246 0.0286329 0.567471
0 0.393012 0.930546 0.0179016 0.0340486 0.565584
0 0.527606 0.686285 0.021789 0.0421742 0.56385
0 0.974192 0.930289 0.0206343 0.0370219 0.562819
0 0.653651 0.740205 0.0191905 0.0349647 0.56134
0 0.99351 0.867123 0.0129801 0.0268743 0.561226
0 0.833089 0.827567 0.0166212 0.0296539 0.55994
0 0.550815 0.320636 0.0238618 0.0386867 0.559586
0 0.232174 0.189818 0.0153177 0.0340574 0.559306
0 0.849299 0.983623 0.0222937 0.0319135 0.559287
0 0.448123 0.84219 0.0204765 0.0300062 0.558885
0 0.966522 0.178666 0.0178768 0.0249321 0.556227
0 0.412246 0.874516 0.0250504 0.0387305 0.555435
0 0.943977 0.964986 0.0245551 0.0423926 0.55474
0 0.533693 0.143049 0.0143124 0.023619 0.55454
0 0.735953 0.955146 0.0154046 0.0239779 0.552092
0 0.153192 0.181772 0.0255554 0.0480312 0.551062
0 0.704188 0.310645 0.0166912 0.0216658 0.550362
0 0.992018 0.030079 0.0159639 0.0324622 0.549977
0 0.0997459 0.876868 0.0162269 0.0247779 0.549856
0 0.338475 0.151088 0.0213239 0.0339635 0.549091
0 0.922826 0.139437 0.019371 0.0336541 0.547622
0 0.869994 0.493743 0.0161086 0.0318604 0.547208
0 0.911198 0.429219 0.0153976 0.0252745 0.546936
0 0.896273 0.811217 0.0140209 0.0212622 0.545896
0 0.495101 0.574004 0.0162331 0.0279393 0.543978
0 0.980388 0.46911 0.0137917 0.0211765 0.542859
0 0.131993 0.178605 0.0175195 0.0361283 0.542485
0 0.0063492 0.600117 0.0126984 0.0330217 0.541478
0 0.951478 0.827092 0.0144867 0.0285205 0.541384
0 0.918385 0.0844615 0.0170841 0.0268487 0.541009
0 0.423852 0.590442 0.0135111 0.0238702 0.540919
0 0.451893 0.954032 0.0179428 0.035517 0.540211
0 0.941394 0.415059 0.017345 0.0258833 0.537352
0 0.0527525 0.0412689 0.0120893 0.0196474 0.537265
0 0.501361 0.144999 0.0236892 0.0464196 0.537064
0 0.979881 0.549922 0.0167801 0.0277601 0.535477
0 0.37119 0.661603 0.0166283 0.034901 0.534776
0 0.525027 0.748261 0.0127616 0.0344638 0.533926
0 0.504845 0.859889 0.0149495 0.0250899 0.530072
0 0.254007 0.687932 0.0166092 0.0321786 0.529866
0 0.913789 0.833788 0.0179276 0.0258082 0.529434
0 0.992435 0.94739 0.0151312 0.032487 0.529393
0 0.359411 0.402229 0.0170851 0.0278374 0.528393
0 0.381615 0.306166 0.0181998 0.0330084 0.528323
0 0.226923 0.78781 0.015713 0.0294315 0.527993
0 0.16476 0.956809 0.0235258 0.0346232 0.527005
0 0.816229 0.337808 0.0189495 0.0310544 0.526628
0 0.387145 0.412025 0.0181793 0.0354681 0.523977
0 0.116346 0.462884 0.0243137 0.0458905 0.523221
0 0.507936 0.0879776 0.0181389 0.0331518 0.520839
0 0.721344 0.42032 0.020254 0.034255 0.520479
0 0.914109 0.513626 0.0141918 0.0234251 0.520176
0 0.47896 0.24514 0.0295499 0.0458487 0.519974
0 0.888347 0.17892 0.0244343 0.0540308 0.519378
0 0.392011 0.969973 0.0190599 0.0325887 0.519374
0 0.132437 0.0138738 0.0160535 0.024309 0.518546
0 0.884695 0.029722 0.0171834 0.0309087 0.518191
0 0.472101 0.332389 0.0177563 0.033105 0.51583
0 0.844913 0.737899 0.0181828 0.0297734 0.515757
0 0.262253 0.534426 0.0177765 0.0275357 0.515529
0 0.777396 0.186914 0.0171987 0.0280062 0.515283
0 0.842698 0.0216644 0.0256649 0.0420578 0.514853
0 0.193931 0.282132 0.0200722 0.0410363 0.514295
0 0.39997 0.313898 0.0159962 0.0293469 0.513365
0 0.737486 0.492432 0.0194355 0.0352498 0.512381
0 0.712291 0.498214 0.0178375 0.03141 0.51113
0 0.879453 0.884261 0.011005 0.0241833 0.510627
0 0.152673 0.42004 0.0184627 0.0280574 0.510431
0 0.0193109 0.571689 0.0136262 0.0227982 0.509598
0 0.121253 0.0533894 0.0192981 0.0418785 0.50915
0 0.97794 0.823906 0.0169373 0.0311256 0.507846
0 0.861136 0.669453 0.0151615 0.0297014 0.506783
0 0.899785 0.314339 0.0200644 0.0335524 0.502904
0 0.263433 0.901566 0.0184412 0.0379381 0.502707
0 0.593277 0.84446 0.020992 0.0403276 0.502317
0 0.490926 0.6073 0.0223515 0.0338599 0.501735
0 0.714952 0.351502 0.0154045 0.0315522 0.501281
0 0.445316 0.905515 0.0159883 0.0256375 0.499714
0 0.265263 0.48219 0.0256562 0.0371828 0.499465
0 0.0805697 0.0226889 0.0303914 0.0436892 0.498917
0 0.980844 0.419043 0.016049 0.0256297 0.498916
0 0.506352 0.779359 0.0175507 0.032455 0.496266
0 0.959131 0.683758 0.0169399 0.0333208 0.4908
0 0.408253 0.599728 0.014378 0.0266329 0.488034
0 0.346475 0.589039 0.0173502 0.0279928 0.487558
0 0.941881 0.349535 0.0160255 0.0265021 0.487144
0 0.958549 0.594254 0.0114845 0.0234804 0.486695
0 0.339519 0.6885 0.0209109 0.0345753 0.485777
0 0.436779 0.4655 0.0217178 0.0427541 0.483583
0 0.441185 0.554876 0.0198055 0.0317396 0.482793
0 0.278928 0.784833 0.0141817 0.0261346 0.482208
0 0.935639 0.10788 0.0133648 0.0213611 0.480745
0 0.77502 0.877412 0.0187701 0.0352563 0.478867
0 0.124256 0.88474 0.0240112 0.0350106 0.477624
0 0.926838 0.813201 0.0160305 0.0266241 0.476975
0 0.620684 0.891747 0.0166412 0.0323344 0.473828
0 0.0733473 0.646278 0.0257648 0.0346326 0.473357
0 0.98946 0.152711 0.0130833 0.0215425 0.473306
0 0.990177 0.281685 0.0163971 0.0266506 0.472795
0 0.814107 0.128897 0.0193008 0.0245925 0.472408
0 0.532667 0.0997782 0.0164209 0.0217312 0.470901
0 0.664506 0.890803 0.0250866 0.0470612 0.470723
0 0.892255 0.63014 0.0139339 0.0249841 0.470391
0 0.948769 0.790914 0.0148701 0.0280965 0.469412
0 0.92652 0.337466 0.0143867 0.0239683 0.468775
0 0.178371 0.481059 0.0242891 0.0456178 0.4654
0 0.883114 0.670838 0.0149719 0.0288394 0.464658
0 0.657274 0.506096 0.013768 0.0250962 0.463922
0 0.244773 0.776824 0.0134597 0.026452 0.463475
0 0.0687894 0.637457 0.0233423 0.0387829 0.461125
0 0.974402 0.604479 0.0184265 0.037656 0.459645
0 0.107399 0.563803 0.0147488 0.024891 0.458764
0 0.66766 0.331698 0.014422 0.0203491 0.458505
0 0.41843 0.797575 0.0139172 0.0271116 0.45761
0 0.406647 0.829225 0.0161159 0.0270952 0.455124
0 0.00287319 0.247382 0.00574638 0.0252432 0.451837
0 0.108571 0.223547 0.0184577 0.0298853 0.449357
0 0.0484991 0.430456 0.016718 0.0331448 0.448785
0 0.16684 0.130722 0.0197479 0.0288219 0.448085
0 0.876095 0.392874 0.0157177 0.0255463 0.446954
0 0.94413 0.85728 0.0173353 0.0276554 0.445815
0 0.137337 0.315905 0.016659 0.0283852 0.444493
0 0.381837 0.512001 0.0128363 0.019644 0.443512
0 0.254081 0.270664 0.0162239 0.026978 0.443282
0 0.959335 0.391156 0.0129406 0.0192381 0.439376
0 0.698874 0.357501 0.0126726 0.0205881 0.438269
0 0.141253 0.746564 0.0208118 0.0383423 0.435839
0 0.489248 0.647981 0.0148215 0.0282437 0.433852
0 0.713224 0.4517 0.0236819 0.0338684 0.43365
0 0.270849 0.241352 0.0199795 0.0421855 0.433119
0 0.844585 0.552531 0.0233646 0.036313 0.432998
0 0.463125 0.0364295 0.0161361 0.0347085 0.432726
0 0.695292 0.777897 0.0162047 0.0276783 0.431528
0 0.274113 0.417549 0.0292248 0.0370399 0.431012
0 0.0773513 0.551842 0.0195974 0.0330126 0.4301
0 0.958157 0.751535 0.0182375 0.0298065 0.428229
0 0.459805 0.298967 0.017778 0.0235272 0.42694
0 0.310935 0.726302 0.0214414 0.0331225 0.424937
0 0.0892369 0.473467 0.0199069 0.031273 0.424539
0 0.96136 0.0539946 0.0163948 0.0364617 0.424283
0 0.333751 0.14974 0.0307977 0.0362826 0.422351
0 0.994901 0.801744 0.0101982 0.0316559 0.420207
0 0.980142 0.519881 0.0178329 0.0249936 0.416596
0 0.212809 0.294576 0.0217391 0.0445226 0.416253
0 0.548687 0.575469 0.0171379 0.0305798 0.415225
0 0.47951 0.120118 0.0225042 0.034011 0.414442
0 0.604731 0.777501 0.0206192 0.0442037 0.414044
0 0.0997785 0.152019 0.0173074 0.0294205 0.412272
0 0.993571 0.375108 0.012858 0.0396834 0.412065
0 0.491984 0.378758 0.0175084 0.0310796 0.411695
0 0.595071 0.0307696 0.0239267 0.0367979 0.411599
0 0.366926 0.935062 0.0189095 0.0315827 0.410369
0 0.0558052 0.836448 0.0163439 0.0251377 0.409651
0 0.742977 0.671738 0.010684 0.0274645 0.407799
0 0.356855 0.262018 0.0202493 0.034868 0.406902
0 0.0106453 0.210302 0.0174643 0.0264361 0.406057
0 0.840863 0.219684 0.0163267 0.0235327 0.406057
0 0.326249 0.855451 0.0144198 0.0274445 0.40124
0 0.178291 0.098969 0.0155106 0.0303758 0.399015
0 0.22937 0.146852 0.0297303 0.0335541 0.397327
0 0.274759 0.573682 0.0182915 0.0270879 0.396382
0 0.230046 0.111222 0.029181 0.0388434 0.395524
0 0.954445 0.442167 0.0157772 0.0285533 0.394971
0 0.212223 0.232657 0.0157256 0.030396 0.393414
0 0.051986 0.918125 0.017536 0.0236827 0.390949
0 0.752319 0.0877095 0.0213436 0.0282349 0.389672
0 0.847739 0.254683 0.0335175 0.0418495 0.386427
0 0.398543 0.799966 0.0113581 0.0343357 0.384102
0 0.747163 0.725474 0.0213108 0.0337884 0.383456
0 0.68003 0.646994 0.0126588 0.0184296 0.382933
0 0.717021 0.981115 0.0221197 0.0344889 0.380983
0 0.49368 0.901903 0.0233463 0.0367957 0.379967
0 0.339274 0.80108 0.0239433 0.0368092 0.377255
0 0.889595 0.261868 0.0184389 0.0281054 0.376086
0 0.761429 0.583182 0.0214293 0.03125 0.374342
0 0.928947 0.602345 0.0148582 0.0246345 0.374261
0 0.374474 0.628563 0.0213127 0.0280112 0.370671
0 0.645567 0.616114 0.0172743 0.0295961 0.368524
0 0.976965 0.819392 0.0176598 0.035493 0.368267
0 0.338114 0.500017 0.014696 0.0221992 0.366481
0 0.903206 0.872504 0.0239597 0.0393667 0.36359
0 0.515726 0.985351 0.0173285 0.0272671 0.362454
0 0.740134 0.418606 0.0119201 0.0307178 0.36115
0 0.284948 0.529335 0.0136193 0.0240335 0.360029
0 0.51402 0.587783 0.0139448 0.0197456 0.358888
0 0.709142 0.53493 0.0244223 0.0311228 0.35732
0 0.230994 0.909253 0.0346546 0.0486874 0.355226
0 0.0174147 0.401529 0.0213616 0.0304391 0.353111
0 0.199483 0.0985322 0.0256286 0.0427478 0.352045
0 0.139572 0.26841 0.0183461 0.033869 0.350569
0 0.253421 0.2251 0.0167535 0.0334384 0.350482
0 0.544078 0.899931 0.0182395 0.0328705 0.348286
0 0.422598 0.765354 0.0129156 0.0222304 0.347103
0 0.636797 0.683139 0.0314709 0.0488565 0.34619
0 0.104969 0.923395 0.0184878 0.0335277 0.345845
0 0.875572 0.233781 0.0144608 0.0205679 0.343907
0 0.238428 0.717619 0.0224226 0.0359008 0.34354
0 0.802434 0.178177 0.0156679 0.0196293 0.34206
0 0.00741896 0.712308 0.0147217 0.0264748 0.340851
0 0.36934 0.374423 0.0189968 0.0273051 0.340499
0 0.727746 0.913599 0.0192907 0.0452901 0.340321
0 0.263949 0.774432 0.0190309 0.030442 0.339464
0 0.160289 0.0736291 0.0198818 0.0345005 0.339041
0 0.761991 0.48456 0.0163555 0.0243469 0.338604
0 0.16189 0.990676 0.0204017 0.0171529 0.3386
0 0.228078 0.0357947 0.0456315 0.0712748 0.337194
0 0.729862 0.660802 0.0149332 0.0305845 0.336941
0 0.422892 0.800762 0.0207842 0.0313392 0.3346
0 0.595506 0.680523 0.0241124 0.0384192 0.33452
0 0.637714 0.811038 0.0183434 0.0196644 0.334429
0 0.325467 0.91007 0.020465 0.0349092 0.334357
0 0.59347 0.070731 0.014459 0.0246138 0.331159
0 0.43427 0.988965 0.0161702 0.020872 0.330721
0 0.981499 0.099752 0.0209 0.0320674 0.328892
0 0.213737 0.676962 0.01402 0.0231684 0.328737
0 0.852085 0.252739 0.025449 0.0380113 0.32547
0 0.857897 0.199864 0.0189232 0.0346619 0.32512
0 0.18908 0.930355 0.0192594 0.0292467 0.323372
0 0.87177 0.104329 0.0145237 0.0300371 0.322993
0 0.950909 0.559193 0.0143833 0.0294038 0.321036
0 0.10108 0.0820074 0.0250839 0.0366991 0.319785
0 0.419043 0.235132 0.0121756 0.0187685 0.318125
0 0.973621 0.889648 0.0142068 0.0217431 0.317985
0 0.847531 0.154564 0.0156006 0.0244837 0.317604
0 0.789097 0.49996 0.0163844 0.0208793 0.317371
0 0.286265 0.905177 0.0194879 0.0292565 0.316565
0 0.240744 0.871664 0.0236578 0.0189305 0.31481
0 0.910326 0.613023 0.017271 0.0345006 0.314523
0 0.96574 0.344961 0.0149866 0.0282337 0.31378
0 0.543845 0.793091 0.0179349 0.0269864 0.313287
0 0.844356 0.66497 0.0117664 0.0273102 0.31158
0 0.0885636 0.422805 0.0142826 0.0208548 0.3114
0 0.77316 0.110109 0.0159961 0.0269587 0.308644
0 0.493677 0.811671 0.0163719 0.0245582 0.304697
0 0.794732 0.756799 0.0262613 0.0401306 0.303235
0 0.980544 0.0109627 0.0173435 0.0213928 0.301539
0 0.160676 0.107405 0.0173133 0.0219366 0.301022
0 0.137584 0.430236 0.0105189 0.0196224 0.300891
0 0.994793 0.551093 0.0104134 0.0289225 0.300508
0 0.506132 0.656502 0.0165573 0.0208298 0.300064
0 0.726384 0.779253 0.0271618 0.0407098 0.29742
0 0.270546 0.424035 0.0235911 0.0250554 0.295077
0 0.936686 0.298417 0.010635 0.0201442 0.294114
0 0.565398 0.87198 0.0261719 0.0419 0.294058
0 0.780049 0.0589153 0.0171252 0.0273275 0.293749
0 0.154488 0.92884 0.0190414 0.028782 0.293081
0 0.996347 0.481265 0.00730642 0.0270426 0.292618
0 0.00621068 0.792139 0.0124214 0.0545993 0.291577
0 0.516812 0.297399 0.0269129 0.0394178 0.291005
0 0.761518 0.238744 0.0169016 0.0226088 0.289887
0 0.703033 0.00622864 0.0211903 0.0124573 0.289827
0 0.799276 0.337483 0.0138142 0.02755 0.285766
0 0.581831 0.200632 0.0167425 0.0264589 0.285435
0 0.233532 0.455439 0.0231631 0.045409 0.283919
0 0.284849 0.976808 0.0229702 0.0418732 0.283885
0 0.493508 0.974863 0.0189244 0.0321743 0.28243
0 0.829447 0.187499 0.0129566 0.0179142 0.282082
0 0.0183427 0.893055 0.0147416 0.0286716 0.281424
0 0.196272 0.883077 0.0220836 0.0347456 0.281291
0 0.0595081 0.103741 0.0150006 0.0210048 0.278333
0 0.746479 0.761925 0.0116643 0.0239204 0.276304
0 0.734717 0.0421279 0.0233506 0.0354112 0.274964
0 0.473819 0.902938 0.0152775 0.0283223 0.274753
0 0.64891 0.472796 0.0174695 0.0273328 0.273826
0 0.187522 0.702488 0.0179209 0.0308971 0.272889
0 0.909707 0.467169 0.0186913 0.0368856 0.272636
0 0.566118 0.655813 0.0156067 0.0293727 0.27246
0 0.360721 0.759724 0.0159168 0.0283413 0.271481
0 0.138315 0.743469 0.0233743 0.0424566 0.269518
0 0.860138 0.459054 0.0159791 0.0265347 0.269012
0 0.541829 0.753841 0.0142811 0.026809 0.268281
0 0.697978 0.645086 0.0160637 0.0364419 0.267668
0 0.934071 0.885372 0.0144252 0.0242481 0.265585
0 0.135234 0.978803 0.0242612 0.0346762 0.26529
0 0.997498 0.120592 0.00500336 0.0291681 0.264953
0 0.849282 0.70642 0.0236115 0.0293491 0.263686
0 0.638863 0.905487 0.0188566 0.0325313 0.26296
0 0.855348 0.250989 0.0197292 0.0340095 0.261402
0 0.455878 0.375918 0.0166859 0.0281529 0.261345
0 0.489314 0.770121 0.011885 0.0193198 0.260901
0 0.856272 0.467465 0.0202007 0.0345617 0.259723
0 0.240746 0.875163 0.0222611 0.0159203 0.259101
0 0.97316 0.311299 0.0151709 0.0184827 0.258913
0 0.71323 0.628649 0.015001 0.0281302 0.257662
0 0.767603 0.0233564 0.0187001 0.0237604 0.256916
0 0.80256 0.877951 0.016785 0.0256392 0.256577
0 0.00707561 0.862948 0.0141086 0.0300771 0.254866
0 0.674311 0.728954 0.0112359 0.0244375 0.25479
0 0.365189 0.298457 0.0167202 0.0272559 0.251653
0 0.677951 0.0199204 0.0192188 0.0258534 0.250788
0 0.732 0.65659 0.0129528 0.0231119 0.248679
0 0.171536 0.303704 0.0152963 0.0200131 0.248098
0 0.972314 0.734245 0.0145214 0.0238302 0.248063
0 0.465731 0.402295 0.0182932 0.0249469 0.247755
0 0.88195 0.354993 0.0130135 0.0248995 0.247688
0 0.28573 0.340015 0.0187476 0.0241 0.246932
0 0.68871 0.710442 0.0220366 0.0354526 0.246481
0 0.518281 0.481636 0.0185686 0.0290017 0.245558
0 0.831943 0.188645 0.0127945 0.0177464 0.245393
0 0.970794 0.859089 0.0207615 0.0276674 0.242785
0 0.0781318 0.649257 0.0171461 0.0301813 0.242575
0 0.981016 0.355666 0.0122234 0.0275699 0.241836
0 0.087442 0.855485 0.014628 0.0282233 0.239521
0 0.413308 0.678594 0.0178165 0.0309946 0.236385
0 0.808258 0.807345 0.0149715 0.0303572 0.236364
0 0.994998 0.222617 0.0100048 0.023056 0.234025
0 0.993303 0.902815 0.0126888 0.0282266 0.233387
0 0.752671 0.194547 0.0147447 0.0271616 0.231998
0 0.259944 0.975676 0.0178461 0.0436052 0.231173
0 0.13121 0.977569 0.0314822 0.0378981 0.230986
0 0.141207 0.271854 0.0202838 0.0353634 0.230205
0 0.947657 0.898851 0.0154121 0.0295785 0.229159
0 0.858316 0.461379 0.0177721 0.0273453 0.228872
0 0.997191 0.0673266 0.00561714 0.0293301 0.226584
0 0.00417264 0.792916 0.00832596 0.0525018 0.226217
0 0.720248 0.983657 0.0207717 0.0310976 0.223844
0 0.515976 0.979311 0.0181517 0.0314564 0.223095
0 0.476371 0.374644 0.0127666 0.0211392 0.222756
0 0.666506 0.622287 0.0211107 0.0346707 0.222582
0 0.359452 0.860683 0.016888 0.0345679 0.220627
0 0.438083 0.648907 0.0136447 0.0212786 0.218627
0 0.3805 0.861585 0.0177253 0.0298469 0.216678
0 0.906069 0.964888 0.0186007 0.0280999 0.21642
0 0.589348 0.842366 0.0190376 0.0330254 0.215183
0 0.494665 0.339691 0.0176741 0.0273512 0.215096
0 0.467086 0.604582 0.0174194 0.0292544 0.214964
0 0.414729 0.747847 0.0204557 0.0336226 0.213595
0 0.89032 0.172553 0.0237231 0.0525021 0.212128
0 0.588444 0.116441 0.0208522 0.038265 0.210926
0 0.611758 0.969103 0.0173535 0.0317017 0.210697
0 0.357312 0.961795 0.0152977 0.0286669 0.209594
0 0.0661882 0.216442 0.0150361 0.02066 0.209414
0 0.0227267 0.853068 0.0203633 0.0353812 0.208025
0 0.191103 0.667913 0.0259108 0.0294874 0.206735
0 0.492016 0.81552 0.0167721 0.0234767 0.206278
0 0.339987 0.641849 0.0161258 0.0291399 0.204846
0 0.902936 0.963692 0.0184471 0.0271033 0.204459
0 0.980552 0.663608 0.0186039 0.0220981 0.203304
0 0.161688 0.110389 0.0173737 0.0209075 0.202404
0 0.941138 0.960459 0.0292561 0.0402813 0.202137
0 0.840649 0.734707 0.0263134 0.0362337 0.200903
0 0.812544 0.372707 0.0158569 0.0245368 0.200395
0 0.143215 0.75088 0.0179245 0.0318216 0.20009
0 0.989659 0.94432 0.0153851 0.0296245 0.199877
0 0.545976 0.829251 0.0145555 0.0271332 0.199141
0 0.796372 0.748351 0.0251766 0.0385166 0.197567
0 0.964944 0.148802 0.0182415 0.0230644 0.197017
0 0.790085 0.914913 0.0186258 0.0291092 0.196434
0 0.805229 0.880217 0.0163436 0.0240417 0.195423
0 0.895734 0.513662 0.0160683 0.0237844 0.194656
0 0.339237 0.302132 0.0245488 0.0474801 0.193514
0 0.39436 0.743635 0.0223826 0.0405596 0.191021
0 0.825199 0.690826 0.0192265 0.0310516 0.190785
0 0.267377 0.703434 0.0127397 0.0218155 0.190462
0 0.282251 0.871244 0.0153154 0.0210354 0.190163
0 0.385063 0.446458 0.0122693 0.0187441 0.190125
0 0.860231 0.203772 0.020549 0.0308551 0.188333
0 0.855035 0.474165 0.0201876 0.0409315 0.187894
0 0.970984 0.731642 0.0163652 0.0244178 0.187506
0 0.00679457 0.746081 0.0133568 0.0181129 0.185725
0 0.192826 0.0653391 0.0157989 0.0304358 0.185458
0 0.720652 0.778465 0.0226545 0.035847 0.185137
0 0.852719 0.478948 0.0200031 0.0375909 0.184251
0 0.891627 0.506127 0.014139 0.0284489 0.183934
0 0.982606 0.35717 0.0111446 0.02604 0.182937
0 0.0896164 0.856355 0.0143278 0.0266991 0.181685
0 0.610475 0.0486814 0.0145152 0.0238172 0.180574
0 0.89429 0.508523 0.0179022 0.0307374 0.178424
0 0.210959 0.288776 0.0254319 0.0528911 0.175587
0 0.563914 0.0343111 0.0161844 0.0226397 0.175138
0 0.199095 0.28302 0.0297735 0.0445366 0.174868
0 0.164612 0.389429 0.0190259 0.0397068 0.174552
0 0.48685 0.969451 0.0172403 0.0289938 0.17403
0 0.812777 0.398487 0.0169609 0.0259817 0.174002
0 0.0453398 0.504265 0.0228624 0.0374224 0.17251
0 0.299021 0.875883 0.0172295 0.027495 0.171979
0 0.976855 0.863096 0.0163841 0.0292708 0.170553
0 0.742142 0.223789 0.0161884 0.0284039 0.170197
0 0.188623 0.962524 0.0166834 0.0296609 0.170152
0 0.639874 0.500005 0.0162195 0.0242893 0.168509
0 0.178658 0.0936371 0.0165401 0.0385871 0.168105
0 0.602679 0.00589133 0.0189823 0.0111194 0.167659
0 0.948033 0.560173 0.0163677 0.0315365 0.166907
0 0.188367 0.693807 0.0209099 0.0470724 0.166442
0 0.653707 0.446462 0.00987104 0.0205787 0.165657
0 0.341033 0.388123 0.0175478 0.0272871 0.16565
0 0.731272 0.298155 0.0156732 0.0251047 0.164829
0 0.571334 0.149635 0.0143094 0.0175817 0.164399
0 0.831067 0.497734 0.0124336 0.0185977 0.163261
0 0.577541 0.781884 0.0180086 0.0326745 0.163032
0 0.979488 0.103061 0.0174358 0.0278547 0.162711
0 0.744013 0.762515 0.0122816 0.023804 0.16078
0 0.986788 0.0132407 0.0157963 0.0226283 0.160259
0 0.0425631 0.386822 0.0165764 0.0286257 0.158712
0 0.167459 0.389115 0.0242242 0.0437081 0.158294
0 0.853161 0.422958 0.0218755 0.0304473 0.158182
0 0.639816 0.00504401 0.0193825 0.0100115 0.157969
0 0.41739 0.71892 0.016015 0.0206178 0.157797
0 0.871264 0.101614 0.0170824 0.037014 0.157391
0 0.441021 0.614362 0.0196463 0.0257125 0.156197
0 0.14207 0.552052 0.0167162 0.0200853 0.156141
0 0.842155 0.626011 0.0156075 0.0248772 0.155774
0 0.725294 0.085551 0.0184583 0.0317134 0.155492
0 0.792702 0.221218 0.0203219 0.0418468 0.152966
0 0.923605 0.279757 0.0167542 0.0319857 0.152276
0 0.480837 0.301408 0.0155947 0.0288154 0.152172
0 0.993704 0.643683 0.0125927 0.0390011 0.151652
0 0.0278759 0.028923 0.0220662 0.0329999 0.151015
0 0.0692073 0.989019 0.0183471 0.0211978 0.150614
0 0.00409603 0.248336 0.00777561 0.0234755 0.15034
0 0.49032 0.820116 0.0188023 0.0247723 0.150213
