0 0.0543102 0.87765 0.0228388 0.0326239 0.688818
0 0.116525 0.824734 0.0288386 0.0464756 0.686061
0 0.408976 0.295188 0.0388251 0.0561052 0.685274
0 0.519561 0.320537 0.0330814 0.0535411 0.681255
0 0.0938832 0.25201 0.0165355 0.0322377 0.678412
0 0.60367 0.182009 0.027342 0.0447862 0.675076
0 0.206885 0.436808 0.0281287 0.05064 0.674725
0 0.107244 0.22437 0.0170747 0.0316401 0.671711
0 0.0196154 0.875173 0.0243869 0.0373308 0.667472
0 0.613154 0.280225 0.0246705 0.0429025 0.666046
0 0.279254 0.379195 0.0183204 0.0367654 0.663544
0 0.0787247 0.895941 0.0232567 0.0345051 0.659685
0 0.330376 0.181918 0.0227238 0.0359321 0.656392
0 0.162337 0.371596 0.0231097 0.042084 0.654863
0 0.262281 0.687485 0.0307009 0.0491562 0.65254
0 0.274425 0.482436 0.024666 0.0404017 0.650653
0 0.0889943 0.676225 0.025791 0.0341576 0.650635
0 0.0730816 0.52474 0.0221312 0.0399492 0.650601
0 0.47492 0.552899 0.0200911 0.0331387 0.649224
0 0.189804 0.569642 0.0178621 0.0339679 0.648536
0 0.125559 0.172036 0.0202005 0.035008 0.647021
0 0.0993978 0.781566 0.0200851 0.0380854 0.642919
0 0.433084 0.443692 0.0246857 0.0479042 0.639357
0 0.291438 0.09796 0.0246329 0.0448518 0.6385
0 0.0832741 0.21224 0.0157928 0.0266473 0.638159
0 0.341398 0.546368 0.0188985 0.0328408 0.637633
0 0.537072 0.572959 0.020875 0.0397081 0.636058
0 0.363208 0.81338 0.0200089 0.0329034 0.634254
0 0.0766568 0.335489 0.019676 0.0304105 0.633986
0 0.522407 0.621552 0.0201384 0.032992 0.633883
0 0.0565461 0.912624 0.020588 0.0309479 0.631846
0 0.186804 0.147437 0.0168163 0.0332968 0.63166
0 0.0388047 0.0435033 0.0231972 0.0442494 0.629572
0 0.45116 0.557942 0.0202585 0.0338264 0.628413
0 0.616061 0.135678 0.0316261 0.0483784 0.628328
0 0.253441 0.636115 0.0232613 0.0270946 0.627875
0 0.203156 0.843312 0.0236072 0.0406177 0.627637
0 0.391149 0.0825148 0.0230631 0.0336488 0.627006
0 0.0998968 0.290153 0.0242198 0.0312888 0.623748
0 0.0564968 0.830993 0.0224436 0.0368852 0.623538
0 0.269583 0.738024 0.02019 0.0349816 0.622141
0 0.290775 0.143204 0.0203678 0.0358679 0.621146
0 0.080462 0.790034 0.0194076 0.0374651 0.619224
0 0.486568 0.0592521 0.0212236 0.0357038 0.617829
0 0.470768 0.505024 0.0191013 0.0325814 0.615931
0 0.513129 0.96658 0.0288931 0.0442643 0.614026
0 0.730946 0.538393 0.0268949 0.0379939 0.610798
0 0.926556 0.0819749 0.0184032 0.0280518 0.609591
0 0.970306 0.0257083 0.0157124 0.0260301 0.608729
0 0.297583 0.642276 0.0250251 0.0334636 0.605149
0 0.214389 0.709913 0.0403295 0.046897 0.604599
0 0.912196 0.101849 0.0168961 0.0235209 0.604553
0 0.539822 0.456705 0.0230806 0.0367878 0.603243
0 0.0502978 0.155018 0.0178743 0.0326132 0.603135
0 0.251196 0.249375 0.023232 0.0371691 0.602539
0 0.989521 0.0144123 0.016959 0.0276655 0.601141
0 0.352162 0.20003 0.017055 0.0303185 0.601057
0 0.939796 0.112991 0.015736 0.0227923 0.599609
0 0.0283997 0.296328 0.0178398 0.0309309 0.598915
0 0.848547 0.928272 0.0144726 0.023154 0.598419
0 0.842084 0.876161 0.0130306 0.0194792 0.59804
0 0.605664 0.232837 0.0196303 0.0379919 0.597312
0 0.303135 0.240176 0.0193042 0.0330349 0.595791
0 0.115997 0.405338 0.0216559 0.0333954 0.591309
0 0.83226 0.935422 0.0125675 0.0205071 0.591026
0 0.959103 0.0977707 0.0152004 0.0237167 0.58687
0 0.15695 0.961737 0.0234871 0.0361894 0.586392
0 0.966989 0.059031 0.0174086 0.026694 0.585486
0 0.854586 0.898725 0.0133455 0.0222175 0.585228
0 0.885694 0.0161746 0.0157307 0.0258051 0.58465
0 0.23838 0.48948 0.0210745 0.0318333 0.581906
0 0.692388 0.830059 0.0141974 0.0213665 0.581162
0 0.98684 0.0488394 0.0149517 0.0218378 0.580422
0 0.773111 0.825814 0.0121653 0.0228861 0.579462
0 0.876914 0.943167 0.0137318 0.0224552 0.578446
0 0.0840663 0.840372 0.0213459 0.0330834 0.577788
0 0.290886 0.531047 0.0234208 0.0435954 0.57645
0 0.661169 0.559841 0.0222015 0.0363569 0.574593
0 0.242783 0.561804 0.0163154 0.0306359 0.573993
0 0.944925 0.0719054 0.0157036 0.0259368 0.57261
0 0.860558 0.952304 0.0138578 0.0210117 0.57146
0 0.372285 0.314158 0.0234906 0.0338246 0.571126
0 0.982257 0.0869142 0.0151508 0.0203116 0.570841
0 0.818426 0.833164 0.0135128 0.0225216 0.569394
0 0.516555 0.590838 0.0150885 0.025766 0.569034
0 0.0808255 0.485103 0.0182326 0.0311422 0.567428
0 0.163429 0.311254 0.0193444 0.034023 0.566751
0 0.915399 0.0246699 0.0150219 0.0229137 0.566197
0 0.827246 0.964592 0.0126448 0.0215606 0.564736
0 0.493091 0.536279 0.0136492 0.0218051 0.562479
0 0.222231 0.559283 0.0204862 0.0341397 0.55835
0 0.215231 0.0874552 0.0175838 0.0366729 0.558219
0 0.174605 0.616866 0.0191471 0.0304801 0.558149
0 0.923308 0.146354 0.0151794 0.0258002 0.556857
0 0.814879 0.94221 0.0127502 0.0195112 0.55684
0 0.312151 0.55983 0.0156269 0.0278545 0.556287
0 0.93648 0.0127729 0.0146688 0.0235846 0.554639
0 0.133637 0.208996 0.0146846 0.0273145 0.553391
0 0.709905 0.846745 0.0132423 0.0219744 0.553126
0 0.0603242 0.301729 0.0199425 0.0339471 0.55153
0 0.708679 0.763559 0.0244343 0.0417006 0.547038
0 0.785348 0.847381 0.0120445 0.0195957 0.546287
0 0.75342 0.751579 0.0147372 0.0249522 0.545476
0 0.679655 0.807366 0.0137668 0.021052 0.544195
0 0.697902 0.866892 0.0136906 0.0206577 0.542948
0 0.951063 0.0362642 0.0149996 0.0197209 0.538677
0 0.178966 0.403478 0.0191459 0.0288024 0.537562
0 0.658289 0.843965 0.0159046 0.0241659 0.5364
0 0.932328 0.0503427 0.014855 0.0211298 0.536239
0 0.778267 0.797538 0.0129957 0.0214793 0.534037
0 0.85875 0.870998 0.013998 0.0219765 0.533439
0 0.338269 0.357671 0.0267614 0.0555927 0.532989
0 0.19279 0.264653 0.0190035 0.0422158 0.531209
0 0.0684507 0.716343 0.0259099 0.0387815 0.530613
0 0.747378 0.98684 0.0165312 0.0242447 0.529266
0 0.750781 0.862929 0.0147228 0.0239699 0.527029
0 0.63807 0.778746 0.0155993 0.0232136 0.52633
0 0.415511 0.619869 0.0166588 0.0342658 0.526326
0 0.398775 0.523045 0.0257298 0.0487071 0.523943
0 0.911138 0.93263 0.0137333 0.0215942 0.52089
0 0.790797 0.819991 0.0125421 0.0200623 0.520808
0 0.888336 0.887344 0.012985 0.0188353 0.520527
0 0.83504 0.828324 0.0124905 0.019819 0.520095
0 0.783509 0.767416 0.012404 0.0211989 0.519816
0 0.844125 0.955853 0.0129284 0.0182787 0.519622
0 0.654524 0.796023 0.0146153 0.0255627 0.518633
0 0.0980233 0.584676 0.0206821 0.0316508 0.518338
0 0.184281 0.668014 0.0157999 0.0245246 0.517865
0 0.898762 0.908128 0.0136993 0.0197418 0.517002
0 0.112088 0.358571 0.0174424 0.0309665 0.512378
0 0.745474 0.810786 0.0136839 0.0180118 0.510858
0 0.0931329 0.396273 0.0151264 0.0248924 0.509882
0 0.0590318 0.461991 0.0221709 0.0381619 0.509226
0 0.144477 0.264977 0.0152351 0.0287847 0.509169
0 0.602295 0.796763 0.015138 0.0204678 0.507453
0 0.835253 0.907668 0.0135727 0.0211372 0.506335
0 0.888167 0.964368 0.0119259 0.0198588 0.505805
0 0.469293 0.0132532 0.022796 0.0265064 0.505729
0 0.795954 0.790547 0.0134457 0.0180492 0.505231
0 0.149534 0.617109 0.0205812 0.0347719 0.505166
0 0.217615 0.517855 0.017693 0.0278502 0.504738
0 0.14781 0.819076 0.0200994 0.0254628 0.503364
0 0.768234 0.852784 0.0139612 0.0205354 0.503362
0 0.120745 0.944919 0.0183968 0.0304403 0.502667
0 0.903803 0.881841 0.0125797 0.0198886 0.502526
0 0.801882 0.240701 0.0148132 0.0242211 0.501487
0 0.773197 0.748502 0.0125336 0.0189085 0.501158
0 0.502489 0.558553 0.0139303 0.0274601 0.499948
0 0.760418 0.965774 0.016454 0.0244653 0.497313
0 0.955539 0.00855739 0.015247 0.0171148 0.497042
0 0.200939 0.504195 0.017438 0.0311253 0.496954
0 0.333828 0.509379 0.0155083 0.0244472 0.49639
0 0.00482879 0.105429 0.00964255 0.0400093 0.495392
0 0.494485 0.382048 0.0230484 0.0347999 0.494132
0 0.392559 0.342212 0.0183908 0.0278584 0.493533
0 0.241782 0.0976951 0.0184817 0.0303368 0.492996
0 0.947092 0.139562 0.0142632 0.0194698 0.49297
0 0.766473 0.776568 0.0130697 0.0209256 0.492848
0 0.0600208 0.371969 0.0157404 0.0339076 0.49253
0 0.0776929 0.927964 0.0183635 0.0298228 0.491069
0 0.593084 0.768353 0.0162074 0.0252899 0.489977
0 0.34753 0.898439 0.0185314 0.0328142 0.489182
0 0.164541 0.493611 0.0199461 0.0308495 0.4889
0 0.0466776 0.501937 0.029926 0.0468941 0.48744
0 0.405221 0.388964 0.0223474 0.0437018 0.486836
0 0.141337 0.372862 0.0156751 0.0307989 0.48594
0 0.8707 0.892481 0.0124619 0.0212467 0.485161
0 0.585103 0.698649 0.0241697 0.0381663 0.483204
0 0.800733 0.762264 0.0138215 0.0219924 0.481834
0 0.8658 0.919922 0.0117088 0.0191283 0.481462
0 0.578656 0.206053 0.0216833 0.0347754 0.481241
0 0.255576 0.288657 0.0184165 0.030802 0.480195
0 0.734406 0.440812 0.0149785 0.0238341 0.479389
0 0.959993 0.203727 0.0126335 0.0190921 0.479043
0 0.269279 0.0672874 0.0219921 0.0383062 0.477719
0 0.0944667 0.620963 0.0245629 0.0360858 0.477335
0 0.875135 0.863578 0.0130142 0.0227414 0.476233
0 0.854424 0.980601 0.0137569 0.0199734 0.475607
0 0.89377 0.938085 0.0130528 0.0210493 0.475013
0 0.468341 0.590644 0.0149939 0.020896 0.474831
0 0.470875 0.784571 0.0233365 0.0349915 0.474712
0 0.680843 0.0170396 0.0321712 0.0334809 0.474468
0 0.462671 0.685105 0.0217562 0.0354677 0.474454
0 0.906223 0.960349 0.0127029 0.02195 0.473411
0 0.979092 0.302356 0.0135212 0.019987 0.472122
0 0.762265 0.802777 0.0118541 0.0199097 0.471136
0 0.820539 0.912261 0.0108437 0.01763 0.470914
0 0.286225 0.208994 0.0254685 0.0383585 0.469546
0 0.526682 0.50935 0.0151503 0.0222031 0.467779
0 0.573692 0.018254 0.0251956 0.0359757 0.466964
0 0.970823 0.268784 0.013488 0.0191693 0.465144
0 0.978091 0.196059 0.0120735 0.0172503 0.463629
0 0.0691479 0.968386 0.0174839 0.0350116 0.463248
0 0.994326 0.120244 0.0113476 0.0219251 0.463138
0 0.21949 0.190194 0.0218256 0.0374349 0.460912
0 0.304977 0.480197 0.0191705 0.0402655 0.458894
0 0.749236 0.782474 0.0126944 0.0207136 0.458833
0 0.803224 0.921817 0.0133129 0.0189355 0.45632
0 0.620809 0.792123 0.0147051 0.0233472 0.454281
0 0.0274536 0.677316 0.0232652 0.0446314 0.453357
0 0.162764 0.678378 0.021508 0.0386008 0.453269
0 0.851674 0.82053 0.0130775 0.0205736 0.450324
0 0.467946 0.355081 0.0341825 0.0661056 0.449436
0 0.882101 0.916029 0.0125137 0.0209212 0.44576
0 0.367805 0.5127 0.0218744 0.050333 0.444785
0 0.313837 0.596307 0.0152901 0.0284128 0.442146
0 0.991085 0.15479 0.0134869 0.0174342 0.439141
0 0.379703 0.375386 0.0193579 0.0303109 0.439085
0 0.802002 0.839884 0.0137112 0.0176466 0.437818
0 0.210325 0.132658 0.0151191 0.0311559 0.437701
0 0.739631 0.950936 0.0190266 0.0278463 0.436103
0 0.721547 0.940191 0.0143524 0.0230804 0.43576
0 0.786027 0.925817 0.0139816 0.0224341 0.435038
0 0.367341 0.677483 0.0279425 0.0401967 0.434981
0 0.115231 0.120299 0.019944 0.0342378 0.43353
0 0.0777827 0.385352 0.0170263 0.0270281 0.433173
0 0.90058 0.986506 0.0144142 0.0222137 0.432688
0 0.774967 0.256515 0.0142467 0.0226117 0.432013
0 0.724318 0.975223 0.0165291 0.0257243 0.431476
0 0.114272 0.491611 0.0242691 0.0292375 0.429972
0 0.237738 0.345921 0.0179781 0.025051 0.429624
0 0.263908 0.433822 0.0246319 0.0390398 0.427207
0 0.898864 0.0536681 0.0139786 0.0168639 0.421946
0 0.79237 0.89888 0.0139223 0.0213448 0.421452
0 0.369544 0.418005 0.0184927 0.0263367 0.420522
0 0.284701 0.597361 0.02104 0.0380449 0.416995
0 0.309792 0.364452 0.0228591 0.0353431 0.415233
0 0.545687 0.257179 0.0290804 0.0477871 0.414503
0 0.367142 0.342984 0.019305 0.0168239 0.414077
0 0.261453 0.604859 0.0198704 0.0324875 0.412802
0 0.981065 0.436436 0.0153365 0.021562 0.41129
0 0.972027 0.12851 0.0146282 0.0203735 0.409562
0 0.162266 0.423424 0.0162159 0.0271982 0.408872
0 0.727371 0.917739 0.0153266 0.0214776 0.407825
0 0.72723 0.819354 0.0138638 0.0195414 0.398422
0 0.00736798 0.267399 0.0145985 0.0482673 0.396404
0 0.293814 0.575424 0.0172455 0.0308849 0.395337
0 0.414744 0.00749225 0.0253336 0.0149725 0.394579
0 0.76287 0.883466 0.0120683 0.0194661 0.394006
0 0.516828 0.233319 0.0298681 0.0674321 0.39245
0 0.666156 0.823098 0.0126873 0.0209644 0.392341
0 0.981868 0.229946 0.013003 0.0202232 0.392152
0 0.970957 0.166329 0.0120449 0.0188272 0.389749
0 0.0503186 0.97277 0.0153765 0.0251879 0.388807
0 0.228252 0.146268 0.0178816 0.0350838 0.386558
0 0.706729 0.916247 0.0160346 0.0250804 0.381459
0 0.909274 0.242583 0.0130821 0.020724 0.380961
0 0.0356784 0.987484 0.0176328 0.0250315 0.380602
0 0.82231 0.991854 0.0148464 0.0158081 0.379017
0 0.677501 0.847384 0.0129864 0.0184255 0.378958
0 0.959275 0.306028 0.0126807 0.0153259 0.374942
0 0.789053 0.738641 0.0129934 0.0215234 0.373223
0 0.203379 0.634259 0.021807 0.0417947 0.371979
0 0.823335 0.804891 0.0120575 0.0214966 0.371378
0 0.648289 0.0493094 0.0333216 0.0554823 0.369224
0 0.498557 0.501302 0.0160522 0.0271727 0.366572
0 0.15533 0.158402 0.0207257 0.0289512 0.365375
0 0.816277 0.754554 0.0144037 0.0222132 0.364553
0 0.193563 0.201307 0.029415 0.0491306 0.359908
0 0.738625 0.839601 0.012603 0.0199695 0.355923
0 0.914573 0.903643 0.0131752 0.0202335 0.355406
0 0.907469 0.852084 0.0138886 0.0210097 0.355373
0 0.686057 0.702888 0.0205509 0.0357293 0.355072
0 0.349359 0.265554 0.0156192 0.0203318 0.347921
0 0.493874 0.594416 0.0174828 0.0270629 0.34567
0 0.75577 0.830663 0.0134153 0.018639 0.344029
0 0.00296484 0.638183 0.00592969 0.0485016 0.342119
0 0.158942 0.589307 0.0140492 0.0229385 0.342006
0 0.0100762 0.682888 0.0170713 0.032825 0.338526
0 0.808459 0.306568 0.0136135 0.0215457 0.338332
0 0.369696 0.518917 0.0200698 0.043179 0.334447
0 0.306831 0.489488 0.0177924 0.0281408 0.331799
0 0.370589 0.526038 0.0189815 0.0304594 0.325572
0 0.807599 0.970971 0.0151821 0.0178723 0.322935
0 0.14229 0.104412 0.0203581 0.0318443 0.31955
0 0.499624 0.619927 0.0202572 0.0361903 0.316244
0 0.446748 0.51479 0.02157 0.034935 0.316153
0 0.257504 0.60739 0.0239088 0.0294922 0.313229
0 0.238468 0.522193 0.0150433 0.0245729 0.312914
0 0.0312282 0.0989181 0.019095 0.0294505 0.304964
0 0.838937 0.797817 0.0126316 0.0199266 0.304818
0 0.995394 0.184785 0.0092123 0.0167544 0.303151
0 0.690143 0.891638 0.0132803 0.0198222 0.302938
0 0.838601 0.98832 0.0120089 0.0201152 0.302716
0 0.756441 0.276405 0.0148268 0.0215424 0.302009
0 0.275011 0.290465 0.0161966 0.031839 0.296801
0 0.130326 0.357785 0.0138569 0.0271396 0.291998
0 0.51102 0.477978 0.0195557 0.0279767 0.291295
0 0.90248 0.00645663 0.0159492 0.0129133 0.290865
0 0.387849 0.469507 0.0300482 0.0434952 0.28932
0 0.418968 0.830426 0.0187458 0.0302524 0.287922
0 0.168405 0.714673 0.0168322 0.0222244 0.287811
0 0.656227 0.522093 0.0156823 0.0258392 0.284398
0 0.0623196 0.109779 0.0180579 0.0319747 0.284201
0 0.938463 0.215182 0.0136982 0.0194711 0.282133
0 0.315866 0.52221 0.0156147 0.0313955 0.280407
0 0.750628 0.341769 0.0129717 0.0182433 0.278628
0 0.0231344 0.676318 0.0318156 0.0476759 0.276806
0 0.426606 0.362127 0.0133271 0.0198753 0.272064
0 0.0156189 0.436944 0.0220738 0.0383341 0.268387
0 0.322207 0.403548 0.0174112 0.0319485 0.262163
0 0.920848 0.872141 0.013781 0.0189745 0.260931
0 0.793347 0.315919 0.0136786 0.019495 0.259799
0 0.36292 0.712912 0.026037 0.0338807 0.258036
0 0.194549 0.272523 0.0160446 0.027955 0.257033
0 0.110161 0.492379 0.020531 0.0296468 0.25676
0 0.260645 0.569482 0.0145912 0.0249573 0.256148
0 0.00911543 0.981602 0.0181919 0.0344833 0.255167
0 0.405371 0.749198 0.0144018 0.0251287 0.254492
0 0.689355 0.42467 0.027527 0.0490746 0.254014
0 0.268041 0.327682 0.0157621 0.0273056 0.25247
0 0.878518 0.835365 0.0132046 0.0193332 0.25182
0 0.288242 0.0225529 0.0455149 0.0447221 0.250881
0 0.0602796 0.254393 0.0326619 0.0431557 0.248928
0 0.284594 0.215233 0.0259768 0.0485865 0.247962
0 0.561399 0.474948 0.0178532 0.0299654 0.247694
0 0.0176222 0.0401154 0.0196055 0.0329588 0.246159
0 0.0198554 0.328089 0.0174996 0.0309716 0.245874
0 0.88553 0.087283 0.0128956 0.018733 0.242494
0 0.342363 0.367058 0.0211312 0.0364287 0.241635
0 0.278275 0.0178604 0.024284 0.0347737 0.241552
0 0.882137 0.992073 0.0153385 0.0158542 0.241471
0 0.00652739 0.358291 0.0129375 0.0702617 0.239419
0 0.930067 0.897922 0.0140314 0.0238658 0.235485
0 0.770698 0.990036 0.0169562 0.0189347 0.234913
0 0.832356 0.856986 0.00959168 0.015457 0.23458
0 0.843195 0.770454 0.0132473 0.0199819 0.231341
0 0.564884 0.575274 0.0162376 0.0278553 0.230482
0 0.737328 0.761478 0.0149048 0.0253027 0.227936
0 0.500545 0.557483 0.0121857 0.0261747 0.227309
0 0.94422 0.243611 0.0117107 0.0200365 0.227074
0 0.197296 0.977485 0.0470648 0.0437525 0.226351
0 0.792425 0.713344 0.0136383 0.0207303 0.224447
0 0.827455 0.777419 0.0133831 0.0193759 0.224158
0 0.903812 0.88112 0.0152626 0.023683 0.222768
0 0.0303617 0.410828 0.0145211 0.0213016 0.222129
0 0.337385 0.288603 0.0150753 0.0316722 0.221736
0 0.992596 0.264545 0.0138279 0.0175457 0.221005
0 0.471227 0.630358 0.0265959 0.0460559 0.220483
0 0.332123 0.609041 0.0223513 0.035834 0.217465
0 0.752153 0.581498 0.0222036 0.0377036 0.217352
0 0.0202897 0.725458 0.0211322 0.0405194 0.216679
0 0.775284 0.748565 0.011187 0.0184163 0.216587
0 0.682904 0.76018 0.0194386 0.0346785 0.215436
0 0.618631 0.767549 0.0153618 0.0245112 0.214582
0 0.218589 0.712237 0.0322409 0.0412855 0.214535
0 0.333482 0.683101 0.0306814 0.0581921 0.214266
0 0.951256 0.274866 0.0139263 0.0161928 0.213064
0 0.976 0.506891 0.0146774 0.0202806 0.212092
0 0.250475 0.148717 0.0234696 0.0380567 0.210012
0 0.776877 0.71971 0.0123888 0.0204224 0.209694
0 0.831073 0.85574 0.0116543 0.0182593 0.209412
0 0.193524 0.086836 0.0205692 0.0362076 0.209071
0 0.00538938 0.268482 0.0105005 0.0503827 0.208922
0 0.514569 0.536605 0.0176615 0.0268601 0.208717
0 0.393997 0.47665 0.0198949 0.029284 0.208111
0 0.168781 0.449938 0.0124396 0.0205557 0.207938
0 0.917233 0.981623 0.0124939 0.0242565 0.206483
0 0.865579 0.811175 0.0138621 0.0206914 0.20471
0 0.34865 0.46114 0.0179194 0.0295542 0.202137
0 0.362446 0.575349 0.0260672 0.0465382 0.199519
0 0.013318 0.680432 0.0225798 0.038822 0.199195
0 0.969536 0.371274 0.0155705 0.0208538 0.197595
0 0.00273722 0.896059 0.00547443 0.0321133 0.194007
0 0.162883 0.216359 0.0176044 0.031287 0.193661
0 0.977389 0.407048 0.0152224 0.0212913 0.191588
0 0.22436 0.713844 0.0212359 0.0365851 0.191021
0 0.402268 0.521416 0.019552 0.0442388 0.190278
0 0.994668 0.404139 0.0106647 0.0225716 0.188908
0 0.195864 0.117539 0.0159075 0.0244421 0.188877
0 0.487535 0.812643 0.0277149 0.0404097 0.18868
0 0.761639 0.919153 0.0191053 0.0285331 0.188198
0 0.848792 0.741997 0.0137239 0.021403 0.187549
0 0.759201 0.30834 0.0133177 0.0169428 0.18604
0 0.826384 0.233457 0.0159456 0.0230057 0.181141
0 0.444418 0.695766 0.00980797 0.0265032 0.180405
0 0.724782 0.925821 0.0156591 0.0166992 0.179068
0 0.679029 0.678437 0.0205894 0.0311072 0.177208
0 0.210786 0.982689 0.025278 0.0337736 0.174777
0 0.159556 0.251624 0.0180416 0.0330475 0.172857
0 0.215665 0.515 0.0163985 0.028764 0.171873
0 0.861138 0.0204117 0.0155315 0.0201748 0.171403
0 0.0605539 0.246152 0.0313999 0.0615346 0.170963
0 0.257789 0.53125 0.0184974 0.0332911 0.170483
0 0.00359298 0.102563 0.00716867 0.047327 0.168856
0 0.798734 0.94977 0.0132042 0.0158478 0.168726
0 0.762697 0.729397 0.0110535 0.0190343 0.168263
0 0.991553 0.155783 0.0158924 0.021502 0.168139
0 0.755906 0.751821 0.0104324 0.0246844 0.167672
0 0.719121 0.943988 0.0118014 0.0224085 0.167293
0 0.338982 0.645145 0.0240946 0.0341327 0.167162
0 0.0172177 0.442685 0.0206207 0.0336365 0.167051
0 0.061976 0.259386 0.027928 0.0360632 0.166449
0 0.319268 0.408327 0.0205817 0.0404465 0.164791
0 0.494578 0.705524 0.0365419 0.0626226 0.162402
0 0.625548 0.986593 0.0381233 0.0266299 0.161306
0 0.754861 0.833487 0.0138058 0.018129 0.160301
0 0.249963 0.152497 0.0198077 0.0310335 0.159722
0 0.315107 0.365428 0.0241313 0.0357385 0.159057
0 0.559645 0.356986 0.013907 0.0453804 0.157945
0 0.733994 0.437133 0.0161068 0.0343376 0.157363
0 0.393876 0.574738 0.023672 0.0346462 0.156763
0 0.926488 0.589341 0.0135805 0.0197418 0.156342
0 0.822376 0.80201 0.0127354 0.0207859 0.153883
0 0.366986 0.419725 0.0208242 0.0265691 0.153772
0 0.508318 0.479716 0.0217295 0.025728 0.153347
0 0.107326 0.493771 0.017748 0.0286022 0.152694
0 0.406611 0.449704 0.0129774 0.0299335 0.152468
0 0.881994 0.263798 0.0131832 0.016609 0.150964
