0 0.460179 0.219434 0.0251974 0.0412672 0.686985
0 0.231651 0.672363 0.026021 0.0451714 0.676795
0 0.453355 0.166123 0.0222799 0.0364178 0.667842
0 0.275759 0.898516 0.0192874 0.0319271 0.665031
0 0.0725367 0.674061 0.0211064 0.0386598 0.658282
0 0.838658 0.1675 0.0295765 0.0405031 0.657117
0 0.680377 0.727091 0.0252647 0.0361248 0.655537
0 0.62132 0.0602449 0.0248261 0.0407522 0.653202
0 0.458896 0.28561 0.0287392 0.0534685 0.652147
0 0.793975 0.215466 0.021855 0.0373818 0.651732
0 0.10014 0.230339 0.0295832 0.0572239 0.649011
0 0.162524 0.0155581 0.0246043 0.0311162 0.647165
0 0.178983 0.510888 0.0172174 0.0319567 0.642792
0 0.15432 0.794472 0.0165874 0.0359584 0.642107
0 0.780978 0.463589 0.0244641 0.0422445 0.641704
0 0.428115 0.728106 0.0219421 0.0353032 0.641189
0 0.46412 0.751039 0.0223108 0.0386988 0.640894
0 0.786876 0.0449043 0.0209948 0.0307305 0.640411
0 0.76585 0.225618 0.0181154 0.0372291 0.63844
0 0.260952 0.397546 0.0174248 0.0291713 0.637773
0 0.312116 0.378835 0.0199337 0.0398858 0.637647
0 0.950332 0.563435 0.0206652 0.0327276 0.636475
0 0.858927 0.593085 0.0204113 0.0375 0.631701
0 0.342793 0.448636 0.022142 0.0389235 0.631555
0 0.563231 0.733087 0.0311283 0.0552171 0.630653
0 0.0270135 0.709787 0.026943 0.04825 0.62957
0 0.493379 0.823493 0.0205242 0.0339163 0.627725
0 0.153865 0.721398 0.020631 0.0365272 0.627696
0 0.709427 0.850196 0.0275858 0.0429735 0.623392
0 0.958672 0.501724 0.0262302 0.0437397 0.616
0 0.304895 0.226798 0.0202018 0.0365501 0.610445
0 0.501678 0.510017 0.0210421 0.049756 0.610185
0 0.0683879 0.282149 0.0191743 0.0372405 0.608953
0 0.0253637 0.775267 0.0206796 0.0313772 0.60545
0 0.40214 0.444143 0.0215028 0.0398616 0.600525
0 0.546964 0.633916 0.0234884 0.0339301 0.598873
0 0.0925043 0.758264 0.0198412 0.0343048 0.597903
0 0.668385 0.0636557 0.0160482 0.032569 0.59593
0 0.0648916 0.775404 0.0153455 0.0315406 0.595816
0 0.227398 0.772243 0.0226212 0.0341271 0.59182
0 0.270209 0.503748 0.0168007 0.0346222 0.590761
0 0.822708 0.75221 0.0202168 0.0293672 0.58982
0 0.665863 0.585046 0.0172921 0.0305062 0.588011
0 0.811496 0.479143 0.0261024 0.0413035 0.58775
0 0.107598 0.550494 0.0169419 0.0422662 0.587267
0 0.106961 0.481705 0.0203021 0.0333817 0.58625
0 0.867199 0.898457 0.0217141 0.0383543 0.586209
0 0.44449 0.0234375 0.0162024 0.0239883 0.585334
0 0.635565 0.555282 0.0194007 0.0374854 0.583798
0 0.251531 0.722905 0.0144286 0.0293023 0.582871
0 0.152536 0.666634 0.019858 0.0334071 0.581834
0 0.818374 0.940556 0.0164772 0.0305535 0.577918
0 0.392511 0.178464 0.0145618 0.0282773 0.576632
0 0.235586 0.297308 0.0186082 0.0408987 0.574801
0 0.126859 0.836322 0.0155934 0.0359772 0.574606
0 0.433385 0.0820435 0.0150385 0.0235925 0.573253
0 0.841086 0.887106 0.0283035 0.044909 0.572681
0 0.690359 0.21149 0.0142249 0.0263252 0.572
0 0.483303 0.0475744 0.0135385 0.0220745 0.571652
0 0.28918 0.470339 0.0178627 0.0341672 0.570844
0 0.413471 0.0684529 0.0152939 0.0233965 0.570799
0 0.346998 0.549672 0.0211345 0.0311686 0.568186
0 0.833048 0.642574 0.015829 0.0284987 0.568119
0 0.856877 0.795647 0.0189955 0.0358266 0.566595
0 0.946155 0.611234 0.0140713 0.0264005 0.566072
0 0.723088 0.221613 0.0161716 0.0302021 0.565058
0 0.0762677 0.60142 0.026448 0.0490623 0.564992
0 0.466974 0.639035 0.0221001 0.0323689 0.564715
0 0.890578 0.801528 0.0186741 0.0376431 0.564543
0 0.646145 0.0447515 0.0153297 0.0261243 0.563524
0 0.576234 0.634345 0.0282349 0.0473752 0.56232
0 0.325677 0.271972 0.0156924 0.0334864 0.560171
0 0.901086 0.685154 0.0179413 0.035575 0.559714
0 0.374536 0.284904 0.0182195 0.0350715 0.559051
0 0.309422 0.640595 0.0221149 0.0307019 0.558991
0 0.481171 0.0106208 0.015671 0.0202861 0.55764
0 0.82232 0.715767 0.015576 0.0327825 0.556926
0 0.431969 0.212867 0.0167999 0.0372274 0.555535
0 0.500706 0.019095 0.0136562 0.0214424 0.555415
0 0.230304 0.729258 0.0202524 0.0317176 0.555257
0 0.167043 0.266856 0.0153577 0.0328437 0.552244
0 0.822228 0.85329 0.0154022 0.0298796 0.551071
0 0.625896 0.195034 0.0186661 0.0342369 0.547479
0 0.188096 0.739099 0.0154097 0.0270304 0.545307
0 0.0502969 0.913982 0.0172718 0.0295351 0.545036
0 0.125927 0.887112 0.0159381 0.0308933 0.542698
0 0.351263 0.771781 0.0227267 0.0337002 0.542518
0 0.358162 0.307918 0.0203404 0.0368316 0.542016
0 0.405738 0.332945 0.0162219 0.0285026 0.540842
0 0.305654 0.549159 0.016918 0.0310633 0.53897
0 0.69038 0.476867 0.0229082 0.0375929 0.537695
0 0.450962 0.0580739 0.0144543 0.0212537 0.537178
0 0.4677 0.0717753 0.0145163 0.0223855 0.537109
0 0.332158 0.310887 0.0160006 0.0382163 0.536429
0 0.152212 0.507706 0.0156813 0.0281025 0.534828
0 0.305296 0.495123 0.0198449 0.0322371 0.534532
0 0.66004 0.540999 0.0171112 0.0307496 0.534129
0 0.0883034 0.28096 0.015431 0.0314417 0.532895
0 0.537677 0.0820355 0.0243547 0.0418833 0.532054
0 0.178633 0.300564 0.0180019 0.0325033 0.531587
0 0.482036 0.468362 0.0174854 0.0360849 0.531513
0 0.413528 0.157319 0.0151367 0.0282939 0.527524
0 0.268655 0.696632 0.0127686 0.0289678 0.527477
0 0.504752 0.306749 0.0251417 0.0349726 0.526512
0 0.183146 0.22031 0.0175495 0.0305708 0.525702
0 0.196219 0.534518 0.01388 0.0248053 0.523947
0 0.144594 0.310359 0.0235707 0.0435833 0.522221
0 0.855161 0.982461 0.0178749 0.0326005 0.521779
0 0.330086 0.810457 0.0251209 0.0508864 0.52063
0 0.740966 0.234922 0.0145752 0.0269718 0.519073
0 0.163019 0.164897 0.0300633 0.0508319 0.518154
0 0.268843 0.541585 0.017114 0.0286185 0.516313
0 0.0988467 0.432963 0.025736 0.0467472 0.516008
0 0.931939 0.837376 0.0142681 0.0299106 0.510543
0 0.496126 0.396442 0.0170012 0.0267183 0.510449
0 0.453224 0.0956517 0.0137081 0.0210413 0.510228
0 0.37989 0.405292 0.0162753 0.0345549 0.508211
0 0.42832 0.0470913 0.0127505 0.0216566 0.507403
0 0.133725 0.801878 0.0131689 0.0207984 0.507341
0 0.0561317 0.332068 0.0185119 0.0350705 0.507284
0 0.081824 0.466584 0.0167011 0.0281914 0.505132
0 0.480724 0.417677 0.0172625 0.0294383 0.501368
0 0.128093 0.552505 0.0178184 0.0336609 0.501317
0 0.410931 0.0327196 0.0128156 0.020053 0.501104
0 0.819524 0.613042 0.0209827 0.0351194 0.501015
0 0.147455 0.224859 0.0151402 0.0311367 0.500102
0 0.476069 0.864095 0.0223822 0.0337056 0.496921
0 0.775218 0.589285 0.0208412 0.032641 0.496281
0 0.103033 0.874267 0.0148175 0.0284793 0.495725
0 0.192091 0.0297144 0.0226201 0.0338774 0.494971
0 0.00842473 0.354228 0.0164125 0.0257517 0.494214
0 0.612998 0.24517 0.0219269 0.0393213 0.493497
0 0.00724307 0.483554 0.014229 0.0362456 0.492368
0 0.0845899 0.398508 0.0223327 0.0378676 0.491362
0 0.0853136 0.521649 0.0218871 0.0377365 0.490851
0 0.391859 0.906548 0.0230869 0.0334318 0.48897
0 0.225493 0.768665 0.0236652 0.0353756 0.486355
0 0.650675 0.418937 0.0137699 0.0286078 0.485211
0 0.618509 0.0161487 0.0242497 0.0315129 0.48315
0 0.776286 0.659226 0.023229 0.0382161 0.482297
0 0.166479 0.219445 0.0131324 0.0306958 0.481991
0 0.330526 0.520618 0.0203492 0.0406066 0.480459
0 0.391409 0.241815 0.0154373 0.0264066 0.47968
0 0.363969 0.448202 0.0142779 0.0325976 0.479272
0 0.146481 0.827419 0.0146832 0.0269241 0.477467
0 0.645104 0.603372 0.0182685 0.0265868 0.477448
0 0.502793 0.26834 0.021853 0.0373307 0.476873
0 0.118618 0.803322 0.0129551 0.0242944 0.476067
0 0.370172 0.348602 0.0156578 0.0311261 0.475824
0 0.431994 0.6923 0.0163605 0.0236369 0.474513
0 0.456399 0.593039 0.0252962 0.0482506 0.474437
0 0.680323 0.303126 0.0179871 0.0286026 0.474191
0 0.508064 0.575805 0.0227562 0.036098 0.468923
0 0.465256 0.0355744 0.0126073 0.0185116 0.468823
0 0.218201 0.291752 0.0170821 0.0374412 0.468043
0 0.719678 0.0739981 0.0250999 0.0431358 0.46687
0 0.309628 0.273519 0.0168077 0.0277689 0.466645
0 0.57941 0.595681 0.0221417 0.0314598 0.466631
0 0.789111 0.553976 0.0252068 0.0359113 0.465324
0 0.0301647 0.978082 0.024501 0.0430606 0.465041
0 0.0623487 0.399968 0.0166507 0.0252597 0.464766
0 0.494016 0.39254 0.0193298 0.0329749 0.463187
0 0.135543 0.62326 0.017371 0.0331392 0.461125
0 0.724383 0.95788 0.023381 0.047483 0.45403
0 0.417814 0.640409 0.0150894 0.037389 0.452089
0 0.156557 0.568546 0.0155344 0.0287159 0.45175
0 0.306008 0.60212 0.0172363 0.0307966 0.450179
0 0.437317 0.641483 0.0248445 0.0427142 0.450004
0 0.521782 0.0287688 0.0122833 0.0191252 0.448205
0 0.29423 0.853943 0.0147457 0.0243764 0.446508
0 0.595302 0.429494 0.0189823 0.0309531 0.44585
0 0.454898 0.48445 0.0181629 0.034473 0.437886
0 0.947245 0.882058 0.0209393 0.0346371 0.434045
0 0.864911 0.46593 0.0326956 0.0546651 0.433181
0 0.910868 0.769417 0.0286956 0.0505283 0.431919
0 0.154762 0.757104 0.0129692 0.0207289 0.430584
0 0.286906 0.255709 0.0177213 0.0414211 0.42547
0 0.00354138 0.384361 0.00701431 0.0289351 0.420476
0 0.534962 0.0782223 0.0298075 0.0477113 0.420141
0 0.412059 0.946498 0.0159145 0.0270263 0.419901
0 0.288449 0.632964 0.0188193 0.0362386 0.416433
0 0.236579 0.42007 0.0138561 0.0299028 0.415509
0 0.0457584 0.756867 0.0148651 0.0264486 0.41527
0 0.320662 0.429437 0.0123665 0.0228799 0.414683
0 0.667564 0.148613 0.0184103 0.0319539 0.41426
0 0.150664 0.262997 0.0135612 0.0258855 0.414167
0 0.664723 0.198765 0.0162893 0.0353105 0.413188
0 0.618623 0.588458 0.0266056 0.0618551 0.409612
0 0.968203 0.60331 0.0180812 0.0270447 0.409067
0 0.0139195 0.249113 0.0261823 0.0366763 0.408341
0 0.104929 0.660388 0.0162362 0.024827 0.407652
0 0.53066 0.285046 0.020686 0.0281789 0.406762
0 0.298819 0.190559 0.0167258 0.0283743 0.405075
0 0.365153 0.90124 0.0170678 0.0346998 0.404999
0 0.120238 0.40277 0.0152709 0.0293365 0.404633
0 0.4423 0.829556 0.0333256 0.0475561 0.404567
0 0.288556 0.569808 0.0135405 0.0255823 0.400677
0 0.660557 0.30019 0.018296 0.0296792 0.397753
0 0.505852 0.0567303 0.0148253 0.0200345 0.397641
0 0.38866 0.342336 0.0140206 0.0253862 0.397558
0 0.819799 0.558372 0.0265137 0.0464568 0.397237
0 0.804224 0.895694 0.0207796 0.0309266 0.395699
0 0.903916 0.929502 0.0222424 0.046981 0.395255
0 0.592605 0.146892 0.0184868 0.0473378 0.392507
0 0.203752 0.862694 0.0144579 0.0259267 0.390056
0 0.00344165 0.777764 0.00685848 0.037792 0.389536
0 0.843511 0.946598 0.0153854 0.0303857 0.388799
0 0.0640949 0.131995 0.0331204 0.050417 0.38865
0 0.208765 0.743146 0.0133678 0.0234182 0.388624
0 0.716868 0.0268684 0.0155917 0.0256169 0.38814
0 0.823142 0.676788 0.0159801 0.0304527 0.387458
0 0.0153561 0.51772 0.0244076 0.0364146 0.386585
0 0.233609 0.461 0.0216147 0.0322913 0.386483
0 0.473052 0.862635 0.0289816 0.0374654 0.386157
0 0.735777 0.182839 0.0172597 0.0354096 0.385191
0 0.583002 0.348911 0.0275085 0.0493003 0.383236
0 0.671702 0.100138 0.014782 0.0214034 0.383233
0 0.182757 0.939158 0.018825 0.0323876 0.382577
0 0.00739822 0.324079 0.0145557 0.0316986 0.381142
0 0.991417 0.442526 0.0171665 0.0498715 0.379538
0 0.076002 0.17799 0.0268144 0.0487651 0.376033
0 0.413713 0.263333 0.0158381 0.0285527 0.37391
0 0.489551 0.0825752 0.012483 0.0199953 0.372223
0 0.17885 0.697178 0.0212851 0.0420472 0.371283
0 0.120496 0.514949 0.0149411 0.0251375 0.370915
0 0.363891 0.302082 0.0213486 0.0344368 0.36823
0 0.864715 0.659955 0.0242271 0.0394928 0.364083
0 0.537524 0.00772807 0.0137036 0.0154561 0.363979
0 0.518698 0.414916 0.0166316 0.0279603 0.362796
0 0.399775 0.528393 0.0146927 0.0265618 0.362456
0 0.438814 0.454496 0.0173553 0.0337521 0.360974
0 0.302387 0.331378 0.0165148 0.0338057 0.359434
0 0.401247 0.555747 0.0160819 0.0259432 0.358758
0 0.661948 0.48489 0.0232121 0.0332859 0.355769
0 0.473686 0.107644 0.0126879 0.0185536 0.354772
0 0.564674 0.100081 0.0222193 0.0362792 0.351309
0 0.95231 0.82654 0.0170017 0.0243656 0.350409
0 0.238544 0.819398 0.0156027 0.0270396 0.34925
0 0.243904 0.498039 0.0174394 0.0285158 0.348204
0 0.0489049 0.543198 0.0249164 0.0456248 0.347977
0 0.689481 0.271928 0.0273342 0.0385267 0.347594
0 0.326647 0.348184 0.0144073 0.0203778 0.347036
0 0.285668 0.311317 0.0179335 0.0398957 0.34465
0 0.176291 0.616933 0.0167672 0.0293754 0.343602
0 0.00822971 0.208894 0.0162662 0.0400571 0.341467
0 0.335367 0.627109 0.0114908 0.0232578 0.341253
0 0.10749 0.724425 0.0219085 0.0370605 0.341246
0 0.741465 0.0272588 0.0215176 0.0311907 0.338961
0 0.650725 0.103624 0.0177925 0.0280321 0.338931
0 0.821348 0.816057 0.0240705 0.0341073 0.337621
0 0.924637 0.923074 0.0152145 0.028987 0.337217
0 0.64412 0.291953 0.0130575 0.0281713 0.337167
0 0.85425 0.631268 0.0185084 0.0256531 0.337098
0 0.539075 0.0877994 0.0233967 0.034331 0.33682
0 0.673805 0.0165688 0.0204172 0.0313633 0.336103
0 0.203058 0.39897 0.0188291 0.0333299 0.333637
0 0.437194 0.332939 0.022847 0.0342868 0.333281
0 0.680398 0.972106 0.0219366 0.0404679 0.333039
0 0.657487 0.539405 0.0218017 0.0324753 0.333001
0 0.853161 0.715817 0.0343487 0.0444244 0.332831
0 0.167797 0.965884 0.0177829 0.0302229 0.332052
0 0.247103 0.497603 0.0173875 0.0290019 0.330129
0 0.351837 0.506747 0.014156 0.025569 0.328822
0 0.202679 0.705458 0.0141351 0.0204568 0.328733
0 0.530855 0.491075 0.0229715 0.0438759 0.326539
0 0.524237 0.189128 0.0227663 0.0414404 0.325924
0 0.551337 0.292165 0.0120824 0.0233267 0.32293
0 0.00826836 0.436239 0.0156375 0.0353434 0.320637
0 0.277591 0.458769 0.011566 0.0303612 0.318977
0 0.199223 0.291626 0.0173217 0.0335905 0.315885
0 0.214392 0.824368 0.018467 0.0281144 0.315481
0 0.377277 0.658601 0.0220467 0.0378808 0.314812
0 0.592453 0.469277 0.0180866 0.0347881 0.314349
0 0.893106 0.647303 0.0178082 0.0250806 0.314192
0 0.503268 0.189024 0.01558 0.0312391 0.313744
0 0.254256 0.631312 0.0165401 0.0303779 0.313542
0 0.628594 0.100646 0.0184008 0.0250867 0.311849
0 0.556593 0.324461 0.0162969 0.0318679 0.311529
0 0.451394 0.543278 0.0132304 0.0235176 0.311132
0 0.886071 0.701816 0.0177692 0.029319 0.310192
0 0.324177 0.563945 0.0176914 0.0285415 0.309796
0 0.711913 0.59389 0.0130012 0.0254483 0.309427
0 0.2865 0.211898 0.0127761 0.0271609 0.309362
0 0.910975 0.838419 0.0181667 0.025924 0.30878
0 0.877302 0.734309 0.00990639 0.0226956 0.30785
0 0.905117 0.886452 0.0173187 0.0273258 0.305921
0 0.158208 0.632172 0.0102616 0.0241731 0.304116
0 0.0372791 0.87658 0.0173152 0.0350742 0.303754
0 0.171743 0.584136 0.012137 0.0190699 0.30235
0 0.175797 0.350074 0.0232727 0.0388339 0.301628
0 0.0178385 0.385339 0.0125292 0.021382 0.301479
0 0.595338 0.520478 0.0194988 0.0442513 0.300243
0 0.132002 0.776232 0.0160187 0.0231374 0.299759
0 0.0118495 0.644171 0.0213224 0.0393819 0.297158
0 0.242157 0.221157 0.0185692 0.0295756 0.296251
0 0.20248 0.22895 0.0140088 0.0273187 0.295282
0 0.583899 0.0388789 0.0349571 0.0643008 0.294976
0 0.399921 0.397825 0.021109 0.0352607 0.294491
0 0.291889 0.790795 0.0183954 0.0294929 0.294202
0 0.246656 0.532402 0.0227363 0.0394818 0.293187
0 0.0270959 0.202956 0.0230512 0.041653 0.292245
0 0.759124 0.859004 0.0167168 0.0348886 0.288939
0 0.46253 0.428102 0.0146851 0.0262514 0.288222
0 0.962702 0.764145 0.0189434 0.0274553 0.287549
0 0.186004 0.254104 0.0161055 0.0256463 0.285786
0 0.196187 0.825846 0.0147806 0.0275435 0.285662
0 0.35151 0.989237 0.0405839 0.0213924 0.28527
0 0.417221 0.483114 0.0185366 0.0287147 0.281379
0 0.666822 0.425445 0.0110597 0.0265201 0.280057
0 0.382664 0.77848 0.0247229 0.0379495 0.279341
0 0.00964899 0.67928 0.013222 0.0224713 0.2788
0 0.0346998 0.407211 0.020271 0.0307231 0.277915
0 0.84352 0.8441 0.0212879 0.0339121 0.277442
0 0.426191 0.298714 0.0183268 0.0356152 0.276973
0 0.378214 0.519695 0.019341 0.030352 0.276493
0 0.712559 0.195159 0.0162306 0.0233234 0.276058
0 0.952824 0.684972 0.0158283 0.032331 0.275755
0 0.530396 0.604261 0.0199825 0.0321396 0.27418
0 0.578914 0.246357 0.020597 0.0339558 0.274006
0 0.178271 0.179946 0.0158019 0.0320256 0.273371
0 0.250122 0.556719 0.0193485 0.0288673 0.273263
0 0.720522 0.958903 0.0304332 0.0525191 0.272447
0 0.0586037 0.871444 0.0140176 0.0240769 0.272375
0 0.718082 0.494983 0.0209478 0.0321039 0.271864
0 0.565432 0.462761 0.0263067 0.0537565 0.271124
0 0.651307 0.00824862 0.0194479 0.0162671 0.268764
0 0.17513 0.473613 0.0185969 0.0256148 0.2683
0 0.942045 0.648993 0.0157635 0.0267505 0.266231
0 0.262095 0.218059 0.0185282 0.0301816 0.265445
0 0.223294 0.573995 0.0172589 0.0287433 0.264268
0 0.654609 0.232988 0.0241236 0.0221819 0.264073
0 0.170469 0.174098 0.0261513 0.0397507 0.263663
0 0.90405 0.618371 0.0182308 0.0373298 0.263591
0 0.297371 0.888499 0.0151476 0.0253482 0.262199
0 0.747239 0.939682 0.0224566 0.0417193 0.260176
0 0.382243 0.490055 0.0175268 0.0259056 0.259064
0 0.423031 0.36285 0.0189896 0.0301675 0.258481
0 0.987552 0.512379 0.0248962 0.0688258 0.257429
0 0.364174 0.529907 0.0111251 0.0299354 0.257128
0 0.549254 0.186204 0.01872 0.0307638 0.256564
0 0.689063 0.0597199 0.0203143 0.0349361 0.255905
0 0.400373 0.745346 0.0210058 0.0366163 0.255222
0 0.890232 0.870217 0.013003 0.0254781 0.25396
0 0.484726 0.199627 0.0220544 0.0325696 0.253544
0 0.201142 0.503276 0.0165606 0.0246675 0.253086
0 0.251877 0.875104 0.0158723 0.0262078 0.252876
0 0.498301 0.399172 0.0155293 0.0239071 0.251671
0 0.646171 0.0776917 0.0160948 0.0194006 0.251441
0 0.988619 0.303807 0.0227619 0.0715552 0.250342
0 0.118798 0.597619 0.0171906 0.0256703 0.249624
0 0.590457 0.465995 0.0177834 0.0360964 0.249173
0 0.922802 0.867752 0.0261719 0.0334856 0.248786
0 0.684528 0.519324 0.0158635 0.0306868 0.2465
0 0.726018 0.568592 0.0170026 0.0306849 0.245306
0 0.41449 0.220079 0.0195559 0.031581 0.242866
0 0.425004 0.399752 0.0151325 0.0282145 0.242149
0 0.795477 0.575861 0.017234 0.0404027 0.241707
0 0.45255 0.666896 0.0133181 0.0222634 0.240218
0 0.905985 0.72777 0.0131039 0.0251463 0.239758
0 0.748526 0.0640242 0.0340042 0.0490516 0.238877
0 0.413624 0.199749 0.0221377 0.0330654 0.238554
0 0.837945 0.581231 0.0162266 0.0341181 0.238071
0 0.141308 0.486428 0.0244849 0.0370405 0.237476
0 0.287129 0.31378 0.0140829 0.0374451 0.235881
0 0.791301 0.561067 0.023597 0.0394903 0.23272
0 0.0698069 0.909785 0.0165809 0.029009 0.232315
0 0.748367 0.571889 0.0205647 0.0327716 0.231778
0 0.132116 0.801544 0.0128098 0.0235786 0.231114
0 0.425343 0.0133325 0.014589 0.0171213 0.229488
0 0.406328 0.300613 0.0151236 0.0284349 0.229096
0 0.460676 0.00546604 0.0149946 0.0109321 0.227687
0 0.206348 0.192793 0.0219106 0.0301857 0.226682
0 0.203353 0.772669 0.0112545 0.024991 0.22548
0 0.795045 0.156978 0.0168657 0.0357092 0.224952
0 0.860069 0.709233 0.0224406 0.0322422 0.224025
0 0.116923 0.804138 0.0134407 0.0295381 0.221896
0 0.971349 0.565825 0.0124341 0.0197731 0.220992
0 0.138303 0.41849 0.0165355 0.0311253 0.219063
0 0.182381 0.850125 0.0154919 0.0230842 0.218002
0 0.327665 0.596391 0.0145578 0.0242199 0.21595
0 0.0440663 0.622922 0.019716 0.0258019 0.215792
0 0.664927 0.481754 0.0216775 0.036782 0.215016
0 0.252472 0.912602 0.0235728 0.0356928 0.214739
0 0.177843 0.392495 0.0192483 0.0336728 0.214122
0 0.342535 0.179284 0.0101078 0.0324733 0.212651
0 0.174627 0.826176 0.0164958 0.0245717 0.210827
0 0.0215683 0.938849 0.0198124 0.0313863 0.21061
0 0.052049 0.548225 0.0280026 0.0448988 0.209323
0 0.939574 0.527916 0.0130337 0.0224209 0.209199
0 0.279297 0.461545 0.0141986 0.0321286 0.20918
0 0.166683 0.970048 0.0199635 0.0379101 0.209163
0 0.369134 0.965037 0.0163061 0.0225771 0.209002
0 0.264057 0.454575 0.00937646 0.0321107 0.208145
0 0.912983 0.83661 0.023991 0.0297414 0.207514
0 0.318872 0.428419 0.0146456 0.0254238 0.20748
0 0.549532 0.292209 0.0122945 0.0278208 0.205238
0 0.343997 0.181368 0.0100899 0.0348068 0.20518
0 0.927702 0.579647 0.0171089 0.0288625 0.204458
0 0.0440586 0.297298 0.0188226 0.0309405 0.204051
0 0.5941 0.474926 0.0199774 0.0335485 0.202896
0 0.361338 0.241131 0.0175343 0.0337846 0.202861
0 0.0556009 0.171522 0.016134 0.0247525 0.201207
0 0.868483 0.661379 0.0202385 0.0419503 0.199287
0 0.539805 0.320493 0.0136264 0.0281727 0.19821
0 0.0480053 0.366807 0.0143864 0.0192693 0.198068
0 0.633176 0.983969 0.0172615 0.0310547 0.197596
0 0.203817 0.338145 0.0156544 0.0442323 0.197254
0 0.0953289 0.363814 0.0215248 0.0300671 0.196907
0 0.790797 0.804455 0.0247879 0.040996 0.196888
0 0.562275 0.467703 0.0291098 0.0662006 0.195946
0 0.0856421 0.820427 0.0159749 0.0306363 0.194599
0 0.439215 0.4067 0.014801 0.0256892 0.19459
0 0.110213 0.292853 0.019439 0.0370708 0.194559
0 0.242114 0.387423 0.0161195 0.0290158 0.194118
0 0.710058 0.522437 0.0174364 0.0257306 0.191599
0 0.751975 0.262795 0.0162241 0.0242597 0.191172
0 0.290184 0.63329 0.0142002 0.0330768 0.190689
0 0.744085 0.532949 0.019042 0.0363877 0.189319
0 0.935622 0.684571 0.0154404 0.0320919 0.187285
0 0.777937 0.666833 0.021936 0.0283444 0.187078
0 0.795407 0.953398 0.0198286 0.0291558 0.186445
0 0.495753 0.642673 0.0201268 0.0283312 0.186339
0 0.137133 0.173306 0.0196214 0.0367704 0.18628
0 0.394565 0.911758 0.0291902 0.0364098 0.185163
0 0.00685693 0.278934 0.0136051 0.0213755 0.184977
0 0.34136 0.364264 0.0211922 0.0394682 0.184886
0 0.343452 0.252264 0.0145009 0.0271602 0.184283
0 0.333558 0.0131092 0.021434 0.0259851 0.182744
0 0.715696 0.169645 0.0123839 0.0215429 0.182301
0 0.271854 0.839212 0.0150786 0.0241993 0.182145
0 0.0741485 0.97348 0.014799 0.0373324 0.181627
0 0.669778 0.460127 0.0155917 0.0214752 0.181555
0 0.751137 0.464807 0.0272596 0.0521527 0.17987
0 0.252981 0.363352 0.0167621 0.0290639 0.179782
0 0.810363 0.16088 0.0237103 0.0545397 0.17882
0 0.670173 0.097634 0.0152092 0.0230517 0.177756
0 0.0837376 0.326148 0.0163333 0.0299193 0.176685
0 0.994214 0.712779 0.0115726 0.0400499 0.175617
0 0.184879 0.572496 0.0126009 0.0233919 0.174871
0 0.0134873 0.594372 0.0229797 0.0410056 0.174151
0 0.220606 0.871865 0.014665 0.0310335 0.173489
0 0.0184452 0.606941 0.021126 0.0350656 0.172489
0 0.4029 0.749711 0.0225033 0.043573 0.172327
0 0.0553153 0.549762 0.0214987 0.0396352 0.170674
0 0.0986708 0.618161 0.0143838 0.0315628 0.169084
0 0.461222 0.601623 0.0240925 0.0346976 0.168857
0 0.970814 0.566932 0.0139153 0.026995 0.168492
0 0.146795 0.382764 0.0175302 0.0312388 0.167518
0 0.423692 0.357071 0.0186991 0.0339068 0.16677
0 0.912839 0.757601 0.0236923 0.032952 0.166615
0 0.0456934 0.363392 0.0112957 0.0236659 0.16612
0 0.38517 0.491332 0.0185937 0.0296936 0.165062
0 0.0215808 0.444336 0.0143014 0.0272157 0.164478
0 0.273681 0.323301 0.0171041 0.0332863 0.164303
0 0.276013 0.456454 0.0135376 0.0323469 0.164231
0 0.995809 0.803848 0.00838146 0.0395599 0.163103
0 0.121695 0.399575 0.0164461 0.0304187 0.160458
0 0.925654 0.625537 0.0184343 0.0290255 0.160029
0 0.358552 0.991685 0.0261915 0.0161675 0.159589
0 0.382253 0.205447 0.0151891 0.026804 0.159442
0 0.56336 0.27709 0.0169493 0.0256461 0.159437
0 0.097769 0.140753 0.0203743 0.0256621 0.158796
0 0.0583375 0.554083 0.0162342 0.032813 0.15867
0 0.103351 0.618339 0.0142288 0.027849 0.158606
0 0.937892 0.682814 0.0143799 0.0331906 0.156169
0 0.177539 0.704518 0.0195816 0.0301927 0.155157
0 0.793586 0.567032 0.0200046 0.0454697 0.154427
0 0.404981 0.399119 0.0193539 0.0352849 0.154084
0 0.14562 0.222206 0.01392 0.0333193 0.153007
0 0.687104 0.010213 0.0171986 0.0199807 0.15201
0 0.0519114 0.584215 0.0157602 0.0293548 0.15167
0 0.357941 0.394545 0.0161698 0.0287131 0.151349
0 0.0165699 0.596975 0.0256861 0.0489131 0.151121
0 0.433858 0.333705 0.0208006 0.0317819 0.15068
0 0.331296 0.202061 0.0213954 0.0296857 0.150291
0 0.634261 0.518017 0.0173777 0.0278132 0.150165
