0 0.254753 0.479011 0.0256827 0.0454038 0.684432
0 0.442053 0.38106 0.026248 0.0510579 0.680155
0 0.155316 0.579892 0.0237064 0.0344598 0.676649
0 0.324813 0.409329 0.0251764 0.0436023 0.673815
0 0.212542 0.210993 0.0200699 0.0391848 0.670877
0 0.670309 0.655947 0.023196 0.0395504 0.670485
0 0.0967354 0.783251 0.0316326 0.0519596 0.670059
0 0.32542 0.620828 0.0186101 0.0380096 0.669721
0 0.176556 0.199276 0.0245918 0.0412314 0.665663
0 0.193013 0.242838 0.0214226 0.036579 0.665514
0 0.262309 0.197928 0.0221071 0.0479221 0.664619
0 0.253731 0.871845 0.0212921 0.0412143 0.66293
0 0.809262 0.0264675 0.0247009 0.0496984 0.657922
0 0.339719 0.822374 0.0231416 0.0448313 0.656339
0 0.695923 0.0443227 0.0389694 0.0710233 0.649903
0 0.2893 0.391903 0.0204076 0.0323071 0.648787
0 0.0511896 0.197393 0.0217613 0.0462698 0.647864
0 0.400631 0.119877 0.0239601 0.0348546 0.645905
0 0.404982 0.703603 0.0200619 0.0355801 0.645339
0 0.478152 0.219296 0.0207724 0.0361938 0.644897
0 0.804858 0.111493 0.0213476 0.0417763 0.642128
0 0.816127 0.869471 0.0347641 0.0646137 0.64152
0 0.372652 0.540646 0.0205376 0.0443423 0.63539
0 0.15426 0.265026 0.0203486 0.0314167 0.635348
0 0.508319 0.47508 0.0297188 0.0473597 0.634484
0 0.674284 0.912859 0.0186295 0.0314787 0.632136
0 0.260291 0.428466 0.0205907 0.0382683 0.630794
0 0.0245334 0.616631 0.018243 0.0302551 0.627705
0 0.148703 0.124048 0.0184827 0.0295119 0.627365
0 0.829839 0.0732484 0.0269812 0.0395147 0.623612
0 0.0577159 0.418974 0.0246445 0.0345418 0.623291
0 0.0298646 0.350756 0.0190335 0.0329019 0.621025
0 0.212581 0.568781 0.02722 0.0414108 0.621015
0 0.241097 0.0897386 0.0197906 0.0388879 0.618305
0 0.0693462 0.75765 0.0247049 0.0404137 0.614851
0 0.110369 0.738899 0.022553 0.0395513 0.613665
0 0.381768 0.28486 0.0179438 0.0322234 0.613198
0 0.424344 0.217538 0.0215022 0.0336152 0.611033
0 0.480262 0.0429278 0.0203529 0.0358064 0.607169
0 0.245186 0.16994 0.0157489 0.02735 0.604999
0 0.124959 0.267735 0.0176577 0.0321119 0.602743
0 0.0720315 0.244012 0.0185928 0.0303187 0.602284
0 0.0537451 0.292138 0.0148771 0.0294149 0.601808
0 0.0326467 0.3104 0.0166041 0.0313375 0.601604
0 0.0487053 0.331083 0.0165064 0.0308897 0.597315
0 0.400428 0.077408 0.0151217 0.0334429 0.594147
0 0.090741 0.399213 0.0244128 0.0366274 0.59366
0 0.104624 0.21056 0.0184237 0.0361214 0.593046
0 0.489187 0.394692 0.0177309 0.0385896 0.592563
0 0.535031 0.68958 0.0199501 0.0337902 0.592224
0 0.192895 0.0517623 0.0168738 0.0343127 0.591949
0 0.437887 0.869235 0.0240494 0.0404019 0.591617
0 0.1332 0.722514 0.0219773 0.037742 0.590893
0 0.788793 0.266346 0.0172741 0.0310786 0.588879
0 0.126824 0.350456 0.015031 0.0283981 0.588368
0 0.539047 0.130097 0.0201477 0.0354173 0.587533
0 0.234367 0.446065 0.0155405 0.0308864 0.586566
0 0.629926 0.357448 0.0201822 0.0378047 0.585218
0 0.556473 0.250973 0.0245506 0.0500465 0.584288
0 0.164862 0.156363 0.0165101 0.0357505 0.57992
0 0.315755 0.475828 0.0224688 0.0357451 0.579336
0 0.0998476 0.168343 0.0214746 0.0417568 0.577796
0 0.0653284 0.322789 0.0153036 0.0271417 0.57524
0 0.491609 0.0915162 0.0301824 0.0467396 0.573954
0 0.852303 0.305735 0.0235641 0.0379766 0.573176
0 0.42785 0.44032 0.0206147 0.0377274 0.572534
0 0.631913 0.796869 0.0211031 0.0331716 0.571166
0 0.410082 0.760708 0.0153802 0.0266359 0.569565
0 0.178047 0.4714 0.0200536 0.0368071 0.56936
0 0.609793 0.194406 0.0251493 0.0433956 0.566763
0 0.0422843 0.602584 0.0134435 0.0284157 0.564976
0 0.247786 0.130072 0.0127285 0.0227664 0.561318
0 0.43109 0.300032 0.0150526 0.0285847 0.558008
0 0.319401 0.13513 0.0153169 0.0301675 0.557946
0 0.0880464 0.73414 0.0190799 0.0367048 0.557136
0 0.229755 0.236073 0.0164651 0.0294477 0.555991
0 0.29183 0.495002 0.0193852 0.0342475 0.55406
0 0.757369 0.674529 0.0187 0.0305649 0.553671
0 0.515482 0.119876 0.0135284 0.0245448 0.553342
0 0.22096 0.0387017 0.0115707 0.0241444 0.553014
0 0.226 0.410406 0.0155963 0.0291168 0.552933
0 0.307453 0.879121 0.0194521 0.041409 0.552063
0 0.349961 0.497296 0.0369764 0.0507555 0.551519
0 0.233352 0.194464 0.0154737 0.0256281 0.549554
0 0.0719392 0.675521 0.0179769 0.0388385 0.547688
0 0.396327 0.650239 0.0277467 0.0402301 0.546996
0 0.0145735 0.331415 0.0139081 0.0258296 0.546835
0 0.304645 0.436936 0.0159679 0.0322673 0.546425
0 0.183834 0.143381 0.0207662 0.0368099 0.546397
0 0.342802 0.266244 0.0188904 0.0356356 0.546332
0 0.123121 0.223454 0.021562 0.04138 0.546245
0 0.658939 0.839405 0.0174105 0.0291816 0.545619
0 0.186845 0.727471 0.0154219 0.0308624 0.544762
0 0.620122 0.0423669 0.0180731 0.0348111 0.544212
0 0.61205 0.852815 0.0192859 0.0320791 0.542802
0 0.00631958 0.294052 0.0126369 0.0288903 0.542157
0 0.213492 0.376538 0.0207827 0.0343933 0.541204
0 0.310418 0.366341 0.0153628 0.0286613 0.541064
0 0.245588 0.219864 0.0156739 0.0316188 0.540976
0 0.411912 0.881791 0.0197542 0.0327226 0.540821
0 0.299006 0.23178 0.0226062 0.0375833 0.538745
0 0.137767 0.093439 0.0172011 0.0234278 0.538385
0 0.308355 0.784737 0.0190923 0.0348532 0.53691
0 0.48235 0.580789 0.0169883 0.0332921 0.536128
0 0.528562 0.30818 0.0211951 0.0459676 0.535255
0 0.335513 0.566376 0.0331645 0.0524768 0.532491
0 0.36616 0.0215432 0.017591 0.032554 0.531268
0 0.260374 0.0650311 0.0130213 0.0322469 0.531169
0 0.0394153 0.757124 0.0156538 0.0295519 0.528427
0 0.209404 0.416585 0.0137042 0.0264978 0.525775
0 0.229417 0.483017 0.016026 0.0279131 0.525457
0 0.663477 0.0489518 0.0218314 0.0374036 0.525186
0 0.338187 0.77563 0.0206122 0.0385088 0.525048
0 0.0366006 0.650561 0.0143193 0.026289 0.523106
0 0.177848 0.334048 0.0224887 0.0452759 0.522527
0 0.140419 0.310955 0.0145025 0.0259451 0.521436
0 0.708216 0.323995 0.0209848 0.0386244 0.521067
0 0.12602 0.183685 0.0139301 0.0275486 0.52083
0 0.266535 0.817864 0.0206827 0.0369368 0.520243
0 0.259504 0.354942 0.0142295 0.0284068 0.51973
0 0.678886 0.33217 0.0191362 0.0325806 0.519331
0 0.5765 0.513177 0.0188201 0.0345433 0.518188
0 0.0183822 0.41888 0.019006 0.0369698 0.511818
0 0.41484 0.798042 0.0139262 0.0273851 0.511071
0 0.426448 0.0983299 0.0176181 0.0324025 0.509706
0 0.254514 0.524539 0.0207307 0.0303275 0.507548
0 0.343343 0.441335 0.0191603 0.0373935 0.507436
0 0.49692 0.730924 0.0154976 0.0288298 0.506992
0 0.838863 0.401989 0.0190426 0.0381112 0.506661
0 0.978313 0.463593 0.0219549 0.0362059 0.5064
0 0.280902 0.285147 0.0170383 0.0303944 0.504308
0 0.556977 0.79833 0.0164757 0.0313541 0.501881
0 0.133521 0.767882 0.0236012 0.0434496 0.50121
0 0.577522 0.805407 0.0170419 0.0266408 0.499602
0 0.507885 0.528153 0.0195638 0.0329985 0.499158
0 0.179739 0.535342 0.0165858 0.0272853 0.498701
0 0.369577 0.699917 0.0239314 0.0359346 0.492984
0 0.388614 0.79879 0.0137358 0.0273891 0.492851
0 0.150654 0.379695 0.0212438 0.0305426 0.49281
0 0.473603 0.50209 0.0300259 0.0540524 0.492321
0 0.870833 0.406729 0.0215838 0.0355064 0.492014
0 0.336208 0.917191 0.0228555 0.0387292 0.491121
0 0.113385 0.960154 0.0194756 0.0326772 0.490739
0 0.732782 0.262469 0.0209211 0.0362708 0.490309
0 0.107476 0.510009 0.0207685 0.0419942 0.490067
0 0.517871 0.028803 0.0186693 0.0334073 0.489794
0 0.0262569 0.859585 0.0142193 0.0302158 0.489388
0 0.105443 0.669075 0.0200699 0.0461453 0.489158
0 0.126899 0.527056 0.0194369 0.0370616 0.488875
0 0.789782 0.0184184 0.0173725 0.0365048 0.488628
0 0.769449 0.449533 0.0267217 0.0472716 0.488548
0 0.0760163 0.615437 0.0199314 0.0356745 0.488302
0 0.441047 0.780884 0.0181185 0.0379496 0.487855
0 0.685704 0.765633 0.0272381 0.0454746 0.486981
0 0.233543 0.264778 0.0137637 0.0279512 0.486802
0 0.00763854 0.842769 0.0150923 0.0468258 0.485014
0 0.124439 0.311061 0.0143192 0.0306065 0.484537
0 0.0459125 0.696863 0.0142206 0.0233708 0.481681
0 0.913524 0.110374 0.0230543 0.0394424 0.481378
0 0.320456 0.31532 0.0171616 0.0308311 0.478818
0 0.0097105 0.507306 0.0193008 0.0462231 0.478358
0 0.516114 0.40308 0.0161131 0.0291428 0.477047
0 0.133678 0.648996 0.0304418 0.0568256 0.476559
0 0.058358 0.505796 0.0215337 0.0368614 0.475582
0 0.732958 0.309759 0.0213397 0.0416435 0.475151
0 0.583535 0.210224 0.0227484 0.0388526 0.475003
0 0.389046 0.693778 0.0118163 0.0340271 0.47411
0 0.37041 0.898967 0.0165427 0.0288756 0.473814
0 0.404417 0.155304 0.0145197 0.0224935 0.473795
0 0.471018 0.716206 0.01523 0.0328131 0.473118
0 0.212177 0.470388 0.0160384 0.0286125 0.472678
0 0.425159 0.663033 0.016847 0.0277181 0.472157
0 0.381896 0.939221 0.0188489 0.0390076 0.471649
0 0.14001 0.494137 0.021768 0.0412114 0.471139
0 0.657972 0.873685 0.0123915 0.0258776 0.470635
0 0.195088 0.296363 0.0153893 0.0265473 0.470529
0 0.267721 0.134181 0.0164472 0.0305747 0.469118
0 0.0220362 0.266796 0.016378 0.0296684 0.468269
0 0.881208 0.373792 0.0189419 0.0375766 0.46814
0 0.760681 0.805807 0.0316455 0.0524041 0.46575
0 0.322825 0.800278 0.0132338 0.0241147 0.463585
0 0.431254 0.822 0.015804 0.0305166 0.463213
0 0.566088 0.638692 0.0185876 0.0349814 0.459588
0 0.678637 0.225119 0.0168156 0.0300185 0.45833
0 0.172674 0.786845 0.0167437 0.0269955 0.458011
0 0.645834 0.30638 0.0213181 0.035234 0.455642
0 0.686329 0.723036 0.018261 0.0294206 0.454894
0 0.479427 0.629638 0.0179115 0.0399445 0.454328
0 0.363179 0.0582963 0.0151237 0.0369072 0.452679
0 0.31751 0.532802 0.0177736 0.0334655 0.451937
0 0.712887 0.756078 0.022814 0.0393294 0.451508
0 0.307015 0.0799782 0.0175996 0.0345623 0.449702
0 0.210892 0.0816363 0.0167923 0.0306495 0.449595
0 0.377928 0.433414 0.0230083 0.0470078 0.449176
0 0.214237 0.445453 0.0148372 0.0209507 0.448794
0 0.447257 0.193304 0.0137901 0.0232733 0.446571
0 0.809144 0.318418 0.0257849 0.0428811 0.445077
0 0.755887 0.713077 0.0181908 0.0314299 0.444206
0 0.207024 0.112151 0.0114737 0.0178701 0.443632
0 0.197107 0.87203 0.0185754 0.0325633 0.4431
0 0.748333 0.900538 0.0201361 0.0384954 0.442062
0 0.1563 0.442288 0.0184946 0.0337853 0.440202
0 0.276957 0.0650402 0.0178525 0.0301004 0.440129
0 0.212369 0.32414 0.0180807 0.0305937 0.438865
0 0.413995 0.278949 0.017635 0.0378894 0.43796
0 0.678695 0.389188 0.022249 0.0464515 0.436953
0 0.6895 0.192328 0.0206809 0.0315599 0.436097
0 0.378382 0.0872679 0.0202577 0.0374003 0.435129
0 0.183973 0.0839775 0.0119606 0.0238554 0.43435
0 0.0405641 0.976966 0.0179776 0.0380168 0.43266
0 0.417334 0.843861 0.015943 0.0331387 0.431271
0 0.569268 0.752834 0.016989 0.0272988 0.428309
0 0.152748 0.220565 0.0146371 0.0308054 0.426456
0 0.266275 0.625934 0.0208586 0.0336319 0.426371
0 0.911464 0.464333 0.0196387 0.0357444 0.426366
0 0.468219 0.810831 0.0160915 0.0282277 0.425851
0 0.117714 0.417862 0.0214377 0.0308714 0.423999
0 0.355278 0.102451 0.0121695 0.0224329 0.422981
0 0.0761069 0.283808 0.018301 0.0330354 0.422699
0 0.411092 0.334602 0.0156748 0.0293723 0.419886
0 0.0820109 0.507917 0.0146128 0.0271946 0.419484
0 0.33888 0.123842 0.0192812 0.0365166 0.41917
0 0.737989 0.520229 0.0182587 0.0327938 0.418509
0 0.893446 0.410164 0.0182354 0.0294223 0.41658
0 0.73624 0.785193 0.0260014 0.0583303 0.416314
0 0.139623 0.828956 0.0190391 0.0319576 0.415751
0 0.109465 0.131255 0.0194132 0.0275534 0.415469
0 0.504025 0.347664 0.0205351 0.0364156 0.415407
0 0.302561 0.338672 0.0166533 0.0267 0.415324
0 0.652028 0.263365 0.0202179 0.0319205 0.413256
0 0.0404274 0.937544 0.0143664 0.0287804 0.413192
0 0.539261 0.0362543 0.014364 0.0266784 0.412828
0 0.0154228 0.704337 0.0219146 0.0380069 0.412711
0 0.611984 0.792586 0.0129362 0.0256446 0.41258
0 0.341503 0.333661 0.0162255 0.0252812 0.412575
0 0.1515 0.531755 0.0197715 0.0287483 0.411756
0 0.39275 0.893756 0.0178338 0.0335439 0.409995
0 0.489964 0.539002 0.0119778 0.0295942 0.40984
0 0.385422 0.0102006 0.0137274 0.0194685 0.409159
0 0.804948 0.32522 0.0192792 0.0356171 0.40855
0 0.805686 0.389859 0.0202591 0.0321094 0.407027
0 0.597579 0.764814 0.0212519 0.0337992 0.405544
0 0.45878 0.0409366 0.017869 0.0297532 0.405425
0 0.325047 0.800579 0.0111179 0.0231103 0.40417
0 0.436769 0.778771 0.0243656 0.0386661 0.402627
0 0.457763 0.653805 0.0198267 0.0361539 0.40247
0 0.391282 0.355317 0.0143182 0.0248428 0.398516
0 0.602344 0.133537 0.0213678 0.0389938 0.396927
0 0.375144 0.153375 0.0166353 0.0271703 0.394309
0 0.00703646 0.261114 0.0135735 0.0278647 0.394094
0 0.376505 0.442918 0.0220701 0.0334585 0.392586
0 0.0343445 0.89329 0.0180536 0.0319194 0.389678
0 0.562834 0.0395236 0.0252588 0.0489859 0.389055
0 0.308829 0.194429 0.0131566 0.0248651 0.388911
0 0.652161 0.008555 0.0169573 0.01711 0.385886
0 0.428547 0.533884 0.0146835 0.0293389 0.385547
0 0.069979 0.16963 0.0164555 0.0335174 0.385008
0 0.367514 0.193191 0.0160739 0.0261343 0.381838
0 0.162039 0.0836016 0.0193011 0.0328518 0.381786
0 0.847792 0.2646 0.0183476 0.0311859 0.381045
0 0.918168 0.404702 0.0151648 0.0263982 0.380721
0 0.170219 0.653275 0.0197907 0.0340998 0.379911
0 0.691026 0.281833 0.0172601 0.0265182 0.376005
0 0.526665 0.372303 0.0211252 0.0347 0.375601
0 0.585414 0.171539 0.018166 0.0313749 0.372661
0 0.435346 0.930428 0.0259242 0.0421868 0.371146
0 0.242565 0.933834 0.0149446 0.0245331 0.369528
0 0.398365 0.405684 0.0200427 0.0369937 0.368275
0 0.452936 0.223747 0.0212756 0.0309368 0.366961
0 0.358568 0.415899 0.0143175 0.0255668 0.36502
0 0.367153 0.79811 0.0198359 0.0326274 0.364881
0 0.466757 0.436906 0.021929 0.040262 0.364569
0 0.153652 0.185468 0.0138398 0.023671 0.364316
0 0.303927 0.601084 0.0184847 0.0248111 0.359448
0 0.241396 0.704177 0.0232142 0.0501781 0.357819
0 0.177271 0.395844 0.018397 0.0293581 0.357215
0 0.00401211 0.787774 0.0080004 0.0425385 0.356516
0 0.523016 0.604156 0.0180964 0.0307812 0.356512
0 0.58038 0.872338 0.0162624 0.0276004 0.356388
0 0.204166 0.163719 0.0138858 0.0269737 0.355831
0 0.34441 0.736857 0.0146783 0.0307719 0.355698
0 0.0797594 0.464538 0.0192197 0.0370042 0.355487
0 0.172705 0.292843 0.017252 0.0280604 0.354013
0 0.109528 0.563068 0.0131392 0.0281539 0.35344
0 0.489532 0.964742 0.0170939 0.0337982 0.353345
0 0.285126 0.127188 0.010992 0.0309952 0.351831
0 0.518342 0.157334 0.0187222 0.0320693 0.351428
0 0.375669 0.595398 0.0174847 0.0260896 0.351102
0 0.955734 0.467231 0.0212443 0.0448067 0.347535
0 0.0377583 0.528764 0.0192458 0.0331944 0.34709
0 0.0855139 0.731165 0.021371 0.0377106 0.346765
0 0.35523 0.885962 0.0159538 0.0338328 0.34649
0 0.0675565 0.717148 0.0134793 0.0237854 0.346311
0 0.655734 0.474472 0.0201625 0.0382905 0.345314
0 0.30228 0.127014 0.0183355 0.0322244 0.343686
0 0.941657 0.253139 0.0159801 0.025165 0.343106
0 0.509721 0.532081 0.0210072 0.0334069 0.342805
0 0.450206 0.896157 0.0148432 0.0245385 0.342069
0 0.0375127 0.401803 0.0161688 0.0352633 0.341516
0 0.187405 0.801883 0.017916 0.0328106 0.341154
0 0.743604 0.478715 0.0249944 0.0420248 0.338992
0 0.205699 0.111014 0.0117564 0.0205848 0.338453
0 0.735196 0.191269 0.0214631 0.0303436 0.335584
0 0.554258 0.480814 0.0215796 0.0321058 0.334104
0 0.408381 0.453947 0.0207674 0.0387475 0.333774
0 0.203889 0.527507 0.0234778 0.0383635 0.332867
0 0.13416 0.870965 0.029126 0.0469098 0.332788
0 0.44873 0.307405 0.0171247 0.0321372 0.332093
0 0.831417 0.330346 0.0164433 0.0252711 0.331235
0 0.192596 0.371926 0.0149119 0.0238751 0.331188
0 0.518012 0.664401 0.0185789 0.0309451 0.330384
0 0.547707 0.635946 0.012595 0.0290248 0.330122
0 0.0476523 0.729244 0.0184892 0.0262824 0.329907
0 0.308482 0.289046 0.020381 0.034839 0.328871
0 0.196649 0.452479 0.013804 0.0326932 0.327521
0 0.475846 0.511721 0.0238987 0.0393678 0.326104
0 0.540915 0.595893 0.0135511 0.0242438 0.325851
0 0.385567 0.191922 0.0132835 0.0237428 0.325282
0 0.280718 0.316531 0.0204881 0.0320678 0.324468
0 0.816431 0.35842 0.0136593 0.0286841 0.321057
0 0.680244 0.832681 0.0163925 0.0315877 0.320737
0 0.491727 0.787207 0.0158077 0.0322257 0.320695
0 0.539349 0.257205 0.0116002 0.0355156 0.320468
0 0.196676 0.10733 0.0121429 0.0243918 0.318753
0 0.299745 0.0496861 0.0178968 0.0286933 0.318714
0 0.0269962 0.466353 0.0258615 0.048467 0.317975
0 0.751035 0.0173028 0.0176627 0.0329596 0.314308
0 0.532166 0.566809 0.0134453 0.0256102 0.314239
0 0.286957 0.185812 0.0185802 0.0300834 0.313955
0 0.0560434 0.293655 0.0123356 0.0302577 0.313412
0 0.428493 0.00821009 0.0170265 0.0160329 0.313395
0 0.121916 0.912845 0.0268664 0.0419457 0.313345
0 0.306914 0.15782 0.0151047 0.0266252 0.312991
0 0.992687 0.012177 0.0146252 0.0242137 0.309096
0 0.389343 0.159391 0.0101142 0.0233894 0.30902
0 0.0976482 0.291379 0.0151835 0.0306417 0.308348
0 0.0321053 0.68846 0.0100213 0.0262698 0.308067
0 0.38445 0.477202 0.0116255 0.0238353 0.308014
0 0.525343 0.427076 0.014802 0.0282551 0.307372
0 0.539501 0.536133 0.0152668 0.027195 0.306856
0 0.277126 0.532683 0.0170638 0.0258858 0.306485
0 0.0045484 0.947203 0.00903112 0.0335378 0.306444
0 0.208911 0.763393 0.0221487 0.0301151 0.303993
0 0.456298 0.464878 0.0151682 0.0268408 0.303395
0 0.302177 0.711093 0.0123788 0.0271245 0.303275
0 0.429086 0.0110384 0.0163736 0.0188954 0.302743
0 0.354229 0.381673 0.0136161 0.0235129 0.302393
0 0.460804 0.314619 0.0108624 0.033055 0.300356
0 0.359732 0.326672 0.0133739 0.0314966 0.300181
0 0.239493 0.587133 0.027256 0.0514806 0.299812
0 0.119423 0.470188 0.0169831 0.0331638 0.299638
0 0.337974 0.064736 0.0190264 0.04015 0.298207
0 0.473616 0.370036 0.0219739 0.0358332 0.297807
0 0.514717 0.217311 0.022061 0.0324977 0.29763
0 0.373601 0.226829 0.0224636 0.030531 0.297509
0 0.79025 0.370403 0.013257 0.0249537 0.2972
0 0.500606 0.308735 0.0184654 0.0290617 0.296995
0 0.160266 0.739276 0.019968 0.0342882 0.296708
0 0.462245 0.466226 0.0203215 0.0258036 0.295741
0 0.00738542 0.65729 0.0146434 0.0296892 0.294874
0 0.281621 0.697419 0.0214167 0.0308053 0.293872
0 0.0647634 0.953356 0.0158965 0.0306986 0.292603
0 0.287472 0.784089 0.0162361 0.0295503 0.291242
0 0.459274 0.465223 0.0185432 0.0272356 0.29024
0 0.518616 0.766455 0.0108963 0.0239461 0.289226
0 0.166123 0.826251 0.020293 0.0341141 0.288833
0 0.554811 0.429814 0.017926 0.0352264 0.287939
0 0.827255 0.127539 0.0219968 0.0344151 0.285945
0 0.624992 0.242965 0.0232332 0.041621 0.283623
0 0.155355 0.323555 0.0137763 0.0257586 0.283186
0 0.777491 0.0176347 0.0288797 0.0349797 0.282799
0 0.831189 0.242369 0.0151922 0.0360452 0.282791
0 0.43151 0.773623 0.0166233 0.0303063 0.282237
0 0.557509 0.603432 0.0156229 0.0312368 0.280031
0 0.620012 0.0826061 0.022052 0.033765 0.279087
0 0.228497 0.145781 0.0169682 0.0326696 0.278797
0 0.803638 0.454365 0.0173246 0.032075 0.278769
0 0.712395 0.273346 0.0204167 0.0380517 0.277632
0 0.409081 0.0476158 0.0128038 0.0198691 0.277109
0 0.755938 0.518229 0.0164103 0.0285955 0.276615
0 0.63864 0.986868 0.0181903 0.0253418 0.274336
0 0.914033 0.431945 0.0164249 0.0268703 0.274122
0 0.287096 0.170943 0.0193556 0.0301423 0.272741
0 0.401473 0.40426 0.021633 0.0379309 0.271392
0 0.289837 0.95936 0.0124858 0.0260374 0.27117
0 0.637521 0.0293863 0.0185421 0.0295855 0.269968
0 0.557538 0.684491 0.0192137 0.031928 0.26791
0 0.00977284 0.583045 0.0163287 0.025382 0.267191
0 0.558097 0.177817 0.023983 0.0441764 0.26619
0 0.936489 0.449003 0.0195671 0.0373416 0.265816
0 0.118126 0.474343 0.0156912 0.0267127 0.265188
0 0.522748 0.258583 0.0171993 0.0344448 0.26504
0 0.851419 0.0107507 0.0192888 0.019437 0.264999
0 0.359595 0.333029 0.0123273 0.0243144 0.264497
0 0.700156 0.944528 0.0223492 0.0401227 0.262856
0 0.67128 0.879146 0.0151697 0.0249906 0.262023
0 0.358011 0.153339 0.0105563 0.020674 0.260155
0 0.499682 0.0608644 0.0127838 0.0235019 0.259944
0 0.692608 0.24567 0.02148 0.032647 0.259768
0 0.527232 0.795631 0.0180618 0.0317457 0.25888
0 0.0874892 0.124231 0.0130003 0.0242331 0.257907
0 0.0645978 0.576096 0.0166487 0.0321979 0.257115
0 0.275487 0.89513 0.0203696 0.0370745 0.256954
0 0.61409 0.0104127 0.019244 0.0192036 0.25676
0 0.230895 0.147225 0.0141126 0.0314495 0.255121
0 0.762986 0.761978 0.0185887 0.0348151 0.254093
0 0.0347725 0.813052 0.0172043 0.0265546 0.253654
0 0.753247 0.853642 0.019878 0.0429613 0.253501
0 0.581614 0.549805 0.0171833 0.0294444 0.251059
0 0.767771 0.289997 0.0232632 0.0408383 0.25083
0 0.581344 0.0115274 0.0156577 0.0214041 0.249964
0 0.324709 0.858121 0.017512 0.0313727 0.249694
0 0.782479 0.699666 0.0286835 0.0548932 0.249427
0 0.441166 0.157857 0.013257 0.030526 0.248773
0 0.234536 0.339274 0.0120417 0.0263452 0.248666
0 0.243219 0.396864 0.0135346 0.027149 0.24814
0 0.501006 0.634653 0.021712 0.0445452 0.247493
0 0.97812 0.0651852 0.0239361 0.0452436 0.247287
0 0.0120661 0.895627 0.0172948 0.0292331 0.24724
0 0.554809 0.167141 0.0209671 0.0376731 0.246836
0 0.0937534 0.356426 0.0174337 0.0301089 0.24663
0 0.348982 0.444003 0.0195884 0.0357954 0.246462
0 0.892164 0.188807 0.017873 0.0216337 0.246404
0 0.0290908 0.689136 0.0113999 0.0247247 0.245432
0 0.0203825 0.766398 0.0171692 0.030516 0.245067
0 0.459503 0.849684 0.0188076 0.0323195 0.244627
0 0.904043 0.00611004 0.0204384 0.0122201 0.243808
0 0.311239 0.78845 0.0188788 0.0337706 0.243613
0 0.18763 0.564948 0.0185222 0.0316115 0.242873
0 0.431638 0.151437 0.0142298 0.0272859 0.242846
0 0.572302 0.602832 0.0118832 0.0231897 0.242652
0 0.387141 0.735095 0.0164959 0.0232561 0.242472
0 0.437441 0.0184848 0.0147306 0.0246645 0.242226
0 0.376167 0.651329 0.012629 0.0262312 0.241582
0 0.27553 0.775209 0.0169249 0.0303796 0.240213
0 0.677123 0.451364 0.0177073 0.0325056 0.239699
0 0.836369 0.0352029 0.0181915 0.0297765 0.239275
0 0.689543 0.2724 0.0204844 0.0380031 0.239035
0 0.141594 0.163286 0.0172354 0.0241752 0.2368
0 0.117296 0.37554 0.0201726 0.0215905 0.236683
0 0.53877 0.851822 0.0166132 0.0279855 0.23602
0 0.714303 0.00730169 0.023269 0.0146034 0.235763
0 0.431649 0.0136017 0.0175915 0.0219223 0.235073
0 0.965165 0.534526 0.0448803 0.0710195 0.235033
0 0.361865 0.862206 0.0168604 0.0245032 0.233158
0 0.225458 0.00605071 0.0163986 0.0112809 0.232437
0 0.474068 0.988656 0.0164419 0.021252 0.23234
0 0.317678 0.836273 0.0158351 0.0301619 0.232157
0 0.11082 0.270385 0.0117208 0.0294006 0.232002
0 0.310479 0.289309 0.0181444 0.0292007 0.231429
0 0.0437423 0.473086 0.0149795 0.0282512 0.230305
0 0.549462 0.507686 0.0168177 0.0235959 0.229806
0 0.936044 0.355805 0.0230839 0.0431285 0.22931
0 0.814321 0.313124 0.0173944 0.0361616 0.228765
0 0.618604 0.121465 0.0159644 0.0317291 0.227983
0 0.318865 0.839612 0.0157658 0.0264313 0.226932
0 0.139645 0.410228 0.0161264 0.0237435 0.226845
0 0.248123 0.0267918 0.0198618 0.0390211 0.226795
0 0.265682 0.965067 0.0158304 0.0288215 0.226443
0 0.672273 0.0122694 0.0184618 0.0210839 0.225857
0 0.0133834 0.467134 0.0135478 0.0368437 0.225262
0 0.796719 0.219612 0.0165228 0.0276141 0.225251
0 0.239704 0.365217 0.0164968 0.0268328 0.224946
0 0.240207 0.90306 0.0151065 0.0320804 0.224932
0 0.147307 0.78963 0.0129769 0.0267127 0.224828
0 0.608466 0.0103017 0.0221811 0.0203388 0.224566
0 0.602866 0.0112876 0.0169687 0.0220635 0.224385
0 0.376931 0.347484 0.0126578 0.0277946 0.223429
0 0.580459 0.00790751 0.0158686 0.015815 0.223156
0 0.387832 0.191492 0.0119581 0.0233414 0.222647
0 0.38204 0.84859 0.0222595 0.0342628 0.222305
0 0.8851 0.334577 0.0132332 0.0194622 0.222088
0 0.472363 0.760347 0.0207224 0.0417548 0.221645
0 0.171923 0.247044 0.0148672 0.0277189 0.221594
0 0.445016 0.698635 0.0188272 0.033749 0.220321
0 0.430022 0.189162 0.0125446 0.023374 0.219929
0 0.24261 0.0260908 0.0270411 0.0405932 0.218364
0 0.0313935 0.229159 0.0147996 0.0316849 0.216903
0 0.386533 0.157649 0.00886154 0.0250954 0.21521
0 0.252725 0.796157 0.0175316 0.0238532 0.215144
0 0.992452 0.512697 0.0150963 0.0714166 0.214223
0 0.334398 0.912335 0.0255488 0.0439677 0.214078
0 0.465315 0.0788664 0.0139046 0.0335777 0.213577
0 0.45272 0.308668 0.0163737 0.0337106 0.213237
0 0.150401 0.904372 0.0154907 0.0353985 0.212265
0 0.0200444 0.816631 0.0106612 0.0232362 0.211706
0 0.202355 0.721241 0.0114757 0.0235879 0.209029
0 0.211977 0.765087 0.0260739 0.0334405 0.208955
0 0.0588545 0.44872 0.0118528 0.0196325 0.208774
0 0.456104 0.430554 0.0141342 0.0313339 0.208727
0 0.463449 0.434953 0.0258722 0.0398051 0.207728
0 0.0986385 0.852961 0.0168218 0.029829 0.207202
0 0.302556 0.296581 0.0161197 0.0332755 0.206712
0 0.23003 0.73619 0.0174146 0.0327504 0.206518
0 0.640063 0.856367 0.0173401 0.0331272 0.206494
0 0.556057 0.173136 0.0230972 0.0460157 0.206339
0 0.193863 0.338524 0.00970116 0.0284993 0.206185
0 0.233591 0.0598176 0.0124644 0.0192549 0.205858
0 0.86756 0.330568 0.0109463 0.025951 0.205511
0 0.0987886 0.900056 0.0183107 0.0379442 0.205487
0 0.149235 0.789725 0.0152014 0.029717 0.204913
0 0.0822013 0.954486 0.0177581 0.041331 0.204808
0 0.775436 0.229389 0.0173359 0.031673 0.204596
0 0.278533 0.777156 0.0178439 0.0312012 0.203927
0 0.315158 0.642419 0.0123716 0.0208099 0.203542
0 0.858178 0.158182 0.0139168 0.0241881 0.203295
0 0.403492 0.184885 0.0156712 0.0267818 0.202315
0 0.345484 0.20068 0.0176196 0.031784 0.201568
0 0.101197 0.295306 0.014624 0.0264526 0.200945
0 0.286061 0.430824 0.0121731 0.0250929 0.200675
0 0.689379 0.264878 0.0221607 0.0402861 0.199725
0 0.24274 0.767244 0.024369 0.0370914 0.199455
0 0.377682 0.152554 0.0147616 0.0310052 0.19851
0 0.426883 0.714565 0.0198032 0.0441684 0.198427
0 0.253449 0.31685 0.0216053 0.0256149 0.19817
0 0.553003 0.164604 0.0168625 0.0327644 0.198162
0 0.458683 0.430075 0.0202189 0.0316181 0.198046
0 0.665659 0.731764 0.0210617 0.0347016 0.19774
0 0.586764 0.27928 0.028209 0.047077 0.197592
0 0.302768 0.597737 0.01953 0.0335003 0.196944
0 0.30203 0.0494187 0.0147405 0.0206038 0.196757
0 0.428667 0.186579 0.0113318 0.0211205 0.196567
0 0.095545 0.287512 0.0168793 0.0328508 0.196129
0 0.115029 0.0173478 0.0186119 0.0255197 0.196019
0 0.711232 0.610655 0.0173098 0.0336851 0.19545
0 0.155234 0.974679 0.0164129 0.0307563 0.195071
0 0.900833 0.212781 0.0292349 0.0467425 0.194816
0 0.499903 0.148539 0.0165105 0.0326036 0.194072
0 0.242304 0.711515 0.0238421 0.0380667 0.193252
0 0.546346 0.951168 0.0177915 0.0334601 0.193219
0 0.0962746 0.451926 0.0151359 0.0293857 0.190969
0 0.566994 0.903178 0.018121 0.0322983 0.19051
0 0.991876 0.192899 0.016045 0.0235679 0.190274
0 0.187794 0.337866 0.0193126 0.0337189 0.190101
0 0.535273 0.750416 0.0200403 0.0308872 0.189788
0 0.334486 0.221437 0.0130347 0.0241925 0.189736
0 0.651112 0.0108399 0.0170184 0.0202017 0.189605
0 0.0694666 0.379555 0.016698 0.0266845 0.189375
0 0.375731 0.229507 0.0190171 0.0285452 0.188963
0 0.316453 0.674133 0.0212859 0.0355729 0.188787
0 0.207194 0.685541 0.0277889 0.0506294 0.18877
0 0.0908056 0.735276 0.0160078 0.0372203 0.188756
0 0.31465 0.645405 0.0147029 0.0204117 0.188593
0 0.0350185 0.526717 0.0186548 0.0358166 0.188469
0 0.90326 0.00828047 0.0219601 0.0165609 0.187785
0 0.0187541 0.976005 0.020797 0.0415927 0.185963
0 0.649475 0.260156 0.0234954 0.0397565 0.185938
0 0.5847 0.426133 0.0199278 0.0439564 0.185309
0 0.576515 0.421562 0.0241653 0.0362287 0.185015
0 0.0167451 0.708133 0.0201684 0.0298414 0.184946
0 0.494913 0.221781 0.0134092 0.040138 0.184898
0 0.195167 0.449685 0.0154323 0.036054 0.184606
0 0.174466 0.295797 0.0181044 0.0263216 0.184522
0 0.462201 0.317471 0.0105324 0.0295506 0.184396
0 0.657506 0.684228 0.0177067 0.0340708 0.184032
0 0.650931 0.626094 0.0185679 0.0370865 0.183367
0 0.238708 0.361905 0.0168188 0.0237805 0.182933
0 0.395068 0.765549 0.0125316 0.0256466 0.182749
0 0.713209 0.00976198 0.0223789 0.0189218 0.182546
0 0.472927 0.766649 0.0198431 0.0361903 0.182354
0 0.40831 0.403771 0.0162197 0.0323707 0.182255
0 0.892922 0.193114 0.0163952 0.018993 0.182156
0 0.602389 0.41487 0.00997988 0.0357001 0.181847
0 0.905668 0.363272 0.0238145 0.0444645 0.181815
0 0.0170777 0.819327 0.0128414 0.0207943 0.181248
0 0.287366 0.1779 0.0180696 0.0403925 0.181126
0 0.551602 0.877726 0.0157686 0.0277562 0.180649
0 0.343234 0.566293 0.0194174 0.0419726 0.180039
0 0.933871 0.349204 0.024093 0.0433308 0.179692
0 0.258635 0.389024 0.0103254 0.0224689 0.179632
0 0.283553 0.563002 0.0151224 0.025201 0.179182
0 0.703497 0.50995 0.0156939 0.0281811 0.178033
0 0.00564095 0.066605 0.0112623 0.0702829 0.178022
0 0.512177 0.189402 0.017975 0.0187401 0.177868
0 0.694989 0.241472 0.0192307 0.0298275 0.175758
0 0.577146 0.203845 0.0220685 0.0302545 0.175002
0 0.664178 0.1724 0.0216162 0.0379779 0.174706
0 0.270423 0.379885 0.014166 0.0238897 0.174537
0 0.429846 0.581401 0.016576 0.0290541 0.174468
0 0.321723 0.0937771 0.0122433 0.0209425 0.173944
0 0.647959 0.623757 0.0216696 0.0372694 0.173932
0 0.549335 0.401342 0.0169014 0.0214759 0.172264
0 0.258271 0.749293 0.0109794 0.0220652 0.171229
0 0.536 0.650207 0.0111913 0.0274668 0.170204
0 0.913935 0.0358271 0.018083 0.0308176 0.169919
0 0.279303 0.337143 0.0201045 0.01944 0.169706
0 0.225194 0.141166 0.0220986 0.0357542 0.169348
0 0.226282 0.109696 0.00734205 0.0162817 0.168055
0 0.0920962 0.329854 0.0172386 0.0266416 0.16774
0 0.0359776 0.573717 0.0183738 0.0274955 0.167385
0 0.807944 0.277029 0.0154573 0.0264195 0.166925
0 0.580762 0.425716 0.0254491 0.0442479 0.166034
0 0.171081 0.241184 0.0155476 0.0299744 0.165728
0 0.422265 0.0907617 0.0204214 0.0309447 0.165446
0 0.772833 0.0173441 0.019792 0.0332365 0.165397
0 0.320094 0.843637 0.0173719 0.0316305 0.16535
0 0.994915 0.279378 0.0101707 0.038715 0.165105
0 0.399487 0.222403 0.0151202 0.0301143 0.164387
0 0.194957 0.109839 0.0133999 0.0227219 0.164095
0 0.385136 0.84562 0.0197225 0.0348723 0.163503
0 0.457671 0.845954 0.0187239 0.0335453 0.163371
0 0.469427 0.900732 0.0160553 0.0229004 0.162844
0 0.317705 0.93599 0.0138029 0.0298852 0.162521
0 0.300589 0.712364 0.0135913 0.0323879 0.162516
0 0.138543 0.782863 0.0214509 0.0325755 0.162284
0 0.232614 0.341783 0.0152338 0.0350788 0.162152
0 0.459762 0.954935 0.0147709 0.0303739 0.162035
0 0.40733 0.964705 0.0148101 0.0220712 0.161805
0 0.488325 0.540904 0.0146557 0.0287509 0.16119
0 0.602158 0.0871759 0.0148771 0.0294537 0.160692
0 0.592257 0.0486115 0.0260672 0.040076 0.160645
0 0.143838 0.4988 0.0241566 0.048741 0.160152
0 0.391786 0.763441 0.0144073 0.0252045 0.159638
0 0.119611 0.41462 0.022458 0.02995 0.159461
0 0.167043 0.902185 0.0218156 0.0451131 0.158941
0 0.00501226 0.9521 0.00970944 0.0387767 0.15825
0 0.665842 0.380879 0.0117664 0.0228972 0.157935
0 0.438427 0.928081 0.0213369 0.0400664 0.157754
0 0.0146322 0.976081 0.028315 0.0449712 0.15715
0 0.283225 0.780978 0.0200502 0.0304409 0.156015
0 0.0327535 0.806264 0.016538 0.0402547 0.155324
0 0.00616419 0.948892 0.0122006 0.0345398 0.155305
0 0.636456 0.643149 0.0174521 0.0328976 0.155264
0 0.628105 0.241124 0.0201839 0.0420177 0.155026
0 0.770523 0.856849 0.0174501 0.0334947 0.154833
0 0.309427 0.0824648 0.0198102 0.0317264 0.15444
0 0.607917 0.827248 0.0151072 0.0217307 0.154141
0 0.114209 0.373209 0.0198906 0.0225966 0.15368
0 0.578653 0.838785 0.0153238 0.0258097 0.153359
0 0.480306 0.522183 0.0149658 0.0220723 0.153065
0 0.551024 0.161019 0.0143353 0.0295287 0.153019
0 0.962144 0.525337 0.0399002 0.0511139 0.152951
0 0.0104273 0.832045 0.0180867 0.032568 0.152437
0 0.424089 0.982046 0.0140905 0.0306986 0.151884
0 0.384337 0.0536119 0.0152464 0.0257929 0.151542
0 0.747744 0.904552 0.02215 0.0506914 0.150936
0 0.191049 0.33884 0.0129727 0.0309376 0.150867
0 0.454508 0.0137295 0.0174477 0.0185288 0.150846
0 0.289155 0.011774 0.0170747 0.0218076 0.150778
0 0.443539 0.159438 0.00955703 0.0272365 0.150505
0 0.777655 0.229546 0.013016 0.0295336 0.150181
