0 0.0319127 0.241101 0.0300995 0.0444114 0.686275
0 0.80277 0.375117 0.0252049 0.043905 0.68482
0 0.3203 0.095959 0.0270078 0.0442064 0.684093
0 0.064675 0.258736 0.0243894 0.0435684 0.676726
0 0.0409292 0.290305 0.0257505 0.0400297 0.668476
0 0.920391 0.0572609 0.0286474 0.0567379 0.667241
0 0.0315656 0.66155 0.0172714 0.0367399 0.660573
0 0.0913288 0.152066 0.0190808 0.038302 0.659507
0 0.375862 0.382803 0.0177371 0.0358015 0.658647
0 0.173206 0.0428131 0.020967 0.0321109 0.656999
0 0.751468 0.0771698 0.0151825 0.0286394 0.655995
0 0.579342 0.945817 0.0340516 0.0568122 0.650299
0 0.732146 0.0859164 0.0153008 0.0293506 0.649669
0 0.721291 0.263885 0.0209904 0.0338444 0.64903
0 0.0103304 0.287394 0.0204988 0.0519348 0.645427
0 0.665218 0.503998 0.0239834 0.0415307 0.644621
0 0.104818 0.494657 0.0203979 0.0344819 0.64427
0 0.0575247 0.73048 0.0149536 0.0311461 0.642231
0 0.880435 0.139553 0.0204468 0.0349324 0.641749
0 0.337922 0.849558 0.0259323 0.0398651 0.640295
0 0.154785 0.0669931 0.0180764 0.0362746 0.636521
0 0.648137 0.1159 0.0255089 0.0426495 0.636168
0 0.739199 0.17206 0.0194962 0.0345678 0.635815
0 0.742616 0.298924 0.0179431 0.0333471 0.63348
0 0.504147 0.748848 0.0198543 0.0398166 0.631916
0 0.0804187 0.625886 0.0207966 0.0382109 0.63186
0 0.453545 0.118229 0.0189354 0.0352182 0.629306
0 0.363596 0.191654 0.0206919 0.0393481 0.627081
0 0.562558 0.151886 0.0156785 0.0320204 0.627026
0 0.145941 0.104972 0.0145146 0.0358738 0.624509
0 0.0903668 0.0217874 0.0198729 0.0337185 0.624273
0 0.659343 0.925552 0.0152773 0.0292904 0.623139
0 0.292422 0.201399 0.0198242 0.0370174 0.622231
0 0.261764 0.98141 0.0176383 0.0339446 0.621413
0 0.340322 0.467223 0.0227072 0.0376667 0.621164
0 0.103358 0.636986 0.0145765 0.0294238 0.620967
0 0.173647 0.541162 0.0150562 0.0332809 0.619262
0 0.347235 0.018461 0.0337234 0.0365743 0.619148
0 0.0451456 0.476789 0.0185229 0.0351883 0.618873
0 0.0991455 0.431503 0.0191751 0.0329771 0.618112
0 0.813089 0.0197149 0.0190296 0.0386889 0.617799
0 0.438798 0.909218 0.0115042 0.0243071 0.617238
0 0.340705 0.0651922 0.0178174 0.0329141 0.61721
0 0.658199 0.891517 0.0164281 0.0282625 0.616753
0 0.352937 0.329841 0.0220577 0.0388894 0.615501
0 0.547184 0.92927 0.0247444 0.0433434 0.614136
0 0.28907 0.328104 0.020806 0.0371678 0.613572
0 0.855971 0.887374 0.0211554 0.0444906 0.61244
0 0.691489 0.344165 0.0157372 0.0292321 0.61206
0 0.584705 0.211206 0.022551 0.0434079 0.611515
0 0.179706 0.0836421 0.0206393 0.0310615 0.607414
0 0.228436 0.137709 0.0202587 0.0388179 0.607179
0 0.362588 0.505963 0.0154033 0.0322698 0.607038
0 0.14032 0.264531 0.0230957 0.0398059 0.607003
0 0.0962108 0.195764 0.0188932 0.0317668 0.606003
0 0.180083 0.939519 0.0175907 0.0332787 0.60485
0 0.689881 0.502259 0.0124281 0.0283139 0.604821
0 0.236585 0.037782 0.0168895 0.0354224 0.604581
0 0.0643963 0.463533 0.0150846 0.0286691 0.604205
0 0.188852 0.735341 0.0215674 0.0418261 0.603178
0 0.744411 0.379586 0.0178328 0.039975 0.602866
0 0.684881 0.206961 0.0154076 0.0286365 0.602171
0 0.701723 0.520924 0.0160834 0.0282954 0.601887
0 0.707915 0.968195 0.0142777 0.0277014 0.601781
0 0.142688 0.0194349 0.0200181 0.0325111 0.600832
0 0.715117 0.613605 0.0147882 0.0294642 0.600067
0 0.674628 0.165995 0.0234127 0.042417 0.599632
0 0.0269536 0.768067 0.0143006 0.0318069 0.59895
0 0.131909 0.213188 0.0202819 0.0400575 0.598471
0 0.509948 0.797877 0.017405 0.0322988 0.596537
0 0.869422 0.0185217 0.024818 0.0363794 0.596255
0 0.723232 0.317962 0.016468 0.0287816 0.596117
0 0.660748 0.785119 0.0210453 0.03536 0.596039
0 0.886216 0.0942586 0.0155384 0.0314853 0.595421
0 0.771361 0.304028 0.0179848 0.0358194 0.595366
0 0.324786 0.923458 0.0146776 0.0313107 0.594768
0 0.295052 0.571413 0.0145762 0.0268058 0.591066
0 0.170213 0.119638 0.0170889 0.0331056 0.590851
0 0.493004 0.934605 0.01569 0.029838 0.590829
0 0.28831 0.532651 0.0259611 0.035801 0.589541
0 0.257416 0.584747 0.0202147 0.0363523 0.588448
0 0.638702 0.238043 0.0139992 0.0324933 0.586476
0 0.329477 0.514601 0.0190215 0.0335324 0.586207
0 0.139582 0.464019 0.0222049 0.0351713 0.586152
0 0.576022 0.783353 0.0203175 0.0386726 0.585445
0 0.974132 0.0798479 0.0167122 0.0349533 0.584285
0 0.972742 0.115724 0.0156517 0.0302346 0.583366
0 0.119972 0.57509 0.014464 0.0300807 0.583112
0 0.645344 0.183637 0.0191876 0.0398517 0.582757
0 0.712121 0.0453467 0.0143734 0.0264505 0.579915
0 0.664522 0.378208 0.0167317 0.0265321 0.579788
0 0.274273 0.464957 0.0211977 0.0384329 0.579054
0 0.68497 0.973546 0.0230341 0.0344055 0.578772
0 0.689359 0.930467 0.017331 0.02995 0.578064
0 0.592703 0.115828 0.0164715 0.0295314 0.57585
0 0.674246 0.403449 0.0189231 0.0357316 0.574733
0 0.726351 0.563414 0.0128395 0.0262157 0.573449
0 0.379444 0.447585 0.0257989 0.0486025 0.572788
0 0.782237 0.408162 0.0174614 0.0357834 0.572342
0 0.4192 0.0562223 0.0242219 0.0304106 0.571573
0 0.595046 0.148584 0.0148249 0.0293988 0.569456
0 0.738708 0.440554 0.0146633 0.0297285 0.569452
0 0.792499 0.0237475 0.0179382 0.033663 0.568051
0 0.715079 0.505142 0.0141487 0.0268988 0.567817
0 0.727304 0.377754 0.0143766 0.026653 0.565261
0 0.301228 0.409596 0.0174644 0.030779 0.565246
0 0.0363682 0.697895 0.0150676 0.0281599 0.564017
0 0.697772 0.611747 0.0188161 0.0365289 0.561986
0 0.176847 0.673424 0.0205658 0.0343638 0.561831
0 0.264717 0.503461 0.015298 0.0330894 0.561525
0 0.3102 0.348895 0.0185785 0.0347298 0.560478
0 0.110005 0.853389 0.0213914 0.0410275 0.560138
0 0.595952 0.54039 0.0150478 0.02785 0.559943
0 0.712054 0.937293 0.0131895 0.0278476 0.559633
0 0.0448408 0.885058 0.0191441 0.0366116 0.558567
0 0.226595 0.654501 0.0146136 0.0265997 0.557799
0 0.1274 0.398784 0.0163907 0.0297396 0.557751
0 0.52353 0.107575 0.0166959 0.0280113 0.557699
0 0.464488 0.64391 0.0121342 0.0326689 0.555828
0 0.253751 0.428839 0.0190801 0.0351188 0.554106
0 0.390792 0.538014 0.0158324 0.0298453 0.553805
0 0.852506 0.154395 0.0212654 0.0367027 0.552955
0 0.471952 0.173407 0.0163246 0.0278898 0.552896
0 0.0164844 0.595771 0.016038 0.0364731 0.552687
0 0.290476 0.0775127 0.0218298 0.045144 0.552681
0 0.00731704 0.809139 0.0144313 0.0481086 0.552418
0 0.663457 0.630853 0.019598 0.0336915 0.552167
0 0.348307 0.70903 0.0146325 0.0302336 0.551716
0 0.776647 0.466978 0.0144085 0.0256445 0.551284
0 0.740735 0.265848 0.0147308 0.0257128 0.551066
0 0.803466 0.0627992 0.0230471 0.0350299 0.550525
0 0.583955 0.636629 0.0148923 0.0317653 0.550434
0 0.683985 0.267112 0.0174959 0.0310054 0.550125
0 0.060879 0.548431 0.00888717 0.0383258 0.549204
0 0.34135 0.847253 0.0204973 0.0411862 0.54906
0 0.236789 0.417537 0.0175747 0.0358259 0.547879
0 0.0820341 0.539643 0.0186879 0.0332898 0.546702
0 0.214255 0.632012 0.0150268 0.0281643 0.545858
0 0.383553 0.0942529 0.0144937 0.0281935 0.545676
0 0.792918 0.444705 0.0141338 0.0317795 0.545672
0 0.752369 0.112095 0.018102 0.0327924 0.545507
0 0.242576 0.963036 0.017861 0.0329848 0.545503
0 0.624889 0.601365 0.0163307 0.0267721 0.544069
0 0.420257 0.636939 0.0160297 0.0262212 0.54355
0 0.418321 0.960839 0.0171007 0.0331803 0.542036
0 0.436873 0.420254 0.018679 0.0449037 0.542018
0 0.551966 0.627374 0.0183032 0.0332433 0.541668
0 0.0408126 0.417755 0.015033 0.0247975 0.541278
0 0.215772 0.0853161 0.0196493 0.0310994 0.540836
0 0.660481 0.749863 0.0207269 0.0334099 0.540034
0 0.403777 0.175464 0.0224785 0.0431942 0.539689
0 0.215588 0.0272914 0.0157427 0.0315413 0.539678
0 0.149349 0.686383 0.0208675 0.045694 0.539122
0 0.335607 0.259332 0.0167832 0.0325369 0.538655
0 0.731003 0.938856 0.0184387 0.0359986 0.538592
0 0.702795 0.13091 0.0140352 0.0279727 0.53696
0 0.115772 0.144625 0.0213709 0.0445285 0.536705
0 0.0427361 0.511986 0.0166501 0.0331087 0.533501
0 0.532915 0.432717 0.0143311 0.0346725 0.533153
0 0.244537 0.130858 0.0138951 0.0268297 0.532601
0 0.103131 0.581807 0.0181705 0.0337067 0.532293
0 0.256555 0.285407 0.0163608 0.0291208 0.530748
0 0.748148 0.659265 0.0188423 0.035402 0.530037
0 0.467201 0.70405 0.0202999 0.0342568 0.529166
0 0.350931 0.283934 0.0181238 0.0296933 0.527696
0 0.830518 0.302877 0.0199532 0.0370091 0.526988
0 0.597866 0.985942 0.0147614 0.0268792 0.526255
0 0.264304 0.162297 0.01666 0.0316886 0.526041
0 0.626523 0.707092 0.0141778 0.0326914 0.525613
0 0.245666 0.686852 0.021137 0.0482783 0.521474
0 0.677536 0.0382313 0.0137254 0.0281927 0.520866
0 0.727447 0.0382223 0.0141925 0.0252767 0.520643
0 0.403871 0.676763 0.0121231 0.0260452 0.520467
0 0.48569 0.110467 0.0153677 0.0260859 0.520403
0 0.44021 0.149755 0.0209627 0.0345656 0.5199
0 0.992853 0.0714673 0.0142937 0.042406 0.519086
0 0.449789 0.768633 0.022326 0.0366143 0.519081
0 0.37406 0.341658 0.016396 0.0304453 0.5173
0 0.79172 0.153177 0.0190254 0.0309415 0.516716
0 0.0745258 0.395512 0.0184504 0.0354538 0.516666
0 0.0634213 0.663154 0.0163174 0.036712 0.514984
0 0.450639 0.52659 0.0219769 0.037008 0.514403
0 0.38671 0.308367 0.0181048 0.03368 0.512771
0 0.627225 0.0683966 0.0225613 0.0397074 0.512061
0 0.242711 0.199702 0.0213923 0.0350899 0.511349
0 0.439084 0.0842554 0.0128082 0.0299616 0.510843
0 0.199772 0.362538 0.0250412 0.0400214 0.509142
0 0.845448 0.0243296 0.0183834 0.0314796 0.508615
0 0.313909 0.578373 0.0180452 0.0413623 0.50617
0 0.135212 0.427992 0.0135786 0.0259147 0.506069
0 0.39155 0.141597 0.0175625 0.031052 0.505308
0 0.468334 0.222535 0.0172122 0.0336905 0.504266
0 0.13266 0.134232 0.0154223 0.0297862 0.504236
0 0.452821 0.828306 0.0171047 0.0304209 0.503986
0 0.152672 0.187497 0.0194449 0.0362912 0.503421
0 0.889248 0.256205 0.0145649 0.0309838 0.502561
0 0.190907 0.884064 0.0177411 0.0314316 0.502164
0 0.38496 0.179026 0.0120106 0.0289481 0.501706
0 0.490601 0.0839092 0.0140512 0.0253197 0.501172
0 0.368205 0.720459 0.0189595 0.0337284 0.499759
0 0.902869 0.106164 0.0170536 0.0340771 0.498797
0 0.0241553 0.417748 0.0133537 0.0234037 0.497621
0 0.343635 0.129536 0.0184765 0.0292744 0.497279
0 0.0297724 0.822444 0.019198 0.0323717 0.497041
0 0.706948 0.36715 0.0190504 0.037394 0.496853
0 0.294768 0.647108 0.0162711 0.0304747 0.49652
0 0.96645 0.435304 0.02202 0.0398791 0.495052
0 0.91982 0.130373 0.0174601 0.0385936 0.493371
0 0.228242 0.315971 0.0175817 0.0354916 0.491601
0 0.570057 0.304743 0.0199855 0.0350931 0.490887
0 0.480875 0.797087 0.0186571 0.0297338 0.489071
0 0.26514 0.399008 0.0126147 0.0303467 0.488832
0 0.290062 0.910927 0.0129848 0.0284309 0.487453
0 0.631684 0.573489 0.0168747 0.0281352 0.485428
0 0.35932 0.413686 0.0190505 0.036746 0.483961
0 0.731851 0.128802 0.0164723 0.0282555 0.483407
0 0.220816 0.368735 0.0127795 0.0380781 0.482816
0 0.648695 0.720577 0.0233675 0.0359762 0.482373
0 0.71191 0.557945 0.0114723 0.0373228 0.482108
0 0.406857 0.287995 0.0175326 0.0353498 0.481334
0 0.00601051 0.668497 0.012021 0.0357157 0.480213
0 0.712581 0.0778824 0.0141771 0.03059 0.48013
0 0.585867 0.414166 0.0207851 0.0360296 0.480094
0 0.872145 0.631713 0.0125572 0.0250333 0.47825
0 0.0638138 0.220038 0.0174509 0.0186298 0.47682
0 0.678847 0.862425 0.013674 0.0237257 0.475771
0 0.144877 0.536631 0.0124732 0.0211353 0.473711
0 0.00785903 0.947808 0.0155812 0.0339421 0.473318
0 0.480458 0.763459 0.0215435 0.02777 0.470666
0 0.0301076 0.859285 0.0204454 0.0325843 0.468051
0 0.606065 0.0517976 0.0184101 0.0309866 0.468038
0 0.722562 0.442898 0.0138713 0.0263082 0.466913
0 0.533299 0.68784 0.0185369 0.0310801 0.46643
0 0.835109 0.160191 0.0129078 0.0300741 0.465332
0 0.713392 0.198473 0.0175165 0.0374426 0.465259
0 0.0663738 0.702683 0.0126147 0.0198269 0.463238
0 0.469809 0.347464 0.0159428 0.0264411 0.461787
0 0.814413 0.891881 0.0137131 0.0225128 0.461548
0 0.196531 0.472129 0.0183515 0.0381471 0.460051
0 0.639029 0.398382 0.0209195 0.0414605 0.458954
0 0.292283 0.140431 0.0192389 0.0453695 0.458598
0 0.141062 0.333001 0.0131747 0.0223846 0.456305
0 0.829605 0.901994 0.0175674 0.0280796 0.455248
0 0.720916 0.154476 0.015278 0.02679 0.453998
0 0.271084 0.264776 0.0147815 0.0251203 0.45304
0 0.0945665 0.244706 0.0246938 0.045919 0.452876
0 0.187387 0.0105685 0.0209521 0.0200723 0.452604
0 0.464518 0.844406 0.0106222 0.0208472 0.452443
0 0.299593 0.458729 0.0186452 0.0284034 0.452347
0 0.890187 0.169089 0.0157467 0.0312986 0.450986
0 0.223076 0.176084 0.0187408 0.0330202 0.449356
0 0.105828 0.892343 0.0164914 0.0279154 0.448742
0 0.105368 0.290296 0.0121084 0.0307347 0.448156
0 0.122559 0.0304969 0.0172449 0.0311561 0.448139
0 0.329958 0.677614 0.02197 0.0422243 0.447723
0 0.318115 0.386196 0.0186036 0.0271239 0.447363
0 0.450759 0.236743 0.017762 0.0300101 0.444567
0 0.108824 0.668814 0.0140502 0.0226949 0.443781
0 0.266703 0.215749 0.0184262 0.0309081 0.443704
0 0.421821 0.914792 0.0177599 0.0287306 0.442617
0 0.146865 0.762442 0.0271497 0.0481337 0.44252
0 0.645402 0.320902 0.01773 0.0346233 0.440712
0 0.830381 0.932374 0.0139252 0.029452 0.439006
0 0.0687303 0.183323 0.0138082 0.0227959 0.437911
0 0.442983 0.297244 0.0197611 0.0343118 0.435741
0 0.940823 0.978643 0.0230865 0.0404399 0.434958
0 0.171178 0.227868 0.0217513 0.0338619 0.434661
0 0.639047 0.646592 0.0189161 0.0324404 0.434369
0 0.406427 0.339136 0.0178492 0.0340897 0.432131
0 0.0138378 0.092852 0.0276509 0.0636414 0.431965
0 0.507049 0.677536 0.0158635 0.027671 0.431006
0 0.231459 0.492366 0.0198301 0.0304482 0.429136
0 0.0700383 0.350066 0.0183409 0.0318851 0.427847
0 0.127608 0.0821178 0.0190446 0.0310563 0.42703
0 0.68091 0.441894 0.0175803 0.0301589 0.426909
0 0.874777 0.835849 0.0232548 0.0408403 0.426291
0 0.222899 0.415107 0.0116613 0.0353694 0.425639
0 0.831198 0.0644315 0.0283484 0.0465883 0.424893
0 0.646966 0.600304 0.0188728 0.0314827 0.423904
0 0.359559 0.0746936 0.0186574 0.0285621 0.423895
0 0.362316 0.102042 0.018611 0.028547 0.422673
0 0.354459 0.644847 0.0175133 0.0349969 0.419061
0 0.180171 0.605099 0.017664 0.0376116 0.417512
0 0.128031 0.520884 0.0233927 0.0331211 0.416174
0 0.395082 0.632309 0.0124512 0.022444 0.414608
0 0.657051 0.454918 0.0153355 0.037293 0.413401
0 0.713873 0.0107196 0.0223461 0.0212468 0.413317
0 0.0865803 0.4612 0.0196454 0.0318747 0.413103
0 0.101276 0.737918 0.0120702 0.0243961 0.412967
0 0.15237 0.492882 0.0141816 0.0266234 0.412377
0 0.643723 0.536912 0.0111774 0.0247096 0.41158
0 0.633434 0.362315 0.0124088 0.0255775 0.411141
0 0.527392 0.568168 0.0181938 0.0294505 0.410431
0 0.456309 0.0811326 0.0191259 0.0324525 0.409108
0 0.0159283 0.694734 0.0148231 0.032832 0.40905
0 0.227916 0.984682 0.014757 0.0291229 0.408711
0 0.445502 0.941228 0.0183041 0.0359621 0.408322
0 0.970309 0.479679 0.0199425 0.0332284 0.406496
0 0.771494 0.1656 0.0238541 0.0335749 0.405423
0 0.386669 0.678622 0.0164936 0.0288171 0.404885
0 0.641949 0.878571 0.0217834 0.0321855 0.404476
0 0.0809178 0.7187 0.0180299 0.0329927 0.404418
0 0.888802 0.923741 0.0217022 0.0350091 0.40438
0 0.139621 0.715334 0.0130318 0.0267036 0.404011
0 0.974697 0.325707 0.0160835 0.037232 0.403583
0 0.664053 0.574773 0.0194675 0.033442 0.402741
0 0.492223 0.606095 0.0207365 0.0314999 0.402058
0 0.446144 0.6848 0.0208036 0.0245646 0.401514
0 0.278794 0.823077 0.0247538 0.0459432 0.399206
0 0.325389 0.968289 0.0214343 0.0353889 0.398054
0 0.68229 0.0730048 0.0155979 0.0226974 0.396241
0 0.243699 0.0772654 0.0178116 0.0314366 0.395585
0 0.21815 0.733779 0.0244916 0.0530677 0.395532
0 0.780999 0.641123 0.0191513 0.0296135 0.393579
0 0.589245 0.257866 0.0182598 0.0303525 0.39301
0 0.397482 0.719093 0.013851 0.0258233 0.391079
0 0.932554 0.246041 0.0133579 0.0288694 0.390753
0 0.991102 0.467257 0.0177965 0.0348487 0.389638
0 0.234035 0.693894 0.0165073 0.0384014 0.388706
0 0.375708 0.56916 0.0189582 0.0419898 0.387943
0 0.690048 0.10571 0.0161064 0.0307351 0.387733
0 0.609638 0.870315 0.0122156 0.0350176 0.387004
0 0.478217 0.548649 0.0304507 0.0456484 0.385024
0 0.160584 0.328274 0.0152102 0.0257443 0.384962
0 0.244765 0.621216 0.0113885 0.0252146 0.384191
0 0.0210964 0.526461 0.0249392 0.0440261 0.383426
0 0.955098 0.0433878 0.0194154 0.0385296 0.381942
0 0.683948 0.888661 0.014134 0.0211914 0.381535
0 0.220704 0.742589 0.0199794 0.0393236 0.380747
0 0.86947 0.970925 0.01078 0.0333774 0.379297
0 0.54289 0.327361 0.0203529 0.0352783 0.378388
0 0.176097 0.763501 0.0119719 0.0274384 0.377284
0 0.39931 0.396602 0.0217645 0.0467224 0.377165
0 0.279321 0.68722 0.0199537 0.035998 0.376181
0 0.518451 0.450163 0.0145342 0.0295197 0.373103
0 0.779488 0.358737 0.0162668 0.0300151 0.372354
0 0.292487 0.952851 0.0179239 0.0351652 0.371508
0 0.120022 0.286871 0.0154378 0.0379305 0.370387
0 0.0810815 0.919277 0.019185 0.030364 0.370303
0 0.0557775 0.769036 0.0166391 0.0304572 0.369218
0 0.498759 0.15242 0.0182438 0.0321174 0.368693
0 0.0640686 0.820691 0.0139857 0.0283398 0.366932
0 0.786355 0.558201 0.0151572 0.0324548 0.365535
0 0.669996 0.102128 0.0147909 0.0300732 0.365191
0 0.608313 0.256337 0.0184954 0.0364504 0.36506
0 0.417183 0.884225 0.0128761 0.0296305 0.365051
0 0.0170933 0.336362 0.0192997 0.0239835 0.363625
0 0.374981 0.824212 0.0236879 0.0381109 0.363015
0 0.463827 0.477518 0.0134074 0.0291849 0.362652
0 0.434383 0.217858 0.0143044 0.0302734 0.361852
0 0.214309 0.664089 0.0102962 0.0243078 0.36176
0 0.669062 0.220053 0.0147062 0.0297291 0.361447
0 0.334221 0.804662 0.0205163 0.0361409 0.360453
0 0.760149 0.410845 0.0172323 0.031649 0.356482
0 0.45105 0.183771 0.0163699 0.0294034 0.354148
0 0.195066 0.214319 0.016463 0.0311184 0.351242
0 0.554253 0.578164 0.0178146 0.0404432 0.350866
0 0.612982 0.400545 0.0220451 0.0432359 0.350328
0 0.159121 0.650089 0.0127529 0.0233724 0.349039
0 0.391436 0.929455 0.0178165 0.034867 0.347841
0 0.241186 0.688877 0.0283823 0.0475464 0.347492
0 0.257367 0.542377 0.0149777 0.0275803 0.343971
0 0.359408 0.794002 0.0197407 0.0341629 0.342091
0 0.691462 0.836855 0.0145804 0.0280794 0.341914
0 0.389001 0.540323 0.0149927 0.0283417 0.340581
0 0.877764 0.227733 0.0157715 0.0278289 0.336864
0 0.304025 0.615306 0.017822 0.0322106 0.336594
0 0.419874 0.218123 0.0161003 0.0291244 0.33322
0 0.257731 0.74616 0.0172639 0.0400692 0.332188
0 0.940373 0.0305718 0.0144138 0.0320165 0.330887
0 0.868391 0.17813 0.0147165 0.0354399 0.330793
0 0.492392 0.965816 0.0203033 0.0306584 0.330003
0 0.49617 0.822532 0.0130339 0.0229484 0.329703
0 0.396715 0.579162 0.0195402 0.0318281 0.328952
0 0.379956 0.219764 0.0187258 0.0348587 0.328266
0 0.195956 0.359719 0.0183272 0.0365686 0.326721
0 0.315108 0.531695 0.0153729 0.0271775 0.326225
0 0.388825 0.754838 0.0180199 0.0292155 0.326182
0 0.572184 0.989878 0.0197582 0.0199304 0.326066
0 0.686179 0.537883 0.00974108 0.0217914 0.324328
0 0.613342 0.969941 0.0199268 0.0312588 0.32389
0 0.504042 0.392507 0.0170837 0.0311327 0.323703
0 0.870627 0.429236 0.0146851 0.0304874 0.322967
0 0.820295 0.174654 0.0150091 0.0224274 0.322541
0 0.123175 0.345394 0.0148769 0.0288724 0.321933
0 0.629767 0.635848 0.01772 0.0329958 0.320586
0 0.441962 0.638857 0.0211381 0.0445095 0.319464
0 0.776672 0.97695 0.0169188 0.0313582 0.31825
0 0.126709 0.886472 0.0197694 0.0347405 0.318045
0 0.408619 0.524304 0.00907898 0.031743 0.317203
0 0.0595514 0.851781 0.0173454 0.0271342 0.315686
0 0.231843 0.695896 0.013921 0.0346052 0.31554
0 0.651265 0.718456 0.02021 0.0312602 0.315149
0 0.160952 0.567354 0.0207532 0.034963 0.314223
0 0.481328 0.636214 0.0122435 0.0302583 0.313097
0 0.198651 0.673594 0.0124123 0.0228138 0.309846
0 0.377471 0.660793 0.0149711 0.0275584 0.309496
0 0.553003 0.0811976 0.0108419 0.0197294 0.308411
0 0.667037 0.572616 0.0232503 0.037296 0.307454
0 0.105012 0.339232 0.0151437 0.0291658 0.307259
0 0.949422 0.107216 0.0178179 0.0306031 0.306108
0 0.204244 0.313086 0.0194692 0.0318137 0.305738
0 0.296447 0.840077 0.0168484 0.0310287 0.305578
0 0.290111 0.276953 0.0122112 0.0342628 0.305133
0 0.34494 0.389862 0.0160627 0.0231981 0.304877
0 0.213708 0.821436 0.0130354 0.0275148 0.303985
0 0.534365 0.827888 0.0184908 0.0290093 0.30345
0 0.165264 0.636406 0.017862 0.0289103 0.302626
0 0.739867 0.218422 0.0128632 0.0216117 0.301894
0 0.107846 0.112164 0.0158638 0.0215643 0.300563
0 0.754011 0.0441422 0.0177742 0.0296474 0.299603
0 0.257961 0.740919 0.0197315 0.0495977 0.299284
0 0.152342 0.68944 0.0189725 0.0419907 0.296815
0 0.114135 0.728606 0.0126456 0.023791 0.296064
0 0.639689 0.0635825 0.0112318 0.0334053 0.295988
0 0.273344 0.923599 0.0142994 0.0308058 0.295708
0 0.366541 0.611731 0.0119234 0.0245529 0.293866
0 0.418914 0.251084 0.016713 0.0264818 0.293785
0 0.900096 0.440169 0.0181606 0.0327064 0.292985
0 0.714295 0.882286 0.0187588 0.0280114 0.292031
0 0.176965 0.462676 0.0115664 0.0255909 0.29133
0 0.390125 0.758723 0.0170842 0.0264398 0.291172
0 0.698242 0.867973 0.0195493 0.0312835 0.291084
0 0.733132 0.484582 0.0146671 0.031732 0.290648
0 0.587052 0.369374 0.0188252 0.0367112 0.290226
0 0.47374 0.0469083 0.0188608 0.0354378 0.289847
0 0.991311 0.776864 0.017378 0.0299383 0.287029
0 0.0276948 0.721453 0.0102772 0.0198778 0.286656
0 0.169152 0.34033 0.0113556 0.0257132 0.286546
0 0.162369 0.332992 0.015703 0.0264447 0.286469
0 0.688175 0.690895 0.017086 0.0294078 0.286295
0 0.789249 0.260046 0.0171726 0.032395 0.286081
0 0.169461 0.890102 0.0182581 0.0354879 0.286047
0 0.552253 0.677645 0.0145426 0.0263637 0.286025
0 0.990457 0.0153661 0.0190863 0.0299026 0.285444
0 0.339415 0.740923 0.0139363 0.0271089 0.283299
0 0.898169 0.588233 0.0199312 0.0372865 0.282787
0 0.613405 0.408114 0.0205513 0.0367164 0.282483
0 0.612245 0.920577 0.024194 0.0482777 0.282448
0 0.706511 0.164947 0.013364 0.0204237 0.282117
0 0.901926 0.439735 0.0148819 0.027936 0.282042
0 0.421864 0.251177 0.0159613 0.0269693 0.282008
0 0.884033 0.88957 0.0148003 0.0325799 0.280956
0 0.229117 0.871475 0.0213047 0.0356367 0.280952
0 0.597829 0.331932 0.0149488 0.0241775 0.280389
0 0.511223 0.0350491 0.0195312 0.0380843 0.280121
0 0.872899 0.877271 0.0154942 0.0292691 0.279633
0 0.722086 0.351788 0.0117317 0.0199403 0.278219
0 0.331496 0.35058 0.0183086 0.034001 0.277435
0 0.659244 0.0233697 0.0185127 0.0296632 0.276527
0 0.721089 0.393967 0.0138624 0.0198705 0.276103
0 0.707416 0.307423 0.0187679 0.0286625 0.276003
0 0.501554 0.709239 0.0133392 0.027531 0.275916
0 0.205794 0.690319 0.017683 0.0287727 0.275392
0 0.858471 0.605347 0.0177919 0.0299962 0.275281
0 0.896614 0.068218 0.0121586 0.0359149 0.274951
0 0.671224 0.407096 0.0204771 0.0337436 0.272121
0 0.189659 0.319165 0.0111933 0.026152 0.271805
0 0.534838 0.60647 0.0122982 0.0204968 0.270006
0 0.512656 0.482273 0.0163284 0.0240843 0.269402
0 0.0484722 0.812564 0.0118705 0.0295363 0.269008
0 0.666416 0.38289 0.017244 0.024693 0.266181
0 0.525421 0.79215 0.013051 0.0209018 0.265727
0 0.68099 0.777796 0.0190543 0.0374976 0.264365
0 0.472255 0.615194 0.0141748 0.0206638 0.264081
0 0.422725 0.670011 0.0111403 0.0238573 0.263805
0 0.219258 0.082276 0.0256104 0.034637 0.263753
0 0.580585 0.55503 0.0138639 0.0275894 0.263615
0 0.772718 0.0161082 0.0181089 0.0292804 0.263279
0 0.50547 0.113707 0.0163439 0.0270747 0.262999
0 0.882755 0.580677 0.0129538 0.0312952 0.262981
0 0.239096 0.590752 0.0126439 0.0313768 0.262834
0 0.183659 0.144671 0.0178031 0.0253549 0.262611
0 0.759441 0.955958 0.0164078 0.030364 0.262536
0 0.993138 0.314824 0.0137232 0.0429607 0.262487
0 0.382326 0.719315 0.00809123 0.0320123 0.262403
0 0.206525 0.0559857 0.0155592 0.027612 0.261958
0 0.799509 0.908434 0.0235076 0.0417565 0.261285
0 0.579181 0.0952106 0.0178946 0.0269519 0.261025
0 0.218901 0.780418 0.0141931 0.0276238 0.260977
0 0.216877 0.727491 0.0237419 0.0440138 0.260668
0 0.467727 0.91699 0.0157144 0.0323524 0.260167
0 0.420874 0.179399 0.00947075 0.0295557 0.259255
0 0.0455874 0.58163 0.0244455 0.0306185 0.258763
0 0.670266 0.70882 0.0131279 0.0233191 0.258615
0 0.524637 0.0802705 0.0176489 0.0251521 0.257625
0 0.0565853 0.849834 0.0178008 0.0267761 0.257262
0 0.0184152 0.695283 0.0118076 0.03376 0.256421
0 0.0712166 0.513179 0.0142546 0.0189383 0.253619
0 0.174015 0.496024 0.0177756 0.0290231 0.252975
0 0.704826 0.678348 0.0188357 0.0314967 0.250818
0 0.19317 0.979947 0.0168784 0.034201 0.250296
0 0.35806 0.908696 0.0142232 0.0232059 0.249611
0 0.117616 0.793919 0.025755 0.0404248 0.249414
0 0.982153 0.986945 0.0177284 0.0252125 0.249135
0 0.243709 0.366638 0.0267747 0.0540595 0.249088
0 0.476571 0.560026 0.0268487 0.0471076 0.249016
0 0.116854 0.784951 0.027417 0.0574539 0.248016
0 0.334899 0.355399 0.0165656 0.0270565 0.247958
0 0.174644 0.84554 0.0191388 0.0353149 0.247903
0 0.671679 0.247582 0.0140413 0.0221521 0.247899
0 0.695596 0.900349 0.0105035 0.0225132 0.247202
0 0.502662 0.85578 0.0156683 0.0279561 0.245454
0 0.814465 0.114213 0.0191473 0.0370121 0.245419
0 0.56783 0.604283 0.014163 0.0231613 0.245111
0 0.507122 0.0357238 0.0230087 0.0370747 0.244359
0 0.711542 0.0129428 0.0257751 0.0257104 0.244305
0 0.202265 0.83974 0.0168323 0.038819 0.243453
0 0.878686 0.591433 0.0118198 0.0295232 0.243386
0 0.566351 0.527011 0.0163696 0.030001 0.243105
0 0.0863623 0.465077 0.0176091 0.0279627 0.242854
0 0.355081 0.415936 0.0240913 0.0382112 0.242431
0 0.438278 0.486541 0.0121298 0.027909 0.241429
0 0.156055 0.371404 0.0144931 0.0322942 0.241337
0 0.243413 0.623055 0.0115274 0.0234234 0.24034
0 0.992442 0.0642248 0.0151152 0.0511967 0.239077
0 0.641634 0.467503 0.0198811 0.0360499 0.238491
0 0.533981 0.886657 0.017086 0.0303523 0.238009
0 0.384797 0.676586 0.0164465 0.0273983 0.237064
0 0.63878 0.757888 0.0128145 0.0303382 0.236767
0 0.481071 0.865231 0.0148369 0.0210683 0.235983
0 0.867059 0.969377 0.0133255 0.030433 0.235106
0 0.716903 0.00979588 0.0181582 0.0193087 0.235058
0 0.658887 0.960892 0.014659 0.0184643 0.234658
0 0.782257 0.515364 0.0107829 0.0215612 0.234481
0 0.603655 0.641445 0.0160858 0.028828 0.234478
0 0.411534 0.609593 0.0174399 0.0276758 0.23378
0 0.846354 0.983891 0.0224529 0.0309057 0.233582
0 0.927332 0.214237 0.01469 0.0297089 0.231573
0 0.838519 0.345861 0.0135953 0.0279004 0.231523
0 0.301169 0.614639 0.0176616 0.0320504 0.231472
0 0.420869 0.101714 0.0203604 0.0319854 0.229491
0 0.300765 0.879154 0.016472 0.0279889 0.228831
0 0.716527 0.475741 0.0151716 0.0233714 0.228178
0 0.0520746 0.201391 0.0152151 0.0206585 0.227772
0 0.513729 0.838136 0.0136582 0.0219828 0.227688
0 0.765352 0.901983 0.0167302 0.0346317 0.226703
0 0.2307 0.415542 0.0191803 0.0374705 0.226259
0 0.608976 0.917059 0.029112 0.0536038 0.225502
0 0.320449 0.725617 0.0188754 0.0314301 0.224691
0 0.163439 0.640016 0.0184766 0.0351748 0.224593
0 0.184524 0.7961 0.0137338 0.0227414 0.224232
0 0.322421 0.291628 0.0181985 0.0219012 0.224061
0 0.504623 0.51316 0.0179102 0.0327698 0.223841
0 0.166241 0.339396 0.012929 0.0245389 0.223821
0 0.479487 0.463994 0.0150726 0.0222352 0.223694
0 0.679702 0.865755 0.0148005 0.0220461 0.222484
0 0.0504888 0.813241 0.0100979 0.0312431 0.222298
0 0.0120251 0.0261852 0.0239072 0.0518648 0.222205
0 0.836835 0.869779 0.0164375 0.0323042 0.221994
0 0.519531 0.00592118 0.0192334 0.0118424 0.221793
0 0.619639 0.021212 0.0156155 0.028087 0.221651
0 0.37424 0.124326 0.0132826 0.0181996 0.221608
0 0.500335 0.64461 0.0160896 0.0245607 0.221243
0 0.639821 0.957096 0.0139725 0.0185039 0.221186
0 0.244262 0.38403 0.0194653 0.0261227 0.220399
0 0.525868 0.742651 0.0196309 0.0323642 0.220045
0 0.185978 0.133573 0.0213161 0.0412848 0.219087
0 0.18748 0.128328 0.0200171 0.0353479 0.218692
0 0.183737 0.287798 0.0222834 0.0300288 0.218621
0 0.512444 0.260691 0.0193117 0.0388597 0.218351
0 0.479056 0.634958 0.0122561 0.0302473 0.218223
0 0.795566 0.312785 0.0147747 0.0342591 0.217483
0 0.453207 0.493452 0.0147577 0.0213678 0.214379
0 0.0689688 0.394393 0.0274886 0.0384515 0.214221
0 0.878608 0.308663 0.0188471 0.0289005 0.213349
0 0.110537 0.548792 0.0141008 0.0210595 0.212442
0 0.28933 0.43257 0.0131243 0.0244282 0.212431
0 0.380459 0.665814 0.0178358 0.0335429 0.212162
0 0.197929 0.56208 0.0227083 0.0328552 0.211555
0 0.349053 0.156803 0.0182615 0.0300724 0.211398
0 0.725811 0.0413049 0.0140482 0.0293323 0.210958
0 0.774511 0.0129561 0.0204931 0.0240249 0.210191
0 0.0675138 0.595686 0.0092094 0.0224164 0.209501
0 0.728552 0.377646 0.0105289 0.0294328 0.209304
0 0.865342 0.069455 0.0149509 0.0344612 0.209128
0 0.185473 0.140494 0.0204537 0.031288 0.208754
0 0.543755 0.529794 0.0176743 0.0308289 0.208604
0 0.980091 0.149608 0.0176823 0.0295546 0.208539
0 0.531665 0.0335308 0.0215841 0.0401872 0.208506
0 0.27964 0.881628 0.0176062 0.0208133 0.207906
0 0.152447 0.427372 0.0157332 0.0195042 0.207597
0 0.20122 0.0585961 0.021182 0.0340051 0.207077
0 0.479619 0.409139 0.0154692 0.0304365 0.206569
0 0.986449 0.0161239 0.0271015 0.0322479 0.206255
0 0.978274 0.205003 0.0147167 0.0189915 0.206247
0 0.349816 0.768112 0.014167 0.0231566 0.206015
0 0.288376 0.910066 0.0144365 0.0324436 0.205875
0 0.437268 0.00563318 0.0208199 0.0112664 0.205496
0 0.896527 0.219874 0.0114197 0.0283272 0.204926
0 0.151796 0.411046 0.0183045 0.0310989 0.204519
0 0.160885 0.00617413 0.0180574 0.0120297 0.204443
0 0.102966 0.536256 0.0156477 0.025602 0.203568
0 0.097612 0.252742 0.0212351 0.0321324 0.203303
0 0.99233 0.109511 0.0130775 0.020995 0.203259
0 0.376201 0.719614 0.0126652 0.0333157 0.203109
0 0.736881 0.52838 0.0163306 0.0270265 0.203096
0 0.631084 0.363676 0.0164854 0.0263877 0.202402
0 0.00691837 0.672988 0.0136183 0.0310164 0.201977
0 0.84911 0.943486 0.0235905 0.0395243 0.201434
0 0.49901 0.322466 0.0199242 0.0426516 0.200742
0 0.117808 0.572892 0.0121907 0.0304079 0.200669
0 0.626697 0.33522 0.013276 0.0283743 0.200636
0 0.504374 0.0820356 0.0131478 0.025331 0.20004
0 0.243945 0.379382 0.0207455 0.0356037 0.199644
0 0.457513 0.966571 0.016905 0.0269674 0.199612
0 0.411464 0.127197 0.016512 0.0307091 0.199608
0 0.404593 0.233239 0.0118011 0.0306224 0.199041
0 0.770591 0.0653217 0.0157267 0.0315843 0.197794
0 0.360982 0.081115 0.020745 0.0397114 0.197776
0 0.503807 0.0345274 0.0207392 0.0325279 0.197472
0 0.892891 0.167413 0.0125231 0.028631 0.197162
0 0.101509 0.740975 0.0139038 0.0250229 0.196527
0 0.443822 0.625628 0.019088 0.0310992 0.196035
0 0.704591 0.128899 0.0136748 0.0286532 0.194859
0 0.0683088 0.70399 0.0109022 0.0214033 0.193719
0 0.0465045 0.55209 0.0153841 0.0258039 0.19312
0 0.882121 0.59016 0.0107687 0.0334876 0.192992
0 0.225853 0.41579 0.0126434 0.0375384 0.192825
0 0.501245 0.90081 0.0134762 0.0256628 0.192786
0 0.352521 0.961358 0.0209144 0.0336724 0.192575
0 0.496765 0.710031 0.0146318 0.0310393 0.192433
0 0.453148 0.441586 0.0171227 0.0347729 0.192261
0 0.173658 0.368947 0.0172799 0.0283259 0.191475
0 0.72294 0.530388 0.00848045 0.0183621 0.191365
0 0.94174 0.176253 0.0182308 0.0248564 0.191161
0 0.276796 0.234195 0.0107454 0.0278279 0.190004
0 0.555705 0.297463 0.0154041 0.0341633 0.189934
0 0.902659 0.259182 0.0138996 0.0321753 0.189923
0 0.212172 0.666039 0.0118986 0.0267051 0.189841
0 0.669707 0.830077 0.0154569 0.0274553 0.189493
0 0.277962 0.236282 0.00986595 0.0240653 0.189267
0 0.706639 0.658087 0.0223279 0.0434482 0.18917
0 0.578447 0.877686 0.0209038 0.0463403 0.188898
0 0.568703 0.70857 0.0150016 0.0296321 0.188124
0 0.86824 0.9314 0.0100163 0.0306569 0.187429
0 0.537853 0.259461 0.0207026 0.0390339 0.186931
0 0.0491603 0.670182 0.0148107 0.0301898 0.186057
0 0.91197 0.471289 0.0194279 0.0337465 0.184244
0 0.983103 0.943432 0.0175163 0.0307498 0.184234
0 0.157121 0.652893 0.0137338 0.0225186 0.183916
0 0.0135116 0.594669 0.0212666 0.0389612 0.183785
0 0.771317 0.536816 0.0120406 0.0259574 0.183289
0 0.904831 0.196404 0.0168396 0.0313875 0.183254
0 0.746226 0.139621 0.0148336 0.0138842 0.183154
0 0.1957 0.0614309 0.0219535 0.034573 0.183149
0 0.257884 0.742752 0.0143457 0.0498732 0.182761
0 0.588091 0.412046 0.0169013 0.0313327 0.182537
0 0.572846 0.265898 0.0141971 0.029445 0.182485
0 0.0999311 0.73871 0.0129405 0.0287571 0.18166
0 0.499262 0.444648 0.0177259 0.0254196 0.181614
0 0.691846 0.505429 0.0124199 0.0286433 0.181133
0 0.772798 0.0914116 0.0147491 0.0231544 0.180689
0 0.427771 0.218473 0.019533 0.0300819 0.180512
0 0.386147 0.178716 0.0116559 0.0355366 0.179568
0 0.134366 0.36036 0.0110938 0.0195228 0.179098
0 0.890874 0.412412 0.0168438 0.0259173 0.178691
0 0.914565 0.46985 0.0142948 0.0374661 0.178576
0 0.964084 0.172187 0.0144199 0.0255841 0.178039
0 0.871338 0.264851 0.0155319 0.025168 0.177768
0 0.27239 0.954994 0.0171141 0.0278394 0.177296
0 0.614206 0.41316 0.0205229 0.0291039 0.177222
0 0.437537 0.736245 0.0169563 0.0270103 0.176974
0 0.392517 0.977874 0.0190194 0.0319038 0.17689
0 0.738693 0.00600091 0.0190015 0.0116988 0.17633
0 0.449054 0.190353 0.0163332 0.0343319 0.176138
0 0.547813 0.715275 0.017396 0.0271813 0.17582
0 0.945063 0.442266 0.0152733 0.027479 0.175733
0 0.61938 0.751366 0.0162785 0.029011 0.175102
0 0.0886767 0.883652 0.016373 0.0272099 0.174417
0 0.328842 0.414433 0.0113337 0.0275947 0.174361
0 0.691954 0.154076 0.0142038 0.0290701 0.173639
0 0.398477 0.0832575 0.0124405 0.0248028 0.173302
0 0.311113 0.139561 0.0122643 0.0283416 0.173114
0 0.263953 0.401843 0.0135179 0.0258479 0.172771
0 0.310325 0.894313 0.012768 0.0230925 0.172522
0 0.867538 0.577799 0.0149065 0.0308321 0.172091
0 0.614366 0.395029 0.0197092 0.0343753 0.171643
0 0.0998474 0.53497 0.0144239 0.0251894 0.171485
0 0.780562 0.515516 0.0122035 0.0192688 0.170869
0 0.386661 0.266026 0.0164352 0.0287043 0.170583
0 0.773664 0.246484 0.0230131 0.0472194 0.170148
0 0.516047 0.375014 0.0123781 0.0258543 0.169915
0 0.810345 0.319361 0.0191353 0.0353928 0.169377
0 0.705516 0.671676 0.022426 0.040852 0.168604
0 0.704419 0.423265 0.0126317 0.0305404 0.168018
0 0.815913 0.110122 0.0178394 0.0319743 0.167311
0 0.549202 0.934285 0.0212077 0.0394938 0.167033
0 0.40215 0.49936 0.0124743 0.0247892 0.166621
0 0.564788 0.451597 0.0157391 0.0241052 0.166398
0 0.620756 0.173106 0.0127157 0.0213955 0.166123
0 0.909348 0.231943 0.0150644 0.022441 0.16576
0 0.434946 0.987339 0.0187149 0.0230842 0.165485
0 0.378465 0.718987 0.0103816 0.0328545 0.165469
0 0.595793 0.984214 0.017555 0.029579 0.165008
0 0.577754 0.869549 0.0179668 0.0346168 0.164288
0 0.506705 0.853588 0.0134786 0.0252967 0.164259
0 0.351314 0.594726 0.0179984 0.0315678 0.163087
0 0.52685 0.55871 0.0210437 0.0441964 0.163031
0 0.724844 0.417104 0.0157726 0.0184853 0.162967
0 0.131203 0.605079 0.0140119 0.0286474 0.162208
0 0.38346 0.676077 0.019466 0.0335805 0.161196
0 0.605582 0.0823712 0.0118727 0.0249814 0.160126
0 0.174295 0.762256 0.0125236 0.0280568 0.160075
0 0.62708 0.633954 0.0157796 0.0299261 0.159965
0 0.575247 0.262323 0.0140131 0.0293514 0.159246
0 0.472654 0.563125 0.0200701 0.0446788 0.158919
0 0.708063 0.362829 0.0217514 0.0333293 0.158705
0 0.601425 0.639741 0.0147602 0.029214 0.158641
0 0.203815 0.519948 0.0169396 0.0266912 0.157755
0 0.482445 0.9894 0.0212324 0.0200653 0.157076
0 0.175099 0.46286 0.0132903 0.0272778 0.156963
0 0.170124 0.976834 0.0152213 0.0311817 0.156637
0 0.877602 0.704771 0.0128315 0.0303331 0.155846
0 0.837246 0.0982256 0.0170486 0.0264658 0.15538
0 0.683963 0.0752691 0.0182786 0.0254927 0.155368
0 0.399172 0.0849093 0.0164985 0.0269001 0.155283
0 0.334436 0.353652 0.0201426 0.0323189 0.155081
0 0.361517 0.790303 0.0198303 0.0323585 0.154893
0 0.613952 0.976622 0.0185941 0.0414782 0.153904
0 0.587618 0.108471 0.0133467 0.0262069 0.153804
0 0.907818 0.155811 0.014472 0.0221174 0.153731
0 0.201154 0.673964 0.0143558 0.0240506 0.153331
0 0.92586 0.64256 0.0197266 0.0323058 0.153263
0 0.0838972 0.588336 0.012565 0.0232422 0.153065
0 0.51332 0.963075 0.0151864 0.0351949 0.152909
0 0.504453 0.556072 0.0138728 0.0373318 0.152777
0 0.167159 0.790862 0.0138524 0.0208096 0.152758
0 0.903531 0.018661 0.0231442 0.0358403 0.152016
0 0.725207 0.681474 0.0203465 0.0318595 0.151703
0 0.384466 0.18431 0.0138372 0.0271212 0.151674
0 0.812677 0.246446 0.0162375 0.0252378 0.151637
0 0.471924 0.573327 0.0147114 0.0283176 0.151331
0 0.373472 0.947065 0.0190643 0.0360097 0.150881
0 0.545935 0.330703 0.0189124 0.0344933 0.150549
0 0.876897 0.203007 0.0162346 0.0185987 0.15048
0 0.713515 0.560473 0.010349 0.0388002 0.15041
0 0.993542 0.466376 0.0129154 0.0334783 0.15023
0 0.678282 0.32416 0.0117441 0.0304652 0.150107
