0 0.00982494 0.380661 0.0196343 0.0452391 0.704485
0 0.0352658 0.382531 0.0211051 0.0366652 0.673236
0 0.113348 0.0214486 0.0249609 0.0416786 0.663641
0 0.0163545 0.600058 0.0244382 0.0369765 0.661659
0 0.0292809 0.501504 0.0197448 0.0371272 0.660183
0 0.0568266 0.721811 0.022351 0.0445319 0.655627
0 0.84854 0.61427 0.0228645 0.047322 0.654935
0 0.790869 0.974547 0.0282796 0.0456179 0.653306
0 0.0447682 0.143674 0.026654 0.0363796 0.648972
0 0.828175 0.746882 0.0227793 0.038262 0.64761
0 0.791391 0.930125 0.0223423 0.0384572 0.645254
0 0.951535 0.198099 0.0214346 0.0445825 0.641573
0 0.882705 0.898375 0.0252415 0.0436757 0.636536
0 0.831564 0.524363 0.0164948 0.0352518 0.636237
0 0.0215188 0.446224 0.0170822 0.0325216 0.632642
0 0.0327468 0.84729 0.0194937 0.0367883 0.627298
0 0.102193 0.0637646 0.0203347 0.0346345 0.626178
0 0.92496 0.616703 0.0174397 0.0291417 0.625462
0 0.929781 0.350464 0.0195137 0.0336671 0.625126
0 0.957416 0.418583 0.0226433 0.0343584 0.620135
0 0.0214758 0.191679 0.0227578 0.0484329 0.618374
0 0.854727 0.397354 0.017115 0.0322839 0.617912
0 0.780458 0.88032 0.0208265 0.0410322 0.613446
0 0.972162 0.244469 0.0184399 0.0303072 0.608115
0 0.00715575 0.281074 0.0141605 0.0387524 0.606489
0 0.853228 0.509347 0.023695 0.0464605 0.606422
0 0.800091 0.886039 0.0192984 0.0332581 0.604261
0 0.953736 0.291721 0.0154682 0.0301199 0.602736
0 0.814888 0.596259 0.0203232 0.0375496 0.599318
0 0.0440911 0.651622 0.0189342 0.0369688 0.598959
0 0.899603 0.942489 0.0215988 0.0354979 0.598256
0 0.948858 0.330502 0.0167547 0.0323238 0.594492
0 0.00658824 0.699677 0.0131765 0.0287421 0.594353
0 0.942476 0.603034 0.0132996 0.0282308 0.594153
0 0.969371 0.757892 0.0239872 0.0387444 0.591763
0 0.932418 0.310485 0.0173794 0.0323002 0.591444
0 0.802375 0.701916 0.0147429 0.0311677 0.590074
0 0.138049 0.306597 0.0172475 0.0327268 0.587833
0 0.971549 0.675589 0.0179752 0.0394094 0.587077
0 0.0489782 0.237953 0.0197103 0.0352149 0.586088
0 0.202063 0.0324206 0.0208733 0.0394797 0.585722
0 0.0913262 0.288593 0.0250166 0.0445646 0.582744
0 0.107077 0.118632 0.0155315 0.0300367 0.580609
0 0.881484 0.43575 0.0161098 0.0368091 0.575335
0 0.0500225 0.834308 0.0167997 0.0298352 0.574742
0 0.918482 0.418229 0.0197033 0.0348743 0.568607
0 0.0357668 0.685131 0.0203364 0.0328343 0.563934
0 0.0263572 0.331894 0.022717 0.0375439 0.554548
0 0.0682076 0.0741847 0.0180366 0.0314456 0.553888
0 0.965563 0.322651 0.0168499 0.0295457 0.552983
0 0.904195 0.500065 0.0242554 0.0449193 0.552407
0 0.159091 0.332514 0.0269965 0.0505233 0.549565
0 0.207147 0.0704893 0.0215869 0.0444956 0.549065
0 0.716923 0.682364 0.0223862 0.0537205 0.549044
0 0.958457 0.506384 0.0219294 0.0372508 0.543678
0 0.0212972 0.13014 0.0169351 0.0275183 0.539472
0 0.0482259 0.0925128 0.0192631 0.0378562 0.538173
0 0.0933278 0.507284 0.0264122 0.0485791 0.536272
0 0.922184 0.267324 0.016008 0.0288566 0.535857
0 0.0838971 0.120453 0.0155972 0.0282776 0.535577
0 0.126319 0.0652076 0.0147725 0.0293283 0.528627
0 0.940535 0.976143 0.0167063 0.0339245 0.526518
0 0.936906 0.650593 0.0142269 0.0266522 0.519752
0 0.826986 0.712297 0.013302 0.0225382 0.518282
0 0.852217 0.749503 0.0183388 0.0370358 0.518001
0 0.0869851 0.596839 0.0164266 0.0297099 0.517849
0 0.0699405 0.831544 0.0184319 0.036399 0.514753
0 0.990329 0.782978 0.0193415 0.0502106 0.511729
0 0.148063 0.0205742 0.0235821 0.0408954 0.511622
0 0.0652615 0.196062 0.0184922 0.0286494 0.510085
0 0.00587513 0.535768 0.0117455 0.0373674 0.506486
0 0.125662 0.257333 0.017632 0.0343545 0.505972
0 0.883246 0.47488 0.0145798 0.0310972 0.50576
0 0.77941 0.754961 0.0147701 0.0328189 0.500145
0 0.926187 0.860607 0.0141651 0.0279963 0.499518
0 0.00742584 0.898298 0.0148034 0.028431 0.499313
0 0.114386 0.299482 0.0156286 0.0297603 0.498891
0 0.778362 0.658272 0.0137953 0.0284626 0.495562
0 0.898308 0.791563 0.0200005 0.0387293 0.487003
0 0.854268 0.270253 0.0184296 0.0396461 0.486112
0 0.0747832 0.0345485 0.0191921 0.0317287 0.485662
0 0.0763236 0.377731 0.0236995 0.0402083 0.4856
0 0.0546416 0.3661 0.0183861 0.0320021 0.478521
0 0.0481162 0.467356 0.0297442 0.0571811 0.478464
0 0.11496 0.440347 0.0129449 0.0228605 0.477678
0 0.940318 0.937729 0.0146324 0.0289958 0.474654
0 0.945847 0.696925 0.0144642 0.0241376 0.47061
0 0.18036 0.0799026 0.0263754 0.0563669 0.465717
0 0.132423 0.383877 0.0155995 0.0318166 0.465703
0 0.813252 0.430516 0.015667 0.0317135 0.465643
0 0.939357 0.757436 0.0159763 0.0297084 0.463812
0 0.0382234 0.775234 0.0137809 0.0370341 0.463141
0 0.158353 0.17196 0.0214266 0.0358242 0.457127
0 0.832596 0.324879 0.0131639 0.0240926 0.45441
0 0.943095 0.472651 0.0163872 0.0287201 0.454017
0 0.914562 0.331486 0.0141144 0.0259482 0.45359
0 0.992083 0.327991 0.0158203 0.0295722 0.446572
0 0.802971 0.526946 0.0177953 0.0330514 0.442965
0 0.914297 0.463021 0.0113853 0.0241504 0.442935
0 0.862951 0.654673 0.0152454 0.0352334 0.440854
0 0.886535 0.306168 0.0149635 0.0272767 0.439402
0 0.972168 0.759388 0.0200231 0.0344815 0.435711
0 0.976822 0.615276 0.0211338 0.0365117 0.433259
0 0.883278 0.54249 0.0176732 0.0335837 0.430178
0 0.829112 0.837328 0.0186089 0.0363695 0.429124
0 0.915504 0.704188 0.0212063 0.0366245 0.428816
0 0.814133 0.369723 0.0134716 0.0315799 0.42435
0 0.889609 0.404972 0.0147297 0.0276389 0.419222
0 0.822664 0.797138 0.0133558 0.02096 0.417028
0 0.882746 0.677357 0.0158579 0.0299704 0.416367
0 0.142212 0.227762 0.0206065 0.0425689 0.415049
0 0.88514 0.606377 0.0218441 0.043182 0.414975
0 0.111553 0.375044 0.0182278 0.0355362 0.414662
0 0.0674694 0.317879 0.020657 0.0354728 0.411274
0 0.781996 0.62063 0.0171317 0.0294923 0.411232
0 0.120124 0.335353 0.0121973 0.0203903 0.409788
0 0.0631358 0.794784 0.0237949 0.0407103 0.408525
0 0.93498 0.893347 0.0173771 0.0307387 0.40633
0 0.81551 0.554404 0.0140438 0.0226947 0.405901
0 0.899275 0.442428 0.0129759 0.0269605 0.404114
0 0.842406 0.905564 0.0175624 0.0319858 0.402751
0 0.796476 0.66408 0.0135021 0.0267766 0.400893
0 0.161007 0.175776 0.021729 0.0370485 0.399875
0 0.8658 0.315448 0.0170593 0.0327232 0.398394
0 0.853647 0.343474 0.017831 0.0332604 0.396396
0 0.0702459 0.874227 0.014994 0.0288179 0.39597
0 0.984985 0.399285 0.0176149 0.033107 0.395326
0 0.0121278 0.927511 0.0181551 0.0301631 0.394589
0 0.867281 0.929082 0.0170588 0.026946 0.392835
0 0.839851 0.870968 0.0136421 0.0264187 0.39273
0 0.100443 0.219442 0.0134078 0.0248879 0.391636
0 0.839672 0.947546 0.0143116 0.0320344 0.385108
0 0.037098 0.740432 0.0143489 0.021463 0.380986
0 0.976401 0.284009 0.0185139 0.0333286 0.380686
0 0.936398 0.526993 0.0181129 0.034839 0.379914
0 0.720767 0.791183 0.0202541 0.0341184 0.379797
0 0.0857178 0.192436 0.0165181 0.0244381 0.378454
0 0.0679708 0.675389 0.018659 0.0303969 0.375822
0 0.0791809 0.15515 0.0241724 0.0294233 0.375157
0 0.0351046 0.844803 0.0191746 0.0370195 0.373972
0 0.0984138 0.451069 0.0184717 0.0321075 0.372983
0 0.818225 0.958329 0.0191374 0.0399451 0.372418
0 0.0299567 0.296626 0.0167561 0.0295368 0.370834
0 0.970143 0.170242 0.017054 0.0345573 0.369519
0 0.136501 0.150224 0.0196894 0.029768 0.369491
0 0.0861774 0.348634 0.017 0.0342733 0.368952
0 0.793832 0.495735 0.0161037 0.0288781 0.365049
0 0.167089 0.200157 0.0182666 0.029757 0.364863
0 0.876379 0.976966 0.0219486 0.0359962 0.364741
0 0.811484 0.635907 0.0149107 0.03376 0.363309
0 0.967892 0.717708 0.0137539 0.0250939 0.360993
0 0.0303755 0.722066 0.0135842 0.0284841 0.356385
0 0.721365 0.964982 0.0287916 0.0506538 0.350279
0 0.95955 0.448982 0.010944 0.0208527 0.347466
0 0.964889 0.954086 0.0159063 0.030106 0.339555
0 0.805295 0.40124 0.0175976 0.0279909 0.338579
0 0.00450443 0.115791 0.00897159 0.0201991 0.338028
0 0.0458093 0.234122 0.0249766 0.0410302 0.335557
0 0.0688012 0.607821 0.0175761 0.0343675 0.334841
0 0.981961 0.507774 0.0137035 0.0277279 0.331714
0 0.167198 0.131423 0.0204947 0.0289662 0.329361
0 0.931014 0.228698 0.0162872 0.0318339 0.328111
0 0.956258 0.293453 0.0128361 0.0314418 0.32567
0 0.905321 0.294164 0.0162151 0.0280225 0.324445
0 0.81589 0.677069 0.018573 0.0353789 0.323652
0 0.927976 0.45926 0.0168194 0.0254862 0.323152
0 0.129498 0.123704 0.0160328 0.0279099 0.314507
0 0.993664 0.281193 0.0126714 0.0398744 0.313727
0 0.965419 0.577198 0.0152294 0.0292363 0.312701
0 0.789066 0.555693 0.0135423 0.0291211 0.311916
0 0.976043 0.889434 0.0200832 0.0359986 0.30818
0 0.182307 0.103799 0.0185123 0.0260308 0.306632
0 0.882202 0.64256 0.0172783 0.020334 0.306224
0 0.0346946 0.737417 0.0137665 0.0199614 0.306022
0 0.947641 0.729291 0.0179428 0.0264299 0.304293
0 0.992058 0.739477 0.015834 0.0277944 0.302854
0 0.878784 0.777292 0.020573 0.0420787 0.299836
0 0.980169 0.464254 0.019846 0.0381162 0.296586
0 0.0709761 0.274625 0.0167401 0.029907 0.295212
0 0.885016 0.599937 0.020451 0.0363586 0.291713
0 0.996634 0.853411 0.00673205 0.0297133 0.291575
0 0.0659731 0.0720645 0.019711 0.0320023 0.290597
0 0.824846 0.875378 0.0128067 0.0289263 0.290471
0 0.230415 0.0367611 0.0293159 0.0503925 0.288568
0 0.992746 0.362554 0.0145081 0.0311464 0.286579
0 0.116533 0.17574 0.018598 0.0319663 0.285593
0 0.166041 0.25801 0.0189222 0.0398351 0.285188
0 0.767511 0.909819 0.0151723 0.0262607 0.284864
0 0.0129664 0.639135 0.0179727 0.0269813 0.283205
0 0.862082 0.702405 0.020031 0.0366999 0.282539
0 0.903933 0.661597 0.0184597 0.0296383 0.278243
0 0.0444477 0.601486 0.0172576 0.0429316 0.277715
0 0.0422575 0.551633 0.0178292 0.0255863 0.272119
0 0.0135186 0.667369 0.0173017 0.0207022 0.269762
0 0.93763 0.402191 0.0158997 0.0340756 0.269025
0 0.184926 0.068265 0.0186409 0.0365444 0.268959
0 0.85857 0.797075 0.0168163 0.0283135 0.266591
0 0.912075 0.583019 0.0132452 0.0238749 0.266532
0 0.166974 0.26214 0.0163268 0.0330333 0.26641
0 0.705663 0.75812 0.0230128 0.050363 0.263255
0 0.990373 0.548384 0.0192549 0.0363954 0.263116
0 0.919412 0.975637 0.0190441 0.0351702 0.260133
0 0.79075 0.594828 0.0159686 0.0310588 0.257681
0 0.932243 0.688837 0.00975914 0.0264096 0.251321
0 0.775778 0.802787 0.0145708 0.029029 0.246433
0 0.0664384 0.225395 0.0126596 0.0264728 0.23945
0 0.0687529 0.109851 0.0162837 0.0290336 0.23823
0 0.020386 0.967098 0.0225971 0.0408993 0.236849
0 0.0420286 0.987918 0.0205541 0.02386 0.234611
0 0.77363 0.570783 0.0192312 0.0359258 0.23415
0 0.9031 0.551906 0.0169197 0.0295559 0.233799
0 0.740209 0.581723 0.0155019 0.0305498 0.233433
0 0.993168 0.232075 0.0136127 0.026997 0.233174
0 0.884358 0.613539 0.0231232 0.0413086 0.231179
0 0.0463247 0.607404 0.0175058 0.0373145 0.229398
0 0.0327706 0.726644 0.0145129 0.0314311 0.229333
0 0.797971 0.431219 0.0182704 0.0331351 0.227818
0 0.0152895 0.0404355 0.015667 0.0224399 0.227298
0 0.983009 0.955621 0.0163132 0.034655 0.225918
0 0.912823 0.464749 0.0135384 0.0256268 0.2255
0 0.165611 0.253235 0.0224293 0.0504014 0.224733
0 0.768016 0.700141 0.0190146 0.0332993 0.224395
0 0.994626 0.905861 0.0107478 0.0307051 0.222619
0 0.905821 0.261145 0.0174168 0.0261677 0.219021
0 0.919384 0.816801 0.0124903 0.0250532 0.216936
0 0.0380294 0.744511 0.0144388 0.0188941 0.214516
0 0.929349 0.689471 0.0110798 0.0252647 0.212249
0 0.740654 0.817393 0.0166963 0.0279304 0.211045
0 0.836219 0.780621 0.0146959 0.0253238 0.210999
0 0.760638 0.89677 0.0226561 0.0443064 0.210337
0 0.764092 0.658419 0.0144062 0.0357035 0.210293
0 0.893481 0.829495 0.0159657 0.0242588 0.208857
0 0.182094 0.0713763 0.0233347 0.0410044 0.204694
0 0.873151 0.228904 0.0145565 0.0266345 0.203993
0 0.0446513 0.466788 0.0251816 0.0471996 0.203634
0 0.830837 0.482896 0.0184063 0.0334781 0.200709
0 0.794074 0.838313 0.021973 0.0357581 0.200614
0 0.123375 0.411687 0.0165008 0.0226006 0.198269
0 0.989721 0.736471 0.0166044 0.0323004 0.194609
0 0.731739 0.75809 0.0176014 0.0349891 0.193789
0 0.0315489 0.0210746 0.01634 0.0259578 0.191572
0 0.0903224 0.155975 0.0130768 0.0256342 0.189128
0 0.894615 0.790892 0.0188465 0.0396709 0.189049
0 0.901852 0.365591 0.0168196 0.0263513 0.187753
0 0.0521293 0.362092 0.0221422 0.0386893 0.186052
0 0.0662762 0.60744 0.0215327 0.0392873 0.184722
0 0.977381 0.842465 0.0165012 0.0241448 0.184562
0 0.140569 0.233345 0.0204566 0.0308867 0.183454
0 0.867088 0.848963 0.0248226 0.0381029 0.183009
0 0.989379 0.120959 0.015593 0.0297148 0.181797
0 0.833307 0.652983 0.0181734 0.031085 0.180022
0 0.935212 0.812967 0.016827 0.0259884 0.177906
0 0.062652 0.969777 0.0262902 0.041235 0.175248
0 0.750524 0.71349 0.0170813 0.0340258 0.171834
0 0.865304 0.70341 0.0135883 0.0295592 0.171676
0 0.908346 0.89234 0.0170887 0.0312578 0.171377
0 0.992834 0.699006 0.0143326 0.0245777 0.17005
0 0.803945 0.780713 0.0223354 0.0382348 0.169638
0 0.847846 0.558858 0.0160233 0.0378841 0.169358
0 0.109327 0.371578 0.0215371 0.0390683 0.169173
0 0.00669622 0.480342 0.0130997 0.0223444 0.167131
0 0.757738 0.757311 0.0164881 0.0332109 0.167092
0 0.955254 0.635353 0.0140976 0.0306015 0.165917
0 0.0424183 0.593561 0.0165782 0.0404437 0.165284
0 0.0687367 0.66448 0.0219903 0.0504452 0.164086
0 0.995989 0.406156 0.00802155 0.0333742 0.164062
0 0.992899 0.274191 0.0142024 0.0526201 0.163955
0 0.832648 0.647741 0.0177265 0.0375069 0.160762
0 0.920847 0.766266 0.0166281 0.0303589 0.158271
0 0.0533638 0.183662 0.0167441 0.0299878 0.156399
0 0.866517 0.854876 0.0207287 0.0343533 0.155865
0 0.969991 0.381461 0.0169498 0.0266101 0.155378
0 0.0533927 0.875729 0.0153438 0.0291687 0.155213
0 0.772302 0.510467 0.0210609 0.0325155 0.155053
0 0.775447 0.51291 0.0206656 0.0340296 0.153865
0 0.0843009 0.00691424 0.0216122 0.0137894 0.152094
0 0.986687 0.733875 0.0164772 0.0321082 0.150762
