0 0.968749 0.518398 0.0551978 0.0221158 0.718196
0 0.889039 0.412519 0.0600155 0.0191904 0.713876
0 0.485643 0.380931 0.0568579 0.0241221 0.712693
0 0.814581 0.556425 0.057652 0.0200732 0.710927
0 0.33378 0.423491 0.0610065 0.0216566 0.708403
0 0.792293 0.329597 0.0664753 0.0214287 0.708193
0 0.445387 0.574954 0.0524526 0.0202119 0.702497
0 0.912557 0.825111 0.0581868 0.0205725 0.700928
0 0.266693 0.636766 0.0608422 0.0194564 0.698976
0 0.680942 0.718385 0.0550412 0.0203894 0.698073
0 0.436278 0.544727 0.0609808 0.0203402 0.698042
0 0.948737 0.351329 0.0626254 0.0271062 0.697948
0 0.367625 0.58119 0.0497701 0.0210895 0.697413
0 0.099052 0.748335 0.0579155 0.0169989 0.695844
0 0.180647 0.674351 0.0522905 0.0180235 0.695736
0 0.527462 0.623684 0.0617839 0.0178319 0.695335
0 0.634815 0.338367 0.0646416 0.0195249 0.69499
0 0.911299 0.887517 0.0521189 0.021352 0.694903
0 0.438446 0.510487 0.0618784 0.0225959 0.693852
0 0.821543 0.494283 0.0476324 0.0159696 0.693752
0 0.68277 0.68635 0.059119 0.020075 0.692612
0 0.2677 0.705323 0.0550957 0.0192049 0.691241
0 0.848401 0.748827 0.0593964 0.0172807 0.690643
0 0.785681 0.298594 0.0620061 0.0235788 0.689847
0 0.162136 0.828856 0.0634655 0.0239722 0.689621
0 0.915504 0.918741 0.0584515 0.0205773 0.688859
0 0.0942217 0.863748 0.0498534 0.0211208 0.688624
0 0.715711 0.366163 0.0617151 0.022232 0.688209
0 0.912421 0.951133 0.0583331 0.0206899 0.688043
0 0.517682 0.694354 0.0526086 0.0200893 0.687282
0 0.801469 0.391845 0.0504736 0.0184011 0.687135
0 0.95877 0.986472 0.07035 0.0264703 0.687075
0 0.350559 0.668672 0.0524009 0.019681 0.686627
0 0.224126 0.524751 0.0535568 0.019253 0.686366
0 0.346018 0.772074 0.0528954 0.0197904 0.685213
0 0.183124 0.433915 0.0495325 0.0192978 0.684992
0 0.9381 0.634471 0.054275 0.0217041 0.684637
0 0.252032 0.399163 0.0525235 0.0181281 0.684171
0 0.638117 0.371137 0.0543553 0.0251529 0.684061
0 0.812799 0.527213 0.0537998 0.0226484 0.684005
0 0.129411 0.624252 0.0570423 0.0189269 0.683713
0 0.0401476 0.125767 0.0422623 0.0191271 0.683478
0 0.158044 0.337171 0.0479168 0.0171156 0.683327
0 0.260136 0.430397 0.0553493 0.020427 0.682827
0 0.874805 0.389644 0.0615995 0.0196775 0.681986
0 0.776253 0.613908 0.0657624 0.0217872 0.681984
0 0.422753 0.301143 0.0493971 0.0210774 0.681765
0 0.876862 0.351573 0.0509642 0.0183335 0.681155
0 0.570911 0.409116 0.0608184 0.0227863 0.680836
0 0.480253 0.00761558 0.0471313 0.015223 0.680045
0 0.244034 0.362895 0.0568411 0.0202556 0.679828
0 0.557585 0.344371 0.0626692 0.0220253 0.679756
0 0.0928228 0.405116 0.0640166 0.0208029 0.67922
0 0.759198 0.750857 0.0640065 0.0168703 0.678919
0 0.287636 0.583239 0.0632604 0.0227088 0.678824
0 0.607786 0.689277 0.0504565 0.0188806 0.678193
0 0.826419 0.162816 0.0536002 0.0193385 0.677833
0 0.835171 0.925134 0.0529337 0.0212576 0.67756
0 0.85211 0.641125 0.0640098 0.0189255 0.677181
0 0.516741 0.540702 0.0511512 0.0193866 0.676848
0 0.587807 0.566399 0.0559015 0.0198411 0.676381
0 0.939927 0.706184 0.057898 0.0232175 0.676142
0 0.0642298 0.594556 0.0516739 0.018007 0.674964
0 0.554263 0.311853 0.0592066 0.0196759 0.674572
0 0.434191 0.25884 0.0569754 0.0221089 0.674519
0 0.579623 0.59879 0.0498581 0.0179884 0.674219
0 0.893527 0.52214 0.0550765 0.0205404 0.674161
0 0.932878 0.227624 0.0569117 0.0189737 0.674145
0 0.277906 0.613726 0.0567625 0.0183892 0.673476
0 0.416777 0.419436 0.0551847 0.0216013 0.673147
0 0.843767 0.893496 0.0565705 0.0196108 0.673111
0 0.889421 0.489256 0.0597593 0.0194354 0.672914
0 0.406387 0.354173 0.0534978 0.0184979 0.672876
0 0.604953 0.621869 0.0434966 0.018541 0.67229
0 0.307649 0.820852 0.0513504 0.0197563 0.671993
0 0.437432 0.605998 0.0507367 0.0184344 0.671655
0 0.533432 0.217699 0.0683621 0.021778 0.67134
0 0.805987 0.419433 0.0628858 0.0192015 0.671156
0 0.0306661 0.447713 0.0543656 0.0211263 0.671143
0 0.745717 0.530069 0.053317 0.0224371 0.67081
0 0.946147 0.600486 0.0539618 0.0193159 0.670411
0 0.261205 0.743849 0.0524216 0.0155687 0.670366
0 0.718896 0.238803 0.0557034 0.0212841 0.670004
0 0.535466 0.250004 0.0576228 0.0237692 0.669967
0 0.863904 0.294734 0.0581929 0.0169837 0.669602
0 0.0852915 0.374449 0.0549442 0.0188608 0.669531
0 0.627726 0.248446 0.055587 0.0194831 0.669313
0 0.83456 0.196299 0.050628 0.018225 0.669145
0 0.925506 0.74047 0.0581837 0.0208847 0.668635
0 0.210937 0.588641 0.0500494 0.0185195 0.668428
0 0.178905 0.745531 0.0529926 0.019891 0.668362
0 0.242947 0.795103 0.0466729 0.0189367 0.668131
0 0.639712 0.203823 0.04607 0.0194346 0.667923
0 0.327152 0.357977 0.05306 0.0220305 0.667361
0 0.292297 0.549883 0.0552763 0.0206905 0.667214
0 0.476301 0.347068 0.0574581 0.0184459 0.667023
0 0.140145 0.558716 0.0526449 0.0183777 0.666497
0 0.673583 0.534045 0.0597834 0.020782 0.666201
0 0.440135 0.629326 0.0551087 0.0208418 0.666065
0 0.762656 0.716443 0.0543092 0.016918 0.66562
0 0.877123 0.584797 0.0636771 0.0219781 0.665541
0 0.623362 0.964569 0.0556673 0.0200712 0.665359
0 0.460535 0.812463 0.0453225 0.0171665 0.665291
0 0.454624 0.193332 0.0507525 0.0190682 0.665004
0 0.687615 0.803863 0.0520815 0.0204158 0.66498
0 0.342596 0.305108 0.0557487 0.0188339 0.664722
0 0.339463 0.267198 0.0562203 0.0220611 0.664612
0 0.921933 0.764073 0.0504147 0.0176902 0.66459
0 0.103303 0.439539 0.0569736 0.0184726 0.664589
0 0.181786 0.707931 0.051833 0.0180273 0.664188
0 0.937776 0.671211 0.0515529 0.0193309 0.664061
0 0.0220413 0.412008 0.0435956 0.0222626 0.664048
0 0.322517 0.391267 0.0579585 0.0195493 0.664042
0 0.964688 0.382815 0.0531211 0.0196407 0.664016
0 0.871162 0.327945 0.0576598 0.0213353 0.663945
0 0.344576 0.737607 0.0607871 0.0178702 0.663556
0 0.0665676 0.532051 0.04885 0.017948 0.663291
0 0.851878 0.713608 0.0525135 0.0158937 0.662937
0 0.689421 0.648162 0.0516621 0.0177723 0.662899
0 0.593196 0.504208 0.0534825 0.0196581 0.662827
0 0.866808 0.606221 0.0651179 0.0172275 0.662384
0 0.175811 0.402331 0.0533021 0.0220089 0.661912
0 0.833191 0.956088 0.0580461 0.0189966 0.661805
0 0.830168 0.231528 0.0486409 0.0208318 0.661792
0 0.0971678 0.678196 0.0478575 0.0163473 0.66175
0 0.518999 0.292571 0.0619478 0.0211156 0.661641
0 0.0784176 0.343496 0.0542301 0.0190365 0.661042
0 0.134776 0.58872 0.0557449 0.021763 0.660768
0 0.438041 0.482218 0.0527451 0.0209948 0.660533
0 0.24087 0.331946 0.0420676 0.0176808 0.660224
0 0.718352 0.142896 0.0496647 0.0199009 0.660009
0 0.88914 0.552681 0.0551889 0.0201189 0.659936
0 0.517905 0.657963 0.0559893 0.0216463 0.659879
0 0.589278 0.051399 0.048106 0.0174976 0.659681
0 0.941354 0.288944 0.0668227 0.019207 0.658963
0 0.627279 0.305617 0.0610564 0.0203478 0.658946
0 0.560365 0.129951 0.045173 0.0186545 0.658705
0 0.602331 0.652206 0.0654052 0.0170185 0.658584
0 0.742518 0.465714 0.0496031 0.0187013 0.658217
0 0.978039 0.94585 0.0438088 0.01875 0.65817
0 0.452361 0.221464 0.0477247 0.021358 0.657954
0 0.166187 0.370007 0.0524525 0.0192165 0.657886
0 0.0996877 0.71679 0.0506386 0.0176945 0.657803
0 0.550799 0.80882 0.049427 0.0190018 0.657753
0 0.710163 0.305094 0.0522957 0.0218067 0.657534
0 0.435034 0.733146 0.0517202 0.0192386 0.657396
0 0.724436 0.281838 0.0609098 0.0234584 0.657312
0 0.909389 0.79266 0.0473837 0.016429 0.656939
0 0.160403 0.860702 0.0525064 0.0208628 0.655787
0 0.771059 0.646333 0.0534671 0.0216568 0.655424
0 0.525886 0.508043 0.0519722 0.0192539 0.655258
0 0.210105 0.620267 0.0578961 0.0221771 0.655253
0 0.396879 0.9838 0.0492129 0.0209492 0.655237
0 0.654079 0.43051 0.0492518 0.0188894 0.65502
0 0.220675 0.552327 0.0498069 0.0182989 0.654643
0 0.587489 0.0868114 0.0487476 0.0183499 0.654332
0 0.728557 0.422484 0.0540966 0.0204954 0.654086
0 0.913236 0.436704 0.0472877 0.0175429 0.654
0 0.598854 0.724428 0.0506123 0.0202284 0.653903
0 0.347738 0.703311 0.0555881 0.0196756 0.653586
0 0.597278 0.75684 0.0505257 0.0176277 0.653539
0 0.667733 0.501259 0.057154 0.0181009 0.652755
0 0.833462 0.0720416 0.0490638 0.0184284 0.652537
0 0.0210161 0.380769 0.0416821 0.0210611 0.652254
0 0.854497 0.677499 0.05449 0.0176719 0.652144
0 0.141738 0.527926 0.0555674 0.0184823 0.65164
0 0.592939 0.537034 0.0581621 0.0201306 0.651523
0 0.473967 0.317318 0.0598464 0.0200368 0.651506
0 0.117688 0.175937 0.0478852 0.0171721 0.651427
0 0.915175 0.854692 0.0547509 0.0164736 0.650485
0 0.101237 0.64523 0.0512868 0.0201838 0.650364
0 0.264707 0.458407 0.0552542 0.0171883 0.650114
0 0.676347 0.753597 0.0544628 0.0195422 0.649881
0 0.353066 0.631996 0.0540298 0.0158453 0.649279
0 0.910735 0.270549 0.056059 0.0198738 0.649168
0 0.688433 0.614965 0.060836 0.0189646 0.648997
0 0.727689 0.197233 0.0597229 0.0197071 0.648758
0 0.517645 0.960027 0.0557517 0.0196224 0.648696
0 0.356624 0.610878 0.0509349 0.0204585 0.64861
0 0.510888 0.477945 0.0575572 0.0193151 0.648454
0 0.272307 0.307885 0.0498847 0.0168041 0.648299
0 0.401752 0.387147 0.0577469 0.0152887 0.648015
0 0.657878 0.0477877 0.0554665 0.0171507 0.646909
0 0.793423 0.361492 0.0566501 0.0254089 0.646341
0 0.0467725 0.179399 0.0498084 0.0193904 0.645994
0 0.383941 0.142268 0.0486558 0.0162575 0.645976
0 0.532591 0.905417 0.052024 0.0197584 0.645279
0 0.27115 0.669622 0.046111 0.019717 0.645181
0 0.726349 0.591141 0.0420487 0.0190202 0.645031
0 0.760813 0.798416 0.0448769 0.0186729 0.644855
0 0.434082 0.662659 0.0510014 0.0165222 0.644253
0 0.140999 0.281975 0.0512885 0.0182959 0.643964
0 0.0802446 0.785513 0.0527185 0.0177189 0.643498
0 0.186162 0.640755 0.0517062 0.0165775 0.643007
0 0.921493 0.123615 0.0507474 0.0201697 0.642803
0 0.317817 0.981897 0.0486861 0.0181042 0.642798
0 0.66997 0.471539 0.0482866 0.0195585 0.642754
0 0.0818473 0.834654 0.0516649 0.0215486 0.6421
0 0.706799 0.949527 0.0530864 0.0194374 0.641929
0 0.964429 0.548992 0.0547932 0.0212296 0.641413
0 0.488513 0.161849 0.0496672 0.0203383 0.641309
0 0.240009 0.822859 0.05946 0.0182163 0.641257
0 0.74268 0.496704 0.0519868 0.0171683 0.641226
0 0.19093 0.175775 0.0471097 0.0191708 0.641173
0 0.740919 0.559767 0.0529362 0.0159235 0.640989
0 0.253925 0.0684201 0.048337 0.0181581 0.639754
0 0.218617 0.0442069 0.0537547 0.0195306 0.63942
0 0.182912 0.07137 0.045265 0.0170434 0.638397
0 0.816513 0.460303 0.0485582 0.0185749 0.638329
0 0.570244 0.433819 0.0530482 0.0182332 0.638314
0 0.334613 0.871983 0.0605826 0.0190952 0.637782
0 0.0219967 0.682419 0.0439934 0.0173167 0.637724
0 0.72451 0.401429 0.049066 0.0163307 0.637327
0 0.775857 0.676579 0.047359 0.0156985 0.637274
0 0.539986 0.181508 0.0501147 0.0183091 0.636287
0 0.397323 0.323078 0.0537601 0.0204839 0.636226
0 0.341016 0.451781 0.0537056 0.0192388 0.636158
0 0.08765 0.204679 0.0490386 0.0174241 0.63607
0 0.365278 0.484176 0.0506357 0.0188824 0.635712
0 0.980132 0.855054 0.0397358 0.0213356 0.635547
0 0.978108 0.787383 0.0436035 0.0198988 0.635491
0 0.0743645 0.0457304 0.0448511 0.0187772 0.635283
0 0.127871 0.892484 0.0503207 0.0187521 0.635075
0 0.76223 0.770705 0.0459458 0.0161306 0.634931
0 0.511244 0.602124 0.0559533 0.0180549 0.634337
0 0.159708 0.920708 0.0461003 0.0182431 0.63407
0 0.696019 0.978522 0.059794 0.0188099 0.633882
0 0.0214371 0.835546 0.0414586 0.0172424 0.633382
0 0.555327 0.372004 0.0491253 0.0186449 0.632484
0 0.773341 0.894024 0.0421062 0.015769 0.632077
0 0.715048 0.333263 0.0560613 0.0182992 0.631741
0 0.51305 0.573301 0.0528424 0.0193315 0.631026
0 0.041708 0.0742378 0.0520675 0.0178093 0.630903
0 0.018392 0.718864 0.036784 0.0172537 0.630852
0 0.289332 0.896875 0.0493175 0.0178341 0.630833
0 0.979036 0.881702 0.0419274 0.0206116 0.630533
0 0.105509 0.469026 0.0480071 0.0162609 0.629215
0 0.199591 0.228363 0.0456959 0.0184681 0.628628
0 0.214511 0.492732 0.0540827 0.0163284 0.628267
0 0.434561 0.69896 0.0511081 0.0163961 0.626711
0 0.28713 0.490146 0.0524302 0.0190622 0.626505
0 0.627071 0.807667 0.0510319 0.0258394 0.626497
0 0.119476 0.946294 0.0445994 0.0176956 0.626238
0 0.860023 0.130104 0.0471698 0.0174051 0.625936
0 0.56532 0.932705 0.0492137 0.0164398 0.625808
0 0.850684 0.768871 0.0419459 0.0140887 0.625413
0 0.417624 0.873046 0.049016 0.0182812 0.625276
0 0.768769 0.445322 0.0454041 0.0155144 0.625208
0 0.689373 0.44972 0.0434196 0.0140231 0.624689
0 0.331396 0.791894 0.0515318 0.016606 0.624528
0 0.501905 0.877856 0.0403837 0.0164924 0.624179
0 0.361965 0.547787 0.049478 0.0162029 0.624024
0 0.946638 0.40634 0.0438975 0.0160814 0.623469
0 0.327062 0.844521 0.0469037 0.0178814 0.623321
0 0.259448 0.776754 0.0495157 0.0166302 0.623004
0 0.727965 0.0168041 0.0497404 0.0173217 0.621986
0 0.478701 0.985529 0.0535153 0.0199527 0.621
0 0.190286 0.799813 0.0427244 0.0183982 0.620541
0 0.517463 0.72627 0.0509607 0.01772 0.618255
0 0.75871 0.103717 0.0475088 0.0177019 0.617871
0 0.166366 0.255344 0.0542068 0.0198357 0.617174
0 0.233967 0.198908 0.0498335 0.0201223 0.61683
0 0.685779 0.866658 0.0513676 0.0193546 0.616575
0 0.695301 0.77391 0.0508483 0.0161715 0.616022
0 0.84006 0.793409 0.0463854 0.0140293 0.615726
0 0.829604 0.828379 0.041907 0.0160326 0.615459
0 0.0203964 0.153475 0.0404893 0.0200293 0.614785
0 0.748116 0.0413303 0.0494744 0.0175292 0.613864
0 0.355144 0.517071 0.0500489 0.0223213 0.613705
0 0.618247 0.908265 0.0479151 0.0178402 0.613407
0 0.305762 0.325847 0.0549705 0.0182736 0.612506
0 0.395772 0.816335 0.0429545 0.0142164 0.611663
0 0.510063 0.763568 0.0463555 0.0169392 0.610606
0 0.0401839 0.0199298 0.049915 0.0201915 0.609809
0 0.381164 0.899673 0.0391417 0.0156395 0.609638
0 0.831323 0.858045 0.0415929 0.0142968 0.609336
0 0.449937 0.90229 0.0515031 0.0201218 0.609328
0 0.107345 0.0717166 0.044251 0.0159959 0.60902
0 0.280087 0.277129 0.0392523 0.0145888 0.608157
0 0.687771 0.0851942 0.0436743 0.0176697 0.60762
0 0.0288621 0.94461 0.0469829 0.0155289 0.607249
0 0.672265 0.596218 0.0515674 0.0164173 0.607028
0 0.76567 0.962424 0.0450817 0.0175259 0.606914
0 0.488233 0.031493 0.0470181 0.0175557 0.606759
0 0.427309 0.446742 0.0429114 0.0159616 0.606084
0 0.525427 0.0892166 0.0495332 0.0174767 0.605867
0 0.126167 0.229551 0.0479513 0.0180662 0.605081
0 0.737805 0.171477 0.0593087 0.0198277 0.604938
0 0.0671126 0.974719 0.051565 0.017313 0.603992
0 0.0677799 0.50398 0.0412735 0.0169561 0.603867
0 0.150524 0.202637 0.046556 0.0169669 0.603462
0 0.825419 0.103341 0.0484885 0.0189615 0.603303
0 0.7576 0.927404 0.046961 0.0219049 0.603071
0 0.419142 0.014495 0.0404779 0.0151984 0.602743
0 0.606262 0.84064 0.055633 0.0214447 0.602241
0 0.438548 0.767324 0.0464988 0.0176285 0.601888
0 0.7949 0.993645 0.0506348 0.01271 0.601843
0 0.615756 0.283418 0.052944 0.0169457 0.599601
0 0.586026 0.473736 0.0459621 0.0161083 0.599274
0 0.445022 0.107046 0.0406873 0.0171213 0.598708
0 0.937572 0.1571 0.0634886 0.019485 0.598378
0 0.491169 0.0644209 0.0464492 0.0141715 0.597863
0 0.210122 0.894808 0.049414 0.0189775 0.596663
0 0.195454 0.94713 0.0483822 0.0189362 0.595487
0 0.761288 0.862797 0.0445055 0.0133545 0.594433
0 0.540375 0.457312 0.0434916 0.0153078 0.593937
0 0.0136091 0.754313 0.0272182 0.0239456 0.59387
0 0.501473 0.438503 0.042016 0.0146536 0.593685
0 0.150924 0.481531 0.0494113 0.0180441 0.593154
0 0.0554271 0.231004 0.0475602 0.0168542 0.592441
0 0.96596 0.0605107 0.0460518 0.0218395 0.59179
0 0.583544 0.878735 0.0464367 0.0184851 0.5915
0 0.963376 0.578423 0.0498735 0.0164656 0.591113
0 0.981964 0.820696 0.0360351 0.01418 0.590192
0 0.29864 0.522833 0.0465403 0.0179186 0.589677
0 0.229994 0.146702 0.0509698 0.0214896 0.589636
0 0.253706 0.870904 0.0489239 0.0182868 0.588762
0 0.982686 0.911985 0.0346287 0.0176071 0.588232
0 0.15469 0.973373 0.0442615 0.0176879 0.588204
0 0.389917 0.7873 0.0437812 0.0159124 0.587961
0 0.472001 0.125462 0.04975 0.0149246 0.587017
0 0.0752877 0.0999851 0.0510609 0.019731 0.585628
0 0.236503 0.852594 0.0427253 0.014912 0.585597
0 0.616564 0.454994 0.049367 0.0145319 0.585259
0 0.0154828 0.348922 0.0309656 0.0181684 0.58326
0 0.645311 0.0159036 0.0509802 0.0183649 0.582645
0 0.0594728 0.565492 0.0467775 0.0185093 0.582481
0 0.691192 0.110264 0.0652641 0.0166485 0.582283
0 0.290623 0.1954 0.0531734 0.0198771 0.582162
0 0.642116 0.174447 0.0499732 0.0195354 0.580248
0 0.892299 0.0666172 0.0442084 0.0147909 0.579791
0 0.355495 0.95608 0.0469571 0.0178955 0.579543
0 0.783238 0.134335 0.0490845 0.0157714 0.578995
0 0.218918 0.0960187 0.0425462 0.0167572 0.577416
0 0.170543 0.781678 0.0462241 0.0146778 0.576003
0 0.491926 0.415437 0.0474537 0.015762 0.575628
0 0.0252635 0.207002 0.045489 0.0177254 0.575506
0 0.110611 0.805243 0.0394668 0.0126739 0.574804
0 0.235006 0.253685 0.0494862 0.0187224 0.574429
0 0.135944 0.50134 0.0498557 0.01675 0.573818
0 0.550758 0.781125 0.0511733 0.0163608 0.572926
0 0.610258 0.127805 0.039522 0.0151797 0.572453
0 0.662646 0.40666 0.0441245 0.0129148 0.572339
0 0.856395 0.441495 0.0436125 0.017309 0.571765
0 0.76737 0.831056 0.0555902 0.0129265 0.569836
0 0.17989 0.463352 0.0409034 0.0124258 0.568901
0 0.799928 0.038767 0.0379932 0.0149474 0.568806
0 0.0211129 0.647284 0.0391437 0.0151802 0.568241
0 0.813704 0.587503 0.037403 0.0122164 0.566215
0 0.0150869 0.787668 0.0301738 0.020707 0.565967
0 0.14978 0.0467518 0.0422091 0.0157867 0.565057
0 0.337859 0.0150209 0.0443546 0.0166915 0.564371
0 0.495898 0.929867 0.0426288 0.0150087 0.564309
0 0.0532746 0.627634 0.0546978 0.0204935 0.564248
0 0.820958 0.274671 0.0526962 0.0173967 0.562876
0 0.0732645 0.485693 0.0407359 0.014846 0.558567
0 0.41156 0.173324 0.0528583 0.0150117 0.557921
0 0.432803 0.0762385 0.0463845 0.0143836 0.547961
0 0.953611 0.456652 0.0541731 0.0183109 0.54788
0 0.0211323 0.809936 0.0398071 0.0133362 0.547167
0 0.914236 0.0926189 0.0537915 0.0161245 0.545905
0 0.117328 0.127226 0.0440613 0.0150764 0.54558
0 0.633889 0.146263 0.0511492 0.014796 0.544397
0 0.385747 0.842215 0.0445644 0.0138313 0.539211
0 0.421996 0.0346122 0.0465069 0.0137927 0.536266
0 0.962588 0.021048 0.0495571 0.0137362 0.535812
0 0.564352 0.159254 0.0448889 0.0165715 0.535593
0 0.576378 0.0231574 0.0449852 0.0157544 0.532332
0 0.666552 0.563813 0.0585908 0.0171694 0.530732
0 0.467216 0.83641 0.0587326 0.014906 0.530468
0 0.697379 0.897778 0.045438 0.0150827 0.530408
0 0.452804 0.958113 0.039477 0.0115631 0.529214
0 0.866907 0.981772 0.0403541 0.0129413 0.528896
0 0.399758 0.468198 0.0370306 0.0122212 0.527916
0 0.893248 0.0292799 0.0408658 0.0153938 0.527512
0 0.879826 0.00483909 0.0413067 0.00961717 0.527009
0 0.986576 0.121794 0.026038 0.0185786 0.526824
0 0.327203 0.925044 0.0454884 0.0142197 0.526759
0 0.612597 0.779867 0.048185 0.0146358 0.524279
0 0.356585 0.0427813 0.0359954 0.0137149 0.520742
0 0.980865 0.759145 0.038221 0.0204607 0.514173
0 0.890774 0.458743 0.0439049 0.0159894 0.510979
0 0.63502 0.869766 0.0402061 0.016951 0.503868
0 0.0146501 0.869157 0.0291296 0.0155544 0.503617
0 0.325946 0.172989 0.0418114 0.0145402 0.501345
0 0.982457 0.0847936 0.0346838 0.0153645 0.500936
0 0.0106498 0.599243 0.0212995 0.0192436 0.494242
0 0.935462 0.189337 0.0405628 0.0140404 0.493285
0 0.0163519 0.0986077 0.0326203 0.0175609 0.490121
0 0.246695 0.923099 0.0355086 0.0182304 0.486755
0 0.0855894 0.15126 0.0538939 0.0191742 0.473774
0 0.577311 0.00298273 0.0453986 0.00590289 0.472759
0 0.074564 0.917099 0.0395286 0.0153091 0.468395
0 0.233673 0.98099 0.0410535 0.0139318 0.468284
0 0.62022 0.993769 0.0694586 0.0124611 0.465658
0 0.0320516 0.473199 0.0453274 0.0132883 0.4625
0 0.0953382 0.257728 0.0494429 0.0185042 0.458613
0 0.463917 0.784122 0.032948 0.0130495 0.454379
0 0.463857 0.461186 0.0457113 0.0183737 0.449108
0 0.987567 0.262403 0.0239081 0.0219927 0.448997
0 0.0287939 0.994884 0.050543 0.0102316 0.4476
0 0.803349 0.00617176 0.0460164 0.0123435 0.446362
0 0.0114253 0.515752 0.0228506 0.0140905 0.435952
0 0.078565 0.274225 0.0401944 0.0146551 0.434168
0 0.666597 0.569461 0.0559703 0.0138289 0.43065
0 0.956666 0.487897 0.0555404 0.0167653 0.414103
0 0.150001 0.0947062 0.0430656 0.0160329 0.406586
0 0.208503 0.279493 0.0490805 0.018717 0.405658
0 0.191788 0.12131 0.0431512 0.0114955 0.401289
0 0.38157 0.107056 0.0380334 0.01201 0.395779
0 0.0107684 0.536624 0.0215368 0.0186775 0.387937
0 0.276088 0.227612 0.0598546 0.0226234 0.384343
0 0.113158 0.996473 0.0458127 0.00705442 0.373706
0 0.299175 0.044169 0.03867 0.0146258 0.346838
0 0.0104569 0.0471159 0.0209137 0.0201033 0.339973
0 0.991513 0.401229 0.0160027 0.0156215 0.338087
0 0.990987 0.738385 0.0168142 0.0198438 0.322501
0 0.986401 0.434128 0.0268536 0.0164165 0.320414
0 0.30378 0.144723 0.0456754 0.0195816 0.317
0 0.753306 0.0841713 0.0496759 0.0136073 0.316338
0 0.963988 0.322146 0.0438868 0.019385 0.309633
0 0.255794 0.121728 0.0414347 0.0177066 0.29415
0 0.19315 0.997495 0.0574874 0.00500986 0.28677
0 0.991102 0.222906 0.0166356 0.0176404 0.275551
0 0.939611 0.327728 0.0454724 0.0143628 0.271855
0 0.0085726 0.568798 0.0167443 0.0198534 0.268442
0 0.0103463 0.228131 0.0203768 0.0152526 0.263921
0 0.280721 0.949763 0.043457 0.0169258 0.257447
0 0.156669 0.152453 0.0504371 0.00955285 0.250137
0 0.992577 0.665037 0.0138064 0.0186794 0.226708
0 0.692495 0.835775 0.0452784 0.0143337 0.213709
0 0.311086 0.472962 0.0421786 0.0122043 0.208845
0 0.277714 0.0893039 0.0452145 0.012063 0.204176
0 0.964537 0.48697 0.0650605 0.0175942 0.191622
0 0.00838444 0.30567 0.0167689 0.0194395 0.190836
0 0.0876322 0.260775 0.0455486 0.0157317 0.186723
0 0.96034 0.319957 0.048112 0.0162758 0.1846
0 0.156154 0.15451 0.0500731 0.0094004 0.182497
0 0.954609 0.32217 0.0529323 0.0188542 0.165085
