0 0.102548 0.748428 0.0208547 0.0358053 0.693711
0 0.121362 0.0953434 0.0224381 0.039775 0.690524
0 0.491601 0.865267 0.0240078 0.0437086 0.688433
0 0.0274979 0.562333 0.0283609 0.0517186 0.683696
0 0.763229 0.390024 0.0197926 0.0378393 0.679587
0 0.0768972 0.467604 0.0257647 0.0393492 0.677645
0 0.157648 0.536603 0.022694 0.0347321 0.672226
0 0.369938 0.737292 0.0255446 0.046405 0.671472
0 0.157958 0.675003 0.0363962 0.0662076 0.670171
0 0.111056 0.488437 0.0200693 0.0387629 0.667867
0 0.329646 0.480494 0.0286659 0.0448782 0.667114
0 0.0143142 0.205107 0.0252838 0.0439823 0.666493
0 0.4826 0.574942 0.0238434 0.0418779 0.666175
0 0.185959 0.365129 0.0230173 0.0482217 0.665654
0 0.740473 0.491461 0.0275784 0.0523266 0.66028
0 0.144154 0.880881 0.0215115 0.0353558 0.657374
0 0.425144 0.461129 0.020549 0.03574 0.654264
0 0.405733 0.638899 0.0206166 0.0438773 0.652747
0 0.744318 0.179162 0.0348433 0.0612256 0.651532
0 0.493205 0.190744 0.0216181 0.0372792 0.649719
0 0.182847 0.50832 0.0217283 0.0339921 0.649588
0 0.537656 0.706481 0.018416 0.0331021 0.645559
0 0.71616 0.142278 0.0209375 0.0385369 0.6442
0 0.234773 0.0981883 0.018658 0.0321826 0.643063
0 0.171513 0.911042 0.0269944 0.0464837 0.641553
0 0.414488 0.565026 0.0204912 0.0354092 0.636319
0 0.402018 0.449681 0.0193684 0.034177 0.634986
0 0.367469 0.682935 0.0184761 0.033696 0.633518
0 0.136543 0.832097 0.0188078 0.0378465 0.633277
0 0.306999 0.265738 0.0231664 0.0395376 0.632896
0 0.301144 0.701727 0.0237999 0.0493661 0.632554
0 0.384866 0.946073 0.0227061 0.0416494 0.630911
0 0.392155 0.113421 0.0167975 0.038139 0.629146
0 0.261978 0.0955349 0.0179378 0.0330716 0.628142
0 0.668687 0.211471 0.0186326 0.0360609 0.626256
0 0.377992 0.477212 0.0245316 0.0363992 0.624266
0 0.659369 0.75763 0.0193248 0.0353139 0.6218
0 0.56813 0.0778285 0.0164639 0.0330811 0.621003
0 0.379696 0.386967 0.0200482 0.0345145 0.619677
0 0.470725 0.891461 0.0152073 0.0270377 0.618276
0 0.669154 0.816471 0.0276047 0.0486938 0.616327
0 0.460327 0.292082 0.0253025 0.0364906 0.61631
0 0.150469 0.137511 0.0225528 0.0493198 0.614881
0 0.0352462 0.0881813 0.0198827 0.0268931 0.610417
0 0.0271015 0.8661 0.0202341 0.0405962 0.609909
0 0.754155 0.080916 0.0214177 0.0386788 0.60902
0 0.527211 0.0923165 0.0224902 0.032975 0.60627
0 0.519209 0.170729 0.02038 0.0343444 0.605255
0 0.116277 0.887478 0.0197926 0.0310876 0.604535
0 0.0672994 0.173655 0.0177515 0.0335475 0.601119
0 0.0915546 0.0630907 0.0215267 0.0314873 0.600177
0 0.458702 0.363756 0.0196359 0.0296102 0.599437
0 0.302681 0.335297 0.0197805 0.0322633 0.597216
0 0.0709826 0.105813 0.0207237 0.0333692 0.595858
0 0.961982 0.20758 0.0150019 0.0233709 0.595412
0 0.08707 0.885171 0.0187356 0.0324544 0.594509
0 0.926031 0.240379 0.0143003 0.0207222 0.59442
0 0.419529 0.847647 0.0144495 0.0283325 0.594276
0 0.112004 0.926322 0.0169915 0.029891 0.592249
0 0.0400431 0.483552 0.0267708 0.035652 0.588034
0 0.48446 0.142232 0.0197701 0.0297167 0.58776
0 0.226367 0.978886 0.0164815 0.0236286 0.587713
0 0.343317 0.239885 0.0228086 0.0475867 0.587646
0 0.597343 0.786982 0.025898 0.0328447 0.586351
0 0.155381 0.478461 0.0184633 0.0341365 0.586324
0 0.858733 0.278385 0.0137731 0.0196132 0.585007
0 0.340691 0.338316 0.0161732 0.0295984 0.584979
0 0.135235 0.91979 0.0176297 0.0298233 0.583859
0 0.960278 0.243647 0.0146015 0.0187868 0.582555
0 0.709601 0.39808 0.0244251 0.0449074 0.581788
0 0.6423 0.573949 0.019536 0.0347764 0.581747
0 0.244044 0.16295 0.0222029 0.0349491 0.581608
0 0.374187 0.823635 0.0209442 0.0340654 0.581344
0 0.595365 0.740664 0.0185017 0.0327671 0.580646
0 0.201535 0.942556 0.0150875 0.023164 0.578367
0 0.035092 0.720084 0.0158306 0.0259969 0.57745
0 0.741338 0.421241 0.0172058 0.0287797 0.576487
0 0.561315 0.174419 0.0198025 0.0375124 0.57604
0 0.513809 0.868116 0.0171835 0.0344442 0.576033
0 0.979774 0.230285 0.0148586 0.0181676 0.575858
0 0.245524 0.9446 0.014961 0.0213439 0.575199
0 0.576695 0.750233 0.0159798 0.0294093 0.573891
0 0.945822 0.187767 0.0147781 0.018559 0.572478
0 0.431053 0.214846 0.0212675 0.0345584 0.572447
0 0.668597 0.356691 0.0157708 0.0264258 0.570778
0 0.404194 0.377237 0.0162192 0.027191 0.569283
0 0.013544 0.688981 0.0261781 0.0431612 0.568962
0 0.904759 0.27704 0.0122598 0.0188989 0.568686
0 0.677426 0.38727 0.0172043 0.0297688 0.568166
0 0.118749 0.0330734 0.0258842 0.0487007 0.567968
0 0.199833 0.90226 0.0156436 0.0237976 0.567925
0 0.47209 0.331354 0.0183956 0.0258627 0.567913
0 0.0214345 0.0127479 0.019984 0.0249254 0.566925
0 0.2195 0.370609 0.0259059 0.0501194 0.565035
0 0.377976 0.776478 0.0220255 0.0355665 0.564826
0 0.444847 0.0138157 0.0258665 0.0276314 0.564336
0 0.262319 0.716175 0.0188576 0.0305132 0.56278
0 0.248971 0.75047 0.0202566 0.0359831 0.561743
0 0.486853 0.936305 0.0154533 0.0269385 0.561062
0 0.290086 0.302494 0.0149597 0.0249026 0.56028
0 0.89868 0.0534402 0.0140305 0.0222706 0.560206
0 0.264481 0.92107 0.0220652 0.0292555 0.559965
0 0.0868934 0.584201 0.0202234 0.0332945 0.558865
0 0.936968 0.320203 0.0129448 0.0206512 0.558684
0 0.197083 0.865448 0.0141789 0.0235708 0.558336
0 0.133019 0.644297 0.0153912 0.0260891 0.558031
0 0.616478 0.107377 0.0171755 0.0309254 0.557966
0 0.709338 0.504644 0.0169406 0.0392559 0.556635
0 0.334303 0.0541467 0.0248308 0.0405498 0.556266
0 0.421558 0.254409 0.0179209 0.0303563 0.554475
0 0.947782 0.154288 0.013192 0.0195187 0.552249
0 0.28428 0.196305 0.024028 0.0399216 0.551585
0 0.34757 0.545673 0.0316391 0.0523241 0.551184
0 0.606218 0.521425 0.0173901 0.0302082 0.550982
0 0.116924 0.526447 0.0195034 0.031514 0.55087
0 0.462312 0.815108 0.0160848 0.0262661 0.550637
0 0.220993 0.126791 0.0225044 0.0338347 0.549734
0 0.810617 0.377281 0.0139885 0.0234016 0.549193
0 0.889487 0.289712 0.0138046 0.0188654 0.548353
0 0.430869 0.707845 0.0266907 0.0546021 0.547918
0 0.128935 0.765023 0.0216747 0.0446775 0.547513
0 0.0447794 0.957013 0.0188058 0.0283308 0.547344
0 0.847162 0.0248065 0.0134281 0.0226976 0.547147
0 0.568733 0.589937 0.0217098 0.0369486 0.546676
0 0.897102 0.0884658 0.0136744 0.018182 0.545732
0 0.675408 0.0411563 0.0160653 0.0307313 0.54487
0 0.243472 0.346807 0.0214458 0.0335885 0.544561
0 0.00399659 0.0315091 0.00799319 0.0335113 0.544375
0 0.758984 0.257036 0.0135681 0.0365696 0.544245
0 0.609091 0.649272 0.0264775 0.0479752 0.544017
0 0.417605 0.0771268 0.0151662 0.0225232 0.54351
0 0.844841 0.0977824 0.014193 0.022736 0.542383
0 0.0833231 0.203993 0.0180641 0.0312212 0.541549
0 0.966464 0.137237 0.0151123 0.0219337 0.541414
0 0.57686 0.498194 0.0197739 0.0337722 0.539512
0 0.497053 0.62202 0.0164854 0.0271257 0.536517
0 0.0541613 0.841349 0.0248016 0.0412625 0.536304
0 0.430591 0.31526 0.0175171 0.0294456 0.535364
0 0.204223 0.978656 0.0153357 0.0223097 0.535222
0 0.117778 0.206947 0.019504 0.0349644 0.534945
0 0.602519 0.177397 0.0230719 0.0358977 0.534492
0 0.164574 0.598339 0.0164988 0.0292084 0.533731
0 0.942584 0.2216 0.0146999 0.0184137 0.533559
0 0.876246 0.265501 0.0129534 0.01901 0.532352
0 0.0172267 0.756554 0.0207399 0.0367333 0.531409
0 0.0174508 0.938437 0.0228561 0.0340082 0.530134
0 0.981756 0.194501 0.0145817 0.0206828 0.529404
0 0.327545 0.101373 0.0225224 0.0360234 0.529201
0 0.362143 0.143788 0.0326149 0.0507637 0.528093
0 0.877819 0.141237 0.0131304 0.019601 0.527266
0 0.140315 0.226991 0.0241541 0.0426362 0.525318
0 0.927903 0.201696 0.0135635 0.0219772 0.52474
0 0.220583 0.905969 0.0148181 0.021246 0.523855
0 0.868454 0.336108 0.0145874 0.0190794 0.523715
0 0.092379 0.550219 0.0195018 0.0301918 0.522656
0 0.860935 0.118783 0.0130005 0.0174084 0.521665
0 0.389047 0.901248 0.0159796 0.0275353 0.520224
0 0.011831 0.415885 0.0198203 0.0307888 0.520074
0 0.100948 0.854805 0.0192576 0.0350272 0.51846
0 0.393053 0.256571 0.0236902 0.0449466 0.517895
0 0.422213 0.420983 0.0170036 0.0288645 0.517567
0 0.965419 0.17168 0.0131722 0.019256 0.516879
0 0.939237 0.288885 0.0149746 0.0166275 0.51683
0 0.842471 0.134711 0.0150841 0.0217964 0.516289
0 0.848448 0.347401 0.0142727 0.0167728 0.514608
0 0.843268 0.420983 0.0148129 0.0221132 0.513237
0 0.864472 0.372453 0.0160517 0.0203732 0.51179
0 0.86447 0.04594 0.0141994 0.0214838 0.511567
0 0.118952 0.444537 0.0191877 0.0396467 0.510659
0 0.0670372 0.523475 0.019874 0.0356283 0.508077
0 0.880121 0.103451 0.0140903 0.0205332 0.507055
0 0.980157 0.262309 0.0144642 0.0209027 0.506835
0 0.319509 0.878239 0.0387186 0.0716036 0.506752
0 0.724586 0.583283 0.0320459 0.0521847 0.504551
0 0.9598 0.274377 0.0139206 0.0191005 0.503318
0 0.95599 0.338952 0.0140125 0.0217605 0.502784
0 0.690524 0.60616 0.0166617 0.0281908 0.502587
0 0.693447 0.298222 0.0204332 0.0342748 0.502089
0 0.383585 0.185106 0.0243547 0.0321676 0.50202
0 0.830511 0.362339 0.0128464 0.019173 0.501184
0 0.0217668 0.116019 0.019144 0.0319718 0.500582
0 0.764218 0.461379 0.0151453 0.0287572 0.499544
0 0.853339 0.315166 0.0128162 0.0224818 0.499108
0 0.888698 0.326396 0.0142008 0.0185454 0.497446
0 0.470023 0.722526 0.0176369 0.0315552 0.497065
0 0.88045 0.0657702 0.0144239 0.0187 0.496967
0 0.900936 0.0184656 0.0147507 0.0210805 0.494711
0 0.0974077 0.0131944 0.0176221 0.0259067 0.491247
0 0.830646 0.329621 0.0128727 0.0182671 0.490367
0 0.227938 0.458881 0.0293261 0.0342531 0.489664
0 0.89858 0.38136 0.0140413 0.0203001 0.488315
0 0.189266 0.751207 0.0149805 0.0214564 0.487954
0 0.0613151 0.894388 0.0258465 0.0412426 0.48674
0 0.0407553 0.693149 0.0157157 0.0253625 0.486578
0 0.814006 0.340404 0.0143818 0.0178587 0.485522
0 0.823574 0.235156 0.013792 0.0213857 0.485149
0 0.167316 0.155581 0.0182854 0.0336821 0.485135
0 0.971758 0.0292462 0.0143242 0.0217516 0.483812
0 0.222797 0.943245 0.0148464 0.0209028 0.483405
0 0.983799 0.157156 0.0131321 0.0207616 0.4831
0 0.883287 0.358414 0.01429 0.0208204 0.48297
0 0.0634517 0.985792 0.0213636 0.0275768 0.481739
0 0.542431 0.0637146 0.0148467 0.0272766 0.48081
0 0.928438 0.166811 0.0133427 0.018812 0.48061
0 0.0380646 0.905303 0.0172982 0.034649 0.480507
0 0.973817 0.329686 0.0139225 0.018958 0.479726
0 0.871701 0.299743 0.0124582 0.0168874 0.476707
0 0.164692 0.378515 0.0174088 0.031997 0.47662
0 0.818663 0.305643 0.0123932 0.0201269 0.476148
0 0.143712 0.417688 0.0246973 0.0381471 0.474089
0 0.970467 0.100048 0.0136459 0.0193698 0.473125
0 0.763696 0.492649 0.0134457 0.0276579 0.471545
0 0.932992 0.131238 0.0128365 0.0198638 0.470992
0 0.758441 0.979907 0.0225964 0.0378957 0.470282
0 0.827449 0.398854 0.0130032 0.0207247 0.469796
0 0.972265 0.358164 0.0138666 0.0206385 0.469414
0 0.910631 0.146357 0.0143762 0.017691 0.467876
0 0.269142 0.756328 0.0172805 0.0359918 0.467806
0 0.256013 0.296933 0.0172537 0.0309343 0.467455
0 0.192451 0.787112 0.0145723 0.0207974 0.466852
0 0.812688 0.0221797 0.0160797 0.0194809 0.463122
0 0.852886 0.24392 0.0172062 0.0195114 0.461766
0 0.657442 0.460461 0.0170417 0.0302699 0.461064
0 0.508207 0.595393 0.0224425 0.0316727 0.460508
0 0.200187 0.172479 0.0227245 0.037561 0.460489
0 0.957434 0.306468 0.0153179 0.0179684 0.459379
0 0.556467 0.0384136 0.0167482 0.0279155 0.459239
0 0.654287 0.392616 0.0160203 0.0271581 0.459114
0 0.451285 0.332077 0.013855 0.0225861 0.458682
0 0.17364 0.320504 0.0196743 0.0308921 0.457537
0 0.504474 0.494493 0.0201158 0.0343726 0.457175
0 0.258638 0.136743 0.0176168 0.027735 0.456508
0 0.0402684 0.751065 0.0165434 0.0299694 0.456048
0 0.135085 0.495466 0.0196356 0.0426353 0.455669
0 0.0792055 0.740996 0.0214431 0.0411241 0.455217
0 0.45663 0.0487653 0.0181496 0.032826 0.452163
0 0.727148 0.109196 0.0156059 0.0276046 0.451215
0 0.83843 0.291908 0.013126 0.0163901 0.45022
0 0.29268 0.15921 0.0158308 0.025146 0.44982
0 0.977907 0.293345 0.0135281 0.0188133 0.449771
0 0.95385 0.0424863 0.0123898 0.0203837 0.449673
0 0.71555 0.950158 0.0224679 0.0372 0.449469
0 0.343115 0.431339 0.0210443 0.0371896 0.449207
0 0.359385 0.302596 0.024078 0.0351452 0.448905
0 0.438165 0.394835 0.0224281 0.0314623 0.447795
0 0.539154 0.61507 0.0180676 0.0339634 0.445314
0 0.71848 0.33734 0.0168296 0.0303255 0.441569
0 0.824919 0.112718 0.0146837 0.0208606 0.440884
0 0.993635 0.312575 0.0127293 0.0185984 0.438176
0 0.0670429 0.66304 0.0139799 0.0274579 0.437195
0 0.902488 0.346723 0.01402 0.0180807 0.436782
0 0.360881 0.641187 0.0178995 0.0277986 0.434638
0 0.729316 0.00974608 0.0180712 0.0194432 0.433846
0 0.0491534 0.024822 0.0201046 0.0336524 0.433244
0 0.100994 0.42158 0.020052 0.0318312 0.432443
0 0.807744 0.413304 0.0138218 0.0206394 0.430665
0 0.486021 0.289501 0.0149313 0.0272677 0.430146
0 0.71572 0.222289 0.0150298 0.0273324 0.429379
0 0.922143 0.269684 0.0143534 0.0176297 0.42819
0 0.494779 0.449169 0.0173502 0.0286626 0.427621
0 0.940021 0.258371 0.0140594 0.0214033 0.426
0 0.0531453 0.801594 0.0191757 0.0281618 0.425567
0 0.552866 0.734849 0.0172085 0.0298472 0.422854
0 0.935156 0.0575175 0.013894 0.0198185 0.42197
0 0.909215 0.218857 0.0151108 0.0214187 0.421455
0 0.865408 0.0114477 0.0134926 0.0202289 0.420445
0 0.694454 0.0900614 0.0325038 0.0504333 0.420185
0 0.683314 0.744542 0.0206661 0.0396571 0.418602
0 0.921558 0.33368 0.0127323 0.017539 0.417917
0 0.127777 0.866036 0.0135907 0.0223792 0.417789
0 0.308152 0.183811 0.0141142 0.0268379 0.416387
0 0.247547 0.982652 0.0148183 0.0208757 0.415537
0 0.916688 0.300859 0.0124363 0.019844 0.415489
0 0.464354 0.983571 0.0202086 0.0318082 0.415
0 0.995626 0.212591 0.00874805 0.0189327 0.413609
0 0.0865684 0.242874 0.0165708 0.0265415 0.413263
0 0.916491 0.0749144 0.0141796 0.0161054 0.41282
0 0.916643 0.0376478 0.0127262 0.0176736 0.412651
0 0.119472 0.692882 0.0308377 0.0512021 0.411904
0 0.808398 0.090812 0.0136425 0.0199891 0.410504
0 0.894885 0.125326 0.0149952 0.0169043 0.410046
0 0.745156 0.298505 0.0323725 0.0415344 0.410014
0 0.440858 0.841482 0.024641 0.0491983 0.409626
0 0.276135 0.0106358 0.0188103 0.0210353 0.407688
0 0.614774 0.286126 0.0173473 0.0336591 0.40654
0 0.86788 0.536561 0.0159081 0.021138 0.405997
0 0.239614 0.820093 0.0202397 0.0327382 0.40572
0 0.0797147 0.838626 0.0202164 0.0305606 0.405201
0 0.059825 0.705451 0.0133188 0.0228461 0.402774
0 0.227023 0.713685 0.0299978 0.0507491 0.401306
0 0.100933 0.642325 0.0245144 0.0456284 0.398982
0 0.0908616 0.519931 0.0169018 0.0272695 0.39816
0 0.278397 0.670234 0.0210447 0.0385751 0.397889
0 0.51416 0.68381 0.018442 0.0337409 0.394158
0 0.862948 0.0823431 0.0148521 0.0181059 0.392405
0 0.091496 0.333597 0.0268618 0.0437318 0.391043
0 0.847624 0.385683 0.0129089 0.0183619 0.389646
0 0.318722 0.133583 0.0166044 0.026097 0.389549
0 0.0582001 0.450188 0.0145034 0.0423191 0.388587
0 0.489537 0.110837 0.0117849 0.0220178 0.387986
0 0.0361619 0.822539 0.0121723 0.0230465 0.387342
0 0.838978 0.257433 0.0123061 0.0198558 0.387063
0 0.95195 0.0802564 0.0132132 0.0192841 0.38531
0 0.91754 0.366469 0.014468 0.0190665 0.382305
0 0.0939188 0.123542 0.0187828 0.0309704 0.381052
0 0.710914 0.280563 0.0276511 0.0467954 0.37976
0 0.227997 0.509081 0.0230353 0.0363726 0.373995
0 0.845636 0.0641354 0.0146084 0.0208261 0.373963
0 0.778088 0.264323 0.0231499 0.0382416 0.370746
0 0.230377 0.310651 0.0274235 0.0375627 0.370713
0 0.20942 0.26975 0.0160373 0.0299448 0.368601
0 0.824345 0.439533 0.0154396 0.0234458 0.367683
0 0.88378 0.0337957 0.0141598 0.0176934 0.367623
0 0.418019 0.354817 0.0148623 0.0297721 0.366127
0 0.19906 0.328662 0.021287 0.0331524 0.363385
0 0.50251 0.130567 0.0149786 0.030679 0.363123
0 0.485939 0.740977 0.0175819 0.0290703 0.363016
0 0.0461669 0.210857 0.0151787 0.0307513 0.362743
0 0.1198 0.039867 0.0273579 0.037456 0.361841
0 0.667016 0.598376 0.0189288 0.0310045 0.360011
0 0.49402 0.904522 0.0175877 0.0318163 0.359605
0 0.0223142 0.0481312 0.0170964 0.0293412 0.35786
0 0.293766 0.800835 0.0245376 0.0550913 0.356529
0 0.0135409 0.904198 0.0224973 0.0314061 0.355273
0 0.739904 0.386684 0.0188658 0.0305513 0.355269
0 0.950966 0.117705 0.0132294 0.0184591 0.354706
0 0.830886 0.00754475 0.0135914 0.0143758 0.353184
0 0.904753 0.309076 0.0120754 0.0179584 0.351054
0 0.678557 0.172495 0.0171984 0.0195016 0.350682
0 0.933669 0.0939801 0.0132464 0.0193253 0.350406
0 0.274388 0.042641 0.0183217 0.0337097 0.349524
0 0.914324 0.112546 0.0135689 0.0183379 0.348786
0 0.850295 0.557006 0.0179604 0.0268956 0.348212
0 0.384481 0.561976 0.0253056 0.0376243 0.345694
0 0.0715144 0.792996 0.0112246 0.0227012 0.343706
0 0.935943 0.0214177 0.0135593 0.0195659 0.343519
0 0.858594 0.153582 0.0158445 0.0219695 0.343505
0 0.758357 0.434829 0.0124573 0.0210811 0.343105
0 0.823694 0.148796 0.0132515 0.0200042 0.34178
0 0.0945644 0.170696 0.0179871 0.0324073 0.340358
0 0.369061 0.61609 0.0182772 0.0278556 0.34015
0 0.245243 0.548862 0.0237439 0.0341773 0.337883
0 0.00236798 0.150436 0.00473163 0.0352473 0.336376
0 0.0408193 0.438393 0.018304 0.0300951 0.335945
0 0.291006 0.91068 0.0175686 0.0278137 0.335578
0 0.819406 0.269267 0.0141432 0.0209721 0.33544
0 0.40178 0.822176 0.016859 0.0310242 0.330309
0 0.236723 0.604578 0.0266446 0.0460228 0.330285
0 0.479207 0.964867 0.0189442 0.0274862 0.328581
0 0.636121 0.162117 0.0194355 0.0329421 0.328456
0 0.954469 0.00709342 0.0143101 0.0139775 0.328083
0 0.623178 0.346563 0.0169945 0.0332431 0.325359
0 0.425373 0.636524 0.0166201 0.0352183 0.323275
0 0.212975 0.790469 0.0138019 0.019273 0.323225
0 0.408986 0.934333 0.0197596 0.0377323 0.321521
0 0.432235 0.144506 0.0170628 0.0296205 0.319257
0 0.531881 0.760164 0.0172329 0.0294893 0.318709
0 0.507028 0.910637 0.0181082 0.0373567 0.31852
0 0.629309 0.625448 0.020417 0.0341032 0.317189
0 0.403582 0.489201 0.0158327 0.0273696 0.316665
0 0.38541 0.670806 0.0132991 0.0241981 0.316355
0 0.826779 0.0746748 0.0137768 0.0198943 0.31598
0 0.526952 0.00719389 0.0181922 0.0143878 0.315899
0 0.47298 0.011061 0.0171423 0.0213419 0.315099
0 0.0736155 0.631475 0.0143812 0.0249642 0.313312
0 0.455325 0.854141 0.0159185 0.0359719 0.312561
0 0.727433 0.535082 0.0208435 0.0276793 0.310024
0 0.986623 0.084538 0.0130056 0.02186 0.30972
0 0.691086 0.0918911 0.0252852 0.045222 0.308336
0 0.784164 0.368462 0.0119213 0.0282496 0.306487
0 0.207912 0.601023 0.0199282 0.0382399 0.30565
0 0.503277 0.0170798 0.0177156 0.0303842 0.304567
0 0.133708 0.603429 0.0152671 0.0313014 0.302963
0 0.373511 0.912321 0.0155393 0.0192309 0.299636
0 0.383121 0.31917 0.0155376 0.0295366 0.297664
0 0.36727 0.14576 0.0239003 0.0432567 0.296459
0 0.0670192 0.0574386 0.0176404 0.0272024 0.295614
0 0.739982 0.974408 0.0183798 0.0439562 0.290682
0 0.259603 0.296133 0.0225692 0.0387313 0.289696
0 0.282182 0.106326 0.0183024 0.032396 0.287999
0 0.882449 0.391573 0.0119448 0.0172548 0.28582
0 0.651411 0.244911 0.017976 0.0440535 0.285334
0 0.741576 0.252091 0.0126057 0.0251516 0.283933
0 0.195181 0.827798 0.0152097 0.0182166 0.283925
0 0.700674 0.560008 0.017341 0.0352451 0.283478
0 0.0113254 0.508572 0.0209835 0.0331043 0.282118
0 0.473517 0.263923 0.0138174 0.0202125 0.281924
0 0.504402 0.833937 0.0172739 0.032097 0.281142
0 0.675276 0.245588 0.0131681 0.0253008 0.279958
0 0.577727 0.0396333 0.0190102 0.0296344 0.279492
0 0.933193 0.357315 0.0142235 0.01886 0.279486
0 0.893796 0.163004 0.0140236 0.0179578 0.278549
0 0.152693 0.938111 0.012634 0.023831 0.278047
0 0.265495 0.287811 0.0257261 0.0416728 0.277581
0 0.444144 0.844957 0.0291842 0.0466651 0.276608
0 0.326198 0.24805 0.011581 0.0287409 0.27277
0 0.548227 0.00646421 0.0183763 0.0129284 0.271395
0 0.65549 0.0366917 0.0193964 0.0389064 0.271305
0 0.233881 0.310062 0.023198 0.0335129 0.271299
0 0.276951 0.978874 0.0241125 0.0384377 0.270882
0 0.450713 0.203033 0.0168929 0.0342684 0.268133
0 0.18916 0.431341 0.0187032 0.0316362 0.268032
0 0.448073 0.846949 0.0272161 0.0451416 0.267823
0 0.549679 0.286995 0.0198472 0.0325016 0.266324
0 0.615655 0.426676 0.0185351 0.0297786 0.266215
0 0.445784 0.985482 0.0146593 0.0281847 0.265522
0 0.423416 0.773435 0.0166485 0.0288418 0.26492
0 0.624135 0.383794 0.0230177 0.0358748 0.264882
0 0.544635 0.651254 0.0152883 0.0313026 0.264029
0 0.910375 0.185921 0.0134041 0.0156094 0.263536
0 0.954235 0.369751 0.0140167 0.0193601 0.26327
0 0.0842495 0.665215 0.0164502 0.0273658 0.263102
0 0.541371 0.371297 0.0160257 0.0276549 0.261006
0 0.497539 0.905556 0.0245619 0.0353146 0.260754
0 0.451405 0.848955 0.0216515 0.0431558 0.260415
0 0.366913 0.334532 0.0176581 0.0270471 0.259061
0 0.810547 0.0550601 0.01237 0.0206028 0.258137
0 0.826719 0.201855 0.0147846 0.0229045 0.257394
0 0.445418 0.914814 0.0207809 0.0257684 0.256655
0 0.192332 0.572878 0.0203364 0.0309308 0.256115
0 0.908403 0.253066 0.0126017 0.0185552 0.254846
0 0.0071844 0.603856 0.0141358 0.0531045 0.25475
0 0.142579 0.379992 0.0168815 0.0254246 0.252525
0 0.410133 0.0517704 0.0160402 0.0284844 0.251394
0 0.707266 0.910042 0.0219584 0.0386078 0.249265
0 0.828275 0.0444262 0.0137112 0.0205192 0.246265
0 0.400895 0.97721 0.0148075 0.0335639 0.24604
0 0.803628 0.448185 0.0143115 0.0229884 0.245193
0 0.775053 0.219817 0.0214592 0.0341448 0.24494
0 0.133869 0.328915 0.0146799 0.0240879 0.244714
0 0.351815 0.606059 0.0184095 0.0354466 0.243937
0 0.15676 0.0196356 0.0256338 0.0385481 0.243066
0 0.696732 0.708395 0.0202265 0.0395572 0.242877
0 0.178846 0.219987 0.0292173 0.0397653 0.241532
0 0.412428 0.896485 0.0151804 0.0256405 0.240797
0 0.470107 0.761399 0.0156664 0.0278415 0.24069
0 0.88707 0.523595 0.0167286 0.0241094 0.239638
0 0.583222 0.688498 0.0202358 0.033382 0.238802
0 0.0648208 0.897135 0.0202555 0.0371002 0.237434
0 0.00209285 0.77186 0.00418569 0.0470084 0.236753
0 0.217338 0.866977 0.0154861 0.0182492 0.236401
0 0.476617 0.422903 0.0174494 0.0255107 0.233313
0 0.665433 0.595266 0.0175891 0.0279834 0.232783
0 0.15752 0.0642509 0.0269281 0.0496524 0.232146
0 0.169946 0.568531 0.0133855 0.023959 0.230567
0 0.167183 0.411892 0.0152217 0.0251069 0.229911
0 0.473871 0.10557 0.0133083 0.0267443 0.22962
0 0.341377 0.0104428 0.018405 0.0204722 0.229495
0 0.0170233 0.801796 0.0215618 0.0367793 0.227563
0 0.0547125 0.447687 0.0188497 0.0413773 0.22576
0 0.749411 0.0220307 0.0161363 0.0331912 0.225411
0 0.413166 0.816817 0.0178909 0.0324944 0.224632
0 0.0398426 0.40635 0.0202585 0.023401 0.22335
0 0.0669791 0.145009 0.0169093 0.0185046 0.222398
0 0.66911 0.604237 0.0184658 0.0391233 0.221999
0 0.222558 0.320804 0.0143551 0.0307193 0.221733
0 0.111916 0.597607 0.0204436 0.0348436 0.220754
0 0.226493 0.314996 0.0223094 0.0410954 0.21912
0 0.025982 0.152328 0.0207524 0.0268841 0.21767
0 0.0658537 0.142279 0.0195369 0.0209582 0.217028
0 0.215431 0.82742 0.0154929 0.0118971 0.216681
0 0.4072 0.819987 0.0234492 0.0330424 0.216479
0 0.210389 0.60541 0.0171071 0.0322358 0.216098
0 0.666025 0.145249 0.017638 0.0380236 0.216043
0 0.0772727 0.423219 0.0221914 0.0359882 0.216024
0 0.102989 0.426272 0.0203311 0.0285645 0.214599
0 0.807311 0.213313 0.0159173 0.0230468 0.214562
0 0.477832 0.0567922 0.0181086 0.0275373 0.213881
0 0.645113 0.353008 0.0188199 0.029328 0.213092
0 0.299025 0.652954 0.0186933 0.0316546 0.212504
0 0.053085 0.129117 0.0155853 0.0265183 0.211129
0 0.986077 0.120579 0.0105141 0.0187365 0.210685
0 0.621772 0.207968 0.0183156 0.0250445 0.208216
0 0.201852 0.532825 0.0160953 0.0302674 0.204785
0 0.933037 0.39372 0.0153694 0.0189423 0.204505
0 0.504685 0.286192 0.0129087 0.0312126 0.200958
0 0.67375 0.244428 0.0147266 0.0215623 0.200664
0 0.807243 0.128248 0.0143702 0.0197397 0.199637
0 0.91875 0.00548285 0.0145641 0.0109657 0.198213
0 0.990037 0.0484794 0.01383 0.0196961 0.197576
0 0.447714 0.260628 0.0169498 0.0259734 0.195712
0 0.479393 0.499662 0.0181013 0.0260165 0.195235
0 0.484309 0.37842 0.0141424 0.0226742 0.195172
0 0.435832 0.0608265 0.0159065 0.0282482 0.194642
0 0.274265 0.877862 0.025654 0.0437297 0.193709
0 0.123333 0.684836 0.0265497 0.0355648 0.193467
0 0.299101 0.950252 0.0184299 0.0352508 0.193134
0 0.0693952 0.32121 0.0176601 0.0257142 0.19147
0 0.715668 0.62123 0.0263617 0.039823 0.190085
0 0.540202 0.0615284 0.0174465 0.030128 0.189965
0 0.245834 0.48027 0.0158269 0.0268091 0.189475
0 0.33615 0.137193 0.0147695 0.022475 0.188178
0 0.0394975 0.508825 0.0194075 0.0181375 0.187271
0 0.227841 0.426952 0.0291589 0.0311219 0.186059
0 0.536144 0.536109 0.0212957 0.0365761 0.183942
0 0.906121 0.307216 0.0127758 0.0190704 0.183852
0 0.501271 0.908806 0.0288866 0.0388512 0.183736
0 0.435546 0.35608 0.013382 0.031094 0.183191
0 0.526476 0.296009 0.0170094 0.02777 0.183143
0 0.636119 0.310609 0.0147697 0.023779 0.182977
0 0.168176 0.873268 0.0185609 0.0264041 0.18142
0 0.697668 0.0846158 0.0301572 0.043001 0.181274
0 0.714132 0.284622 0.0217293 0.040769 0.181097
0 0.645856 0.28814 0.0234148 0.0330396 0.180657
0 0.564838 0.649456 0.0194368 0.0343397 0.180126
0 0.411099 0.757669 0.01833 0.0333238 0.177934
0 0.0789924 0.698029 0.019588 0.0256125 0.177707
0 0.409415 0.413512 0.013929 0.0226936 0.176749
0 0.440402 0.400029 0.0248896 0.0378152 0.17621
0 0.170553 0.860709 0.0260907 0.0500512 0.17615
0 0.796287 0.387578 0.0121929 0.0182063 0.17584
0 0.538854 0.262594 0.0138073 0.02156 0.175728
0 0.419789 0.770138 0.017485 0.0302575 0.174722
0 0.655323 0.0426599 0.0188034 0.0303648 0.174569
0 0.211813 0.638346 0.0157558 0.0281796 0.17413
0 0.994849 0.279709 0.0103029 0.0176382 0.173092
0 0.532924 0.0367652 0.0180128 0.0226671 0.172189
0 0.608802 0.584585 0.0371253 0.0548618 0.17191
0 0.443112 0.905943 0.0254178 0.040038 0.171523
0 0.171829 0.852901 0.0266719 0.0449999 0.171305
0 0.741572 0.296156 0.0255688 0.0390478 0.170454
0 0.724291 0.0656751 0.0141146 0.0209229 0.170347
0 0.306703 0.429776 0.0139625 0.0208505 0.168663
0 0.490887 0.257743 0.0123502 0.0163565 0.168239
0 0.280845 0.727767 0.0143679 0.0269363 0.167636
0 0.151828 0.932592 0.0133716 0.0317647 0.167343
0 0.513266 0.432047 0.0179255 0.0272407 0.16615
0 0.129212 0.681912 0.0160236 0.0287749 0.165851
0 0.804216 0.163394 0.0140505 0.0183774 0.164509
0 0.734355 0.930642 0.0151111 0.0264723 0.164147
0 0.891135 0.196291 0.0152084 0.0196731 0.163934
0 0.730641 0.0407548 0.0190146 0.0296277 0.162813
0 0.436569 0.887884 0.0208965 0.0340973 0.162462
0 0.379205 0.0114166 0.0311601 0.0227538 0.162063
0 0.114353 0.336042 0.0171433 0.0311225 0.160698
0 0.776966 0.244365 0.0276066 0.0737273 0.160442
0 0.046411 0.660167 0.0161392 0.0243239 0.160303
0 0.00732335 0.727791 0.0137865 0.0261303 0.16023
0 0.373991 0.0110402 0.0206955 0.021682 0.158834
0 0.140414 0.580102 0.0113862 0.022762 0.15796
0 0.910656 0.22071 0.0142628 0.0198521 0.15703
0 0.43717 0.356053 0.0125622 0.0273975 0.156175
0 0.83637 0.488967 0.0161829 0.0296223 0.15453
0 0.433237 0.887321 0.0156368 0.0337284 0.154338
0 0.13624 0.501298 0.0187612 0.041022 0.154295
0 0.9951 0.248649 0.00979939 0.0177309 0.153485
0 0.0231645 0.150659 0.0231631 0.0270475 0.153406
0 0.17549 0.324311 0.0171014 0.0277412 0.152043
0 0.363697 0.641569 0.020586 0.0256713 0.151148
